Method;TargetClass;ATFD;ATSD;FDP;DIST_EC;DIST_TC;LOC_M;LOC_EC;LOC_TC
org.apache.velocity.runtime.directive.VelocimacroProxy.parseTree(java.lang.String[]);org.apache.velocity.util.StringUtils;0;0;0;0;0;0;0;0
org.apache.velocity.test.MultiLoaderTestCase.runTest();org.apache.velocity.app.Velocity;0;0;0;0;0;0;0;0
org.apache.velocity.runtime.parser.Parser.jj_scan_token(int);org.apache.velocity.runtime.parser.Token;1;3;2;0.9818181818181818;0.9090909090909091;24;3102;9
org.apache.velocity.runtime.parser.node.ASTDirective.init(java.lang.Object, org.apache.velocity.context.InternalContextAdapter);org.apache.velocity.runtime.directive.Directive;2;2;4;0.8666666666666667;0.8461538461538461;18;44;14
org.apache.velocity.util.introspection.IntrospectorBase.getMethod(java.lang.Class, java.lang.Object[], java.lang.String);org.apache.velocity.util.introspection.ClassMap;0;0;0;0;0;0;0;0
org.apache.velocity.runtime.parser.node.ASTEscapedDirective.render(java.io.Writer, org.apache.velocity.context.InternalContextAdapter);org.apache.velocity.runtime.parser.Token;1;0;2;1.0;0.875;4;13;9
org.apache.velocity.runtime.visitor.BaseVisitor.visit(java.lang.Object, org.apache.velocity.runtime.parser.node.ASTIdentifier);org.apache.velocity.runtime.parser.node.SimpleNode;1;0;1;1.0;1.0;4;142;129
org.apache.velocity.runtime.parser.node.BooleanPropertyExecutor.discover(java.lang.Class, java.lang.String);org.apache.velocity.util.introspection.Introspector;0;0;0;0;0;0;0;0
org.apache.velocity.runtime.parser.Parser.getNextToken();org.apache.velocity.runtime.parser.Token;0;2;2;0.9878048780487805;1.0;7;3102;9
org.apache.velocity.runtime.visitor.BaseVisitor.visit(java.lang.Object, org.apache.velocity.runtime.parser.node.ASTObjectArray);org.apache.velocity.runtime.parser.node.SimpleNode;1;0;1;1.0;1.0;4;142;129
org.apache.velocity.app.VelocityEngine.setExtendedProperties(org.apache.velocity.app.ExtendedProperties);org.apache.velocity.runtime.RuntimeInstance;0;0;0;0;0;0;0;0
org.apache.velocity.util.introspection.ClassMap.populateMethodCache();org.apache.velocity.util.introspection.MethodMap;1;3;1;0.7;0.9090909090909091;10;57;40
org.apache.velocity.runtime.resource.loader.JarResourceLoader.loadJar(java.lang.String);org.apache.velocity.runtime.resource.loader.ResourceLoader;0;0;0;0;0;0;0;0
org.apache.velocity.runtime.visitor.BaseVisitor.visit(java.lang.Object, org.apache.velocity.runtime.parser.node.ASTAssignment);org.apache.velocity.runtime.parser.node.SimpleNode;1;0;1;1.0;1.0;4;142;129
org.apache.velocity.runtime.resource.loader.JarResourceLoader.getResourceStream(java.lang.String);org.apache.velocity.runtime.resource.loader.JarHolder;1;2;3;0.8666666666666667;0.9285714285714286;24;63;62
org.apache.velocity.runtime.parser.node.ASTGTNode.evaluate(org.apache.velocity.context.InternalContextAdapter);org.apache.velocity.runtime.parser.node.SimpleNode;3;0;2;1.0;0.9;13;22;129
org.apache.velocity.runtime.parser.Parser.Word();org.apache.velocity.runtime.parser.JJTParserState;2;1;1;0.9940119760479041;0.9473684210526316;13;3102;74
org.apache.velocity.runtime.visitor.BaseVisitor.visit(java.lang.Object, org.apache.velocity.runtime.parser.node.ASTTrue);org.apache.velocity.runtime.parser.node.SimpleNode;1;0;1;1.0;1.0;4;142;129
org.apache.velocity.runtime.parser.node.ASTMethod.doIntrospection(java.lang.Class, java.lang.Object[], org.apache.velocity.context.InternalContextAdapter);org.apache.velocity.runtime.parser.node.SimpleNode;0;0;0;0;0;0;0;0
org.apache.velocity.runtime.parser.Parser.MultiplicativeExpression();org.apache.velocity.runtime.parser.JJTParserState;4;6;1;0.9653179190751445;0.8928571428571429;129;3102;74
org.apache.velocity.runtime.resource.ResourceManagerImpl.loadResource(int, java.lang.String, java.lang.String);org.apache.velocity.runtime.resource.loader.ResourceLoader;0;0;0;0;0;0;0;0
org.apache.velocity.runtime.parser.node.ASTLTNode.evaluate(org.apache.velocity.context.InternalContextAdapter);org.apache.velocity.runtime.parser.node.SimpleNode;3;0;2;1.0;0.9;13;22;129
org.apache.velocity.runtime.visitor.BaseVisitor.visit(java.lang.Object, org.apache.velocity.runtime.parser.node.SimpleNode);org.apache.velocity.runtime.parser.node.SimpleNode;1;0;1;1.0;1.0;4;142;129
org.apache.velocity.runtime.parser.Parser.False();org.apache.velocity.runtime.parser.JJTParserState;2;1;1;0.9940119760479041;0.9473684210526316;13;3102;74
org.apache.velocity.runtime.parser.node.SimpleNode.jjtClose();org.apache.velocity.runtime.parser.Parser;1;0;1;1.0;0.9938650306748467;3;129;3102
org.apache.velocity.texen.ant.TexenTask.execute();org.apache.velocity.exception.MethodInvocationException;3;7;4;0.7941176470588236;0.9;72;124;17
org.apache.velocity.runtime.directive.VelocimacroProxy.parseTree(java.lang.String[]);org.apache.velocity.runtime.parser.node.SimpleNode;0;0;0;0;0;0;0;0
org.apache.velocity.runtime.visitor.BaseVisitor.visit(java.lang.Object, org.apache.velocity.runtime.parser.node.ASTElseIfStatement);org.apache.velocity.runtime.parser.node.SimpleNode;1;0;1;1.0;1.0;4;142;129
org.apache.velocity.runtime.parser.node.ASTExpression.evaluate(org.apache.velocity.context.InternalContextAdapter);org.apache.velocity.runtime.parser.node.SimpleNode;1;0;1;1.0;0.962962962962963;3;15;129
org.apache.velocity.runtime.RuntimeInstance.initializeLogger();org.apache.velocity.runtime.log.PrimordialLogSystem;0;0;0;0;0;0;0;0
org.apache.velocity.runtime.resource.loader.DataSourceResourceLoader.isSourceModified(org.apache.velocity.runtime.resource.Resource);org.apache.velocity.runtime.resource.Resource;1;1;1;1.0;0.9090909090909091;3;97;54
org.apache.velocity.anakia.XPathTool.applyTo(java.lang.String, org.apache.velocity.anakia.Document);org.apache.velocity.anakia.XPathCache;0;0;0;0;0;0;0;0
org.apache.velocity.test.MultipleFileResourcePathTest.runTest();org.apache.velocity.runtime.RuntimeSingleton;0;0;0;0;0;0;0;0
org.apache.velocity.runtime.visitor.BaseVisitor.visit(java.lang.Object, org.apache.velocity.runtime.parser.node.ASTIfStatement);org.apache.velocity.runtime.parser.node.SimpleNode;1;0;1;1.0;1.0;4;142;129
org.apache.velocity.app.VelocityEngine.mergeTemplate(java.io.Writer, java.lang.String, java.lang.String, org.apache.velocity.context.Context);org.apache.velocity.Template;0;0;0;0;0;0;0;0
org.apache.velocity.context.VMContext.get(java.lang.String);org.apache.velocity.runtime.directive.VMProxyArg;1;4;1;0.84;0.9444444444444444;19;96;178
org.apache.velocity.test.ClassloaderChangeTest.runTest();org.apache.velocity.app.VelocityEngine;0;0;0;0;0;0;0;0
org.apache.velocity.runtime.parser.node.ASTGENode.evaluate(org.apache.velocity.context.InternalContextAdapter);org.apache.velocity.runtime.parser.node.SimpleNode;3;0;2;1.0;0.9;13;22;129
org.apache.velocity.runtime.parser.ParserTokenManager.TokenLexicalActions(org.apache.velocity.runtime.parser.Token);org.apache.velocity.runtime.parser.Token;2;16;1;0.8677685950413223;0.9375;112;2989;9
org.apache.velocity.app.VelocityEngine.setConfiguration(org.apache.velocity.runtime.configuration.Configuration);org.apache.velocity.runtime.RuntimeInstance;0;0;0;0;0;0;0;0
org.apache.velocity.runtime.parser.node.ASTExpression.value(org.apache.velocity.context.InternalContextAdapter);org.apache.velocity.runtime.parser.node.SimpleNode;1;0;1;1.0;0.962962962962963;3;15;129
org.apache.velocity.app.VelocityEngine.clearProperty(java.lang.String);org.apache.velocity.runtime.RuntimeInstance;0;0;0;0;0;0;0;0
org.apache.velocity.runtime.visitor.BaseVisitor.visit(java.lang.Object, org.apache.velocity.runtime.parser.node.ASTStringLiteral);org.apache.velocity.runtime.parser.node.SimpleNode;1;0;1;1.0;1.0;4;142;129
org.apache.velocity.runtime.parser.Parser.ElseStatement();org.apache.velocity.runtime.parser.JJTParserState;4;6;1;0.9680851063829787;0.9302325581395349;95;3102;74
org.apache.velocity.runtime.visitor.BaseVisitor.visit(java.lang.Object, org.apache.velocity.runtime.parser.node.ASTBlock);org.apache.velocity.runtime.parser.node.SimpleNode;1;0;1;1.0;1.0;4;142;129
org.apache.velocity.runtime.resource.loader.FileResourceLoader.getResourceStream(java.lang.String);org.apache.velocity.util.StringUtils;0;3;2;0.7692307692307692;1.0;26;72;206
org.apache.velocity.runtime.parser.node.ASTText.init(java.lang.Object, org.apache.velocity.context.InternalContextAdapter);org.apache.velocity.runtime.parser.node.NodeUtils;0;1;3;0.8;1.0;6;19;44
org.apache.velocity.runtime.directive.VMProxyArg.setObject(java.lang.Object, org.apache.velocity.context.InternalContextAdapter);org.apache.velocity.runtime.parser.node.ASTReference;1;7;2;0.5333333333333333;1.0;21;178;214
org.apache.velocity.runtime.parser.node.SimpleNode.literal();org.apache.velocity.runtime.parser.Token;1;0;1;1.0;0.8888888888888888;9;129;9
org.apache.velocity.runtime.parser.node.ASTMulNode.value(org.apache.velocity.context.InternalContextAdapter);org.apache.velocity.runtime.parser.node.SimpleNode;3;0;2;1.0;0.896551724137931;13;22;129
org.apache.velocity.runtime.parser.ParserTokenManager.SwitchTo(int);org.apache.velocity.runtime.parser.TokenMgrError;0;1;1;0.990909090909091;1.0;4;2989;59
org.apache.velocity.runtime.resource.loader.JarResourceLoader.init(org.apache.velocity.runtime.resource.loader.ExtendedProperties);org.apache.velocity.runtime.resource.loader.ResourceLoader;0;0;0;0;0;0;0;0
org.apache.velocity.runtime.parser.Parser.parse(java.io.Reader, java.lang.String);org.apache.velocity.runtime.parser.ParseException;2;3;4;0.9819277108433735;0.8;19;3102;98
org.apache.velocity.runtime.visitor.NodeViewMode.showNode(java.lang.Object, org.apache.velocity.runtime.parser.node.Node);org.apache.velocity.runtime.parser.Token;1;3;1;0.9318181818181819;0.9333333333333333;15;124;9
org.apache.velocity.test.ClasspathResourceTest.runTest();org.apache.velocity.test.BaseTestCase;1;0;3;1.0;0.8571428571428572;24;43;39
org.apache.velocity.test.IntrospectorTestCase2.runTest();org.apache.velocity.runtime.RuntimeSingleton;0;0;0;0;0;0;0;0
org.apache.velocity.runtime.parser.Parser.Expression();org.apache.velocity.runtime.parser.JJTParserState;4;8;1;0.9550561797752809;0.9142857142857143;57;3102;74
org.apache.velocity.runtime.parser.Parser.IfStatement();org.apache.velocity.runtime.parser.JJTParserState;4;9;1;0.9528795811518325;0.9387755102040817;133;3102;74
org.apache.velocity.texen.Generator.getTemplate(java.lang.String, java.lang.String);org.apache.velocity.app.Velocity;0;0;0;0;0;0;0;0
org.apache.velocity.runtime.resource.loader.DataSourceResourceLoader.init(org.apache.velocity.runtime.resource.loader.ExtendedProperties);org.apache.velocity.runtime.Runtime;0;5;1;0.6666666666666667;1.0;10;97;252
org.apache.velocity.anakia.AnakiaTask.process(java.io.File, java.io.File, java.lang.String, org.apache.velocity.anakia.Document);org.apache.velocity.app.VelocityEngine;0;0;0;0;0;0;0;0
org.apache.velocity.runtime.parser.node.ASTIdentifier.doIntrospection(java.lang.Class);org.apache.velocity.runtime.parser.node.AbstractExecutor;1;1;1;0.8333333333333334;0.6666666666666667;8;57;3
org.apache.velocity.runtime.visitor.BaseVisitor.visit(java.lang.Object, org.apache.velocity.runtime.parser.node.ASTLENode);org.apache.velocity.runtime.parser.node.SimpleNode;1;0;1;1.0;1.0;4;142;129
org.apache.velocity.util.introspection.ClassMap.findMethod(java.lang.Object[], java.lang.String);org.apache.velocity.util.introspection.MethodMap;1;2;1;0.8888888888888888;1.0;17;57;40
org.apache.velocity.runtime.directive.Include.renderOutput(java.io.Writer, org.apache.velocity.context.InternalContextAdapter, org.apache.velocity.runtime.parser.node.Node);org.apache.velocity.runtime.resource.Resource;2;0;2;1.0;0.8571428571428572;24;59;54
org.apache.velocity.runtime.parser.node.ASTIdentifier.execute(java.lang.Object, org.apache.velocity.context.InternalContextAdapter);org.apache.velocity.runtime.parser.node.SimpleNode;0;0;0;0;0;0;0;0
org.apache.velocity.runtime.parser.node.GetExecutor.execute(java.lang.Object, org.apache.velocity.context.InternalContextAdapter);org.apache.velocity.runtime.parser.node.AbstractExecutor;1;1;1;0.8333333333333334;0.8333333333333334;12;16;3
org.apache.velocity.runtime.directive.VMProxyArg.getObject(org.apache.velocity.context.InternalContextAdapter);org.apache.velocity.runtime.parser.node.SimpleNode;3;6;2;0.76;0.9534883720930233;62;178;129
org.apache.velocity.test.EncodingTestCase.runTest();org.apache.velocity.test.BaseTestCase;1;0;3;1.0;0.9166666666666666;18;34;39
org.apache.velocity.runtime.VelocimacroFactory.dumpVMNamespace(java.lang.String);org.apache.velocity.runtime.VelocimacroManager;1;0;1;1.0;0.9444444444444444;3;139;98
org.apache.velocity.runtime.parser.node.ASTReference.getRoot();org.apache.velocity.runtime.parser.node.SimpleNode;1;5;3;0.8148148148148149;0.9743589743589743;63;214;129
org.apache.velocity.test.MultiLoaderTestCase.runTest();org.apache.velocity.Template;1;0;3;1.0;1.0;24;45;74
org.apache.velocity.servlet.VelocityServlet.init(org.apache.velocity.servlet.ServletConfig);org.apache.velocity.runtime.RuntimeSingleton;0;0;0;0;0;0;0;0
org.apache.velocity.app.VelocityEngine.addProperty(java.lang.Object, java.lang.String);org.apache.velocity.runtime.RuntimeInstance;0;0;0;0;0;0;0;0
org.apache.velocity.runtime.parser.ParserTokenManager.getNextToken();org.apache.velocity.runtime.parser.TokenMgrError;0;19;2;0.8272727272727273;1.0;145;2989;59
org.apache.velocity.test.EncodingTestCase.runTest();org.apache.velocity.Template;1;0;3;1.0;1.0;18;34;74
org.apache.velocity.runtime.parser.Parser.process();org.apache.velocity.runtime.parser.JJTParserState;4;6;1;0.967741935483871;0.926829268292683;69;3102;74
org.apache.velocity.Template.initDocument();org.apache.velocity.context.InternalContextAdapterImpl;2;0;3;1.0;0.9047619047619048;10;74;64
org.apache.velocity.anakia.XPathTool.applyTo(java.lang.String, org.apache.velocity.anakia.Element);org.apache.velocity.anakia.XPathCache;0;0;0;0;0;0;0;0
org.apache.velocity.runtime.parser.node.ASTBlock.render(java.io.Writer, org.apache.velocity.context.InternalContextAdapter);org.apache.velocity.runtime.parser.node.SimpleNode;2;0;1;1.0;0.9259259259259259;5;14;129
org.apache.velocity.Template.process();org.apache.velocity.runtime.resource.Resource;3;2;4;0.8181818181818181;0.8;40;74;54
org.apache.velocity.runtime.parser.node.ASTIdentifier.doIntrospection(java.lang.Class);org.apache.velocity.runtime.parser.node.SimpleNode;0;0;0;0;0;0;0;0
org.apache.velocity.test.IntrospectorTestCase2.runTest();org.apache.velocity.util.introspection.Introspector;0;0;0;0;0;0;0;0
org.apache.velocity.runtime.visitor.BaseVisitor.visit(java.lang.Object, org.apache.velocity.runtime.parser.node.ASTAndNode);org.apache.velocity.runtime.parser.node.SimpleNode;1;0;1;1.0;1.0;4;142;129
org.apache.velocity.runtime.parser.Parser.ReInit(org.apache.velocity.runtime.parser.CharStream);org.apache.velocity.runtime.parser.JJTParserState;0;0;0;0;0;0;0;0
org.apache.velocity.test.IntrospectorTestCase.runTest();org.apache.velocity.runtime.RuntimeSingleton;0;0;0;0;0;0;0;0
org.apache.velocity.anakia.XPathTool.applyTo(java.lang.String, java.util.List);org.apache.velocity.anakia.XPathCache;0;0;0;0;0;0;0;0
org.apache.velocity.runtime.visitor.BaseVisitor.visit(java.lang.Object, org.apache.velocity.runtime.parser.node.ASTReference);org.apache.velocity.runtime.parser.node.SimpleNode;1;0;1;1.0;1.0;4;142;129
org.apache.velocity.runtime.resource.loader.DataSourceResourceLoader.readLastModified(java.lang.String, org.apache.velocity.runtime.resource.Resource);org.apache.velocity.runtime.resource.Resource;1;4;2;0.8571428571428572;0.9444444444444444;27;97;54
org.apache.velocity.runtime.parser.ParserTokenManager.jjFillToken();org.apache.velocity.runtime.parser.Token;6;1;1;0.9913793103448276;0.25;11;2989;9
org.apache.velocity.runtime.parser.node.ASTElseIfStatement.render(java.io.Writer, org.apache.velocity.context.InternalContextAdapter);org.apache.velocity.runtime.parser.node.SimpleNode;1;0;1;1.0;0.962962962962963;3;15;129
org.apache.velocity.runtime.parser.node.ASTNumberLiteral.init(java.lang.Object, org.apache.velocity.context.InternalContextAdapter);org.apache.velocity.runtime.parser.Token;1;1;2;0.8333333333333334;0.8888888888888888;5;17;9
org.apache.velocity.runtime.VelocimacroFactory.addVelocimacro(java.lang.String, java.lang.String, java.lang.String, java.lang.String[]);org.apache.velocity.runtime.VelocimacroManager;1;7;1;0.5;1.0;31;139;98
org.apache.velocity.test.CommonsExtPropTestCase.runTest();org.apache.velocity.test.BaseTestCase;0;0;0;0;0;0;0;0
org.apache.velocity.runtime.parser.node.ASTMethod.execute(java.lang.Object, org.apache.velocity.context.InternalContextAdapter);org.apache.velocity.app.event.EventCartridge;0;0;0;0;0;0;0;0
org.apache.velocity.runtime.parser.Parser.EscapedDirective();org.apache.velocity.runtime.parser.JJTParserState;2;2;2;0.9880952380952381;0.9523809523809523;17;3102;74
org.apache.velocity.runtime.RuntimeInstance.initializeLogger();org.apache.velocity.runtime.log.LogManager;0;0;0;0;0;0;0;0
org.apache.velocity.runtime.parser.node.ASTIntegerRange.value(org.apache.velocity.context.InternalContextAdapter);org.apache.velocity.runtime.parser.node.SimpleNode;3;0;2;1.0;0.9032258064516129;24;33;129
org.apache.velocity.runtime.visitor.BaseVisitor.visit(java.lang.Object, org.apache.velocity.runtime.parser.node.ASTGTNode);org.apache.velocity.runtime.parser.node.SimpleNode;1;0;1;1.0;1.0;4;142;129
org.apache.velocity.runtime.parser.Parser.jj_scan_token(int);org.apache.velocity.runtime.parser.ParserTokenManager;1;3;2;0.9818181818181818;0.9912280701754386;24;3102;2989
org.apache.velocity.app.VelocityEngine.mergeTemplate(java.io.Writer, java.lang.String, org.apache.velocity.context.Context);org.apache.velocity.runtime.RuntimeInstance;0;0;0;0;0;0;0;0
org.apache.velocity.runtime.RuntimeInstance.init();org.apache.velocity.runtime.VelocimacroFactory;0;0;0;0;0;0;0;0
org.apache.velocity.runtime.VelocimacroFactory.isVelocimacro(java.lang.String, java.lang.String);org.apache.velocity.runtime.VelocimacroManager;1;0;1;1.0;0.9444444444444444;6;139;98
org.apache.velocity.anakia.AnakiaTask.getRelativePath(java.lang.String);org.apache.velocity.util.StringUtils;1;0;1;1.0;1.0;11;169;206
org.apache.velocity.runtime.resource.loader.JarResourceLoader.loadJar(java.lang.String);org.apache.velocity.runtime.resource.loader.JarHolder;2;3;2;0.7857142857142857;0.8461538461538461;16;63;62
org.apache.velocity.texen.ant.TexenTask.execute();org.apache.velocity.util.StringUtils;0;7;4;0.7941176470588236;1.0;72;124;206
org.apache.velocity.runtime.resource.loader.JarResourceLoader.getResourceStream(java.lang.String);org.apache.velocity.runtime.resource.loader.ResourceLoader;0;0;0;0;0;0;0;0
org.apache.velocity.runtime.parser.Parser.Comment();org.apache.velocity.runtime.parser.JJTParserState;2;5;1;0.9704142011834319;0.96;27;3102;74
org.apache.velocity.runtime.visitor.VMReferenceMungeVisitor.visit(java.lang.Object, org.apache.velocity.runtime.parser.node.ASTReference);org.apache.velocity.runtime.parser.node.SimpleNode;0;0;0;0;0;0;0;0
org.apache.velocity.runtime.visitor.BaseVisitor.visit(java.lang.Object, org.apache.velocity.runtime.parser.node.ASTMulNode);org.apache.velocity.runtime.parser.node.SimpleNode;1;0;1;1.0;1.0;4;142;129
org.apache.velocity.test.ExternalLoggerTest.runTest();org.apache.velocity.app.VelocityEngine;0;0;0;0;0;0;0;0
org.apache.velocity.runtime.parser.Parser.ConditionalOrExpression();org.apache.velocity.runtime.parser.JJTParserState;4;6;1;0.9644970414201184;0.875;47;3102;74
org.apache.velocity.test.BaseTestCase.isMatch(java.lang.String, java.lang.String, java.lang.String, java.lang.String, java.lang.String);org.apache.velocity.util.StringUtils;0;1;1;0.75;1.0;5;39;206
org.apache.velocity.context.VMContext.addVMProxyArg(org.apache.velocity.runtime.directive.VMProxyArg);org.apache.velocity.runtime.directive.VMProxyArg;3;3;1;0.8846153846153846;0.8125;9;96;178
org.apache.velocity.runtime.visitor.BaseVisitor.visit(java.lang.Object, org.apache.velocity.runtime.parser.node.ASTSetDirective);org.apache.velocity.runtime.parser.node.SimpleNode;1;0;1;1.0;1.0;4;142;129
org.apache.velocity.runtime.parser.node.ASTMethod.init(java.lang.Object, org.apache.velocity.context.InternalContextAdapter);org.apache.velocity.runtime.parser.node.SimpleNode;2;3;2;0.7;0.967741935483871;7;74;129
org.apache.velocity.anakia.AnakiaTask.process(java.io.File, java.io.File, java.lang.String, org.apache.velocity.anakia.Document);org.apache.velocity.context.AbstractContext;0;0;0;0;0;0;0;0
org.apache.velocity.runtime.visitor.BaseVisitor.visit(java.lang.Object, org.apache.velocity.runtime.parser.node.ASTText);org.apache.velocity.runtime.parser.node.SimpleNode;1;0;1;1.0;1.0;4;142;129
org.apache.velocity.test.EventHandlingTestCase.runTest();org.apache.velocity.context.AbstractContext;0;0;0;0;0;0;0;0
org.apache.velocity.runtime.parser.node.ASTDirective.init(java.lang.Object, org.apache.velocity.context.InternalContextAdapter);org.apache.velocity.runtime.parser.Parser;2;2;4;0.8666666666666667;0.9883720930232558;18;44;3102
org.apache.velocity.util.introspection.Introspector.clearCache();org.apache.velocity.util.introspection.IntrospectorBase;0;0;0;0;0;0;0;0
org.apache.velocity.app.VelocityEngine.setConfiguration(org.apache.velocity.runtime.configuration.Configuration);org.apache.velocity.runtime.configuration.Configuration;0;0;0;0;0;0;0;0
org.apache.velocity.test.InlineScopeVMTestCase.runTest();org.apache.velocity.Template;1;0;3;1.0;1.0;24;40;74
org.apache.velocity.runtime.visitor.BaseVisitor.visit(java.lang.Object, org.apache.velocity.runtime.parser.node.ASTprocess);org.apache.velocity.runtime.parser.node.SimpleNode;1;0;1;1.0;1.0;4;142;129
org.apache.velocity.runtime.visitor.BaseVisitor.visit(java.lang.Object, org.apache.velocity.runtime.parser.node.ASTExpression);org.apache.velocity.runtime.parser.node.SimpleNode;1;0;1;1.0;1.0;4;142;129
org.apache.velocity.anakia.AnakiaTask.process(java.io.File, java.io.File, java.lang.String, org.apache.velocity.anakia.Document);org.apache.velocity.Template;0;0;0;0;0;0;0;0
org.apache.velocity.anakia.NodeList.selectNodes(java.lang.String);org.apache.velocity.anakia.XPathCache;0;0;0;0;0;0;0;0
org.apache.velocity.test.VelocityAppTestCase.runTest();org.apache.velocity.context.AbstractContext;1;3;2;0.6666666666666667;1.0;14;29;44
org.apache.velocity.test.ConfigurationTestCase.runTest();org.apache.velocity.runtime.configuration.Configuration;11;3;2;0.9;0.8450704225352113;56;82;638
org.apache.velocity.runtime.directive.VelocimacroProxy.getArgArray(org.apache.velocity.runtime.parser.node.Node);org.apache.velocity.runtime.parser.Token;1;1;1;0.96;0.9375;26;101;9
org.apache.velocity.servlet.VelocityServlet.getTemplate(java.lang.String, java.lang.String);org.apache.velocity.runtime.RuntimeSingleton;0;0;0;0;0;0;0;0
org.apache.velocity.runtime.directive.VelocimacroProxy.render(java.io.Writer, org.apache.velocity.context.InternalContextAdapter, org.apache.velocity.runtime.parser.node.Node);org.apache.velocity.runtime.parser.node.SimpleNode;2;4;4;0.8;1.0;23;101;129
org.apache.velocity.test.MultipleFileResourcePathTest.runTest();org.apache.velocity.Template;1;0;3;1.0;1.0;23;40;74
org.apache.velocity.runtime.parser.node.ASTModNode.value(org.apache.velocity.context.InternalContextAdapter);org.apache.velocity.runtime.parser.node.SimpleNode;3;0;2;1.0;0.896551724137931;17;26;129
org.apache.velocity.app.VelocityEngine.init(java.lang.String);org.apache.velocity.runtime.RuntimeInstance;0;0;0;0;0;0;0;0
org.apache.velocity.runtime.visitor.VMReferenceMungeVisitor.visit(java.lang.Object, org.apache.velocity.runtime.parser.node.ASTReference);org.apache.velocity.runtime.parser.node.ASTReference;0;0;0;0;0;0;0;0
org.apache.velocity.runtime.VelocimacroFactory.initVelocimacro();org.apache.velocity.runtime.VelocimacroManager;2;5;2;0.7916666666666666;0.9375;63;139;98
org.apache.velocity.Template.merge(java.io.Writer, org.apache.velocity.context.Context);org.apache.velocity.context.InternalContextAdapterImpl;3;1;4;0.9090909090909091;0.8636363636363636;22;74;64
org.apache.velocity.runtime.parser.node.ASTReference.getRoot();org.apache.velocity.runtime.parser.Token;1;5;3;0.8148148148148149;0.95;63;214;9
org.apache.velocity.test.ClasspathResourceTest.runTest();org.apache.velocity.Template;1;0;3;1.0;1.0;24;43;74
org.apache.velocity.app.VelocityEngine.getTemplate(java.lang.String, java.lang.String);org.apache.velocity.runtime.RuntimeInstance;0;0;0;0;0;0;0;0
org.apache.velocity.runtime.parser.Parser.Directive();org.apache.velocity.runtime.directive.Macro;1;9;7;0.9558823529411765;1.0;158;3102;65
org.apache.velocity.runtime.parser.Parser.SetDirective();org.apache.velocity.runtime.parser.JJTParserState;4;7;2;0.9597701149425287;0.9;53;3102;74
org.apache.velocity.runtime.directive.Foreach.init(org.apache.velocity.context.InternalContextAdapter, org.apache.velocity.runtime.parser.node.Node, org.apache.velocity.runtime.RuntimeServices);org.apache.velocity.runtime.parser.Token;0;0;0;0;0;0;0;0
org.apache.velocity.test.TemplateTestCase.setUp();org.apache.velocity.context.AbstractContext;1;3;2;0.8125;1.0;34;58;44
org.apache.velocity.runtime.RuntimeInstance.isVelocimacro(java.lang.String, java.lang.String);org.apache.velocity.runtime.VelocimacroFactory;0;0;0;0;0;0;0;0
org.apache.velocity.runtime.parser.node.ASTIdentifier.init(java.lang.Object, org.apache.velocity.context.InternalContextAdapter);org.apache.velocity.runtime.parser.Token;1;1;2;0.8571428571428572;0.8888888888888888;5;57;9
org.apache.velocity.runtime.parser.Parser.AdditiveExpression();org.apache.velocity.runtime.parser.JJTParserState;4;6;1;0.9649122807017544;0.8846153846153846;92;3102;74
org.apache.velocity.runtime.parser.node.ASTElseIfStatement.evaluate(org.apache.velocity.context.InternalContextAdapter);org.apache.velocity.runtime.parser.node.SimpleNode;1;0;1;1.0;0.962962962962963;3;15;129
org.apache.velocity.texen.ant.Texen.execute();org.apache.velocity.exception.MethodInvocationException;0;0;0;0;0;0;0;0
org.apache.velocity.runtime.parser.Parser.EqualityExpression();org.apache.velocity.runtime.parser.JJTParserState;4;6;1;0.9649122807017544;0.8846153846153846;92;3102;74
org.apache.velocity.runtime.parser.node.PropertyExecutor.discover(java.lang.Class, java.lang.String);org.apache.velocity.runtime.parser.node.AbstractExecutor;0;0;0;0;0;0;0;0
org.apache.velocity.runtime.resource.ResourceManagerImpl.loadResource(int, java.lang.String, java.lang.String);org.apache.velocity.runtime.resource.Resource;0;0;0;0;0;0;0;0
org.apache.velocity.runtime.parser.node.ASTMethod.execute(java.lang.Object, org.apache.velocity.context.InternalContextAdapter);org.apache.velocity.runtime.parser.node.SimpleNode;1;4;3;0.8571428571428572;0.9761904761904762;53;74;129
org.apache.velocity.runtime.resource.loader.DataSourceResourceLoader.readLastModified(java.lang.String, org.apache.velocity.runtime.resource.Resource);org.apache.velocity.runtime.Runtime;0;4;2;0.8571428571428572;1.0;27;97;252
org.apache.velocity.runtime.parser.Parser.ObjectArray();org.apache.velocity.runtime.parser.JJTParserState;4;6;1;0.9662921348314607;0.9090909090909091;63;3102;74
org.apache.velocity.runtime.parser.Parser.UnaryExpression();org.apache.velocity.runtime.parser.JJTParserState;4;8;1;0.9550561797752809;0.9142857142857143;65;3102;74
org.apache.velocity.runtime.resource.loader.JarResourceLoader.closeJar(java.lang.String);org.apache.velocity.runtime.resource.loader.JarHolder;1;1;1;0.9166666666666666;0.9;6;63;62
org.apache.velocity.runtime.parser.node.ASTIfStatement.render(java.io.Writer, org.apache.velocity.context.InternalContextAdapter);org.apache.velocity.runtime.parser.node.SimpleNode;2;0;1;1.0;0.9285714285714286;14;25;129
org.apache.velocity.runtime.parser.node.ASTReference.execute(java.lang.Object, org.apache.velocity.context.InternalContextAdapter);org.apache.velocity.exception.MethodInvocationException;2;3;3;0.9230769230769231;0.8181818181818181;20;214;17
org.apache.velocity.runtime.parser.Parser.Directive();org.apache.velocity.runtime.directive.Directive;1;9;7;0.9558823529411765;1.0;158;3102;14
org.apache.velocity.test.MultiLoaderTestCase.runTest();org.apache.velocity.test.BaseTestCase;1;0;3;1.0;0.8571428571428572;24;45;39
org.apache.velocity.runtime.parser.node.ASTSetDirective.init(java.lang.Object, org.apache.velocity.context.InternalContextAdapter);org.apache.velocity.runtime.parser.Token;1;5;3;0.6153846153846154;0.9375;8;46;9
org.apache.velocity.runtime.VelocimacroFactory.getVelocimacro(java.lang.String, java.lang.String);org.apache.velocity.runtime.resource.loader.ResourceLoader;0;0;0;0;0;0;0;0
org.apache.velocity.runtime.parser.Parser.True();org.apache.velocity.runtime.parser.JJTParserState;2;1;1;0.9940119760479041;0.9473684210526316;13;3102;74
org.apache.velocity.runtime.parser.node.ASTEQNode.evaluate(org.apache.velocity.context.InternalContextAdapter);org.apache.velocity.runtime.parser.node.SimpleNode;3;0;2;1.0;0.9;15;24;129
org.apache.velocity.runtime.VelocimacroFactory.getVelocimacro(java.lang.String, java.lang.String);org.apache.velocity.runtime.resource.Resource;0;0;0;0;0;0;0;0
org.apache.velocity.app.VelocityEngine.init();org.apache.velocity.runtime.RuntimeInstance;0;0;0;0;0;0;0;0
org.apache.velocity.test.MethodInvocationExceptionTest.runTest();org.apache.velocity.context.AbstractContext;1;0;3;1.0;1.0;77;99;44
org.apache.velocity.runtime.parser.node.ASTStringLiteral.value(org.apache.velocity.context.InternalContextAdapter);org.apache.velocity.runtime.parser.node.SimpleNode;2;3;2;0.75;1.0;19;35;129
org.apache.velocity.runtime.visitor.BaseVisitor.visit(java.lang.Object, org.apache.velocity.runtime.parser.node.ASTEQNode);org.apache.velocity.runtime.parser.node.SimpleNode;1;0;1;1.0;1.0;4;142;129
org.apache.velocity.runtime.directive.Include.init(org.apache.velocity.context.InternalContextAdapter, org.apache.velocity.runtime.parser.node.Node, org.apache.velocity.runtime.RuntimeServices);org.apache.velocity.runtime.directive.Directive;0;0;0;0;0;0;0;0
org.apache.velocity.runtime.parser.Parser.ReInit(org.apache.velocity.runtime.parser.CharStream);org.apache.velocity.runtime.parser.ParserTokenManager;0;0;0;0;0;0;0;0
org.apache.velocity.runtime.RuntimeInstance.parse(boolean, java.io.Reader, java.lang.String);org.apache.velocity.runtime.parser.Parser;0;0;0;0;0;0;0;0
org.apache.velocity.runtime.parser.node.ASTSetDirective.init(java.lang.Object, org.apache.velocity.context.InternalContextAdapter);org.apache.velocity.runtime.parser.node.SimpleNode;1;5;3;0.6153846153846154;1.0;8;46;129
org.apache.velocity.test.ContextSafetyTestCase.runTest();org.apache.velocity.runtime.RuntimeSingleton;0;0;0;0;0;0;0;0
org.apache.velocity.runtime.parser.node.ASTEscape.init(java.lang.Object, org.apache.velocity.context.InternalContextAdapter);org.apache.velocity.runtime.parser.node.SimpleNode;0;1;2;0.8;1.0;4;17;129
org.apache.velocity.runtime.visitor.BaseVisitor.visit(java.lang.Object, org.apache.velocity.runtime.parser.node.ASTSubtractNode);org.apache.velocity.runtime.parser.node.SimpleNode;1;0;1;1.0;1.0;4;142;129
org.apache.velocity.runtime.resource.ResourceManagerImpl.getResource(int, java.lang.String, java.lang.String);org.apache.velocity.runtime.resource.loader.ResourceLoader;0;0;0;0;0;0;0;0
org.apache.velocity.runtime.parser.node.ASTReference.init(java.lang.Object, org.apache.velocity.context.InternalContextAdapter);org.apache.velocity.runtime.parser.node.SimpleNode;3;6;3;0.7391304347826086;0.9428571428571428;11;214;129
org.apache.velocity.runtime.parser.Parser.Reference();org.apache.velocity.runtime.parser.JJTParserState;4;9;1;0.9476744186046512;0.9;82;3102;74
org.apache.velocity.runtime.parser.node.ASTMethod.init(java.lang.Object, org.apache.velocity.context.InternalContextAdapter);org.apache.velocity.runtime.parser.Token;1;3;2;0.7;0.9166666666666666;7;74;9
org.apache.velocity.Template.process();org.apache.velocity.runtime.parser.ParseException;1;2;4;0.8181818181818181;0.9230769230769231;40;74;98
org.apache.velocity.test.MethodInvocationExceptionTest.runTest();org.apache.velocity.exception.MethodInvocationException;3;0;3;1.0;0.625;77;99;17
org.apache.velocity.test.provider.TestProvider.showPerson(org.apache.velocity.test.provider.Person);org.apache.velocity.test.provider.Person;1;0;1;1.0;0.0;3;166;3
org.apache.velocity.runtime.visitor.BaseVisitor.visit(java.lang.Object, org.apache.velocity.runtime.parser.node.ASTDirective);org.apache.velocity.runtime.parser.node.SimpleNode;0;0;0;0;0;0;0;0
org.apache.velocity.Template.merge(java.io.Writer, org.apache.velocity.context.Context);org.apache.velocity.runtime.parser.node.SimpleNode;1;1;4;0.9090909090909091;1.0;22;74;129
org.apache.velocity.runtime.parser.Parser.Assignment();org.apache.velocity.runtime.parser.JJTParserState;4;3;1;0.9822485207100592;0.8571428571428572;37;3102;74
org.apache.velocity.runtime.parser.node.ASTNumberLiteral.init(java.lang.Object, org.apache.velocity.context.InternalContextAdapter);org.apache.velocity.runtime.parser.node.SimpleNode;1;1;2;0.8333333333333334;1.0;5;17;129
org.apache.velocity.runtime.parser.node.ASTLENode.evaluate(org.apache.velocity.context.InternalContextAdapter);org.apache.velocity.runtime.parser.node.SimpleNode;3;0;2;1.0;0.9;13;22;129
org.apache.velocity.runtime.parser.ParserTokenManager.getNextToken();org.apache.velocity.runtime.parser.Token;0;19;2;0.8272727272727273;1.0;145;2989;9
org.apache.velocity.runtime.directive.Foreach.getIterator(org.apache.velocity.context.InternalContextAdapter, org.apache.velocity.runtime.parser.node.Node);org.apache.velocity.runtime.parser.Token;1;0;4;1.0;0.9523809523809523;40;76;9
org.apache.velocity.runtime.parser.node.ASTDivNode.value(org.apache.velocity.context.InternalContextAdapter);org.apache.velocity.runtime.parser.node.SimpleNode;3;0;2;1.0;0.896551724137931;17;26;129
org.apache.velocity.Template.initDocument();org.apache.velocity.runtime.resource.Resource;2;0;3;1.0;0.8461538461538461;10;74;54
org.apache.velocity.runtime.visitor.BaseVisitor.visit(java.lang.Object, org.apache.velocity.runtime.parser.node.ASTLTNode);org.apache.velocity.runtime.parser.node.SimpleNode;1;0;1;1.0;1.0;4;142;129
org.apache.velocity.runtime.resource.loader.ClasspathResourceLoader.init(org.apache.velocity.runtime.resource.loader.ExtendedProperties);org.apache.velocity.runtime.resource.loader.ResourceLoader;0;0;0;0;0;0;0;0
org.apache.velocity.runtime.visitor.BaseVisitor.visit(java.lang.Object, org.apache.velocity.runtime.parser.node.ASTComment);org.apache.velocity.runtime.parser.node.SimpleNode;1;0;1;1.0;1.0;4;142;129
org.apache.velocity.runtime.parser.Parser.Directive();org.apache.velocity.runtime.parser.Token;1;9;7;0.9558823529411765;0.9821428571428571;158;3102;9
org.apache.velocity.test.ConfigurationTestCase.runTest();org.apache.velocity.test.BaseTestCase;1;3;2;0.9;0.967741935483871;56;82;39
org.apache.velocity.Template.process();org.apache.velocity.runtime.resource.loader.ResourceLoader;1;2;4;0.8181818181818181;1.0;40;74;20
org.apache.velocity.runtime.parser.Parser.ConditionalAndExpression();org.apache.velocity.runtime.parser.JJTParserState;4;6;1;0.9644970414201184;0.875;47;3102;74
org.apache.velocity.runtime.resource.ResourceManagerImpl.refreshResource(java.lang.String, org.apache.velocity.runtime.resource.Resource);org.apache.velocity.runtime.resource.Resource;0;0;0;0;0;0;0;0
org.apache.velocity.runtime.directive.Literal.init(org.apache.velocity.context.InternalContextAdapter, org.apache.velocity.runtime.parser.node.Node, org.apache.velocity.runtime.RuntimeServices);org.apache.velocity.runtime.directive.Directive;0;0;0;0;0;0;0;0
org.apache.velocity.runtime.parser.node.ASTEscape.init(java.lang.Object, org.apache.velocity.context.InternalContextAdapter);org.apache.velocity.runtime.parser.Token;1;1;2;0.8;0.875;4;17;9
org.apache.velocity.texen.ant.Texen.execute();org.apache.velocity.util.StringUtils;0;0;0;0;0;0;0;0
org.apache.velocity.runtime.directive.Foreach.init(org.apache.velocity.context.InternalContextAdapter, org.apache.velocity.runtime.parser.node.Node, org.apache.velocity.runtime.RuntimeServices);org.apache.velocity.runtime.directive.Directive;0;0;0;0;0;0;0;0
org.apache.velocity.runtime.parser.Parser.jj_ntk();org.apache.velocity.runtime.parser.ParserTokenManager;1;1;2;0.9939393939393939;0.9910714285714286;4;3102;2989
org.apache.velocity.runtime.RuntimeInstance.loadDirective(java.lang.String, java.lang.String);org.apache.velocity.runtime.directive.Directive;0;0;0;0;0;0;0;0
org.apache.velocity.test.MethodInvocationExceptionTest.runTest();org.apache.velocity.app.Velocity;1;0;3;1.0;1.0;77;99;135
org.apache.velocity.app.VelocityEngine.evaluate(java.io.Reader, java.io.Writer, java.lang.String, org.apache.velocity.context.Context);org.apache.velocity.context.InternalContextAdapterImpl;0;0;0;0;0;0;0;0
org.apache.velocity.runtime.visitor.BaseVisitor.visit(java.lang.Object, org.apache.velocity.runtime.parser.node.ASTModNode);org.apache.velocity.runtime.parser.node.SimpleNode;1;0;1;1.0;1.0;4;142;129
org.apache.velocity.texen.ant.Texen.execute();org.apache.velocity.texen.Generator;0;0;0;0;0;0;0;0
org.apache.velocity.runtime.parser.Parser.parse(java.io.Reader, java.lang.String);org.apache.velocity.util.StringUtils;0;3;4;0.9819277108433735;1.0;19;3102;206
org.apache.velocity.anakia.AnakiaTask.execute();org.apache.velocity.app.VelocityEngine;0;0;0;0;0;0;0;0
org.apache.velocity.test.ClassloaderChangeTest.logVelocityMessage(int, java.lang.String);org.apache.velocity.util.introspection.Introspector;0;0;0;0;0;0;0;0
org.apache.velocity.texen.Generator.parse(java.lang.Object, java.lang.String, java.lang.String, java.lang.String, java.lang.String, java.lang.String);org.apache.velocity.Template;0;0;0;0;0;0;0;0
org.apache.velocity.test.VelocityAppTestCase.runTest();org.apache.velocity.app.Velocity;1;3;2;0.6666666666666667;1.0;14;29;135
org.apache.velocity.runtime.parser.Parser.Identifier();org.apache.velocity.runtime.parser.JJTParserState;2;1;1;0.9940119760479041;0.9473684210526316;13;3102;74
org.apache.velocity.runtime.parser.Parser.Directive();org.apache.velocity.runtime.parser.ParserTokenManager;3;9;7;0.9558823529411765;0.9808917197452229;158;3102;2989
org.apache.velocity.runtime.parser.node.ASTReference.literal();org.apache.velocity.runtime.parser.node.SimpleNode;0;0;0;0;0;0;0;0
org.apache.velocity.app.VelocityEngine.info(java.lang.Object);org.apache.velocity.runtime.RuntimeInstance;0;0;0;0;0;0;0;0
org.apache.velocity.test.MiscTestCase.runTest();org.apache.velocity.util.StringUtils;0;0;0;0;0;0;0;0
org.apache.velocity.test.InlineScopeVMTestCase.runTest();org.apache.velocity.runtime.RuntimeSingleton;0;0;0;0;0;0;0;0
org.apache.velocity.test.ContextSafetyTestCase.runTest();org.apache.velocity.context.AbstractContext;1;0;4;1.0;1.0;33;48;44
org.apache.velocity.runtime.directive.Parse.render(java.io.Writer, org.apache.velocity.context.InternalContextAdapter, org.apache.velocity.runtime.parser.node.Node);org.apache.velocity.runtime.resource.Resource;2;0;3;1.0;0.9047619047619048;41;47;54
org.apache.velocity.app.VelocityEngine.error(java.lang.Object);org.apache.velocity.runtime.RuntimeInstance;0;0;0;0;0;0;0;0
org.apache.velocity.runtime.visitor.BaseVisitor.visit(java.lang.Object, org.apache.velocity.runtime.parser.node.ASTDivNode);org.apache.velocity.runtime.parser.node.SimpleNode;1;0;1;1.0;1.0;4;142;129
org.apache.velocity.Template.merge(java.io.Writer, org.apache.velocity.context.Context);org.apache.velocity.runtime.resource.Resource;2;1;4;0.9090909090909091;0.8666666666666667;22;74;54
org.apache.velocity.app.VelocityEngine.debug(java.lang.Object);org.apache.velocity.runtime.RuntimeInstance;0;0;0;0;0;0;0;0
org.apache.velocity.runtime.directive.VelocimacroProxy.render(java.io.Writer, org.apache.velocity.context.InternalContextAdapter, org.apache.velocity.runtime.parser.node.Node);org.apache.velocity.util.StringUtils;0;4;4;0.8;1.0;23;101;206
org.apache.velocity.runtime.directive.Include.renderOutput(java.io.Writer, org.apache.velocity.context.InternalContextAdapter, org.apache.velocity.runtime.parser.node.Node);org.apache.velocity.runtime.directive.Directive;0;0;0;0;0;0;0;0
org.apache.velocity.runtime.parser.node.ASTReference.render(java.io.Writer, org.apache.velocity.context.InternalContextAdapter);org.apache.velocity.app.event.EventCartridge;0;0;0;0;0;0;0;0
org.apache.velocity.runtime.parser.Parser.jj_consume_token(int);org.apache.velocity.runtime.parser.ParserTokenManager;1;8;2;0.9515151515151515;0.9915966386554622;23;3102;2989
org.apache.velocity.test.VelocimacroTestCase.runTest();org.apache.velocity.app.Velocity;0;0;0;0;0;0;0;0
org.apache.velocity.runtime.parser.node.SimpleNode.getColumn();org.apache.velocity.runtime.parser.Token;1;0;1;1.0;0.8571428571428572;3;129;9
org.apache.velocity.runtime.directive.Foreach.getIterator(org.apache.velocity.context.InternalContextAdapter, org.apache.velocity.runtime.parser.node.Node);org.apache.velocity.runtime.directive.Directive;2;0;4;1.0;0.8823529411764706;40;76;14
org.apache.velocity.runtime.parser.node.ASTStringLiteral.init(java.lang.Object, org.apache.velocity.context.InternalContextAdapter);org.apache.velocity.runtime.parser.node.SimpleNode;1;3;3;0.7857142857142857;1.0;7;35;129
org.apache.velocity.runtime.VelocimacroFactory.getVelocimacro(java.lang.String, java.lang.String);org.apache.velocity.runtime.VelocimacroManager;1;1;1;0.9285714285714286;0.9473684210526316;8;139;98
org.apache.velocity.test.InlineScopeVMTestCase.runTest();org.apache.velocity.test.BaseTestCase;1;0;3;1.0;0.9166666666666666;24;40;39
org.apache.velocity.runtime.parser.Parser.Method();org.apache.velocity.runtime.parser.JJTParserState;4;7;1;0.9608938547486033;0.9142857142857143;64;3102;74
org.apache.velocity.runtime.resource.ResourceManagerImpl.getResource(int, java.lang.String, java.lang.String);org.apache.velocity.runtime.resource.Resource;0;0;0;0;0;0;0;0
org.apache.velocity.runtime.resource.ResourceManagerImpl.initialize(org.apache.velocity.runtime.RuntimeServices);org.apache.velocity.runtime.resource.loader.ResourceLoaderFactory;0;0;0;0;0;0;0;0
org.apache.velocity.runtime.parser.node.ASTSetDirective.getLeftHandSide();org.apache.velocity.runtime.parser.node.SimpleNode;1;0;1;1.0;0.962962962962963;3;46;129
org.apache.velocity.runtime.directive.VMProxyArg.setup();org.apache.velocity.util.StringUtils;0;4;3;0.84;1.0;55;178;206
org.apache.velocity.app.VelocityEngine.mergeTemplate(java.io.Writer, java.lang.String, java.lang.String, org.apache.velocity.context.Context);org.apache.velocity.runtime.RuntimeInstance;0;0;0;0;0;0;0;0
org.apache.velocity.runtime.resource.loader.DataSourceResourceLoader.closeDbConnection(java.sql.Connection);org.apache.velocity.runtime.Runtime;0;0;1;1.0;1.0;8;97;252
org.apache.velocity.test.TemplateTestCase.runTest();org.apache.velocity.test.BaseTestCase;1;1;3;0.9375;0.9230769230769231;17;58;39
org.apache.velocity.Template.initDocument();org.apache.velocity.runtime.parser.node.SimpleNode;1;0;3;1.0;1.0;10;74;129
org.apache.velocity.test.EventHandlingTestCase.runTest();org.apache.velocity.app.event.EventCartridge;0;0;0;0;0;0;0;0
org.apache.velocity.texen.ant.Texen.execute();org.apache.velocity.app.Velocity;0;0;0;0;0;0;0;0
org.apache.velocity.runtime.parser.Parser.parse(java.io.Reader, java.lang.String);org.apache.velocity.runtime.parser.VelocityCharStream;0;0;0;0;0;0;0;0
org.apache.velocity.servlet.VelocityServlet.initVelocity(org.apache.velocity.servlet.ServletConfig);org.apache.velocity.app.Velocity;0;0;0;0;0;0;0;0
org.apache.velocity.runtime.visitor.BaseVisitor.visit(java.lang.Object, org.apache.velocity.runtime.parser.node.ASTAddNode);org.apache.velocity.runtime.parser.node.SimpleNode;1;0;1;1.0;1.0;4;142;129
org.apache.velocity.runtime.visitor.BaseVisitor.visit(java.lang.Object, org.apache.velocity.runtime.parser.node.ASTGENode);org.apache.velocity.runtime.parser.node.SimpleNode;1;0;1;1.0;1.0;4;142;129
org.apache.velocity.test.ContextSafetyTestCase.runTest();org.apache.velocity.test.BaseTestCase;1;0;4;1.0;0.9285714285714286;33;48;39
org.apache.velocity.runtime.parser.node.ASTNENode.evaluate(org.apache.velocity.context.InternalContextAdapter);org.apache.velocity.runtime.parser.node.SimpleNode;3;0;2;1.0;0.9;15;24;129
org.apache.velocity.runtime.parser.node.ASTNotNode.evaluate(org.apache.velocity.context.InternalContextAdapter);org.apache.velocity.runtime.parser.node.SimpleNode;1;0;1;1.0;0.962962962962963;4;13;129
org.apache.velocity.servlet.VelocityServlet.mergeTemplate(org.apache.velocity.context.Context, org.apache.velocity.servlet.HttpServletResponse, org.apache.velocity.Template);org.apache.velocity.io.VelocityWriter;2;0;3;1.0;0.9130434782608696;24;108;117
org.apache.velocity.runtime.resource.loader.FileResourceLoader.getResourceStream(java.lang.String);org.apache.velocity.runtime.resource.loader.ResourceLoader;0;0;0;0;0;0;0;0
org.apache.velocity.runtime.parser.node.ASTSetDirective.render(java.io.Writer, org.apache.velocity.context.InternalContextAdapter);org.apache.velocity.runtime.parser.node.ASTReference;1;3;3;0.8125;1.0;23;46;214
org.apache.velocity.anakia.AnakiaElement.selectNodes(java.lang.String);org.apache.velocity.anakia.XPathCache;0;0;0;0;0;0;0;0
org.apache.velocity.runtime.parser.node.ASTText.init(java.lang.Object, org.apache.velocity.context.InternalContextAdapter);org.apache.velocity.runtime.parser.node.SimpleNode;0;1;3;0.8;1.0;6;19;129
org.apache.velocity.runtime.parser.Parser.RelationalExpression();org.apache.velocity.runtime.parser.JJTParserState;4;6;1;0.9657142857142857;0.9;166;3102;74
org.apache.velocity.runtime.RuntimeInstance.log(int, java.lang.Object);org.apache.velocity.util.StringUtils;0;0;0;0;0;0;0;0
org.apache.velocity.runtime.directive.Foreach.getIterator(org.apache.velocity.context.InternalContextAdapter, org.apache.velocity.runtime.parser.node.Node);org.apache.velocity.util.introspection.IntrospectionCacheData;2;0;4;1.0;0.8666666666666667;40;76;0
org.apache.velocity.runtime.parser.node.ASTStringLiteral.init(java.lang.Object, org.apache.velocity.context.InternalContextAdapter);org.apache.velocity.runtime.parser.Token;1;3;3;0.7857142857142857;0.9411764705882353;7;35;9
org.apache.velocity.runtime.parser.Parser.IntegerRange();org.apache.velocity.runtime.parser.JJTParserState;4;7;1;0.96;0.9032258064516129;95;3102;74
org.apache.velocity.runtime.VelocimacroFactory.initVelocimacro();org.apache.velocity.runtime.resource.Resource;0;0;0;0;0;0;0;0
org.apache.velocity.runtime.directive.VelocimacroProxy.init(org.apache.velocity.context.InternalContextAdapter, org.apache.velocity.runtime.parser.node.Node, org.apache.velocity.runtime.RuntimeServices);org.apache.velocity.runtime.directive.Directive;0;0;0;0;0;0;0;0
org.apache.velocity.runtime.parser.node.ASTEscapedDirective.render(java.io.Writer, org.apache.velocity.context.InternalContextAdapter);org.apache.velocity.runtime.parser.node.SimpleNode;0;0;2;1.0;1.0;4;13;129
org.apache.velocity.runtime.resource.ResourceManagerImpl.loadResource(int, java.lang.String, java.lang.String);org.apache.velocity.runtime.resource.ResourceFactory;0;0;0;0;0;0;0;0
org.apache.velocity.runtime.parser.Parser.jj_consume_token(int);org.apache.velocity.runtime.parser.Token;1;8;2;0.9515151515151515;0.9375;23;3102;9
org.apache.velocity.runtime.parser.Parser.Directive();org.apache.velocity.runtime.parser.JJTParserState;4;9;7;0.9558823529411765;0.9516129032258065;158;3102;74
org.apache.velocity.runtime.RuntimeInstance.createNewParser();org.apache.velocity.runtime.parser.Parser;0;0;0;0;0;0;0;0
org.apache.velocity.runtime.parser.node.ASTReference.setValue(java.lang.Object, org.apache.velocity.context.InternalContextAdapter);org.apache.velocity.util.introspection.Introspector;0;0;0;0;0;0;0;0
org.apache.velocity.runtime.directive.VelocimacroProxy.parseTree(java.lang.String[]);org.apache.velocity.runtime.directive.Directive;0;0;0;0;0;0;0;0
org.apache.velocity.app.VelocityEngine.evaluate(java.io.InputStream, java.io.Writer, java.lang.String, org.apache.velocity.context.Context);org.apache.velocity.runtime.RuntimeInstance;0;0;0;0;0;0;0;0
org.apache.velocity.test.ClasspathResourceTest.runTest();org.apache.velocity.runtime.RuntimeSingleton;0;0;0;0;0;0;0;0
org.apache.velocity.runtime.directive.VMProxyArg.setup();org.apache.velocity.runtime.parser.node.SimpleNode;3;4;3;0.84;0.9512195121951219;55;178;129
org.apache.velocity.runtime.parser.Parser.EscapedDirective();org.apache.velocity.runtime.parser.Token;1;2;2;0.9880952380952381;0.9230769230769231;17;3102;9
org.apache.velocity.test.IntrospectorTestCase.runTest();org.apache.velocity.util.introspection.Introspector;1;4;1;0.8181818181818181;1.0;54;87;27
org.apache.velocity.runtime.visitor.BaseVisitor.visit(java.lang.Object, org.apache.velocity.runtime.parser.node.ASTElseStatement);org.apache.velocity.runtime.parser.node.SimpleNode;1;0;1;1.0;1.0;4;142;129
org.apache.velocity.runtime.directive.VelocimacroProxy.setupProxyArgs(int[], java.lang.String[]);org.apache.velocity.runtime.directive.Directive;0;0;0;0;0;0;0;0
org.apache.velocity.test.AnakiaTestCase.runTest();org.apache.velocity.test.BaseTestCase;1;0;1;1.0;0.8;13;19;39
org.apache.velocity.runtime.parser.Parser.Escape();org.apache.velocity.runtime.parser.JJTParserState;2;4;3;0.9771428571428571;0.9666666666666667;40;3102;74
org.apache.velocity.test.TemplateTestCase.runTest();org.apache.velocity.Template;1;1;3;0.9375;1.0;17;58;74
org.apache.velocity.runtime.parser.Parser.getToken(int);org.apache.velocity.runtime.parser.Token;0;1;2;0.9939024390243902;1.0;8;3102;9
org.apache.velocity.runtime.parser.node.ASTReference.init(java.lang.Object, org.apache.velocity.context.InternalContextAdapter);org.apache.velocity.runtime.parser.Token;1;6;3;0.7391304347826086;0.9411764705882353;11;214;9
org.apache.velocity.texen.ant.TexenTask.execute();org.apache.velocity.texen.Generator;4;7;4;0.7941176470588236;0.9047619047619048;72;124;128
org.apache.velocity.runtime.resource.ResourceManagerImpl.getLoaderNameForResource(java.lang.String);org.apache.velocity.runtime.resource.loader.ResourceLoader;0;0;0;0;0;0;0;0
org.apache.velocity.runtime.resource.loader.JarResourceLoader.getResourceStream(java.lang.String);org.apache.velocity.util.StringUtils;0;2;3;0.8666666666666667;1.0;24;63;206
org.apache.velocity.runtime.parser.node.ASTSetDirective.render(java.io.Writer, org.apache.velocity.context.InternalContextAdapter);org.apache.velocity.runtime.parser.node.SimpleNode;4;3;3;0.8125;0.8787878787878788;23;46;129
org.apache.velocity.runtime.parser.Parser.parse(java.io.Reader, java.lang.String);org.apache.velocity.runtime.parser.ParserTokenManager;1;3;4;0.9819277108433735;0.991304347826087;19;3102;2989
org.apache.velocity.runtime.parser.Parser.ReInit(org.apache.velocity.runtime.parser.ParserTokenManager);org.apache.velocity.runtime.parser.JJTParserState;1;4;1;0.975609756097561;0.9473684210526316;9;3102;74
org.apache.velocity.app.VelocityEngine.setProperty(java.lang.Object, java.lang.String);org.apache.velocity.runtime.RuntimeInstance;0;0;0;0;0;0;0;0
org.apache.velocity.test.TemplateTestCase.runTest();org.apache.velocity.runtime.RuntimeSingleton;0;0;0;0;0;0;0;0
org.apache.velocity.runtime.resource.loader.FileResourceLoader.init(org.apache.velocity.runtime.resource.loader.ExtendedProperties);org.apache.velocity.runtime.resource.loader.ResourceLoader;0;0;0;0;0;0;0;0
org.apache.velocity.app.VelocityEngine.evaluate(java.io.Reader, java.io.Writer, java.lang.String, org.apache.velocity.context.Context);org.apache.velocity.runtime.parser.node.SimpleNode;0;0;0;0;0;0;0;0
org.apache.velocity.runtime.resource.Resource.isSourceModified();org.apache.velocity.runtime.resource.loader.ResourceLoader;1;0;1;1.0;1.0;3;54;20
org.apache.velocity.runtime.parser.node.ASTMethod.doIntrospection(java.lang.Class, java.lang.Object[], org.apache.velocity.context.InternalContextAdapter);org.apache.velocity.util.introspection.Introspector;0;0;0;0;0;0;0;0
org.apache.velocity.app.VelocityEngine.evaluate(java.io.Reader, java.io.Writer, java.lang.String, org.apache.velocity.context.Context);org.apache.velocity.runtime.RuntimeInstance;0;0;0;0;0;0;0;0
org.apache.velocity.runtime.parser.node.ASTReference.render(java.io.Writer, org.apache.velocity.context.InternalContextAdapter);org.apache.velocity.runtime.parser.node.SimpleNode;0;0;0;0;0;0;0;0
org.apache.velocity.runtime.RuntimeInstance.getVelocimacro(java.lang.String, java.lang.String);org.apache.velocity.runtime.VelocimacroFactory;0;0;0;0;0;0;0;0
org.apache.velocity.test.TexenClasspathTestCase.runTest();org.apache.velocity.test.BaseTestCase;0;0;0;0;0;0;0;0
org.apache.velocity.runtime.parser.node.ASTDirective.init(java.lang.Object, org.apache.velocity.context.InternalContextAdapter);org.apache.velocity.runtime.parser.node.SimpleNode;2;2;4;0.8666666666666667;0.9428571428571428;18;44;129
org.apache.velocity.convert.WebMacro.convertTemplate(java.lang.String);org.apache.velocity.util.StringUtils;0;1;1;0.8571428571428572;1.0;18;102;206
org.apache.velocity.runtime.parser.node.ASTDirective.render(java.io.Writer, org.apache.velocity.context.InternalContextAdapter);org.apache.velocity.runtime.directive.Directive;1;2;1;0.75;1.0;10;44;14
org.apache.velocity.test.MultipleFileResourcePathTest.runTest();org.apache.velocity.test.BaseTestCase;1;0;3;1.0;0.8571428571428572;23;40;39
org.apache.velocity.test.ClassloaderChangeTest.runTest();org.apache.velocity.context.AbstractContext;0;0;0;0;0;0;0;0
org.apache.velocity.runtime.parser.node.ASTAndNode.evaluate(org.apache.velocity.context.InternalContextAdapter);org.apache.velocity.runtime.parser.node.SimpleNode;3;0;2;1.0;0.8928571428571429;14;23;129
org.apache.velocity.runtime.parser.node.ASTIdentifier.execute(java.lang.Object, org.apache.velocity.context.InternalContextAdapter);org.apache.velocity.util.introspection.IntrospectionCacheData;2;2;3;0.8181818181818181;0.75;35;57;0
org.apache.velocity.texen.ant.TexenTask.execute();org.apache.velocity.app.Velocity;1;7;4;0.7941176470588236;1.0;72;124;135
org.apache.velocity.runtime.parser.node.ASTSubtractNode.value(org.apache.velocity.context.InternalContextAdapter);org.apache.velocity.runtime.parser.node.SimpleNode;3;0;2;1.0;0.896551724137931;13;22;129
org.apache.velocity.runtime.directive.Parse.render(java.io.Writer, org.apache.velocity.context.InternalContextAdapter, org.apache.velocity.runtime.parser.node.Node);org.apache.velocity.runtime.directive.Directive;0;0;0;0;0;0;0;0
org.apache.velocity.test.TemplateTestCase.setUp();org.apache.velocity.test.provider.TestProvider;5;3;2;0.8125;0.8913043478260869;34;58;166
org.apache.velocity.texen.util.PropertiesUtil.load(java.lang.String);org.apache.velocity.texen.Generator;0;0;0;0;0;0;0;0
org.apache.velocity.runtime.parser.node.ASTSetDirective.render(java.io.Writer, org.apache.velocity.context.InternalContextAdapter);org.apache.velocity.app.event.EventCartridge;0;0;0;0;0;0;0;0
org.apache.velocity.runtime.parser.node.SimpleNode.jjtOpen();org.apache.velocity.runtime.parser.Parser;1;0;1;1.0;0.9938650306748467;3;129;3102
org.apache.velocity.runtime.RuntimeInstance.dumpVMNamespace(java.lang.String);org.apache.velocity.runtime.VelocimacroFactory;0;0;0;0;0;0;0;0
org.apache.velocity.runtime.visitor.BaseVisitor.visit(java.lang.Object, org.apache.velocity.runtime.parser.node.ASTNotNode);org.apache.velocity.runtime.parser.node.SimpleNode;1;0;1;1.0;1.0;4;142;129
org.apache.velocity.test.IntrospectorTestCase2.runTest();org.apache.velocity.app.Velocity;0;0;0;0;0;0;0;0
org.apache.velocity.runtime.parser.node.ASTSetDirective.getRightHandSide();org.apache.velocity.runtime.parser.node.SimpleNode;1;0;1;1.0;0.962962962962963;3;46;129
org.apache.velocity.runtime.RuntimeInstance.initializeParserPool();org.apache.velocity.util.SimplePool;0;0;0;0;0;0;0;0
org.apache.velocity.runtime.parser.node.ASTAddNode.value(org.apache.velocity.context.InternalContextAdapter);org.apache.velocity.runtime.parser.node.SimpleNode;3;0;2;1.0;0.896551724137931;13;22;129
org.apache.velocity.servlet.VelocityServlet.mergeTemplate(org.apache.velocity.context.Context, org.apache.velocity.servlet.HttpServletResponse, org.apache.velocity.Template);org.apache.velocity.util.SimplePool;2;0;3;1.0;0.75;24;108;29
org.apache.velocity.texen.util.PropertiesUtil.loadFromTemplatePath(java.lang.String);org.apache.velocity.texen.Generator;0;0;0;0;0;0;0;0
org.apache.velocity.test.EventHandlingTestCase.runTest();org.apache.velocity.app.Velocity;0;0;0;0;0;0;0;0
org.apache.velocity.runtime.parser.node.PropertyExecutor.discover(java.lang.Class, java.lang.String);org.apache.velocity.util.introspection.Introspector;0;0;0;0;0;0;0;0
org.apache.velocity.runtime.parser.node.ASTObjectArray.value(org.apache.velocity.context.InternalContextAdapter);org.apache.velocity.runtime.parser.node.SimpleNode;2;0;1;1.0;0.9285714285714286;8;17;129
org.apache.velocity.runtime.parser.Parser.jj_ntk();org.apache.velocity.runtime.parser.Token;1;1;2;0.9939393939393939;0.8888888888888888;4;3102;9
org.apache.velocity.context.VMContext.put(java.lang.Object, java.lang.String);org.apache.velocity.runtime.directive.VMProxyArg;1;4;1;0.8518518518518519;1.0;19;96;178
org.apache.velocity.runtime.parser.node.SimpleNode.getLine();org.apache.velocity.runtime.parser.Token;1;0;1;1.0;0.8571428571428572;3;129;9
org.apache.velocity.test.EncodingTestCase.runTest();org.apache.velocity.app.Velocity;0;0;0;0;0;0;0;0
org.apache.velocity.runtime.directive.VelocimacroProxy.render(java.io.Writer, org.apache.velocity.context.InternalContextAdapter, org.apache.velocity.runtime.parser.node.Node);org.apache.velocity.context.VMContext;1;4;4;0.8;0.9655172413793104;23;101;96
org.apache.velocity.runtime.resource.ContentResource.process();org.apache.velocity.runtime.resource.Resource;3;0;3;1.0;0.8;15;17;54
org.apache.velocity.runtime.parser.node.PropertyExecutor.execute(java.lang.Object, org.apache.velocity.context.InternalContextAdapter);org.apache.velocity.runtime.parser.node.AbstractExecutor;1;1;1;0.8333333333333334;0.8333333333333334;23;45;3
org.apache.velocity.app.VelocityEngine.templateExists(java.lang.String);org.apache.velocity.runtime.RuntimeInstance;0;0;0;0;0;0;0;0
org.apache.velocity.servlet.VelocityServlet.getTemplate(java.lang.String);org.apache.velocity.runtime.RuntimeSingleton;0;0;0;0;0;0;0;0
org.apache.velocity.app.VelocityEngine.invokeVelocimacro(java.io.Writer, java.lang.String, java.lang.String, java.lang.String[], org.apache.velocity.context.Context);org.apache.velocity.runtime.RuntimeInstance;0;0;0;0;0;0;0;0
org.apache.velocity.runtime.visitor.BaseVisitor.visit(java.lang.Object, org.apache.velocity.runtime.parser.node.ASTMethod);org.apache.velocity.runtime.parser.node.SimpleNode;1;0;1;1.0;1.0;4;142;129
org.apache.velocity.servlet.VelocityServlet.createContext(org.apache.velocity.servlet.HttpServletRequest, org.apache.velocity.servlet.HttpServletResponse);org.apache.velocity.context.AbstractContext;1;0;1;1.0;1.0;6;108;44
org.apache.velocity.runtime.directive.Include.render(java.io.Writer, org.apache.velocity.context.InternalContextAdapter, org.apache.velocity.runtime.parser.node.Node);org.apache.velocity.runtime.directive.Directive;0;0;0;0;0;0;0;0
org.apache.velocity.anakia.AnakiaTask.execute();org.apache.velocity.runtime.resource.Resource;1;10;3;0.6785714285714286;0.962962962962963;49;169;54
org.apache.velocity.runtime.visitor.BaseVisitor.visit(java.lang.Object, org.apache.velocity.runtime.parser.node.ASTOrNode);org.apache.velocity.runtime.parser.node.SimpleNode;1;0;1;1.0;1.0;4;142;129
org.apache.velocity.runtime.parser.Parser.ElseIfStatement();org.apache.velocity.runtime.parser.JJTParserState;4;7;1;0.962962962962963;0.9333333333333333;106;3102;74
org.apache.velocity.runtime.directive.Parse.render(java.io.Writer, org.apache.velocity.context.InternalContextAdapter, org.apache.velocity.runtime.parser.node.Node);org.apache.velocity.runtime.parser.node.SimpleNode;1;0;3;1.0;1.0;41;47;129
org.apache.velocity.runtime.parser.Parser.Text();org.apache.velocity.runtime.parser.JJTParserState;2;5;1;0.9710982658959537;0.9655172413793104;39;3102;74
org.apache.velocity.test.TexenTestCase.runTest();org.apache.velocity.test.BaseTestCase;1;0;1;1.0;0.6666666666666667;10;18;39
org.apache.velocity.runtime.visitor.BaseVisitor.visit(java.lang.Object, org.apache.velocity.runtime.parser.node.ASTNENode);org.apache.velocity.runtime.parser.node.SimpleNode;1;0;1;1.0;1.0;4;142;129
org.apache.velocity.runtime.parser.Parser.getNextToken();org.apache.velocity.runtime.parser.ParserTokenManager;1;2;2;0.9878048780487805;0.9910714285714286;7;3102;2989
org.apache.velocity.runtime.parser.node.PropertyExecutor.execute(java.lang.Object, org.apache.velocity.context.InternalContextAdapter);org.apache.velocity.app.event.EventCartridge;0;0;0;0;0;0;0;0
org.apache.velocity.runtime.visitor.BaseVisitor.visit(java.lang.Object, org.apache.velocity.runtime.parser.node.ASTNumberLiteral);org.apache.velocity.runtime.parser.node.SimpleNode;1;0;1;1.0;1.0;4;142;129
org.apache.velocity.runtime.parser.node.BooleanPropertyExecutor.discover(java.lang.Class, java.lang.String);org.apache.velocity.runtime.parser.node.AbstractExecutor;0;0;0;0;0;0;0;0
org.apache.velocity.runtime.parser.node.ASTOrNode.evaluate(org.apache.velocity.context.InternalContextAdapter);org.apache.velocity.runtime.parser.node.SimpleNode;1;0;1;1.0;0.962962962962963;7;16;129
org.apache.velocity.runtime.parser.node.ASTMethod.execute(java.lang.Object, org.apache.velocity.context.InternalContextAdapter);org.apache.velocity.util.introspection.IntrospectionCacheData;2;4;3;0.8571428571428572;0.8823529411764706;53;74;0
org.apache.velocity.app.VelocityEngine.evaluate(java.io.Reader, java.io.Writer, java.lang.String, org.apache.velocity.context.Context);org.apache.velocity.runtime.parser.ParseException;0;0;0;0;0;0;0;0
org.apache.velocity.runtime.resource.ContentResource.process();org.apache.velocity.runtime.resource.loader.ResourceLoader;1;0;3;1.0;1.0;15;17;20
org.apache.velocity.runtime.directive.Macro.init(org.apache.velocity.context.InternalContextAdapter, org.apache.velocity.runtime.parser.node.Node, org.apache.velocity.runtime.RuntimeServices);org.apache.velocity.runtime.directive.Directive;0;0;0;0;0;0;0;0
org.apache.velocity.runtime.parser.node.BooleanPropertyExecutor.discover(java.lang.Class, java.lang.String);org.apache.velocity.runtime.parser.node.PropertyExecutor;0;0;0;0;0;0;0;0
org.apache.velocity.app.VelocityEngine.init(java.util.Properties);org.apache.velocity.runtime.RuntimeInstance;0;0;0;0;0;0;0;0
org.apache.velocity.app.VelocityEngine.getProperty(java.lang.String);org.apache.velocity.runtime.RuntimeInstance;0;0;0;0;0;0;0;0
org.apache.velocity.runtime.resource.loader.DataSourceResourceLoader.getResourceStream(java.lang.String);org.apache.velocity.runtime.Runtime;0;4;1;0.8571428571428572;1.0;32;97;252
org.apache.velocity.runtime.VelocimacroManager.parseTree(org.apache.velocity.context.InternalContextAdapter);org.apache.velocity.util.StringUtils;0;2;3;0.8947368421052632;1.0;10;98;206
org.apache.velocity.app.VelocityEngine.getTemplate(java.lang.String);org.apache.velocity.runtime.RuntimeInstance;0;0;0;0;0;0;0;0
org.apache.velocity.runtime.visitor.BaseVisitor.visit(java.lang.Object, org.apache.velocity.runtime.parser.node.ASTWord);org.apache.velocity.runtime.parser.node.SimpleNode;1;0;1;1.0;1.0;4;142;129
org.apache.velocity.runtime.parser.node.ASTIdentifier.execute(java.lang.Object, org.apache.velocity.context.InternalContextAdapter);org.apache.velocity.runtime.parser.node.AbstractExecutor;1;2;3;0.8181818181818181;1.0;35;57;3
org.apache.velocity.runtime.directive.VelocimacroProxy.render(java.io.Writer, org.apache.velocity.context.InternalContextAdapter, org.apache.velocity.runtime.parser.node.Node);org.apache.velocity.runtime.directive.Directive;0;0;0;0;0;0;0;0
org.apache.velocity.runtime.VelocimacroManager.parseTree(org.apache.velocity.context.InternalContextAdapter);org.apache.velocity.runtime.parser.node.SimpleNode;1;2;3;0.8947368421052632;1.0;10;98;129
org.apache.velocity.runtime.RuntimeInstance.addVelocimacro(java.lang.String, java.lang.String, java.lang.String, java.lang.String[]);org.apache.velocity.runtime.VelocimacroFactory;0;0;0;0;0;0;0;0
org.apache.velocity.runtime.parser.Parser.Escape();org.apache.velocity.runtime.parser.Token;2;4;3;0.9771428571428571;0.9047619047619048;40;3102;9
org.apache.velocity.runtime.parser.Parser.StringLiteral();org.apache.velocity.runtime.parser.JJTParserState;2;1;1;0.9940119760479041;0.9473684210526316;13;3102;74
org.apache.velocity.app.VelocityEngine.warn(java.lang.Object);org.apache.velocity.runtime.RuntimeInstance;0;0;0;0;0;0;0;0
org.apache.velocity.runtime.visitor.BaseVisitor.visit(java.lang.Object, org.apache.velocity.runtime.parser.node.ASTFalse);org.apache.velocity.runtime.parser.node.SimpleNode;1;0;1;1.0;1.0;4;142;129
org.apache.velocity.runtime.resource.loader.FileResourceLoader.isSourceModified(org.apache.velocity.runtime.resource.Resource);org.apache.velocity.runtime.resource.Resource;2;1;1;0.9166666666666666;0.8571428571428572;13;72;54
org.apache.velocity.runtime.VelocimacroManager.createVelocimacro(java.lang.String);org.apache.velocity.runtime.directive.VelocimacroProxy;0;0;0;0;0;0;0;0
org.apache.velocity.runtime.parser.Parser.SetDirective();org.apache.velocity.runtime.parser.ParserTokenManager;1;7;2;0.9597701149425287;0.9921259842519685;53;3102;2989
org.apache.velocity.runtime.parser.Parser.NumberLiteral();org.apache.velocity.runtime.parser.JJTParserState;2;1;1;0.9940119760479041;0.9473684210526316;13;3102;74
org.apache.velocity.texen.Generator.parse(java.lang.String, org.apache.velocity.context.Context);org.apache.velocity.Template;1;3;2;0.8333333333333334;1.0;9;128;74
org.apache.velocity.runtime.resource.loader.FileResourceLoader.getLastModified(org.apache.velocity.runtime.resource.Resource);org.apache.velocity.runtime.resource.Resource;1;1;1;0.9090909090909091;0.9285714285714286;10;72;54
org.apache.velocity.texen.ant.TexenTask.setContextProperties(java.lang.String);org.apache.velocity.util.StringUtils;0;0;0;0;0;0;0;0
org.apache.velocity.runtime.parser.node.ASTReference.execute(java.lang.Object, org.apache.velocity.context.InternalContextAdapter);org.apache.velocity.runtime.parser.node.SimpleNode;3;3;3;0.9230769230769231;0.9090909090909091;20;214;129
org.apache.velocity.runtime.RuntimeInstance.parse(boolean, java.io.Reader, java.lang.String);org.apache.velocity.util.SimplePool;0;0;0;0;0;0;0;0
org.apache.velocity.runtime.resource.ResourceManagerImpl.refreshResource(java.lang.String, org.apache.velocity.runtime.resource.Resource);org.apache.velocity.runtime.resource.loader.ResourceLoader;0;0;0;0;0;0;0;0
org.apache.velocity.runtime.resource.ResourceManagerImpl.initialize(org.apache.velocity.runtime.RuntimeServices);org.apache.velocity.runtime.resource.loader.ResourceLoader;0;0;0;0;0;0;0;0
org.apache.velocity.app.VelocityEngine.setApplicationAttribute(java.lang.Object, java.lang.Object);org.apache.velocity.runtime.RuntimeInstance;0;0;0;0;0;0;0;0
org.apache.velocity.runtime.parser.node.ASTReference.setValue(java.lang.Object, org.apache.velocity.context.InternalContextAdapter);org.apache.velocity.runtime.parser.node.SimpleNode;3;4;2;0.9166666666666666;0.9318181818181819;58;214;129
org.apache.velocity.util.introspection.Introspector.getMethod(java.lang.Class, java.lang.Object[], java.lang.String);org.apache.velocity.util.introspection.IntrospectorBase;0;0;0;0;0;0;0;0
org.apache.velocity.test.ContextSafetyTestCase.runTest();org.apache.velocity.Template;1;0;4;1.0;1.0;33;48;74
org.apache.velocity.servlet.VelocityServlet.mergeTemplate(org.apache.velocity.context.Context, org.apache.velocity.servlet.HttpServletResponse, org.apache.velocity.Template);org.apache.velocity.Template;1;0;3;1.0;1.0;24;108;74
org.apache.velocity.runtime.parser.Parser.getToken(int);org.apache.velocity.runtime.parser.ParserTokenManager;1;1;2;0.9939024390243902;0.990990990990991;8;3102;2989
org.apache.velocity.runtime.parser.ParseException.getMessage();org.apache.velocity.runtime.parser.Token;4;5;1;0.5454545454545454;0.6923076923076923;39;98;9
org.apache.velocity.runtime.parser.node.ASTIdentifier.init(java.lang.Object, org.apache.velocity.context.InternalContextAdapter);org.apache.velocity.runtime.parser.node.SimpleNode;1;1;2;0.8571428571428572;1.0;5;57;129
org.apache.velocity.runtime.parser.Parser.Directive();org.apache.velocity.runtime.parser.node.ASTDirective;1;9;7;0.9558823529411765;0.9818181818181818;158;3102;44
org.apache.velocity.texen.ant.Texen.processContextProperties(java.lang.String);org.apache.velocity.util.StringUtils;0;0;0;0;0;0;0;0
