Method;Class;FDP;NIM_D;NAA_D;DISTANCE_D;LOC_D;NMD_D;NAD_D;NIM_E;NAA_E;DISTANCE_E;LOC_E;NMD_E;NAD_E
com.android.internal.telephony.gsm.GsmConnection.fakeHoldBeforeDial();com.android.internal.telephony.gsm.GsmCall;1;1;2;0.9455;433;31;29;2;0;0.8947;97;14;2
android.telephony.SmsManager.divideMessage(String);android.telephony.SmsMessage;0;0;0;1.0000;195;13;12;1;0;1.0000;230;37;14
com.android.internal.telephony.test.ModelInterpreter.onSMSSend(String);com.android.internal.telephony.test.LineReader;0;2;1;0.9318;319;33;14;1;0;0.8750;46;3;3
com.android.internal.telephony.PhoneProxy.setSmscAddress(String, Message);com.android.internal.telephony.Phone;0;0;1;0.9947;669;181;14;1;0;0.9947;176;176;73
com.android.internal.telephony.RIL.responseSuppServiceNotification(Parcel);com.android.internal.telephony.gsm.SuppServiceNotification;1;0;0;1.0000;2610;171;27;0;5;0.1667;3;1;25
com.android.internal.telephony.CallSetupException.DcInactiveState.processMessage(Message);com.android.internal.telephony.CallSetupException;2;0;0;1.0000;67;5;3;3;6;0.8824;293;31;34
com.android.internal.telephony.cdma.CdmaDataConnectionTracker.onCdmaDataDetached();com.android.internal.telephony.Phone;1;2;0;0.9677;612;49;13;1;1;0.9949;176;176;73
com.android.internal.telephony.test.SimulatedCommands.hangupConnection(int, Message);com.android.internal.telephony.test.SimulatedGsmCallState;0;2;1;0.9808;821;136;26;1;0;0.9630;452;20;6
com.android.internal.telephony.RIL.setGsmBroadcastConfig(SmsBroadcastConfigInfo[], Message);com.android.internal.telephony.RILRequest;2;3;1;0.9895;2610;171;27;2;2;0.8235;68;5;12
com.android.internal.telephony.cat.CommandParamsFactory.processGetInkey(CommandDetails, List<ComprehensionTlv>);com.android.internal.telephony.cat.IconLoader;3;1;5;0.8889;576;21;15;1;0;0.9722;217;14;19
com.android.internal.telephony.gsm.UsimDataDownloadHandler.startDataDownload(SmsMessage);android.provider.Telephony.Sms.Intents;1;0;2;1.0000;142;7;7;0;1;1.0000;16;1;12
com.android.internal.telephony.test.SimulatedCommands.hangupWaitingOrBackground(Message);com.android.internal.telephony.test.SimulatedGsmCallState;0;2;1;0.9808;821;136;26;1;0;0.9630;452;20;6
com.android.internal.telephony.gsm.GsmDataConnectionTracker.onRecordsLoaded();com.android.internal.telephony.Phone;2;4;0;0.9570;1681;86;13;0;1;1.0000;176;176;73
com.android.internal.telephony.cdma.CDMAPhone.notifyPhoneStateChanged();com.android.internal.telephony.PhoneNotifier;0;0;0;1.0000;967;126;45;1;0;0.9167;11;11;0
com.android.internal.telephony.cat.RilMessageDecoder.decodeMessageParams(RilMessage);com.android.internal.telephony.cat.BerTlv;4;1;2;0.7857;69;5;8;1;0;1.0000;51;1;6
com.android.internal.telephony.RIL.RILSender.handleMessage(Message);com.android.internal.telephony.RILRequest;2;0;1;0.9333;90;2;1;2;3;0.7059;68;5;12
android.telephony.SmsMessage.getOriginatingAddress();com.android.internal.telephony.SmsMessageBase;0;0;1;0.9643;230;37;14;1;0;0.9706;80;16;18
com.android.internal.telephony.sip.SipPhoneBase.notifyCallForwardingIndicator();com.android.internal.telephony.PhoneNotifier;0;0;0;1.0000;288;86;3;1;0;0.9167;11;11;0
com.android.internal.telephony.PhoneProxy.getImei();com.android.internal.telephony.Phone;0;0;1;0.9947;669;181;14;1;0;0.9947;176;176;73
com.android.internal.telephony.test.SimulatedCommands.triggerHangupForeground();com.android.internal.telephony.test.SimulatedGsmCallState;0;0;1;0.9936;821;136;26;1;0;0.9615;452;20;6
com.android.internal.telephony.sip.SipPhone.SipConnection.separate();com.android.internal.telephony.Call;2;1;3;0.8667;125;15;7;0;1;0.9667;117;16;4
com.android.internal.telephony.gsm.SimSmsInterfaceManager.setCellBroadcastActivation(boolean);com.android.internal.telephony.PhoneBase;1;1;5;0.8095;134;12;14;0;1;0.9942;621;139;66
com.android.internal.telephony.cdma.CdmaSMSDispatcher.handleCdmaStatusReport(SmsMessage);com.android.internal.telephony.SmsMessageBase;3;0;0;1.0000;229;15;5;0;2;0.9459;80;16;18
com.android.internal.telephony.gsm.GsmSMSDispatcher.sendNewSubmitPdu(String, String, String, SmsHeader, int, PendingIntent, PendingIntent, boolean);com.android.internal.telephony.gsm.SmsMessage;2;0;1;1.0000;242;13;6;1;0;1.0000;446;23;12
com.android.internal.telephony.cdma.CdmaSMSDispatcher.handleServiceCategoryProgramData(SmsMessage);android.provider.Telephony.Sms.Intents;1;0;2;0.9500;229;15;5;0;1;1.0000;16;1;12
com.android.internal.telephony.gsm.GsmCallTracker.canConference();com.android.internal.telephony.gsm.GsmCall;1;0;2;0.9636;563;41;17;1;0;0.9444;97;14;2
android.telephony.SmsMessage.getStatusOnIcc();com.android.internal.telephony.SmsMessageBase;1;0;1;0.9643;230;37;14;0;1;0.9706;80;16;18
com.android.internal.telephony.uicc.UsimFileHandler.getEFPath(int);com.android.internal.telephony.uicc.IccConstants;1;0;0;1.0000;43;3;1;0;27;1.0000;0;0;51
com.android.internal.telephony.gsm.GsmMmiCode.processCode();com.android.internal.telephony.MmiCode;3;15;28;0.6452;840;42;63;0;1;0.9778;5;5;1
com.android.internal.telephony.uicc.RuimFileHandler.getEFPath(int);com.android.internal.telephony.uicc.IccConstants;1;0;0;1.0000;27;4;1;0;10;1.0000;0;0;51
com.android.internal.telephony.cdma.CdmaCallTracker.disableDataCallInEmergencyCall(String);com.android.internal.telephony.Phone;2;1;2;0.9559;707;48;22;0;1;1.0000;176;176;73
com.android.internal.telephony.PhoneBase.notifyDataConnection(String);com.android.internal.telephony.Phone;1;1;1;0.9880;621;139;66;1;0;0.9947;176;176;73
com.android.internal.telephony.CallManager.switchHoldingAndActive(Call);com.android.internal.telephony.Phone;0;3;2;0.9758;775;95;53;1;0;0.9948;176;176;73
com.android.internal.telephony.uicc.AdnRecordLoader.handleMessage(Message);com.android.internal.telephony.uicc.IccFileHandler;2;0;15;0.5263;117;4;15;2;0;0.9394;262;16;42
com.android.internal.telephony.gsm.GsmCallTracker.setMute(boolean);com.android.internal.telephony.CommandsInterface;0;0;1;0.9818;563;41;17;1;0;0.9954;216;214;44
com.android.internal.telephony.PhoneProxy.needsOtaServiceProvisioning();com.android.internal.telephony.Phone;0;0;1;0.9947;669;181;14;1;0;0.9947;176;176;73
com.android.internal.telephony.gsm.GsmDataConnectionTracker.onDataStateChanged(AsyncResult);com.android.internal.telephony.DataConnectionAc;2;6;0;0.9417;1681;86;13;2;0;0.9667;270;41;35
com.android.internal.telephony.cdma.SmsMessage.parseBroadcastSms();com.android.internal.telephony.cdma.sms.BearerData;4;0;3;0.9677;551;31;16;2;4;0.8810;1209;66;114
com.android.internal.telephony.uicc.IccCardProxy.updateIccAvailability();com.android.internal.telephony.uicc.UiccCardApplication;0;4;7;0.8333;507;40;28;1;0;0.9867;388;38;29
com.android.internal.telephony.PhoneProxy.unregisterForInCallVoicePrivacyOn(Handler);com.android.internal.telephony.Phone;0;0;1;0.9947;669;181;14;1;0;0.9947;176;176;73
com.android.internal.telephony.CallSetupException.DcActivatingState.processMessage(Message);com.android.internal.telephony.CommandsInterface;2;0;0;1.0000;72;1;0;1;0;0.9956;216;214;44
com.android.internal.telephony.SMSDispatcher.dispatchNormalMessage(SmsMessageBase);com.android.internal.telephony.WapPushOverSms;4;3;1;0.9344;605;33;46;1;0;0.9565;100;1;7
com.android.internal.telephony.gsm.GSMPhone.dispose();com.android.internal.telephony.gsm.GsmCallTracker;1;1;6;0.9478;1009;105;19;1;0;0.9867;563;41;17
com.android.internal.telephony.RIL.responseCallForward(Parcel);com.android.internal.telephony.CallForwardInfo;1;0;0;1.0000;2610;171;27;0;6;0.1429;3;1;6
com.android.internal.telephony.cdma.CdmaCallTracker.hangup(CdmaCall);com.android.internal.telephony.Phone;2;6;4;0.8611;707;48;22;0;1;1.0000;176;176;73
com.android.internal.telephony.PhoneBase.registerForInCallVoicePrivacyOff(Handler, int, Object);com.android.internal.telephony.CommandsInterface;0;0;1;0.9940;621;139;66;1;0;0.9954;216;214;44
com.android.internal.telephony.RIL.setCLIR(int, Message);com.android.internal.telephony.RILRequest;1;3;1;0.9892;2610;171;27;2;2;0.7273;68;5;12
com.android.internal.telephony.cdma.SmsMessage.isMwiDontStore();com.android.internal.telephony.cdma.sms.BearerData;1;0;1;0.9600;551;31;16;0;2;0.9487;1209;66;114
com.android.internal.telephony.PhoneBase.unregisterForInCallVoicePrivacyOn(Handler);com.android.internal.telephony.CommandsInterface;0;0;1;0.9940;621;139;66;1;0;0.9954;216;214;44
com.android.internal.telephony.gsm.GsmMmiCode.newFromDialString(String, GSMPhone, UiccCardApplication);com.android.internal.telephony.PhoneBase;1;3;17;0.8261;840;42;63;0;1;0.9943;621;139;66
com.android.internal.telephony.cdma.CdmaCallTracker.handleMessage(Message);com.android.internal.telephony.cdma.CDMAPhone;2;7;7;0.8421;707;48;22;2;0;0.9881;967;126;45
com.android.internal.telephony.cdma.CDMAPhone.enableEnhancedVoicePrivacy(boolean, Message);com.android.internal.telephony.CommandsInterface;0;0;0;1.0000;967;126;45;1;0;0.9954;216;214;44
com.android.internal.telephony.cdma.CdmaInformationRecords.CdmaNumberInfoRec.toString();com.android.internal.telephony.cdma.CdmaInformationRecords;0;0;6;0.1429;10;1;6;1;0;1.0000;60;1;12
com.android.internal.telephony.gsm.GsmServiceStateTracker.onRestrictedStateChanged(AsyncResult);com.android.internal.telephony.RestrictedState;1;2;7;0.9733;1025;35;46;1;3;0.7143;52;3;3
com.android.internal.telephony.test.SimulatedCommands.shutdown();com.android.internal.telephony.CommandsInterface;1;0;1;0.9936;821;136;26;0;1;0.9954;216;214;44
com.android.internal.telephony.cdma.CdmaCallTracker.dialThreeWay(String);com.android.internal.telephony.cdma.CdmaConnection;2;1;3;0.9437;707;48;22;0;1;0.9848;566;40;27
com.android.internal.telephony.PhoneBase.isDataConnectivityPossible(String);com.android.internal.telephony.DataConnectionTracker;0;0;1;0.9940;621;139;66;1;0;0.9919;907;78;74
com.android.internal.telephony.sip.SipPhone.SipCall.add(SipConnection);com.android.internal.telephony.sip.SipPhone.SipConnection;1;0;0;1.0000;214;24;0;0;1;0.9600;125;15;7
com.android.internal.telephony.cat.CatService.handleCommand(CommandParams, boolean);com.android.internal.telephony.cat.AppInterface;10;2;5;0.8286;491;19;26;0;2;1.0000;13;4;4
com.android.internal.telephony.PhoneSubInfo.getMsisdn();com.android.internal.telephony.Phone;0;0;3;0.8947;98;16;6;1;0;0.9947;176;176;73
com.android.internal.telephony.CallManager.getServiceState();com.android.internal.telephony.Phone;0;0;1;0.9919;775;95;53;1;0;0.9947;176;176;73
com.android.internal.telephony.gsm.SmsCbHeader.getCmasUrgency();android.telephony.SmsCbCmasInfo;2;0;1;0.9545;198;13;16;0;3;1.0000;48;3;46
com.android.internal.telephony.gsm.GSMPhone.disableLocationUpdates();com.android.internal.telephony.ServiceStateTracker;0;0;1;0.9917;1009;105;19;1;0;0.9861;270;42;77
com.android.internal.telephony.PhoneProxy.getDataConnectionState(String);com.android.internal.telephony.Phone;0;0;1;0.9947;669;181;14;1;0;0.9947;176;176;73
com.android.internal.telephony.gsm.GSMPhone.handlePinMmi(String);com.android.internal.telephony.gsm.GsmMmiCode;0;0;1;0.9919;1009;105;19;3;0;0.9583;840;42;63
com.android.internal.telephony.gsm.SimSmsInterfaceManager.disableCellBroadcastRange(int, int);com.android.internal.telephony.IntRangeManager;1;2;2;0.8636;134;12;14;2;0;0.8667;282;8;2
com.android.internal.telephony.RIL.setMute(boolean, Message);com.android.internal.telephony.RILRequest;1;3;1;0.9892;2610;171;27;2;2;0.7273;68;5;12
com.android.internal.telephony.RIL.responseIccCardStatus(Parcel);com.android.internal.telephony.uicc.IccCardApplicationStatus;2;0;0;1.0000;2610;171;27;4;8;0.5714;192;11;11
com.android.internal.telephony.sip.SipPhone.clearDisconnected();com.android.internal.telephony.sip.SipCallBase;0;0;3;0.9211;238;31;10;1;0;0.9000;17;4;1
com.android.internal.telephony.CallManager.toString();com.android.internal.telephony.Phone;1;7;0;0.9457;775;95;53;5;0;0.9746;176;176;73
com.android.internal.telephony.cdma.CDMAPhone.dispose();com.android.internal.telephony.cdma.RuimSmsInterfaceManager;1;2;9;0.9329;967;126;45;1;0;0.9767;88;10;8
com.android.internal.telephony.uicc.UiccCardApplication.supplyNetworkDepersonalization(String, Message);com.android.internal.telephony.CommandsInterface;0;1;3;0.9516;388;38;29;1;0;0.9954;216;214;44
com.android.internal.telephony.gsm.GSMPhone.onUpdateIccAvailability();com.android.internal.telephony.uicc.UiccCardApplication;1;3;2;0.9680;1009;105;19;1;0;0.9859;388;38;29
com.android.internal.telephony.cat.CommandParamsFactory.processLaunchBrowser(CommandDetails, List<ComprehensionTlv>);com.android.internal.telephony.cat.ValueParser;4;1;5;0.8788;576;21;15;2;0;1.0000;195;10;0
com.android.internal.telephony.PhoneProxy.unregisterForDisplayInfo(Handler);com.android.internal.telephony.Phone;0;0;1;0.9947;669;181;14;1;0;0.9947;176;176;73
com.android.internal.telephony.TelephonyCapabilities.getDeviceIdLabel(Phone);com.android.internal.telephony.Phone;0;0;1;1.0000;41;10;1;2;0;0.9894;176;176;73
com.android.internal.telephony.ServiceStateTracker.enableLocationUpdates();com.android.internal.telephony.CommandsInterface;0;0;4;0.9577;270;42;77;1;0;0.9954;216;214;44
com.android.internal.telephony.uicc.IccCardProxy.supplyPuk(String, String, Message);com.android.internal.telephony.uicc.UiccCardApplication;0;0;2;0.9649;507;40;28;1;0;0.9844;388;38;29
com.android.internal.telephony.gsm.GsmMmiCode.onUssdFinished(String, boolean);com.android.internal.telephony.gsm.GSMPhone;1;0;5;0.8913;840;42;63;1;0;0.9921;1009;105;19
com.android.internal.telephony.SMSDispatcher.getPremiumSmsPermission(String);com.android.internal.telephony.SmsUsageMonitor;0;0;1;0.9800;605;33;46;1;0;0.9630;304;16;41
com.android.internal.telephony.sip.SipPhone.sendDtmf(char);com.android.internal.telephony.Call;1;0;2;0.9730;238;31;10;0;1;0.9545;117;16;4
com.android.internal.telephony.uicc.RuimRecords.fetchRuimRecords();com.android.internal.telephony.CommandsInterface;1;1;3;0.9767;330;21;25;1;0;0.9956;216;214;44
com.android.internal.telephony.gsm.GsmDataConnectionTracker.onDataStateChanged(AsyncResult);com.android.internal.telephony.DataCallState;2;6;0;0.9417;1681;86;13;1;2;0.9091;157;3;14
com.android.internal.telephony.cdma.CdmaSMSDispatcher.handleServiceCategoryProgramData(SmsMessage);com.android.internal.telephony.SmsMessageBase;1;0;2;0.9500;229;15;5;1;0;0.9722;80;16;18
com.android.internal.telephony.gsm.GSMPhone.setRadioPower(boolean);com.android.internal.telephony.ServiceStateTracker;0;0;1;0.9917;1009;105;19;1;0;0.9861;270;42;77
com.android.internal.telephony.PhoneBase.registerForLineControlInfo(Handler, int, Object);com.android.internal.telephony.CommandsInterface;0;0;1;0.9940;621;139;66;1;0;0.9954;216;214;44
com.android.internal.telephony.sip.SipPhone.SipCall.acceptCall();com.android.internal.telephony.sip.SipPhone.SipConnection;1;0;0;1.0000;214;24;0;1;0;0.9615;125;15;7
com.android.internal.telephony.RIL.processUnsolicited(Parcel);com.android.internal.telephony.uicc.IccUtils;0;0;0;0;0;0;0;0;0;0;0;0;0
com.android.internal.telephony.gsm.GSMPhone.getDataConnectionState(String);com.android.internal.telephony.gsm.GsmServiceStateTracker;2;0;2;0.9841;1009;105;19;1;1;0.9730;1025;35;46
com.android.internal.telephony.cat.CatService.handleMessage(Message);com.android.internal.telephony.CommandsInterface;0;2;11;0.8400;491;19;26;1;0;0.9955;216;214;44
com.android.internal.telephony.cdma.RuimSmsInterfaceManager.updateMessageOnIccEf(int, int, byte[]);com.android.internal.telephony.CommandsInterface;2;1;5;0.8095;88;10;8;1;0;0.9956;216;214;44
com.android.internal.telephony.uicc.IccFileHandler.loadEFLinearFixedAll(int, Message);com.android.internal.telephony.CommandsInterface;0;1;5;0.8500;262;16;42;1;0;0.9954;216;214;44
com.android.internal.telephony.cat.CatService.isStkAppInstalled();com.android.internal.telephony.cat.AppInterface;1;0;1;0.9565;491;19;26;0;1;1.0000;13;4;4
com.android.internal.telephony.CallSetupException.DcDisconnectingState.processMessage(Message);com.android.internal.telephony.CallSetupException.DcInactiveState;1;0;0;1.0000;30;1;0;1;0;0.9167;67;5;3
com.android.internal.telephony.DebugService.dump(FileDescriptor, PrintWriter, String[]);com.android.internal.telephony.RIL;2;1;0;1.0000;69;2;1;1;0;0.9948;2610;171;27
com.android.internal.telephony.test.ModelInterpreter.switchActiveAndHeldOrWaiting();com.android.internal.telephony.test.SimulatedGsmCallState;0;0;1;0.9773;319;33;14;1;0;0.9600;452;20;6
com.android.internal.telephony.uicc.AdnRecordCache.extensionEfForEf(int);com.android.internal.telephony.uicc.IccConstants;1;0;0;1.0000;190;11;7;0;10;1.0000;0;0;51
com.android.internal.telephony.cdma.SmsMessage.parseBroadcastSms();com.android.internal.telephony.cdma.sms.SmsEnvelope;4;0;3;0.9677;551;31;16;0;2;0.8947;2;0;27
com.android.internal.telephony.cdma.CdmaServiceStateTracker.handlePollStateResult(int, AsyncResult);com.android.internal.telephony.cdma.EriManager;3;7;7;0.8495;1091;45;44;2;0;0.9500;235;13;11
android.provider.Telephony.Sms.isOutgoingFolder(int);android.provider.Telephony.TextBasedSmsColumns;1;0;0;1.0000;61;6;2;0;4;1.0000;0;0;29
com.android.internal.telephony.uicc.IccRecords.setMsisdnNumber(String, String, Message);com.android.internal.telephony.uicc.AdnRecordLoader;1;1;5;0.9333;160;33;36;1;0;0.9444;117;4;15
com.android.internal.telephony.cat.CommandParamsFactory.processBIPClient(CommandDetails, List<ComprehensionTlv>);com.android.internal.telephony.cat.CommandDetails;4;1;5;0.8710;576;21;15;0;1;0.9524;26;5;5
com.android.internal.telephony.PhoneProxy.exitEmergencyCallbackMode();com.android.internal.telephony.Phone;0;0;1;0.9947;669;181;14;1;0;0.9947;176;176;73
com.android.internal.telephony.gsm.GsmServiceStateTracker.onUpdateIccAvailability();com.android.internal.telephony.uicc.UiccCardApplication;1;1;0;0.9867;1025;35;46;3;0;0.9565;388;38;29
com.android.internal.telephony.gsm.SmsMessage.PduParser.getUserDataKSC5601(int);com.android.internal.telephony.gsm.SmsMessage;1;0;2;0.8667;139;9;6;0;1;1.0000;446;23;12
com.android.internal.telephony.gsm.GsmMmiCode.processCode();com.android.internal.telephony.gsm.GSMPhone;3;15;28;0.6452;840;42;63;1;0;0.9937;1009;105;19
com.android.internal.telephony.gsm.GsmServiceStateTracker.onUpdateIccAvailability();com.android.internal.telephony.uicc.UiccController;1;1;0;0.9867;1025;35;46;1;1;0.9565;106;11;13
com.android.internal.telephony.PhoneBase.registerForInCallVoicePrivacyOn(Handler, int, Object);com.android.internal.telephony.CommandsInterface;0;0;1;0.9940;621;139;66;1;0;0.9954;216;214;44
com.android.internal.telephony.uicc.UiccCardApplication.queryPin1State();com.android.internal.telephony.CommandsInterface;1;0;4;0.9516;388;38;29;1;4;0.9954;216;214;44
com.android.internal.telephony.uicc.AdnRecordLoader.updateEF(AdnRecord, int, int, int, String, Message);com.android.internal.telephony.uicc.IccFileHandler;0;0;7;0.5714;117;4;15;1;0;0.9615;262;16;42
com.android.internal.telephony.cdma.CdmaConnection.hangup();com.android.internal.telephony.cdma.CdmaCallTracker;0;0;2;0.9649;566;40;27;1;0;0.9853;707;48;22
com.android.internal.telephony.cdma.CDMAPhone.handleExitEmergencyCallbackMode(Message);com.android.internal.telephony.DataConnectionTracker;0;2;5;0.9662;967;126;45;1;0;0.9922;907;78;74
android.telephony.CellBroadcastMessage.isEtwsTestMessage();android.telephony.SmsCbEtwsInfo;2;0;1;0.9615;230;20;5;0;2;0.9231;61;5;11
com.android.internal.telephony.RIL.responseCallList(Parcel);com.android.internal.telephony.uicc.IccUtils;0;0;0;0;0;0;0;0;0;0;0;0;0
com.android.internal.telephony.SmsStorageMonitor.handleIccFull();android.provider.Telephony.Sms.Intents;2;0;3;0.8000;53;4;11;0;1;1.0000;16;1;12
com.android.internal.telephony.RIL.queryCLIP(Message);com.android.internal.telephony.RILRequest;1;3;1;0.9891;2610;171;27;2;1;0.8182;68;5;12
com.android.internal.telephony.PhoneBase.getPreferredNetworkType(Message);com.android.internal.telephony.CommandsInterface;0;0;1;0.9940;621;139;66;1;0;0.9954;216;214;44
com.android.internal.telephony.PhoneProxy.deleteAndCreatePhone(int);com.android.internal.telephony.CallManager;1;1;1;0.9948;669;181;14;2;1;0.9843;775;95;53
com.android.internal.telephony.gsm.GsmDataConnectionTracker.createAllApnList();com.android.internal.telephony.PhoneBase;3;4;0;0.9588;1681;86;13;0;1;0.9944;621;139;66
com.android.internal.telephony.gsm.GSMPhone.registerForSuppServiceNotification(Handler, int, Object);com.android.internal.telephony.CommandsInterface;0;0;1;0.9917;1009;105;19;1;0;0.9954;216;214;44
com.android.internal.telephony.RIL.getCdmaSubscriptionSource(Message);com.android.internal.telephony.RILRequest;1;3;1;0.9891;2610;171;27;2;1;0.8182;68;5;12
com.android.internal.telephony.test.ModelInterpreter.onDial(String);com.android.internal.telephony.test.SimulatedGsmCallState;0;0;1;0.9773;319;33;14;1;0;0.9600;452;20;6
com.android.internal.telephony.DataConnectionTracker.isEmergency();com.android.internal.telephony.PhoneBase;0;1;2;0.9756;907;78;74;2;0;0.9882;621;139;66
com.android.internal.telephony.RIL.hangupForegroundResumeBackground(Message);com.android.internal.telephony.RILRequest;1;3;1;0.9891;2610;171;27;2;1;0.8182;68;5;12
com.android.internal.telephony.uicc.IccCardProxy.changeIccFdnPassword(String, String, Message);com.android.internal.telephony.uicc.UiccCardApplication;0;0;2;0.9649;507;40;28;1;0;0.9844;388;38;29
com.android.internal.telephony.ServiceStateTracker.dispose();com.android.internal.telephony.uicc.UiccController;0;0;1;0.9859;270;42;77;0;0;1.0000;106;11;13
com.android.internal.telephony.PhoneProxy.registerForPreciseCallStateChanged(Handler, int, Object);com.android.internal.telephony.Phone;0;0;1;0.9947;669;181;14;1;0;0.9947;176;176;73
com.android.internal.telephony.cdma.SmsMessage.parsePduFromEfRecord(byte[]);com.android.internal.telephony.cdma.sms.SmsEnvelope;4;2;11;0.9333;551;31;16;0;10;0.6296;2;0;27
com.android.internal.telephony.cdma.SmsMessage.privateGetSubmitPdu(String, boolean, UserData);com.android.internal.telephony.cdma.sms.SmsEnvelope;5;1;3;1.0000;551;31;16;0;8;0.8214;2;0;27
com.android.internal.telephony.PhoneBase.notifyServiceStateChangedP(ServiceState);com.android.internal.telephony.PhoneNotifier;0;0;2;0.9880;621;139;66;1;0;0.9231;11;11;0
com.android.internal.telephony.PhoneSubInfo.getLine1AlphaTag();com.android.internal.telephony.Phone;0;0;3;0.8947;98;16;6;1;0;0.9947;176;176;73
com.android.internal.telephony.gsm.GsmDataConnectionTracker.onDataSetupComplete(AsyncResult);com.android.internal.telephony.ApnContext;4;6;1;0.9364;1681;86;13;5;5;0.7959;143;19;13
com.android.internal.telephony.gsm.UsimPhoneBookManager.updatePhoneAdnRecord();com.android.internal.telephony.uicc.AdnRecord;1;2;6;0.7407;250;14;33;0;1;0.9643;145;10;20
com.android.internal.telephony.CallSetupException.DcDefaultState.enter();com.android.internal.telephony.CallSetupException;2;0;0;1.0000;169;3;0;0;2;0.9811;293;31;34
com.android.internal.telephony.PhoneSubInfoProxy.getIsimDomain();com.android.internal.telephony.PhoneSubInfo;0;0;1;0.9375;51;14;1;1;0;0.9500;98;16;6
com.android.internal.telephony.gsm.SmsCbHeader.getCmasSeverity();android.telephony.SmsCbCmasInfo;2;0;1;0.9545;198;13;16;0;3;1.0000;48;3;46
com.android.internal.telephony.PhoneBase.notifyDataConnection(String, String);com.android.internal.telephony.Phone;1;0;1;0.9940;621;139;66;1;0;0.9947;176;176;73
com.android.internal.telephony.cdma.CdmaDataConnectionTracker.onRadioOffOrNotAvailable();com.android.internal.telephony.PhoneBase;1;1;0;0.9831;612;49;13;0;1;0.9942;621;139;66
com.android.internal.telephony.cdma.CDMAPhone.getVoiceMessageCount();com.android.internal.telephony.uicc.IccRecords;1;0;1;1.0000;967;126;45;0;1;0.9839;160;33;36
com.android.internal.telephony.gsm.GsmMmiCode.sendUssd(String);com.android.internal.telephony.CommandsInterface;1;0;3;0.9565;840;42;63;1;0;0.9954;216;214;44
com.android.internal.telephony.RILRequest.onError(int, Object);com.android.internal.telephony.CommandException;1;1;4;0.5000;68;5;12;1;0;1.0000;46;1;2
com.android.internal.telephony.PhoneProxy.getIsimRecords();com.android.internal.telephony.Phone;0;0;1;0.9947;669;181;14;1;0;0.9947;176;176;73
com.android.internal.telephony.PhoneBase.notifyCellInfo(List<CellInfo>);com.android.internal.telephony.PhoneNotifier;0;0;1;0.9940;621;139;66;1;0;0.9167;11;11;0
com.android.internal.telephony.cdma.CdmaServiceStateTracker.handleMessage(Message);com.android.internal.telephony.CommandsInterface;2;13;8;0.7900;1091;45;44;4;0;0.9839;216;214;44
com.android.internal.telephony.WapPushOverSms.dispatchWapPdu(byte[]);com.android.internal.telephony.uicc.IccUtils;0;0;0;0;0;0;0;0;0;0;0;0;0
com.android.internal.telephony.cdma.CdmaDataConnectionTracker.onDataStateChanged(AsyncResult);com.android.internal.telephony.PhoneBase;1;3;0;0.9531;612;49;13;1;0;0.9944;621;139;66
com.android.internal.telephony.cdma.CDMAPhone.onUpdateIccAvailability();com.android.internal.telephony.uicc.UiccController;1;3;1;0.9737;967;126;45;1;1;0.9565;106;11;13
com.android.internal.telephony.cat.CatService.validateResponse(CatResponseMessage);com.android.internal.telephony.cat.CommandDetails;2;0;1;0.9615;491;19;26;1;0;0.9286;26;5;5
com.android.internal.telephony.SMSDispatcher.ConfirmDialogListener.onClick(DialogInterface, int);com.android.internal.telephony.SMSDispatcher;3;0;2;0.8000;54;3;5;1;3;0.9811;605;33;46
com.android.internal.telephony.cdma.SmsMessage.parseSms();com.android.internal.telephony.uicc.IccUtils;0;0;0;0;0;0;0;0;0;0;0;0;0
com.android.internal.telephony.gsm.GsmCallTracker.separate(GsmConnection);com.android.internal.telephony.gsm.GsmConnection;1;1;1;0.9825;563;41;17;1;1;0.9643;433;31;29
com.android.internal.telephony.uicc.RuimRecords.EfCsimSpnLoaded.onRecordLoaded(AsyncResult);com.android.internal.telephony.uicc.RuimRecords;3;0;0;1.0000;45;2;0;1;2;0.9412;330;21;25
com.android.internal.telephony.cdma.CdmaServiceStateTracker.getSubscriptionInfoAndStartPollingThreads();com.android.internal.telephony.CommandsInterface;0;1;0;0.9884;1091;45;44;1;0;0.9954;216;214;44
com.android.internal.telephony.cat.CommandParamsFactory.processRefresh(CommandDetails, List<ComprehensionTlv>);com.android.internal.telephony.cat.CommandDetails;1;0;5;0.9600;576;21;15;0;1;0.9167;26;5;5
com.android.internal.telephony.uicc.IccCardProxy.supplyPuk2(String, String, Message);com.android.internal.telephony.uicc.UiccCardApplication;0;0;2;0.9649;507;40;28;1;0;0.9844;388;38;29
com.android.internal.telephony.uicc.UiccCard.dump(FileDescriptor, PrintWriter, String[]);com.android.internal.telephony.uicc.IccRecords;0;0;0;0;0;0;0;0;0;0;0;0;0
com.android.internal.telephony.gsm.GsmMmiCode.cancel();com.android.internal.telephony.CommandsInterface;2;0;4;0.9375;840;42;63;1;0;0.9955;216;214;44
com.android.internal.telephony.uicc.AdnRecordCache.updateAdnBySearch(int, AdnRecord, AdnRecord, String, Message);com.android.internal.telephony.uicc.AdnRecordLoader;2;3;4;0.7273;190;11;7;1;0;0.9600;117;4;15
com.android.internal.telephony.gsm.GsmDataConnectionTracker.getLinkProperties(String);com.android.internal.telephony.DataConnectionAc;1;1;0;0.9892;1681;86;13;1;0;0.9783;270;41;35
android.telephony.SmsMessage.createFromPdu(byte[], String);com.android.internal.telephony.gsm.SmsMessage;0;0;1;1.0000;230;37;14;1;0;1.0000;446;23;12
com.android.internal.telephony.gsm.GsmDataConnectionTracker.onVoiceCallEnded();com.android.internal.telephony.ServiceStateTracker;1;4;1;0.9583;1681;86;13;1;0;0.9875;270;42;77
com.android.internal.telephony.cat.CatService.handleCommand(CommandParams, boolean);com.android.internal.telephony.cat.CommandParamsFactory;10;2;5;0.8286;491;19;26;0;2;1.0000;576;21;15
com.android.internal.telephony.CallManager.explicitCallTransfer(Call);com.android.internal.telephony.Phone;0;2;2;0.9839;775;95;53;1;0;0.9948;176;176;73
com.android.internal.telephony.cdma.CDMAPhone.needsOtaServiceProvisioning();com.android.internal.telephony.ServiceStateTracker;1;0;1;0.9932;967;126;45;0;1;1.0000;270;42;77
com.android.internal.telephony.DataConnectionTracker.dump(FileDescriptor, PrintWriter, String[]);com.android.internal.telephony.PhoneBase;0;0;35;0.7317;907;78;74;1;0;0.9950;621;139;66
com.android.internal.telephony.PhoneBase.getLinkCapabilities(String);com.android.internal.telephony.DataConnectionTracker;0;0;1;0.9940;621;139;66;1;0;0.9919;907;78;74
com.android.internal.telephony.RIL.supplyIccPinForApp(String, String, Message);com.android.internal.telephony.RILRequest;1;3;1;0.9892;2610;171;27;2;2;0.7273;68;5;12
com.android.internal.telephony.gsm.SimSmsInterfaceManager.updateMessageOnIccEf(int, int, byte[]);com.android.internal.telephony.uicc.IccFileHandler;2;1;5;0.8400;134;12;14;1;0;0.9667;262;16;42
com.android.internal.telephony.cdma.CdmaCallTracker.setMute(boolean);com.android.internal.telephony.CommandsInterface;0;0;1;0.9851;707;48;22;1;0;0.9954;216;214;44
com.android.internal.telephony.PhoneProxy.getEnhancedVoicePrivacy(Message);com.android.internal.telephony.Phone;0;0;1;0.9947;669;181;14;1;0;0.9947;176;176;73
com.android.internal.telephony.cat.CatService.handleCmdResponse(CatResponseMessage);com.android.internal.telephony.cat.AppInterface;5;3;2;0.8571;491;19;26;0;1;1.0000;13;4;4
com.android.internal.telephony.cdma.SmsMessage.parsePdu(byte[]);com.android.internal.telephony.cdma.sms.CdmaSmsAddress;3;1;2;0.9500;551;31;16;0;4;0.8095;84;5;23
com.android.internal.telephony.PhoneProxy.getAllCellInfo();com.android.internal.telephony.Phone;0;0;1;0.9947;669;181;14;1;0;0.9947;176;176;73
com.android.internal.telephony.uicc.UiccCardApplication.dispose();com.android.internal.telephony.uicc.IccRecords;0;1;6;0.9048;388;38;29;1;0;0.9851;160;33;36
com.android.internal.telephony.cat.CatService.removeMenu(Menu);com.android.internal.telephony.cat.Menu;1;0;0;1.0000;491;19;26;0;1;0.9286;46;2;11
com.android.internal.telephony.gsm.GsmConnection.disconnectCauseFromCode(int);com.android.internal.telephony.gsm.GSMPhone;6;0;1;0.9839;433;31;29;1;1;0.9845;1009;105;19
com.android.internal.telephony.RIL.sendTerminalResponse(String, Message);com.android.internal.telephony.RILRequest;1;3;1;0.9892;2610;171;27;2;2;0.7273;68;5;12
com.android.internal.telephony.cdma.CdmaDataConnectionTracker.isDataAllowed();com.android.internal.telephony.PhoneBase;4;1;3;0.9437;612;49;13;2;0;0.9892;621;139;66
com.android.internal.telephony.gsm.GSMPhone.getCellLocation();com.android.internal.telephony.gsm.GsmServiceStateTracker;1;0;1;0.9917;1009;105;19;0;1;0.9853;1025;35;46
com.android.internal.telephony.gsm.GsmMmiCode.newFromUssdUserInput(String, GSMPhone, UiccCardApplication);com.android.internal.telephony.MmiCode;1;0;3;0.9348;840;42;63;0;1;0.8889;5;5;1
com.android.internal.telephony.gsm.GSMPhone.enableLocationUpdates();com.android.internal.telephony.ServiceStateTracker;0;0;1;0.9917;1009;105;19;1;0;0.9861;270;42;77
com.android.internal.telephony.gsm.GsmConnection.isConnectingInOrOut();com.android.internal.telephony.gsm.GsmCallTracker;2;0;2;0.9630;433;31;29;0;1;0.9825;563;41;17
com.android.internal.telephony.PhoneProxy.switchHoldingAndActive();com.android.internal.telephony.Phone;0;0;1;0.9947;669;181;14;1;0;0.9947;176;176;73
com.android.internal.telephony.PhoneProxy.getDataActivityState();com.android.internal.telephony.Phone;0;0;1;0.9947;669;181;14;1;0;0.9947;176;176;73
com.android.internal.telephony.sip.SipPhone.SipCall.hold();com.android.internal.telephony.sip.SipPhone.SipConnection;0;2;0;0.9231;214;24;0;1;0;0.9643;125;15;7
com.android.internal.telephony.cdma.CdmaCallTracker.hangupWaitingOrBackground();com.android.internal.telephony.Phone;1;2;0;0.9701;707;48;22;0;1;1.0000;176;176;73
com.android.internal.telephony.uicc.IsimUiccRecords.isimTlvToString(byte[]);com.android.internal.telephony.gsm.SimTlv;0;0;2;1.0000;94;15;8;3;0;0.7500;51;4;7
android.telephony.SmsMessage.isCphsMwiMessage();com.android.internal.telephony.SmsMessageBase;0;0;1;0.9643;230;37;14;1;0;0.9706;80;16;18
com.android.internal.telephony.gsm.GsmCallTracker.handlePollCalls(AsyncResult);com.android.internal.telephony.gsm.GsmConnection;5;4;10;0.8493;563;41;17;3;5;0.8947;433;31;29
com.android.internal.telephony.cdma.CdmaDataConnection.onConnect(ConnectionParams);com.android.internal.telephony.ApnSetting;2;1;0;0.8750;45;6;1;0;1;0.9583;96;4;18
com.android.internal.telephony.cat.CatService.getInKeyResponse(ByteArrayOutputStream, Input);com.android.internal.telephony.cat.Duration;2;0;0;1.0000;491;19;26;0;2;0.7778;21;2;5
android.telephony.gsm.SmsMessage.getSubmitPdu(String, String, String, boolean, byte[]);com.android.internal.telephony.cdma.SmsMessage;0;0;0;1.0000;159;34;12;1;0;1.0000;551;31;16
com.android.internal.telephony.PhoneBase.unregisterForLineControlInfo(Handler);com.android.internal.telephony.CommandsInterface;0;0;1;0.9940;621;139;66;1;0;0.9954;216;214;44
com.android.internal.telephony.RIL.RILReceiver.run();com.android.internal.telephony.RIL;2;0;1;0.8750;78;1;1;4;4;0.9785;2610;171;27
com.android.internal.telephony.cdma.CDMAPhone.dispose();com.android.internal.telephony.PhoneProxy;1;2;9;0.9329;967;126;45;0;1;1.0000;669;181;14
com.android.internal.telephony.RIL.RILReceiver.run();com.android.internal.telephony.CommandsInterface;2;0;1;0.8750;78;1;1;0;1;0.9955;216;214;44
com.android.internal.telephony.cdma.CdmaConnection.compareTo(DriverCall);com.android.internal.telephony.DriverCall;1;1;2;0.9661;566;40;27;0;3;0.8421;75;5;15
com.android.internal.telephony.uicc.UiccController.getIccRecords(int);com.android.internal.telephony.uicc.UiccCardApplication;0;0;2;0.9333;106;11;13;1;0;0.9844;388;38;29
com.android.internal.telephony.sip.SipPhoneBase.getAllCellInfo();com.android.internal.telephony.ServiceStateTracker;0;0;0;1.0000;288;86;3;1;0;0.9861;270;42;77
com.android.internal.telephony.uicc.IccCardProxy.registerUiccCardEvents();com.android.internal.telephony.uicc.UiccCard;0;0;9;0.9516;507;40;28;1;0;0.9737;187;15;18
com.android.internal.telephony.cat.CommandParamsFactory.sendCmdParams(ResultCode);com.android.internal.telephony.cat.RilMessageDecoder;0;0;2;0.9200;576;21;15;1;0;0.9167;69;5;8
com.android.internal.telephony.uicc.SIMRecords.handleMessage(Message);com.android.internal.telephony.gsm.SimTlv;4;13;40;0.7200;909;32;58;3;1;0.9298;51;4;7
com.android.internal.telephony.cdma.CdmaDataConnectionTracker.onVoiceCallStarted();com.android.internal.telephony.Phone;2;0;1;0.9839;612;49;13;0;1;1.0000;176;176;73
com.android.internal.telephony.RIL.invokeOemRilRequestRaw(byte[], Message);com.android.internal.telephony.RILRequest;2;3;1;0.9892;2610;171;27;2;2;0.7273;68;5;12
com.android.internal.telephony.PhoneProxy.getMeid();com.android.internal.telephony.Phone;0;0;1;0.9947;669;181;14;1;0;0.9947;176;176;73
com.android.internal.telephony.cdma.CDMAPhone.getDataActivityState();com.android.internal.telephony.cdma.CdmaServiceStateTracker;3;0;1;0.9933;967;126;45;0;1;0.9888;1091;45;44
com.android.internal.telephony.gsm.GsmSMSDispatcher.handleStatusReport(AsyncResult);com.android.internal.telephony.SmsMessageBase;6;1;0;0.9500;242;13;6;0;1;0.9744;80;16;18
com.android.internal.telephony.cdma.CdmaDataConnectionTracker.handleMessage(Message);com.android.internal.telephony.cdma.CdmaSubscriptionSourceManager;2;7;1;0.8667;612;49;13;1;1;0.9615;82;10;15
com.android.internal.telephony.cdma.CdmaConnection.updateParent(CdmaCall, CdmaCall);com.android.internal.telephony.cdma.CdmaCall;0;0;1;0.9828;566;40;27;2;0;0.8824;100;14;3
com.android.internal.telephony.cdma.CdmaCallTracker.canConference();com.android.internal.telephony.cdma.CdmaCall;1;0;2;0.9701;707;48;22;1;1;0.8889;100;14;3
com.android.internal.telephony.cat.CatService.getInstance(CommandsInterface, Context, UiccCard);com.android.internal.telephony.cat.CatLog;0;0;6;1.0000;491;19;26;1;0;1.0000;13;2;1
com.android.internal.telephony.gsm.GsmDataConnectionTracker.initApnContextsAndDataConnection();com.android.internal.telephony.ApnContext;2;3;0;0.9691;1681;86;13;3;1;0.8947;143;19;13
com.android.internal.telephony.PhoneProxy.queryAvailableBandMode(Message);com.android.internal.telephony.Phone;0;0;1;0.9947;669;181;14;1;0;0.9947;176;176;73
com.android.internal.telephony.gsm.SimSmsInterfaceManager.copyMessageToIccEf(int, byte[], byte[]);com.android.internal.telephony.uicc.IccUtils;0;0;0;0;0;0;0;0;0;0;0;0;0
com.android.internal.telephony.uicc.IccCardProxy.processLockedState();com.android.internal.telephony.uicc.UiccCardApplication;0;1;3;0.9310;507;40;28;2;0;0.9697;388;38;29
com.android.internal.telephony.PhoneProxy.setEchoSuppressionEnabled(boolean);com.android.internal.telephony.Phone;0;0;1;0.9947;669;181;14;1;0;0.9947;176;176;73
com.android.internal.telephony.gsm.SmsMessage.PduParser.getSCAddress();com.android.internal.telephony.gsm.SmsMessage;1;1;2;0.8000;139;9;6;0;1;1.0000;446;23;12
com.android.internal.telephony.CallManager.startDtmf(char);com.android.internal.telephony.Phone;0;3;2;0.9758;775;95;53;1;0;0.9948;176;176;73
android.telephony.gsm.SmsMessage.getTPLayerLengthForPDU(String);com.android.internal.telephony.gsm.SmsMessage;0;0;0;1.0000;159;34;12;1;0;1.0000;446;23;12
com.android.internal.telephony.gsm.SmsCbHeader.isCmasMessage();com.android.internal.telephony.gsm.SmsCbConstants;1;0;1;0.9545;198;13;16;0;2;1.0000;2;0;31
com.android.internal.telephony.cdma.sms.BearerData.encodeEmsUserDataPayload(UserData);com.android.internal.telephony.cdma.sms.UserData;1;2;0;1.0000;1209;66;114;0;5;0.6667;23;2;31
com.android.internal.telephony.RIL.getAvailableNetworks(Message);com.android.internal.telephony.RILRequest;1;3;1;0.9891;2610;171;27;2;1;0.8182;68;5;12
com.android.internal.telephony.gsm.GsmDataConnectionTracker.startAlarmForReconnect(int, ApnContext);com.android.internal.telephony.DataConnectionAc;3;2;3;0.9792;1681;86;13;1;1;0.9592;270;41;35
com.android.internal.telephony.PhoneProxy.updatePhoneObject(int);com.android.internal.telephony.IccPhoneBookInterfaceManagerProxy;4;3;8;0.9500;669;181;14;0;1;0.9630;21;4;1
com.android.internal.telephony.gsm.GsmServiceStateTracker.hangupAndPowerOff();com.android.internal.telephony.gsm.GSMPhone;2;0;1;0.9865;1025;35;46;1;1;0.9843;1009;105;19
com.android.internal.telephony.PhoneSubInfo.getLine1Number();com.android.internal.telephony.Phone;0;0;3;0.8947;98;16;6;1;0;0.9947;176;176;73
com.android.internal.telephony.gsm.GSMPhone.notifyPhoneStateChanged();com.android.internal.telephony.PhoneNotifier;0;0;0;1.0000;1009;105;19;1;0;0.9167;11;11;0
com.android.internal.telephony.test.ModelInterpreter.conference();com.android.internal.telephony.test.SimulatedGsmCallState;0;0;1;0.9773;319;33;14;1;0;0.9600;452;20;6
com.android.internal.telephony.sip.SipPhone.SipConnection.acceptCall();com.android.internal.telephony.sip.SipPhone;1;0;1;0.9565;125;15;7;0;1;1.0000;238;31;10
com.android.internal.telephony.gsm.GSMPhone.processIccRecordEvents(int);com.android.internal.telephony.uicc.IccRecords;1;1;0;0.9917;1009;105;19;0;2;1.0000;160;33;36
com.android.internal.telephony.cdma.CdmaDataConnectionTracker.trySetupData(String);com.android.internal.telephony.ServiceStateTracker;5;3;1;0.9394;612;49;13;0;1;0.9882;270;42;77
com.android.internal.telephony.IccSmsInterfaceManagerProxy.sendText(String, String, String, PendingIntent, PendingIntent);com.android.internal.telephony.IccSmsInterfaceManager;0;0;1;0.9286;45;12;1;1;0;0.9286;63;9;3
com.android.internal.telephony.CallManager.stopDtmf();com.android.internal.telephony.Phone;0;3;2;0.9756;775;95;53;1;0;0.9948;176;176;73
com.android.internal.telephony.gsm.GsmDataConnectionTracker.trySetupData(String, String);com.android.internal.telephony.ApnContext;0;2;1;0.9677;1681;86;13;1;0;0.9730;143;19;13
com.android.internal.telephony.gsm.GSMPhone.selectNetworkManually(OperatorInfo, Message);com.android.internal.telephony.OperatorInfo;1;0;0;1.0000;1009;105;19;0;2;0.8667;50;4;6
com.android.internal.telephony.sip.SipPhone.SipCall.dial(String);com.android.internal.telephony.sip.SipPhone;1;1;0;0.9615;214;24;0;0;1;0.9744;238;31;10
com.android.internal.telephony.gsm.GSMPhone.handleCallDeflectionIncallSupplementaryService(String);com.android.internal.telephony.Phone;2;3;3;0.9675;1009;105;19;0;1;0.9949;176;176;73
android.telephony.SmsMessage.getUserData();com.android.internal.telephony.SmsMessageBase;1;0;1;0.9643;230;37;14;0;1;0.9706;80;16;18
com.android.internal.telephony.gsm.GsmDataConnectionTracker.onPollPdp();com.android.internal.telephony.CommandsInterface;1;1;1;0.9892;1681;86;13;1;0;0.9954;216;214;44
com.android.internal.telephony.cdma.CdmaServiceStateTracker.dispose();com.android.internal.telephony.cdma.CdmaSubscriptionSourceManager;0;0;5;0.9490;1091;45;44;1;0;0.9688;82;10;15
com.android.internal.telephony.uicc.UiccCardApplication.supplyPin(String, Message);com.android.internal.telephony.CommandsInterface;0;0;2;0.9677;388;38;29;1;0;0.9954;216;214;44
com.android.internal.telephony.IccPhoneBookInterfaceManager.getAdnRecordsInEf(int);com.android.internal.telephony.PhoneBase;1;4;7;0.5909;98;12;12;0;1;0.9944;621;139;66
com.android.internal.telephony.RIL.setupDataCall(String, String, String, String, String, String, String, Message);com.android.internal.telephony.RILRequest;1;3;1;0.9892;2610;171;27;2;2;0.7273;68;5;12
com.android.internal.telephony.cdma.CdmaSMSDispatcher.resultToCause(int);android.provider.Telephony.Sms.Intents;2;0;0;1.0000;229;15;5;0;4;1.0000;16;1;12
com.android.internal.telephony.PhoneSubInfoProxy.getIccSerialNumber();com.android.internal.telephony.PhoneSubInfo;0;0;1;0.9375;51;14;1;1;0;0.9500;98;16;6
com.android.internal.telephony.cdma.SmsMessage.parseSms();com.android.internal.telephony.cdma.sms.SmsEnvelope;5;0;5;0.9333;551;31;16;0;3;0.9429;2;0;27
com.android.internal.telephony.uicc.SIMRecords.fetchSimRecords();com.android.internal.telephony.uicc.AdnRecordLoader;2;2;18;0.9661;909;32;58;1;0;0.9630;117;4;15
com.android.internal.telephony.gsm.GsmCallTracker.clearDisconnected();com.android.internal.telephony.gsm.GSMPhone;0;2;1;0.9444;563;41;17;1;0;0.9919;1009;105;19
com.android.internal.telephony.gsm.GsmSMSDispatcher.sendNewSubmitPdu(String, String, String, SmsHeader, int, PendingIntent, PendingIntent, boolean);com.android.internal.telephony.SmsHeader;2;0;1;1.0000;242;13;6;1;2;0.8000;156;3;38
com.android.internal.telephony.gsm.GsmDataConnectionTracker.findFreeDataConnection();com.android.internal.telephony.DataConnectionAc;1;2;0;0.9785;1681;86;13;1;1;0.9565;270;41;35
com.android.internal.telephony.cdma.CdmaConnection.disconnectCauseFromCode(int);com.android.internal.telephony.cdma.CallFailCause;5;0;1;0.9839;566;40;27;0;17;1.0000;0;0;18
com.android.internal.telephony.cat.CommandParamsFactory.processPlayTone(CommandDetails, List<ComprehensionTlv>);com.android.internal.telephony.cat.TextMessage;4;1;5;0.8824;576;21;15;0;3;0.8696;25;2;9
com.android.internal.telephony.RIL.getCdmaBroadcastConfig(Message);com.android.internal.telephony.RILRequest;0;1;0;0.9945;2610;171;27;1;0;1.0000;68;5;12
com.android.internal.telephony.SMSDispatcher.dispatchBroadcastMessage(SmsCbMessage);android.telephony.SmsCbMessage;1;1;3;0.9800;605;33;46;1;0;0.9474;102;6;22
com.android.internal.telephony.test.SimulatedCommands.triggerRing(String);com.android.internal.telephony.test.SimulatedGsmCallState;0;0;1;0.9936;821;136;26;1;0;0.9615;452;20;6
com.android.internal.telephony.RIL.reportStkServiceIsRunning(Message);com.android.internal.telephony.RILRequest;1;3;1;0.9891;2610;171;27;2;1;0.8182;68;5;12
com.android.internal.telephony.PhoneBase.getIccFileHandler();com.android.internal.telephony.uicc.UiccCardApplication;0;0;1;0.9940;621;139;66;1;0;0.9841;388;38;29
android.telephony.SmsMessage.isReplyPathPresent();com.android.internal.telephony.SmsMessageBase;0;0;1;0.9643;230;37;14;1;0;0.9706;80;16;18
com.android.internal.telephony.cdma.CdmaCallTracker.dialThreeWay(String);com.android.internal.telephony.Call;2;1;3;0.9437;707;48;22;1;0;0.9655;117;16;4
com.android.internal.telephony.PhoneSubInfoProxy.getLine1Number();com.android.internal.telephony.PhoneSubInfo;0;0;1;0.9375;51;14;1;1;0;0.9500;98;16;6
com.android.internal.telephony.gsm.GsmServiceStateTracker.setAndBroadcastNetworkSetTimeZone(String);com.android.internal.telephony.PhoneBase;1;1;2;0.9701;1025;35;46;0;1;0.9941;621;139;66
com.android.internal.telephony.cdma.CdmaCallTracker.disableDataCallInEmergencyCall(String);com.android.internal.telephony.DataConnectionTracker;2;1;2;0.9559;707;48;22;1;0;0.9921;907;78;74
com.android.internal.telephony.cdma.CdmaDataConnectionTracker.findFreeDataConnection();com.android.internal.telephony.DataConnectionAc;1;1;0;0.9828;612;49;13;1;1;0.9556;270;41;35
com.android.internal.telephony.gsm.GsmConnection.update(DriverCall);com.android.internal.telephony.DriverCall;2;5;3;0.8871;433;31;29;0;5;0.8276;75;5;15
com.android.internal.telephony.cdma.CdmaCallTracker.hangupForegroundResumeBackground();com.android.internal.telephony.CommandsInterface;1;2;0;0.9701;707;48;22;1;0;0.9954;216;214;44
android.provider.Telephony.Threads.getOrCreateThreadId(Context, Set<String>);android.provider.Telephony;1;0;2;1.0000;33;2;7;0;1;1.0000;2;0;3
com.android.internal.telephony.cdma.CdmaConnection.processNextPostDialChar();com.android.internal.telephony.cdma.CdmaCallTracker;2;3;6;0.8644;566;40;27;0;1;0.9868;707;48;22
com.android.internal.telephony.IccSmsInterfaceManagerProxy.sendMultipartText(String, String, List<String>, List<PendingIntent>, List<PendingIntent>);com.android.internal.telephony.IccSmsInterfaceManager;0;0;1;0.9286;45;12;1;1;0;0.9286;63;9;3
com.android.internal.telephony.PhoneBase.enableApnType(String);com.android.internal.telephony.DataConnectionTracker;0;0;1;0.9940;621;139;66;1;0;0.9919;907;78;74
com.android.internal.telephony.WapPushOverSms.dispatchWapPdu(byte[]);com.android.internal.telephony.WspTypeDecoder;4;0;4;0.8235;100;1;7;4;8;0.7241;296;19;16
com.android.internal.telephony.cat.CommandParamsFactory.setIcons(Object);com.android.internal.telephony.cat.CommandParams;0;0;4;0.9200;576;21;15;1;0;0.8333;12;3;1
com.android.internal.telephony.RIL.dial(String, int, UUSInfo, Message);com.android.internal.telephony.RILRequest;2;3;1;0.9894;2610;171;27;2;2;0.7857;68;5;12
com.android.internal.telephony.cdma.CdmaConnection.proceedAfterWildChar(String);com.android.internal.telephony.CallTracker;2;3;7;0.8644;566;40;27;0;1;0.9655;58;15;20
com.android.internal.telephony.uicc.UiccCard.getApplication(int);com.android.internal.telephony.uicc.IccCardStatus;2;0;5;0.8276;187;15;18;0;1;1.0000;72;7;9
com.android.internal.telephony.PhoneProxy.handleInCallMmiCommands(String);com.android.internal.telephony.Phone;0;0;1;0.9947;669;181;14;1;0;0.9947;176;176;73
com.android.internal.telephony.uicc.AdnRecordLoader.loadFromEF(int, int, int, Message);com.android.internal.telephony.uicc.IccFileHandler;0;0;6;0.6429;117;4;15;1;0;0.9600;262;16;42
com.android.internal.telephony.uicc.IsimUiccRecords.EfIsimImpiLoaded.onRecordLoaded(AsyncResult);com.android.internal.telephony.uicc.IsimUiccRecords;1;0;0;1.0000;8;2;0;2;2;0.8889;94;15;8
com.android.internal.telephony.cdma.CdmaDataConnectionTracker.cleanUpConnection(boolean, String, boolean);com.android.internal.telephony.PhoneBase;2;2;0;0.9688;612;49;13;0;1;0.9944;621;139;66
com.android.internal.telephony.CallManager.conference(Call);com.android.internal.telephony.Phone;0;3;2;0.9758;775;95;53;1;0;0.9948;176;176;73
com.android.internal.telephony.gsm.GsmDataConnectionTracker.getState(String);com.android.internal.telephony.ApnContext;1;0;0;1.0000;1681;86;13;0;1;0.9697;143;19;13
com.android.internal.telephony.cat.CatService.encodeOptionalTags(CommandDetails, ResultCode, Input, ByteArrayOutputStream);com.android.internal.telephony.cat.Input;4;2;0;0.9231;491;19;26;0;1;0.9524;48;3;13
com.android.internal.telephony.DataConnectionTracker.broadcastMessenger();com.android.internal.telephony.PhoneBase;1;0;1;0.9918;907;78;74;0;1;0.9940;621;139;66
com.android.internal.telephony.DefaultPhoneNotifier.notifyPhoneState(Phone);com.android.internal.telephony.Connection;1;0;1;0.9444;180;19;3;1;0;0.9697;60;24;6
com.android.internal.telephony.IccSmsInterfaceManager.sendText(String, String, String, PendingIntent, PendingIntent);com.android.internal.telephony.PhoneBase;1;1;2;0.7857;63;9;3;0;1;0.9942;621;139;66
com.android.internal.telephony.gsm.GsmMmiCode.makeCFQueryResultMessage(CallForwardInfo, int);com.android.internal.telephony.CommandsInterface;2;2;2;0.9412;840;42;63;0;3;1.0000;216;214;44
com.android.internal.telephony.PhoneBase.queryTTYMode(Message);com.android.internal.telephony.CommandsInterface;0;0;1;0.9940;621;139;66;1;0;0.9954;216;214;44
com.android.internal.telephony.gsm.GSMPhone.notifyLocationChanged();com.android.internal.telephony.PhoneNotifier;0;0;0;1.0000;1009;105;19;1;0;0.9167;11;11;0
com.android.internal.telephony.cdma.sms.BearerData.encodeCdmaSmsAddress(CdmaSmsAddress);com.android.internal.telephony.SmsAddress;2;1;0;1.0000;1209;66;114;0;2;0.7143;12;3;10
com.android.internal.telephony.gsm.GsmCallTracker.handlePollCalls(AsyncResult);com.android.internal.telephony.Call;5;4;10;0.8493;563;41;17;0;1;0.9800;117;16;4
com.android.internal.telephony.DriverCall.fromCLCCLine(String);com.android.internal.telephony.ATResponseParser;0;1;9;0.6190;75;5;15;4;0;0.7895;102;7;4
com.android.internal.telephony.RIL.invokeOemRilRequestRaw(byte[], Message);com.android.internal.telephony.uicc.IccUtils;0;0;0;0;0;0;0;0;0;0;0;0;0
com.android.internal.telephony.PhoneProxy.registerForMmiInitiate(Handler, int, Object);com.android.internal.telephony.Phone;0;0;1;0.9947;669;181;14;1;0;0.9947;176;176;73
com.android.internal.telephony.cat.ValueParser.retrieveCommandDetails(ComprehensionTlv);com.android.internal.telephony.cat.ComprehensionTlv;2;0;0;1.0000;195;10;0;0;3;0.7000;97;2;6
com.android.internal.telephony.uicc.RuimRecords.EfCsimMdnLoaded.onRecordLoaded(AsyncResult);com.android.internal.telephony.uicc.RuimRecords;2;0;0;1.0000;10;2;0;1;2;0.9394;330;21;25
com.android.internal.telephony.cdma.CDMAPhone.setRadioPower(boolean);com.android.internal.telephony.ServiceStateTracker;0;0;1;0.9932;967;126;45;1;0;0.9861;270;42;77
com.android.internal.telephony.uicc.UiccCardApplication.dispose();com.android.internal.telephony.uicc.IccFileHandler;0;1;6;0.9048;388;38;29;1;0;0.9630;262;16;42
com.android.internal.telephony.cdma.CdmaDataConnectionTracker.dispose();com.android.internal.telephony.cdma.CdmaSubscriptionSourceManager;2;2;2;0.9452;612;49;13;1;0;0.9714;82;10;15
com.android.internal.telephony.gsm.SmsCbHeader.getCmasUrgency();com.android.internal.telephony.gsm.SmsCbConstants;2;0;1;0.9545;198;13;16;0;8;1.0000;2;0;31
com.android.internal.telephony.IccSmsInterfaceManager.sendMultipartText(String, String, List<String>, List<PendingIntent>, List<PendingIntent>);com.android.internal.telephony.PhoneBase;1;1;2;0.7857;63;9;3;0;1;0.9942;621;139;66
com.android.internal.telephony.cat.ValueParser.retrieveItemsIconId(ComprehensionTlv);com.android.internal.telephony.cat.ItemsIconId;2;0;0;1.0000;195;10;0;0;2;0.6667;3;1;2
com.android.internal.telephony.CallManager.unregisterForPhoneStates(Phone);com.android.internal.telephony.Phone;0;0;2;0.9930;775;95;53;21;0;0.8889;176;176;73
com.android.internal.telephony.cat.CatService.sendMenuSelection(int, boolean);com.android.internal.telephony.CommandsInterface;2;0;3;0.9583;491;19;26;1;0;0.9954;216;214;44
com.android.internal.telephony.test.ModelInterpreter.separateCall(int);com.android.internal.telephony.test.SimulatedGsmCallState;0;0;1;0.9773;319;33;14;1;0;0.9600;452;20;6
com.android.internal.telephony.RIL.responseCdmaCallWaiting(Parcel);com.android.internal.telephony.cdma.CdmaCallWaitingNotification;1;0;0;1.0000;2610;171;27;1;10;0.0909;16;2;11
com.android.internal.telephony.gsm.GsmServiceStateTracker.updateSpnDisplay();com.android.internal.telephony.PhoneBase;3;1;7;0.9014;1025;35;46;0;1;0.9944;621;139;66
android.provider.Telephony.Sms.Intents.getMessagesFromIntent(Intent);android.telephony.SmsMessage;0;0;0;1.0000;16;1;12;1;0;1.0000;230;37;14
com.android.internal.telephony.cdma.CdmaConnection.disconnectCauseFromCode(int);com.android.internal.telephony.uicc.UiccController;5;0;1;0.9839;566;40;27;2;1;0.9500;106;11;13
com.android.internal.telephony.cat.CommandParamsFactory.processGetInput(CommandDetails, List<ComprehensionTlv>);com.android.internal.telephony.cat.ComprehensionTlv;4;1;5;0.8947;576;21;15;0;2;0.9091;97;2;6
com.android.internal.telephony.RIL.getIMEI(Message);com.android.internal.telephony.RILRequest;1;3;1;0.9891;2610;171;27;2;1;0.8182;68;5;12
com.android.internal.telephony.uicc.IsimUiccRecords.EfIsimImpuLoaded.onRecordLoaded(AsyncResult);com.android.internal.telephony.uicc.IsimUiccRecords;1;0;0;1.0000;14;2;0;2;3;0.8889;94;15;8
com.android.internal.telephony.cat.ValueParser.retrieveAlphaId(ComprehensionTlv);com.android.internal.telephony.uicc.IccUtils;0;0;0;0;0;0;0;0;0;0;0;0;0
com.android.internal.telephony.RIL.acknowledgeLastIncomingGsmSms(boolean, int, Message);com.android.internal.telephony.RILRequest;1;3;1;0.9892;2610;171;27;2;2;0.7273;68;5;12
com.android.internal.telephony.gsm.SmsMessage.getSubmitPdu(String, String, int, byte[], boolean);com.android.internal.telephony.SmsHeader.PortAddrs;3;1;1;1.0000;446;23;12;0;3;0.4000;0;0;3
com.android.internal.telephony.cdma.sms.BearerData.encode7bitAscii(String, boolean);com.android.internal.telephony.cdma.sms.UserData;1;0;0;1.0000;1209;66;114;0;2;1.0000;23;2;31
com.android.internal.telephony.cdma.CDMAPhone.handleCdmaSubscriptionSource(int);com.android.internal.telephony.Phone;1;0;1;0.9932;967;126;45;0;1;1.0000;176;176;73
com.android.internal.telephony.cdma.CdmaCallTracker.dial(String, int);com.android.internal.telephony.PhoneBase;5;8;6;0.8182;707;48;22;0;1;0.9948;621;139;66
com.android.internal.telephony.uicc.IsimUiccRecords.fetchIsimRecords();com.android.internal.telephony.uicc.IccFileHandler;1;1;0;0.9545;94;15;8;2;0;0.9167;262;16;42
com.android.internal.telephony.uicc.IccFileHandler.handleMessage(Message);com.android.internal.telephony.uicc.IccIoResult;2;4;21;0.7931;262;16;42;1;1;0.9091;28;3;3
com.android.internal.telephony.gsm.GSMPhone.handleCallWaitingIncallSupplementaryService(String);com.android.internal.telephony.Phone;3;2;3;0.9758;1009;105;19;0;1;0.9949;176;176;73
com.android.internal.telephony.uicc.AdnRecord.parseRecord(byte[]);com.android.internal.telephony.uicc.IccUtils;0;0;0;0;0;0;0;0;0;0;0;0;0
com.android.internal.telephony.CallSetupException.setRetryCount(int);com.android.internal.telephony.RetryManager;0;1;1;0.9608;293;31;34;1;0;0.9600;201;16;9
com.android.internal.telephony.gsm.SmsMessage.parseUserData(PduParser, boolean);com.android.internal.telephony.SmsHeader;1;0;4;0.9167;446;23;12;0;2;0.9130;156;3;38
com.android.internal.telephony.gsm.SmsCbHeader.getCmasCertainty();android.telephony.SmsCbCmasInfo;2;0;1;0.9545;198;13;16;0;3;1.0000;48;3;46
android.telephony.gsm.SmsMessage.isStatusReportMessage();com.android.internal.telephony.SmsMessageBase;0;0;1;0.9655;159;34;12;1;0;0.9706;80;16;18
com.android.internal.telephony.CallManager.getPhoneBase(Phone);com.android.internal.telephony.Phone;0;0;0;1.0000;775;95;53;1;0;0.9947;176;176;73
com.android.internal.telephony.cdma.CdmaConnection.onDisconnect(DisconnectCause);com.android.internal.telephony.cdma.CdmaCall;1;2;5;0.8983;566;40;27;1;0;0.9583;100;14;3
com.android.internal.telephony.gsm.SimSmsInterfaceManager.enableCellBroadcastRange(int, int);com.android.internal.telephony.PhoneBase;1;2;2;0.8636;134;12;14;0;1;0.9942;621;139;66
com.android.internal.telephony.uicc.SIMRecords.handleFileUpdate(int);com.android.internal.telephony.uicc.IccConstants;1;2;3;0.9630;909;32;58;0;5;1.0000;0;0;51
android.telephony.SmsCbMessage.writeToParcel(Parcel, int);android.telephony.SmsCbLocation;0;0;10;0.5000;102;6;22;1;0;0.9615;77;7;4
com.android.internal.telephony.PhoneBase.getSmscAddress(Message);com.android.internal.telephony.CommandsInterface;0;0;1;0.9940;621;139;66;1;0;0.9954;216;214;44
android.telephony.gsm.SmsMessage.getTimestampMillis();com.android.internal.telephony.SmsMessageBase;1;0;1;0.9655;159;34;12;0;1;0.9706;80;16;18
com.android.internal.telephony.PhoneBase.registerForSignalInfo(Handler, int, Object);com.android.internal.telephony.CommandsInterface;0;0;1;0.9940;621;139;66;1;0;0.9954;216;214;44
com.android.internal.telephony.gsm.GsmDataConnectionTracker.onPollPdp();com.android.internal.telephony.PhoneBase;1;1;1;0.9892;1681;86;13;0;1;0.9941;621;139;66
com.android.internal.telephony.gsm.GsmDataConnectionTracker.isDataAllowed();com.android.internal.telephony.uicc.IccRecords;1;1;0;0.9904;1681;86;13;1;0;0.9865;160;33;36
com.android.internal.telephony.PhoneSubInfoProxy.getSubscriberId();com.android.internal.telephony.PhoneSubInfo;0;0;1;0.9375;51;14;1;1;0;0.9500;98;16;6
com.android.internal.telephony.PhoneProxy.unregisterForRingbackTone(Handler);com.android.internal.telephony.Phone;0;0;1;0.9947;669;181;14;1;0;0.9947;176;176;73
com.android.internal.telephony.cat.ValueParser.retrieveTextString(ComprehensionTlv);com.android.internal.telephony.cat.ComprehensionTlv;1;0;0;1.0000;195;10;0;0;3;0.5000;97;2;6
com.android.internal.telephony.CallManager.setMute(boolean);com.android.internal.telephony.Call;0;3;2;0.9758;775;95;53;1;0;0.9583;117;16;4
android.telephony.gsm.SmsMessage.getIndexOnSim();com.android.internal.telephony.SmsMessageBase;1;0;1;0.9655;159;34;12;0;1;0.9706;80;16;18
com.android.internal.telephony.cdma.CdmaDataConnectionTracker.onVoiceCallStarted();com.android.internal.telephony.cdma.CDMAPhone;2;0;1;0.9839;612;49;13;0;1;0.9935;967;126;45
com.android.internal.telephony.uicc.SIMRecords.setSpnFromConfig(String);com.android.internal.telephony.uicc.SpnOverride;0;0;1;0.9800;909;32;58;2;0;0.7143;42;3;3
com.android.internal.telephony.cat.CatService.handleCommand(CommandParams, boolean);com.android.internal.telephony.cat.CatLog;10;2;5;0.8286;491;19;26;1;0;1.0000;13;2;1
com.android.internal.telephony.gsm.GSMPhone.handleCallHoldIncallSupplementaryService(String);com.android.internal.telephony.Call;3;3;3;0.9680;1009;105;19;0;1;0.9655;117;16;4
com.android.internal.telephony.uicc.IccCardProxy.setIccLockEnabled(boolean, String, Message);com.android.internal.telephony.uicc.UiccCardApplication;0;0;2;0.9649;507;40;28;1;0;0.9844;388;38;29
com.android.internal.telephony.cdma.SmsMessage.getMessageClass();com.android.internal.telephony.cdma.sms.BearerData;1;0;1;0.9583;551;31;16;0;2;0.9744;1209;66;114
com.android.internal.telephony.test.SimulatedGsmCallState.onHangup();com.android.internal.telephony.test.CallInfo;1;0;1;0.9583;452;20;6;0;1;0.9286;54;7;7
com.android.internal.telephony.ServiceStateTracker.powerOffRadioSafely(DataConnectionTracker);com.android.internal.telephony.Phone;1;2;4;0.9444;270;42;77;0;1;1.0000;176;176;73
com.android.internal.telephony.gsm.SmsCbHeader.isEmergencyMessage();com.android.internal.telephony.gsm.SmsCbConstants;1;0;1;0.9545;198;13;16;0;2;1.0000;2;0;31
com.android.internal.telephony.DataConnectionTracker.doRecovery();com.android.internal.telephony.ServiceStateTracker;2;6;4;0.9280;907;78;74;1;0;0.9880;270;42;77
com.android.internal.telephony.PhoneProxy.setCdmaRoamingPreference(int, Message);com.android.internal.telephony.Phone;0;0;1;0.9947;669;181;14;1;0;0.9947;176;176;73
com.android.internal.telephony.cdma.CDMAPhone.getBackgroundCall();com.android.internal.telephony.cdma.CdmaCallTracker;1;0;1;0.9932;967;126;45;0;1;0.9851;707;48;22
com.android.internal.telephony.CallManager.canTransfer(Call);com.android.internal.telephony.Phone;0;2;0;0.9839;775;95;53;1;0;0.9948;176;176;73
android.provider.Telephony.Sms.moveMessageToFolder(Context, Uri, int, int);android.provider.Telephony.TextBasedSmsColumns;1;0;0;1.0000;61;6;2;0;9;1.0000;0;0;29
com.android.internal.telephony.gsm.GsmDataConnectionTracker.createAllApnList();com.android.internal.telephony.ApnSetting;3;4;0;0.9588;1681;86;13;0;1;0.9677;96;4;18
com.android.internal.telephony.PhoneSubInfoProxy.getDeviceId();com.android.internal.telephony.PhoneSubInfo;0;0;1;0.9375;51;14;1;1;0;0.9500;98;16;6
com.android.internal.telephony.cdma.CdmaSMSDispatcher.sendNewSubmitPdu(String, String, String, SmsHeader, int, PendingIntent, PendingIntent, boolean);com.android.internal.telephony.cdma.SmsMessage;2;0;0;1.0000;229;15;5;1;0;1.0000;551;31;16
com.android.internal.telephony.RIL.changeIccPinForApp(String, String, String, Message);com.android.internal.telephony.RILRequest;1;3;1;0.9892;2610;171;27;2;2;0.7273;68;5;12
com.android.internal.telephony.gsm.SmsMessage.getSubmitPduHead(String, String, byte, boolean, SubmitPdu);com.android.internal.telephony.SmsMessageBase.SubmitPduBase;1;0;1;1.0000;446;23;12;0;1;0.6667;3;1;2
com.android.internal.telephony.CallManager.getFgCallLatestConnection();com.android.internal.telephony.Call;0;1;0;0.9919;775;95;53;1;0;0.9524;117;16;4
com.android.internal.telephony.PhoneBase.dispose();com.android.internal.telephony.SmsStorageMonitor;1;0;6;0.9649;621;139;66;1;0;0.9524;53;4;11
com.android.internal.telephony.uicc.RuimRecords.EfCsimLiLoaded.onRecordLoaded(AsyncResult);com.android.internal.telephony.uicc.IccUtils;0;0;0;0;0;0;0;0;0;0;0;0;0
com.android.internal.telephony.cdma.CDMALTEPhone.onUpdateIccAvailability();com.android.internal.telephony.uicc.IccRecords;1;1;2;0.8750;169;15;5;2;0;0.9701;160;33;36
com.android.internal.telephony.gsm.SimSmsInterfaceManager.setCellBroadcastConfig(SmsBroadcastConfigInfo[]);com.android.internal.telephony.CommandsInterface;1;1;5;0.8095;134;12;14;1;0;0.9955;216;214;44
com.android.internal.telephony.uicc.IccFileHandler.loadEFImgTransparent(int, int, int, int, Message);com.android.internal.telephony.CommandsInterface;0;2;4;0.8000;262;16;42;1;0;0.9954;216;214;44
com.android.internal.telephony.uicc.IccFileHandler.updateEFLinearFixed(int, int, byte[], String, Message);com.android.internal.telephony.CommandsInterface;1;1;4;0.8500;262;16;42;1;0;0.9954;216;214;44
com.android.internal.telephony.ServiceStateTracker.reRegisterNetwork(Message);com.android.internal.telephony.CommandsInterface;0;0;2;0.9859;270;42;77;1;0;0.9954;216;214;44
com.android.internal.telephony.gsm.SmsCbHeader.getCmasMessageClass();com.android.internal.telephony.gsm.SmsCbConstants;2;0;1;0.9545;198;13;16;0;13;1.0000;2;0;31
com.android.internal.telephony.uicc.IccCardProxy.changeIccLockPassword(String, String, Message);com.android.internal.telephony.uicc.UiccCardApplication;0;0;2;0.9649;507;40;28;1;0;0.9844;388;38;29
com.android.internal.telephony.test.ModelInterpreter.run();com.android.internal.telephony.test.InterpreterEx;1;2;8;0.8000;319;33;14;0;1;0.9091;3;0;1
com.android.internal.telephony.cdma.CdmaCallTracker.hangupConnectionByIndex(CdmaCall, int);com.android.internal.telephony.cdma.CdmaCall;1;1;0;0.9855;707;48;22;0;1;0.9500;100;14;3
com.android.internal.telephony.PhoneProxy.notifyDataActivity();com.android.internal.telephony.Phone;0;0;1;0.9947;669;181;14;1;0;0.9947;176;176;73
com.android.internal.telephony.gsm.GsmSMSDispatcher.dispose();com.android.internal.telephony.CommandsInterface;0;0;0;1.0000;242;13;6;3;0;0.9861;216;214;44
com.android.internal.telephony.PhoneProxy.setBandMode(int, Message);com.android.internal.telephony.Phone;0;0;1;0.9947;669;181;14;1;0;0.9947;176;176;73
com.android.internal.telephony.SMSDispatcher.sendMultipartText(String, String, ArrayList<String>, ArrayList<PendingIntent>, ArrayList<PendingIntent>);com.android.internal.telephony.SmsHeader;2;3;1;0.9464;605;33;46;0;3;0.7857;156;3;38
com.android.internal.telephony.cdma.CDMAPhone.notifyLocationChanged();com.android.internal.telephony.PhoneNotifier;0;0;0;1.0000;967;126;45;1;0;0.9167;11;11;0
com.android.internal.telephony.PhoneBase.getActiveApnTypes();com.android.internal.telephony.DataConnectionTracker;0;0;1;0.9940;621;139;66;1;0;0.9919;907;78;74
com.android.internal.telephony.gsm.GsmDataConnectionTracker.setupData(ApnContext);com.android.internal.telephony.ApnContext;2;7;0;0.9333;1681;86;13;3;5;0.8261;143;19;13
com.android.internal.telephony.cat.IconLoader.readClut();com.android.internal.telephony.uicc.IccFileHandler;1;0;6;0.8636;217;14;19;1;0;0.9583;262;16;42
com.android.internal.telephony.cdma.CdmaServiceStateTracker.pollStateDone();com.android.internal.telephony.MccTable;1;4;8;0.8824;1091;45;44;1;0;1.0000;160;10;2
android.telephony.gsm.SmsMessage.getStatusOnIcc();com.android.internal.telephony.SmsMessageBase;1;0;1;0.9655;159;34;12;0;1;0.9706;80;16;18
com.android.internal.telephony.gsm.GSMPhone.onUpdateIccAvailability();com.android.internal.telephony.IccPhoneBookInterfaceManager;1;3;2;0.9680;1009;105;19;1;0;0.9655;98;12;12
com.android.internal.telephony.gsm.GsmDataConnection.onConnect(ConnectionParams);com.android.internal.telephony.DataConnection.ConnectionParams;1;1;1;0.7778;60;7;2;0;1;0.8571;4;0;3
com.android.internal.telephony.cat.CommandParamsFactory.processLaunchBrowser(CommandDetails, List<ComprehensionTlv>);com.android.internal.telephony.cat.CommandDetails;4;1;5;0.8788;576;21;15;0;1;0.9565;26;5;5
com.android.internal.telephony.PhoneProxy.setVoiceMessageWaiting(int, int);com.android.internal.telephony.Phone;0;0;1;0.9947;669;181;14;1;0;0.9947;176;176;73
com.android.internal.telephony.PhoneProxy.activateCellBroadcastSms(int, Message);com.android.internal.telephony.Phone;0;0;1;0.9947;669;181;14;1;0;0.9947;176;176;73
com.android.internal.telephony.RIL.getOperator(Message);com.android.internal.telephony.RILRequest;1;3;1;0.9891;2610;171;27;2;1;0.8182;68;5;12
com.android.internal.telephony.gsm.GsmServiceStateTracker.handleMessage(Message);com.android.internal.telephony.gsm.GSMPhone;1;9;8;0.8171;1025;35;46;2;0;0.9866;1009;105;19
com.android.internal.telephony.uicc.RuimRecords.handleRuimRefresh(IccRefreshResponse);com.android.internal.telephony.uicc.UiccCardApplication;1;2;1;0.9500;330;21;25;1;0;0.9859;388;38;29
com.android.internal.telephony.cdma.CdmaConnection.update(DriverCall);com.android.internal.telephony.Phone;2;5;3;0.8939;566;40;27;0;1;1.0000;176;176;73
com.android.internal.telephony.IccPhoneBookInterfaceManagerProxy.updateAdnRecordsInEfBySearch(int, String, String, String, String, String);com.android.internal.telephony.IccPhoneBookInterfaceManager;0;0;1;0.8333;21;4;1;1;0;0.9524;98;12;12
com.android.internal.telephony.gsm.GsmMmiCode.onGetClirComplete(AsyncResult);com.android.internal.telephony.MmiCode;1;2;4;0.8696;840;42;63;0;1;0.9231;5;5;1
com.android.internal.telephony.RIL.writeSmsToSim(int, String, String, Message);com.android.internal.telephony.RILRequest;1;4;1;0.9838;2610;171;27;2;2;0.7500;68;5;12
com.android.internal.telephony.test.SimulatedCommands.setRadioPower(boolean, Message);com.android.internal.telephony.CommandsInterface;1;0;0;1.0000;821;136;26;0;1;0.9954;216;214;44
com.android.internal.telephony.RIL.setBandMode(int, Message);com.android.internal.telephony.RILRequest;1;3;1;0.9892;2610;171;27;2;2;0.7273;68;5;12
com.android.internal.telephony.RIL.rejectCall(Message);com.android.internal.telephony.RILRequest;1;3;1;0.9891;2610;171;27;2;1;0.8182;68;5;12
com.android.internal.telephony.cdma.CDMAPhone.dispose();com.android.internal.telephony.cdma.CdmaSubscriptionSourceManager;1;2;9;0.9329;967;126;45;1;0;0.9762;82;10;15
com.android.internal.telephony.cdma.CDMAPhone.unregisterForCallWaiting(Handler);com.android.internal.telephony.cdma.CdmaCallTracker;0;0;1;0.9932;967;126;45;1;0;0.9851;707;48;22
com.android.internal.telephony.PhoneProxy.queryTTYMode(Message);com.android.internal.telephony.Phone;0;0;1;0.9947;669;181;14;1;0;0.9947;176;176;73
com.android.internal.telephony.PhoneProxy.updatePhoneObject(int);com.android.internal.telephony.CommandsInterface;4;3;8;0.9500;669;181;14;2;0;0.9915;216;214;44
com.android.internal.telephony.gsm.GsmDataConnectionTracker.notifyOffApnsOfAvailability(String);com.android.internal.telephony.ApnContext;2;1;0;0.9896;1681;86;13;2;2;0.8857;143;19;13
com.android.internal.telephony.test.ModelInterpreter.onAnswer();com.android.internal.telephony.test.SimulatedGsmCallState;0;0;1;0.9773;319;33;14;1;0;0.9600;452;20;6
com.android.internal.telephony.cat.SelectItemParams.setIcon(Bitmap);com.android.internal.telephony.cat.Item;2;0;2;0.6667;23;1;2;0;1;0.9091;21;2;4
com.android.internal.telephony.gsm.GsmDataConnectionTracker.notifyApnIdUpToCurrent(String, ApnContext, String);com.android.internal.telephony.ApnContext;2;0;0;1.0000;1681;86;13;0;1;0.9697;143;19;13
com.android.internal.telephony.cat.CatService.handleRilMsg(RilMessage);com.android.internal.telephony.cat.RilMessage;3;3;6;0.8571;491;19;26;0;3;0.7273;9;0;3
com.android.internal.telephony.uicc.SIMRecords.handleSmses(ArrayList);com.android.internal.telephony.gsm.SmsMessage;1;1;1;0.9796;909;32;58;1;0;1.0000;446;23;12
com.android.internal.telephony.cdma.CDMAPhone.exitEmergencyCallbackMode();com.android.internal.telephony.CommandsInterface;0;0;1;0.9932;967;126;45;1;0;0.9954;216;214;44
com.android.internal.telephony.gsm.GsmDataConnectionTracker.reconnectAfterFail(FailCause, ApnContext, int);com.android.internal.telephony.Phone;2;3;1;0.9592;1681;86;13;0;1;1.0000;176;176;73
com.android.internal.telephony.cat.ValueParser.retrieveItemId(ComprehensionTlv);com.android.internal.telephony.cat.ComprehensionTlv;1;0;0;1.0000;195;10;0;0;2;0.6667;97;2;6
android.telephony.gsm.SmsMessage.getMessageBody();com.android.internal.telephony.SmsMessageBase;1;0;1;0.9655;159;34;12;0;1;0.9706;80;16;18
com.android.internal.telephony.PhoneProxy.explicitCallTransfer();com.android.internal.telephony.Phone;0;0;1;0.9947;669;181;14;1;0;0.9947;176;176;73
com.android.internal.telephony.sip.SipPhone.SipConnection.hold();com.android.internal.telephony.sip.SipPhone;1;0;1;0.9565;125;15;7;0;1;1.0000;238;31;10
com.android.internal.telephony.cdma.RuimPhoneBookInterfaceManager.getAdnRecordsSize(int);com.android.internal.telephony.uicc.IccFileHandler;0;1;0;0.9231;36;5;1;1;0;0.9643;262;16;42
com.android.internal.telephony.cdma.CdmaDataConnectionTracker.isDataAllowed();com.android.internal.telephony.cdma.CdmaSubscriptionSourceManager;4;1;3;0.9437;612;49;13;1;1;0.9697;82;10;15
com.android.internal.telephony.PhoneProxy.registerForDisplayInfo(Handler, int, Object);com.android.internal.telephony.Phone;0;0;1;0.9947;669;181;14;1;0;0.9947;176;176;73
android.telephony.SmsMessage.getIndexOnSim();com.android.internal.telephony.SmsMessageBase;1;0;1;0.9643;230;37;14;0;1;0.9706;80;16;18
com.android.internal.telephony.gsm.GSMPhone.getLine1AlphaTag();com.android.internal.telephony.uicc.IccRecords;1;0;0;1.0000;1009;105;19;0;1;0.9836;160;33;36
com.android.internal.telephony.PhoneProxy.updatePhoneObject(int);com.android.internal.telephony.IccSmsInterfaceManagerProxy;4;3;8;0.9500;669;181;14;0;1;0.9714;45;12;1
com.android.internal.telephony.gsm.GsmMmiCode.processCode();com.android.internal.telephony.PhoneBase;3;15;28;0.6452;840;42;63;0;1;0.9951;621;139;66
android.telephony.gsm.SmsMessage.isMWISetMessage();com.android.internal.telephony.SmsMessageBase;0;0;1;0.9655;159;34;12;1;0;0.9706;80;16;18
com.android.internal.telephony.cdma.CDMAPhone.init(Context, PhoneNotifier);com.android.internal.telephony.PhoneNotifier;1;4;12;0.9125;967;126;45;1;0;0.9737;11;11;0
com.android.internal.telephony.cat.CatService.sendTerminalResponse(CommandDetails, ResultCode, boolean, int, ResponseData);com.android.internal.telephony.uicc.IccUtils;0;0;0;0;0;0;0;0;0;0;0;0;0
com.android.internal.telephony.cat.RilMessageDecoder.decodeMessageParams(RilMessage);com.android.internal.telephony.cat.CommandParamsFactory;4;1;2;0.7857;69;5;8;1;0;0.9688;576;21;15
com.android.internal.telephony.CallManager.canDial(Phone);com.android.internal.telephony.Phone;0;3;1;0.9756;775;95;53;1;0;0.9948;176;176;73
com.android.internal.telephony.cdma.CdmaDataConnectionTracker.dispose();com.android.internal.telephony.PhoneBase;2;2;2;0.9452;612;49;13;0;1;0.9947;621;139;66
com.android.internal.telephony.cdma.CdmaCallTracker.hangup(CdmaConnection);com.android.internal.telephony.Phone;3;3;5;0.9054;707;48;22;0;1;1.0000;176;176;73
com.android.internal.telephony.gsm.GsmMmiCode.handlePasswordError(int);com.android.internal.telephony.MmiCode;1;1;4;0.8913;840;42;63;0;1;0.9167;5;5;1
com.android.internal.telephony.PhoneProxy.getEsn();com.android.internal.telephony.Phone;0;0;1;0.9947;669;181;14;1;0;0.9947;176;176;73
com.android.internal.telephony.PhoneProxy.selectNetworkManually(OperatorInfo, Message);com.android.internal.telephony.Phone;0;0;1;0.9947;669;181;14;1;0;0.9947;176;176;73
com.android.internal.telephony.cat.CatCmdMessage.getCmdType();com.android.internal.telephony.cat.AppInterface;2;0;1;0.9167;111;3;8;0;1;1.0000;13;4;4
com.android.internal.telephony.PhoneProxy.getMessageWaitingIndicator();com.android.internal.telephony.Phone;0;0;1;0.9947;669;181;14;1;0;0.9947;176;176;73
com.android.internal.telephony.cat.RilMessageDecoder.StateStart.processMessage(Message);com.android.internal.telephony.cat.CatLog;1;0;0;1.0000;11;1;0;1;0;1.0000;13;2;1
com.android.internal.telephony.DataConnectionTracker.onEnableApn(int, int);com.android.internal.telephony.Phone;1;7;4;0.9174;907;78;74;0;2;1.0000;176;176;73
com.android.internal.telephony.cat.CatService.sendTerminalResponse(CommandDetails, ResultCode, boolean, int, ResponseData);com.android.internal.telephony.CommandsInterface;3;1;4;0.9000;491;19;26;1;0;0.9955;216;214;44
com.android.internal.telephony.gsm.SimSmsInterfaceManager.updateMessageOnIccEf(int, int, byte[]);com.android.internal.telephony.PhoneBase;2;1;5;0.8400;134;12;14;1;1;0.9886;621;139;66
com.android.internal.telephony.gsm.GsmSMSDispatcher.dispatchMessage(SmsMessageBase);com.android.internal.telephony.gsm.UsimDataDownloadHandler;6;0;3;0.9697;242;13;6;1;0;0.9600;142;7;7
com.android.internal.telephony.cat.CommandParamsFactory.make(BerTlv);com.android.internal.telephony.cat.ResultException;4;14;3;0.4286;576;21;15;0;1;0.9643;47;2;3
com.android.internal.telephony.PhoneBase.dispose();com.android.internal.telephony.CommandsInterface;1;0;6;0.9649;621;139;66;1;0;0.9956;216;214;44
com.android.internal.telephony.cat.ImageDescriptor.parse(byte[], int);com.android.internal.telephony.cat.CatLog;0;0;7;0.1250;27;1;9;1;0;1.0000;13;2;1
com.android.internal.telephony.test.ModelInterpreter.run();com.android.internal.telephony.test.LineReader;1;2;8;0.8000;319;33;14;1;0;0.9333;46;3;3
com.android.internal.telephony.cat.CommandParamsFactory.processProvideLocalInfo(CommandDetails, List<ComprehensionTlv>);com.android.internal.telephony.cat.CommandDetails;1;0;3;0.9600;576;21;15;0;1;0.9167;26;5;5
com.android.internal.telephony.RIL.getMute(Message);com.android.internal.telephony.RILRequest;1;3;1;0.9891;2610;171;27;2;1;0.8182;68;5;12
com.android.internal.telephony.DataConnectionTracker.getDataOnRoamingEnabled();com.android.internal.telephony.PhoneBase;1;0;1;0.9918;907;78;74;0;1;0.9940;621;139;66
com.android.internal.telephony.cat.CatService.handleCommand(CommandParams, boolean);com.android.internal.telephony.cat.DisplayTextParams;10;2;5;0.8286;491;19;26;0;1;0.9500;11;1;1
com.android.internal.telephony.CallSetupException.DcDefaultState.processMessage(Message);com.android.internal.telephony.DataConnectionAc;3;0;0;1.0000;169;3;0;0;28;1.0000;270;41;35
com.android.internal.telephony.RIL.queryFacilityLockForApp(String, String, int, String, Message);com.android.internal.telephony.RILRequest;1;3;1;0.9892;2610;171;27;2;2;0.7273;68;5;12
com.android.internal.telephony.gsm.GsmDataConnectionTracker.dispose();com.android.internal.telephony.uicc.IccRecords;1;3;1;0.9636;1681;86;13;1;0;0.9880;160;33;36
com.android.internal.telephony.cdma.CdmaLteServiceStateTracker.handleMessage(Message);com.android.internal.telephony.uicc.RuimRecords;1;2;0;0.9375;369;12;5;1;5;0.8636;330;21;25
com.android.internal.telephony.PhoneBase.setSmscAddress(String, Message);com.android.internal.telephony.CommandsInterface;0;0;1;0.9940;621;139;66;1;0;0.9954;216;214;44
com.android.internal.telephony.PhoneProxy.getCdmaEriText();com.android.internal.telephony.Phone;0;0;1;0.9947;669;181;14;1;0;0.9947;176;176;73
com.android.internal.telephony.cdma.CdmaDataConnectionTracker.dispose();com.android.internal.telephony.cdma.CdmaCallTracker;2;2;2;0.9452;612;49;13;2;0;0.9767;707;48;22
com.android.internal.telephony.cat.ValueParser.retrieveItemsIconId(ComprehensionTlv);com.android.internal.telephony.cat.ComprehensionTlv;2;0;0;1.0000;195;10;0;0;3;0.6250;97;2;6
com.android.internal.telephony.test.ModelInterpreter.progressConnectingToActive();com.android.internal.telephony.test.SimulatedGsmCallState;0;0;1;0.9773;319;33;14;1;0;0.9600;452;20;6
com.android.internal.telephony.sip.SipPhone.SipConnection.separate();com.android.internal.telephony.sip.SipPhone.SipCall;2;1;3;0.8667;125;15;7;3;0;0.9063;214;24;0
com.android.internal.telephony.gsm.GsmDataConnectionTracker.notifyDataConnection(String);com.android.internal.telephony.PhoneBase;1;2;0;0.9792;1681;86;13;1;0;0.9943;621;139;66
com.android.internal.telephony.PhoneProxy.unregisterForT53AudioControlInfo(Handler);com.android.internal.telephony.Phone;0;0;1;0.9947;669;181;14;1;0;0.9947;176;176;73
com.android.internal.telephony.PhoneProxy.disableApnType(String);com.android.internal.telephony.Phone;0;0;1;0.9947;669;181;14;1;0;0.9947;176;176;73
com.android.internal.telephony.uicc.RuimRecords.fetchRuimRecords();com.android.internal.telephony.uicc.IccConstants;1;1;3;0.9767;330;21;25;0;8;1.0000;0;0;51
android.provider.Telephony.Mms.getMessageBoxName(int);android.provider.Telephony.BaseMmsColumns;1;0;0;1.0000;44;6;6;0;5;1.0000;0;0;80
com.android.internal.telephony.RIL.supplyIccPukForApp(String, String, String, Message);com.android.internal.telephony.RILRequest;1;3;1;0.9892;2610;171;27;2;2;0.7273;68;5;12
com.android.internal.telephony.gsm.GsmSMSDispatcher.sendText(String, String, String, PendingIntent, PendingIntent);com.android.internal.telephony.gsm.SmsMessage;1;0;1;1.0000;242;13;6;1;0;1.0000;446;23;12
com.android.internal.telephony.cat.CommandParamsFactory.processSelectItem(CommandDetails, List<ComprehensionTlv>);com.android.internal.telephony.cat.ItemsIconId;4;2;7;0.8718;576;21;15;0;2;0.9048;3;1;2
com.android.internal.telephony.gsm.SmsMessage.PduParser.getSCTimestampMillis();com.android.internal.telephony.uicc.IccUtils;0;0;0;0;0;0;0;0;0;0;0;0;0
com.android.internal.telephony.cat.CommandParamsFactory.processLaunchBrowser(CommandDetails, List<ComprehensionTlv>);com.android.internal.telephony.cat.TextMessage;4;1;5;0.8788;576;21;15;0;2;0.9130;25;2;9
android.telephony.gsm.SmsManager.sendMultipartTextMessage(String, String, ArrayList<String>, ArrayList<PendingIntent>, ArrayList<PendingIntent>);android.telephony.SmsManager;0;0;1;0.9000;33;9;11;1;0;0.9231;195;13;12
com.android.internal.telephony.PhoneProxy.getActiveApnTypes();com.android.internal.telephony.Phone;0;0;1;0.9947;669;181;14;1;0;0.9947;176;176;73
com.android.internal.telephony.gsm.GsmCallTracker.hangupConnectionByIndex(GsmCall, int);com.android.internal.telephony.gsm.GsmCall;1;1;0;0.9825;563;41;17;0;1;0.9474;97;14;2
com.android.internal.telephony.PhoneBase.notifyMessageWaitingIndicator();com.android.internal.telephony.PhoneNotifier;0;0;2;0.9880;621;139;66;1;0;0.9231;11;11;0
com.android.internal.telephony.cat.CommandParamsFactory.processSetupCall(CommandDetails, List<ComprehensionTlv>);com.android.internal.telephony.cat.CatLog;2;2;5;0.8276;576;21;15;1;0;1.0000;13;2;1
com.android.internal.telephony.RIL.deactivateDataCall(int, int, Message);com.android.internal.telephony.RILRequest;1;3;1;0.9892;2610;171;27;2;2;0.7273;68;5;12
com.android.internal.telephony.gsm.GsmDataConnectionTracker.findApnContextToClean(Collection<DataConnectionAc>);com.android.internal.telephony.DataConnectionAc;1;1;0;0.9895;1681;86;13;1;0;0.9792;270;41;35
com.android.internal.telephony.uicc.AdnRecordCache.requestLoadAllAdnLike(int, int, Message);com.android.internal.telephony.uicc.IccConstants;1;1;4;0.7778;190;11;7;0;1;1.0000;0;0;51
com.android.internal.telephony.gsm.GsmMmiCode.handleMessage(Message);com.android.internal.telephony.gsm.GSMPhone;1;5;11;0.8085;840;42;63;1;0;0.9924;1009;105;19
com.android.internal.telephony.sip.SipPhone.SipCall.setAudioGroupMode();com.android.internal.telephony.sip.SipPhone;1;3;0;0.8846;214;24;0;0;1;1.0000;238;31;10
com.android.internal.telephony.WapPushOverSms.WapPushConnection.onServiceConnected(ComponentName, IBinder);com.android.internal.telephony.WapPushOverSms;1;0;2;0.6000;38;4;2;0;1;1.0000;100;1;7
com.android.internal.telephony.uicc.SIMRecords.handleMessage(Message);com.android.internal.telephony.uicc.AdnRecord;4;13;40;0.7200;909;32;58;1;2;0.9552;145;10;20
com.android.internal.telephony.cdma.CdmaConnection.fakeHoldBeforeDial();com.android.internal.telephony.cdma.CdmaCallTracker;1;1;2;0.9492;566;40;27;0;1;0.9859;707;48;22
com.android.internal.telephony.PhoneProxy.getVoiceMailNumber();com.android.internal.telephony.Phone;0;0;1;0.9947;669;181;14;1;0;0.9947;176;176;73
com.android.internal.telephony.uicc.IccCardProxy.getServiceProviderName();com.android.internal.telephony.uicc.IccRecords;1;0;2;0.9649;507;40;28;0;1;0.9839;160;33;36
com.android.internal.telephony.CallManager.registerForPhoneStates(Phone);com.android.internal.telephony.Phone;0;0;21;0.9930;775;95;53;21;0;0.8889;176;176;73
com.android.internal.telephony.cdma.CdmaCallTracker.checkMtFindNewRinging(DriverCall, int);com.android.internal.telephony.DriverCall;4;1;4;0.9420;707;48;22;0;1;0.9583;75;5;15
com.android.internal.telephony.ServiceStateTracker.enableSingleLocationUpdate();com.android.internal.telephony.CommandsInterface;0;0;4;0.9577;270;42;77;1;0;0.9954;216;214;44
com.android.internal.telephony.gsm.GSMPhone.getForegroundCall();com.android.internal.telephony.gsm.GsmCallTracker;1;0;1;0.9917;1009;105;19;0;1;0.9818;563;41;17
com.android.internal.telephony.PhoneProxy.setVoiceMailNumber(String, String, Message);com.android.internal.telephony.Phone;0;0;1;0.9947;669;181;14;1;0;0.9947;176;176;73
com.android.internal.telephony.DefaultPhoneNotifier.notifyCallForwardingChanged(Phone);com.android.internal.telephony.Phone;0;0;1;0.9333;180;19;3;1;0;0.9947;176;176;73
com.android.internal.telephony.gsm.GsmSMSDispatcher.handleStatusReport(AsyncResult);android.provider.Telephony.TextBasedSmsColumns;6;1;0;0.9500;242;13;6;0;2;1.0000;0;0;29
com.android.internal.telephony.SMSDispatcher.checkDestination(SmsTracker);com.android.internal.telephony.SmsUsageMonitor;1;0;12;0.9245;605;33;46;3;8;0.9375;304;16;41
com.android.internal.telephony.cdma.CdmaCallTracker.handleCallWaitingInfo(CdmaCallWaitingNotification);com.android.internal.telephony.cdma.CdmaCall;3;2;3;0.9265;707;48;22;0;1;0.9565;100;14;3
com.android.internal.telephony.cat.RilMessageDecoder.StateCmdParamsReady.processMessage(Message);com.android.internal.telephony.cat.RilMessageDecoder;2;0;0;1.0000;13;1;0;1;3;0.7500;69;5;8
com.android.internal.telephony.PhoneProxy.registerForSignalInfo(Handler, int, Object);com.android.internal.telephony.Phone;0;0;1;0.9947;669;181;14;1;0;0.9947;176;176;73
com.android.internal.telephony.PhoneProxy.registerForLineControlInfo(Handler, int, Object);com.android.internal.telephony.Phone;0;0;1;0.9947;669;181;14;1;0;0.9947;176;176;73
com.android.internal.telephony.cdma.CDMAPhone.isInCall();com.android.internal.telephony.cdma.CdmaCall;1;3;0;0.9796;967;126;45;0;1;0.9474;100;14;3
com.android.internal.telephony.gsm.GsmDataConnectionTracker.getLinkProperties(String);com.android.internal.telephony.ApnContext;1;1;0;0.9892;1681;86;13;0;1;0.9714;143;19;13
com.android.internal.telephony.cat.RilMessageDecoder.decodeMessageParams(RilMessage);com.android.internal.telephony.cat.RilMessage;4;1;2;0.7857;69;5;8;0;3;0.7000;9;0;3
com.android.internal.telephony.cdma.CDMAPhone.needsOtaServiceProvisioning();com.android.internal.telephony.cdma.CdmaServiceStateTracker;1;0;1;0.9932;967;126;45;1;0;0.9884;1091;45;44
android.telephony.gsm.SmsManager.sendDataMessage(String, String, short, byte[], PendingIntent, PendingIntent);android.telephony.SmsManager;0;0;1;0.9000;33;9;11;1;0;0.9231;195;13;12
com.android.internal.telephony.PhoneProxy.isDataConnectivityPossible(String);com.android.internal.telephony.Phone;0;0;1;0.9947;669;181;14;1;0;0.9947;176;176;73
com.android.internal.telephony.cdma.CdmaServiceStateTracker.dispose();com.android.internal.telephony.uicc.UiccCardApplication;0;0;5;0.9490;1091;45;44;1;0;0.9875;388;38;29
com.android.internal.telephony.cdma.CdmaDataConnectionTracker.onUpdateIcc();com.android.internal.telephony.uicc.IccRecords;1;1;0;0.9833;612;49;13;2;0;0.9688;160;33;36
com.android.internal.telephony.gsm.GsmMmiCode.getCLIRMode();com.android.internal.telephony.CommandsInterface;1;2;2;0.9318;840;42;63;0;3;1.0000;216;214;44
com.android.internal.telephony.PhoneProxy.isOtaSpNumber(String);com.android.internal.telephony.Phone;0;0;1;0.9947;669;181;14;1;0;0.9947;176;176;73
com.android.internal.telephony.uicc.IccCardProxy.getIccRecordsLoaded();com.android.internal.telephony.uicc.IccRecords;0;0;2;0.9649;507;40;28;1;0;0.9839;160;33;36
com.android.internal.telephony.cdma.CdmaDataConnectionTracker.onUpdateIcc();com.android.internal.telephony.uicc.UiccController;1;1;0;0.9833;612;49;13;1;1;0.9474;106;11;13
com.android.internal.telephony.CallSetupException.DcDefaultState.exit();com.android.internal.telephony.CallSetupException;2;0;0;1.0000;169;3;0;1;1;0.9623;293;31;34
com.android.internal.telephony.cat.CatService.getInstance(CommandsInterface, Context, UiccCard);com.android.internal.telephony.uicc.UiccCardApplication;0;0;6;1.0000;491;19;26;4;0;0.9385;388;38;29
com.android.internal.telephony.sip.SipPhone.getMute();com.android.internal.telephony.Call;1;0;2;0.9459;238;31;10;0;1;0.9565;117;16;4
com.android.internal.telephony.cdma.CdmaCall.getPhone();com.android.internal.telephony.cdma.CdmaCallTracker;1;0;1;0.9375;100;14;3;0;1;0.9851;707;48;22
com.android.internal.telephony.cat.IconLoader.readIconData();com.android.internal.telephony.uicc.IccFileHandler;1;0;3;0.9130;217;14;19;1;0;0.9583;262;16;42
com.android.internal.telephony.gsm.GsmSMSDispatcher.SmsCbConcatInfo.hashCode();com.android.internal.telephony.gsm.SmsCbHeader;1;0;2;0.7143;17;3;2;0;1;0.9615;198;13;16
com.android.internal.telephony.gsm.GSMPhone.handleMessage(Message);com.android.internal.telephony.gsm.GsmMmiCode;1;13;7;0.8615;1009;105;19;1;1;0.9722;840;42;63
com.android.internal.telephony.CallManager.getState();com.android.internal.telephony.Phone;0;0;1;0.9919;775;95;53;1;0;0.9947;176;176;73
com.android.internal.telephony.cdma.RuimSmsInterfaceManager.updateMessageOnIccEf(int, int, byte[]);com.android.internal.telephony.PhoneBase;2;1;5;0.8095;88;10;8;1;1;0.9886;621;139;66
com.android.internal.telephony.gsm.GSMPhone.dispose();com.android.internal.telephony.PhoneProxy;1;1;6;0.9478;1009;105;19;0;1;1.0000;669;181;14
com.android.internal.telephony.DefaultPhoneNotifier.notifySignalStrength(Phone);com.android.internal.telephony.Phone;0;0;1;0.9333;180;19;3;1;0;0.9947;176;176;73
com.android.internal.telephony.gsm.GsmServiceStateTracker.getAutoTime();com.android.internal.telephony.PhoneBase;1;0;1;0.9851;1025;35;46;0;1;0.9940;621;139;66
com.android.internal.telephony.DataConnectionTracker.putRecoveryAction(int);com.android.internal.telephony.PhoneBase;1;1;2;0.9836;907;78;74;0;1;0.9941;621;139;66
com.android.internal.telephony.cat.DisplayTextParams.setIcon(Bitmap);com.android.internal.telephony.cat.TextMessage;1;0;1;0.6667;11;1;1;0;1;0.9231;25;2;9
com.android.internal.telephony.gsm.UsimPhoneBookManager.readEmailFileAndWait(int);com.android.internal.telephony.uicc.IccFileHandler;0;2;10;0.7143;250;14;33;1;0;0.9655;262;16;42
com.android.internal.telephony.PhoneProxy.registerForCallWaiting(Handler, int, Object);com.android.internal.telephony.Phone;0;0;1;0.9947;669;181;14;1;0;0.9947;176;176;73
com.android.internal.telephony.sip.SipPhone.SipConnection.unhold(AudioGroup);com.android.internal.telephony.sip.SipPhone;1;0;1;0.9565;125;15;7;0;1;1.0000;238;31;10
com.android.internal.telephony.PhoneSubInfo.getIsimImpu();com.android.internal.telephony.uicc.IsimRecords;0;0;3;0.9000;98;16;6;1;0;0.8333;3;3;0
com.android.internal.telephony.cdma.CdmaDataConnectionTracker.isDataAllowed();com.android.internal.telephony.cdma.CdmaServiceStateTracker;4;1;3;0.9437;612;49;13;1;1;0.9806;1091;45;44
com.android.internal.telephony.PhoneProxy.getPhoneSubInfo();com.android.internal.telephony.Phone;0;0;1;0.9947;669;181;14;1;0;0.9947;176;176;73
com.android.internal.telephony.gsm.GsmMmiCode.onQueryComplete(AsyncResult);com.android.internal.telephony.gsm.GSMPhone;1;5;6;0.8043;840;42;63;1;0;0.9923;1009;105;19
com.android.internal.telephony.IccProvider.insert(Uri, ContentValues);com.android.internal.telephony.uicc.IccConstants;1;2;4;0.8333;252;13;11;0;2;1.0000;0;0;51
com.android.internal.telephony.uicc.UiccController.getIccFileHandler(int);com.android.internal.telephony.uicc.UiccCard;0;0;2;0.9333;106;11;13;1;0;0.9688;187;15;18
com.android.internal.telephony.PhoneSubInfo.getCompleteVoiceMailNumber();com.android.internal.telephony.Phone;0;0;4;0.8947;98;16;6;1;0;0.9947;176;176;73
com.android.internal.telephony.gsm.GsmDataConnectionTracker.trySetupData(ApnContext);com.android.internal.telephony.ServiceStateTracker;3;7;0;0.9327;1681;86;13;0;1;0.9890;270;42;77
com.android.internal.telephony.test.SimulatedGsmCallState.getClccLines();com.android.internal.telephony.test.CallInfo;0;0;1;0.9583;452;20;6;1;0;0.9286;54;7;7
com.android.internal.telephony.uicc.IccFileHandler.loadEFTransparent(int, int, Message);com.android.internal.telephony.CommandsInterface;0;1;4;0.8500;262;16;42;1;0;0.9954;216;214;44
com.android.internal.telephony.gsm.GsmSmsCbMessage.createSmsCbMessage(SmsCbHeader, SmsCbLocation, byte[][]);com.android.internal.telephony.gsm.SmsCbHeader;2;1;0;1.0000;143;4;4;2;5;0.6957;198;13;16
com.android.internal.telephony.gsm.SimPhoneBookInterfaceManager.getAdnRecordsSize(int);com.android.internal.telephony.uicc.IccFileHandler;0;1;0;0.9231;36;5;1;1;0;0.9643;262;16;42
com.android.internal.telephony.PhoneProxy.acceptCall();com.android.internal.telephony.Phone;0;0;1;0.9947;669;181;14;1;0;0.9947;176;176;73
com.android.internal.telephony.PhoneBase.unregisterForDisplayInfo(Handler);com.android.internal.telephony.CommandsInterface;0;0;1;0.9940;621;139;66;1;0;0.9954;216;214;44
com.android.internal.telephony.uicc.SIMRecords.setMsisdnNumber(String, String, Message);com.android.internal.telephony.uicc.AdnRecordLoader;1;1;2;0.9804;909;32;58;1;0;0.9444;117;4;15
com.android.internal.telephony.CallTracker.checkForTestEmergencyNumber(String);com.android.internal.telephony.CommandsInterface;0;1;2;0.8947;58;15;20;1;0;0.9954;216;214;44
com.android.internal.telephony.Connection.getState();com.android.internal.telephony.Call;1;1;0;0.9655;60;24;6;0;1;0.9524;117;16;4
com.android.internal.telephony.cdma.CdmaCallTracker.checkAndEnableDataCallAfterEmergencyCallDropped();com.android.internal.telephony.DataConnectionTracker;2;1;2;0.9552;707;48;22;1;0;0.9921;907;78;74
com.android.internal.telephony.cdma.CDMAPhone.getSubscriberId();com.android.internal.telephony.cdma.CdmaServiceStateTracker;0;0;1;0.9932;967;126;45;1;0;0.9884;1091;45;44
com.android.internal.telephony.CallManager.sendDtmf(char);com.android.internal.telephony.Call;0;3;2;0.9758;775;95;53;1;0;0.9583;117;16;4
com.android.internal.telephony.cdma.CDMAPhone.getCdmaMin();com.android.internal.telephony.cdma.CdmaServiceStateTracker;1;0;1;0.9932;967;126;45;0;1;0.9884;1091;45;44
com.android.internal.telephony.cat.CommandParamsFactory.processBIPClient(CommandDetails, List<ComprehensionTlv>);com.android.internal.telephony.cat.TextMessage;4;1;5;0.8710;576;21;15;0;3;0.8500;25;2;9
com.android.internal.telephony.gsm.GsmDataConnectionTracker.notifyNoData(GsmDataConnection.FailCause, ApnContext);com.android.internal.telephony.ApnContext;1;1;0;0.9894;1681;86;13;0;2;0.9429;143;19;13
com.android.internal.telephony.cat.CatService.encodeOptionalTags(CommandDetails, ResultCode, Input, ByteArrayOutputStream);com.android.internal.telephony.cat.CatLog;4;2;0;0.9231;491;19;26;1;0;1.0000;13;2;1
com.android.internal.telephony.gsm.GsmCallTracker.handleMessage(Message);com.android.internal.telephony.gsm.GSMPhone;1;5;4;0.8852;563;41;17;3;0;0.9773;1009;105;19
com.android.internal.telephony.cdma.CdmaMmiCode.processCode();com.android.internal.telephony.MmiCode;2;3;8;0.6154;143;12;25;0;1;0.9474;5;5;1
com.android.internal.telephony.cdma.CdmaCallTracker.flashAndSetGenericTrue();com.android.internal.telephony.Call;1;0;2;0.9710;707;48;22;0;1;0.9600;117;16;4
com.android.internal.telephony.cdma.CdmaDataConnectionTracker.createAllDataConnectionList();com.android.internal.telephony.RetryManager;2;1;3;0.9524;612;49;13;2;0;0.9375;201;16;9
com.android.internal.telephony.uicc.IccFileHandler.loadEFImgLinearFixed(int, Message);com.android.internal.telephony.uicc.IccConstants;1;1;6;0.8500;262;16;42;0;1;1.0000;0;0;51
com.android.internal.telephony.RIL.setNetworkSelectionModeManual(String, Message);com.android.internal.telephony.RILRequest;1;3;1;0.9892;2610;171;27;2;2;0.7273;68;5;12
com.android.internal.telephony.uicc.AdnRecordLoader.loadAllFromEF(int, int, Message);com.android.internal.telephony.uicc.IccFileHandler;0;0;5;0.7143;117;4;15;1;0;0.9583;262;16;42
com.android.internal.telephony.DataConnectionTracker.stopDataStallAlarm();com.android.internal.telephony.PhoneBase;1;1;4;0.9672;907;78;74;0;1;0.9942;621;139;66
com.android.internal.telephony.sip.SipPhone.SipCall.takeOver(SipCall);com.android.internal.telephony.sip.SipPhone.SipConnection;1;0;0;1.0000;214;24;0;0;1;0.9615;125;15;7
com.android.internal.telephony.PhoneBase.setCdmaSubscription(int, Message);com.android.internal.telephony.CommandsInterface;0;0;1;0.9940;621;139;66;1;0;0.9954;216;214;44
com.android.internal.telephony.gsm.GsmServiceStateTracker.setPowerStateToDesired();com.android.internal.telephony.PhoneBase;2;0;1;0.9863;1025;35;46;0;1;0.9943;621;139;66
com.android.internal.telephony.uicc.UiccCard.isApplicationOnIcc(IccCardApplicationStatus.AppType);com.android.internal.telephony.uicc.UiccCardApplication;0;0;2;0.9333;187;15;18;1;0;0.9844;388;38;29
com.android.internal.telephony.cdma.SmsMessage.parseSms();com.android.internal.telephony.cdma.sms.UserData;5;0;5;0.9333;551;31;16;0;3;0.9032;23;2;31
com.android.internal.telephony.CallSetupException.getRetryCount();com.android.internal.telephony.RetryManager;0;0;1;0.9804;293;31;34;1;0;0.9583;201;16;9
com.android.internal.telephony.cdma.CdmaServiceStateTracker.handleMessage(Message);com.android.internal.telephony.cdma.CdmaSubscriptionSourceManager;2;13;8;0.7900;1091;45;44;1;0;0.9800;82;10;15
com.android.internal.telephony.cdma.CdmaConnection.processNextPostDialChar();com.android.internal.telephony.cdma.CDMAPhone;2;3;6;0.8644;566;40;27;0;1;0.9936;967;126;45
android.telephony.SmsMessage.isMWISetMessage();com.android.internal.telephony.SmsMessageBase;0;0;1;0.9643;230;37;14;1;0;0.9706;80;16;18
com.android.internal.telephony.cdma.CdmaCallTracker.dial(String, int);com.android.internal.telephony.CommandsInterface;5;8;6;0.8182;707;48;22;1;0;0.9958;216;214;44
android.telephony.gsm.SmsMessage.isReplace();com.android.internal.telephony.SmsMessageBase;0;0;1;0.9655;159;34;12;1;0;0.9706;80;16;18
com.android.internal.telephony.cat.DTTZResponseData.byteToBCD(int);com.android.internal.telephony.cat.CatLog;0;0;0;1.0000;48;3;1;1;0;1.0000;13;2;1
com.android.internal.telephony.gsm.GsmServiceStateTracker.hangupAndPowerOff();com.android.internal.telephony.Call;2;0;1;0.9865;1025;35;46;1;0;0.9643;117;16;4
com.android.internal.telephony.cdma.CdmaSMSDispatcher.sendNewSubmitPdu(String, String, String, SmsHeader, int, PendingIntent, PendingIntent, boolean);com.android.internal.telephony.cdma.sms.UserData;2;0;0;1.0000;229;15;5;0;6;0.5556;23;2;31
com.android.internal.telephony.TelephonyCapabilities.supportsOtasp(Phone);com.android.internal.telephony.Phone;0;0;0;1.0000;41;10;1;1;0;0.9947;176;176;73
com.android.internal.telephony.PhoneBase.dispose();com.android.internal.telephony.SmsUsageMonitor;1;0;6;0.9649;621;139;66;1;0;0.9722;304;16;41
com.android.internal.telephony.cat.CatService.sendMenuSelection(int, boolean);com.android.internal.telephony.uicc.IccUtils;0;0;0;0;0;0;0;0;0;0;0;0;0
com.android.internal.telephony.SMSDispatcher.sendMultipartSms(SmsTracker);com.android.internal.telephony.Phone;0;2;1;0.9608;605;33;46;1;0;0.9948;176;176;73
com.android.internal.telephony.cdma.CdmaCallTracker.dialThreeWay(String);com.android.internal.telephony.CommandsInterface;2;1;3;0.9437;707;48;22;1;0;0.9955;216;214;44
com.android.internal.telephony.test.SimulatedCommands.switchWaitingOrHoldingAndActive(Message);com.android.internal.telephony.test.SimulatedGsmCallState;0;2;1;0.9808;821;136;26;1;0;0.9630;452;20;6
com.android.internal.telephony.PhoneBase.registerFoT53ClirlInfo(Handler, int, Object);com.android.internal.telephony.CommandsInterface;0;0;1;0.9940;621;139;66;1;0;0.9954;216;214;44
com.android.internal.telephony.PhoneBase.registerForRingbackTone(Handler, int, Object);com.android.internal.telephony.CommandsInterface;0;0;1;0.9940;621;139;66;1;0;0.9954;216;214;44
com.android.internal.telephony.CallManager.acceptCall(Call);com.android.internal.telephony.Call;0;4;3;0.9609;775;95;53;3;0;0.8929;117;16;4
com.android.internal.telephony.WapPushOverSms.dispatchWapPdu(byte[]);android.provider.Telephony.Sms.Intents;4;0;4;0.8235;100;1;7;0;3;1.0000;16;1;12
com.android.internal.telephony.gsm.GsmConnection.hangup();com.android.internal.telephony.gsm.GsmCallTracker;0;0;2;0.9623;433;31;29;1;0;0.9821;563;41;17
com.android.internal.telephony.PhoneProxy.getIccSerialNumber();com.android.internal.telephony.Phone;0;0;1;0.9947;669;181;14;1;0;0.9947;176;176;73
com.android.internal.telephony.gsm.GSMPhone.getMsisdn();com.android.internal.telephony.uicc.IccRecords;1;0;0;1.0000;1009;105;19;0;1;0.9836;160;33;36
com.android.internal.telephony.PhoneProxy.registerForMmiComplete(Handler, int, Object);com.android.internal.telephony.Phone;0;0;1;0.9947;669;181;14;1;0;0.9947;176;176;73
com.android.internal.telephony.gsm.GsmCallTracker.hangupForegroundResumeBackground();com.android.internal.telephony.Phone;1;2;0;0.9636;563;41;17;0;1;1.0000;176;176;73
com.android.internal.telephony.cdma.SmsMessage.newFromParcel(Parcel);com.android.internal.telephony.cdma.sms.CdmaSmsAddress;4;2;1;0.9250;551;31;16;0;5;0.8095;84;5;23
com.android.internal.telephony.cdma.CdmaServiceStateTracker.updateSpnDisplay();com.android.internal.telephony.PhoneBase;1;1;2;0.9651;1091;45;44;0;1;0.9942;621;139;66
com.android.internal.telephony.gsm.GsmCall.getPhone();com.android.internal.telephony.gsm.GsmCallTracker;1;0;1;0.9333;97;14;2;0;1;0.9818;563;41;17
com.android.internal.telephony.gsm.GsmMmiCode.onUssdFinishedError();com.android.internal.telephony.MmiCode;1;0;4;0.9130;840;42;63;0;1;0.9091;5;5;1
com.android.internal.telephony.IccSmsInterfaceManagerProxy.setPremiumSmsPermission(String, int);com.android.internal.telephony.IccSmsInterfaceManager;0;0;1;0.9286;45;12;1;1;0;0.9286;63;9;3
com.android.internal.telephony.gsm.GSMPhone.clearDisconnected();com.android.internal.telephony.gsm.GsmCallTracker;0;0;1;0.9917;1009;105;19;1;0;0.9818;563;41;17
com.android.internal.telephony.PhoneProxy.startDtmf(char);com.android.internal.telephony.Phone;0;0;1;0.9947;669;181;14;1;0;0.9947;176;176;73
com.android.internal.telephony.cdma.CdmaDataConnectionTracker.onVoiceCallStarted();com.android.internal.telephony.cdma.CdmaServiceStateTracker;2;0;1;0.9839;612;49;13;1;0;0.9891;1091;45;44
com.android.internal.telephony.cat.CommandParamsFactory.processBIPClient(CommandDetails, List<ComprehensionTlv>);com.android.internal.telephony.cat.IconId;4;1;5;0.8710;576;21;15;0;2;0.8333;3;1;2
com.android.internal.telephony.gsm.GsmDataConnectionTracker.onApnChanged();com.android.internal.telephony.gsm.GSMPhone;1;5;0;0.9457;1681;86;13;1;0;0.9921;1009;105;19
com.android.internal.telephony.cdma.CDMALTEPhone.dispose();com.android.internal.telephony.PhoneProxy;1;0;1;0.9500;169;15;5;0;1;1.0000;669;181;14
com.android.internal.telephony.cat.CommandParamsFactory.processPlayTone(CommandDetails, List<ComprehensionTlv>);com.android.internal.telephony.cat.CommandDetails;4;1;5;0.8824;576;21;15;0;1;0.9583;26;5;5
com.android.internal.telephony.cdma.sms.BearerData.encodeEmsUserDataPayload(UserData);com.android.internal.telephony.SmsHeader;1;2;0;1.0000;1209;66;114;1;0;1.0000;156;3;38
com.android.internal.telephony.WapPushOverSms.dispatchWapPdu(byte[]);com.android.internal.telephony.SMSDispatcher;4;0;4;0.8235;100;1;7;1;0;0.9839;605;33;46
android.telephony.CellBroadcastMessage.isEmergencyAlertMessage();android.telephony.SmsCbMessage;2;0;1;0.9630;230;20;5;1;1;0.9000;102;6;22
com.android.internal.telephony.gsm.GSMPhone.handleCfuQueryResult(CallForwardInfo[]);com.android.internal.telephony.CallForwardInfo;1;0;0;1.0000;1009;105;19;0;2;0.7778;3;1;6
com.android.internal.telephony.gsm.GsmDataConnectionTracker.getLinkCapabilities(String);com.android.internal.telephony.DataConnectionAc;1;1;0;0.9892;1681;86;13;1;0;0.9783;270;41;35
com.android.internal.telephony.DefaultPhoneNotifier.convertDataActivityState(int);com.android.internal.telephony.Phone;1;0;0;1.0000;180;19;3;0;1;0.9947;176;176;73
com.android.internal.telephony.SMSDispatcher.setPremiumSmsPermission(String, int);com.android.internal.telephony.SmsUsageMonitor;0;0;1;0.9800;605;33;46;1;0;0.9630;304;16;41
com.android.internal.telephony.cdma.CdmaConnection.processPostDialChar(char);com.android.internal.telephony.CommandsInterface;1;1;5;0.9492;566;40;27;1;0;0.9955;216;214;44
com.android.internal.telephony.cdma.CdmaCall.onHangupLocal();com.android.internal.telephony.cdma.CdmaConnection;0;0;2;0.8824;100;14;3;1;0;0.9833;566;40;27
com.android.internal.telephony.PhoneProxy.getLinkProperties(String);com.android.internal.telephony.Phone;0;0;1;0.9947;669;181;14;1;0;0.9947;176;176;73
android.telephony.SmsMessage.createFromEfRecord(int, byte[]);com.android.internal.telephony.cdma.SmsMessage;0;0;0;1.0000;230;37;14;1;0;1.0000;551;31;16
com.android.internal.telephony.PhoneSubInfo.getIsimDomain();com.android.internal.telephony.Phone;0;0;3;0.9000;98;16;6;1;0;0.9948;176;176;73
android.telephony.SmsMessage.getStatus();com.android.internal.telephony.SmsMessageBase;0;0;1;0.9643;230;37;14;1;0;0.9706;80;16;18
com.android.internal.telephony.gsm.GsmCallTracker.separate(GsmConnection);com.android.internal.telephony.CommandsInterface;1;1;1;0.9825;563;41;17;1;0;0.9954;216;214;44
android.telephony.SmsMessage.isReplace();com.android.internal.telephony.SmsMessageBase;0;0;1;0.9643;230;37;14;1;0;0.9706;80;16;18
com.android.internal.telephony.cat.CatService.handleCommand(CommandParams, boolean);com.android.internal.telephony.cat.CallSetupParams;10;2;5;0.8286;491;19;26;0;1;0.9524;19;1;2
com.android.internal.telephony.cdma.CdmaCallTracker.checkMtFindNewRinging(DriverCall, int);com.android.internal.telephony.PhoneBase;4;1;4;0.9420;707;48;22;0;1;0.9943;621;139;66
com.android.internal.telephony.cdma.CDMAPhone.registerForRuimRecordEvents();com.android.internal.telephony.uicc.IccRecords;0;0;0;1.0000;967;126;45;2;0;0.9672;160;33;36
com.android.internal.telephony.RIL.send(RILRequest);com.android.internal.telephony.RILRequest;0;1;3;0.9837;2610;171;27;2;0;0.8333;68;5;12
com.android.internal.telephony.PhoneProxy.registerForUnknownConnection(Handler, int, Object);com.android.internal.telephony.Phone;0;0;1;0.9947;669;181;14;1;0;0.9947;176;176;73
com.android.internal.telephony.cdma.CdmaSMSDispatcher.handleServiceCategoryProgramData(SmsMessage);com.android.internal.telephony.cdma.SmsMessage;1;0;2;0.9500;229;15;5;1;0;0.9630;551;31;16
com.android.internal.telephony.test.SimulatedGsmCallState.countActiveLines();com.android.internal.telephony.test.CallInfo;1;0;1;0.9630;452;20;6;2;2;0.7143;54;7;7
com.android.internal.telephony.PhoneBase.setBandMode(int, Message);com.android.internal.telephony.CommandsInterface;0;0;1;0.9940;621;139;66;1;0;0.9954;216;214;44
com.android.internal.telephony.cdma.CdmaConnection.fakeHoldBeforeDial();com.android.internal.telephony.cdma.CdmaCall;1;1;2;0.9492;566;40;27;2;0;0.9000;100;14;3
com.android.internal.telephony.cdma.CdmaConnection.isConnectingInOrOut();com.android.internal.telephony.cdma.CdmaCallTracker;2;0;2;0.9655;566;40;27;0;1;0.9855;707;48;22
com.android.internal.telephony.sip.SipPhone.SipCall.merge(SipCall);com.android.internal.telephony.sip.SipPhone.SipConnection;0;3;0;0.8800;214;24;0;1;0;0.9643;125;15;7
android.telephony.CellBroadcastMessage.isEtwsTestMessage();android.telephony.SmsCbMessage;2;0;1;0.9615;230;20;5;0;1;0.9500;102;6;22
com.android.internal.telephony.DataConnectionTracker.startDataStallAlarm(boolean);com.android.internal.telephony.PhoneBase;1;4;9;0.9262;907;78;74;0;1;0.9943;621;139;66
com.android.internal.telephony.gsm.UsimDataDownloadHandler.handleMessage(Message);com.android.internal.telephony.CommandsInterface;1;3;3;0.4000;142;7;7;0;1;1.0000;216;214;44
com.android.internal.telephony.cdma.CdmaLteServiceStateTracker.pollStateDone();com.android.internal.telephony.PhoneBase;4;3;4;0.8704;369;12;5;2;2;0.9807;621;139;66
com.android.internal.telephony.uicc.UiccCard.dispose();com.android.internal.telephony.cat.CatService;0;1;4;0.8710;187;15;18;1;0;0.9655;491;19;26
com.android.internal.telephony.uicc.UiccCard.update(Context, CommandsInterface, IccCardStatus);com.android.internal.telephony.uicc.UiccCardApplication;1;3;17;0.5641;187;15;18;2;0;0.9770;388;38;29
com.android.internal.telephony.RIL.changeBarringPassword(String, String, String, Message);com.android.internal.telephony.RILRequest;1;3;1;0.9892;2610;171;27;2;2;0.7273;68;5;12
com.android.internal.telephony.SMSDispatcher.ConfirmDialogListener.onCheckedChanged(CompoundButton, boolean);com.android.internal.telephony.SMSDispatcher;1;0;4;0.5000;54;3;5;0;1;1.0000;605;33;46
com.android.internal.telephony.uicc.RuimRecords.EfCsimCdmaHomeLoaded.onRecordLoaded(AsyncResult);com.android.internal.telephony.uicc.RuimRecords;1;0;0;1.0000;24;2;0;1;3;0.9091;330;21;25
android.telephony.SmsMessage.getIndexOnIcc();com.android.internal.telephony.SmsMessageBase;1;0;1;0.9643;230;37;14;0;1;0.9706;80;16;18
com.android.internal.telephony.cdma.CdmaCallTracker.canDial();com.android.internal.telephony.cdma.CDMAPhone;1;1;5;0.9118;707;48;22;1;0;0.9935;967;126;45
com.android.internal.telephony.IccProvider.query(Uri, String[], String, String[], String);com.android.internal.telephony.uicc.IccConstants;1;1;4;0.9167;252;13;11;0;3;1.0000;0;0;51
com.android.internal.telephony.uicc.IccCardProxy.updateQuietMode();com.android.internal.telephony.cdma.CdmaSubscriptionSourceManager;2;3;8;0.8421;507;40;28;1;0;0.9565;82;10;15
com.android.internal.telephony.gsm.GsmDataConnectionTracker.reconnectAfterFail(FailCause, ApnContext, int);com.android.internal.telephony.PhoneBase;2;3;1;0.9592;1681;86;13;2;0;0.9887;621;139;66
com.android.internal.telephony.cdma.CdmaCallTracker.hangup(CdmaConnection);com.android.internal.telephony.cdma.CdmaConnection;3;3;5;0.9054;707;48;22;3;2;0.9265;566;40;27
com.android.internal.telephony.gsm.UsimPhoneBookManager.readPbrFileAndWait();com.android.internal.telephony.uicc.IccConstants;1;0;4;0.9259;250;14;33;0;1;1.0000;0;0;51
com.android.internal.telephony.cat.CommandParamsFactory.processDisplayText(CommandDetails, List<ComprehensionTlv>);com.android.internal.telephony.cat.IconId;3;1;5;0.8824;576;21;15;0;2;0.8667;3;1;2
com.android.internal.telephony.cat.RilMessageDecoder.decodeMessageParams(RilMessage);com.android.internal.telephony.cat.CatLog;4;1;2;0.7857;69;5;8;1;0;1.0000;13;2;1
com.android.internal.telephony.cat.CommandParamsFactory.processLaunchBrowser(CommandDetails, List<ComprehensionTlv>);com.android.internal.telephony.cat.IconLoader;4;1;5;0.8788;576;21;15;1;0;0.9697;217;14;19
com.android.internal.telephony.gsm.GSMPhone.dial(String, UUSInfo);com.android.internal.telephony.gsm.GsmMmiCode;1;1;4;0.9764;1009;105;19;4;1;0.9231;840;42;63
com.android.internal.telephony.cat.CatService.removeMenu(Menu);com.android.internal.telephony.cat.CatLog;1;0;0;1.0000;491;19;26;1;0;1.0000;13;2;1
com.android.internal.telephony.RIL.sendEnvelope(String, Message);com.android.internal.telephony.RILRequest;1;3;1;0.9892;2610;171;27;2;2;0.7273;68;5;12
com.android.internal.telephony.uicc.RuimRecords.dispose();com.android.internal.telephony.uicc.UiccCardApplication;0;2;1;0.9459;330;21;25;1;0;0.9853;388;38;29
com.android.internal.telephony.gsm.GSMPhone.registerForSimRecordEvents();com.android.internal.telephony.uicc.IccRecords;0;0;0;1.0000;1009;105;19;4;0;0.9344;160;33;36
com.android.internal.telephony.gsm.UsimPhoneBookManager.readIapFileAndWait(int);com.android.internal.telephony.uicc.IccFileHandler;0;0;4;0.9259;250;14;33;1;0;0.9545;262;16;42
com.android.internal.telephony.CallSetupException.configureRetry(String);com.android.internal.telephony.RetryManager;0;0;1;0.9804;293;31;34;1;0;0.9583;201;16;9
com.android.internal.telephony.cdma.sms.BearerData.serviceCategoryToCmasMessageClass(int);com.android.internal.telephony.cdma.sms.SmsEnvelope;2;0;0;1.0000;1209;66;114;0;5;1.0000;2;0;27
com.android.internal.telephony.PhoneProxy.unregisterForSuppServiceFailed(Handler);com.android.internal.telephony.Phone;0;0;1;0.9947;669;181;14;1;0;0.9947;176;176;73
com.android.internal.telephony.RIL.RILSender.handleMessage(Message);com.android.internal.telephony.RIL;2;0;1;0.9333;90;2;1;3;10;0.9630;2610;171;27
com.android.internal.telephony.cdma.RuimSmsInterfaceManager.getAllMessagesFromIccEf();com.android.internal.telephony.uicc.IccConstants;2;1;5;0.7778;88;10;8;0;1;1.0000;0;0;51
com.android.internal.telephony.IccSmsInterfaceManagerProxy.getPremiumSmsPermission(String);com.android.internal.telephony.IccSmsInterfaceManager;0;0;1;0.9286;45;12;1;1;0;0.9286;63;9;3
com.android.internal.telephony.gsm.GsmSmsCbMessage.parseBody(SmsCbHeader, byte[]);com.android.internal.telephony.gsm.SmsCbHeader;1;1;3;1.0000;143;4;4;1;2;0.9130;198;13;16
com.android.internal.telephony.PhoneProxy.rejectCall();com.android.internal.telephony.Phone;0;0;1;0.9947;669;181;14;1;0;0.9947;176;176;73
com.android.internal.telephony.cdma.CdmaConnection.onDisconnect(DisconnectCause);com.android.internal.telephony.cdma.CDMAPhone;1;2;5;0.8983;566;40;27;1;0;0.9935;967;126;45
com.android.internal.telephony.cdma.CdmaServiceStateTracker.dispose();com.android.internal.telephony.cdma.CDMAPhone;0;0;5;0.9490;1091;45;44;1;0;0.9939;967;126;45
com.android.internal.telephony.gsm.GsmSMSDispatcher.sendData(String, String, int, byte[], PendingIntent, PendingIntent);com.android.internal.telephony.SmsMessageBase.SubmitPduBase;1;0;1;1.0000;242;13;6;0;2;0.5000;3;1;2
com.android.internal.telephony.PhoneProxy.getForegroundCall();com.android.internal.telephony.Phone;0;0;1;0.9947;669;181;14;1;0;0.9947;176;176;73
com.android.internal.telephony.test.SimulatedGsmCallState.explicitCallTransfer();com.android.internal.telephony.test.CallInfo;0;1;1;0.9167;452;20;6;1;0;0.9333;54;7;7
com.android.internal.telephony.cdma.CdmaSMSDispatcher.dispatchMessage(SmsMessageBase);com.android.internal.telephony.cdma.SmsMessage;5;3;3;0.8611;229;15;5;8;0;0.8000;551;31;16
com.android.internal.telephony.cdma.SmsMessage.parsePduFromEfRecord(byte[]);com.android.internal.telephony.cdma.sms.CdmaSmsSubaddress;4;2;11;0.9333;551;31;16;0;3;0.8800;0;0;3
com.android.internal.telephony.gsm.GSMPhone.conference();com.android.internal.telephony.gsm.GsmCallTracker;0;0;1;0.9917;1009;105;19;1;0;0.9818;563;41;17
com.android.internal.telephony.ServiceStateTracker.disableSingleLocationUpdate();com.android.internal.telephony.CommandsInterface;0;0;3;0.9577;270;42;77;1;0;0.9954;216;214;44
com.android.internal.telephony.cdma.CdmaCallTracker.handleMessage(Message);com.android.internal.telephony.cdma.CallFailCause;2;7;7;0.8421;707;48;22;0;1;1.0000;0;0;18
com.android.internal.telephony.cat.CatService.dispose();com.android.internal.telephony.CommandsInterface;0;0;2;0.9643;491;19;26;4;0;0.9816;216;214;44
com.android.internal.telephony.uicc.UiccCardApplication.update(IccCardApplicationStatus, Context, CommandsInterface);com.android.internal.telephony.uicc.IccCardApplicationStatus;1;9;15;0.6761;388;38;29;0;8;0.8298;192;11;11
com.android.internal.telephony.cat.ValueParser.retrieveIconId(ComprehensionTlv);com.android.internal.telephony.cat.IconId;2;0;0;1.0000;195;10;0;0;2;0.6000;3;1;2
android.telephony.SmsManager.deleteMessageFromIcc(int);com.android.internal.telephony.uicc.IccConstants;1;0;1;1.0000;195;13;12;0;1;1.0000;0;0;51
com.android.internal.telephony.PhoneProxy.getMute();com.android.internal.telephony.Phone;0;0;1;0.9947;669;181;14;1;0;0.9947;176;176;73
com.android.internal.telephony.cdma.sms.BearerData.decodeIs91Cli(BearerData);com.android.internal.telephony.cdma.sms.CdmaSmsAddress;3;1;2;0.9535;1209;66;114;0;3;0.8182;84;5;23
com.android.internal.telephony.gsm.GsmDataConnectionTracker.getPreferredApn();com.android.internal.telephony.ApnSetting;3;1;2;0.9792;1681;86;13;1;1;0.9259;96;4;18
com.android.internal.telephony.cdma.SmsMessage.getMessageType();com.android.internal.telephony.cdma.sms.SmsEnvelope;1;0;1;0.9583;551;31;16;0;3;0.9231;2;0;27
com.android.internal.telephony.gsm.GsmSMSDispatcher.handleBroadcastSms(AsyncResult);com.android.internal.telephony.gsm.GsmSmsCbMessage;2;0;2;0.9524;242;13;6;1;0;1.0000;143;4;4
com.android.internal.telephony.cdma.CdmaCallTracker.getConnectionByIndex(CdmaCall, int);com.android.internal.telephony.cdma.CdmaCall;1;0;0;1.0000;707;48;22;0;1;0.9412;100;14;3
com.android.internal.telephony.gsm.SmsMessage.parseSmsDeliver(PduParser, int);com.android.internal.telephony.SmsAddress;1;1;4;0.8519;446;23;12;0;1;0.9333;12;3;10
com.android.internal.telephony.uicc.IccCardProxy.getIccFileHandler();com.android.internal.telephony.uicc.UiccCardApplication;0;0;2;0.9649;507;40;28;1;0;0.9844;388;38;29
com.android.internal.telephony.gsm.GsmCallTracker.handleMessage(Message);com.android.internal.telephony.gsm.CallFailCause;1;5;4;0.8852;563;41;17;0;8;1.0000;0;0;16
com.android.internal.telephony.uicc.RuimRecords.EfCsimSpnLoaded.onRecordLoaded(AsyncResult);com.android.internal.telephony.uicc.IccUtils;0;0;0;0;0;0;0;0;0;0;0;0;0
com.android.internal.telephony.gsm.GsmDataConnectionTracker.handleMessage(Message);com.android.internal.telephony.PhoneBase;2;14;2;0.8529;1681;86;13;0;1;0.9948;621;139;66
com.android.internal.telephony.sip.SipPhoneBase.dial(String, UUSInfo);com.android.internal.telephony.Phone;0;0;0;1.0000;288;86;3;1;0;0.9947;176;176;73
com.android.internal.telephony.test.SimulatedCommands.hangupForegroundResumeBackground(Message);com.android.internal.telephony.test.SimulatedGsmCallState;0;2;1;0.9808;821;136;26;1;0;0.9630;452;20;6
com.android.internal.telephony.RIL.sendSMS(String, String, Message);com.android.internal.telephony.RILRequest;1;3;1;0.9892;2610;171;27;2;2;0.7273;68;5;12
com.android.internal.telephony.cdma.CDMALTEPhone.requestIsimAuthentication(String, Message);com.android.internal.telephony.CommandsInterface;0;0;0;1.0000;169;15;5;1;0;0.9954;216;214;44
com.android.internal.telephony.DataConnectionTracker.fetchDunApn();com.android.internal.telephony.ApnSetting;1;1;2;0.9836;907;78;74;1;0;1.0000;96;4;18
com.android.internal.telephony.gsm.GsmSMSDispatcher.handleStatusReport(AsyncResult);com.android.internal.telephony.gsm.SmsMessage;6;1;0;0.9500;242;13;6;1;1;0.9643;446;23;12
android.telephony.SmsMessage.getPdu();com.android.internal.telephony.SmsMessageBase;1;0;1;0.9643;230;37;14;0;1;0.9706;80;16;18
com.android.internal.telephony.PhoneProxy.registerForSuppServiceFailed(Handler, int, Object);com.android.internal.telephony.Phone;0;0;1;0.9947;669;181;14;1;0;0.9947;176;176;73
com.android.internal.telephony.PhoneProxy.handleMessage(Message);com.android.internal.telephony.CommandsInterface;0;3;6;0.9788;669;181;14;1;0;0.9954;216;214;44
com.android.internal.telephony.CallManager.hangupForegroundResumeBackground(Call);com.android.internal.telephony.Call;0;5;2;0.9597;775;95;53;2;0;0.9200;117;16;4
com.android.internal.telephony.uicc.SIMRecords.fetchSimRecords();com.android.internal.telephony.uicc.IccUtils;0;0;0;0;0;0;0;0;0;0;0;0;0
com.android.internal.telephony.cdma.CDMAPhone.dispose();com.android.internal.telephony.cdma.RuimPhoneBookInterfaceManager;1;2;9;0.9329;967;126;45;1;0;0.9706;36;5;1
com.android.internal.telephony.gsm.GSMPhone.onIncomingUSSD(int, String);com.android.internal.telephony.CommandsInterface;2;1;1;0.9837;1009;105;19;0;2;1.0000;216;214;44
com.android.internal.telephony.cat.CommandParamsFactory.processGetInput(CommandDetails, List<ComprehensionTlv>);com.android.internal.telephony.cat.IconId;4;1;5;0.8947;576;21;15;0;1;0.9500;3;1;2
com.android.internal.telephony.DataConnectionTracker.isApnTypeActive(String);com.android.internal.telephony.ApnSetting;0;1;1;0.9837;907;78;74;2;0;0.9130;96;4;18
com.android.internal.telephony.uicc.SIMRecords.setVoiceMailNumber(String, String, Message);com.android.internal.telephony.uicc.IccConstants;1;1;2;0.9811;909;32;58;0;4;1.0000;0;0;51
com.android.internal.telephony.PhoneSubInfoProxy.getCompleteVoiceMailNumber();com.android.internal.telephony.PhoneSubInfo;0;0;1;0.9375;51;14;1;1;0;0.9500;98;16;6
com.android.internal.telephony.DataConnectionTracker.getActiveApnString(String);com.android.internal.telephony.ApnSetting;1;0;1;0.9918;907;78;74;0;1;0.9545;96;4;18
com.android.internal.telephony.CallSetupException.configureRetry(int, int, int);com.android.internal.telephony.RetryManager;0;0;1;0.9804;293;31;34;1;0;0.9583;201;16;9
com.android.internal.telephony.gsm.GsmSMSDispatcher.dispatchMessage(SmsMessageBase);com.android.internal.telephony.uicc.IccUtils;0;0;0;0;0;0;0;0;0;0;0;0;0
com.android.internal.telephony.gsm.GSMPhone.handleMessage(Message);com.android.internal.telephony.SMSDispatcher;1;13;7;0.8615;1009;105;19;1;0;0.9872;605;33;46
com.android.internal.telephony.gsm.GsmDataConnectionTracker.isApnTypeActive(String);com.android.internal.telephony.ApnContext;1;0;0;1.0000;1681;86;13;0;1;0.9697;143;19;13
com.android.internal.telephony.cdma.CdmaServiceStateTracker.handlePollStateResult(int, AsyncResult);com.android.internal.telephony.cdma.EriInfo;3;7;7;0.8495;1091;45;44;0;2;1.0000;8;0;11
com.android.internal.telephony.uicc.IccCardProxy.setVoiceRadioTech(int);com.android.internal.telephony.uicc.UiccController;1;2;3;0.9286;507;40;28;0;2;1.0000;106;11;13
com.android.internal.telephony.sip.SipPhone.SipCall.unhold();com.android.internal.telephony.sip.SipPhone.SipConnection;0;2;0;0.9231;214;24;0;1;0;0.9643;125;15;7
com.android.internal.telephony.uicc.RuimRecords.dispose();com.android.internal.telephony.CommandsInterface;0;2;1;0.9459;330;21;25;1;0;0.9955;216;214;44
com.android.internal.telephony.cdma.CDMAPhone.processIccRecordEvents(int);com.android.internal.telephony.uicc.IccRecords;1;0;1;1.0000;967;126;45;0;1;1.0000;160;33;36
com.android.internal.telephony.WapPushOverSms.WapPushConnection.onServiceDisconnected(ComponentName);com.android.internal.telephony.WapPushOverSms;1;1;1;0.6000;38;4;2;0;1;1.0000;100;1;7
com.android.internal.telephony.cdma.CDMALTEPhone.getDataConnectionState(String);com.android.internal.telephony.DataConnectionTracker;1;1;0;0.9600;169;15;5;2;0;0.9844;907;78;74
com.android.internal.telephony.cdma.CdmaServiceStateTracker.onUpdateIccAvailability();com.android.internal.telephony.uicc.UiccCardApplication;1;1;1;0.9785;1091;45;44;3;0;0.9571;388;38;29
com.android.internal.telephony.uicc.UiccController.getUiccCardApplication(int);com.android.internal.telephony.uicc.UiccCard;0;0;2;0.9286;106;11;13;1;0;0.9677;187;15;18
android.telephony.CellBroadcastMessage.isEtwsPopupAlert();android.telephony.SmsCbMessage;2;0;1;0.9615;230;20;5;0;1;0.9500;102;6;22
com.android.internal.telephony.gsm.GsmDataConnectionTracker.checkForConnectionForApnContext(ApnContext);com.android.internal.telephony.ApnSetting;1;1;0;0.9898;1681;86;13;2;0;0.9286;96;4;18
com.android.internal.telephony.gsm.GSMPhone.handleCallDeflectionIncallSupplementaryService(String);com.android.internal.telephony.Call;2;3;3;0.9675;1009;105;19;0;1;0.9630;117;16;4
com.android.internal.telephony.gsm.GsmConnection.onDisconnect(DisconnectCause);com.android.internal.telephony.gsm.GsmCall;1;1;9;0.8364;433;31;29;1;0;0.9615;97;14;2
com.android.internal.telephony.sip.SipPhone.SipCall.setMute(boolean);com.android.internal.telephony.sip.SipPhone.SipConnection;0;0;0;1.0000;214;24;0;1;0;0.9600;125;15;7
com.android.internal.telephony.DataConnectionTracker.resetAllRetryCounts();com.android.internal.telephony.ApnContext;0;0;2;0.9836;907;78;74;1;0;0.9706;143;19;13
com.android.internal.telephony.test.SimulatedCommands.separateConnection(int, Message);com.android.internal.telephony.test.SimulatedGsmCallState;0;2;1;0.9808;821;136;26;1;0;0.9630;452;20;6
com.android.internal.telephony.RIL.reportSmsMemoryStatus(boolean, Message);com.android.internal.telephony.RILRequest;1;3;1;0.9892;2610;171;27;2;2;0.7273;68;5;12
com.android.internal.telephony.sip.SipPhone.SipCall.setState(State);com.android.internal.telephony.sip.SipPhone;1;1;0;0.9667;214;24;0;0;1;1.0000;238;31;10
com.android.internal.telephony.gsm.SmsMessage.PduParser.getUserDataUCS2(int);com.android.internal.telephony.gsm.SmsMessage;1;0;2;0.8667;139;9;6;0;1;1.0000;446;23;12
android.telephony.gsm.SmsMessage.getIndexOnIcc();com.android.internal.telephony.SmsMessageBase;1;0;1;0.9655;159;34;12;0;1;0.9706;80;16;18
com.android.internal.telephony.cdma.sms.BearerData.decode7bitAscii(byte[], int, int);com.android.internal.telephony.cdma.sms.UserData;1;0;0;1.0000;1209;66;114;0;5;1.0000;23;2;31
com.android.internal.telephony.cat.SelectItemParams.setIcon(Bitmap);com.android.internal.telephony.cat.Menu;2;0;2;0.6667;23;1;2;0;2;0.8824;46;2;11
com.android.internal.telephony.gsm.GsmSMSDispatcher.calculateLength(CharSequence, boolean);com.android.internal.telephony.gsm.SmsMessage;0;0;0;1.0000;242;13;6;1;0;1.0000;446;23;12
com.android.internal.telephony.gsm.SimSmsInterfaceManager.CellBroadcastRangeManager.addRange(int, int, boolean);com.android.internal.telephony.gsm.SimSmsInterfaceManager;1;0;1;0.6667;15;3;1;0;2;1.0000;134;12;14
com.android.internal.telephony.RIL.conference(Message);com.android.internal.telephony.RILRequest;1;3;1;0.9891;2610;171;27;2;1;0.8182;68;5;12
com.android.internal.telephony.cdma.SmsMessage.getTeleService();com.android.internal.telephony.cdma.sms.SmsEnvelope;1;0;1;0.9583;551;31;16;0;1;0.9231;2;0;27
com.android.internal.telephony.PhoneBase.setPreferredNetworkType(int, Message);com.android.internal.telephony.CommandsInterface;0;0;1;0.9940;621;139;66;1;0;0.9954;216;214;44
com.android.internal.telephony.uicc.UiccCard.update(Context, CommandsInterface, IccCardStatus);com.android.internal.telephony.cat.CatService;1;3;17;0.5641;187;15;18;2;0;0.9800;491;19;26
com.android.internal.telephony.cdma.CDMAPhone.rejectCall();com.android.internal.telephony.cdma.CdmaCallTracker;0;0;1;0.9932;967;126;45;1;0;0.9851;707;48;22
com.android.internal.telephony.PhoneBase.getCurrentUiccAppType();com.android.internal.telephony.uicc.UiccCardApplication;0;0;1;0.9940;621;139;66;1;0;0.9841;388;38;29
com.android.internal.telephony.gsm.GsmSmsCbMessage.createSmsCbMessage(SmsCbHeader, SmsCbLocation, byte[][]);android.telephony.SmsCbMessage;2;1;0;1.0000;143;4;4;0;3;1.0000;102;6;22
com.android.internal.telephony.PhoneProxy.setOnEcbModeExitResponse(Handler, int, Object);com.android.internal.telephony.Phone;0;0;1;0.9947;669;181;14;1;0;0.9947;176;176;73
com.android.internal.telephony.gsm.GsmDataConnectionTracker.onSetDependencyMet(String, boolean);com.android.internal.telephony.ApnContext;0;2;0;0.9783;1681;86;13;1;0;0.9714;143;19;13
com.android.internal.telephony.RIL.setPreferredNetworkType(int, Message);com.android.internal.telephony.RILRequest;1;3;2;0.9839;2610;171;27;2;2;0.7692;68;5;12
com.android.internal.telephony.gsm.GsmDataConnectionTracker.findReadyDataConnection(ApnSetting);com.android.internal.telephony.ApnSetting;1;1;0;0.9894;1681;86;13;1;0;0.9600;96;4;18
com.android.internal.telephony.gsm.GsmConnection.parentFromDCState(DriverCall.State);com.android.internal.telephony.gsm.GsmCallTracker;1;0;1;0.9818;433;31;29;0;3;0.9455;563;41;17
com.android.internal.telephony.cat.RilMessageDecoder.StateStart.processMessage(Message);com.android.internal.telephony.cat.RilMessageDecoder;1;0;0;1.0000;11;1;0;1;2;0.8000;69;5;8
com.android.internal.telephony.gsm.GsmServiceStateTracker.pollStateDone();com.android.internal.telephony.MccTable;2;9;21;0.6585;1025;35;46;1;0;1.0000;160;10;2
com.android.internal.telephony.gsm.GsmDataConnectionTracker.isDataAllowed();com.android.internal.telephony.PhoneBase;1;1;0;0.9904;1681;86;13;2;0;0.9889;621;139;66
com.android.internal.telephony.cat.CatService.handleMessage(Message);com.android.internal.telephony.cat.CatLog;0;2;11;0.8400;491;19;26;1;0;1.0000;13;2;1
com.android.internal.telephony.gsm.GsmDataConnectionTracker.createAllApnList();android.provider.Telephony.Carriers;3;4;0;0.9588;1681;86;13;0;1;1.0000;0;0;25
com.android.internal.telephony.cat.CommandParamsFactory.processGetInkey(CommandDetails, List<ComprehensionTlv>);com.android.internal.telephony.cat.ValueParser;3;1;5;0.8889;576;21;15;3;0;1.0000;195;10;0
com.android.internal.telephony.cdma.SmsMessage.newFromParcel(Parcel);com.android.internal.telephony.cdma.sms.CdmaSmsSubaddress;4;2;1;0.9250;551;31;16;0;3;0.8421;0;0;3
com.android.internal.telephony.gsm.GsmCallTracker.hangup(GsmConnection);com.android.internal.telephony.CommandsInterface;2;2;3;0.9310;563;41;17;1;0;0.9955;216;214;44
com.android.internal.telephony.cdma.CDMALTEPhone.selectNetworkManually(OperatorInfo, Message);com.android.internal.telephony.CommandsInterface;1;0;0;1.0000;169;15;5;1;0;0.9955;216;214;44
android.telephony.SmsMessage.getMessageClass();com.android.internal.telephony.SmsMessageBase;0;0;2;0.9286;230;37;14;1;0;0.9714;80;16;18
com.android.internal.telephony.gsm.GsmDataConnectionTracker.setupDataOnReadyApns(String);com.android.internal.telephony.ApnContext;2;3;0;0.9700;1681;86;13;2;2;0.9024;143;19;13
com.android.internal.telephony.cdma.CdmaDataConnectionTracker.createAllDataConnectionList();com.android.internal.telephony.DataConnectionAc;2;1;3;0.9524;612;49;13;0;1;0.9811;270;41;35
com.android.internal.telephony.gsm.GsmMmiCode.sendUssd(String);com.android.internal.telephony.PhoneBase;1;0;3;0.9565;840;42;63;0;1;0.9941;621;139;66
com.android.internal.telephony.cdma.CdmaCallTracker.hangupAllConnections(CdmaCall);com.android.internal.telephony.cdma.CdmaCall;1;1;1;0.9855;707;48;22;0;1;0.9500;100;14;3
com.android.internal.telephony.gsm.GsmCallTracker.hangup(GsmCall);com.android.internal.telephony.Phone;2;6;4;0.8333;563;41;17;0;1;1.0000;176;176;73
com.android.internal.telephony.SMSDispatcher.dispatchPortAddressedPdus(byte[][], int);android.provider.Telephony.Sms.Intents;1;2;1;0.9592;605;33;46;0;1;1.0000;16;1;12
com.android.internal.telephony.gsm.GSMPhone.getDataActivityState();com.android.internal.telephony.Phone;3;0;1;0.9919;1009;105;19;0;1;0.9948;176;176;73
com.android.internal.telephony.gsm.GsmServiceStateTracker.revertToNitzTime();com.android.internal.telephony.PhoneBase;1;2;4;0.9254;1025;35;46;0;1;0.9942;621;139;66
com.android.internal.telephony.cdma.CDMAPhone.registerForSubscriptionInfoReady(Handler, int, Object);com.android.internal.telephony.cdma.CdmaServiceStateTracker;0;0;1;0.9932;967;126;45;1;0;0.9884;1091;45;44
android.provider.Telephony.Sms.Draft.saveMessage(ContentResolver, Uri, String);android.provider.Telephony.TextBasedSmsColumns;1;0;0;1.0000;9;2;2;0;2;1.0000;0;0;29
com.android.internal.telephony.SmsMessageBase.getOriginatingAddress();com.android.internal.telephony.SmsAddress;1;0;1;0.9697;80;16;18;0;1;0.8571;12;3;10
android.telephony.SmsMessage.getTPLayerLengthForPDU(String);com.android.internal.telephony.cdma.SmsMessage;0;0;0;1.0000;230;37;14;1;0;1.0000;551;31;16
com.android.internal.telephony.cdma.CdmaDataConnectionTracker.handleMessage(Message);com.android.internal.telephony.PhoneBase;2;7;1;0.8667;612;49;13;0;1;0.9944;621;139;66
com.android.internal.telephony.gsm.GsmServiceStateTracker.dispose();com.android.internal.telephony.PhoneBase;1;0;5;0.9367;1025;35;46;0;1;0.9946;621;139;66
com.android.internal.telephony.SMSDispatcher.processMessagePart(byte[], String, int, int, int, long, int, boolean);android.telephony.SmsMessage;2;3;9;0.9020;605;33;46;2;0;0.9706;230;37;14
com.android.internal.telephony.cdma.CDMAPhone.acceptCall();com.android.internal.telephony.cdma.CdmaCallTracker;0;0;1;0.9932;967;126;45;1;0;0.9851;707;48;22
com.android.internal.telephony.cat.CommandParamsFactory.processSetUpEventList(CommandDetails, List<ComprehensionTlv>);com.android.internal.telephony.cat.CatLog;0;0;0;1.0000;576;21;15;1;0;1.0000;13;2;1
com.android.internal.telephony.gsm.GsmCallTracker.hangup(GsmConnection);com.android.internal.telephony.Phone;2;2;3;0.9310;563;41;17;0;1;1.0000;176;176;73
com.android.internal.telephony.gsm.SmsMessage.getSubmitPdu(String, String, String, boolean, byte[], int, int, int);com.android.internal.telephony.SmsMessageBase.SubmitPduBase;2;3;1;1.0000;446;23;12;0;1;0.8000;3;1;2
com.android.internal.telephony.DataConnectionTracker.doRecovery();com.android.internal.telephony.Phone;2;6;4;0.9280;907;78;74;0;1;1.0000;176;176;73
android.telephony.gsm.SmsMessage.getMessageClass();com.android.internal.telephony.SmsMessageBase;0;0;2;0.9310;159;34;12;1;0;0.9714;80;16;18
com.android.internal.telephony.uicc.SIMRecords.parseEfSpdi(byte[]);com.android.internal.telephony.uicc.IccUtils;0;0;0;0;0;0;0;0;0;0;0;0;0
com.android.internal.telephony.PhoneBase.invokeOemRilRequestStrings(String[], Message);com.android.internal.telephony.CommandsInterface;0;0;1;0.9940;621;139;66;1;0;0.9954;216;214;44
com.android.internal.telephony.PhoneProxy.getUsimServiceTable();com.android.internal.telephony.Phone;0;0;1;0.9947;669;181;14;1;0;0.9947;176;176;73
com.android.internal.telephony.cdma.CdmaCallTracker.hangupAllConnections(CdmaCall);com.android.internal.telephony.cdma.CdmaConnection;1;1;1;0.9855;707;48;22;1;0;0.9836;566;40;27
com.android.internal.telephony.gsm.GSMPhone.handleCallHoldIncallSupplementaryService(String);com.android.internal.telephony.gsm.GsmCallTracker;3;3;3;0.9680;1009;105;19;4;1;0.9333;563;41;17
com.android.internal.telephony.uicc.UiccCardApplication.supplyPuk2(String, String, Message);com.android.internal.telephony.CommandsInterface;0;0;2;0.9677;388;38;29;1;0;0.9954;216;214;44
com.android.internal.telephony.PhoneSubInfo.getIsimDomain();com.android.internal.telephony.uicc.IsimRecords;0;0;3;0.9000;98;16;6;1;0;0.8333;3;3;0
android.telephony.CellBroadcastMessage.getSerialNumber();android.telephony.SmsCbMessage;1;0;1;0.9600;230;20;5;0;1;0.9474;102;6;22
android.telephony.SmsMessage.getTimestampMillis();com.android.internal.telephony.SmsMessageBase;1;0;1;0.9643;230;37;14;0;1;0.9706;80;16;18
android.telephony.SmsMessage.fragmentText(String);com.android.internal.telephony.gsm.SmsMessage;0;0;1;1.0000;230;37;14;1;0;1.0000;446;23;12
com.android.internal.telephony.uicc.IccCardProxy.dispose();com.android.internal.telephony.uicc.UiccController;0;1;4;0.9167;507;40;28;1;0;0.9545;106;11;13
com.android.internal.telephony.sip.SipPhoneBase.canDial();com.android.internal.telephony.Call;1;4;1;0.9551;288;86;3;1;1;0.9167;117;16;4
com.android.internal.telephony.gsm.SmsMessage.newFromCDS(String);com.android.internal.telephony.uicc.IccUtils;0;0;0;0;0;0;0;0;0;0;0;0;0
com.android.internal.telephony.PhoneProxy.registerForSubscriptionInfoReady(Handler, int, Object);com.android.internal.telephony.Phone;0;0;1;0.9947;669;181;14;1;0;0.9947;176;176;73
com.android.internal.telephony.PhoneBase.invokeOemRilRequestRaw(byte[], Message);com.android.internal.telephony.CommandsInterface;0;0;1;0.9940;621;139;66;1;0;0.9954;216;214;44
com.android.internal.telephony.sip.SipPhone.SipConnection.dial();com.android.internal.telephony.sip.SipPhone;1;0;3;0.8800;125;15;7;0;3;0.9487;238;31;10
com.android.internal.telephony.DefaultPhoneNotifier.notifyMessageWaitingChanged(Phone);com.android.internal.telephony.Phone;0;0;1;0.9333;180;19;3;1;0;0.9947;176;176;73
com.android.internal.telephony.DataConnectionTracker.updateDataActivity();com.android.internal.telephony.PhoneBase;0;1;7;0.9440;907;78;74;1;0;0.9944;621;139;66
com.android.internal.telephony.gsm.GsmCallTracker.operationComplete();com.android.internal.telephony.CommandsInterface;0;1;2;0.9828;563;41;17;1;0;0.9955;216;214;44
com.android.internal.telephony.cdma.CDMAPhone.dispose();com.android.internal.telephony.cdma.EriManager;1;2;9;0.9329;967;126;45;1;0;0.9787;235;13;11
com.android.internal.telephony.DebugService.dump(FileDescriptor, PrintWriter, String[]);com.android.internal.telephony.CallTracker;2;1;0;1.0000;69;2;1;1;0;0.9643;58;15;20
com.android.internal.telephony.gsm.GSMPhone.canTransfer();com.android.internal.telephony.gsm.GsmCallTracker;0;0;1;0.9917;1009;105;19;1;0;0.9818;563;41;17
com.android.internal.telephony.RIL.responseSetupDataCall(Parcel);com.android.internal.telephony.DataCallState;1;2;2;0.9894;2610;171;27;0;6;0.6842;157;3;14
com.android.internal.telephony.PhoneProxy.registerForInCallVoicePrivacyOn(Handler, int, Object);com.android.internal.telephony.Phone;0;0;1;0.9947;669;181;14;1;0;0.9947;176;176;73
com.android.internal.telephony.uicc.AdnRecordCache.requestLoadAllAdnLike(int, int, Message);com.android.internal.telephony.gsm.UsimPhoneBookManager;1;1;4;0.7778;190;11;7;1;0;0.9688;250;14;33
com.android.internal.telephony.test.SimulatedGsmCallState.triggerHangupForeground();com.android.internal.telephony.test.CallInfo;1;0;1;0.9583;452;20;6;0;1;0.9286;54;7;7
android.telephony.SmsCbEtwsInfo.getPrimaryNotificationTimestamp();com.android.internal.telephony.uicc.IccUtils;0;0;0;0;0;0;0;0;0;0;0;0;0
com.android.internal.telephony.IccProvider.loadRecord(AdnRecord, MatrixCursor, int);com.android.internal.telephony.uicc.AdnRecord;1;1;1;0.9375;252;13;11;1;3;0.8182;145;10;20
com.android.internal.telephony.cat.CommandParamsFactory.processEventNotify(CommandDetails, List<ComprehensionTlv>);com.android.internal.telephony.cat.CatLog;2;1;5;0.8667;576;21;15;1;0;1.0000;13;2;1
com.android.internal.telephony.cdma.CdmaServiceStateTracker.handleCdmaSubscriptionSource(int);com.android.internal.telephony.cdma.CdmaSubscriptionSourceManager;1;2;1;0.9643;1091;45;44;0;1;1.0000;82;10;15
com.android.internal.telephony.PhoneProxy.getDataConnectionState();com.android.internal.telephony.Phone;0;0;1;0.9947;669;181;14;1;0;0.9947;176;176;73
com.android.internal.telephony.cat.CatService.validateResponse(CatResponseMessage);com.android.internal.telephony.cat.CatCmdMessage;2;0;1;0.9615;491;19;26;0;1;0.9333;111;3;8
com.android.internal.telephony.uicc.IccCardProxy.supplyPin(String, Message);com.android.internal.telephony.uicc.UiccCardApplication;0;0;2;0.9649;507;40;28;1;0;0.9844;388;38;29
com.android.internal.telephony.uicc.UiccCardApplication.changeIccLockPassword(String, String, Message);com.android.internal.telephony.CommandsInterface;0;1;4;0.9355;388;38;29;1;0;0.9954;216;214;44
com.android.internal.telephony.gsm.GsmServiceStateTracker.pollStateDone();com.android.internal.telephony.gsm.GSMPhone;2;9;21;0.6585;1025;35;46;4;0;0.9750;1009;105;19
com.android.internal.telephony.cdma.CdmaCallTracker.hangupConnectionByIndex(CdmaCall, int);com.android.internal.telephony.cdma.CdmaConnection;1;1;0;0.9855;707;48;22;1;0;0.9836;566;40;27
com.android.internal.telephony.RIL.getDeviceIdentity(Message);com.android.internal.telephony.RILRequest;1;3;1;0.9891;2610;171;27;2;1;0.8182;68;5;12
android.telephony.gsm.SmsMessage.getSubmitPdu(String, String, short, byte[], boolean);com.android.internal.telephony.gsm.SmsMessage;0;0;0;1.0000;159;34;12;1;0;1.0000;446;23;12
com.android.internal.telephony.sip.SipPhone.acceptCall();com.android.internal.telephony.Call;1;0;3;0.9737;238;31;10;0;1;0.9565;117;16;4
com.android.internal.telephony.cdma.CdmaSMSDispatcher.dispatchMessage(SmsMessageBase);android.provider.Telephony.Sms.Intents;5;3;3;0.8611;229;15;5;0;4;1.0000;16;1;12
com.android.internal.telephony.RIL.sendUSSD(String, Message);com.android.internal.telephony.RILRequest;1;3;2;0.9892;2610;171;27;2;2;0.7273;68;5;12
com.android.internal.telephony.IccPhoneBookInterfaceManager.updateIccRecords(IccRecords);com.android.internal.telephony.uicc.IccRecords;1;0;1;0.9500;98;12;12;0;1;0.9836;160;33;36
com.android.internal.telephony.cdma.sms.BearerData.decodeCmasUserData(BearerData, int);com.android.internal.telephony.cdma.sms.UserData;2;2;3;0.9535;1209;66;114;0;11;0.5455;23;2;31
com.android.internal.telephony.CallManager.acceptCall(Call);com.android.internal.telephony.Phone;0;4;3;0.9609;775;95;53;3;0;0.9847;176;176;73
com.android.internal.telephony.gsm.SmsCbHeader.getEtwsWarningType();com.android.internal.telephony.gsm.SmsCbConstants;1;0;1;0.9545;198;13;16;0;1;1.0000;2;0;31
com.android.internal.telephony.cdma.SmsMessage.createPdu();com.android.internal.telephony.SmsAddress;3;0;2;0.9744;551;31;16;0;2;0.9048;12;3;10
com.android.internal.telephony.gsm.GsmConnection.processPostDialChar(char);com.android.internal.telephony.CallTracker;1;1;7;0.9273;433;31;29;0;1;0.9600;58;15;20
com.android.internal.telephony.cdma.CdmaConnection.separate();com.android.internal.telephony.cdma.CdmaCallTracker;0;0;2;0.9649;566;40;27;1;0;0.9853;707;48;22
com.android.internal.telephony.PhoneBase.registerForResendIncallMute(Handler, int, Object);com.android.internal.telephony.CommandsInterface;0;0;1;0.9940;621;139;66;1;0;0.9954;216;214;44
com.android.internal.telephony.cdma.CDMALTEPhone.getDataConnectionState(String);com.android.internal.telephony.cdma.CdmaCallTracker;1;1;0;0.9600;169;15;5;0;1;0.9863;707;48;22
com.android.internal.telephony.RIL.translateStatus(int);android.telephony.SmsManager;1;0;0;1.0000;2610;171;27;0;4;1.0000;195;13;12
com.android.internal.telephony.cdma.CdmaSMSDispatcher.dispatchMessage(SmsMessageBase);com.android.internal.telephony.Phone;5;3;3;0.8611;229;15;5;1;0;0.9953;176;176;73
com.android.internal.telephony.SmsStorageMonitor.handleIccFull();com.android.internal.telephony.SMSDispatcher;2;0;3;0.8000;53;4;11;0;1;1.0000;605;33;46
com.android.internal.telephony.cat.RilMessageDecoder.sendCmdForExecution(RilMessage);com.android.internal.telephony.cat.CatService;1;0;1;0.8889;69;5;8;0;1;1.0000;491;19;26
com.android.internal.telephony.PhoneBase.setPropertiesByCarrier();com.android.internal.telephony.MccTable;0;0;1;0.9940;621;139;66;1;0;1.0000;160;10;2
com.android.internal.telephony.RIL.setTTYMode(int, Message);com.android.internal.telephony.RILRequest;1;3;1;0.9892;2610;171;27;2;2;0.7273;68;5;12
com.android.internal.telephony.cat.BIPClientParams.setIcon(Bitmap);com.android.internal.telephony.cat.TextMessage;1;0;1;0.7500;12;1;2;0;1;0.9231;25;2;9
com.android.internal.telephony.sip.SipPhone.SipCall.getAudioGroup();com.android.internal.telephony.sip.SipPhone.SipConnection;0;0;0;1.0000;214;24;0;1;0;0.9600;125;15;7
com.android.internal.telephony.gsm.GSMPhone.sendUssdResponse(String);com.android.internal.telephony.gsm.GsmMmiCode;0;0;1;0.9918;1009;105;19;2;0;0.9792;840;42;63
com.android.internal.telephony.uicc.RuimRecords.EfCsimMdnLoaded.onRecordLoaded(AsyncResult);com.android.internal.telephony.uicc.IccUtils;0;0;0;0;0;0;0;0;0;0;0;0;0
com.android.internal.telephony.RIL.setFacilityLockForApp(String, boolean, String, int, String, Message);com.android.internal.telephony.RILRequest;1;3;1;0.9892;2610;171;27;2;2;0.7273;68;5;12
com.android.internal.telephony.cdma.CDMAPhone.sendBurstDtmf(String, int, int, Message);com.android.internal.telephony.cdma.CdmaCallTracker;1;0;2;0.9933;967;126;45;0;1;0.9855;707;48;22
com.android.internal.telephony.PhoneBase.unregisterForT53ClirInfo(Handler);com.android.internal.telephony.CommandsInterface;0;0;1;0.9940;621;139;66;1;0;0.9954;216;214;44
com.android.internal.telephony.gsm.GsmDataConnectionTracker.onRoamingOff();com.android.internal.telephony.Phone;1;4;0;0.9565;1681;86;13;0;1;1.0000;176;176;73
com.android.internal.telephony.RIL.getLastCallFailCause(Message);com.android.internal.telephony.RILRequest;1;3;1;0.9891;2610;171;27;2;1;0.8182;68;5;12
com.android.internal.telephony.SmsUsageMonitor.ShortCodePatternMatcher.getNumberCategory(String);com.android.internal.telephony.SmsUsageMonitor;1;0;4;0.2000;21;1;4;0;5;1.0000;304;16;41
com.android.internal.telephony.PhoneBase.setCdmaRoamingPreference(int, Message);com.android.internal.telephony.CommandsInterface;0;0;1;0.9940;621;139;66;1;0;0.9954;216;214;44
com.android.internal.telephony.cdma.CdmaCallTracker.getConnectionByIndex(CdmaCall, int);com.android.internal.telephony.cdma.CdmaConnection;1;0;0;1.0000;707;48;22;1;0;0.9828;566;40;27
com.android.internal.telephony.SMSDispatcher.ConfirmDialogListener.onCancel(DialogInterface);com.android.internal.telephony.SMSDispatcher;1;0;1;0.8750;54;3;5;0;2;1.0000;605;33;46
com.android.internal.telephony.gsm.GSMPhone.sendDtmf(char);com.android.internal.telephony.gsm.GsmCallTracker;1;0;2;0.9918;1009;105;19;0;1;0.9825;563;41;17
com.android.internal.telephony.cdma.CDMALTEPhone.getDataConnectionState(String);com.android.internal.telephony.cdma.CdmaServiceStateTracker;1;1;0;0.9600;169;15;5;1;0;0.9891;1091;45;44
com.android.internal.telephony.gsm.GsmDataConnectionTracker.dispose();com.android.internal.telephony.PhoneBase;1;3;1;0.9636;1681;86;13;2;2;0.9786;621;139;66
com.android.internal.telephony.gsm.GSMPhone.setCallWaiting(boolean, Message);com.android.internal.telephony.CommandsInterface;1;0;0;1.0000;1009;105;19;1;1;0.9954;216;214;44
com.android.internal.telephony.CallSetupException.getRetryTimer();com.android.internal.telephony.RetryManager;0;0;1;0.9804;293;31;34;1;0;0.9583;201;16;9
com.android.internal.telephony.cdma.CdmaDataConnectionTracker.writeEventLogCdmaDataDrop();com.android.internal.telephony.Phone;0;0;0;1.0000;612;49;13;1;0;0.9947;176;176;73
android.telephony.gsm.SmsMessage.getOriginatingAddress();com.android.internal.telephony.SmsMessageBase;0;0;1;0.9655;159;34;12;1;0;0.9706;80;16;18
com.android.internal.telephony.cat.CallSetupParams.setIcon(Bitmap);com.android.internal.telephony.cat.TextMessage;1;0;2;0.5000;19;1;2;0;1;0.9286;25;2;9
com.android.internal.telephony.RIL.sendDtmf(char, Message);com.android.internal.telephony.RILRequest;1;3;1;0.9892;2610;171;27;2;2;0.7273;68;5;12
com.android.internal.telephony.gsm.GsmDataConnectionTracker.isDisconnected();com.android.internal.telephony.ApnContext;0;0;0;1.0000;1681;86;13;1;0;0.9697;143;19;13
com.android.internal.telephony.DataConnectionTracker.onSetUserDataEnabled(boolean);com.android.internal.telephony.Phone;2;6;3;0.9268;907;78;74;1;3;0.9949;176;176;73
com.android.internal.telephony.cdma.CdmaCallTracker.acceptCall();com.android.internal.telephony.cdma.CdmaConnection;1;4;2;0.9155;707;48;22;2;0;0.9701;566;40;27
android.telephony.SmsMessage.getEmailFrom();com.android.internal.telephony.SmsMessageBase;1;0;1;0.9643;230;37;14;0;1;0.9706;80;16;18
com.android.internal.telephony.PhoneProxy.getCdmaEriIconIndex();com.android.internal.telephony.Phone;0;0;1;0.9947;669;181;14;1;0;0.9947;176;176;73
com.android.internal.telephony.sip.SipPhone.SipConnection.separate();com.android.internal.telephony.sip.SipPhone;2;1;3;0.8667;125;15;7;0;4;0.9556;238;31;10
com.android.internal.telephony.PhoneProxy.setCdmaSubscription(int, Message);com.android.internal.telephony.Phone;0;0;1;0.9947;669;181;14;1;0;0.9947;176;176;73
com.android.internal.telephony.cdma.sms.BearerData.decodeIs91VoicemailStatus(BearerData);com.android.internal.telephony.cdma.sms.UserData;1;0;6;0.9024;1209;66;114;0;4;0.7692;23;2;31
android.telephony.SmsCbMessage.toString();android.telephony.SmsCbCmasInfo;0;0;9;0.5263;102;6;22;1;0;0.9524;48;3;46
com.android.internal.telephony.cat.IconLoader.parseToBnW(byte[], int);com.android.internal.telephony.cat.CatLog;0;1;0;1.0000;217;14;19;1;0;1.0000;13;2;1
com.android.internal.telephony.RIL.getIccCardStatus(Message);com.android.internal.telephony.RILRequest;1;3;1;0.9891;2610;171;27;2;1;0.8182;68;5;12
com.android.internal.telephony.gsm.GsmDataConnectionTracker.cancelReconnectAlarm(DataConnectionAc);com.android.internal.telephony.DataConnectionAc;1;0;0;1.0000;1681;86;13;2;0;0.9556;270;41;35
com.android.internal.telephony.gsm.GsmSMSDispatcher.dispatchMessage(SmsMessageBase);com.android.internal.telephony.SmsMessageBase;6;0;3;0.9697;242;13;6;0;2;0.9608;80;16;18
com.android.internal.telephony.DataConnectionTracker.getLinkCapabilities(String);com.android.internal.telephony.DataConnectionAc;0;2;1;0.9754;907;78;74;1;0;0.9783;270;41;35
com.android.internal.telephony.gsm.GsmConnection.MyHandler.handleMessage(Message);com.android.internal.telephony.gsm.GsmConnection;1;0;0;1.0000;15;1;0;2;4;0.9623;433;31;29
android.telephony.CellBroadcastMessage.getCmasWarningInfo();android.telephony.SmsCbMessage;1;0;1;0.9600;230;20;5;0;1;0.9474;102;6;22
com.android.internal.telephony.gsm.GsmDataConnectionTracker.onRecordsLoaded();com.android.internal.telephony.CommandsInterface;2;4;0;0.9570;1681;86;13;1;0;0.9955;216;214;44
com.android.internal.telephony.sip.SipPhone.canTake(Object);com.android.internal.telephony.Call;1;0;6;0.8947;238;31;10;0;1;0.9615;117;16;4
android.telephony.CellBroadcastMessage.isPublicAlertMessage();android.telephony.SmsCbMessage;0;0;1;0.9600;230;20;5;1;0;0.9474;102;6;22
com.android.internal.telephony.RIL.getSmscAddress(Message);com.android.internal.telephony.RILRequest;1;3;1;0.9891;2610;171;27;2;1;0.8182;68;5;12
com.android.internal.telephony.gsm.GSMPhone.startDtmf(char);com.android.internal.telephony.CommandsInterface;0;0;1;1.0000;1009;105;19;1;0;0.9954;216;214;44
com.android.internal.telephony.cat.CatService.handleCmdResponse(CatResponseMessage);com.android.internal.telephony.cat.Input;5;3;2;0.8571;491;19;26;0;3;0.9032;48;3;13
com.android.internal.telephony.gsm.GsmServiceStateTracker.updateSpnDisplay();com.android.internal.telephony.uicc.SIMRecords;3;1;7;0.9014;1025;35;46;0;2;1.0000;909;32;58
android.telephony.CellBroadcastMessage.getServiceCategory();android.telephony.SmsCbMessage;1;0;1;0.9600;230;20;5;0;1;0.9474;102;6;22
com.android.internal.telephony.cat.CommandParamsFactory.processEventNotify(CommandDetails, List<ComprehensionTlv>);com.android.internal.telephony.cat.ValueParser;2;1;5;0.8667;576;21;15;2;0;1.0000;195;10;0
com.android.internal.telephony.cdma.CdmaCallTracker.getFailedService(int);com.android.internal.telephony.Phone;1;0;0;1.0000;707;48;22;0;1;0.9947;176;176;73
android.telephony.gsm.SmsMessage.calculateLength(CharSequence, boolean);com.android.internal.telephony.gsm.SmsMessage;0;0;0;1.0000;159;34;12;1;0;1.0000;446;23;12
com.android.internal.telephony.gsm.GsmCallTracker.handleMessage(Message);com.android.internal.telephony.gsm.GsmConnection;1;5;4;0.8852;563;41;17;1;0;0.9851;433;31;29
com.android.internal.telephony.cdma.sms.BearerData.decodeCmasUserData(BearerData, int);android.telephony.SmsCbCmasInfo;2;2;3;0.9535;1209;66;114;0;5;1.0000;48;3;46
com.android.internal.telephony.gsm.GsmSMSDispatcher.dispatchMessage(SmsMessageBase);com.android.internal.telephony.Phone;6;0;3;0.9697;242;13;6;2;0;0.9903;176;176;73
com.android.internal.telephony.cat.CatService.handleCmdResponse(CatResponseMessage);com.android.internal.telephony.cat.CommandDetails;5;3;2;0.8571;491;19;26;0;1;0.9630;26;5;5
com.android.internal.telephony.gsm.SimSmsInterfaceManager.disableCellBroadcastRange(int, int);com.android.internal.telephony.PhoneBase;1;2;2;0.8636;134;12;14;0;1;0.9942;621;139;66
com.android.internal.telephony.gsm.SmsMessage.PduParser.getAddress();com.android.internal.telephony.gsm.SmsMessage;1;0;2;0.8667;139;9;6;0;1;1.0000;446;23;12
com.android.internal.telephony.gsm.GsmDataConnectionTracker.onVoiceCallEnded();com.android.internal.telephony.PhoneBase;1;4;1;0.9583;1681;86;13;1;0;0.9943;621;139;66
com.android.internal.telephony.gsm.GsmDataConnectionTracker.applyNewState(ApnContext, boolean, boolean);com.android.internal.telephony.Phone;2;3;0;0.9694;1681;86;13;0;4;1.0000;176;176;73
com.android.internal.telephony.cdma.CdmaConnection.disconnectCauseFromCode(int);com.android.internal.telephony.cdma.CDMAPhone;5;0;1;0.9839;566;40;27;1;1;0.9868;967;126;45
com.android.internal.telephony.CallSetupException.DcDefaultState.processMessage(Message);com.android.internal.telephony.CallSetupException;3;0;0;1.0000;169;3;0;3;12;0.7885;293;31;34
com.android.internal.telephony.gsm.GSMPhone.dispose();com.android.internal.telephony.gsm.GsmServiceStateTracker;1;1;6;0.9478;1009;105;19;1;0;0.9886;1025;35;46
com.android.internal.telephony.CallManager.unregisterPhone(Phone);com.android.internal.telephony.Phone;0;2;7;0.9524;775;95;53;4;0;0.9794;176;176;73
com.android.internal.telephony.cdma.SmsMessage.calculateLength(CharSequence, boolean);com.android.internal.telephony.cdma.sms.BearerData;0;0;0;1.0000;551;31;16;1;0;1.0000;1209;66;114
com.android.internal.telephony.PhoneProxy.dispose();com.android.internal.telephony.CommandsInterface;0;0;1;0.9948;669;181;14;3;0;0.9861;216;214;44
com.android.internal.telephony.gsm.SimSmsInterfaceManager.updateMessageOnIccEf(int, int, byte[]);com.android.internal.telephony.uicc.IccConstants;2;1;5;0.8400;134;12;14;0;1;1.0000;0;0;51
com.android.internal.telephony.DataConnectionTracker.notifyDataConnection(String);com.android.internal.telephony.PhoneBase;0;2;2;0.9672;907;78;74;1;0;0.9942;621;139;66
com.android.internal.telephony.cat.CatService.handleCommand(CommandParams, boolean);com.android.internal.telephony.cat.CommandDetails;10;2;5;0.8286;491;19;26;0;2;0.9259;26;5;5
com.android.internal.telephony.uicc.RuimRecords.EfCsimLiLoaded.onRecordLoaded(AsyncResult);com.android.internal.telephony.uicc.RuimRecords;2;0;0;1.0000;42;2;0;1;2;0.9394;330;21;25
com.android.internal.telephony.cdma.CdmaDataConnectionTracker.onRestartRadio();com.android.internal.telephony.CommandsInterface;1;1;1;0.9655;612;49;13;1;0;0.9954;216;214;44
com.android.internal.telephony.gsm.GSMPhone.selectNetworkManually(OperatorInfo, Message);com.android.internal.telephony.CommandsInterface;1;0;0;1.0000;1009;105;19;1;0;0.9955;216;214;44
android.telephony.SmsMessage.getDisplayOriginatingAddress();com.android.internal.telephony.SmsMessageBase;0;0;1;0.9643;230;37;14;1;0;0.9706;80;16;18
com.android.internal.telephony.cdma.CdmaCallTracker.dial(String, int);com.android.internal.telephony.cdma.CdmaConnection;5;8;6;0.8182;707;48;22;0;2;0.9753;566;40;27
android.telephony.gsm.SmsMessage.isReplyPathPresent();com.android.internal.telephony.SmsMessageBase;0;0;1;0.9655;159;34;12;1;0;0.9706;80;16;18
com.android.internal.telephony.cdma.sms.BearerData.encode7bitEms(UserData, byte[], boolean);com.android.internal.telephony.cdma.sms.UserData;1;1;0;1.0000;1209;66;114;0;6;0.5455;23;2;31
com.android.internal.telephony.gsm.GSMPhone.handleCcbsIncallSupplementaryService(String);com.android.internal.telephony.Phone;1;1;1;0.9917;1009;105;19;0;1;0.9947;176;176;73
com.android.internal.telephony.cdma.CdmaCallTracker.checkAndEnableDataCallAfterEmergencyCallDropped();com.android.internal.telephony.PhoneBase;2;1;2;0.9552;707;48;22;0;1;0.9942;621;139;66
com.android.internal.telephony.PhoneProxy.getPhoneName();com.android.internal.telephony.Phone;0;0;1;0.9947;669;181;14;1;0;0.9947;176;176;73
com.android.internal.telephony.cdma.CdmaCallTracker.fakeHoldForegroundBeforeDial();com.android.internal.telephony.cdma.CdmaConnection;1;0;1;0.9851;707;48;22;1;0;0.9831;566;40;27
com.android.internal.telephony.cdma.CDMAPhone.init(Context, PhoneNotifier);com.android.internal.telephony.cdma.CdmaSubscriptionSourceManager;1;4;12;0.9125;967;126;45;1;0;1.0000;82;10;15
com.android.internal.telephony.gsm.GsmConnection.fakeHoldBeforeDial();com.android.internal.telephony.gsm.GsmCallTracker;1;1;2;0.9455;433;31;29;0;1;0.9831;563;41;17
com.android.internal.telephony.gsm.GsmMmiCode.onQueryCfComplete(AsyncResult);com.android.internal.telephony.uicc.IccRecords;2;3;5;0.8333;840;42;63;1;0;0.9859;160;33;36
com.android.internal.telephony.cdma.CdmaCallTracker.updatePhoneState();com.android.internal.telephony.Phone;1;1;8;0.8676;707;48;22;0;1;1.0000;176;176;73
com.android.internal.telephony.TelephonyCapabilities.supportsEcm(Phone);com.android.internal.telephony.Phone;0;0;0;1.0000;41;10;1;1;0;0.9947;176;176;73
com.android.internal.telephony.cdma.CdmaSMSDispatcher.dispatchMessage(SmsMessageBase);com.android.internal.telephony.cdma.sms.SmsEnvelope;5;3;3;0.8611;229;15;5;0;7;1.0000;2;0;27
com.android.internal.telephony.gsm.GsmCallTracker.dial(String, UUSInfo);com.android.internal.telephony.CommandsInterface;1;1;0;0.9811;563;41;17;0;1;1.0000;216;214;44
android.telephony.SmsCbMessage.writeToParcel(Parcel, int);android.telephony.SmsCbCmasInfo;0;0;10;0.5000;102;6;22;1;0;0.9565;48;3;46
com.android.internal.telephony.uicc.SIMRecords.fetchSimRecords();com.android.internal.telephony.uicc.IccConstants;2;2;18;0.9661;909;32;58;0;15;1.0000;0;0;51
com.android.internal.telephony.gsm.GsmCallTracker.rejectCall();com.android.internal.telephony.CommandsInterface;1;1;1;0.9643;563;41;17;1;0;0.9954;216;214;44
com.android.internal.telephony.CallSetupException.resetRetryCount();com.android.internal.telephony.RetryManager;0;0;1;0.9804;293;31;34;1;0;0.9583;201;16;9
com.android.internal.telephony.cat.CommandParamsFactory.processSelectItem(CommandDetails, List<ComprehensionTlv>);com.android.internal.telephony.cat.ValueParser;4;2;7;0.8718;576;21;15;5;0;1.0000;195;10;0
com.android.internal.telephony.test.SimulatedCommands.setAutoProgressConnectingCall(boolean);com.android.internal.telephony.test.SimulatedGsmCallState;1;0;1;0.9936;821;136;26;0;1;0.9600;452;20;6
com.android.internal.telephony.cdma.CDMAPhone.onUpdateIccAvailability();com.android.internal.telephony.uicc.UiccCardApplication;1;3;1;0.9737;967;126;45;1;0;0.9859;388;38;29
com.android.internal.telephony.cdma.CdmaDataConnectionTracker.onRestartRadio();com.android.internal.telephony.PhoneBase;1;1;1;0.9655;612;49;13;0;1;0.9942;621;139;66
com.android.internal.telephony.gsm.GSMPhone.switchHoldingAndActive();com.android.internal.telephony.gsm.GsmCallTracker;0;0;1;0.9917;1009;105;19;1;0;0.9818;563;41;17
com.android.internal.telephony.cdma.CdmaDataConnectionTracker.onEnableNewApn();com.android.internal.telephony.Phone;1;1;0;0.9818;612;49;13;0;1;1.0000;176;176;73
com.android.internal.telephony.SMSDispatcher.processMessagePart(byte[], String, int, int, int, long, int, boolean);com.android.internal.telephony.SmsHeader;2;3;9;0.9020;605;33;46;0;1;1.0000;156;3;38
com.android.internal.telephony.gsm.GsmDataConnectionTracker.enableApnType(String);com.android.internal.telephony.ApnContext;1;2;0;0.9787;1681;86;13;0;1;0.9730;143;19;13
com.android.internal.telephony.cdma.CdmaCallTracker.handlePollCalls(AsyncResult);com.android.internal.telephony.CommandsInterface;6;7;12;0.8140;707;48;22;1;0;0.9960;216;214;44
com.android.internal.telephony.uicc.SIMRecords.setMsisdnNumber(String, String, Message);com.android.internal.telephony.uicc.IccConstants;1;1;2;0.9804;909;32;58;0;2;1.0000;0;0;51
com.android.internal.telephony.gsm.GSMPhone.getCallWaiting(Message);com.android.internal.telephony.CommandsInterface;1;0;0;1.0000;1009;105;19;1;1;0.9954;216;214;44
com.android.internal.telephony.gsm.GsmCallTracker.dial(String);com.android.internal.telephony.CommandsInterface;1;1;0;0.9811;563;41;17;0;1;1.0000;216;214;44
com.android.internal.telephony.gsm.GSMPhone.setLine1Number(String, String, Message);com.android.internal.telephony.uicc.IccRecords;0;0;0;1.0000;1009;105;19;1;0;0.9836;160;33;36
com.android.internal.telephony.RIL.getIMSIForApp(String, Message);com.android.internal.telephony.RILRequest;1;3;1;0.9892;2610;171;27;2;2;0.7273;68;5;12
com.android.internal.telephony.cdma.CDMAPhone.isInEmergencyCall();com.android.internal.telephony.cdma.CdmaCallTracker;1;0;1;0.9932;967;126;45;0;1;0.9851;707;48;22
com.android.internal.telephony.uicc.RuimRecords.EfPlLoaded.onRecordLoaded(AsyncResult);com.android.internal.telephony.uicc.RuimRecords;2;0;0;1.0000;7;2;0;1;2;0.9394;330;21;25
com.android.internal.telephony.gsm.GsmDataConnectionTracker.cleanUpConnection(boolean, ApnContext);com.android.internal.telephony.ApnContext;1;2;0;0.9811;1681;86;13;4;6;0.7500;143;19;13
com.android.internal.telephony.DebugService.dump(FileDescriptor, PrintWriter, String[]);com.android.internal.telephony.PhoneFactory;2;1;0;1.0000;69;2;1;1;0;1.0000;122;6;10
com.android.internal.telephony.RIL.handleCallSetupRequestFromSim(boolean, Message);com.android.internal.telephony.RILRequest;1;3;1;0.9892;2610;171;27;2;2;0.7273;68;5;12
android.telephony.gsm.SmsMessage.getPseudoSubject();com.android.internal.telephony.SmsMessageBase;0;0;1;0.9655;159;34;12;1;0;0.9706;80;16;18
com.android.internal.telephony.gsm.SmsMessage.getSubmitPdu(String, String, int, byte[], boolean);com.android.internal.telephony.SmsMessageBase.SubmitPduBase;3;1;1;1.0000;446;23;12;0;1;0.8571;3;1;2
com.android.internal.telephony.uicc.IccCardProxy.registerUiccCardEvents();com.android.internal.telephony.uicc.UiccCardApplication;0;0;9;0.9516;507;40;28;3;0;0.9559;388;38;29
android.telephony.gsm.SmsMessage.getServiceCenterAddress();com.android.internal.telephony.SmsMessageBase;1;0;1;0.9655;159;34;12;0;1;0.9706;80;16;18
com.android.internal.telephony.gsm.GsmMmiCode.onUssdFinishedError();com.android.internal.telephony.gsm.GSMPhone;1;0;4;0.9130;840;42;63;1;0;0.9920;1009;105;19
com.android.internal.telephony.gsm.GSMPhone.handleCallDeflectionIncallSupplementaryService(String);com.android.internal.telephony.gsm.GsmCallTracker;2;3;3;0.9675;1009;105;19;2;0;0.9667;563;41;17
android.telephony.SmsMessage.newFromCMT(String[]);com.android.internal.telephony.gsm.SmsMessage;0;0;0;1.0000;230;37;14;1;0;1.0000;446;23;12
com.android.internal.telephony.gsm.GsmServiceStateTracker.getAutoTimeZone();com.android.internal.telephony.PhoneBase;1;0;1;0.9851;1025;35;46;0;1;0.9940;621;139;66
com.android.internal.telephony.uicc.UiccController.onGetIccCardStatusDone(AsyncResult);com.android.internal.telephony.uicc.UiccCard;0;1;6;0.6429;106;11;13;1;0;0.9714;187;15;18
com.android.internal.telephony.SMSDispatcher.notifyAndAcknowledgeLastIncomingSms(boolean, int, Message);android.provider.Telephony.Sms.Intents;1;1;3;0.9388;605;33;46;0;1;1.0000;16;1;12
com.android.internal.telephony.cdma.CdmaCallTracker.rejectCall();com.android.internal.telephony.cdma.CdmaCall;1;1;1;0.9706;707;48;22;0;1;0.9500;100;14;3
com.android.internal.telephony.gsm.GsmCall.onHangupLocal();com.android.internal.telephony.gsm.GsmConnection;0;0;1;0.9412;97;14;2;1;0;0.9821;433;31;29
com.android.internal.telephony.PhoneProxy.unregisterForEcmTimerReset(Handler);com.android.internal.telephony.Phone;0;0;1;0.9947;669;181;14;1;0;0.9947;176;176;73
com.android.internal.telephony.PhoneFactory.getGsmPhone();com.android.internal.telephony.PhoneProxy;1;0;3;1.0000;122;6;10;0;1;1.0000;669;181;14
com.android.internal.telephony.cdma.CdmaCallTracker.separate(CdmaConnection);com.android.internal.telephony.CommandsInterface;1;1;1;0.9855;707;48;22;1;0;0.9954;216;214;44
com.android.internal.telephony.cdma.sms.BearerData.encode16bitEms(UserData, byte[]);com.android.internal.telephony.cdma.sms.UserData;1;1;0;1.0000;1209;66;114;0;6;0.4444;23;2;31
com.android.internal.telephony.cdma.RuimSmsInterfaceManager.updateMessageOnIccEf(int, int, byte[]);com.android.internal.telephony.uicc.IccConstants;2;1;5;0.8095;88;10;8;0;1;1.0000;0;0;51
com.android.internal.telephony.cat.CommandParamsFactory.processSetupCall(CommandDetails, List<ComprehensionTlv>);com.android.internal.telephony.cat.IconId;2;2;5;0.8276;576;21;15;0;2;0.8182;3;1;2
com.android.internal.telephony.gsm.SimSmsInterfaceManager.setCellBroadcastActivation(boolean);com.android.internal.telephony.CommandsInterface;1;1;5;0.8095;134;12;14;1;0;0.9955;216;214;44
com.android.internal.telephony.DataConnectionTracker.handleMessage(Message);com.android.internal.telephony.DataConnectionAc;1;22;3;0.8033;907;78;74;0;1;0.9851;270;41;35
com.android.internal.telephony.cdma.CDMAPhone.getCallWaiting(Message);com.android.internal.telephony.CommandsInterface;1;0;0;1.0000;967;126;45;1;1;0.9954;216;214;44
com.android.internal.telephony.uicc.SIMRecords.handleSimRefresh(IccRefreshResponse);com.android.internal.telephony.uicc.AdnRecordCache;1;3;1;0.9464;909;32;58;1;0;0.9643;190;11;7
android.telephony.gsm.SmsMessage.createFromPdu(byte[]);com.android.internal.telephony.cdma.SmsMessage;0;0;0;1.0000;159;34;12;1;0;1.0000;551;31;16
com.android.internal.telephony.uicc.IsimUiccRecords.fetchIsimRecords();com.android.internal.telephony.uicc.IccConstants;1;1;0;0.9545;94;15;8;0;3;1.0000;0;0;51
com.android.internal.telephony.SMSDispatcher.dispatchNormalMessage(SmsMessageBase);com.android.internal.telephony.SmsHeader.ConcatRef;4;3;1;0.9344;605;33;46;0;3;0.8235;0;0;4
com.android.internal.telephony.cat.CommandParamsFactory.processDisplayText(CommandDetails, List<ComprehensionTlv>);com.android.internal.telephony.cat.CommandDetails;3;1;5;0.8824;576;21;15;0;1;0.9583;26;5;5
com.android.internal.telephony.cat.CommandParamsFactory.processGetInput(CommandDetails, List<ComprehensionTlv>);com.android.internal.telephony.cat.CommandDetails;4;1;5;0.8947;576;21;15;0;1;0.9643;26;5;5
com.android.internal.telephony.RIL.separateConnection(int, Message);com.android.internal.telephony.RILRequest;1;3;1;0.9892;2610;171;27;2;2;0.7273;68;5;12
com.android.internal.telephony.cdma.CDMAPhone.registerForCdmaOtaStatusChange(Handler, int, Object);com.android.internal.telephony.CommandsInterface;0;0;0;1.0000;967;126;45;1;0;0.9954;216;214;44
com.android.internal.telephony.RIL.responseCallList(Parcel);com.android.internal.telephony.UUSInfo;3;2;2;0.9851;2610;171;27;0;3;0.8750;28;0;15
com.android.internal.telephony.PhoneProxy.setRadioPower(boolean);com.android.internal.telephony.Phone;0;0;1;0.9947;669;181;14;1;0;0.9947;176;176;73
com.android.internal.telephony.CallManager.startDtmf(char);com.android.internal.telephony.Call;0;3;2;0.9758;775;95;53;1;0;0.9583;117;16;4
com.android.internal.telephony.cdma.RuimSmsInterfaceManager.copyMessageToIccEf(int, byte[], byte[]);com.android.internal.telephony.CommandsInterface;2;1;5;0.7778;88;10;8;1;0;0.9955;216;214;44
com.android.internal.telephony.cdma.CDMAPhone.dispose();com.android.internal.telephony.SMSDispatcher;1;2;9;0.9329;967;126;45;1;0;0.9872;605;33;46
com.android.internal.telephony.gsm.UsimDataDownloadHandler.sendSmsAckForEnvelopeResponse(IccIoResult, int, int);com.android.internal.telephony.uicc.IccUtils;0;0;0;0;0;0;0;0;0;0;0;0;0
com.android.internal.telephony.cdma.CDMAPhone.unregisterForRuimRecordEvents();com.android.internal.telephony.uicc.IccRecords;0;0;0;1.0000;967;126;45;2;0;0.9672;160;33;36
com.android.internal.telephony.cdma.CdmaCallTracker.handleCallWaitingInfo(CdmaCallWaitingNotification);com.android.internal.telephony.PhoneBase;3;2;3;0.9265;707;48;22;0;1;0.9943;621;139;66
com.android.internal.telephony.cat.CommandParams.getCommandType();com.android.internal.telephony.cat.AppInterface;2;0;1;0.7500;12;3;1;0;1;1.0000;13;4;4
com.android.internal.telephony.cdma.SmsMessage.createPdu();com.android.internal.telephony.cdma.sms.CdmaSmsAddress;3;0;2;0.9744;551;31;16;0;4;0.7895;84;5;23
com.android.internal.telephony.cat.CommandParamsFactory.processGetInput(CommandDetails, List<ComprehensionTlv>);com.android.internal.telephony.cat.ValueParser;4;1;5;0.8947;576;21;15;2;0;1.0000;195;10;0
com.android.internal.telephony.cdma.CdmaConnection.processPostDialChar(char);com.android.internal.telephony.CallTracker;1;1;5;0.9492;566;40;27;0;1;0.9583;58;15;20
com.android.internal.telephony.test.SimulatedCommands.getCurrentCalls(Message);com.android.internal.telephony.CommandsInterface;1;3;1;0.9747;821;136;26;0;1;0.9955;216;214;44
com.android.internal.telephony.uicc.SIMRecords.setVoiceMailByCountry(String);com.android.internal.telephony.uicc.VoiceMailConstants;0;0;1;0.9811;909;32;58;3;0;0.7273;63;5;7
com.android.internal.telephony.SMSDispatcher.sendMultipartText(String, String, ArrayList<String>, ArrayList<PendingIntent>, ArrayList<PendingIntent>);com.android.internal.telephony.SmsHeader.ConcatRef;2;3;1;0.9464;605;33;46;0;4;0.6000;0;0;4
com.android.internal.telephony.PhoneProxy.getCallForwardingOption(int, Message);com.android.internal.telephony.Phone;0;0;1;0.9947;669;181;14;1;0;0.9947;176;176;73
com.android.internal.telephony.gsm.GsmMmiCode.makeCFQueryResultMessage(CallForwardInfo, int);com.android.internal.telephony.uicc.IccRecords;2;2;2;0.9412;840;42;63;1;0;0.9855;160;33;36
com.android.internal.telephony.cdma.sms.BearerData.encodeCallbackNumber(BearerData, BitwiseOutputStream);com.android.internal.telephony.SmsAddress;2;1;1;0.9767;1209;66;114;0;2;0.8000;12;3;10
com.android.internal.telephony.test.ModelInterpreter.onCHLD(String);com.android.internal.telephony.test.SimulatedGsmCallState;0;0;1;0.9773;319;33;14;1;0;0.9600;452;20;6
com.android.internal.telephony.CallManager.conference(Call);com.android.internal.telephony.sip.SipPhone;0;3;2;0.9758;775;95;53;1;0;0.9750;238;31;10
com.android.internal.telephony.cdma.CdmaCallTracker.handlePollCalls(AsyncResult);com.android.internal.telephony.Call;6;7;12;0.8140;707;48;22;0;1;0.9821;117;16;4
android.telephony.CellBroadcastMessage.getLanguageCode();android.telephony.SmsCbMessage;1;0;1;0.9600;230;20;5;0;1;0.9474;102;6;22
com.android.internal.telephony.cdma.CdmaCallTracker.handlePollCalls(AsyncResult);com.android.internal.telephony.cdma.CdmaConnection;6;7;12;0.8140;707;48;22;3;4;0.9195;566;40;27
com.android.internal.telephony.PhoneProxy.getIccRecordsLoaded();com.android.internal.telephony.uicc.IccCardProxy;0;0;1;0.9947;669;181;14;1;0;0.9828;507;40;28
com.android.internal.telephony.test.SimulatedCommands.rejectCall(Message);com.android.internal.telephony.test.SimulatedGsmCallState;0;2;1;0.9808;821;136;26;1;0;0.9630;452;20;6
com.android.internal.telephony.PhoneProxy.unregisterForNumberInfo(Handler);com.android.internal.telephony.Phone;0;0;1;0.9947;669;181;14;1;0;0.9947;176;176;73
com.android.internal.telephony.PhoneProxy.stopDtmf();com.android.internal.telephony.Phone;0;0;1;0.9947;669;181;14;1;0;0.9947;176;176;73
com.android.internal.telephony.cdma.SmsMessage.getIncomingSmsFingerprint();com.android.internal.telephony.SmsAddress;3;0;1;0.9655;551;31;16;0;1;0.9167;12;3;10
com.android.internal.telephony.RIL.responseCdmaSms(Parcel);android.telephony.SmsMessage;0;0;0;1.0000;2610;171;27;1;0;1.0000;230;37;14
com.android.internal.telephony.cat.CatCmdMessage.getCmdType();com.android.internal.telephony.cat.CommandDetails;2;0;1;0.9167;111;3;8;0;1;0.9167;26;5;5
com.android.internal.telephony.cat.CommandParamsFactory.make(BerTlv);com.android.internal.telephony.cat.BerTlv;4;14;3;0.4286;576;21;15;0;3;0.9048;51;1;6
com.android.internal.telephony.PhoneSubInfo.dump(FileDescriptor, PrintWriter, String[]);com.android.internal.telephony.Phone;0;0;2;0.9000;98;16;6;2;0;0.9895;176;176;73
com.android.internal.telephony.PhoneProxy.deleteAndCreatePhone(int);com.android.internal.telephony.PhoneFactory;1;1;1;0.9948;669;181;14;2;0;1.0000;122;6;10
com.android.internal.telephony.gsm.GSMPhone.getVoiceMailNumber();com.android.internal.telephony.uicc.IccRecords;1;0;1;1.0000;1009;105;19;0;1;0.9839;160;33;36
android.telephony.SmsMessage.getPseudoSubject();com.android.internal.telephony.SmsMessageBase;0;0;1;0.9643;230;37;14;1;0;0.9706;80;16;18
com.android.internal.telephony.cdma.CdmaCallTracker.dial(String, int);com.android.internal.telephony.Call;5;8;6;0.8182;707;48;22;0;1;0.9778;117;16;4
com.android.internal.telephony.test.SimulatedGsmCallState.separateCall(int);com.android.internal.telephony.test.CallInfo;1;1;1;0.9231;452;20;6;1;2;0.8000;54;7;7
com.android.internal.telephony.gsm.GsmConnection.disconnectCauseFromCode(int);com.android.internal.telephony.uicc.UiccCardApplication;6;0;1;0.9839;433;31;29;1;0;0.9861;388;38;29
com.android.internal.telephony.PhoneProxy.getPreferredNetworkType(Message);com.android.internal.telephony.Phone;0;0;1;0.9947;669;181;14;1;0;0.9947;176;176;73
com.android.internal.telephony.cdma.sms.BearerData.calcTextEncodingDetails(CharSequence, boolean);com.android.internal.telephony.gsm.SmsMessage;0;1;0;1.0000;1209;66;114;1;0;1.0000;446;23;12
com.android.internal.telephony.uicc.IccCardProxy.registerUiccCardEvents();com.android.internal.telephony.uicc.IccRecords;0;0;9;0.9516;507;40;28;2;0;0.9701;160;33;36
com.android.internal.telephony.cdma.CdmaCallTracker.hangupForegroundResumeBackground();com.android.internal.telephony.Phone;1;2;0;0.9701;707;48;22;0;1;1.0000;176;176;73
com.android.internal.telephony.uicc.SIMRecords.handleMessage(Message);com.android.internal.telephony.uicc.IccFileHandler;4;13;40;0.7200;909;32;58;1;0;0.9853;262;16;42
com.android.internal.telephony.cat.RilMessageDecoder.StateCmdParamsReady.processMessage(Message);com.android.internal.telephony.cat.RilMessage;2;0;0;1.0000;13;1;0;0;2;0.7500;9;0;3
com.android.internal.telephony.CallManager.switchHoldingAndActive(Call);com.android.internal.telephony.Call;0;3;2;0.9758;775;95;53;1;0;0.9583;117;16;4
com.android.internal.telephony.sip.SipPhone.rejectCall();com.android.internal.telephony.Call;1;0;3;0.9730;238;31;10;0;1;0.9545;117;16;4
com.android.internal.telephony.PhoneProxy.getOutgoingCallerIdDisplay(Message);com.android.internal.telephony.Phone;0;0;1;0.9947;669;181;14;1;0;0.9947;176;176;73
com.android.internal.telephony.cdma.CDMAPhone.registerForCallWaiting(Handler, int, Object);com.android.internal.telephony.cdma.CdmaCallTracker;0;0;1;0.9932;967;126;45;1;0;0.9851;707;48;22
com.android.internal.telephony.RIL.getVoiceRegistrationState(Message);com.android.internal.telephony.RILRequest;1;3;1;0.9891;2610;171;27;2;1;0.8182;68;5;12
com.android.internal.telephony.PhoneBase.unregisterForT53AudioControlInfo(Handler);com.android.internal.telephony.CommandsInterface;0;0;1;0.9940;621;139;66;1;0;0.9954;216;214;44
com.android.internal.telephony.cat.CommandParamsFactory.processDisplayText(CommandDetails, List<ComprehensionTlv>);com.android.internal.telephony.cat.CatLog;3;1;5;0.8824;576;21;15;1;0;1.0000;13;2;1
com.android.internal.telephony.cdma.SmsMessage.getIncomingSmsFingerprint();com.android.internal.telephony.cdma.sms.SmsEnvelope;3;0;1;0.9655;551;31;16;0;4;0.7333;2;0;27
com.android.internal.telephony.SMSDispatcher.handleMessage(Message);android.telephony.SmsMessage;2;7;10;0.8462;605;33;46;0;1;0.9737;230;37;14
com.android.internal.telephony.cdma.CDMAPhone.getMute();com.android.internal.telephony.cdma.CdmaCallTracker;1;0;1;0.9932;967;126;45;0;1;0.9851;707;48;22
com.android.internal.telephony.PhoneSubInfoProxy.getVoiceMailNumber();com.android.internal.telephony.PhoneSubInfo;0;0;1;0.9375;51;14;1;1;0;0.9500;98;16;6
com.android.internal.telephony.CallSetupException.DcDisconnectionErrorCreatingConnection.processMessage(Message);com.android.internal.telephony.CallSetupException.DcInactiveState;1;0;0;1.0000;29;1;0;1;0;0.9091;67;5;3
com.android.internal.telephony.gsm.GSMPhone.getDataActivityState();com.android.internal.telephony.gsm.GsmServiceStateTracker;3;0;1;0.9919;1009;105;19;0;1;0.9859;1025;35;46
com.android.internal.telephony.uicc.UiccCard.dispose();com.android.internal.telephony.uicc.UiccCardApplication;0;1;4;0.8710;187;15;18;1;0;0.9851;388;38;29
com.android.internal.telephony.uicc.IccFileHandler.updateEFTransparent(int, byte[], Message);com.android.internal.telephony.CommandsInterface;1;1;3;0.8500;262;16;42;1;0;0.9954;216;214;44
com.android.internal.telephony.gsm.GsmConnection.update(DriverCall);com.android.internal.telephony.gsm.GsmCall;2;5;3;0.8871;433;31;29;3;0;0.8966;97;14;2
android.telephony.gsm.SmsMessage.getEmailFrom();com.android.internal.telephony.SmsMessageBase;1;0;1;0.9655;159;34;12;0;1;0.9706;80;16;18
com.android.internal.telephony.cat.CatService.sendMenuSelection(int, boolean);com.android.internal.telephony.cat.BerTlv;2;0;3;0.9583;491;19;26;0;1;1.0000;51;1;6
com.android.internal.telephony.cat.CommandParamsFactory.processLaunchBrowser(CommandDetails, List<ComprehensionTlv>);com.android.internal.telephony.cat.ComprehensionTlv;4;1;5;0.8788;576;21;15;0;3;0.8125;97;2;6
com.android.internal.telephony.cdma.CDMAPhone.getForegroundCall();com.android.internal.telephony.cdma.CdmaCallTracker;1;0;1;0.9932;967;126;45;0;1;0.9851;707;48;22
com.android.internal.telephony.cdma.CDMALTEPhone.updateCurrentCarrierInProvider();com.android.internal.telephony.uicc.SIMRecords;1;1;3;0.9000;169;15;5;1;0;0.9804;909;32;58
com.android.internal.telephony.cdma.CdmaLteServiceStateTracker.pollStateDone();com.android.internal.telephony.MccTable;4;3;4;0.8704;369;12;5;1;0;1.0000;160;10;2
com.android.internal.telephony.uicc.IsimUiccRecords.EfIsimDomainLoaded.onRecordLoaded(AsyncResult);com.android.internal.telephony.uicc.IsimUiccRecords;1;0;0;1.0000;8;2;0;2;2;0.8889;94;15;8
com.android.internal.telephony.cdma.CdmaDataConnectionTracker.retryAfterDisconnected(String);com.android.internal.telephony.Phone;1;0;0;1.0000;612;49;13;0;1;1.0000;176;176;73
com.android.internal.telephony.RIL.dial(String, int, UUSInfo, Message);com.android.internal.telephony.UUSInfo;2;3;1;0.9894;2610;171;27;0;3;0.7000;28;0;15
com.android.internal.telephony.SMSDispatcher.handleSendComplete(AsyncResult);com.android.internal.telephony.SmsResponse;2;1;9;0.9298;605;33;46;0;2;0.8667;9;1;3
android.telephony.gsm.SmsManager.divideMessage(String);android.telephony.SmsManager;0;0;1;0.9000;33;9;11;1;0;0.9231;195;13;12
com.android.internal.telephony.gsm.GsmDataConnectionTracker.getPreferredApn();android.provider.Telephony.Carriers;3;1;2;0.9792;1681;86;13;0;1;1.0000;0;0;25
com.android.internal.telephony.cat.CatService.getInKeyResponse(ByteArrayOutputStream, Input);com.android.internal.telephony.cat.Input;2;0;0;1.0000;491;19;26;0;1;0.9474;48;3;13
com.android.internal.telephony.PhoneSubInfoProxy.getMsisdn();com.android.internal.telephony.PhoneSubInfo;0;0;1;0.9375;51;14;1;1;0;0.9500;98;16;6
com.android.internal.telephony.uicc.IccCardProxy.getIccFdnEnabled();com.android.internal.telephony.uicc.UiccCardApplication;0;0;2;0.9649;507;40;28;1;0;0.9844;388;38;29
com.android.internal.telephony.gsm.GsmMmiCode.newNetworkInitiatedUssd(String, boolean, GSMPhone, UiccCardApplication);com.android.internal.telephony.MmiCode;1;0;4;0.9130;840;42;63;0;1;0.9000;5;5;1
com.android.internal.telephony.gsm.GsmDataConnectionTracker.onVoiceCallStarted();com.android.internal.telephony.PhoneBase;1;3;0;0.9684;1681;86;13;1;0;0.9943;621;139;66
com.android.internal.telephony.cat.CommandParamsFactory.processGetInput(CommandDetails, List<ComprehensionTlv>);com.android.internal.telephony.cat.CatLog;4;1;5;0.8947;576;21;15;1;0;1.0000;13;2;1
com.android.internal.telephony.uicc.SIMRecords.handleFileUpdate(int);com.android.internal.telephony.uicc.IccFileHandler;1;2;3;0.9630;909;32;58;1;0;0.9643;262;16;42
com.android.internal.telephony.gsm.GsmDataConnectionTracker.startAlarmForReconnect(int, ApnContext);com.android.internal.telephony.PhoneBase;3;2;3;0.9792;1681;86;13;0;1;0.9943;621;139;66
com.android.internal.telephony.cat.CommandParamsFactory.processSetupCall(CommandDetails, List<ComprehensionTlv>);com.android.internal.telephony.cat.TextMessage;2;2;5;0.8276;576;21;15;0;2;0.9000;25;2;9
com.android.internal.telephony.cdma.CDMAPhone.dispose();com.android.internal.telephony.ServiceStateTracker;1;2;9;0.9329;967;126;45;1;0;0.9899;270;42;77
com.android.internal.telephony.cat.CommandParamsFactory.processRefresh(CommandDetails, List<ComprehensionTlv>);com.android.internal.telephony.cat.CatLog;1;0;5;0.9600;576;21;15;1;0;1.0000;13;2;1
com.android.internal.telephony.PhoneBase.getIccSerialNumber();com.android.internal.telephony.uicc.IccRecords;1;0;1;0.9940;621;139;66;0;1;0.9836;160;33;36
com.android.internal.telephony.gsm.GsmCallTracker.dumpState();com.android.internal.telephony.gsm.GsmCall;1;0;5;0.9273;563;41;17;1;1;0.8947;97;14;2
com.android.internal.telephony.gsm.GsmConnection.disconnectCauseFromCode(int);com.android.internal.telephony.ServiceStateTracker;6;0;1;0.9839;433;31;29;0;1;0.9877;270;42;77
com.android.internal.telephony.SMSDispatcher.sendRawPdu(byte[], byte[], PendingIntent, PendingIntent, String);com.android.internal.telephony.Phone;0;3;7;0.8846;605;33;46;1;0;0.9949;176;176;73
com.android.internal.telephony.gsm.SmsCbHeader.isEtwsPopupAlert();com.android.internal.telephony.gsm.SmsCbConstants;1;0;1;0.9545;198;13;16;0;1;1.0000;2;0;31
com.android.internal.telephony.DataConnectionTracker.dispose();com.android.internal.telephony.uicc.UiccController;1;1;7;0.9435;907;78;74;1;0;0.9565;106;11;13
com.android.internal.telephony.PhoneProxy.getLine1Number();com.android.internal.telephony.Phone;0;0;1;0.9947;669;181;14;1;0;0.9947;176;176;73
com.android.internal.telephony.BaseCommands.registerForOffOrNotAvailable(Handler, int, Object);com.android.internal.telephony.CommandsInterface;1;0;3;0.9801;391;98;54;0;1;0.9954;216;214;44
com.android.internal.telephony.CallManager.explicitCallTransfer(Call);com.android.internal.telephony.Call;0;2;2;0.9839;775;95;53;1;0;0.9565;117;16;4
com.android.internal.telephony.uicc.UiccCardApplication.supplyPin2(String, Message);com.android.internal.telephony.CommandsInterface;0;0;2;0.9677;388;38;29;1;0;0.9954;216;214;44
com.android.internal.telephony.cdma.CdmaConnection.disconnectCauseFromCode(int);com.android.internal.telephony.cdma.CdmaSubscriptionSourceManager;5;0;1;0.9839;566;40;27;0;1;1.0000;82;10;15
com.android.internal.telephony.cat.ValueParser.retrieveAlphaId(ComprehensionTlv);com.android.internal.telephony.cat.ComprehensionTlv;3;0;0;1.0000;195;10;0;0;3;0.5000;97;2;6
com.android.internal.telephony.PhoneFactory.makeSipPhone(String);com.android.internal.telephony.sip.SipPhoneFactory;0;0;2;1.0000;122;6;10;1;0;1.0000;10;1;0
com.android.internal.telephony.cat.CatService.handleSessionEnd();com.android.internal.telephony.cat.AppInterface;1;0;3;0.8696;491;19;26;0;1;1.0000;13;4;4
com.android.internal.telephony.gsm.GsmDataConnectionTracker.notifyDefaultData(ApnContext);com.android.internal.telephony.PhoneBase;1;1;1;0.9897;1681;86;13;1;0;0.9943;621;139;66
com.android.internal.telephony.uicc.AdnRecordLoader.handleMessage(Message);com.android.internal.telephony.uicc.IccUtils;0;0;0;0;0;0;0;0;0;0;0;0;0
com.android.internal.telephony.cat.CommandParamsFactory.processPlayTone(CommandDetails, List<ComprehensionTlv>);com.android.internal.telephony.cat.ValueParser;4;1;5;0.8824;576;21;15;3;0;1.0000;195;10;0
com.android.internal.telephony.uicc.IccCardProxy.unregisterUiccCardEvents();com.android.internal.telephony.uicc.UiccCard;0;0;3;0.9516;507;40;28;1;0;0.9737;187;15;18
com.android.internal.telephony.PhoneProxy.registerFoT53ClirlInfo(Handler, int, Object);com.android.internal.telephony.Phone;0;0;1;0.9947;669;181;14;1;0;0.9947;176;176;73
com.android.internal.telephony.gsm.GsmCallTracker.acceptCall();com.android.internal.telephony.CommandsInterface;1;3;1;0.9286;563;41;17;1;0;0.9955;216;214;44
com.android.internal.telephony.gsm.GsmDataConnectionTracker.createDataConnection();com.android.internal.telephony.PhoneBase;2;2;2;0.9691;1681;86;13;0;1;0.9943;621;139;66
com.android.internal.telephony.cat.IconLoader.readIconData();com.android.internal.telephony.cat.ImageDescriptor;1;0;3;0.9130;217;14;19;0;2;0.8182;27;1;9
com.android.internal.telephony.gsm.UsimPhoneBookManager.PbrFile.parseEf(SimTlv, Map<Integer,Integer>, int);com.android.internal.telephony.gsm.SimTlv;1;0;0;1.0000;62;2;1;3;0;0.7857;51;4;7
com.android.internal.telephony.cdma.CDMAPhone.isMinInfoReady();com.android.internal.telephony.cdma.CdmaServiceStateTracker;1;0;1;0.9932;967;126;45;0;1;0.9884;1091;45;44
com.android.internal.telephony.cat.CommandParamsFactory.make(BerTlv);com.android.internal.telephony.cat.AppInterface;4;14;3;0.4286;576;21;15;0;1;1.0000;13;4;4
com.android.internal.telephony.cdma.CdmaLteServiceStateTracker.pollStateDone();com.android.internal.telephony.cdma.CDMAPhone;4;3;4;0.8704;369;12;5;5;0;0.9731;967;126;45
com.android.internal.telephony.IccPhoneBookInterfaceManagerProxy.getAdnRecordsSize(int);com.android.internal.telephony.IccPhoneBookInterfaceManager;0;0;1;0.8333;21;4;1;1;0;0.9524;98;12;12
com.android.internal.telephony.cdma.CDMALTEPhone.getAvailableNetworks(Message);com.android.internal.telephony.CommandsInterface;0;0;0;1.0000;169;15;5;1;0;0.9954;216;214;44
com.android.internal.telephony.RIL.hangupWaitingOrBackground(Message);com.android.internal.telephony.RILRequest;1;3;1;0.9891;2610;171;27;2;1;0.8182;68;5;12
android.telephony.gsm.SmsMessage.isMWIClearMessage();com.android.internal.telephony.SmsMessageBase;0;0;1;0.9655;159;34;12;1;0;0.9706;80;16;18
com.android.internal.telephony.cat.RilMessageDecoder.decodeMessageParams(RilMessage);com.android.internal.telephony.cat.ResultException;4;1;2;0.7857;69;5;8;0;1;0.9375;47;2;3
com.android.internal.telephony.cat.CatService.sendTerminalResponse(CommandDetails, ResultCode, boolean, int, ResponseData);com.android.internal.telephony.cat.CommandDetails;3;1;4;0.9000;491;19;26;0;4;0.7647;26;5;5
com.android.internal.telephony.test.SimulatedCommands.acceptCall(Message);com.android.internal.telephony.test.SimulatedGsmCallState;0;2;1;0.9808;821;136;26;1;0;0.9630;452;20;6
com.android.internal.telephony.uicc.IccCardProxy.updateQuietMode();com.android.internal.telephony.uicc.UiccController;2;3;8;0.8421;507;40;28;0;2;1.0000;106;11;13
com.android.internal.telephony.PhoneProxy.getLine1AlphaTag();com.android.internal.telephony.Phone;0;0;1;0.9947;669;181;14;1;0;0.9947;176;176;73
com.android.internal.telephony.gsm.GsmDataConnectionTracker.dataConnectionNotInUse(DataConnectionAc);com.android.internal.telephony.ApnContext;2;1;0;0.9895;1681;86;13;0;1;0.9730;143;19;13
com.android.internal.telephony.uicc.AdnRecordCache.handleMessage(Message);com.android.internal.telephony.gsm.UsimPhoneBookManager;0;1;6;0.7059;190;11;7;1;0;0.9688;250;14;33
com.android.internal.telephony.cdma.CdmaDataConnectionTracker.isDataAllowed();com.android.internal.telephony.uicc.IccRecords;4;1;3;0.9437;612;49;13;1;0;0.9873;160;33;36
com.android.internal.telephony.cdma.CdmaServiceStateTracker.handleMessage(Message);com.android.internal.telephony.PhoneBase;2;13;8;0.7900;1091;45;44;1;1;0.9901;621;139;66
com.android.internal.telephony.cat.CatService.handleRilMsg(RilMessage);com.android.internal.telephony.cat.CatLog;3;3;6;0.8571;491;19;26;1;0;1.0000;13;2;1
com.android.internal.telephony.cdma.sms.BearerData.decodeIs91Cli(BearerData);com.android.internal.telephony.cdma.sms.UserData;3;1;2;0.9535;1209;66;114;0;2;0.8571;23;2;31
com.android.internal.telephony.sip.SipPhone.SipCall.acceptCall();com.android.internal.telephony.sip.SipPhone;1;0;0;1.0000;214;24;0;0;1;0.9737;238;31;10
android.telephony.SmsCbMessage.writeToParcel(Parcel, int);android.telephony.SmsCbEtwsInfo;0;0;10;0.5000;102;6;22;1;0;0.9565;61;5;11
android.telephony.SmsManager.createMessageListFromRawRecords(List<SmsRawData>);com.android.internal.telephony.SmsRawData;1;0;0;1.0000;195;13;12;0;1;0.6667;13;2;2
com.android.internal.telephony.cat.BerTlv.decode(byte[]);com.android.internal.telephony.cat.ResultException;1;0;2;1.0000;51;1;6;0;1;0.8889;47;2;3
com.android.internal.telephony.uicc.SIMRecords.handleSimRefresh(IccRefreshResponse);com.android.internal.telephony.CommandsInterface;1;3;1;0.9464;909;32;58;1;0;0.9956;216;214;44
com.android.internal.telephony.PhoneProxy.unregisterForCallWaiting(Handler);com.android.internal.telephony.Phone;0;0;1;0.9947;669;181;14;1;0;0.9947;176;176;73
com.android.internal.telephony.CallManager.canTransfer(Call);com.android.internal.telephony.Call;0;2;0;0.9839;775;95;53;1;0;0.9565;117;16;4
com.android.internal.telephony.uicc.AdnRecordCache.requestLoadAllAdnLike(int, int, Message);com.android.internal.telephony.uicc.AdnRecordLoader;1;1;4;0.7778;190;11;7;1;0;0.9474;117;4;15
com.android.internal.telephony.RIL.findAndRemoveRequestFromList(int);com.android.internal.telephony.RILRequest;1;0;2;0.9891;2610;171;27;0;1;0.9091;68;5;12
com.android.internal.telephony.RIL.acknowledgeIncomingGsmSmsWithPdu(boolean, String, Message);com.android.internal.telephony.RILRequest;1;3;1;0.9892;2610;171;27;2;2;0.7273;68;5;12
com.android.internal.telephony.CallManager.getBgCallConnections();com.android.internal.telephony.Call;0;1;1;0.9837;775;95;53;1;0;0.9545;117;16;4
android.telephony.gsm.SmsMessage.getDisplayOriginatingAddress();com.android.internal.telephony.SmsMessageBase;0;0;1;0.9655;159;34;12;1;0;0.9706;80;16;18
com.android.internal.telephony.RIL.sendBurstDtmf(String, int, int, Message);com.android.internal.telephony.RILRequest;1;3;1;0.9892;2610;171;27;2;2;0.7273;68;5;12
com.android.internal.telephony.uicc.IccCardProxy.unregisterUiccCardEvents();com.android.internal.telephony.uicc.IccRecords;0;0;3;0.9516;507;40;28;2;0;0.9701;160;33;36
com.android.internal.telephony.gsm.GsmMmiCode.handlePasswordError(int);com.android.internal.telephony.gsm.GSMPhone;1;1;4;0.8913;840;42;63;1;0;0.9921;1009;105;19
com.android.internal.telephony.PhoneProxy.enableEnhancedVoicePrivacy(boolean, Message);com.android.internal.telephony.Phone;0;0;1;0.9947;669;181;14;1;0;0.9947;176;176;73
com.android.internal.telephony.uicc.UiccCardApplication.setIccLockEnabled(boolean, String, Message);com.android.internal.telephony.CommandsInterface;1;0;6;0.9194;388;38;29;1;4;0.9955;216;214;44
com.android.internal.telephony.DataConnectionTracker.doRecovery();com.android.internal.telephony.CommandsInterface;2;6;4;0.9280;907;78;74;1;0;0.9956;216;214;44
com.android.internal.telephony.PhoneBase.getCallForwardingIndicator();com.android.internal.telephony.uicc.IccRecords;0;0;1;0.9940;621;139;66;1;0;0.9836;160;33;36
com.android.internal.telephony.cdma.CDMALTEPhone.handleMessage(Message);com.android.internal.telephony.SMSDispatcher;0;1;1;0.9000;169;15;5;1;0;0.9811;605;33;46
com.android.internal.telephony.uicc.UiccCard.update(Context, CommandsInterface, IccCardStatus);com.android.internal.telephony.CommandsInterface;1;3;17;0.5641;187;15;18;1;0;0.9959;216;214;44
android.telephony.CellBroadcastMessage.createFromCursor(Cursor);android.telephony.SmsCbCmasInfo;2;0;0;1.0000;230;20;5;0;5;1.0000;48;3;46
com.android.internal.telephony.cdma.CdmaSMSDispatcher.sendSms(SmsTracker);com.android.internal.telephony.SMSDispatcher.SmsTracker;1;0;0;1.0000;229;15;5;0;1;0.9091;12;1;7
com.android.internal.telephony.PhoneProxy.registerForSuppServiceNotification(Handler, int, Object);com.android.internal.telephony.Phone;0;0;1;0.9947;669;181;14;1;0;0.9947;176;176;73
com.android.internal.telephony.cdma.CdmaCallTracker.disableDataCallInEmergencyCall(String);com.android.internal.telephony.PhoneBase;2;1;2;0.9559;707;48;22;0;2;0.9883;621;139;66
com.android.internal.telephony.CallSetupException.getWhatToString(int);com.android.internal.telephony.DataConnectionAc;0;1;0;1.0000;293;31;34;1;0;1.0000;270;41;35
com.android.internal.telephony.gsm.GsmCallTracker.updatePhoneState();com.android.internal.telephony.gsm.GSMPhone;0;0;8;0.8571;563;41;17;1;0;0.9923;1009;105;19
com.android.internal.telephony.cdma.CDMAPhone.sendBurstDtmf(String, int, int, Message);com.android.internal.telephony.CommandsInterface;1;0;2;0.9933;967;126;45;1;0;0.9954;216;214;44
com.android.internal.telephony.gsm.SmsMessage.isMWISetMessage();com.android.internal.telephony.gsm.GsmSmsAddress;0;0;0;1.0000;446;23;12;1;0;0.8889;40;5;3
com.android.internal.telephony.gsm.GsmDataConnectionTracker.findApnContextToClean(Collection<DataConnectionAc>);com.android.internal.telephony.ApnContext;1;1;0;0.9895;1681;86;13;1;2;0.9143;143;19;13
com.android.internal.telephony.RIL.getVoiceRadioTechnology(Message);com.android.internal.telephony.RILRequest;1;3;1;0.9891;2610;171;27;2;1;0.8182;68;5;12
com.android.internal.telephony.test.ModelInterpreter.onCLCC();com.android.internal.telephony.test.SimulatedGsmCallState;0;1;1;0.9545;319;33;14;1;0;0.9615;452;20;6
com.android.internal.telephony.CallSetupException.DcDefaultState.exit();com.android.internal.telephony.PhoneBase;2;0;0;1.0000;169;3;0;0;1;0.9941;621;139;66
com.android.internal.telephony.cat.CatService.getInstance(CommandsInterface, Context, UiccCard);com.android.internal.telephony.uicc.IccRecords;0;0;6;1.0000;491;19;26;2;0;0.9692;160;33;36
com.android.internal.telephony.RIL.getPreferredNetworkType(Message);com.android.internal.telephony.RILRequest;1;3;1;0.9891;2610;171;27;2;1;0.8182;68;5;12
com.android.internal.telephony.gsm.GsmCallTracker.dial(String, int, UUSInfo);com.android.internal.telephony.gsm.GSMPhone;3;7;4;0.8226;563;41;17;1;0;0.9928;1009;105;19
com.android.internal.telephony.gsm.SimSmsInterfaceManager.enableCellBroadcastRange(int, int);com.android.internal.telephony.IntRangeManager;1;2;2;0.8636;134;12;14;2;0;0.8667;282;8;2
com.android.internal.telephony.gsm.GsmSMSDispatcher.handleStatusReport(AsyncResult);android.provider.Telephony.Sms.Intents;6;1;0;0.9500;242;13;6;0;1;1.0000;16;1;12
com.android.internal.telephony.cdma.CdmaConnection.proceedAfterWildChar(String);com.android.internal.telephony.Phone;2;3;7;0.8644;566;40;27;0;1;1.0000;176;176;73
com.android.internal.telephony.cat.CommandParamsFactory.processEventNotify(CommandDetails, List<ComprehensionTlv>);com.android.internal.telephony.cat.IconId;2;1;5;0.8667;576;21;15;0;2;0.8182;3;1;2
com.android.internal.telephony.gsm.GsmDataConnectionTracker.isDataAllowed();com.android.internal.telephony.Phone;1;1;0;0.9904;1681;86;13;1;0;0.9950;176;176;73
com.android.internal.telephony.cdma.CdmaDataConnectionTracker.onRecordsLoaded();com.android.internal.telephony.Phone;1;0;0;1.0000;612;49;13;0;1;1.0000;176;176;73
com.android.internal.telephony.gsm.GsmSMSDispatcher.handleBroadcastSms(AsyncResult);com.android.internal.telephony.Phone;2;0;2;0.9524;242;13;6;1;0;0.9949;176;176;73
com.android.internal.telephony.gsm.GSMPhone.notifyCallForwardingIndicator();com.android.internal.telephony.PhoneNotifier;0;0;0;1.0000;1009;105;19;1;0;0.9167;11;11;0
com.android.internal.telephony.SMSDispatcher.processMessagePart(byte[], String, int, int, int, long, int, boolean);android.provider.Telephony.Sms.Intents;2;3;9;0.9020;605;33;46;0;2;1.0000;16;1;12
com.android.internal.telephony.cdma.CdmaMmiCode.processCode();com.android.internal.telephony.PhoneBase;2;3;8;0.6154;143;12;25;0;1;0.9944;621;139;66
com.android.internal.telephony.gsm.GsmServiceStateTracker.dispose();com.android.internal.telephony.uicc.UiccCardApplication;1;0;5;0.9367;1025;35;46;1;0;0.9873;388;38;29
com.android.internal.telephony.PhoneProxy.clearDisconnected();com.android.internal.telephony.Phone;0;0;1;0.9947;669;181;14;1;0;0.9947;176;176;73
com.android.internal.telephony.test.SimulatedGsmCallState.conference();com.android.internal.telephony.test.CallInfo;1;0;1;0.9615;452;20;6;1;2;0.7857;54;7;7
com.android.internal.telephony.PhoneProxy.getDeviceSvn();com.android.internal.telephony.Phone;0;0;1;0.9947;669;181;14;1;0;0.9947;176;176;73
com.android.internal.telephony.cdma.CdmaServiceStateTracker.setPowerStateToDesired();com.android.internal.telephony.PhoneBase;2;0;1;0.9890;1091;45;44;0;1;0.9943;621;139;66
com.android.internal.telephony.gsm.SmsMessage.newFromCMT(String[]);com.android.internal.telephony.uicc.IccUtils;0;0;0;0;0;0;0;0;0;0;0;0;0
com.android.internal.telephony.PhoneBase.queryCdmaRoamingPreference(Message);com.android.internal.telephony.CommandsInterface;0;0;1;0.9940;621;139;66;1;0;0.9954;216;214;44
com.android.internal.telephony.gsm.GsmServiceStateTracker.onRestrictedStateChanged(AsyncResult);com.android.internal.telephony.uicc.UiccCardApplication;1;2;7;0.9733;1025;35;46;1;0;0.9861;388;38;29
com.android.internal.telephony.TelephonyCapabilities.supportsAnswerAndHold(Phone);com.android.internal.telephony.Phone;0;0;0;1.0000;41;10;1;1;0;0.9947;176;176;73
com.android.internal.telephony.sip.SipPhone.SipConnection.separate();com.android.internal.telephony.Phone;2;1;3;0.8667;125;15;7;1;0;0.9949;176;176;73
com.android.internal.telephony.cdma.CDMAPhone.setMute(boolean);com.android.internal.telephony.cdma.CdmaCallTracker;0;0;1;0.9932;967;126;45;1;0;0.9851;707;48;22
com.android.internal.telephony.cdma.SmsMessage.parseSms();com.android.internal.telephony.SmsAddress;5;0;5;0.9333;551;31;16;0;2;0.9310;12;3;10
com.android.internal.telephony.cat.CommandParamsFactory.processDisplayText(CommandDetails, List<ComprehensionTlv>);com.android.internal.telephony.cat.TextMessage;3;1;5;0.8824;576;21;15;0;6;0.7000;25;2;9
com.android.internal.telephony.uicc.IccCardProxy.supplyNetworkDepersonalization(String, Message);com.android.internal.telephony.uicc.UiccCardApplication;0;0;2;0.9649;507;40;28;1;0;0.9844;388;38;29
android.telephony.gsm.SmsMessage.getProtocolIdentifier();com.android.internal.telephony.SmsMessageBase;0;0;1;0.9655;159;34;12;1;0;0.9706;80;16;18
com.android.internal.telephony.RIL.notifyRegistrantsCdmaInfoRec(CdmaInformationRecords);com.android.internal.telephony.cdma.CdmaInformationRecords;1;1;1;0.9947;2610;171;27;0;1;0.9000;60;1;12
com.android.internal.telephony.cdma.CdmaCallTracker.hangup(CdmaCall);com.android.internal.telephony.cdma.CDMAPhone;2;6;4;0.8611;707;48;22;1;0;0.9939;967;126;45
com.android.internal.telephony.cat.CommandParamsFactory.processSetUpIdleModeText(CommandDetails, List<ComprehensionTlv>);com.android.internal.telephony.cat.IconLoader;2;1;5;0.8621;576;21;15;1;0;0.9655;217;14;19
com.android.internal.telephony.cat.ValueParser.retrieveItem(ComprehensionTlv);com.android.internal.telephony.uicc.IccUtils;0;0;0;0;0;0;0;0;0;0;0;0;0
com.android.internal.telephony.cdma.CdmaCallTracker.internalClearDisconnected();com.android.internal.telephony.cdma.CdmaCall;0;0;3;0.9545;707;48;22;1;0;0.9474;100;14;3
com.android.internal.telephony.PhoneSubInfoProxy.getIsimImpu();com.android.internal.telephony.PhoneSubInfo;0;0;1;0.9375;51;14;1;1;0;0.9500;98;16;6
com.android.internal.telephony.cdma.CdmaSMSDispatcher.getFormat();android.telephony.SmsMessage;1;0;0;1.0000;229;15;5;0;1;1.0000;230;37;14
com.android.internal.telephony.test.ModelInterpreter.setAutoProgressConnectingCall(boolean);com.android.internal.telephony.test.SimulatedGsmCallState;1;0;1;0.9773;319;33;14;0;1;0.9600;452;20;6
com.android.internal.telephony.cat.CommandParamsFactory.processGetInkey(CommandDetails, List<ComprehensionTlv>);com.android.internal.telephony.cat.Input;3;1;5;0.8889;576;21;15;0;9;0.6250;48;3;13
com.android.internal.telephony.cdma.CdmaCallTracker.hangup(CdmaConnection);com.android.internal.telephony.cdma.CDMAPhone;3;3;5;0.9054;707;48;22;1;0;0.9938;967;126;45
com.android.internal.telephony.IccSmsInterfaceManager.sendText(String, String, String, PendingIntent, PendingIntent);com.android.internal.telephony.SMSDispatcher;1;1;2;0.7857;63;9;3;1;0;0.9815;605;33;46
com.android.internal.telephony.uicc.RuimRecords.onGetCSimEprlDone(AsyncResult);com.android.internal.telephony.uicc.IccUtils;0;0;0;0;0;0;0;0;0;0;0;0;0
com.android.internal.telephony.gsm.GsmServiceStateTracker.handlePollStateResult(int, AsyncResult);com.android.internal.telephony.PhoneBase;2;5;8;0.8243;1025;35;46;0;1;0.9947;621;139;66
com.android.internal.telephony.cdma.CdmaDataConnectionTracker.createAllDataConnectionList();com.android.internal.telephony.PhoneBase;2;1;3;0.9524;612;49;13;0;1;0.9944;621;139;66
com.android.internal.telephony.uicc.RuimRecords.EfPlLoaded.onRecordLoaded(AsyncResult);com.android.internal.telephony.uicc.IccUtils;0;0;0;0;0;0;0;0;0;0;0;0;0
com.android.internal.telephony.cdma.CdmaSMSDispatcher.dispatchMessage(SmsMessageBase);com.android.internal.telephony.cdma.CDMAPhone;5;3;3;0.8611;229;15;5;0;1;1.0000;967;126;45
com.android.internal.telephony.PhoneProxy.dial(String, UUSInfo);com.android.internal.telephony.Phone;0;0;1;0.9947;669;181;14;1;0;0.9947;176;176;73
com.android.internal.telephony.gsm.GsmMmiCode.scToBarringFacility(String);com.android.internal.telephony.CommandsInterface;1;0;8;1.0000;840;42;63;0;8;1.0000;216;214;44
com.android.internal.telephony.RIL.clearRequestList(int, boolean);com.android.internal.telephony.RILRequest;0;0;0;0;0;0;0;0;0;0;0;0;0
com.android.internal.telephony.PhoneProxy.registerForServiceStateChanged(Handler, int, Object);com.android.internal.telephony.Phone;0;0;1;0.9947;669;181;14;1;0;0.9947;176;176;73
com.android.internal.telephony.cdma.CdmaCallTracker.canDial();com.android.internal.telephony.Call;1;1;5;0.9118;707;48;22;1;0;0.9643;117;16;4
com.android.internal.telephony.PhoneProxy.registerForNumberInfo(Handler, int, Object);com.android.internal.telephony.Phone;0;0;1;0.9947;669;181;14;1;0;0.9947;176;176;73
com.android.internal.telephony.gsm.GsmDataConnectionTracker.onRadioOffOrNotAvailable();com.android.internal.telephony.Phone;2;3;1;0.9570;1681;86;13;0;1;1.0000;176;176;73
com.android.internal.telephony.cdma.SmsMessage.newFromParcel(Parcel);com.android.internal.telephony.cdma.sms.SmsEnvelope;4;2;1;0.9250;551;31;16;0;10;0.7600;2;0;27
com.android.internal.telephony.cdma.CdmaCallTracker.hangupAllConnections(CdmaCall);com.android.internal.telephony.CommandsInterface;1;1;1;0.9855;707;48;22;1;0;0.9954;216;214;44
com.android.internal.telephony.gsm.SimSmsInterfaceManager.getAllMessagesFromIccEf();com.android.internal.telephony.uicc.IccFileHandler;2;1;5;0.8182;134;12;14;1;0;0.9630;262;16;42
com.android.internal.telephony.cat.CatService.sendTerminalResponse(CommandDetails, ResultCode, boolean, int, ResponseData);com.android.internal.telephony.cat.CatLog;3;1;4;0.9000;491;19;26;1;0;1.0000;13;2;1
com.android.internal.telephony.cdma.CdmaMmiCode.cancel();com.android.internal.telephony.cdma.CDMAPhone;1;0;2;0.9167;143;12;25;1;0;0.9933;967;126;45
com.android.internal.telephony.cat.CatService.eventDownload(int, int, int, byte[], boolean);com.android.internal.telephony.CommandsInterface;2;0;1;0.9583;491;19;26;1;0;0.9954;216;214;44
com.android.internal.telephony.gsm.GsmSMSDispatcher.handleMessage(Message);com.android.internal.telephony.CommandsInterface;1;2;4;0.8824;242;13;6;1;1;0.9954;216;214;44
com.android.internal.telephony.SMSDispatcher.ConfirmDialogListener.onClick(DialogInterface, int);com.android.internal.telephony.SmsUsageMonitor;3;0;2;0.8000;54;3;5;0;3;1.0000;304;16;41
com.android.internal.telephony.uicc.IccCardProxy.dispose();com.android.internal.telephony.cdma.CdmaSubscriptionSourceManager;0;1;4;0.9167;507;40;28;1;0;0.9545;82;10;15
com.android.internal.telephony.CallManager.toString();com.android.internal.telephony.Call;1;7;0;0.9457;775;95;53;1;1;0.9375;117;16;4
android.telephony.gsm.SmsMessage.createFromPdu(byte[]);com.android.internal.telephony.gsm.SmsMessage;0;0;0;1.0000;159;34;12;1;0;1.0000;446;23;12
com.android.internal.telephony.cdma.CdmaCallTracker.dial(String, int);com.android.internal.telephony.cdma.CdmaCall;5;8;6;0.8182;707;48;22;0;1;0.9756;100;14;3
com.android.internal.telephony.gsm.GsmCallTracker.hangupAllConnections(GsmCall);com.android.internal.telephony.CommandsInterface;1;1;1;0.9825;563;41;17;1;0;0.9954;216;214;44
com.android.internal.telephony.cdma.CdmaServiceStateTracker.setAndBroadcastNetworkSetTimeZone(String);com.android.internal.telephony.PhoneBase;1;1;1;0.9765;1091;45;44;0;1;0.9941;621;139;66
com.android.internal.telephony.gsm.GsmCall.hangup();com.android.internal.telephony.gsm.GsmCallTracker;0;0;1;0.9333;97;14;2;1;0;0.9818;563;41;17
android.telephony.CellBroadcastMessage.isCmasMessage();android.telephony.SmsCbMessage;0;0;1;0.9600;230;20;5;1;0;0.9474;102;6;22
com.android.internal.telephony.uicc.SIMRecords.onAllRecordsLoaded();com.android.internal.telephony.MccTable;0;5;0;0.8980;909;32;58;1;0;1.0000;160;10;2
com.android.internal.telephony.IccSmsInterfaceManager.sendMultipartText(String, String, List<String>, List<PendingIntent>, List<PendingIntent>);com.android.internal.telephony.SMSDispatcher;1;1;2;0.7857;63;9;3;1;0;0.9815;605;33;46
com.android.internal.telephony.sip.SipPhone.SipCall.hangup();com.android.internal.telephony.sip.SipPhone;1;2;0;0.9286;214;24;0;0;1;1.0000;238;31;10
com.android.internal.telephony.RIL.sendCdmaSms(byte[], Message);com.android.internal.telephony.RILRequest;1;3;1;0.9892;2610;171;27;2;2;0.7273;68;5;12
com.android.internal.telephony.cdma.CDMAPhone.dispose();com.android.internal.telephony.cdma.CdmaCallTracker;1;2;9;0.9329;967;126;45;1;0;0.9894;707;48;22
com.android.internal.telephony.RIL.setSmscAddress(String, Message);com.android.internal.telephony.RILRequest;1;3;1;0.9892;2610;171;27;2;2;0.7273;68;5;12
com.android.internal.telephony.gsm.GsmCallTracker.hangupAllConnections(GsmCall);com.android.internal.telephony.gsm.GsmCall;1;1;1;0.9825;563;41;17;0;1;0.9474;97;14;2
com.android.internal.telephony.gsm.GsmServiceStateTracker.dispose();com.android.internal.telephony.uicc.IccRecords;1;0;5;0.9367;1025;35;46;1;0;0.9870;160;33;36
com.android.internal.telephony.uicc.SIMFileHandler.getEFPath(int);com.android.internal.telephony.uicc.IccConstants;1;0;1;1.0000;39;3;1;0;21;1.0000;0;0;51
com.android.internal.telephony.cdma.CDMAPhone.handlePinMmi(String);com.android.internal.telephony.cdma.CdmaMmiCode;0;0;2;0.9933;967;126;45;3;0;0.9200;143;12;25
com.android.internal.telephony.gsm.GsmCallTracker.fakeHoldForegroundBeforeDial();com.android.internal.telephony.gsm.GsmConnection;1;0;1;0.9818;563;41;17;1;0;0.9818;433;31;29
com.android.internal.telephony.uicc.SIMRecords.getSpnFsm(boolean, AsyncResult);com.android.internal.telephony.uicc.IccFileHandler;2;1;5;0.9216;909;32;58;1;0;0.9630;262;16;42
com.android.internal.telephony.cdma.CdmaCallTracker.handleMessage(Message);com.android.internal.telephony.CommandsInterface;2;7;7;0.8421;707;48;22;1;0;0.9958;216;214;44
android.provider.Telephony.Sms.addMessageToUri(ContentResolver, Uri, String, String, String, Long, boolean, boolean, long);android.provider.Telephony.TextBasedSmsColumns;1;0;0;1.0000;61;6;2;0;8;1.0000;0;0;29
com.android.internal.telephony.cat.IconLoader.handleImageDescriptor(byte[]);com.android.internal.telephony.cat.ImageDescriptor;0;0;1;0.9500;217;14;19;1;0;1.0000;27;1;9
com.android.internal.telephony.CallSetupException.DcActiveState.processMessage(Message);com.android.internal.telephony.CallSetupException;1;0;0;1.0000;62;4;2;4;6;0.8627;293;31;34
com.android.internal.telephony.CallManager.getActiveFgCallState();com.android.internal.telephony.Call;1;1;0;0.9919;775;95;53;0;1;0.9524;117;16;4
com.android.internal.telephony.gsm.GsmServiceStateTracker.revertToNitzTimeZone();com.android.internal.telephony.PhoneBase;1;2;3;0.9403;1025;35;46;0;1;0.9942;621;139;66
com.android.internal.telephony.test.SimulatedCommands.triggerSsn(int, int);com.android.internal.telephony.gsm.SuppServiceNotification;1;0;0;1.0000;821;136;26;0;2;0.7143;3;1;25
com.android.internal.telephony.CallSetupException.setLinkProperties(DataCallState, LinkProperties);com.android.internal.telephony.DataCallState;1;1;0;0.9808;293;31;34;1;1;0.8889;157;3;14
com.android.internal.telephony.SMSDispatcher.dispatchNormalMessage(SmsMessageBase);com.android.internal.telephony.SmsMessageBase;4;3;1;0.9344;605;33;46;1;4;0.8864;80;16;18
com.android.internal.telephony.cdma.CdmaCallTracker.rejectCall();com.android.internal.telephony.CommandsInterface;1;1;1;0.9706;707;48;22;1;0;0.9954;216;214;44
com.android.internal.telephony.SMSDispatcher.handleSendComplete(AsyncResult);com.android.internal.telephony.Phone;2;1;9;0.9298;605;33;46;1;0;0.9950;176;176;73
com.android.internal.telephony.CallSetupException.onSetupConnectionCompleted(AsyncResult);com.android.internal.telephony.CommandException;2;2;2;0.9259;293;31;34;0;1;0.9000;46;1;2
com.android.internal.telephony.PhoneProxy.getCellLocation();com.android.internal.telephony.Phone;0;0;1;0.9947;669;181;14;1;0;0.9947;176;176;73
com.android.internal.telephony.test.SimulatedGsmCallState.releaseActiveAcceptHeldOrWaiting();com.android.internal.telephony.test.CallInfo;1;0;1;0.9600;452;20;6;1;1;0.8571;54;7;7
com.android.internal.telephony.PhoneProxy.getCallForwardingIndicator();com.android.internal.telephony.Phone;0;0;1;0.9947;669;181;14;1;0;0.9947;176;176;73
com.android.internal.telephony.gsm.GSMPhone.acceptCall();com.android.internal.telephony.gsm.GsmCallTracker;0;0;1;0.9917;1009;105;19;1;0;0.9818;563;41;17
com.android.internal.telephony.gsm.GSMPhone.getNeighboringCids(Message);com.android.internal.telephony.CommandsInterface;0;0;0;1.0000;1009;105;19;1;0;0.9954;216;214;44
com.android.internal.telephony.gsm.SimSmsInterfaceManager.updateMessageOnIccEf(int, int, byte[]);com.android.internal.telephony.CommandsInterface;2;1;5;0.8400;134;12;14;1;0;0.9956;216;214;44
com.android.internal.telephony.RIL.getCLIR(Message);com.android.internal.telephony.RILRequest;1;3;1;0.9891;2610;171;27;2;1;0.8182;68;5;12
com.android.internal.telephony.cdma.CdmaCallTracker.dial(String);com.android.internal.telephony.CommandsInterface;1;1;0;0.9846;707;48;22;0;1;1.0000;216;214;44
com.android.internal.telephony.uicc.SIMRecords.fetchSimRecords();com.android.internal.telephony.CommandsInterface;2;2;18;0.9661;909;32;58;1;0;0.9956;216;214;44
com.android.internal.telephony.gsm.GsmSMSDispatcher.SmsCbConcatInfo.matchesLocation(String, int, int);android.telephony.SmsCbLocation;0;0;1;0.8333;17;3;2;1;0;0.9333;77;7;4
com.android.internal.telephony.cdma.SmsMessage.getNumOfVoicemails();com.android.internal.telephony.cdma.sms.BearerData;1;0;1;0.9583;551;31;16;0;1;0.9744;1209;66;114
com.android.internal.telephony.DebugService.dump(FileDescriptor, PrintWriter, String[]);com.android.internal.telephony.ServiceStateTracker;2;1;0;1.0000;69;2;1;1;0;0.9875;270;42;77
com.android.internal.telephony.uicc.SIMRecords.resetRecords();com.android.internal.telephony.uicc.AdnRecordCache;0;1;5;0.8929;909;32;58;1;0;0.9677;190;11;7
com.android.internal.telephony.gsm.GSMPhone.dispose();com.android.internal.telephony.gsm.SimPhoneBookInterfaceManager;1;1;6;0.9478;1009;105;19;1;0;0.9630;36;5;1
com.android.internal.telephony.gsm.GsmDataConnectionTracker.checkForConnectionForApnContext(ApnContext);com.android.internal.telephony.ApnContext;1;1;0;0.9898;1681;86;13;0;4;0.8919;143;19;13
com.android.internal.telephony.cat.CommandParamsFactory.processSetUpIdleModeText(CommandDetails, List<ComprehensionTlv>);com.android.internal.telephony.cat.CatLog;2;1;5;0.8621;576;21;15;1;0;1.0000;13;2;1
com.android.internal.telephony.gsm.GsmMmiCode.onSetComplete(AsyncResult);com.android.internal.telephony.CommandsInterface;3;6;9;0.7708;840;42;63;0;2;1.0000;216;214;44
com.android.internal.telephony.gsm.GsmDataConnectionTracker.getLinkCapabilities(String);com.android.internal.telephony.ApnContext;1;1;0;0.9892;1681;86;13;0;1;0.9714;143;19;13
com.android.internal.telephony.TelephonyCapabilities.supportsNetworkSelection(Phone);com.android.internal.telephony.Phone;0;0;0;1.0000;41;10;1;1;0;0.9947;176;176;73
com.android.internal.telephony.RIL.acceptCall(Message);com.android.internal.telephony.RILRequest;1;3;1;0.9891;2610;171;27;2;1;0.8182;68;5;12
com.android.internal.telephony.PhoneProxy.unregisterForMmiInitiate(Handler);com.android.internal.telephony.Phone;0;0;1;0.9947;669;181;14;1;0;0.9947;176;176;73
com.android.internal.telephony.cdma.CdmaServiceStateTracker.hangupAndPowerOff();com.android.internal.telephony.cdma.CdmaCallTracker;2;0;1;0.9890;1091;45;44;0;3;0.9577;707;48;22
com.android.internal.telephony.SMSDispatcher.handleMessage(Message);android.provider.Telephony.Sms.Intents;2;7;10;0.8462;605;33;46;0;2;1.0000;16;1;12
com.android.internal.telephony.gsm.GsmCallTracker.getConnectionByIndex(GsmCall, int);com.android.internal.telephony.gsm.GsmConnection;1;0;0;1.0000;563;41;17;1;0;0.9815;433;31;29
com.android.internal.telephony.cdma.CDMALTEPhone.dispose();com.android.internal.telephony.SMSDispatcher;1;0;1;0.9500;169;15;5;1;0;0.9808;605;33;46
android.telephony.CellBroadcastMessage.writeToParcel(Parcel, int);android.telephony.SmsCbMessage;0;0;3;0.8800;230;20;5;1;0;0.9524;102;6;22
android.telephony.gsm.SmsMessage.getDisplayMessageBody();com.android.internal.telephony.SmsMessageBase;0;0;1;0.9655;159;34;12;1;0;0.9706;80;16;18
com.android.internal.telephony.RIL.exitEmergencyCallbackMode(Message);com.android.internal.telephony.RILRequest;1;3;1;0.9891;2610;171;27;2;1;0.8182;68;5;12
com.android.internal.telephony.IccSmsInterfaceManager.sendData(String, String, int, byte[], PendingIntent, PendingIntent);com.android.internal.telephony.PhoneBase;1;1;2;0.7857;63;9;3;0;1;0.9942;621;139;66
com.android.internal.telephony.cdma.CDMAPhone.sendDtmf(char);com.android.internal.telephony.cdma.CdmaCallTracker;1;0;2;0.9933;967;126;45;0;1;0.9855;707;48;22
com.android.internal.telephony.gsm.GsmServiceStateTracker.updateSpnDisplay();com.android.internal.telephony.uicc.IccRecords;3;1;7;0.9014;1025;35;46;1;1;0.9714;160;33;36
com.android.internal.telephony.cat.CatService.handleCommand(CommandParams, boolean);com.android.internal.telephony.cat.LaunchBrowserParams;10;2;5;0.8286;491;19;26;0;1;0.9545;13;1;3
com.android.internal.telephony.IccPhoneBookInterfaceManager.updateAdnRecordsInEfBySearch(int, String, String, String, String, String);com.android.internal.telephony.PhoneBase;1;4;7;0.5714;98;12;12;0;1;0.9944;621;139;66
com.android.internal.telephony.PhoneBase.unregisterForRedirectedNumberInfo(Handler);com.android.internal.telephony.CommandsInterface;0;0;1;0.9940;621;139;66;1;0;0.9954;216;214;44
com.android.internal.telephony.gsm.GSMPhone.updateCurrentCarrierInProvider();com.android.internal.telephony.uicc.IccRecords;1;0;1;1.0000;1009;105;19;1;0;0.9839;160;33;36
com.android.internal.telephony.gsm.GSMPhone.handleCallWaitingIncallSupplementaryService(String);com.android.internal.telephony.Call;3;2;3;0.9758;1009;105;19;0;1;0.9630;117;16;4
com.android.internal.telephony.test.SimulatedCommands.triggerHangupAll();com.android.internal.telephony.test.SimulatedGsmCallState;0;0;1;0.9936;821;136;26;1;0;0.9615;452;20;6
com.android.internal.telephony.PhoneProxy.setCallWaiting(boolean, Message);com.android.internal.telephony.Phone;0;0;1;0.9947;669;181;14;1;0;0.9947;176;176;73
com.android.internal.telephony.gsm.UsimPhoneBookManager.readEmailRecord(int);com.android.internal.telephony.uicc.IccUtils;0;0;0;0;0;0;0;0;0;0;0;0;0
com.android.internal.telephony.uicc.CsimFileHandler.getEFPath(int);com.android.internal.telephony.uicc.IccConstants;1;0;0;1.0000;29;3;1;0;14;1.0000;0;0;51
com.android.internal.telephony.RIL.setCallForward(int, int, int, String, int, Message);com.android.internal.telephony.RILRequest;1;3;1;0.9892;2610;171;27;2;2;0.7273;68;5;12
com.android.internal.telephony.gsm.GsmDataConnectionTracker.setPreferredApn(int);com.android.internal.telephony.PhoneBase;1;1;3;0.9783;1681;86;13;0;1;0.9941;621;139;66
com.android.internal.telephony.cdma.CdmaMmiCode.onSetComplete(AsyncResult);com.android.internal.telephony.MmiCode;2;3;4;0.7200;143;12;25;0;1;0.9333;5;5;1
com.android.internal.telephony.cdma.CDMAPhone.getDataCallList(Message);com.android.internal.telephony.CommandsInterface;0;0;0;1.0000;967;126;45;1;0;0.9954;216;214;44
com.android.internal.telephony.cat.LaunchBrowserParams.setIcon(Bitmap);com.android.internal.telephony.cat.TextMessage;1;0;1;0.8000;13;1;3;0;1;0.9231;25;2;9
com.android.internal.telephony.sip.SipPhone.SipConnection.hangup();com.android.internal.telephony.sip.SipPhone;1;1;3;0.8462;125;15;7;0;2;1.0000;238;31;10
com.android.internal.telephony.cdma.CDMAPhone.getServiceState();com.android.internal.telephony.ServiceStateTracker;1;0;1;0.9932;967;126;45;0;1;0.9861;270;42;77
com.android.internal.telephony.cdma.CdmaDataConnectionTracker.dispose();com.android.internal.telephony.CommandsInterface;2;2;2;0.9452;612;49;13;4;0;0.9828;216;214;44
com.android.internal.telephony.cdma.CdmaDataConnectionTracker.onRoamingOff();com.android.internal.telephony.Phone;1;1;0;0.9831;612;49;13;0;1;1.0000;176;176;73
com.android.internal.telephony.gsm.GsmDataConnectionTracker.cancelReconnectAlarm(DataConnectionAc);com.android.internal.telephony.PhoneBase;1;0;0;1.0000;1681;86;13;0;1;0.9941;621;139;66
com.android.internal.telephony.gsm.GSMPhone.getBackgroundCall();com.android.internal.telephony.gsm.GsmCallTracker;1;0;1;0.9917;1009;105;19;0;1;0.9818;563;41;17
com.android.internal.telephony.gsm.GsmCallTracker.handlePollCalls(AsyncResult);com.android.internal.telephony.PhoneBase;5;4;10;0.8493;563;41;17;0;1;0.9949;621;139;66
com.android.internal.telephony.cdma.CdmaSMSDispatcher.handleCdmaStatusReport(SmsMessage);android.telephony.SmsMessage;3;0;0;1.0000;229;15;5;0;1;1.0000;230;37;14
com.android.internal.telephony.gsm.GsmDataConnectionTracker.getOverallState();com.android.internal.telephony.ApnContext;1;1;0;0.9892;1681;86;13;1;1;0.9412;143;19;13
com.android.internal.telephony.gsm.GsmSMSDispatcher.SmsCbConcatInfo.equals(Object);android.telephony.SmsCbLocation;1;0;2;0.7143;17;3;2;1;0;0.9412;77;7;4
com.android.internal.telephony.PhoneProxy.getVoiceMessageCount();com.android.internal.telephony.Phone;0;0;1;0.9947;669;181;14;1;0;0.9947;176;176;73
com.android.internal.telephony.cdma.CdmaDataConnectionTracker.onDataStateChanged(AsyncResult);com.android.internal.telephony.DataCallState;1;3;0;0.9531;612;49;13;0;1;0.9643;157;3;14
com.android.internal.telephony.test.ModelInterpreter.releaseActiveAcceptHeldOrWaiting();com.android.internal.telephony.test.SimulatedGsmCallState;0;0;1;0.9773;319;33;14;1;0;0.9600;452;20;6
com.android.internal.telephony.uicc.IsimUiccRecords.dispose();com.android.internal.telephony.uicc.UiccCardApplication;0;2;0;0.9000;94;15;8;1;0;0.9848;388;38;29
com.android.internal.telephony.gsm.GsmDataConnectionTracker.onUpdateIcc();com.android.internal.telephony.uicc.IccRecords;1;1;0;0.9895;1681;86;13;2;0;0.9688;160;33;36
com.android.internal.telephony.gsm.GsmDataConnectionTracker.isDataAllowed();com.android.internal.telephony.ServiceStateTracker;1;1;0;0.9904;1681;86;13;2;1;0.9639;270;42;77
com.android.internal.telephony.gsm.GsmDataConnectionTracker.onDataConnectionDetached();com.android.internal.telephony.Phone;1;2;0;0.9783;1681;86;13;0;1;1.0000;176;176;73
com.android.internal.telephony.cdma.CdmaCallTracker.flashAndSetGenericTrue();com.android.internal.telephony.CommandsInterface;1;0;2;0.9710;707;48;22;1;0;0.9955;216;214;44
com.android.internal.telephony.cdma.CdmaSubscriptionSourceManager.handleMessage(Message);com.android.internal.telephony.CommandsInterface;0;2;4;0.7857;82;10;15;1;0;0.9954;216;214;44
com.android.internal.telephony.gsm.UsimDataDownloadHandler.handleDataDownload(SmsMessage);com.android.internal.telephony.CommandsInterface;4;2;6;0.7778;142;7;7;1;1;0.9955;216;214;44
com.android.internal.telephony.gsm.GsmMmiCode.getErrorMessage(AsyncResult);com.android.internal.telephony.CommandException;1;0;2;0.9778;840;42;63;0;1;0.7500;46;1;2
com.android.internal.telephony.uicc.IccFileHandler.getEFLinearRecordSize(int, Message);com.android.internal.telephony.CommandsInterface;0;1;5;0.8500;262;16;42;1;0;0.9954;216;214;44
com.android.internal.telephony.cdma.CdmaServiceStateTracker.handlePollStateResult(int, AsyncResult);com.android.internal.telephony.CommandException;3;7;7;0.8495;1091;45;44;0;1;0.9600;46;1;2
com.android.internal.telephony.cdma.CdmaCallTracker.dispose();com.android.internal.telephony.CommandsInterface;0;2;3;0.9429;707;48;22;4;0;0.9818;216;214;44
com.android.internal.telephony.test.SimulatedCommands.dial(String, int, Message);com.android.internal.telephony.test.SimulatedGsmCallState;0;1;1;0.9872;821;136;26;1;0;0.9615;452;20;6
com.android.internal.telephony.gsm.GsmServiceStateTracker.pollState();com.android.internal.telephony.CommandsInterface;0;2;3;0.9324;1025;35;46;5;0;0.9776;216;214;44
com.android.internal.telephony.gsm.GSMPhone.dispose();com.android.internal.telephony.PhoneSubInfo;1;1;6;0.9478;1009;105;19;1;0;0.9750;98;16;6
com.android.internal.telephony.cdma.CdmaCallTracker.hangupWaitingOrBackground();com.android.internal.telephony.CommandsInterface;1;2;0;0.9701;707;48;22;1;0;0.9954;216;214;44
com.android.internal.telephony.gsm.GsmCallTracker.hangup(GsmCall);com.android.internal.telephony.gsm.GsmCall;2;6;4;0.8333;563;41;17;1;1;0.9333;97;14;2
com.android.internal.telephony.test.ModelInterpreter.releaseHeldOrUDUB();com.android.internal.telephony.test.SimulatedGsmCallState;0;0;1;0.9773;319;33;14;1;0;0.9600;452;20;6
com.android.internal.telephony.PhoneProxy.getDataCallList(Message);com.android.internal.telephony.Phone;0;0;1;0.9947;669;181;14;1;0;0.9947;176;176;73
com.android.internal.telephony.RIL.RILReceiver.run();com.android.internal.telephony.RILRequest;2;0;1;0.8750;78;1;1;1;0;1.0000;68;5;12
com.android.internal.telephony.uicc.RuimRecords.resetRecords();com.android.internal.telephony.uicc.AdnRecordCache;0;0;0;1.0000;330;21;25;1;0;0.9545;190;11;7
com.android.internal.telephony.gsm.GsmServiceStateTracker.setNotification(int);com.android.internal.telephony.PhoneBase;1;1;11;0.9552;1025;35;46;0;1;0.9941;621;139;66
com.android.internal.telephony.uicc.UiccCardApplication.getPin1State();com.android.internal.telephony.uicc.UiccCard;0;0;4;0.9355;388;38;29;1;0;0.9706;187;15;18
com.android.internal.telephony.cdma.CdmaLteServiceStateTracker.onSignalStrengthResult(AsyncResult, boolean);com.android.internal.telephony.PhoneBase;0;0;1;0.9565;369;12;5;1;0;0.9942;621;139;66
com.android.internal.telephony.uicc.UiccCardApplication.update(IccCardApplicationStatus, Context, CommandsInterface);com.android.internal.telephony.uicc.IccRecords;1;9;15;0.6761;388;38;29;1;0;0.9891;160;33;36
com.android.internal.telephony.test.ModelInterpreter.progressConnectingCallState();com.android.internal.telephony.test.SimulatedGsmCallState;0;0;1;0.9773;319;33;14;1;0;0.9600;452;20;6
com.android.internal.telephony.test.SimulatedGsmCallState.progressConnectingCallState();com.android.internal.telephony.test.CallInfo;1;0;4;0.9167;452;20;6;0;1;0.9333;54;7;7
com.android.internal.telephony.cdma.SmsMessage.getSmsCbProgramData();com.android.internal.telephony.cdma.sms.BearerData;1;0;1;0.9583;551;31;16;0;1;0.9744;1209;66;114
com.android.internal.telephony.gsm.UsimDataDownloadHandler.sendSmsAckForEnvelopeResponse(IccIoResult, int, int);com.android.internal.telephony.CommandsInterface;3;2;2;0.8182;142;7;7;2;2;0.9910;216;214;44
com.android.internal.telephony.IccPhoneBookInterfaceManager.getAdnRecordsInEf(int);com.android.internal.telephony.uicc.AdnRecordCache;1;4;7;0.5909;98;12;12;2;0;0.9259;190;11;7
com.android.internal.telephony.PhoneSubInfoProxy.getVoiceMailAlphaTag();com.android.internal.telephony.PhoneSubInfo;0;0;1;0.9375;51;14;1;1;0;0.9500;98;16;6
com.android.internal.telephony.cat.ValueParser.retrieveIconId(ComprehensionTlv);com.android.internal.telephony.cat.ComprehensionTlv;2;0;0;1.0000;195;10;0;0;2;0.7500;97;2;6
com.android.internal.telephony.cat.CommandParamsFactory.processEventNotify(CommandDetails, List<ComprehensionTlv>);com.android.internal.telephony.cat.TextMessage;2;1;5;0.8667;576;21;15;0;3;0.8421;25;2;9
com.android.internal.telephony.gsm.GsmSMSDispatcher.handleStatusReport(AsyncResult);com.android.internal.telephony.uicc.IccUtils;0;0;0;0;0;0;0;0;0;0;0;0;0
com.android.internal.telephony.cdma.sms.BearerData.decodeIs91(BearerData);com.android.internal.telephony.cdma.sms.UserData;1;3;1;0.9744;1209;66;114;0;5;0.9000;23;2;31
com.android.internal.telephony.PhoneProxy.registerForIncomingRing(Handler, int, Object);com.android.internal.telephony.Phone;0;0;1;0.9947;669;181;14;1;0;0.9947;176;176;73
com.android.internal.telephony.cdma.CdmaMmiCode.handlePasswordError(int);com.android.internal.telephony.MmiCode;1;1;4;0.7917;143;12;25;0;1;0.9167;5;5;1
com.android.internal.telephony.gsm.GsmSMSDispatcher.SmsCbConcatInfo.equals(Object);com.android.internal.telephony.gsm.SmsCbHeader;1;0;2;0.7143;17;3;2;0;1;0.9615;198;13;16
com.android.internal.telephony.CallManager.sendBurstDtmf(String, int, int, Message);com.android.internal.telephony.Call;0;2;0;0.9839;775;95;53;1;0;0.9565;117;16;4
com.android.internal.telephony.PhoneProxy.getNeighboringCids(Message);com.android.internal.telephony.Phone;0;0;1;0.9947;669;181;14;1;0;0.9947;176;176;73
com.android.internal.telephony.cdma.CdmaMmiCode.onSetComplete(AsyncResult);com.android.internal.telephony.cdma.CDMAPhone;2;3;4;0.7200;143;12;25;1;0;0.9936;967;126;45
com.android.internal.telephony.RIL.changeIccPin2ForApp(String, String, String, Message);com.android.internal.telephony.RILRequest;1;3;1;0.9892;2610;171;27;2;2;0.7273;68;5;12
com.android.internal.telephony.cdma.CdmaDataConnectionTracker.onVoiceCallEnded();com.android.internal.telephony.cdma.CdmaServiceStateTracker;2;1;1;0.9688;612;49;13;1;0;0.9895;1091;45;44
com.android.internal.telephony.RIL.supplyNetworkDepersonalization(String, Message);com.android.internal.telephony.RILRequest;1;3;1;0.9892;2610;171;27;2;2;0.7273;68;5;12
com.android.internal.telephony.gsm.GSMPhone.handleMultipartyIncallSupplementaryService(String);com.android.internal.telephony.Phone;1;2;2;0.9833;1009;105;19;0;1;0.9947;176;176;73
com.android.internal.telephony.gsm.GsmDataConnectionTracker.buildWaitingApns(String);com.android.internal.telephony.PhoneBase;2;3;1;0.9608;1681;86;13;0;1;0.9945;621;139;66
com.android.internal.telephony.TelephonyCapabilities.supportsConferenceCallManagement(Phone);com.android.internal.telephony.Phone;0;0;0;1.0000;41;10;1;1;0;0.9947;176;176;73
com.android.internal.telephony.PhoneBase.notifyDataActivity();com.android.internal.telephony.PhoneNotifier;0;0;1;0.9940;621;139;66;1;0;0.9167;11;11;0
com.android.internal.telephony.gsm.GsmDataConnectionTracker.createAllApnList();com.android.internal.telephony.uicc.IccRecords;3;4;0;0.9588;1681;86;13;1;0;0.9857;160;33;36
com.android.internal.telephony.gsm.GsmDataConnectionTracker.findDataConnectionAcByCid(int);com.android.internal.telephony.DataConnectionAc;0;0;0;1.0000;1681;86;13;1;0;0.9773;270;41;35
com.android.internal.telephony.cdma.CDMAPhone.sendDtmf(char);com.android.internal.telephony.CommandsInterface;1;0;2;0.9933;967;126;45;1;0;0.9954;216;214;44
com.android.internal.telephony.PhoneProxy.getUnitTestMode();com.android.internal.telephony.Phone;0;0;1;0.9947;669;181;14;1;0;0.9947;176;176;73
com.android.internal.telephony.cdma.CdmaSMSDispatcher.calculateLength(CharSequence, boolean);com.android.internal.telephony.cdma.SmsMessage;0;0;0;1.0000;229;15;5;1;0;1.0000;551;31;16
com.android.internal.telephony.PhoneProxy.setDataRoamingEnabled(boolean);com.android.internal.telephony.Phone;0;0;1;0.9947;669;181;14;1;0;0.9947;176;176;73
com.android.internal.telephony.PhoneProxy.unregisterForCdmaOtaStatusChange(Handler);com.android.internal.telephony.Phone;0;0;1;0.9947;669;181;14;1;0;0.9947;176;176;73
com.android.internal.telephony.cdma.CdmaDataConnectionTracker.onDisconnectDone(int, AsyncResult);com.android.internal.telephony.ServiceStateTracker;2;4;2;0.8983;612;49;13;1;0;0.9875;270;42;77
com.android.internal.telephony.gsm.GsmDataConnectionTracker.trySetupData(ApnContext);com.android.internal.telephony.PhoneBase;3;7;0;0.9327;1681;86;13;3;1;0.9783;621;139;66
com.android.internal.telephony.PhoneSubInfo.getVoiceMailAlphaTag();com.android.internal.telephony.Phone;0;0;3;0.8947;98;16;6;1;0;0.9947;176;176;73
com.android.internal.telephony.PhoneSubInfoProxy.dump(FileDescriptor, PrintWriter, String[]);com.android.internal.telephony.PhoneSubInfo;0;0;1;0.9375;51;14;1;1;0;0.9500;98;16;6
com.android.internal.telephony.DataConnectionTracker.getReryConfig(boolean);com.android.internal.telephony.Phone;0;0;1;0.9918;907;78;74;1;0;0.9947;176;176;73
com.android.internal.telephony.gsm.SmsCbHeader.getCmasMessageClass();android.telephony.SmsCbCmasInfo;2;0;1;0.9545;198;13;16;0;8;1.0000;48;3;46
com.android.internal.telephony.PhoneProxy.getCdmaEriIconMode();com.android.internal.telephony.Phone;0;0;1;0.9947;669;181;14;1;0;0.9947;176;176;73
com.android.internal.telephony.cdma.CdmaDataConnectionTracker.isDataAllowed();com.android.internal.telephony.cdma.CDMAPhone;4;1;3;0.9437;612;49;13;1;1;0.9879;967;126;45
com.android.internal.telephony.cdma.CdmaDataConnectionTracker.onDisconnectDone(int, AsyncResult);com.android.internal.telephony.cdma.CDMAPhone;2;4;2;0.8983;612;49;13;0;1;0.9936;967;126;45
com.android.internal.telephony.gsm.GsmDataConnectionTracker.onRoamingOn();com.android.internal.telephony.Phone;1;5;0;0.9457;1681;86;13;0;1;1.0000;176;176;73
com.android.internal.telephony.uicc.SIMRecords.handleSimRefresh(IccRefreshResponse);com.android.internal.telephony.uicc.IccRefreshResponse;1;3;1;0.9464;909;32;58;0;6;0.7692;3;1;6
com.android.internal.telephony.PhoneSubInfo.getIccSerialNumber();com.android.internal.telephony.Phone;0;0;3;0.8947;98;16;6;1;0;0.9947;176;176;73
com.android.internal.telephony.ApnContext.setDataConnectionAc(DataConnectionAc);com.android.internal.telephony.DataConnectionAc;0;1;2;0.9394;143;19;13;2;0;0.9556;270;41;35
com.android.internal.telephony.PhoneBase.unregisterForNumberInfo(Handler);com.android.internal.telephony.CommandsInterface;0;0;1;0.9940;621;139;66;1;0;0.9954;216;214;44
com.android.internal.telephony.cdma.CdmaServiceStateTracker.handlePollStateResult(int, AsyncResult);com.android.internal.telephony.cdma.CDMAPhone;3;7;7;0.8495;1091;45;44;0;1;0.9941;967;126;45
com.android.internal.telephony.CallManager.getFgCallConnections();com.android.internal.telephony.Call;0;1;1;0.9837;775;95;53;1;0;0.9545;117;16;4
com.android.internal.telephony.CallManager.sendBurstDtmf(String, int, int, Message);com.android.internal.telephony.Phone;0;2;0;0.9839;775;95;53;1;0;0.9948;176;176;73
com.android.internal.telephony.gsm.GsmMmiCode.onQueryCfComplete(AsyncResult);com.android.internal.telephony.MmiCode;2;3;5;0.8333;840;42;63;0;1;0.9412;5;5;1
com.android.internal.telephony.PhoneProxy.updatePhoneObject(int);com.android.internal.telephony.PhoneSubInfoProxy;4;3;8;0.9500;669;181;14;0;1;0.9730;51;14;1
com.android.internal.telephony.gsm.GsmCallTracker.hangupAllConnections(GsmCall);com.android.internal.telephony.gsm.GsmConnection;1;1;1;0.9825;563;41;17;1;0;0.9825;433;31;29
com.android.internal.telephony.gsm.GSMPhone.handleMessage(Message);com.android.internal.telephony.CommandsInterface;1;13;7;0.8615;1009;105;19;3;0;0.9876;216;214;44
com.android.internal.telephony.uicc.RuimRecords.EfCsimImsimLoaded.onRecordLoaded(AsyncResult);com.android.internal.telephony.uicc.RuimRecords;2;0;0;1.0000;28;2;0;2;2;0.9091;330;21;25
com.android.internal.telephony.cat.CatService.handleRilMsg(RilMessage);com.android.internal.telephony.cat.CatCmdMessage;3;3;6;0.8571;491;19;26;0;1;0.9500;111;3;8
com.android.internal.telephony.cdma.CdmaSMSDispatcher.dispatchMessage(SmsMessageBase);com.android.internal.telephony.SmsMessageBase;5;3;3;0.8611;229;15;5;1;2;0.9444;80;16;18
com.android.internal.telephony.cdma.CDMAPhone.dial(String);com.android.internal.telephony.cdma.CdmaCallTracker;0;0;1;0.9932;967;126;45;1;0;0.9851;707;48;22
com.android.internal.telephony.PhoneProxy.sendBurstDtmf(String, int, int, Message);com.android.internal.telephony.Phone;0;0;1;0.9947;669;181;14;1;0;0.9947;176;176;73
com.android.internal.telephony.PhoneProxy.registerForInCallVoicePrivacyOff(Handler, int, Object);com.android.internal.telephony.Phone;0;0;1;0.9947;669;181;14;1;0;0.9947;176;176;73
com.android.internal.telephony.cat.CommandParamsFactory.processLaunchBrowser(CommandDetails, List<ComprehensionTlv>);com.android.internal.telephony.cat.IconId;4;1;5;0.8788;576;21;15;0;2;0.8571;3;1;2
com.android.internal.telephony.PhoneProxy.getServiceState();com.android.internal.telephony.Phone;0;0;1;0.9947;669;181;14;1;0;0.9947;176;176;73
com.android.internal.telephony.PhoneProxy.unregisterForInCallVoicePrivacyOff(Handler);com.android.internal.telephony.Phone;0;0;1;0.9947;669;181;14;1;0;0.9947;176;176;73
com.android.internal.telephony.PhoneBase.registerForT53AudioControlInfo(Handler, int, Object);com.android.internal.telephony.CommandsInterface;0;0;1;0.9940;621;139;66;1;0;0.9954;216;214;44
com.android.internal.telephony.test.SimulatedCommands.setFacilityLockForApp(String, boolean, String, int, String, Message);com.android.internal.telephony.CommandsInterface;1;1;5;0.9677;821;136;26;0;2;1.0000;216;214;44
com.android.internal.telephony.cdma.sms.BearerData.decodeServiceCategoryProgramData(BearerData, BitwiseInputStream);com.android.internal.telephony.cdma.sms.UserData;1;2;2;0.9767;1209;66;114;0;5;0.5000;23;2;31
com.android.internal.telephony.gsm.GsmServiceStateTracker.pollStateDone();com.android.internal.telephony.Phone;2;9;21;0.6585;1025;35;46;0;1;1.0000;176;176;73
com.android.internal.telephony.cdma.CdmaCallTracker.operationComplete();com.android.internal.telephony.CommandsInterface;0;1;2;0.9857;707;48;22;1;0;0.9955;216;214;44
com.android.internal.telephony.PhoneProxy.getAvailableNetworks(Message);com.android.internal.telephony.Phone;0;0;1;0.9947;669;181;14;1;0;0.9947;176;176;73
com.android.internal.telephony.CallSetupException.DcInactiveState.setEnterNotificationParams(DisconnectParams);com.android.internal.telephony.CallSetupException;0;0;1;0.8750;67;5;3;1;0;0.9808;293;31;34
com.android.internal.telephony.PhoneBase.unregisterForRingbackTone(Handler);com.android.internal.telephony.CommandsInterface;0;0;1;0.9940;621;139;66;1;0;0.9954;216;214;44
com.android.internal.telephony.cdma.CDMAPhone.setDataRoamingEnabled(boolean);com.android.internal.telephony.DataConnectionTracker;0;0;0;1.0000;967;126;45;1;0;0.9919;907;78;74
com.android.internal.telephony.gsm.GsmMmiCode.handleMessage(Message);com.android.internal.telephony.uicc.IccRecords;1;5;11;0.8085;840;42;63;1;0;0.9859;160;33;36
com.android.internal.telephony.gsm.GSMPhone.handleCfuQueryResult(CallForwardInfo[]);com.android.internal.telephony.uicc.IccRecords;1;0;0;1.0000;1009;105;19;1;0;0.9841;160;33;36
com.android.internal.telephony.cdma.sms.BearerData.decodeUserDataPayload(UserData, boolean);com.android.internal.telephony.cdma.sms.UserData;1;5;0;1.0000;1209;66;114;0;11;0.4444;23;2;31
com.android.internal.telephony.PhoneBase.getDataConnectionState();com.android.internal.telephony.Phone;0;0;0;1.0000;621;139;66;1;0;0.9947;176;176;73
com.android.internal.telephony.gsm.GSMPhone.dispose();com.android.internal.telephony.DataConnectionTracker;1;1;6;0.9478;1009;105;19;1;0;0.9930;907;78;74
com.android.internal.telephony.uicc.IccCardProxy.updateIccAvailability();com.android.internal.telephony.uicc.UiccCard;0;4;7;0.8333;507;40;28;2;0;0.9524;187;15;18
com.android.internal.telephony.PhoneBase.setTTYMode(int, Message);com.android.internal.telephony.CommandsInterface;0;0;1;0.9940;621;139;66;1;0;0.9954;216;214;44
com.android.internal.telephony.RIL.queryAvailableBandMode(Message);com.android.internal.telephony.RILRequest;1;3;1;0.9891;2610;171;27;2;1;0.8182;68;5;12
com.android.internal.telephony.gsm.GsmCallTracker.handlePollCalls(AsyncResult);com.android.internal.telephony.gsm.GSMPhone;5;4;10;0.8493;563;41;17;3;0;0.9797;1009;105;19
com.android.internal.telephony.cat.CatService.handleCommand(CommandParams, boolean);com.android.internal.telephony.cat.TextMessage;10;2;5;0.8286;491;19;26;0;2;0.9286;25;2;9
com.android.internal.telephony.uicc.SIMRecords.setVoiceCallForwardingFlag(int, boolean);com.android.internal.telephony.uicc.IccFileHandler;2;3;7;0.8824;909;32;58;2;0;0.9286;262;16;42
com.android.internal.telephony.cdma.CDMAPhone.getDataActivityState();com.android.internal.telephony.Phone;3;0;1;0.9933;967;126;45;0;1;0.9948;176;176;73
com.android.internal.telephony.gsm.GSMPhone.getState();com.android.internal.telephony.gsm.GsmCallTracker;1;0;1;0.9917;1009;105;19;0;1;0.9818;563;41;17
android.telephony.SmsMessage.getSubmitPdu(String, String, String, boolean);com.android.internal.telephony.gsm.SmsMessage;0;0;0;1.0000;230;37;14;1;0;1.0000;446;23;12
com.android.internal.telephony.cat.CatService.handleRilMsg(RilMessage);com.android.internal.telephony.cat.CommandParams;3;3;6;0.8571;491;19;26;0;1;0.9167;12;3;1
com.android.internal.telephony.SMSDispatcher.dispatchPdus(byte[][]);android.provider.Telephony.Sms.Intents;1;2;1;0.9592;605;33;46;0;1;1.0000;16;1;12
com.android.internal.telephony.cat.CommandParamsFactory.processSelectItem(CommandDetails, List<ComprehensionTlv>);com.android.internal.telephony.cat.CommandDetails;4;2;7;0.8718;576;21;15;0;1;0.9667;26;5;5
com.android.internal.telephony.DataConnectionTracker.onSetInternalDataEnabled(boolean);com.android.internal.telephony.Phone;1;4;2;0.9504;907;78;74;0;1;1.0000;176;176;73
com.android.internal.telephony.cdma.CDMAPhone.getDataConnectionState(String);com.android.internal.telephony.cdma.CdmaServiceStateTracker;2;1;2;0.9804;967;126;45;1;1;0.9785;1091;45;44
com.android.internal.telephony.cat.CommandParamsFactory.processSetUpIdleModeText(CommandDetails, List<ComprehensionTlv>);com.android.internal.telephony.cat.ValueParser;2;1;5;0.8621;576;21;15;2;0;1.0000;195;10;0
com.android.internal.telephony.cdma.CdmaDataConnectionTracker.isDataAllowed();com.android.internal.telephony.ServiceStateTracker;4;1;3;0.9437;612;49;13;0;1;0.9889;270;42;77
com.android.internal.telephony.cdma.CdmaCallTracker.switchWaitingOrHoldingAndActive();com.android.internal.telephony.CommandsInterface;1;1;2;0.9565;707;48;22;1;0;0.9955;216;214;44
com.android.internal.telephony.cdma.SmsMessage.getSubmitPdu(String, String, int, byte[], boolean);com.android.internal.telephony.cdma.sms.UserData;3;1;0;1.0000;551;31;16;0;5;0.6923;23;2;31
com.android.internal.telephony.cat.CatService.eventDownload(int, int, int, byte[], boolean);com.android.internal.telephony.cat.BerTlv;2;0;1;0.9583;491;19;26;0;1;1.0000;51;1;6
com.android.internal.telephony.sip.SipPhone.dialInternal(String);com.android.internal.telephony.Call;1;2;2;0.9231;238;31;10;0;1;0.9615;117;16;4
android.telephony.SmsMessage.getSubmitPdu(String, String, String, boolean);com.android.internal.telephony.cdma.SmsMessage;0;0;0;1.0000;230;37;14;1;0;1.0000;551;31;16
com.android.internal.telephony.cat.CommandParamsFactory.processGetInkey(CommandDetails, List<ComprehensionTlv>);com.android.internal.telephony.cat.CatLog;3;1;5;0.8889;576;21;15;1;0;1.0000;13;2;1
com.android.internal.telephony.CallSetupException.tearDownData(Object);com.android.internal.telephony.Phone;2;1;3;0.9434;293;31;34;0;2;1.0000;176;176;73
com.android.internal.telephony.gsm.GsmCallTracker.canTransfer();com.android.internal.telephony.Call;1;0;2;0.9630;563;41;17;0;1;0.9545;117;16;4
com.android.internal.telephony.cat.CommandParamsFactory.processPlayTone(CommandDetails, List<ComprehensionTlv>);com.android.internal.telephony.cat.CatLog;4;1;5;0.8824;576;21;15;1;0;1.0000;13;2;1
com.android.internal.telephony.gsm.GsmSMSDispatcher.sendData(String, String, int, byte[], PendingIntent, PendingIntent);com.android.internal.telephony.gsm.SmsMessage;1;0;1;1.0000;242;13;6;1;0;1.0000;446;23;12
com.android.internal.telephony.cdma.CdmaConnection.proceedAfterWildChar(String);com.android.internal.telephony.CommandsInterface;2;3;7;0.8644;566;40;27;1;0;0.9956;216;214;44
com.android.internal.telephony.test.SimulatedCommands.conference(Message);com.android.internal.telephony.test.SimulatedGsmCallState;0;2;1;0.9808;821;136;26;1;0;0.9630;452;20;6
com.android.internal.telephony.cdma.CDMAPhone.prepareEri();com.android.internal.telephony.cdma.EriManager;1;1;2;0.9797;967;126;45;1;1;0.9091;235;13;11
com.android.internal.telephony.cdma.CdmaCallTracker.dialThreeWay(String);com.android.internal.telephony.PhoneBase;2;1;3;0.9437;707;48;22;0;1;0.9943;621;139;66
com.android.internal.telephony.RIL.getNetworkSelectionMode(Message);com.android.internal.telephony.RILRequest;1;3;1;0.9891;2610;171;27;2;1;0.8182;68;5;12
com.android.internal.telephony.PhoneProxy.setMute(boolean);com.android.internal.telephony.Phone;0;0;1;0.9947;669;181;14;1;0;0.9947;176;176;73
com.android.internal.telephony.uicc.AdnRecordCache.updateAdnBySearch(int, AdnRecord, AdnRecord, String, Message);com.android.internal.telephony.uicc.AdnRecord;2;3;4;0.7273;190;11;7;1;3;0.8621;145;10;20
com.android.internal.telephony.gsm.SmsMessage.isCphsMwiMessage();com.android.internal.telephony.gsm.GsmSmsAddress;0;0;0;1.0000;446;23;12;2;0;0.7143;40;5;3
com.android.internal.telephony.cdma.sms.BearerData.getBitsForNumFields(int, int);com.android.internal.telephony.cdma.sms.UserData;1;0;0;1.0000;1209;66;114;0;9;1.0000;23;2;31
android.telephony.SmsMessage.getStatusOnSim();com.android.internal.telephony.SmsMessageBase;1;0;1;0.9643;230;37;14;0;1;0.9706;80;16;18
com.android.internal.telephony.PhoneProxy.registerForRedirectedNumberInfo(Handler, int, Object);com.android.internal.telephony.Phone;0;0;1;0.9947;669;181;14;1;0;0.9947;176;176;73
com.android.internal.telephony.cat.CatService.handleCmdResponse(CatResponseMessage);com.android.internal.telephony.cat.CatResponseMessage;5;3;2;0.8571;491;19;26;0;6;0.6667;21;0;6
com.android.internal.telephony.cdma.CdmaCallTracker.hangup(CdmaConnection);com.android.internal.telephony.CommandsInterface;3;3;5;0.9054;707;48;22;1;0;0.9957;216;214;44
com.android.internal.telephony.RIL.explicitCallTransfer(Message);com.android.internal.telephony.RILRequest;1;3;1;0.9891;2610;171;27;2;1;0.8182;68;5;12
com.android.internal.telephony.PhoneProxy.setLine1Number(String, String, Message);com.android.internal.telephony.Phone;0;0;1;0.9947;669;181;14;1;0;0.9947;176;176;73
com.android.internal.telephony.IccPhoneBookInterfaceManager.updateEfForIccType(int);com.android.internal.telephony.PhoneBase;1;0;1;0.9500;98;12;12;1;0;0.9940;621;139;66
com.android.internal.telephony.gsm.UsimPhoneBookManager.PbrFile.parseEf(SimTlv, Map<Integer,Integer>, int);com.android.internal.telephony.gsm.UsimPhoneBookManager;1;0;0;1.0000;62;2;1;0;15;0.9333;250;14;33
com.android.internal.telephony.cat.ValueParser.retrieveTextAttribute(ComprehensionTlv);com.android.internal.telephony.cat.ComprehensionTlv;1;0;0;1.0000;195;10;0;0;3;0.5000;97;2;6
com.android.internal.telephony.cdma.sms.BearerData.encodeUserDataPayload(UserData);com.android.internal.telephony.cdma.sms.UserData;1;4;1;1.0000;1209;66;114;0;10;0.4545;23;2;31
com.android.internal.telephony.cdma.CdmaDataConnectionTracker.trySetupData(String);com.android.internal.telephony.PhoneBase;5;3;1;0.9394;612;49;13;0;1;0.9945;621;139;66
com.android.internal.telephony.cdma.CdmaCallTracker.acceptCall();com.android.internal.telephony.Call;1;4;2;0.9155;707;48;22;1;0;0.9677;117;16;4
com.android.internal.telephony.PhoneProxy.getDeviceId();com.android.internal.telephony.Phone;0;0;1;0.9947;669;181;14;1;0;0.9947;176;176;73
com.android.internal.telephony.PhoneSubInfo.getIsimImpi();com.android.internal.telephony.Phone;0;0;3;0.9000;98;16;6;1;0;0.9948;176;176;73
com.android.internal.telephony.gsm.GsmDataConnectionTracker.onUpdateIcc();com.android.internal.telephony.uicc.UiccController;1;1;0;0.9895;1681;86;13;1;1;0.9474;106;11;13
com.android.internal.telephony.PhoneProxy.getCdmaMin();com.android.internal.telephony.Phone;0;0;1;0.9947;669;181;14;1;0;0.9947;176;176;73
com.android.internal.telephony.cdma.CdmaSMSDispatcher.handleCdmaStatusReport(SmsMessage);com.android.internal.telephony.SMSDispatcher.SmsTracker;3;0;0;1.0000;229;15;5;0;2;0.8462;12;1;7
com.android.internal.telephony.gsm.GsmDataConnectionTracker.setupData(ApnContext);com.android.internal.telephony.DataConnectionAc;2;7;0;0.9333;1681;86;13;2;0;0.9683;270;41;35
com.android.internal.telephony.SmsMessageBase.parseMessageBody();com.android.internal.telephony.SmsAddress;0;1;1;0.9394;80;16;18;1;0;0.8750;12;3;10
com.android.internal.telephony.cat.ComprehensionTlv.decodeMany(byte[], int);com.android.internal.telephony.cat.CatLog;0;1;3;0.6667;97;2;6;1;0;1.0000;13;2;1
com.android.internal.telephony.uicc.UiccController.getIccRecords(int);com.android.internal.telephony.uicc.UiccCard;0;0;2;0.9333;106;11;13;1;0;0.9688;187;15;18
com.android.internal.telephony.gsm.GsmServiceStateTracker.handleMessage(Message);com.android.internal.telephony.CommandsInterface;1;9;8;0.8171;1025;35;46;5;0;0.9793;216;214;44
com.android.internal.telephony.PhoneProxy.disableDnsCheck(boolean);com.android.internal.telephony.Phone;0;0;1;0.9947;669;181;14;1;0;0.9947;176;176;73
android.telephony.CellBroadcastMessage.isEtwsEmergencyUserAlert();android.telephony.SmsCbEtwsInfo;2;0;1;0.9615;230;20;5;0;1;0.9231;61;5;11
com.android.internal.telephony.CallSetupException.tearDownData(Object);com.android.internal.telephony.PhoneBase;2;1;3;0.9434;293;31;34;0;1;0.9942;621;139;66
android.telephony.gsm.SmsMessage.getSubmitPdu(String, String, short, byte[], boolean);com.android.internal.telephony.cdma.SmsMessage;0;0;0;1.0000;159;34;12;1;0;1.0000;551;31;16
com.android.internal.telephony.uicc.RuimRecords.fetchRuimRecords();com.android.internal.telephony.uicc.IccFileHandler;1;1;3;0.9767;330;21;25;4;0;0.8571;262;16;42
com.android.internal.telephony.gsm.GsmDataConnectionTracker.dataConnectionNotInUse(DataConnectionAc);com.android.internal.telephony.DataConnectionAc;2;1;0;0.9895;1681;86;13;2;1;0.9348;270;41;35
com.android.internal.telephony.gsm.GsmServiceStateTracker.setAndBroadcastNetworkSetTime(long);com.android.internal.telephony.PhoneBase;1;1;2;0.9701;1025;35;46;0;1;0.9941;621;139;66
com.android.internal.telephony.gsm.GsmServiceStateTracker.hangupAndPowerOff();com.android.internal.telephony.gsm.GsmCallTracker;2;0;1;0.9865;1025;35;46;0;3;0.9500;563;41;17
com.android.internal.telephony.PhoneProxy.updatePhoneObject(int);com.android.internal.telephony.PhoneBase;4;3;8;0.9500;669;181;14;0;1;0.9947;621;139;66
com.android.internal.telephony.ServiceStateTracker.powerOffRadioSafely(DataConnectionTracker);com.android.internal.telephony.DataConnectionTracker;1;2;4;0.9444;270;42;77;2;0;0.9841;907;78;74
com.android.internal.telephony.cdma.CdmaServiceStateTracker.onUpdateIccAvailability();com.android.internal.telephony.uicc.IccRecords;1;1;1;0.9785;1091;45;44;2;0;0.9710;160;33;36
com.android.internal.telephony.gsm.GSMPhone.stopDtmf();com.android.internal.telephony.CommandsInterface;0;0;0;1.0000;1009;105;19;1;0;0.9954;216;214;44
android.telephony.SmsMessage.getEmailBody();com.android.internal.telephony.SmsMessageBase;1;0;1;0.9643;230;37;14;0;1;0.9706;80;16;18
com.android.internal.telephony.cdma.CDMAPhone.onUpdateIccAvailability();com.android.internal.telephony.IccPhoneBookInterfaceManager;1;3;1;0.9737;967;126;45;1;0;0.9655;98;12;12
com.android.internal.telephony.gsm.GsmMmiCode.onSetComplete(AsyncResult);com.android.internal.telephony.MmiCode;3;6;9;0.7708;840;42;63;0;1;0.9500;5;5;1
com.android.internal.telephony.DebugService.dump(FileDescriptor, PrintWriter, String[]);com.android.internal.telephony.uicc.UiccController;2;1;0;1.0000;69;2;1;0;0;1.0000;106;11;13
com.android.internal.telephony.PhoneBase.unregisterForResendIncallMute(Handler);com.android.internal.telephony.CommandsInterface;0;0;1;0.9940;621;139;66;1;0;0.9954;216;214;44
com.android.internal.telephony.uicc.SIMRecords.handleFileUpdate(int);com.android.internal.telephony.uicc.AdnRecordCache;1;2;3;0.9630;909;32;58;1;0;0.9600;190;11;7
com.android.internal.telephony.cdma.CdmaCallTracker.hangup(CdmaCall);com.android.internal.telephony.cdma.CdmaCall;2;6;4;0.8611;707;48;22;1;1;0.9355;100;14;3
com.android.internal.telephony.gsm.GsmDataConnectionTracker.initApnContextsAndDataConnection();com.android.internal.telephony.PhoneBase;2;3;0;0.9691;1681;86;13;0;1;0.9943;621;139;66
com.android.internal.telephony.gsm.GsmConnection.processNextPostDialChar();com.android.internal.telephony.gsm.GSMPhone;2;2;6;0.8727;433;31;29;0;1;0.9922;1009;105;19
com.android.internal.telephony.CallSetupException.onSetupConnectionCompleted(AsyncResult);com.android.internal.telephony.DataCallState;2;2;2;0.9259;293;31;34;0;3;0.8636;157;3;14
com.android.internal.telephony.gsm.SmsCbHeader.isEtwsEmergencyUserAlert();com.android.internal.telephony.gsm.SmsCbConstants;1;0;1;0.9545;198;13;16;0;1;1.0000;2;0;31
com.android.internal.telephony.gsm.GSMPhone.explicitCallTransfer();com.android.internal.telephony.gsm.GsmCallTracker;0;0;1;0.9917;1009;105;19;1;0;0.9818;563;41;17
com.android.internal.telephony.uicc.SIMRecords.dispose();com.android.internal.telephony.CommandsInterface;0;2;1;0.9623;909;32;58;2;0;0.9910;216;214;44
com.android.internal.telephony.cdma.CdmaCallTracker.handleMessage(Message);com.android.internal.telephony.cdma.CdmaConnection;2;7;7;0.8421;707;48;22;2;1;0.9610;566;40;27
com.android.internal.telephony.gsm.SimSmsInterfaceManager.setCellBroadcastConfig(SmsBroadcastConfigInfo[]);com.android.internal.telephony.PhoneBase;1;1;5;0.8095;134;12;14;0;1;0.9942;621;139;66
com.android.internal.telephony.PhoneProxy.setTTYMode(int, Message);com.android.internal.telephony.Phone;0;0;1;0.9947;669;181;14;1;0;0.9947;176;176;73
com.android.internal.telephony.gsm.GsmCallTracker.hangup(GsmConnection);com.android.internal.telephony.gsm.GsmConnection;2;2;3;0.9310;563;41;17;2;1;0.9492;433;31;29
com.android.internal.telephony.cdma.CdmaSMSDispatcher.sendText(String, String, String, PendingIntent, PendingIntent);com.android.internal.telephony.cdma.SmsMessage;1;0;0;1.0000;229;15;5;1;0;1.0000;551;31;16
com.android.internal.telephony.gsm.GsmCallTracker.rejectCall();com.android.internal.telephony.Call;1;1;1;0.9643;563;41;17;0;1;0.9583;117;16;4
com.android.internal.telephony.DataConnectionTracker.getLinkProperties(String);com.android.internal.telephony.DataConnectionAc;0;2;1;0.9754;907;78;74;1;0;0.9783;270;41;35
com.android.internal.telephony.cdma.CdmaServiceStateTracker.dispose();com.android.internal.telephony.CommandsInterface;0;0;5;0.9490;1091;45;44;5;0;0.9782;216;214;44
com.android.internal.telephony.PhoneProxy.getContext();com.android.internal.telephony.Phone;0;0;1;0.9947;669;181;14;1;0;0.9947;176;176;73
com.android.internal.telephony.gsm.GsmDataConnectionTracker.createDataConnection();com.android.internal.telephony.DataConnectionAc;2;2;2;0.9691;1681;86;13;0;1;0.9808;270;41;35
com.android.internal.telephony.gsm.GsmMmiCode.onUssdFinished(String, boolean);com.android.internal.telephony.MmiCode;1;0;5;0.8913;840;42;63;0;1;0.9167;5;5;1
com.android.internal.telephony.PhoneBase.getMessageWaitingIndicator();com.android.internal.telephony.uicc.IccRecords;0;0;1;0.9940;621;139;66;1;0;0.9836;160;33;36
com.android.internal.telephony.uicc.RuimRecords.onReady();com.android.internal.telephony.CommandsInterface;0;1;1;0.9706;330;21;25;1;0;0.9954;216;214;44
com.android.internal.telephony.gsm.GsmCallTracker.acceptCall();com.android.internal.telephony.Call;1;3;1;0.9286;563;41;17;0;1;0.9615;117;16;4
com.android.internal.telephony.gsm.GSMPhone.getServiceState();com.android.internal.telephony.ServiceStateTracker;1;0;1;0.9917;1009;105;19;0;1;0.9861;270;42;77
com.android.internal.telephony.gsm.GsmDataConnectionTracker.startAlarmForReconnect(int, ApnContext);com.android.internal.telephony.ApnContext;3;2;3;0.9792;1681;86;13;0;2;0.9474;143;19;13
com.android.internal.telephony.gsm.GSMPhone.setDataRoamingEnabled(boolean);com.android.internal.telephony.DataConnectionTracker;0;0;0;1.0000;1009;105;19;1;0;0.9919;907;78;74
com.android.internal.telephony.cdma.CdmaServiceStateTracker.pollStateDone();com.android.internal.telephony.CommandsInterface;1;4;8;0.8824;1091;45;44;1;0;0.9959;216;214;44
com.android.internal.telephony.gsm.GsmDataConnectionTracker.onDisconnectDone(int, AsyncResult);com.android.internal.telephony.PhoneBase;1;5;0;0.9500;1681;86;13;2;0;0.9889;621;139;66
com.android.internal.telephony.test.SimulatedCommands.queryFacilityLockForApp(String, String, int, String, Message);com.android.internal.telephony.CommandsInterface;1;1;3;0.9806;821;136;26;0;2;1.0000;216;214;44
com.android.internal.telephony.gsm.GsmDataConnectionTracker.onDisconnectDone(int, AsyncResult);com.android.internal.telephony.ServiceStateTracker;1;5;0;0.9500;1681;86;13;1;0;0.9882;270;42;77
com.android.internal.telephony.gsm.SmsMessage.PduParser.constructUserData(boolean, boolean);com.android.internal.telephony.SmsHeader;0;0;5;0.6667;139;9;6;1;0;1.0000;156;3;38
com.android.internal.telephony.cdma.CDMAPhone.getDataConnectionState(String);com.android.internal.telephony.DataConnectionTracker;2;1;2;0.9804;967;126;45;3;0;0.9767;907;78;74
android.telephony.CellBroadcastMessage.isEtwsPopupAlert();android.telephony.SmsCbEtwsInfo;2;0;1;0.9615;230;20;5;0;1;0.9231;61;5;11
android.telephony.CellBroadcastMessage.isEtwsEmergencyUserAlert();android.telephony.SmsCbMessage;2;0;1;0.9615;230;20;5;0;1;0.9500;102;6;22
com.android.internal.telephony.SMSDispatcher.processMessagePart(byte[], String, int, int, int, long, int, boolean);com.android.internal.telephony.WapPushOverSms;2;3;9;0.9020;605;33;46;1;0;0.9286;100;1;7
com.android.internal.telephony.cdma.sms.BearerData.decodeUserData(BearerData, BitwiseInputStream);com.android.internal.telephony.cdma.sms.UserData;1;0;1;0.9767;1209;66;114;0;7;0.5000;23;2;31
com.android.internal.telephony.uicc.UiccController.dump(FileDescriptor, PrintWriter, String[]);com.android.internal.telephony.uicc.UiccCard;0;0;0;0;0;0;0;0;0;0;0;0;0
com.android.internal.telephony.RIL.setPreferredVoicePrivacy(boolean, Message);com.android.internal.telephony.RILRequest;1;1;0;0.9945;2610;171;27;1;1;0.9000;68;5;12
com.android.internal.telephony.test.SimulatedCommands.progressConnectingCallState();com.android.internal.telephony.test.SimulatedGsmCallState;0;0;1;0.9936;821;136;26;1;0;0.9615;452;20;6
com.android.internal.telephony.gsm.GsmConnection.onDisconnect(DisconnectCause);com.android.internal.telephony.gsm.GsmCallTracker;1;1;9;0.8364;433;31;29;0;1;0.9846;563;41;17
com.android.internal.telephony.PhoneProxy.unregisterForPreciseCallStateChanged(Handler);com.android.internal.telephony.Phone;0;0;1;0.9947;669;181;14;1;0;0.9947;176;176;73
com.android.internal.telephony.RIL.getNeighboringCids(Message);com.android.internal.telephony.RILRequest;1;3;1;0.9891;2610;171;27;2;1;0.8182;68;5;12
com.android.internal.telephony.gsm.GsmCallTracker.dial(String, int, UUSInfo);com.android.internal.telephony.CommandsInterface;3;7;4;0.8226;563;41;17;1;0;0.9957;216;214;44
com.android.internal.telephony.PhoneFactory.makeDefaultPhone(Context);com.android.internal.telephony.uicc.UiccController;2;0;10;1.0000;122;6;10;1;0;1.0000;106;11;13
com.android.internal.telephony.PhoneSubInfo.getVoiceMailNumber();com.android.internal.telephony.Phone;0;0;4;0.8947;98;16;6;1;0;0.9947;176;176;73
com.android.internal.telephony.PhoneProxy.getIccSmsInterfaceManager();com.android.internal.telephony.Phone;0;0;1;0.9947;669;181;14;1;0;0.9947;176;176;73
android.telephony.SmsMessage.getTPLayerLengthForPDU(String);com.android.internal.telephony.gsm.SmsMessage;0;0;0;1.0000;230;37;14;1;0;1.0000;446;23;12
com.android.internal.telephony.cdma.CdmaDataConnection.onConnect(ConnectionParams);com.android.internal.telephony.DataConnection.ConnectionParams;2;1;0;0.8750;45;6;1;0;1;0.8571;4;0;3
com.android.internal.telephony.gsm.GSMPhone.setMute(boolean);com.android.internal.telephony.gsm.GsmCallTracker;0;0;1;0.9917;1009;105;19;1;0;0.9818;563;41;17
com.android.internal.telephony.cdma.sms.BearerData.countAsciiSeptets(CharSequence, boolean);com.android.internal.telephony.cdma.sms.UserData;1;0;0;1.0000;1209;66;114;0;1;1.0000;23;2;31
com.android.internal.telephony.cdma.sms.BearerData.encodeUserData(BearerData, BitwiseOutputStream);com.android.internal.telephony.cdma.sms.UserData;1;1;2;0.9545;1209;66;114;0;8;0.4545;23;2;31
com.android.internal.telephony.PhoneBase.unregisterForSignalInfo(Handler);com.android.internal.telephony.CommandsInterface;0;0;1;0.9940;621;139;66;1;0;0.9954;216;214;44
com.android.internal.telephony.test.ModelInterpreter.triggerHangupBackground();com.android.internal.telephony.test.SimulatedGsmCallState;0;1;1;0.9545;319;33;14;1;0;0.9615;452;20;6
com.android.internal.telephony.gsm.GsmDataConnectionTracker.buildWaitingApns(String);com.android.internal.telephony.ApnSetting;2;3;1;0.9608;1681;86;13;2;2;0.8788;96;4;18
com.android.internal.telephony.PhoneProxy.unsetOnEcbModeExitResponse(Handler);com.android.internal.telephony.Phone;0;0;1;0.9947;669;181;14;1;0;0.9947;176;176;73
com.android.internal.telephony.gsm.GSMPhone.dial(String, UUSInfo);com.android.internal.telephony.gsm.GsmCallTracker;1;1;4;0.9764;1009;105;19;2;0;0.9683;563;41;17
com.android.internal.telephony.CallSetupException.DcInactiveState.setEnterNotificationParams(ConnectionParams, FailCause, int);com.android.internal.telephony.CallSetupException;1;0;2;0.7778;67;5;3;1;1;0.9623;293;31;34
com.android.internal.telephony.PhoneBase.dispose();com.android.internal.telephony.PhoneProxy;1;0;6;0.9649;621;139;66;0;1;1.0000;669;181;14
com.android.internal.telephony.gsm.GsmCallTracker.handlePollCalls(AsyncResult);com.android.internal.telephony.DriverCall;5;4;10;0.8493;563;41;17;0;2;0.9565;75;5;15
com.android.internal.telephony.gsm.UsimDataDownloadHandler.sendSmsAckForEnvelopeResponse(IccIoResult, int, int);com.android.internal.telephony.uicc.IccIoResult;3;2;2;0.8182;142;7;7;1;3;0.6667;28;3;3
com.android.internal.telephony.cdma.RuimSmsInterfaceManager.updateMessageOnIccEf(int, int, byte[]);com.android.internal.telephony.uicc.IccFileHandler;2;1;5;0.8095;88;10;8;1;0;0.9667;262;16;42
com.android.internal.telephony.cdma.sms.BearerData.decodeSmsAddress(CdmaSmsAddress);com.android.internal.telephony.cdma.sms.CdmaSmsAddress;2;1;0;1.0000;1209;66;114;0;3;0.7500;84;5;23
com.android.internal.telephony.cdma.CdmaCallTracker.hangup(CdmaCall);com.android.internal.telephony.Call;2;6;4;0.8611;707;48;22;2;0;0.9429;117;16;4
com.android.internal.telephony.PhoneProxy.setCellBroadcastSmsConfig(int[], Message);com.android.internal.telephony.Phone;0;0;1;0.9947;669;181;14;1;0;0.9947;176;176;73
com.android.internal.telephony.gsm.UsimDataDownloadHandler.handleDataDownload(SmsMessage);com.android.internal.telephony.gsm.SmsMessage;4;2;6;0.7778;142;7;7;0;2;0.9231;446;23;12
com.android.internal.telephony.PhoneBase.notifySignalStrength();com.android.internal.telephony.PhoneNotifier;0;0;1;0.9940;621;139;66;1;0;0.9167;11;11;0
com.android.internal.telephony.RIL.getCDMASubscription(Message);com.android.internal.telephony.RILRequest;1;3;1;0.9891;2610;171;27;2;1;0.8182;68;5;12
com.android.internal.telephony.sip.SipPhone.conference();com.android.internal.telephony.Call;1;0;2;0.9459;238;31;10;0;1;0.9565;117;16;4
com.android.internal.telephony.PhoneSubInfoProxy.getDeviceSvn();com.android.internal.telephony.PhoneSubInfo;0;0;1;0.9375;51;14;1;1;0;0.9500;98;16;6
com.android.internal.telephony.PhoneProxy.unregisterForServiceStateChanged(Handler);com.android.internal.telephony.Phone;0;0;1;0.9947;669;181;14;1;0;0.9947;176;176;73
com.android.internal.telephony.gsm.GsmDataConnectionTracker.getActiveApnString(String);com.android.internal.telephony.ApnContext;2;1;0;0.9892;1681;86;13;0;1;0.9714;143;19;13
com.android.internal.telephony.test.SimulatedCommands.queryAvailableBandMode(Message);com.android.internal.telephony.Phone;1;1;0;0.9935;821;136;26;0;3;1.0000;176;176;73
com.android.internal.telephony.gsm.GsmServiceStateTracker.onUpdateIccAvailability();com.android.internal.telephony.uicc.IccRecords;1;1;0;0.9867;1025;35;46;2;0;0.9706;160;33;36
com.android.internal.telephony.cdma.CdmaCallTracker.updatePhoneState();com.android.internal.telephony.Call;1;1;8;0.8676;707;48;22;2;0;0.9333;117;16;4
com.android.internal.telephony.cdma.sms.BearerData.decodeMsgCount(BearerData, BitwiseInputStream);com.android.internal.telephony.uicc.IccUtils;0;0;0;0;0;0;0;0;0;0;0;0;0
com.android.internal.telephony.RIL.responseIccCardStatus(Parcel);com.android.internal.telephony.uicc.IccCardStatus;2;0;0;1.0000;2610;171;27;2;5;0.7778;72;7;9
com.android.internal.telephony.gsm.GsmDataConnectionTracker.cleanUpConnection(boolean, ApnContext);com.android.internal.telephony.PhoneBase;1;2;0;0.9811;1681;86;13;1;0;0.9946;621;139;66
com.android.internal.telephony.cdma.CDMAPhone.unregisterForSubscriptionInfoReady(Handler);com.android.internal.telephony.cdma.CdmaServiceStateTracker;0;0;1;0.9932;967;126;45;1;0;0.9884;1091;45;44
com.android.internal.telephony.gsm.GsmDataConnectionTracker.apnListToString(ArrayList<ApnSetting>);com.android.internal.telephony.ApnSetting;0;0;0;1.0000;1681;86;13;1;0;0.9524;96;4;18
com.android.internal.telephony.test.SimulatedGsmCallState.releaseHeldOrUDUB();com.android.internal.telephony.test.CallInfo;1;0;1;0.9600;452;20;6;1;1;0.8571;54;7;7
com.android.internal.telephony.uicc.RuimRecords.isProvisioned();com.android.internal.telephony.uicc.UiccCardApplication;0;0;2;0.9412;330;21;25;1;0;0.9846;388;38;29
com.android.internal.telephony.DataConnectionTracker.updateDataStallInfo();com.android.internal.telephony.PhoneBase;0;2;6;0.9600;907;78;74;1;0;0.9943;621;139;66
android.telephony.SmsMessage.getDisplayMessageBody();com.android.internal.telephony.SmsMessageBase;0;0;1;0.9643;230;37;14;1;0;0.9706;80;16;18
com.android.internal.telephony.uicc.IccFileHandler.loadEFLinearFixed(int, int, Message);com.android.internal.telephony.CommandsInterface;0;1;5;0.8500;262;16;42;1;0;0.9954;216;214;44
com.android.internal.telephony.gsm.GsmDataConnectionTracker.isApnTypeEnabled(String);com.android.internal.telephony.ApnContext;0;0;0;1.0000;1681;86;13;1;0;0.9697;143;19;13
com.android.internal.telephony.CallSetupException.getSuggestedRetryTime(AsyncResult);com.android.internal.telephony.DataCallState;1;0;0;1.0000;293;31;34;0;1;0.9412;157;3;14
com.android.internal.telephony.CallManager.setEchoSuppressionEnabled(boolean);com.android.internal.telephony.Call;0;3;2;0.9758;775;95;53;1;0;0.9583;117;16;4
com.android.internal.telephony.gsm.GsmDataConnectionTracker.onRadioAvailable();com.android.internal.telephony.PhoneBase;1;5;0;0.9468;1681;86;13;0;1;0.9943;621;139;66
com.android.internal.telephony.CallSetupException.increaseRetryCount();com.android.internal.telephony.RetryManager;0;0;1;0.9804;293;31;34;1;0;0.9583;201;16;9
com.android.internal.telephony.gsm.GsmDataConnectionTracker.onCleanUpConnection(boolean, int, String);com.android.internal.telephony.ApnContext;0;2;0;0.9785;1681;86;13;1;0;0.9722;143;19;13
com.android.internal.telephony.gsm.GsmServiceStateTracker.pollStateDone();com.android.internal.telephony.PhoneBase;2;9;21;0.6585;1025;35;46;1;1;0.9904;621;139;66
com.android.internal.telephony.cdma.RuimSmsInterfaceManager.getAllMessagesFromIccEf();com.android.internal.telephony.PhoneBase;2;1;5;0.7778;88;10;8;1;1;0.9884;621;139;66
com.android.internal.telephony.uicc.SIMRecords.setVoiceCallForwardingFlag(int, boolean);com.android.internal.telephony.uicc.IccUtils;0;0;0;0;0;0;0;0;0;0;0;0;0
com.android.internal.telephony.cdma.sms.BearerData.TimeStamp.fromByteArray(byte[]);com.android.internal.telephony.uicc.IccUtils;0;0;0;0;0;0;0;0;0;0;0;0;0
com.android.internal.telephony.uicc.SIMRecords.setVoiceCallForwardingFlag(int, boolean);com.android.internal.telephony.uicc.IccConstants;2;3;7;0.8824;909;32;58;0;2;1.0000;0;0;51
com.android.internal.telephony.PhoneProxy.updatePhoneObject(int);com.android.internal.telephony.uicc.IccCardProxy;4;3;8;0.9500;669;181;14;1;0;0.9872;507;40;28
com.android.internal.telephony.cdma.CdmaServiceStateTracker.handlePollStateResultMessage(int, AsyncResult);com.android.internal.telephony.cdma.CDMAPhone;1;6;8;0.8353;1091;45;44;0;1;1.0000;967;126;45
com.android.internal.telephony.gsm.GsmDataConnectionTracker.onVoiceCallEnded();com.android.internal.telephony.Phone;1;4;1;0.9583;1681;86;13;0;1;1.0000;176;176;73
com.android.internal.telephony.gsm.GsmCallTracker.fakeHoldForegroundBeforeDial();com.android.internal.telephony.gsm.GsmCall;1;0;1;0.9818;563;41;17;0;1;0.9412;97;14;2
com.android.internal.telephony.gsm.GsmDataConnectionTracker.isApnTypeAvailable(String);com.android.internal.telephony.ApnSetting;0;0;0;1.0000;1681;86;13;1;0;0.9565;96;4;18
com.android.internal.telephony.cat.CommandParamsFactory.processGetInput(CommandDetails, List<ComprehensionTlv>);com.android.internal.telephony.cat.IconLoader;4;1;5;0.8947;576;21;15;1;0;0.9737;217;14;19
com.android.internal.telephony.gsm.GsmDataConnectionTracker.onRecordsLoaded();com.android.internal.telephony.PhoneBase;2;4;0;0.9570;1681;86;13;0;1;0.9942;621;139;66
com.android.internal.telephony.RIL.getSignalStrength(Message);com.android.internal.telephony.RILRequest;1;3;1;0.9891;2610;171;27;2;1;0.8182;68;5;12
com.android.internal.telephony.Call.getLatestConnection();com.android.internal.telephony.Connection;0;1;0;0.9500;117;16;4;1;0;0.9667;60;24;6
com.android.internal.telephony.gsm.GsmDataConnectionTracker.getPreferredApn();com.android.internal.telephony.PhoneBase;3;1;2;0.9792;1681;86;13;0;1;0.9943;621;139;66
com.android.internal.telephony.gsm.GSMPhone.updateCurrentCarrierInProvider();android.provider.Telephony.Carriers;1;0;1;1.0000;1009;105;19;0;2;1.0000;0;0;25
com.android.internal.telephony.CallManager.getMute();com.android.internal.telephony.Phone;0;4;0;0.9677;775;95;53;1;0;0.9948;176;176;73
com.android.internal.telephony.PhoneProxy.getState();com.android.internal.telephony.Phone;0;0;1;0.9947;669;181;14;1;0;0.9947;176;176;73
com.android.internal.telephony.gsm.GsmDataConnectionTracker.createApnList(Cursor);android.provider.Telephony.Carriers;1;2;0;0.9778;1681;86;13;0;16;1.0000;0;0;25
com.android.internal.telephony.uicc.SIMRecords.getSpnFsm(boolean, AsyncResult);com.android.internal.telephony.uicc.IccUtils;0;0;0;0;0;0;0;0;0;0;0;0;0
com.android.internal.telephony.CallManager.getFirstActiveRingingCall();com.android.internal.telephony.Phone;0;1;2;0.9756;775;95;53;1;0;0.9948;176;176;73
com.android.internal.telephony.gsm.GsmServiceStateTracker.handleMessage(Message);com.android.internal.telephony.PhoneBase;1;9;8;0.8171;1025;35;46;1;2;0.9846;621;139;66
com.android.internal.telephony.uicc.RuimFileHandler.loadEFImgTransparent(int, int, int, int, Message);com.android.internal.telephony.CommandsInterface;0;0;0;1.0000;27;4;1;1;0;0.9954;216;214;44
com.android.internal.telephony.test.SimulatedGsmCallState.triggerHangupBackground();com.android.internal.telephony.test.CallInfo;1;0;1;0.9583;452;20;6;0;1;0.9286;54;7;7
com.android.internal.telephony.gsm.GsmConnection.disconnectCauseFromCode(int);com.android.internal.telephony.gsm.CallFailCause;6;0;1;0.9839;433;31;29;0;13;1.0000;0;0;16
android.telephony.SmsMessage.isMwiDontStore();com.android.internal.telephony.SmsMessageBase;0;0;1;0.9643;230;37;14;1;0;0.9706;80;16;18
com.android.internal.telephony.CallSetupException.DcInactiveState.processMessage(Message);com.android.internal.telephony.DataConnectionAc;2;0;0;1.0000;67;5;3;0;2;1.0000;270;41;35
com.android.internal.telephony.cat.CommandParamsFactory.processBIPClient(CommandDetails, List<ComprehensionTlv>);com.android.internal.telephony.cat.ValueParser;4;1;5;0.8710;576;21;15;2;0;1.0000;195;10;0
com.android.internal.telephony.cdma.CdmaLteServiceStateTracker.pollStateDone();com.android.internal.telephony.uicc.IccRecords;4;3;4;0.8704;369;12;5;0;1;0.9903;160;33;36
com.android.internal.telephony.RIL.getBasebandVersion(Message);com.android.internal.telephony.RILRequest;1;3;1;0.9891;2610;171;27;2;1;0.8182;68;5;12
com.android.internal.telephony.cdma.CdmaCallTracker.separate(CdmaConnection);com.android.internal.telephony.cdma.CdmaConnection;1;1;1;0.9855;707;48;22;1;1;0.9667;566;40;27
com.android.internal.telephony.uicc.IccCardProxy.setIccFdnEnabled(boolean, String, Message);com.android.internal.telephony.uicc.UiccCardApplication;0;0;2;0.9649;507;40;28;1;0;0.9844;388;38;29
com.android.internal.telephony.cat.CatService.encodeOptionalTags(CommandDetails, ResultCode, Input, ByteArrayOutputStream);com.android.internal.telephony.cat.CommandDetails;4;2;0;0.9231;491;19;26;0;2;0.8571;26;5;5
com.android.internal.telephony.cdma.CdmaCall.hangup();com.android.internal.telephony.cdma.CdmaCallTracker;0;0;1;0.9375;100;14;3;1;0;0.9851;707;48;22
com.android.internal.telephony.RIL.setGsmBroadcastConfig(SmsBroadcastConfigInfo[], Message);com.android.internal.telephony.gsm.SmsBroadcastConfigInfo;2;3;1;0.9895;2610;171;27;1;5;0.5000;40;1;5
com.android.internal.telephony.test.SimulatedGsmCallState.getDriverCalls();com.android.internal.telephony.test.CallInfo;0;0;1;0.9583;452;20;6;1;0;0.9286;54;7;7
com.android.internal.telephony.IccSmsInterfaceManager.sendData(String, String, int, byte[], PendingIntent, PendingIntent);com.android.internal.telephony.SMSDispatcher;1;1;2;0.7857;63;9;3;1;0;0.9815;605;33;46
com.android.internal.telephony.cdma.sms.BearerData.decode(byte[], int);com.android.internal.telephony.cdma.sms.UserData;1;23;22;0.9487;1209;66;114;0;2;0.9091;23;2;31
com.android.internal.telephony.cdma.sms.BearerData.encodeCallbackNumber(BearerData, BitwiseOutputStream);com.android.internal.telephony.cdma.sms.CdmaSmsAddress;2;1;1;0.9767;1209;66;114;0;4;0.6667;84;5;23
com.android.internal.telephony.gsm.GSMPhone.setCallForwardingOption(int, int, String, int, Message);com.android.internal.telephony.CommandsInterface;1;3;0;0.9752;1009;105;19;1;1;0.9954;216;214;44
com.android.internal.telephony.gsm.GsmConnection.processNextPostDialChar();com.android.internal.telephony.gsm.GsmCallTracker;2;2;6;0.8727;433;31;29;0;1;0.9841;563;41;17
com.android.internal.telephony.cdma.CdmaSMSDispatcher.resultToCause(int);com.android.internal.telephony.CommandsInterface;2;0;0;1.0000;229;15;5;0;3;1.0000;216;214;44
com.android.internal.telephony.cdma.CdmaServiceStateTracker.handleMessage(Message);com.android.internal.telephony.Phone;2;13;8;0.7900;1091;45;44;0;2;1.0000;176;176;73
com.android.internal.telephony.gsm.GsmMmiCode.isShortCode(String, GSMPhone);com.android.internal.telephony.PhoneBase;1;1;0;1.0000;840;42;63;0;1;0.9940;621;139;66
com.android.internal.telephony.PhoneSubInfo.getIsimImpi();com.android.internal.telephony.uicc.IsimRecords;0;0;3;0.9000;98;16;6;1;0;0.8333;3;3;0
com.android.internal.telephony.gsm.GsmSMSDispatcher.handleStatusReport(AsyncResult);com.android.internal.telephony.SMSDispatcher.SmsTracker;6;1;0;0.9500;242;13;6;0;2;0.8571;12;1;7
com.android.internal.telephony.cat.BerTlv.decode(byte[]);com.android.internal.telephony.cat.ComprehensionTlv;1;0;2;1.0000;51;1;6;1;0;1.0000;97;2;6
com.android.internal.telephony.RIL.responseCallList(Parcel);com.android.internal.telephony.DriverCall;3;2;2;0.9851;2610;171;27;2;13;0.5000;75;5;15
com.android.internal.telephony.gsm.GsmCallTracker.explicitCallTransfer();com.android.internal.telephony.CommandsInterface;0;1;0;0.9818;563;41;17;1;0;0.9954;216;214;44
com.android.internal.telephony.gsm.GSMPhone.getDataActivityState();com.android.internal.telephony.DataConnectionTracker;3;0;1;0.9919;1009;105;19;0;1;0.9921;907;78;74
com.android.internal.telephony.gsm.GsmConnection.disconnectCauseFromCode(int);com.android.internal.telephony.gsm.GsmCallTracker;6;0;1;0.9839;433;31;29;0;1;0.9844;563;41;17
com.android.internal.telephony.PhoneBase.queryAvailableBandMode(Message);com.android.internal.telephony.CommandsInterface;0;0;1;0.9940;621;139;66;1;0;0.9954;216;214;44
com.android.internal.telephony.PhoneBase.registerForDisplayInfo(Handler, int, Object);com.android.internal.telephony.CommandsInterface;0;0;1;0.9940;621;139;66;1;0;0.9954;216;214;44
com.android.internal.telephony.CallManager.dial(Phone, String, UUSInfo);com.android.internal.telephony.Phone;0;0;0;1.0000;775;95;53;1;0;0.9947;176;176;73
com.android.internal.telephony.gsm.GsmDataConnectionTracker.trySetupData(ApnContext);com.android.internal.telephony.ApnContext;3;7;0;0.9327;1681;86;13;1;4;0.8958;143;19;13
com.android.internal.telephony.PhoneBase.registerForRedirectedNumberInfo(Handler, int, Object);com.android.internal.telephony.CommandsInterface;0;0;1;0.9940;621;139;66;1;0;0.9954;216;214;44
com.android.internal.telephony.CallSetupException.DcDefaultState.enter();com.android.internal.telephony.PhoneBase;2;0;0;1.0000;169;3;0;0;1;0.9941;621;139;66
com.android.internal.telephony.cdma.CdmaConnection.parentFromDCState(DriverCall.State);com.android.internal.telephony.cdma.CdmaCallTracker;1;0;1;0.9831;566;40;27;0;3;0.9552;707;48;22
com.android.internal.telephony.sip.SipPhone.SipConnection.hangup();com.android.internal.telephony.Phone;1;1;3;0.8462;125;15;7;1;0;0.9948;176;176;73
com.android.internal.telephony.gsm.GsmMmiCode.onSetComplete(AsyncResult);com.android.internal.telephony.gsm.GSMPhone;3;6;9;0.7708;840;42;63;2;0;0.9850;1009;105;19
android.telephony.SmsMessage.getServiceCenterAddress();com.android.internal.telephony.SmsMessageBase;1;0;1;0.9643;230;37;14;0;1;0.9706;80;16;18
com.android.internal.telephony.gsm.GsmDataConnectionTracker.getActiveApnTypes();com.android.internal.telephony.ApnContext;1;1;0;0.9892;1681;86;13;1;1;0.9412;143;19;13
com.android.internal.telephony.cdma.SmsMessage.parsePduFromEfRecord(byte[]);com.android.internal.telephony.cdma.sms.CdmaSmsAddress;4;2;11;0.9333;551;31;16;1;8;0.8077;84;5;23
com.android.internal.telephony.gsm.GsmMmiCode.processCode();com.android.internal.telephony.CommandsInterface;3;15;28;0.6452;840;42;63;14;11;0.9419;216;214;44
com.android.internal.telephony.cdma.CDMAPhone.handleMessage(Message);com.android.internal.telephony.cdma.CdmaSubscriptionSourceManager;0;8;8;0.9073;967;126;45;1;0;0.9688;82;10;15
com.android.internal.telephony.uicc.UiccCard.update(Context, CommandsInterface, IccCardStatus);com.android.internal.telephony.uicc.IccCardStatus;1;3;17;0.5641;187;15;18;0;6;0.8333;72;7;9
com.android.internal.telephony.PhoneSubInfoProxy.getIsimImpi();com.android.internal.telephony.PhoneSubInfo;0;0;1;0.9375;51;14;1;1;0;0.9500;98;16;6
com.android.internal.telephony.gsm.GsmCallTracker.canDial();com.android.internal.telephony.Call;1;0;5;0.9107;563;41;17;1;1;0.9231;117;16;4
com.android.internal.telephony.cdma.CDMAPhone.init(Context, PhoneNotifier);com.android.internal.telephony.cdma.EriManager;1;4;12;0.9125;967;126;45;0;1;1.0000;235;13;11
com.android.internal.telephony.RIL.iccIOForApp(int, int, String, int, int, int, String, String, String, Message);com.android.internal.telephony.RILRequest;1;3;1;0.9892;2610;171;27;2;2;0.7273;68;5;12
com.android.internal.telephony.SMSDispatcher.SettingsObserver.onChange(boolean);com.android.internal.telephony.SMSDispatcher;1;0;2;0.3333;9;1;2;0;1;1.0000;605;33;46
com.android.internal.telephony.cdma.sms.BearerData.encode(BearerData);com.android.internal.telephony.cdma.sms.UserData;1;13;30;0.5897;1209;66;114;0;1;0.9600;23;2;31
com.android.internal.telephony.cat.CommandParamsFactory.processCommandDetails(List<ComprehensionTlv>);com.android.internal.telephony.cat.CatLog;0;1;0;0.9583;576;21;15;1;0;1.0000;13;2;1
com.android.internal.telephony.RIL.setCallWaiting(boolean, int, Message);com.android.internal.telephony.RILRequest;1;3;1;0.9892;2610;171;27;2;2;0.7273;68;5;12
com.android.internal.telephony.gsm.GSMPhone.onMMIDone(GsmMmiCode);com.android.internal.telephony.gsm.GsmMmiCode;1;0;1;0.9917;1009;105;19;0;1;0.9787;840;42;63
com.android.internal.telephony.uicc.IccCardProxy.getIccLockEnabled();com.android.internal.telephony.uicc.UiccCardApplication;1;0;2;0.9649;507;40;28;0;1;0.9844;388;38;29
com.android.internal.telephony.IccPhoneBookInterfaceManager.updateEfForIccType(int);com.android.internal.telephony.uicc.IccConstants;1;0;1;0.9500;98;12;12;0;2;1.0000;0;0;51
com.android.internal.telephony.uicc.SIMRecords.handleMessage(Message);com.android.internal.telephony.uicc.IccConstants;4;13;40;0.7200;909;32;58;0;5;1.0000;0;0;51
com.android.internal.telephony.uicc.SIMRecords.handleSimRefresh(IccRefreshResponse);com.android.internal.telephony.uicc.UiccCardApplication;1;3;1;0.9464;909;32;58;1;0;0.9863;388;38;29
com.android.internal.telephony.gsm.GsmDataConnectionTracker.isDataAllowed(ApnContext);com.android.internal.telephony.ApnContext;0;1;0;0.9890;1681;86;13;1;0;0.9697;143;19;13
com.android.internal.telephony.cdma.CDMAPhone.updateCurrentCarrierInProvider(String);com.android.internal.telephony.MccTable;1;1;1;0.9932;967;126;45;1;0;1.0000;160;10;2
android.telephony.SmsMessage.isMWIClearMessage();com.android.internal.telephony.SmsMessageBase;0;0;1;0.9643;230;37;14;1;0;0.9706;80;16;18
com.android.internal.telephony.test.ModelInterpreter.triggerHangupForeground();com.android.internal.telephony.test.SimulatedGsmCallState;0;1;1;0.9545;319;33;14;1;0;0.9615;452;20;6
com.android.internal.telephony.CallManager.getFirstActiveBgCall();com.android.internal.telephony.Phone;0;1;2;0.9756;775;95;53;1;0;0.9948;176;176;73
com.android.internal.telephony.gsm.GsmSMSDispatcher.sendNewSubmitPdu(String, String, String, SmsHeader, int, PendingIntent, PendingIntent, boolean);com.android.internal.telephony.SmsMessageBase.SubmitPduBase;2;0;1;1.0000;242;13;6;0;2;0.6667;3;1;2
com.android.internal.telephony.gsm.GsmDataConnectionTracker.onRadioOffOrNotAvailable();com.android.internal.telephony.PhoneBase;2;3;1;0.9570;1681;86;13;0;1;0.9942;621;139;66
android.telephony.gsm.SmsMessage.isMwiDontStore();com.android.internal.telephony.SmsMessageBase;0;0;1;0.9655;159;34;12;1;0;0.9706;80;16;18
com.android.internal.telephony.cdma.CDMALTEPhone.getSubscriberId();com.android.internal.telephony.uicc.SIMRecords;1;0;1;0.9474;169;15;5;0;1;1.0000;909;32;58
com.android.internal.telephony.gsm.GsmDataConnectionTracker.notifyNoData(GsmDataConnection.FailCause, ApnContext);com.android.internal.telephony.PhoneBase;1;1;0;0.9894;1681;86;13;1;0;0.9942;621;139;66
com.android.internal.telephony.cat.RilMessageDecoder.decodeMessageParams(RilMessage);com.android.internal.telephony.uicc.IccUtils;0;0;0;0;0;0;0;0;0;0;0;0;0
com.android.internal.telephony.cdma.CdmaCallTracker.handleCallWaitingInfo(CdmaCallWaitingNotification);com.android.internal.telephony.Call;3;2;3;0.9265;707;48;22;0;1;0.9630;117;16;4
com.android.internal.telephony.CallManager.getBgPhone();com.android.internal.telephony.Call;0;1;0;0.9919;775;95;53;1;0;0.9524;117;16;4
com.android.internal.telephony.PhoneBase.registerForNumberInfo(Handler, int, Object);com.android.internal.telephony.CommandsInterface;0;0;1;0.9940;621;139;66;1;0;0.9954;216;214;44
com.android.internal.telephony.CallSetupException.tearDownData(Object);com.android.internal.telephony.CommandsInterface;2;1;3;0.9434;293;31;34;2;0;0.9909;216;214;44
com.android.internal.telephony.gsm.GsmConnection.isConnectingInOrOut();com.android.internal.telephony.Call;2;0;2;0.9630;433;31;29;0;1;0.9565;117;16;4
com.android.internal.telephony.cdma.CDMAPhone.getDataRoamingEnabled();com.android.internal.telephony.DataConnectionTracker;0;0;0;1.0000;967;126;45;1;0;0.9919;907;78;74
android.telephony.CellBroadcastMessage.isEtwsMessage();android.telephony.SmsCbMessage;0;0;1;0.9600;230;20;5;1;0;0.9474;102;6;22
com.android.internal.telephony.cdma.CdmaCallTracker.handlePollCalls(AsyncResult);com.android.internal.telephony.cdma.CDMAPhone;6;7;12;0.8140;707;48;22;3;1;0.9834;967;126;45
com.android.internal.telephony.RIL.dump(FileDescriptor, PrintWriter, String[]);com.android.internal.telephony.RILRequest;1;1;12;0.9348;2610;171;27;0;2;0.9048;68;5;12
com.android.internal.telephony.sip.SipPhone.SipConnection.hangup();com.android.internal.telephony.sip.SipPhone.SipAudioCallAdapter;1;1;3;0.8462;125;15;7;1;0;0.9091;42;5;0
com.android.internal.telephony.gsm.GSMPhone.handleCallWaitingIncallSupplementaryService(String);com.android.internal.telephony.gsm.GsmCallTracker;3;2;3;0.9758;1009;105;19;3;1;0.9492;563;41;17
com.android.internal.telephony.gsm.GsmDataConnectionTracker.restartRadio();com.android.internal.telephony.PhoneBase;1;2;0;0.9785;1681;86;13;1;0;0.9942;621;139;66
com.android.internal.telephony.PhoneProxy.sendUssdResponse(String);com.android.internal.telephony.Phone;0;0;1;0.9947;669;181;14;1;0;0.9947;176;176;73
com.android.internal.telephony.gsm.GsmSMSDispatcher.resultToCause(int);com.android.internal.telephony.CommandsInterface;2;0;0;1.0000;242;13;6;0;2;1.0000;216;214;44
com.android.internal.telephony.RIL.setCdmaBroadcastConfig(int[], Message);com.android.internal.telephony.RILRequest;1;3;1;0.9892;2610;171;27;2;2;0.7273;68;5;12
com.android.internal.telephony.gsm.GSMPhone.setNetworkSelectionModeAutomatic(Message);com.android.internal.telephony.CommandsInterface;0;0;2;1.0000;1009;105;19;1;0;0.9954;216;214;44
com.android.internal.telephony.gsm.GsmDataConnectionTracker.cleanUpConnection(boolean, ApnContext);com.android.internal.telephony.DataConnectionAc;1;2;0;0.9811;1681;86;13;2;0;0.9661;270;41;35
com.android.internal.telephony.uicc.IccCardProxy.updateExternalState();com.android.internal.telephony.uicc.UiccCard;0;1;3;0.9322;507;40;28;1;0;0.9722;187;15;18
com.android.internal.telephony.gsm.GsmSMSDispatcher.dispatchMessage(SmsMessageBase);com.android.internal.telephony.CommandsInterface;6;0;3;0.9697;242;13;6;1;0;0.9957;216;214;44
com.android.internal.telephony.gsm.GSMPhone.getSubscriberId();com.android.internal.telephony.uicc.IccRecords;0;0;0;1.0000;1009;105;19;1;0;0.9836;160;33;36
com.android.internal.telephony.SMSDispatcher.handleSendComplete(AsyncResult);com.android.internal.telephony.CommandException;2;1;9;0.9298;605;33;46;0;1;0.9286;46;1;2
android.telephony.CellBroadcastMessage.createFromCursor(Cursor);android.provider.Telephony.CellBroadcasts;2;0;0;1.0000;230;20;5;0;19;1.0000;2;0;24
com.android.internal.telephony.CallSetupException.DcActiveState.enter();com.android.internal.telephony.CallSetupException;0;0;2;0.7143;62;4;2;2;0;0.9623;293;31;34
com.android.internal.telephony.cat.CommandParamsFactory.processSetUpIdleModeText(CommandDetails, List<ComprehensionTlv>);com.android.internal.telephony.cat.IconId;2;1;5;0.8621;576;21;15;0;2;0.8000;3;1;2
com.android.internal.telephony.test.ModelInterpreter.triggerHangupAll();com.android.internal.telephony.test.SimulatedGsmCallState;0;1;1;0.9545;319;33;14;1;0;0.9615;452;20;6
com.android.internal.telephony.gsm.GsmConnection.onDisconnect(DisconnectCause);com.android.internal.telephony.gsm.GSMPhone;1;1;9;0.8364;433;31;29;1;0;0.9924;1009;105;19
com.android.internal.telephony.gsm.GsmConnection.proceedAfterWildChar(String);com.android.internal.telephony.CommandsInterface;2;3;7;0.8545;433;31;29;1;0;0.9956;216;214;44
com.android.internal.telephony.sip.SipPhone.switchHoldingAndActive();com.android.internal.telephony.Call;1;0;4;0.9487;238;31;10;0;1;0.9600;117;16;4
com.android.internal.telephony.cdma.CdmaDataConnectionTracker.onVoiceCallEnded();com.android.internal.telephony.Phone;2;1;1;0.9688;612;49;13;0;1;1.0000;176;176;73
com.android.internal.telephony.cat.CatService.getPliResponse(ByteArrayOutputStream);com.android.internal.telephony.cat.ResponseData;0;0;0;1.0000;491;19;26;1;0;1.0000;7;2;0
com.android.internal.telephony.PhoneProxy.enableApnType(String);com.android.internal.telephony.Phone;0;0;1;0.9947;669;181;14;1;0;0.9947;176;176;73
com.android.internal.telephony.PhoneProxy.canConference();com.android.internal.telephony.Phone;0;0;1;0.9947;669;181;14;1;0;0.9947;176;176;73
com.android.internal.telephony.cat.IconLoader.handleMessage(Message);com.android.internal.telephony.cat.ImageDescriptor;1;6;8;0.5714;217;14;19;0;3;0.9412;27;1;9
com.android.internal.telephony.gsm.SmsMessage.isMWIClearMessage();com.android.internal.telephony.gsm.GsmSmsAddress;0;0;0;1.0000;446;23;12;1;0;0.8889;40;5;3
com.android.internal.telephony.gsm.GsmCallTracker.dial(String, int, UUSInfo);com.android.internal.telephony.gsm.GsmConnection;3;7;4;0.8226;563;41;17;0;2;0.9718;433;31;29
com.android.internal.telephony.cdma.SmsMessage.parseSms();com.android.internal.telephony.cdma.sms.BearerData;5;0;5;0.9333;551;31;16;1;10;0.8545;1209;66;114
com.android.internal.telephony.cdma.CdmaCallTracker.dial(String, int);com.android.internal.telephony.cdma.CDMAPhone;5;8;6;0.8182;707;48;22;3;1;0.9824;967;126;45
com.android.internal.telephony.cdma.CdmaCallTracker.hangup(CdmaConnection);com.android.internal.telephony.cdma.CdmaCall;3;3;5;0.9054;707;48;22;0;1;0.9677;100;14;3
com.android.internal.telephony.PhoneProxy.dial(String);com.android.internal.telephony.Phone;0;0;1;0.9947;669;181;14;1;0;0.9947;176;176;73
android.telephony.SmsMessage.isStatusReportMessage();com.android.internal.telephony.SmsMessageBase;0;0;1;0.9643;230;37;14;1;0;0.9706;80;16;18
com.android.internal.telephony.gsm.GsmDataConnectionTracker.dispose();com.android.internal.telephony.ServiceStateTracker;1;3;1;0.9636;1681;86;13;6;0;0.9326;270;42;77
com.android.internal.telephony.cdma.SmsMessage.getIncomingSmsFingerprint();com.android.internal.telephony.cdma.sms.CdmaSmsSubaddress;3;0;1;0.9655;551;31;16;0;1;0.8889;0;0;3
android.telephony.gsm.SmsManager.sendTextMessage(String, String, String, PendingIntent, PendingIntent);android.telephony.SmsManager;0;0;1;0.9000;33;9;11;1;0;0.9231;195;13;12
com.android.internal.telephony.uicc.IccCardProxy.updateIccAvailability();com.android.internal.telephony.uicc.UiccController;0;4;7;0.8333;507;40;28;1;0;0.9630;106;11;13
com.android.internal.telephony.sip.SipPhone.SipCall.hangup();com.android.internal.telephony.Connection;1;2;0;0.9286;214;24;0;1;0;0.9714;60;24;6
com.android.internal.telephony.gsm.GsmCall.isFull();com.android.internal.telephony.gsm.GsmCallTracker;1;0;1;0.9286;97;14;2;0;1;1.0000;563;41;17
com.android.internal.telephony.sip.SipPhone.SipCall.getMute();com.android.internal.telephony.sip.SipPhone.SipConnection;0;0;0;1.0000;214;24;0;1;0;0.9600;125;15;7
com.android.internal.telephony.uicc.UiccCard.getApplication(int);com.android.internal.telephony.uicc.UiccController;2;0;5;0.8276;187;15;18;0;3;1.0000;106;11;13
com.android.internal.telephony.cdma.CdmaCallTracker.clearDisconnected();com.android.internal.telephony.cdma.CDMAPhone;0;2;1;0.9545;707;48;22;1;0;0.9933;967;126;45
com.android.internal.telephony.cat.CatService.handleCmdResponse(CatResponseMessage);com.android.internal.telephony.cat.CatCmdMessage;5;3;2;0.8571;491;19;26;0;1;0.9643;111;3;8
com.android.internal.telephony.cdma.CdmaSubscriptionSourceManager.dispose(Handler);com.android.internal.telephony.CommandsInterface;0;0;5;0.8667;82;10;15;2;0;0.9908;216;214;44
com.android.internal.telephony.RIL.processUnsolicited(Parcel);android.telephony.SmsMessage;1;25;4;0.8791;2610;171;27;1;0;1.0000;230;37;14
com.android.internal.telephony.CallSetupException.DcInactiveState.enter();com.android.internal.telephony.CallSetupException;1;0;3;0.7500;67;5;3;4;1;0.9074;293;31;34
com.android.internal.telephony.RIL.hangupConnection(int, Message);com.android.internal.telephony.RILRequest;1;3;1;0.9892;2610;171;27;2;2;0.7273;68;5;12
com.android.internal.telephony.RIL.supplyIccPin2ForApp(String, String, Message);com.android.internal.telephony.RILRequest;1;3;1;0.9892;2610;171;27;2;2;0.7273;68;5;12
com.android.internal.telephony.DataConnectionTracker.onSetPolicyDataEnabled(boolean);com.android.internal.telephony.Phone;1;4;2;0.9587;907;78;74;0;2;1.0000;176;176;73
com.android.internal.telephony.cdma.CdmaConnection.MyHandler.handleMessage(Message);com.android.internal.telephony.cdma.CdmaConnection;1;0;0;1.0000;15;1;0;2;4;0.9649;566;40;27
com.android.internal.telephony.cdma.CDMAPhone.dispose();com.android.internal.telephony.PhoneSubInfo;1;2;9;0.9329;967;126;45;1;0;0.9787;98;16;6
com.android.internal.telephony.CallSetupException.DcActivatingState.processMessage(Message);com.android.internal.telephony.CallSetupException.DcActiveState;2;0;0;1.0000;72;1;0;1;0;0.9444;62;4;2
com.android.internal.telephony.gsm.GsmSMSDispatcher.dispatchMessage(SmsMessageBase);com.android.internal.telephony.gsm.SmsMessage;6;0;3;0.9697;242;13;6;5;1;0.8333;446;23;12
com.android.internal.telephony.cdma.CdmaConnection.update(DriverCall);com.android.internal.telephony.DriverCall;2;5;3;0.8939;566;40;27;0;5;0.8276;75;5;15
com.android.internal.telephony.gsm.SmsMessage.getSubmitPdu(String, String, String, boolean, byte[], int, int, int);com.android.internal.telephony.SmsHeader;2;3;1;1.0000;446;23;12;2;2;0.7500;156;3;38
com.android.internal.telephony.uicc.IccCardProxy.supplyPin2(String, Message);com.android.internal.telephony.uicc.UiccCardApplication;0;0;2;0.9649;507;40;28;1;0;0.9844;388;38;29
com.android.internal.telephony.DataConnectionTracker.fetchDunApn();com.android.internal.telephony.PhoneBase;1;1;2;0.9836;907;78;74;0;1;0.9941;621;139;66
com.android.internal.telephony.gsm.GSMPhone.setOutgoingCallerIdDisplay(int, Message);com.android.internal.telephony.CommandsInterface;0;0;0;1.0000;1009;105;19;1;0;0.9954;216;214;44
com.android.internal.telephony.cdma.CDMAPhone.init(Context, PhoneNotifier);com.android.internal.telephony.CommandsInterface;1;4;12;0.9125;967;126;45;7;0;0.9703;216;214;44
com.android.internal.telephony.cdma.CDMAPhone.init(Context, PhoneNotifier);com.android.internal.telephony.ServiceStateTracker;1;4;12;0.9125;967;126;45;1;0;0.9898;270;42;77
com.android.internal.telephony.cat.CatService.getInstance(CommandsInterface, Context, UiccCard);com.android.internal.telephony.uicc.UiccCard;0;0;6;1.0000;491;19;26;1;0;0.9722;187;15;18
com.android.internal.telephony.gsm.GsmDataConnectionTracker.buildWaitingApns(String);com.android.internal.telephony.uicc.IccRecords;2;3;1;0.9608;1681;86;13;1;0;0.9867;160;33;36
com.android.internal.telephony.PhoneProxy.getMsisdn();com.android.internal.telephony.Phone;0;0;1;0.9947;669;181;14;1;0;0.9947;176;176;73
com.android.internal.telephony.gsm.GsmSMSDispatcher.dispatchMessage(SmsMessageBase);com.android.internal.telephony.SmsStorageMonitor;6;0;3;0.9697;242;13;6;0;1;0.9667;53;4;11
com.android.internal.telephony.cat.ValueParser.retrieveCommandDetails(ComprehensionTlv);com.android.internal.telephony.cat.CommandDetails;2;0;0;1.0000;195;10;0;0;4;0.7143;26;5;5
com.android.internal.telephony.cdma.CdmaSMSDispatcher.dispatchMessage(SmsMessageBase);com.android.internal.telephony.SmsStorageMonitor;5;3;3;0.8611;229;15;5;0;1;0.9706;53;4;11
android.telephony.SmsMessage.getSubmitPdu(String, String, short, byte[], boolean);com.android.internal.telephony.gsm.SmsMessage;0;0;0;1.0000;230;37;14;1;0;1.0000;446;23;12
com.android.internal.telephony.cdma.CDMALTEPhone.onUpdateIccAvailability();com.android.internal.telephony.uicc.UiccController;1;1;2;0.8750;169;15;5;1;2;0.9545;106;11;13
com.android.internal.telephony.cdma.CdmaCallTracker.updatePhoneState();com.android.internal.telephony.cdma.CDMAPhone;1;1;8;0.8676;707;48;22;1;0;0.9937;967;126;45
com.android.internal.telephony.cdma.CDMAPhone.getLine1Number();com.android.internal.telephony.cdma.CdmaServiceStateTracker;1;0;1;0.9932;967;126;45;0;1;0.9884;1091;45;44
com.android.internal.telephony.uicc.SIMRecords.handleFileUpdate(int);com.android.internal.telephony.uicc.AdnRecordLoader;1;2;3;0.9630;909;32;58;1;0;0.9545;117;4;15
com.android.internal.telephony.gsm.GsmDataConnectionTracker.onDataSetupComplete(AsyncResult);com.android.internal.telephony.PhoneBase;4;6;1;0.9364;1681;86;13;1;1;0.9896;621;139;66
com.android.internal.telephony.gsm.GsmDataConnectionTracker.setupDataOnReadyApns(String);com.android.internal.telephony.DataConnectionAc;2;3;0;0.9700;1681;86;13;2;1;0.9434;270;41;35
com.android.internal.telephony.gsm.UsimPhoneBookManager.PbrFile.parseTag(SimTlv, int);com.android.internal.telephony.gsm.SimTlv;1;1;1;0.6667;62;2;1;3;0;0.7857;51;4;7
com.android.internal.telephony.uicc.SIMRecords.fetchSimRecords();com.android.internal.telephony.uicc.UiccCardApplication;2;2;18;0.9661;909;32;58;1;0;0.9867;388;38;29
com.android.internal.telephony.DebugService.dump(FileDescriptor, PrintWriter, String[]);com.android.internal.telephony.PhoneProxy;2;1;0;1.0000;69;2;1;0;1;0.9949;669;181;14
com.android.internal.telephony.cdma.CdmaDataConnectionTracker.onVoiceCallEnded();com.android.internal.telephony.cdma.CDMAPhone;2;1;1;0.9688;612;49;13;0;1;0.9936;967;126;45
android.telephony.SmsMessage.newFromParcel(Parcel);com.android.internal.telephony.cdma.SmsMessage;0;0;0;1.0000;230;37;14;1;0;1.0000;551;31;16
com.android.internal.telephony.CallManager.dial(Phone, String);com.android.internal.telephony.Phone;0;5;3;0.9688;775;95;53;3;0;0.9846;176;176;73
com.android.internal.telephony.cat.CommandParamsFactory.searchForNextTag(ComprehensionTlvTag, Iterator<ComprehensionTlv>);com.android.internal.telephony.cat.ComprehensionTlv;1;0;0;1.0000;576;21;15;0;1;0.8333;97;2;6
com.android.internal.telephony.sip.SipPhoneBase.isInCall();com.android.internal.telephony.Call;1;3;0;0.9659;288;86;3;0;1;0.9565;117;16;4
com.android.internal.telephony.RIL.getPreferredVoicePrivacy(Message);com.android.internal.telephony.RILRequest;0;1;0;0.9945;2610;171;27;1;0;1.0000;68;5;12
com.android.internal.telephony.RIL.cancelPendingUssd(Message);com.android.internal.telephony.RILRequest;1;3;1;0.9891;2610;171;27;2;1;0.8182;68;5;12
com.android.internal.telephony.cdma.sms.BearerData.decodeCallbackNumber(BearerData, BitwiseInputStream);com.android.internal.telephony.cdma.sms.CdmaSmsAddress;2;1;1;0.9767;1209;66;114;0;4;0.6667;84;5;23
com.android.internal.telephony.uicc.IccCardProxy.hasIccCard();com.android.internal.telephony.uicc.UiccCard;0;0;2;0.9649;507;40;28;1;0;0.9688;187;15;18
com.android.internal.telephony.gsm.GsmCallTracker.dial(String, int, UUSInfo);com.android.internal.telephony.Call;3;7;4;0.8226;563;41;17;0;1;0.9744;117;16;4
com.android.internal.telephony.WapPushOverSms.dispatchWapPdu(byte[]);com.android.internal.telephony.WapPushManagerParams;4;0;4;0.8235;100;1;7;0;2;1.0000;0;0;8
com.android.internal.telephony.gsm.GSMPhone.unregisterForSuppServiceNotification(Handler);com.android.internal.telephony.CommandsInterface;0;0;1;0.9917;1009;105;19;1;0;0.9954;216;214;44
com.android.internal.telephony.cat.CommandParamsFactory.make(BerTlv);com.android.internal.telephony.cat.CommandDetails;4;14;3;0.4286;576;21;15;0;1;0.9667;26;5;5
com.android.internal.telephony.cdma.CdmaMmiCode.handlePasswordError(int);com.android.internal.telephony.cdma.CDMAPhone;1;1;4;0.7917;143;12;25;1;0;0.9935;967;126;45
com.android.internal.telephony.ServiceStateTracker.dispose();com.android.internal.telephony.CommandsInterface;0;0;1;0.9859;270;42;77;1;0;0.9954;216;214;44
com.android.internal.telephony.gsm.GsmDataConnectionTracker.getActiveApnString(String);com.android.internal.telephony.ApnSetting;2;1;0;0.9892;1681;86;13;0;1;0.9583;96;4;18
com.android.internal.telephony.cdma.CdmaServiceStateTracker.handleMessage(Message);com.android.internal.telephony.uicc.IccRecords;2;13;8;0.7900;1091;45;44;1;0;0.9896;160;33;36
com.android.internal.telephony.RIL.setCdmaRoamingPreference(int, Message);com.android.internal.telephony.RILRequest;1;3;1;0.9892;2610;171;27;2;2;0.7273;68;5;12
com.android.internal.telephony.gsm.GsmDataConnectionTracker.isDataPossible(String);com.android.internal.telephony.ApnContext;1;2;0;0.9785;1681;86;13;1;1;0.9429;143;19;13
com.android.internal.telephony.gsm.GSMPhone.isInCall();com.android.internal.telephony.Call;1;3;0;0.9750;1009;105;19;0;1;0.9565;117;16;4
com.android.internal.telephony.cdma.CdmaSMSDispatcher.sendSubmitPdu(SmsMessage.SubmitPdu, PendingIntent, PendingIntent, String);android.telephony.SmsManager;2;0;1;1.0000;229;15;5;0;1;1.0000;195;13;12
com.android.internal.telephony.gsm.GsmMmiCode.processCode();com.android.internal.telephony.uicc.UiccCardApplication;3;15;28;0.6452;840;42;63;1;0;0.9901;388;38;29
com.android.internal.telephony.gsm.GsmDataConnectionTracker.onActionIntentReconnectAlarm(Intent);com.android.internal.telephony.ApnContext;1;1;2;0.9899;1681;86;13;4;1;0.8649;143;19;13
com.android.internal.telephony.gsm.GSMPhone.getCallForwardingOption(int, Message);com.android.internal.telephony.CommandsInterface;0;1;2;0.9917;1009;105;19;1;0;0.9954;216;214;44
com.android.internal.telephony.gsm.GsmDataConnectionTracker.onDisconnectDone(int, AsyncResult);com.android.internal.telephony.ApnContext;1;5;0;0.9500;1681;86;13;3;3;0.8537;143;19;13
com.android.internal.telephony.cdma.CdmaConnection.disconnectCauseFromCode(int);com.android.internal.telephony.cdma.CdmaCallTracker;5;0;1;0.9839;566;40;27;0;1;0.9861;707;48;22
com.android.internal.telephony.PhoneProxy.getRingingCall();com.android.internal.telephony.Phone;0;0;1;0.9947;669;181;14;1;0;0.9947;176;176;73
com.android.internal.telephony.RIL.writeSmsToRuim(int, String, Message);com.android.internal.telephony.RILRequest;1;4;1;0.9838;2610;171;27;2;2;0.7500;68;5;12
com.android.internal.telephony.gsm.SmsMessage.getSubmitPdu(String, String, int, byte[], boolean);com.android.internal.telephony.SmsHeader;3;1;1;1.0000;446;23;12;1;1;0.9091;156;3;38
com.android.internal.telephony.RIL.processSolicited(Parcel);com.android.internal.telephony.RILRequest;1;22;3;0.8836;2610;171;27;3;2;0.8485;68;5;12
com.android.internal.telephony.cdma.CDMAPhone.getState();com.android.internal.telephony.cdma.CdmaCallTracker;1;0;1;0.9932;967;126;45;0;1;0.9851;707;48;22
com.android.internal.telephony.RIL.getGsmBroadcastConfig(Message);com.android.internal.telephony.RILRequest;1;3;1;0.9891;2610;171;27;2;1;0.8182;68;5;12
com.android.internal.telephony.RIL.setSuppServiceNotifications(boolean, Message);com.android.internal.telephony.RILRequest;1;3;1;0.9892;2610;171;27;2;2;0.7273;68;5;12
com.android.internal.telephony.cat.CommandParamsFactory.processPlayTone(CommandDetails, List<ComprehensionTlv>);com.android.internal.telephony.cat.IconId;4;1;5;0.8824;576;21;15;0;2;0.8667;3;1;2
com.android.internal.telephony.PhoneProxy.unregisterForT53ClirInfo(Handler);com.android.internal.telephony.Phone;0;0;1;0.9947;669;181;14;1;0;0.9947;176;176;73
com.android.internal.telephony.uicc.IccFileHandler.loadEFImgLinearFixed(int, Message);com.android.internal.telephony.CommandsInterface;1;1;6;0.8500;262;16;42;1;0;0.9954;216;214;44
com.android.internal.telephony.cat.CommandParamsFactory.processSelectItem(CommandDetails, List<ComprehensionTlv>);com.android.internal.telephony.cat.IconLoader;4;2;7;0.8718;576;21;15;2;0;0.9487;217;14;19
com.android.internal.telephony.cat.CommandParamsFactory.processDisplayText(CommandDetails, List<ComprehensionTlv>);com.android.internal.telephony.cat.IconLoader;3;1;5;0.8824;576;21;15;1;0;0.9706;217;14;19
com.android.internal.telephony.gsm.GsmMmiCode.cancel();com.android.internal.telephony.MmiCode;2;0;4;0.9375;840;42;63;0;1;0.9167;5;5;1
com.android.internal.telephony.CallManager.getActiveFgCall();com.android.internal.telephony.Phone;0;1;2;0.9756;775;95;53;1;0;0.9948;176;176;73
com.android.internal.telephony.gsm.GsmCallTracker.canConference();com.android.internal.telephony.Call;1;0;2;0.9636;563;41;17;0;1;0.9565;117;16;4
android.telephony.SmsMessage.calculateLength(CharSequence, boolean);com.android.internal.telephony.cdma.SmsMessage;0;0;0;1.0000;230;37;14;1;0;1.0000;551;31;16
com.android.internal.telephony.IccPhoneBookInterfaceManager.updateAdnRecordsInEfByIndex(int, String, String, int, String);com.android.internal.telephony.uicc.AdnRecordCache;1;3;7;0.6190;98;12;12;1;0;0.9615;190;11;7
com.android.internal.telephony.gsm.GsmMmiCode.onQueryCfComplete(AsyncResult);com.android.internal.telephony.CallForwardInfo;2;3;5;0.8333;840;42;63;0;1;0.9444;3;1;6
com.android.internal.telephony.cdma.CDMAPhone.startDtmf(char);com.android.internal.telephony.CommandsInterface;0;0;1;1.0000;967;126;45;1;0;0.9954;216;214;44
com.android.internal.telephony.gsm.GsmCallTracker.canDial();com.android.internal.telephony.gsm.GSMPhone;1;0;5;0.9107;563;41;17;1;0;0.9921;1009;105;19
com.android.internal.telephony.gsm.GsmDataConnectionTracker.onEnableApn(int, int);com.android.internal.telephony.ApnContext;0;3;0;0.9677;1681;86;13;1;0;0.9730;143;19;13
com.android.internal.telephony.cat.ValueParser.retrieveDeviceIdentities(ComprehensionTlv);com.android.internal.telephony.cat.ComprehensionTlv;2;0;0;1.0000;195;10;0;0;2;0.7500;97;2;6
com.android.internal.telephony.RIL.getDataCallState(Parcel, int);com.android.internal.telephony.DataCallState;1;0;0;1.0000;2610;171;27;0;10;0.4118;157;3;14
com.android.internal.telephony.cdma.CDMALTEPhone.onUpdateIccAvailability();com.android.internal.telephony.uicc.UiccCardApplication;1;1;2;0.8750;169;15;5;1;0;0.9857;388;38;29
com.android.internal.telephony.test.ModelInterpreter.triggerRing(String);com.android.internal.telephony.test.SimulatedGsmCallState;0;1;1;0.9545;319;33;14;1;0;0.9615;452;20;6
android.telephony.gsm.SmsMessage.getSubmitPdu(String, String, String, boolean);com.android.internal.telephony.gsm.SmsMessage;0;0;0;1.0000;159;34;12;1;0;1.0000;446;23;12
com.android.internal.telephony.uicc.IccCardProxy.updateExternalState();com.android.internal.telephony.uicc.UiccCardApplication;0;1;3;0.9322;507;40;28;2;0;0.9701;388;38;29
com.android.internal.telephony.PhoneProxy.invokeOemRilRequestStrings(String[], Message);com.android.internal.telephony.Phone;0;0;1;0.9947;669;181;14;1;0;0.9947;176;176;73
com.android.internal.telephony.PhoneProxy.getIccPhoneBookInterfaceManager();com.android.internal.telephony.Phone;0;0;1;0.9947;669;181;14;1;0;0.9947;176;176;73
com.android.internal.telephony.gsm.GsmCallTracker.hangupForegroundResumeBackground();com.android.internal.telephony.CommandsInterface;1;2;0;0.9636;563;41;17;1;0;0.9954;216;214;44
android.telephony.SmsMessage.isEmail();com.android.internal.telephony.SmsMessageBase;1;0;1;0.9643;230;37;14;0;1;0.9706;80;16;18
com.android.internal.telephony.cat.CommandParams.toString();com.android.internal.telephony.cat.CommandDetails;0;0;1;0.7500;12;3;1;1;0;0.9167;26;5;5
com.android.internal.telephony.cat.CatService.finalize();com.android.internal.telephony.cat.CatLog;0;0;0;1.0000;491;19;26;1;0;1.0000;13;2;1
android.telephony.gsm.SmsMessage.getSubmitPdu(String, String, String, boolean, byte[]);com.android.internal.telephony.SmsHeader;0;0;0;1.0000;159;34;12;1;0;1.0000;156;3;38
com.android.internal.telephony.DefaultPhoneNotifier.doNotifyDataConnection(Phone, String, String, PhoneConstants.DataState);com.android.internal.telephony.Phone;1;0;1;0.9474;180;19;3;5;0;0.9735;176;176;73
com.android.internal.telephony.cdma.SmsMessage.createPdu();com.android.internal.telephony.cdma.sms.SmsEnvelope;3;0;2;0.9744;551;31;16;0;9;0.5500;2;0;27
com.android.internal.telephony.CallSetupException.DcDisconnectingState.processMessage(Message);com.android.internal.telephony.CallSetupException;1;0;0;1.0000;30;1;0;1;5;0.9231;293;31;34
com.android.internal.telephony.cdma.CdmaConnection.onConnectedInOrOut();com.android.internal.telephony.Phone;1;3;4;0.8750;566;40;27;0;1;1.0000;176;176;73
com.android.internal.telephony.test.SimulatedCommands.explicitCallTransfer(Message);com.android.internal.telephony.test.SimulatedGsmCallState;0;2;1;0.9808;821;136;26;1;0;0.9630;452;20;6
com.android.internal.telephony.DefaultPhoneNotifier.notifyServiceState(Phone);com.android.internal.telephony.Phone;0;0;1;0.9333;180;19;3;1;0;0.9947;176;176;73
com.android.internal.telephony.test.SimulatedCommands.setNextDialFailImmediately(boolean);com.android.internal.telephony.test.SimulatedGsmCallState;1;0;1;0.9936;821;136;26;0;1;0.9600;452;20;6
com.android.internal.telephony.PhoneProxy.getCdmaPrlVersion();com.android.internal.telephony.Phone;0;0;1;0.9947;669;181;14;1;0;0.9947;176;176;73
com.android.internal.telephony.cdma.CdmaCall.attach(Connection, DriverCall);com.android.internal.telephony.DriverCall;1;0;2;0.8750;100;14;3;0;1;0.9474;75;5;15
com.android.internal.telephony.gsm.GsmMmiCode.makeCFQueryResultMessage(CallForwardInfo, int);com.android.internal.telephony.CallForwardInfo;2;2;2;0.9412;840;42;63;0;6;0.4545;3;1;6
com.android.internal.telephony.cdma.CdmaDataConnectionTracker.trySetupData(String);com.android.internal.telephony.cdma.CdmaServiceStateTracker;5;3;1;0.9394;612;49;13;0;1;0.9899;1091;45;44
com.android.internal.telephony.PhoneProxy.getPhoneType();com.android.internal.telephony.Phone;0;0;1;0.9947;669;181;14;1;0;0.9947;176;176;73
com.android.internal.telephony.RIL.resetRadio(Message);com.android.internal.telephony.RILRequest;1;3;1;0.9891;2610;171;27;2;1;0.8182;68;5;12
com.android.internal.telephony.cdma.CDMAPhone.setIsoCountryProperty(String);com.android.internal.telephony.MccTable;0;1;1;0.9932;967;126;45;1;0;1.0000;160;10;2
com.android.internal.telephony.gsm.GsmSMSDispatcher.dispatchMessage(SmsMessageBase);android.telephony.SmsManager;6;0;3;0.9697;242;13;6;0;1;1.0000;195;13;12
com.android.internal.telephony.cdma.CdmaCall.update(CdmaConnection, DriverCall);com.android.internal.telephony.DriverCall;1;0;1;0.9375;100;14;3;0;1;0.9444;75;5;15
com.android.internal.telephony.cat.CatService.handleCommand(CommandParams, boolean);com.android.internal.telephony.cat.BIPClientParams;10;2;5;0.8286;491;19;26;0;2;0.9000;12;1;2
android.telephony.SmsCbMessage.toString();android.telephony.SmsCbEtwsInfo;0;0;9;0.5263;102;6;22;1;0;0.9524;61;5;11
com.android.internal.telephony.gsm.GsmSMSDispatcher.handleBroadcastSms(AsyncResult);com.android.internal.telephony.gsm.SmsCbHeader;2;0;2;0.9524;242;13;6;0;3;0.8929;198;13;16
com.android.internal.telephony.uicc.SIMRecords.dispose();com.android.internal.telephony.uicc.UiccCardApplication;0;2;1;0.9623;909;32;58;1;0;0.9855;388;38;29
com.android.internal.telephony.cdma.CdmaMmiCode.onSetComplete(AsyncResult);com.android.internal.telephony.CommandException;2;3;4;0.7200;143;12;25;0;1;0.9167;46;1;2
com.android.internal.telephony.RIL.requestIsimAuthentication(String, Message);com.android.internal.telephony.RILRequest;1;3;1;0.9892;2610;171;27;2;2;0.7273;68;5;12
com.android.internal.telephony.gsm.GsmSMSDispatcher.dispatchMessage(SmsMessageBase);android.provider.Telephony.Sms.Intents;6;0;3;0.9697;242;13;6;0;3;1.0000;16;1;12
com.android.internal.telephony.PhoneProxy.enableLocationUpdates();com.android.internal.telephony.Phone;0;0;1;0.9947;669;181;14;1;0;0.9947;176;176;73
com.android.internal.telephony.cdma.sms.BearerData.decodeSmsAddress(CdmaSmsAddress);com.android.internal.telephony.SmsAddress;2;1;0;1.0000;1209;66;114;0;2;0.7500;12;3;10
com.android.internal.telephony.IccPhoneBookInterfaceManager.updateAdnRecordsInEfBySearch(int, String, String, String, String, String);com.android.internal.telephony.uicc.AdnRecordCache;1;4;7;0.5714;98;12;12;1;0;0.9630;190;11;7
com.android.internal.telephony.cdma.CdmaSMSDispatcher.sendSms(SmsTracker);com.android.internal.telephony.CommandsInterface;1;0;0;1.0000;229;15;5;1;0;0.9954;216;214;44
com.android.internal.telephony.cdma.CDMALTEPhone.selectNetworkManually(OperatorInfo, Message);com.android.internal.telephony.OperatorInfo;1;0;0;1.0000;169;15;5;0;2;0.8667;50;4;6
com.android.internal.telephony.PhoneProxy.setOnPostDialCharacter(Handler, int, Object);com.android.internal.telephony.Phone;0;0;1;0.9947;669;181;14;1;0;0.9947;176;176;73
com.android.internal.telephony.SMSDispatcher.dispatchBroadcastMessage(SmsCbMessage);android.provider.Telephony.Sms.Intents;1;1;3;0.9800;605;33;46;0;2;1.0000;16;1;12
com.android.internal.telephony.cdma.SmsMessage.parsePdu(byte[]);com.android.internal.telephony.cdma.sms.SmsEnvelope;3;1;2;0.9500;551;31;16;0;9;0.5909;2;0;27
com.android.internal.telephony.cdma.CdmaSMSDispatcher.checkDuplicatePortOmadmWappush(byte[], int);com.android.internal.telephony.WspTypeDecoder;1;0;0;1.0000;229;15;5;2;3;0.8333;296;19;16
com.android.internal.telephony.cat.CatService.handleMessage(Message);com.android.internal.telephony.cat.RilMessageDecoder;0;2;11;0.8400;491;19;26;1;0;0.9333;69;5;8
android.telephony.CellBroadcastMessage.isEmergencyAlertMessage();android.telephony.SmsCbCmasInfo;2;0;1;0.9630;230;20;5;0;2;0.9286;48;3;46
com.android.internal.telephony.gsm.GSMPhone.getRingingCall();com.android.internal.telephony.gsm.GsmCallTracker;1;0;1;0.9917;1009;105;19;0;1;0.9818;563;41;17
com.android.internal.telephony.RIL.supplyIccPuk2ForApp(String, String, String, Message);com.android.internal.telephony.RILRequest;1;3;1;0.9892;2610;171;27;2;2;0.7273;68;5;12
com.android.internal.telephony.gsm.GSMPhone.setVoiceMailNumber(String, String, Message);com.android.internal.telephony.uicc.IccRecords;0;0;1;0.9917;1009;105;19;1;0;0.9839;160;33;36
com.android.internal.telephony.cdma.CdmaDataConnectionTracker.dispose();com.android.internal.telephony.cdma.CDMAPhone;2;2;2;0.9452;612;49;13;0;2;0.9880;967;126;45
com.android.internal.telephony.cat.ValueParser.retrieveItem(ComprehensionTlv);com.android.internal.telephony.cat.ComprehensionTlv;2;0;0;1.0000;195;10;0;0;3;0.5000;97;2;6
com.android.internal.telephony.PhoneProxy.getCallWaiting(Message);com.android.internal.telephony.Phone;0;0;1;0.9947;669;181;14;1;0;0.9947;176;176;73
com.android.internal.telephony.cat.ValueParser.retrieveAlphaId(ComprehensionTlv);com.android.internal.telephony.cat.CatService;3;0;0;1.0000;195;10;0;0;1;1.0000;491;19;26
android.telephony.SmsMessage.createFromEfRecord(int, byte[]);com.android.internal.telephony.gsm.SmsMessage;0;0;0;1.0000;230;37;14;1;0;1.0000;446;23;12
com.android.internal.telephony.PhoneBase.dispose();com.android.internal.telephony.DataConnectionTracker;1;0;6;0.9649;621;139;66;1;0;0.9924;907;78;74
com.android.internal.telephony.CallManager.setMute(boolean);com.android.internal.telephony.Phone;0;3;2;0.9758;775;95;53;1;0;0.9948;176;176;73
com.android.internal.telephony.cdma.CdmaCallTracker.canDial();com.android.internal.telephony.cdma.CdmaCall;1;1;5;0.9118;707;48;22;0;1;0.9583;100;14;3
com.android.internal.telephony.cdma.CDMAPhone.getEnhancedVoicePrivacy(Message);com.android.internal.telephony.CommandsInterface;0;0;0;1.0000;967;126;45;1;0;0.9954;216;214;44
android.provider.Telephony.Sms.Draft.addMessage(ContentResolver, String, String, String, Long);android.provider.Telephony.Sms;0;0;1;1.0000;9;2;2;1;0;1.0000;61;6;2
com.android.internal.telephony.DebugService.dump(FileDescriptor, PrintWriter, String[]);com.android.internal.telephony.uicc.IccCardProxy;2;1;0;1.0000;69;2;1;0;0;1.0000;507;40;28
com.android.internal.telephony.CallManager.getPhoneBase(Phone);com.android.internal.telephony.Call;0;0;0;1.0000;775;95;53;1;0;0.9524;117;16;4
com.android.internal.telephony.gsm.GsmMmiCode.onQueryComplete(AsyncResult);com.android.internal.telephony.MmiCode;1;5;6;0.8043;840;42;63;0;1;0.9375;5;5;1
com.android.internal.telephony.SMSDispatcher.sendRawPdu(byte[], byte[], PendingIntent, PendingIntent, String);com.android.internal.telephony.SmsUsageMonitor;0;3;7;0.8846;605;33;46;1;0;0.9706;304;16;41
com.android.internal.telephony.RIL.responseSimRefresh(Parcel);com.android.internal.telephony.uicc.IccRefreshResponse;1;0;0;1.0000;2610;171;27;0;3;0.2500;3;1;6
com.android.internal.telephony.CallSetupException.isRetryNeeded();com.android.internal.telephony.RetryManager;0;0;1;0.9804;293;31;34;1;0;0.9583;201;16;9
com.android.internal.telephony.gsm.GsmCallTracker.dispose();com.android.internal.telephony.CommandsInterface;0;2;3;0.9298;563;41;17;3;0;0.9864;216;214;44
com.android.internal.telephony.cdma.SmsMessage.privateGetSubmitPdu(String, boolean, UserData);com.android.internal.telephony.SmsMessageBase.SubmitPduBase;5;1;3;1.0000;551;31;16;0;2;0.9091;3;1;2
com.android.internal.telephony.PhoneBase.setVoiceMessageWaiting(int, int);com.android.internal.telephony.uicc.IccRecords;0;0;1;0.9940;621;139;66;1;0;0.9836;160;33;36
com.android.internal.telephony.cdma.CdmaSMSDispatcher.sendData(String, String, int, byte[], PendingIntent, PendingIntent);com.android.internal.telephony.cdma.SmsMessage;1;0;0;1.0000;229;15;5;1;0;1.0000;551;31;16
com.android.internal.telephony.cat.IconLoader.handleMessage(Message);com.android.internal.telephony.cat.CatLog;1;6;8;0.5714;217;14;19;1;0;1.0000;13;2;1
com.android.internal.telephony.IccSmsInterfaceManager.setPremiumSmsPermission(String, int);com.android.internal.telephony.SMSDispatcher;0;0;1;0.9231;63;9;3;1;0;0.9804;605;33;46
com.android.internal.telephony.cdma.CdmaCallTracker.checkMtFindNewRinging(DriverCall, int);com.android.internal.telephony.Phone;4;1;4;0.9420;707;48;22;0;1;1.0000;176;176;73
com.android.internal.telephony.RIL.setRadioPower(boolean, Message);com.android.internal.telephony.RILRequest;1;3;1;0.9892;2610;171;27;2;2;0.7273;68;5;12
com.android.internal.telephony.PhoneProxy.getSignalStrength();com.android.internal.telephony.Phone;0;0;1;0.9947;669;181;14;1;0;0.9947;176;176;73
com.android.internal.telephony.gsm.GsmSMSDispatcher.sendText(String, String, String, PendingIntent, PendingIntent);com.android.internal.telephony.SmsMessageBase.SubmitPduBase;1;0;1;1.0000;242;13;6;0;2;0.5000;3;1;2
com.android.internal.telephony.gsm.GsmDataConnectionTracker.reconnectAfterFail(FailCause, ApnContext, int);com.android.internal.telephony.ApnContext;2;3;1;0.9592;1681;86;13;1;3;0.9000;143;19;13
com.android.internal.telephony.DefaultPhoneNotifier.notifyPhoneState(Phone);com.android.internal.telephony.Call;1;0;1;0.9444;180;19;3;1;0;0.9583;117;16;4
com.android.internal.telephony.uicc.IccCardProxy.updateQuietMode();com.android.internal.telephony.Phone;2;3;8;0.8421;507;40;28;0;2;1.0000;176;176;73
com.android.internal.telephony.gsm.GSMPhone.isCspPlmnEnabled();com.android.internal.telephony.uicc.IccRecords;0;0;0;1.0000;1009;105;19;1;0;0.9836;160;33;36
com.android.internal.telephony.gsm.GsmDataConnectionTracker.onVoiceCallStarted();com.android.internal.telephony.Phone;1;3;0;0.9684;1681;86;13;0;1;1.0000;176;176;73
com.android.internal.telephony.PhoneSubInfo.getDeviceSvn();com.android.internal.telephony.Phone;0;0;3;0.8947;98;16;6;1;0;0.9947;176;176;73
com.android.internal.telephony.gsm.GsmSMSDispatcher.sendSms(SmsTracker);com.android.internal.telephony.SMSDispatcher.SmsTracker;2;0;0;1.0000;242;13;6;0;1;0.9091;12;1;7
android.telephony.SmsMessage.getSubmitPdu(String, String, short, byte[], boolean);com.android.internal.telephony.cdma.SmsMessage;0;0;0;1.0000;230;37;14;1;0;1.0000;551;31;16
com.android.internal.telephony.cdma.CDMAPhone.dispose();com.android.internal.telephony.CommandsInterface;1;2;9;0.9329;967;126;45;4;0;0.9833;216;214;44
android.telephony.CellBroadcastMessage.getContentValues();android.telephony.SmsCbEtwsInfo;5;0;3;0.9318;230;20;5;0;1;0.9697;61;5;11
com.android.internal.telephony.RIL.queryCallForwardStatus(int, int, String, Message);com.android.internal.telephony.RILRequest;1;3;1;0.9892;2610;171;27;2;2;0.7273;68;5;12
com.android.internal.telephony.RIL.setGsmBroadcastActivation(boolean, Message);com.android.internal.telephony.RILRequest;1;3;1;0.9892;2610;171;27;2;2;0.7273;68;5;12
com.android.internal.telephony.cat.CatService.handleSessionEnd();com.android.internal.telephony.cat.CatLog;1;0;3;0.8696;491;19;26;1;0;1.0000;13;2;1
com.android.internal.telephony.gsm.GsmCall.update(GsmConnection, DriverCall);com.android.internal.telephony.DriverCall;1;0;0;1.0000;97;14;2;0;1;0.9444;75;5;15
com.android.internal.telephony.gsm.GsmDataConnectionTracker.cleanUpConnection(boolean, ApnContext);com.android.internal.telephony.ApnSetting;1;2;0;0.9811;1681;86;13;1;0;0.9737;96;4;18
android.telephony.CellBroadcastMessage.getContentValues();android.telephony.SmsCbMessage;5;0;3;0.9318;230;20;5;0;10;0.6774;102;6;22
com.android.internal.telephony.gsm.GsmDataConnectionTracker.setupData(ApnContext);com.android.internal.telephony.ApnSetting;2;7;0;0.9333;1681;86;13;1;0;0.9762;96;4;18
com.android.internal.telephony.PhoneProxy.canTransfer();com.android.internal.telephony.Phone;0;0;1;0.9947;669;181;14;1;0;0.9947;176;176;73
com.android.internal.telephony.gsm.GsmServiceStateTracker.hangupAndPowerOff();com.android.internal.telephony.CommandsInterface;2;0;1;0.9865;1025;35;46;1;0;0.9955;216;214;44
com.android.internal.telephony.RILRequest.onError(int, Object);com.android.internal.telephony.RIL;1;1;4;0.5000;68;5;12;1;1;1.0000;2610;171;27
com.android.internal.telephony.gsm.GsmSMSDispatcher.acknowledgeLastIncomingSms(boolean, int, Message);com.android.internal.telephony.CommandsInterface;0;1;0;1.0000;242;13;6;1;0;0.9954;216;214;44
com.android.internal.telephony.uicc.RuimRecords.EfCsimEprlLoaded.onRecordLoaded(AsyncResult);com.android.internal.telephony.uicc.RuimRecords;0;0;0;1.0000;6;2;0;1;0;0.9697;330;21;25
com.android.internal.telephony.PhoneProxy.invokeOemRilRequestRaw(byte[], Message);com.android.internal.telephony.Phone;0;0;1;0.9947;669;181;14;1;0;0.9947;176;176;73
com.android.internal.telephony.ServiceStateTracker.notifySignalStrength();com.android.internal.telephony.PhoneBase;0;1;4;0.9296;270;42;77;1;0;0.9942;621;139;66
com.android.internal.telephony.cdma.CdmaLteServiceStateTracker.pollStateDone();com.android.internal.telephony.uicc.RuimRecords;4;3;4;0.8704;369;12;5;0;1;0.9868;330;21;25
com.android.internal.telephony.cat.GetInputParams.setIcon(Bitmap);com.android.internal.telephony.cat.Input;1;0;1;0.6667;10;1;1;0;1;0.9444;48;3;13
com.android.internal.telephony.PhoneBase.getUsimServiceTable();com.android.internal.telephony.uicc.IccRecords;0;0;1;0.9940;621;139;66;1;0;0.9836;160;33;36
com.android.internal.telephony.cdma.SmsMessage.privateGetSubmitPdu(String, boolean, UserData);com.android.internal.telephony.SmsAddress;5;1;3;1.0000;551;31;16;0;2;0.9200;12;3;10
com.android.internal.telephony.PhoneProxy.deleteAndCreatePhone(int);com.android.internal.telephony.Phone;1;1;1;0.9948;669;181;14;2;0;0.9896;176;176;73
com.android.internal.telephony.uicc.SIMRecords.handleSmses(ArrayList);com.android.internal.telephony.uicc.IccFileHandler;1;1;1;0.9796;909;32;58;1;0;0.9545;262;16;42
com.android.internal.telephony.cdma.CdmaServiceStateTracker.handlePollStateResult(int, AsyncResult);com.android.internal.telephony.CommandsInterface;3;7;7;0.8495;1091;45;44;1;0;0.9958;216;214;44
com.android.internal.telephony.cdma.EriManager.getEriDisplayInformation(int, int);com.android.internal.telephony.cdma.EriInfo;1;1;5;0.8636;235;13;11;0;8;0.7273;8;0;11
android.telephony.SmsMessage.getMessageBody();com.android.internal.telephony.SmsMessageBase;1;0;1;0.9643;230;37;14;0;1;0.9706;80;16;18
com.android.internal.telephony.gsm.GsmServiceStateTracker.dispose();com.android.internal.telephony.CommandsInterface;1;0;5;0.9367;1025;35;46;5;0;0.9781;216;214;44
com.android.internal.telephony.cat.RilMessageDecoder.decodeMessageParams(RilMessage);com.android.internal.telephony.cat.CatService;4;1;2;0.7857;69;5;8;0;5;1.0000;491;19;26
com.android.internal.telephony.uicc.UiccCardApplication.update(IccCardApplicationStatus, Context, CommandsInterface);com.android.internal.telephony.uicc.IccFileHandler;1;9;15;0.6761;388;38;29;1;0;0.9808;262;16;42
com.android.internal.telephony.PhoneProxy.setPreferredNetworkType(int, Message);com.android.internal.telephony.Phone;0;0;1;0.9947;669;181;14;1;0;0.9947;176;176;73
com.android.internal.telephony.gsm.SmsCbHeader.getCmasSeverity();com.android.internal.telephony.gsm.SmsCbConstants;2;0;1;0.9545;198;13;16;0;8;1.0000;2;0;31
com.android.internal.telephony.gsm.GSMPhone.getLine1Number();com.android.internal.telephony.uicc.IccRecords;1;0;0;1.0000;1009;105;19;0;1;0.9836;160;33;36
com.android.internal.telephony.uicc.SIMRecords.handleMessage(Message);com.android.internal.telephony.MccTable;4;13;40;0.7200;909;32;58;2;0;1.0000;160;10;2
com.android.internal.telephony.cdma.CdmaDataConnectionTracker.startAlarmForReconnect(int, String);com.android.internal.telephony.PhoneBase;1;1;1;0.9828;612;49;13;0;1;0.9941;621;139;66
com.android.internal.telephony.cat.ValueParser.retrieveDuration(ComprehensionTlv);com.android.internal.telephony.cat.ComprehensionTlv;1;0;0;1.0000;195;10;0;0;2;0.6667;97;2;6
com.android.internal.telephony.RIL.sendScreenState(boolean);com.android.internal.telephony.RILRequest;1;3;1;0.9892;2610;171;27;2;2;0.7273;68;5;12
com.android.internal.telephony.cat.RilMessageDecoder.StateCmdParamsReady.processMessage(Message);com.android.internal.telephony.cat.CatLog;2;0;0;1.0000;13;1;0;1;0;1.0000;13;2;1
com.android.internal.telephony.gsm.GsmMmiCode.cancel();com.android.internal.telephony.PhoneBase;2;0;4;0.9375;840;42;63;0;1;0.9942;621;139;66
com.android.internal.telephony.gsm.GsmMmiCode.handleMessage(Message);com.android.internal.telephony.MmiCode;1;5;11;0.8085;840;42;63;0;1;0.9412;5;5;1
com.android.internal.telephony.RIL.startDtmf(char, Message);com.android.internal.telephony.RILRequest;1;3;1;0.9892;2610;171;27;2;2;0.7273;68;5;12
com.android.internal.telephony.PhoneProxy.unregisterForDisconnect(Handler);com.android.internal.telephony.Phone;0;0;1;0.9947;669;181;14;1;0;0.9947;176;176;73
com.android.internal.telephony.cdma.CdmaMmiCode.processCode();com.android.internal.telephony.cdma.CDMAPhone;2;3;8;0.6154;143;12;25;1;0;0.9938;967;126;45
com.android.internal.telephony.uicc.RuimRecords.handleRuimRefresh(IccRefreshResponse);com.android.internal.telephony.CommandsInterface;1;2;1;0.9500;330;21;25;1;0;0.9955;216;214;44
com.android.internal.telephony.gsm.GsmDataConnectionTracker.createDataConnection();com.android.internal.telephony.gsm.GsmDataConnection;2;2;2;0.9691;1681;86;13;1;0;1.0000;60;7;2
com.android.internal.telephony.uicc.SIMRecords.handleSms(byte[]);com.android.internal.telephony.gsm.SmsMessage;0;1;0;0.9787;909;32;58;1;0;1.0000;446;23;12
com.android.internal.telephony.gsm.GsmDataConnectionTracker.getCellLocationId();com.android.internal.telephony.Phone;0;0;0;1.0000;1681;86;13;1;0;0.9947;176;176;73
com.android.internal.telephony.CallManager.canConference(Call);com.android.internal.telephony.Call;0;2;0;0.9837;775;95;53;1;0;0.9545;117;16;4
com.android.internal.telephony.PhoneProxy.setOutgoingCallerIdDisplay(int, Message);com.android.internal.telephony.Phone;0;0;1;0.9947;669;181;14;1;0;0.9947;176;176;73
com.android.internal.telephony.cdma.CdmaCallTracker.acceptCall();com.android.internal.telephony.cdma.CdmaCall;1;4;2;0.9155;707;48;22;0;1;0.9630;100;14;3
android.telephony.gsm.SmsMessage.isEmail();com.android.internal.telephony.SmsMessageBase;1;0;1;0.9655;159;34;12;0;1;0.9706;80;16;18
com.android.internal.telephony.cat.CommandParamsFactory.processBIPClient(CommandDetails, List<ComprehensionTlv>);com.android.internal.telephony.cat.AppInterface;4;1;5;0.8710;576;21;15;0;1;1.0000;13;4;4
com.android.internal.telephony.cdma.sms.BearerData.isCmasAlertCategory(int);com.android.internal.telephony.cdma.sms.SmsEnvelope;1;0;0;1.0000;1209;66;114;0;2;1.0000;2;0;27
com.android.internal.telephony.PhoneProxy.registerForT53AudioControlInfo(Handler, int, Object);com.android.internal.telephony.Phone;0;0;1;0.9947;669;181;14;1;0;0.9947;176;176;73
android.telephony.gsm.SmsMessage.getTPLayerLengthForPDU(String);com.android.internal.telephony.cdma.SmsMessage;0;0;0;1.0000;159;34;12;1;0;1.0000;551;31;16
com.android.internal.telephony.cdma.CdmaSMSDispatcher.sendSubmitPdu(SmsMessage.SubmitPdu, PendingIntent, PendingIntent, String);com.android.internal.telephony.SmsMessageBase.SubmitPduBase;2;0;1;1.0000;229;15;5;0;2;0.5000;3;1;2
com.android.internal.telephony.PhoneProxy.updatePhoneObject(int);com.android.internal.telephony.Phone;4;3;8;0.9500;669;181;14;5;0;0.9756;176;176;73
android.telephony.gsm.SmsManager.deleteMessageFromSim(int);android.telephony.SmsManager;0;0;1;0.9000;33;9;11;1;0;0.9231;195;13;12
com.android.internal.telephony.DebugService.dump(FileDescriptor, PrintWriter, String[]);com.android.internal.telephony.DataConnectionTracker;2;1;0;1.0000;69;2;1;1;0;0.9924;907;78;74
com.android.internal.telephony.SMSDispatcher.ConfirmDialogListener.onClick(DialogInterface, int);com.android.internal.telephony.SMSDispatcher.SmsTracker;3;0;2;0.8000;54;3;5;0;1;0.9167;12;1;7
android.telephony.gsm.SmsMessage.getStatus();com.android.internal.telephony.SmsMessageBase;0;0;1;0.9655;159;34;12;1;0;0.9706;80;16;18
com.android.internal.telephony.PhoneProxy.updateServiceLocation();com.android.internal.telephony.Phone;0;0;1;0.9947;669;181;14;1;0;0.9947;176;176;73
com.android.internal.telephony.cdma.SmsMessage.getSubmitPdu(String, String, int, byte[], boolean);com.android.internal.telephony.SmsHeader.PortAddrs;3;1;0;1.0000;551;31;16;0;3;0.6250;0;0;3
com.android.internal.telephony.gsm.GsmDataConnectionTracker.onRadioAvailable();com.android.internal.telephony.uicc.IccRecords;1;5;0;0.9468;1681;86;13;1;0;0.9853;160;33;36
com.android.internal.telephony.PhoneBase.unregisterForInCallVoicePrivacyOff(Handler);com.android.internal.telephony.CommandsInterface;0;0;1;0.9940;621;139;66;1;0;0.9954;216;214;44
com.android.internal.telephony.test.SimulatedGsmCallState.switchActiveAndHeldOrWaiting();com.android.internal.telephony.test.CallInfo;1;0;1;0.9600;452;20;6;1;1;0.8571;54;7;7
com.android.internal.telephony.uicc.IccFileHandler.handleMessage(Message);com.android.internal.telephony.CommandsInterface;2;4;21;0.7931;262;16;42;1;0;0.9957;216;214;44
com.android.internal.telephony.gsm.UsimPhoneBookManager.readPbrFileAndWait();com.android.internal.telephony.uicc.IccFileHandler;1;0;4;0.9259;250;14;33;1;0;0.9545;262;16;42
com.android.internal.telephony.cdma.SmsMessage.isStatusReportMessage();com.android.internal.telephony.cdma.sms.BearerData;1;0;1;0.9583;551;31;16;0;2;0.9744;1209;66;114
com.android.internal.telephony.PhoneBase.notifyOtaspChanged(int);com.android.internal.telephony.PhoneNotifier;0;0;1;0.9940;621;139;66;1;0;0.9167;11;11;0
com.android.internal.telephony.cdma.SmsMessage.isMWIClearMessage();com.android.internal.telephony.cdma.sms.BearerData;1;0;1;0.9583;551;31;16;0;1;0.9744;1209;66;114
com.android.internal.telephony.PhoneProxy.isDnsCheckDisabled();com.android.internal.telephony.Phone;0;0;1;0.9947;669;181;14;1;0;0.9947;176;176;73
com.android.internal.telephony.cdma.CdmaDataConnectionTracker.createAllDataConnectionList();com.android.internal.telephony.cdma.CdmaDataConnection;2;1;3;0.9524;612;49;13;1;0;1.0000;45;6;1
com.android.internal.telephony.cat.CatService.handleCommand(CommandParams, boolean);com.android.internal.telephony.cat.CommandParams;10;2;5;0.8286;491;19;26;0;1;0.9524;12;3;1
com.android.internal.telephony.uicc.SIMRecords.getSpnFsm(boolean, AsyncResult);com.android.internal.telephony.uicc.IccConstants;2;1;5;0.9216;909;32;58;0;3;1.0000;0;0;51
com.android.internal.telephony.gsm.GsmDataConnectionTracker.applyNewState(ApnContext, boolean, boolean);com.android.internal.telephony.ApnContext;2;3;0;0.9694;1681;86;13;6;2;0.7714;143;19;13
com.android.internal.telephony.gsm.GSMPhone.syncClirSetting();com.android.internal.telephony.CommandsInterface;0;0;0;1.0000;1009;105;19;1;0;0.9954;216;214;44
com.android.internal.telephony.cdma.CdmaConnection.isConnectingInOrOut();com.android.internal.telephony.cdma.CdmaCall;2;0;2;0.9655;566;40;27;0;1;0.9474;100;14;3
com.android.internal.telephony.PhoneProxy.getVoiceMailAlphaTag();com.android.internal.telephony.Phone;0;0;1;0.9947;669;181;14;1;0;0.9947;176;176;73
com.android.internal.telephony.cat.CommandParamsFactory.processCommandDetails(List<ComprehensionTlv>);com.android.internal.telephony.cat.ValueParser;0;1;0;0.9583;576;21;15;1;0;1.0000;195;10;0
com.android.internal.telephony.gsm.GsmSMSDispatcher.dispatchMessage(SmsMessageBase);com.android.internal.telephony.uicc.UsimServiceTable;6;0;3;0.9697;242;13;6;1;0;0.9583;12;3;1
com.android.internal.telephony.test.SimulatedGsmCallState.onDial(String);com.android.internal.telephony.test.CallInfo;1;1;5;0.8400;452;20;6;2;1;0.8824;54;7;7
com.android.internal.telephony.cdma.CdmaServiceStateTracker.setAndBroadcastNetworkSetTime(long);com.android.internal.telephony.PhoneBase;1;1;1;0.9765;1091;45;44;0;1;0.9941;621;139;66
com.android.internal.telephony.SMSDispatcher.dispatchNormalMessage(SmsMessageBase);com.android.internal.telephony.SmsHeader;4;3;1;0.9344;605;33;46;0;3;0.9048;156;3;38
com.android.internal.telephony.gsm.GsmDataConnectionTracker.dispose();com.android.internal.telephony.CommandsInterface;1;3;1;0.9636;1681;86;13;3;0;0.9873;216;214;44
com.android.internal.telephony.cat.PlayToneParams.setIcon(Bitmap);com.android.internal.telephony.cat.TextMessage;1;0;1;0.7500;12;1;2;0;1;0.9231;25;2;9
com.android.internal.telephony.cdma.CDMAPhone.switchHoldingAndActive();com.android.internal.telephony.cdma.CdmaCallTracker;0;0;1;0.9932;967;126;45;1;0;0.9851;707;48;22
com.android.internal.telephony.cdma.CDMAPhone.setVoiceMailNumber(String, String, Message);com.android.internal.telephony.uicc.IccRecords;0;0;1;0.9932;967;126;45;1;0;0.9839;160;33;36
com.android.internal.telephony.uicc.IsimFileHandler.getEFPath(int);com.android.internal.telephony.uicc.IccConstants;1;0;0;1.0000;19;3;1;0;5;1.0000;0;0;51
com.android.internal.telephony.gsm.GsmCallTracker.conference();com.android.internal.telephony.CommandsInterface;0;1;0;0.9818;563;41;17;1;0;0.9954;216;214;44
com.android.internal.telephony.cat.CatService.dispose();com.android.internal.telephony.uicc.IccRecords;0;0;2;0.9643;491;19;26;1;0;0.9846;160;33;36
com.android.internal.telephony.gsm.GsmCall.attach(Connection, DriverCall);com.android.internal.telephony.DriverCall;1;0;1;0.9375;97;14;2;0;1;0.9474;75;5;15
com.android.internal.telephony.cdma.SmsMessage.getSubmitPdu(String, String, int, byte[], boolean);com.android.internal.telephony.SmsHeader;3;1;0;1.0000;551;31;16;0;1;0.9286;156;3;38
com.android.internal.telephony.gsm.GsmDataConnectionTracker.handleMessage(Message);com.android.internal.telephony.Phone;2;14;2;0.8529;1681;86;13;0;1;1.0000;176;176;73
com.android.internal.telephony.uicc.RuimRecords.handleRuimRefresh(IccRefreshResponse);com.android.internal.telephony.uicc.AdnRecordCache;1;2;1;0.9500;330;21;25;1;0;0.9615;190;11;7
com.android.internal.telephony.cat.CommandParamsFactory.processBIPClient(CommandDetails, List<ComprehensionTlv>);com.android.internal.telephony.cat.CatLog;4;1;5;0.8710;576;21;15;1;0;1.0000;13;2;1
com.android.internal.telephony.PhoneBase.getActiveApnHost(String);com.android.internal.telephony.DataConnectionTracker;0;0;1;0.9940;621;139;66;1;0;0.9919;907;78;74
com.android.internal.telephony.Call.hasConnection(Connection);com.android.internal.telephony.Connection;0;0;0;1.0000;117;16;4;1;0;0.9655;60;24;6
com.android.internal.telephony.PhoneProxy.getLinkCapabilities(String);com.android.internal.telephony.Phone;0;0;1;0.9947;669;181;14;1;0;0.9947;176;176;73
com.android.internal.telephony.gsm.GsmConnection.onConnectedInOrOut();com.android.internal.telephony.Phone;1;3;4;0.8654;433;31;29;0;1;1.0000;176;176;73
com.android.internal.telephony.gsm.GsmConnection.proceedAfterWildChar(String);com.android.internal.telephony.Phone;2;3;7;0.8545;433;31;29;0;1;1.0000;176;176;73
com.android.internal.telephony.gsm.GsmDataConnectionTracker.retryAfterDisconnected(String);com.android.internal.telephony.Phone;1;0;0;1.0000;1681;86;13;0;1;1.0000;176;176;73
com.android.internal.telephony.cdma.CdmaCallTracker.hangup(CdmaCall);com.android.internal.telephony.CommandsInterface;2;6;4;0.8611;707;48;22;1;0;0.9957;216;214;44
com.android.internal.telephony.RIL.getIMEISV(Message);com.android.internal.telephony.RILRequest;1;3;1;0.9891;2610;171;27;2;1;0.8182;68;5;12
com.android.internal.telephony.cdma.CdmaLteServiceStateTracker.pollStateDone();com.android.internal.telephony.DataConnectionTracker;4;3;4;0.8704;369;12;5;1;0;0.9939;907;78;74
com.android.internal.telephony.gsm.GSMPhone.dispose();com.android.internal.telephony.ServiceStateTracker;1;1;6;0.9478;1009;105;19;1;0;0.9891;270;42;77
com.android.internal.telephony.cdma.CdmaServiceStateTracker.pollStateDone();com.android.internal.telephony.cdma.CDMAPhone;1;4;8;0.8824;1091;45;44;4;0;0.9769;967;126;45
com.android.internal.telephony.uicc.RuimRecords.handleRuimRefresh(IccRefreshResponse);com.android.internal.telephony.uicc.IccRefreshResponse;1;2;1;0.9500;330;21;25;0;5;0.8333;3;1;6
com.android.internal.telephony.gsm.GsmMmiCode.scToCallForwardReason(String);com.android.internal.telephony.CommandsInterface;1;0;6;1.0000;840;42;63;0;6;1.0000;216;214;44
com.android.internal.telephony.cdma.CdmaCallTracker.explicitCallTransfer();com.android.internal.telephony.CommandsInterface;0;1;0;0.9851;707;48;22;1;0;0.9954;216;214;44
com.android.internal.telephony.CallSetupException.DcDisconnectionErrorCreatingConnection.processMessage(Message);com.android.internal.telephony.CallSetupException;1;0;0;1.0000;29;1;0;1;3;0.9423;293;31;34
com.android.internal.telephony.cdma.CdmaServiceStateTracker.hangupAndPowerOff();com.android.internal.telephony.cdma.CDMAPhone;2;0;1;0.9890;1091;45;44;0;1;0.9935;967;126;45
com.android.internal.telephony.uicc.UiccCardApplication.queryFdn();com.android.internal.telephony.CommandsInterface;1;0;4;0.9516;388;38;29;1;4;0.9954;216;214;44
com.android.internal.telephony.RIL.queryCallWaiting(int, Message);com.android.internal.telephony.RILRequest;1;3;1;0.9892;2610;171;27;2;2;0.7273;68;5;12
com.android.internal.telephony.gsm.GsmConnection.proceedAfterWildChar(String);com.android.internal.telephony.CallTracker;2;3;7;0.8545;433;31;29;0;1;0.9655;58;15;20
com.android.internal.telephony.cdma.sms.BearerData.decodeIs91ShortMessage(BearerData);com.android.internal.telephony.cdma.sms.UserData;1;0;1;0.9756;1209;66;114;0;4;0.7000;23;2;31
com.android.internal.telephony.RIL.invokeOemRilRequestStrings(String[], Message);com.android.internal.telephony.RILRequest;1;3;1;0.9892;2610;171;27;2;2;0.7273;68;5;12
com.android.internal.telephony.PhoneProxy.unregisterForResendIncallMute(Handler);com.android.internal.telephony.Phone;0;0;1;0.9947;669;181;14;1;0;0.9947;176;176;73
com.android.internal.telephony.cdma.CdmaDataConnectionTracker.onCdmaOtaProvision(AsyncResult);com.android.internal.telephony.Phone;1;0;0;1.0000;612;49;13;0;2;1.0000;176;176;73
com.android.internal.telephony.PhoneProxy.registerForNewRingingConnection(Handler, int, Object);com.android.internal.telephony.Phone;0;0;1;0.9947;669;181;14;1;0;0.9947;176;176;73
com.android.internal.telephony.cat.CatService.sendTerminalResponse(CommandDetails, ResultCode, boolean, int, ResponseData);com.android.internal.telephony.cat.CatCmdMessage;3;1;4;0.9000;491;19;26;0;1;0.9524;111;3;8
com.android.internal.telephony.gsm.GsmDataConnectionTracker.cleanUpAllConnections(boolean, String);com.android.internal.telephony.ApnContext;0;2;0;0.9789;1681;86;13;1;0;0.9737;143;19;13
android.provider.Telephony.Sms.Inbox.addMessage(ContentResolver, String, String, String, Long, boolean);android.provider.Telephony.Sms;0;0;1;1.0000;3;1;2;1;0;1.0000;61;6;2
com.android.internal.telephony.PhoneProxy.unregisterForNewRingingConnection(Handler);com.android.internal.telephony.Phone;0;0;1;0.9947;669;181;14;1;0;0.9947;176;176;73
com.android.internal.telephony.RIL.setNetworkSelectionModeAutomatic(Message);com.android.internal.telephony.RILRequest;1;3;1;0.9891;2610;171;27;2;1;0.8182;68;5;12
com.android.internal.telephony.PhoneProxy.registerForDisconnect(Handler, int, Object);com.android.internal.telephony.Phone;0;0;1;0.9947;669;181;14;1;0;0.9947;176;176;73
com.android.internal.telephony.DataConnectionTracker.dump(FileDescriptor, PrintWriter, String[]);com.android.internal.telephony.ApnContext;0;0;35;0.7317;907;78;74;1;0;0.9848;143;19;13
com.android.internal.telephony.uicc.UiccController.handleMessage(Message);com.android.internal.telephony.CommandsInterface;0;2;6;0.7857;106;11;13;1;0;0.9954;216;214;44
com.android.internal.telephony.gsm.GsmDataConnectionTracker.setupData(ApnContext);com.android.internal.telephony.PhoneBase;2;7;0;0.9333;1681;86;13;1;0;0.9947;621;139;66
com.android.internal.telephony.gsm.GSMPhone.getDataRoamingEnabled();com.android.internal.telephony.DataConnectionTracker;0;0;0;1.0000;1009;105;19;1;0;0.9919;907;78;74
com.android.internal.telephony.cdma.CDMAPhone.updateServiceLocation();com.android.internal.telephony.ServiceStateTracker;0;0;1;0.9932;967;126;45;1;0;0.9861;270;42;77
com.android.internal.telephony.DefaultPhoneNotifier.notifyDataActivity(Phone);com.android.internal.telephony.Phone;0;0;1;0.9333;180;19;3;1;0;0.9947;176;176;73
android.telephony.SmsMessage.createFromPdu(byte[], String);com.android.internal.telephony.cdma.SmsMessage;0;0;1;1.0000;230;37;14;1;0;1.0000;551;31;16
com.android.internal.telephony.uicc.IccRecords.setMsisdnNumber(String, String, Message);com.android.internal.telephony.uicc.IccConstants;1;1;5;0.9333;160;33;36;0;2;1.0000;0;0;51
com.android.internal.telephony.sip.SipPhone.SipCall.onConnectionEnded(SipConnection);com.android.internal.telephony.sip.SipPhone;1;1;0;0.9643;214;24;0;0;1;1.0000;238;31;10
com.android.internal.telephony.uicc.IccFileHandler.loadEFTransparent(int, Message);com.android.internal.telephony.CommandsInterface;0;1;5;0.8500;262;16;42;1;0;0.9954;216;214;44
com.android.internal.telephony.CallSetupException.DcDefaultState.exit();com.android.internal.telephony.CommandsInterface;2;0;0;1.0000;169;3;0;1;0;0.9954;216;214;44
com.android.internal.telephony.PhoneProxy.getBackgroundCall();com.android.internal.telephony.Phone;0;0;1;0.9947;669;181;14;1;0;0.9947;176;176;73
com.android.internal.telephony.gsm.SmsCbHeader.isEtwsMessage();com.android.internal.telephony.gsm.SmsCbConstants;1;0;1;0.9545;198;13;16;0;2;1.0000;2;0;31
com.android.internal.telephony.DataConnectionTracker.doRecovery();com.android.internal.telephony.PhoneBase;2;6;4;0.9280;907;78;74;1;1;0.9888;621;139;66
com.android.internal.telephony.gsm.GsmCallTracker.switchWaitingOrHoldingAndActive();com.android.internal.telephony.Call;1;1;1;0.9643;563;41;17;0;1;0.9583;117;16;4
com.android.internal.telephony.CallSetupException.DcDefaultState.enter();com.android.internal.telephony.CommandsInterface;2;0;0;1.0000;169;3;0;1;0;0.9954;216;214;44
com.android.internal.telephony.RIL.acknowledgeLastIncomingCdmaSms(boolean, int, Message);com.android.internal.telephony.RILRequest;1;3;1;0.9892;2610;171;27;2;2;0.7273;68;5;12
com.android.internal.telephony.RIL.sendCDMAFeatureCode(String, Message);com.android.internal.telephony.RILRequest;1;3;1;0.9892;2610;171;27;2;2;0.7273;68;5;12
com.android.internal.telephony.cat.CommandParamsFactory.processProvideLocalInfo(CommandDetails, List<ComprehensionTlv>);com.android.internal.telephony.cat.CatLog;1;0;3;0.9600;576;21;15;1;0;1.0000;13;2;1
com.android.internal.telephony.cat.CatService.handleCmdResponse(CatResponseMessage);com.android.internal.telephony.CommandsInterface;5;3;2;0.8571;491;19;26;1;0;0.9957;216;214;44
com.android.internal.telephony.gsm.GsmConnection.compareTo(DriverCall);com.android.internal.telephony.DriverCall;1;1;2;0.9636;433;31;29;0;3;0.8421;75;5;15
com.android.internal.telephony.cdma.RuimSmsInterfaceManager.copyMessageToIccEf(int, byte[], byte[]);com.android.internal.telephony.uicc.IccUtils;0;0;0;0;0;0;0;0;0;0;0;0;0
com.android.internal.telephony.PhoneBase.notifyDataConnectionFailed(String, String);com.android.internal.telephony.PhoneNotifier;0;0;1;0.9940;621;139;66;1;0;0.9167;11;11;0
com.android.internal.telephony.cdma.CdmaCallTracker.handlePollCalls(AsyncResult);com.android.internal.telephony.cdma.CdmaCall;6;7;12;0.8140;707;48;22;0;2;0.9608;100;14;3
com.android.internal.telephony.uicc.AdnRecordCache.updateAdnByIndex(int, AdnRecord, int, String, Message);com.android.internal.telephony.uicc.AdnRecordLoader;0;2;3;0.7647;190;11;7;1;0;0.9444;117;4;15
android.provider.Telephony.Sms.Sent.addMessage(ContentResolver, String, String, String, Long);android.provider.Telephony.Sms;0;0;1;1.0000;3;1;2;1;0;1.0000;61;6;2
com.android.internal.telephony.cdma.SmsMessage.newFromParcel(Parcel);com.android.internal.telephony.SmsAddress;4;2;1;0.9250;551;31;16;0;2;0.9130;12;3;10
android.telephony.gsm.SmsMessage.getSubmitPdu(String, String, String, boolean, byte[]);com.android.internal.telephony.gsm.SmsMessage;0;0;0;1.0000;159;34;12;1;0;1.0000;446;23;12
android.telephony.gsm.SmsManager.updateMessageOnSim(int, int, byte[]);android.telephony.SmsManager;0;0;1;0.9000;33;9;11;1;0;0.9231;195;13;12
com.android.internal.telephony.DataConnectionTracker.getActiveApnTypes();com.android.internal.telephony.ApnSetting;1;0;1;0.9918;907;78;74;0;1;0.9545;96;4;18
android.telephony.CellBroadcastMessage.getContentValues();android.provider.Telephony.CellBroadcasts;5;0;3;0.9318;230;20;5;0;19;1.0000;2;0;24
com.android.internal.telephony.TelephonyCapabilities.supportsVoiceMessageCount(Phone);com.android.internal.telephony.Phone;0;0;0;1.0000;41;10;1;1;0;0.9947;176;176;73
com.android.internal.telephony.gsm.SimSmsInterfaceManager.copyMessageToIccEf(int, byte[], byte[]);com.android.internal.telephony.CommandsInterface;2;1;5;0.8182;134;12;14;1;0;0.9955;216;214;44
com.android.internal.telephony.PhoneFactory.getCdmaPhone();com.android.internal.telephony.PhoneProxy;1;0;3;1.0000;122;6;10;0;1;1.0000;669;181;14
com.android.internal.telephony.sip.SipPhoneBase.notifyPhoneStateChanged();com.android.internal.telephony.PhoneNotifier;0;0;0;1.0000;288;86;3;1;0;0.9167;11;11;0
com.android.internal.telephony.cdma.CdmaConnection.onDisconnect(DisconnectCause);com.android.internal.telephony.cdma.CdmaCallTracker;1;2;5;0.8983;566;40;27;0;1;0.9865;707;48;22
com.android.internal.telephony.MccTable.setTimezoneFromMccIfNeeded(Context, int);com.android.internal.telephony.ServiceStateTracker;1;1;1;1.0000;160;10;2;0;1;1.0000;270;42;77
com.android.internal.telephony.cdma.CdmaLteServiceStateTracker.pollStateDone();com.android.internal.telephony.uicc.UiccCardApplication;4;3;4;0.8704;369;12;5;1;0;0.9905;388;38;29
com.android.internal.telephony.PhoneBase.getAllCellInfo();com.android.internal.telephony.ServiceStateTracker;0;1;0;0.9940;621;139;66;1;0;0.9861;270;42;77
com.android.internal.telephony.uicc.RuimRecords.handleMessage(Message);com.android.internal.telephony.uicc.IccUtils;0;0;0;0;0;0;0;0;0;0;0;0;0
com.android.internal.telephony.PhoneProxy.getSimulatedRadioControl();com.android.internal.telephony.Phone;0;0;1;0.9947;669;181;14;1;0;0.9947;176;176;73
com.android.internal.telephony.uicc.IccCardProxy.dispose();com.android.internal.telephony.CommandsInterface;0;1;4;0.9167;507;40;28;2;0;0.9910;216;214;44
com.android.internal.telephony.gsm.GsmServiceStateTracker.handlePollStateResult(int, AsyncResult);com.android.internal.telephony.CommandException;2;5;8;0.8243;1025;35;46;0;1;0.9565;46;1;2
com.android.internal.telephony.cdma.CDMAPhone.getCdmaEriText();com.android.internal.telephony.cdma.EriManager;0;1;1;0.9864;967;126;45;1;0;0.9524;235;13;11
com.android.internal.telephony.cdma.RuimPhoneBookInterfaceManager.getAdnRecordsSize(int);com.android.internal.telephony.PhoneBase;0;1;0;0.9231;36;5;1;1;0;0.9943;621;139;66
com.android.internal.telephony.sip.SipPhone.SipCall.dial(String);com.android.internal.telephony.sip.SipPhone.SipConnection;1;1;0;0.9615;214;24;0;1;0;0.9630;125;15;7
com.android.internal.telephony.cdma.CdmaCallTracker.fakeHoldForegroundBeforeDial();com.android.internal.telephony.cdma.CdmaCall;1;0;1;0.9851;707;48;22;0;1;0.9444;100;14;3
com.android.internal.telephony.test.SimulatedCommands.dial(String, int, UUSInfo, Message);com.android.internal.telephony.test.SimulatedGsmCallState;0;1;1;0.9872;821;136;26;1;0;0.9615;452;20;6
com.android.internal.telephony.gsm.UsimDataDownloadHandler.acknowledgeSmsWithError(int);com.android.internal.telephony.CommandsInterface;0;0;1;0.8333;142;7;7;1;0;0.9954;216;214;44
com.android.internal.telephony.gsm.SimPhoneBookInterfaceManager.getAdnRecordsSize(int);com.android.internal.telephony.PhoneBase;0;1;0;0.9231;36;5;1;1;0;0.9943;621;139;66
com.android.internal.telephony.cdma.SmsMessage.isMWISetMessage();com.android.internal.telephony.cdma.sms.BearerData;1;0;1;0.9583;551;31;16;0;1;0.9744;1209;66;114
com.android.internal.telephony.gsm.GsmDataConnectionTracker.onApnChanged();com.android.internal.telephony.Phone;1;5;0;0.9457;1681;86;13;0;1;1.0000;176;176;73
com.android.internal.telephony.gsm.GSMPhone.dispose();com.android.internal.telephony.gsm.SimSmsInterfaceManager;1;1;6;0.9478;1009;105;19;1;0;0.9750;134;12;14
com.android.internal.telephony.CallSetupException.DcDefaultState.processMessage(Message);com.android.internal.telephony.ApnContext;3;0;0;1.0000;169;3;0;0;1;0.9767;143;19;13
com.android.internal.telephony.SmsStorageMonitor.handleMessage(Message);com.android.internal.telephony.CommandsInterface;0;1;7;0.6364;53;4;11;1;0;0.9954;216;214;44
com.android.internal.telephony.cdma.RuimSmsInterfaceManager.getAllMessagesFromIccEf();com.android.internal.telephony.uicc.IccFileHandler;2;1;5;0.7778;88;10;8;1;0;0.9630;262;16;42
com.android.internal.telephony.uicc.AdnRecordCache.reset();com.android.internal.telephony.gsm.UsimPhoneBookManager;0;2;2;0.7647;190;11;7;1;0;0.9677;250;14;33
com.android.internal.telephony.cdma.CdmaCall.isFull();com.android.internal.telephony.cdma.CdmaCallTracker;1;0;1;0.9333;100;14;3;0;1;1.0000;707;48;22
com.android.internal.telephony.gsm.GsmDataConnectionTracker.onDataConnectionAttached();com.android.internal.telephony.Phone;1;5;1;0.9457;1681;86;13;0;1;1.0000;176;176;73
com.android.internal.telephony.uicc.SIMRecords.fetchSimRecords();com.android.internal.telephony.uicc.IccFileHandler;2;2;18;0.9661;909;32;58;4;0;0.8667;262;16;42
com.android.internal.telephony.RIL.deleteSmsOnSim(int, Message);com.android.internal.telephony.RILRequest;1;3;1;0.9892;2610;171;27;2;2;0.7273;68;5;12
com.android.internal.telephony.ServiceStateTracker.disableLocationUpdates();com.android.internal.telephony.CommandsInterface;0;0;3;0.9577;270;42;77;1;0;0.9954;216;214;44
com.android.internal.telephony.PhoneProxy.registerForResendIncallMute(Handler, int, Object);com.android.internal.telephony.Phone;0;0;1;0.9947;669;181;14;1;0;0.9947;176;176;73
com.android.internal.telephony.cat.IconLoader.readClut();com.android.internal.telephony.cat.ImageDescriptor;1;0;6;0.8636;217;14;19;0;1;0.9167;27;1;9
com.android.internal.telephony.cdma.CdmaDataConnectionTracker.cleanUpConnection(boolean, String, boolean);com.android.internal.telephony.DataConnectionAc;2;2;0;0.9688;612;49;13;1;0;0.9811;270;41;35
com.android.internal.telephony.gsm.GSMPhone.canConference();com.android.internal.telephony.gsm.GsmCallTracker;0;0;1;0.9917;1009;105;19;1;0;0.9818;563;41;17
com.android.internal.telephony.CallManager.getFirstNonIdleCall(List<Call>);com.android.internal.telephony.Call;1;0;0;1.0000;775;95;53;1;1;0.9000;117;16;4
com.android.internal.telephony.test.SimulatedCommands.triggerHangupBackground();com.android.internal.telephony.test.SimulatedGsmCallState;0;0;1;0.9936;821;136;26;1;0;0.9615;452;20;6
com.android.internal.telephony.uicc.UiccController.getIccFileHandler(int);com.android.internal.telephony.uicc.UiccCardApplication;0;0;2;0.9333;106;11;13;1;0;0.9844;388;38;29
com.android.internal.telephony.RIL.setCdmaSubscriptionSource(int, Message);com.android.internal.telephony.RILRequest;1;3;1;0.9892;2610;171;27;2;2;0.7273;68;5;12
com.android.internal.telephony.gsm.GsmDataConnectionTracker.addApnContext(String);com.android.internal.telephony.ApnContext;0;0;1;0.9891;1681;86;13;1;0;0.9706;143;19;13
com.android.internal.telephony.PhoneProxy.unregisterForSubscriptionInfoReady(Handler);com.android.internal.telephony.Phone;0;0;1;0.9947;669;181;14;1;0;0.9947;176;176;73
android.telephony.SmsManager.createMessageListFromRawRecords(List<SmsRawData>);android.telephony.SmsMessage;1;0;0;1.0000;195;13;12;1;0;1.0000;230;37;14
com.android.internal.telephony.CallManager.hasMoreThanOneRingingCall();com.android.internal.telephony.Call;1;0;1;0.9919;775;95;53;0;1;0.9524;117;16;4
com.android.internal.telephony.gsm.GSMPhone.unregisterForSimRecordEvents();com.android.internal.telephony.uicc.IccRecords;0;0;0;1.0000;1009;105;19;4;0;0.9344;160;33;36
com.android.internal.telephony.uicc.RuimRecords.fetchRuimRecords();com.android.internal.telephony.uicc.UiccCardApplication;1;1;3;0.9767;330;21;25;1;0;0.9863;388;38;29
com.android.internal.telephony.cdma.CDMAPhone.dispose();com.android.internal.telephony.DataConnectionTracker;1;2;9;0.9329;967;126;45;1;0;0.9933;907;78;74
com.android.internal.telephony.PhoneProxy.getPendingMmiCodes();com.android.internal.telephony.Phone;0;0;1;0.9947;669;181;14;1;0;0.9947;176;176;73
com.android.internal.telephony.gsm.GsmMmiCode.cancel();com.android.internal.telephony.gsm.GSMPhone;2;0;4;0.9375;840;42;63;1;0;0.9921;1009;105;19
com.android.internal.telephony.gsm.GsmDataConnectionTracker.dispose();com.android.internal.telephony.CallTracker;1;3;1;0.9636;1681;86;13;2;0;0.9512;58;15;20
com.android.internal.telephony.cdma.CdmaLteServiceStateTracker.pollStateDone();com.android.internal.telephony.cdma.EriInfo;4;3;4;0.8704;369;12;5;0;1;1.0000;8;0;11
com.android.internal.telephony.cdma.CdmaMmiCode.processCode();com.android.internal.telephony.CommandsInterface;2;3;8;0.6154;143;12;25;1;0;0.9956;216;214;44
com.android.internal.telephony.gsm.GsmDataConnectionTracker.setupData(ApnContext);com.android.internal.telephony.gsm.GsmDataConnection;2;7;0;0.9333;1681;86;13;0;1;0.9655;60;7;2
com.android.internal.telephony.cat.CommandParamsFactory.processEventNotify(CommandDetails, List<ComprehensionTlv>);com.android.internal.telephony.cat.IconLoader;2;1;5;0.8667;576;21;15;1;0;0.9667;217;14;19
com.android.internal.telephony.cdma.CdmaConnection.update(DriverCall);com.android.internal.telephony.cdma.CdmaCall;2;5;3;0.8939;566;40;27;3;0;0.9000;100;14;3
com.android.internal.telephony.PhoneProxy.getSmscAddress(Message);com.android.internal.telephony.Phone;0;0;1;0.9947;669;181;14;1;0;0.9947;176;176;73
com.android.internal.telephony.cdma.CDMAPhone.getRingingCall();com.android.internal.telephony.cdma.CdmaCallTracker;1;0;1;0.9932;967;126;45;0;1;0.9851;707;48;22
com.android.internal.telephony.Call.getEarliestConnection();com.android.internal.telephony.Connection;0;1;0;0.9500;117;16;4;1;0;0.9667;60;24;6
com.android.internal.telephony.TelephonyCapabilities.supportsHoldAndUnhold(Phone);com.android.internal.telephony.Phone;0;0;0;1.0000;41;10;1;1;0;0.9947;176;176;73
com.android.internal.telephony.uicc.SIMRecords.handleSmses(ArrayList);com.android.internal.telephony.uicc.IccConstants;1;1;1;0.9796;909;32;58;0;1;1.0000;0;0;51
com.android.internal.telephony.gsm.GsmDataConnectionTracker.onDataSetupComplete(AsyncResult);com.android.internal.telephony.Phone;4;6;1;0.9364;1681;86;13;0;1;1.0000;176;176;73
com.android.internal.telephony.cdma.SmsMessage.privateGetSubmitPdu(String, boolean, UserData);com.android.internal.telephony.cdma.sms.BearerData;5;1;3;1.0000;551;31;16;1;9;0.8431;1209;66;114
com.android.internal.telephony.cdma.CdmaDataConnectionTracker.onRadioAvailable();com.android.internal.telephony.PhoneBase;2;1;0;0.9836;612;49;13;0;1;0.9942;621;139;66
android.provider.Telephony.Threads.getOrCreateThreadId(Context, Set<String>);android.provider.Telephony.Mms;1;0;2;1.0000;33;2;7;2;0;1.0000;44;6;6
com.android.internal.telephony.PhoneSubInfo.getIsimImpu();com.android.internal.telephony.Phone;0;0;3;0.9000;98;16;6;1;0;0.9948;176;176;73
com.android.internal.telephony.IccPhoneBookInterfaceManagerProxy.updateAdnRecordsInEfByIndex(int, String, String, int, String);com.android.internal.telephony.IccPhoneBookInterfaceManager;0;0;1;0.8333;21;4;1;1;0;0.9524;98;12;12
com.android.internal.telephony.CallSetupException.getRilRadioTechnology(int);com.android.internal.telephony.Phone;0;0;2;0.9608;293;31;34;1;0;0.9947;176;176;73
com.android.internal.telephony.cdma.CdmaServiceStateTracker.hangupAndPowerOff();com.android.internal.telephony.CommandsInterface;2;0;1;0.9890;1091;45;44;1;0;0.9955;216;214;44
com.android.internal.telephony.cdma.CDMAPhone.disableLocationUpdates();com.android.internal.telephony.ServiceStateTracker;0;0;1;0.9932;967;126;45;1;0;0.9861;270;42;77
com.android.internal.telephony.gsm.GsmDataConnectionTracker.restartRadio();com.android.internal.telephony.Phone;1;2;0;0.9785;1681;86;13;0;1;1.0000;176;176;73
com.android.internal.telephony.gsm.GSMPhone.getOutgoingCallerIdDisplay(Message);com.android.internal.telephony.CommandsInterface;0;0;0;1.0000;1009;105;19;1;0;0.9954;216;214;44
com.android.internal.telephony.IccProvider.update(Uri, ContentValues, String, String[]);com.android.internal.telephony.uicc.IccConstants;1;2;4;0.8333;252;13;11;0;2;1.0000;0;0;51
com.android.internal.telephony.cat.CatService.sendTerminalResponse(CommandDetails, ResultCode, boolean, int, ResponseData);com.android.internal.telephony.cat.ResponseData;3;1;4;0.9000;491;19;26;1;0;0.9000;7;2;0
android.telephony.gsm.SmsMessage.getSubmitPdu(String, String, String, boolean);com.android.internal.telephony.cdma.SmsMessage;0;0;0;1.0000;159;34;12;1;0;1.0000;551;31;16
com.android.internal.telephony.cat.CatService.encodeOptionalTags(CommandDetails, ResultCode, Input, ByteArrayOutputStream);com.android.internal.telephony.cat.CommandParamsFactory;4;2;0;0.9231;491;19;26;0;1;1.0000;576;21;15
com.android.internal.telephony.Call.getEarliestConnectTime();com.android.internal.telephony.Connection;0;1;0;0.9500;117;16;4;1;0;0.9667;60;24;6
com.android.internal.telephony.cdma.CdmaServiceStateTracker.revertToNitzTimeZone();com.android.internal.telephony.PhoneBase;1;2;2;0.9529;1091;45;44;0;1;0.9942;621;139;66
com.android.internal.telephony.cdma.CdmaServiceStateTracker.dispose();com.android.internal.telephony.uicc.IccRecords;0;0;5;0.9490;1091;45;44;1;0;0.9872;160;33;36
com.android.internal.telephony.cdma.sms.BearerData.decodeCallbackNumber(BearerData, BitwiseInputStream);com.android.internal.telephony.SmsAddress;2;1;1;0.9767;1209;66;114;0;2;0.8000;12;3;10
com.android.internal.telephony.PhoneProxy.unregisterForSuppServiceNotification(Handler);com.android.internal.telephony.Phone;0;0;1;0.9947;669;181;14;1;0;0.9947;176;176;73
com.android.internal.telephony.cat.CommandParamsFactory.processSetupCall(CommandDetails, List<ComprehensionTlv>);com.android.internal.telephony.cat.IconLoader;2;2;5;0.8276;576;21;15;1;0;0.9667;217;14;19
com.android.internal.telephony.cat.ValueParser.retrieveItemsIconId(ComprehensionTlv);com.android.internal.telephony.cat.CatLog;2;0;0;1.0000;195;10;0;1;0;1.0000;13;2;1
com.android.internal.telephony.uicc.RuimRecords.EfCsimImsimLoaded.onRecordLoaded(AsyncResult);com.android.internal.telephony.uicc.IccUtils;0;0;0;0;0;0;0;0;0;0;0;0;0
com.android.internal.telephony.gsm.GsmMmiCode.isShortCodeUSSD(String, GSMPhone);com.android.internal.telephony.gsm.GSMPhone;0;0;1;1.0000;840;42;63;1;0;0.9917;1009;105;19
com.android.internal.telephony.gsm.GsmCallTracker.hangup(GsmCall);com.android.internal.telephony.Call;2;6;4;0.8333;563;41;17;2;0;0.9429;117;16;4
com.android.internal.telephony.SmsStorageMonitor.dispose();com.android.internal.telephony.CommandsInterface;0;0;3;0.7500;53;4;11;2;0;0.9908;216;214;44
com.android.internal.telephony.CallManager.registerPhone(Phone);com.android.internal.telephony.Phone;0;2;7;0.9524;775;95;53;4;0;0.9794;176;176;73
com.android.internal.telephony.SMSDispatcher.dispatchNormalMessage(SmsMessageBase);com.android.internal.telephony.SmsHeader.PortAddrs;4;3;1;0.9344;605;33;46;0;1;0.9444;0;0;3
com.android.internal.telephony.CallSetupException.retryForeverUsingLastTimeout();com.android.internal.telephony.RetryManager;0;0;1;0.9804;293;31;34;1;0;0.9583;201;16;9
com.android.internal.telephony.cdma.CdmaInformationRecords.CdmaDisplayInfoRec.toString();com.android.internal.telephony.cdma.CdmaInformationRecords;0;0;2;0.3333;7;1;2;1;0;1.0000;60;1;12
com.android.internal.telephony.PhoneProxy.queryCdmaRoamingPreference(Message);com.android.internal.telephony.Phone;0;0;1;0.9947;669;181;14;1;0;0.9947;176;176;73
com.android.internal.telephony.CallSetupException.DcActivatingState.processMessage(Message);com.android.internal.telephony.PhoneBase;2;0;0;1.0000;72;1;0;0;1;0.9944;621;139;66
com.android.internal.telephony.uicc.RuimRecords.onAllRecordsLoaded();com.android.internal.telephony.MccTable;0;3;1;0.9118;330;21;25;1;0;1.0000;160;10;2
com.android.internal.telephony.CallSetupException.DcActiveState.setEnterNotificationParams(ConnectionParams, FailCause);com.android.internal.telephony.CallSetupException;0;0;2;0.6667;62;4;2;1;0;0.9811;293;31;34
com.android.internal.telephony.RIL.queryTTYMode(Message);com.android.internal.telephony.RILRequest;1;3;1;0.9891;2610;171;27;2;1;0.8182;68;5;12
com.android.internal.telephony.ServiceStateTracker.registerForPsRestrictedDisabled(Handler, int, Object);com.android.internal.telephony.RestrictedState;1;0;2;0.9718;270;42;77;0;1;0.8889;52;3;3
com.android.internal.telephony.ServiceStateTracker.registerForPsRestrictedEnabled(Handler, int, Object);com.android.internal.telephony.RestrictedState;1;0;2;0.9718;270;42;77;0;1;0.8889;52;3;3
com.android.internal.telephony.CallTracker.isCommandExceptionRadioNotAvailable(Throwable);com.android.internal.telephony.CommandException;1;0;0;1.0000;58;15;20;0;1;0.6667;46;1;2
com.android.internal.telephony.PhoneProxy.disableLocationUpdates();com.android.internal.telephony.Phone;0;0;1;0.9947;669;181;14;1;0;0.9947;176;176;73
com.android.internal.telephony.PhoneProxy.unregisterForUnknownConnection(Handler);com.android.internal.telephony.Phone;0;0;1;0.9947;669;181;14;1;0;0.9947;176;176;73
com.android.internal.telephony.DataConnectionTracker.getRecoveryAction();com.android.internal.telephony.PhoneBase;1;1;2;0.9836;907;78;74;0;1;0.9941;621;139;66
com.android.internal.telephony.cat.CommandParamsFactory.processPlayTone(CommandDetails, List<ComprehensionTlv>);com.android.internal.telephony.cat.IconLoader;4;1;5;0.8824;576;21;15;1;0;0.9706;217;14;19
com.android.internal.telephony.uicc.IccFileHandler.handleMessage(Message);com.android.internal.telephony.uicc.IccConstants;2;4;21;0.7931;262;16;42;0;1;1.0000;0;0;51
com.android.internal.telephony.gsm.SimSmsInterfaceManager.CellBroadcastRangeManager.finishUpdate();com.android.internal.telephony.gsm.SimSmsInterfaceManager;0;0;1;0.7500;15;3;1;1;0;0.9500;134;12;14
com.android.internal.telephony.uicc.UiccCardApplication.setIccFdnEnabled(boolean, String, Message);com.android.internal.telephony.CommandsInterface;1;0;6;0.9194;388;38;29;1;5;0.9955;216;214;44
com.android.internal.telephony.PhoneBase.getLinkProperties(String);com.android.internal.telephony.DataConnectionTracker;0;0;1;0.9940;621;139;66;1;0;0.9919;907;78;74
com.android.internal.telephony.cdma.CdmaMmiCode.cancel();com.android.internal.telephony.MmiCode;1;0;2;0.9167;143;12;25;0;1;0.8889;5;5;1
com.android.internal.telephony.test.SimulatedGsmCallState.onAnswer();com.android.internal.telephony.test.CallInfo;1;1;1;0.9167;452;20;6;0;1;0.9333;54;7;7
android.telephony.CellBroadcastMessage.getContentValues();android.telephony.SmsCbCmasInfo;5;0;3;0.9318;230;20;5;0;6;0.7857;48;3;46
com.android.internal.telephony.CallManager.clearDisconnected();com.android.internal.telephony.Phone;0;0;1;0.9919;775;95;53;1;0;0.9947;176;176;73
com.android.internal.telephony.cdma.sms.BearerData.encodeCdmaSmsAddress(CdmaSmsAddress);com.android.internal.telephony.cdma.sms.CdmaSmsAddress;2;1;0;1.0000;1209;66;114;0;2;0.8750;84;5;23
com.android.internal.telephony.gsm.GsmDataConnectionTracker.onVoiceCallStarted();com.android.internal.telephony.ServiceStateTracker;1;3;0;0.9684;1681;86;13;1;0;0.9872;270;42;77
com.android.internal.telephony.gsm.GSMPhone.sendDtmf(char);com.android.internal.telephony.CommandsInterface;1;0;2;0.9918;1009;105;19;1;0;0.9954;216;214;44
com.android.internal.telephony.gsm.GsmCallTracker.handlePollCalls(AsyncResult);com.android.internal.telephony.CommandsInterface;5;4;10;0.8493;563;41;17;1;0;0.9959;216;214;44
android.telephony.CellBroadcastMessage.getCmasMessageClass();android.telephony.SmsCbCmasInfo;2;0;1;0.9630;230;20;5;0;2;0.9286;48;3;46
com.android.internal.telephony.gsm.GsmDataConnectionTracker.onDataSetupComplete(AsyncResult);com.android.internal.telephony.ApnSetting;4;6;1;0.9364;1681;86;13;0;4;0.9091;96;4;18
com.android.internal.telephony.cdma.CdmaServiceStateTracker.pollStateDone();com.android.internal.telephony.PhoneBase;1;4;8;0.8824;1091;45;44;1;1;0.9897;621;139;66
com.android.internal.telephony.gsm.GsmDataConnectionTracker.findReadyDataConnection(ApnSetting);com.android.internal.telephony.DataConnectionAc;1;1;0;0.9894;1681;86;13;1;1;0.9565;270;41;35
com.android.internal.telephony.gsm.GsmSMSDispatcher.SmsCbConcatInfo.hashCode();android.telephony.SmsCbLocation;1;0;2;0.7143;17;3;2;1;0;0.9412;77;7;4
com.android.internal.telephony.Call.getEarliestCreateTime();com.android.internal.telephony.Connection;0;1;0;0.9500;117;16;4;1;0;0.9667;60;24;6
com.android.internal.telephony.cdma.CdmaCallTracker.handlePollCalls(AsyncResult);com.android.internal.telephony.Phone;6;7;12;0.8140;707;48;22;0;1;1.0000;176;176;73
com.android.internal.telephony.cat.CommandParamsFactory.processGetInkey(CommandDetails, List<ComprehensionTlv>);com.android.internal.telephony.cat.IconId;3;1;5;0.8889;576;21;15;0;1;0.9444;3;1;2
com.android.internal.telephony.cdma.CdmaServiceStateTracker.updateOtaspState();com.android.internal.telephony.PhoneBase;0;2;3;0.9412;1091;45;44;1;0;0.9942;621;139;66
com.android.internal.telephony.gsm.GsmCallTracker.updatePhoneState();com.android.internal.telephony.Call;0;0;8;0.8571;563;41;17;2;0;0.9310;117;16;4
com.android.internal.telephony.cdma.CdmaCallTracker.switchWaitingOrHoldingAndActive();com.android.internal.telephony.cdma.CdmaCall;1;1;2;0.9565;707;48;22;0;2;0.9048;100;14;3
com.android.internal.telephony.CallManager.getMute();com.android.internal.telephony.Call;0;4;0;0.9677;775;95;53;1;0;0.9600;117;16;4
com.android.internal.telephony.gsm.GsmSMSDispatcher.handleBroadcastSms(AsyncResult);android.telephony.SmsCbMessage;2;0;2;0.9524;242;13;6;0;4;1.0000;102;6;22
com.android.internal.telephony.PhoneProxy.isCspPlmnEnabled();com.android.internal.telephony.Phone;0;0;1;0.9947;669;181;14;1;0;0.9947;176;176;73
com.android.internal.telephony.cdma.CDMALTEPhone.updateCurrentCarrierInProvider();android.provider.Telephony.Carriers;1;1;3;0.9000;169;15;5;0;2;1.0000;0;0;25
com.android.internal.telephony.gsm.GsmConnection.processPostDialChar(char);com.android.internal.telephony.CommandsInterface;1;1;7;0.9273;433;31;29;1;0;0.9955;216;214;44
com.android.internal.telephony.test.ModelInterpreter.setNextDialFailImmediately(boolean);com.android.internal.telephony.test.SimulatedGsmCallState;1;0;1;0.9773;319;33;14;0;1;0.9600;452;20;6
com.android.internal.telephony.sip.SipPhoneBase.updatePhoneState();com.android.internal.telephony.Call;0;4;2;0.9438;288;86;3;2;0;0.9200;117;16;4
com.android.internal.telephony.cdma.SmsMessage.getSubmitPdu(String, String, String, boolean, SmsHeader);com.android.internal.telephony.cdma.sms.UserData;1;1;0;1.0000;551;31;16;0;2;0.7778;23;2;31
com.android.internal.telephony.PhoneProxy.registerForRingbackTone(Handler, int, Object);com.android.internal.telephony.Phone;0;0;1;0.9947;669;181;14;1;0;0.9947;176;176;73
com.android.internal.telephony.cdma.CdmaCallTracker.checkMtFindNewRinging(DriverCall, int);com.android.internal.telephony.cdma.CdmaConnection;4;1;4;0.9420;707;48;22;0;2;0.9683;566;40;27
com.android.internal.telephony.CallSetupException.DcActivatingState.processMessage(Message);com.android.internal.telephony.CallSetupException;2;0;0;1.0000;72;1;0;3;9;0.8364;293;31;34
com.android.internal.telephony.gsm.GsmCallTracker.hangup(GsmCall);com.android.internal.telephony.gsm.GSMPhone;2;6;4;0.8333;563;41;17;1;0;0.9926;1009;105;19
com.android.internal.telephony.CallManager.rejectCall(Call);com.android.internal.telephony.Phone;0;1;2;0.9919;775;95;53;1;0;0.9947;176;176;73
com.android.internal.telephony.RIL.getCurrentCalls(Message);com.android.internal.telephony.RILRequest;1;3;1;0.9891;2610;171;27;2;1;0.8182;68;5;12
com.android.internal.telephony.gsm.SimSmsInterfaceManager.copyMessageToIccEf(int, byte[], byte[]);com.android.internal.telephony.PhoneBase;2;1;5;0.8182;134;12;14;0;1;0.9943;621;139;66
com.android.internal.telephony.cat.CommandParamsFactory.processSelectItem(CommandDetails, List<ComprehensionTlv>);com.android.internal.telephony.cat.IconId;4;2;7;0.8718;576;21;15;0;2;0.9048;3;1;2
com.android.internal.telephony.gsm.GsmDataConnectionTracker.restartRadio();com.android.internal.telephony.ServiceStateTracker;1;2;0;0.9785;1681;86;13;1;0;0.9867;270;42;77
com.android.internal.telephony.cdma.CdmaCallTracker.flashAndSetGenericTrue();com.android.internal.telephony.cdma.CDMAPhone;1;0;2;0.9710;707;48;22;1;0;0.9934;967;126;45
com.android.internal.telephony.cdma.CDMAPhone.updateCurrentCarrierInProvider(String);android.provider.Telephony.Carriers;1;1;1;0.9932;967;126;45;0;2;1.0000;0;0;25
com.android.internal.telephony.gsm.GSMPhone.onIncomingUSSD(int, String);com.android.internal.telephony.gsm.GsmMmiCode;2;1;1;0.9837;1009;105;19;3;1;0.9375;840;42;63
com.android.internal.telephony.CallTracker.pollCallsWhenSafe();com.android.internal.telephony.CommandsInterface;0;1;4;0.7895;58;15;20;1;0;0.9954;216;214;44
com.android.internal.telephony.uicc.SIMRecords.setVoiceMessageWaiting(int, int);com.android.internal.telephony.uicc.IccFileHandler;1;1;3;0.9423;909;32;58;2;0;0.9231;262;16;42
com.android.internal.telephony.cdma.CDMALTEPhone.getMsisdn();com.android.internal.telephony.uicc.SIMRecords;1;0;1;0.9474;169;15;5;0;1;1.0000;909;32;58
com.android.internal.telephony.uicc.RuimRecords.setLocaleFromCsim();com.android.internal.telephony.MccTable;0;2;3;0.8824;330;21;25;2;0;1.0000;160;10;2
com.android.internal.telephony.cat.IconLoader.readId();com.android.internal.telephony.uicc.IccFileHandler;0;1;4;0.8095;217;14;19;1;0;0.9583;262;16;42
com.android.internal.telephony.cdma.CdmaServiceStateTracker.setPowerStateToDesired();com.android.internal.telephony.CommandsInterface;2;0;1;0.9890;1091;45;44;2;1;0.9864;216;214;44
com.android.internal.telephony.gsm.GsmDataConnectionTracker.buildWaitingApns(String);com.android.internal.telephony.Phone;2;3;1;0.9608;1681;86;13;1;0;0.9951;176;176;73
com.android.internal.telephony.cdma.CdmaCallTracker.handlePollCalls(AsyncResult);com.android.internal.telephony.DriverCall;6;7;12;0.8140;707;48;22;0;3;0.9412;75;5;15
com.android.internal.telephony.CallManager.setEchoSuppressionEnabled(boolean);com.android.internal.telephony.Phone;0;3;2;0.9758;775;95;53;1;0;0.9948;176;176;73
com.android.internal.telephony.PhoneProxy.getActiveApnHost(String);com.android.internal.telephony.Phone;0;0;1;0.9947;669;181;14;1;0;0.9947;176;176;73
com.android.internal.telephony.gsm.GsmDataConnectionTracker.onDataStateChanged(AsyncResult);com.android.internal.telephony.PhoneBase;2;6;0;0.9417;1681;86;13;2;0;0.9891;621;139;66
com.android.internal.telephony.cdma.CDMAPhone.getCellLocation();com.android.internal.telephony.cdma.CdmaServiceStateTracker;1;0;1;0.9932;967;126;45;0;1;0.9884;1091;45;44
com.android.internal.telephony.gsm.GsmCallTracker.hangupConnectionByIndex(GsmCall, int);com.android.internal.telephony.CommandsInterface;1;1;0;0.9825;563;41;17;1;0;0.9954;216;214;44
com.android.internal.telephony.cdma.CDMAPhone.clearDisconnected();com.android.internal.telephony.cdma.CdmaCallTracker;0;0;1;0.9932;967;126;45;1;0;0.9851;707;48;22
com.android.internal.telephony.gsm.GsmDataConnectionTracker.notifyDefaultData(ApnContext);com.android.internal.telephony.ApnContext;1;1;1;0.9897;1681;86;13;1;2;0.9189;143;19;13
com.android.internal.telephony.PhoneBase.getIccRecordsLoaded();com.android.internal.telephony.uicc.IccRecords;0;0;1;0.9940;621;139;66;1;0;0.9836;160;33;36
com.android.internal.telephony.cdma.SmsMessage.parseBroadcastSms();android.telephony.SmsCbMessage;4;0;3;0.9677;551;31;16;0;2;1.0000;102;6;22
com.android.internal.telephony.CallManager.sendDtmf(char);com.android.internal.telephony.Phone;0;3;2;0.9758;775;95;53;1;0;0.9948;176;176;73
com.android.internal.telephony.cat.CatService.validateResponse(CatResponseMessage);com.android.internal.telephony.cat.CatResponseMessage;2;0;1;0.9615;491;19;26;0;1;0.9000;21;0;6
com.android.internal.telephony.test.SimulatedGsmCallState.triggerRing(String);com.android.internal.telephony.test.CallInfo;1;0;1;0.9583;452;20;6;1;1;0.9286;54;7;7
com.android.internal.telephony.IccSmsInterfaceManager.getPremiumSmsPermission(String);com.android.internal.telephony.SMSDispatcher;0;0;1;0.9231;63;9;3;1;0;0.9804;605;33;46
com.android.internal.telephony.gsm.UsimDataDownloadHandler.handleDataDownload(SmsMessage);com.android.internal.telephony.SmsMessageBase;4;2;6;0.7778;142;7;7;0;1;0.9737;80;16;18
com.android.internal.telephony.cdma.CdmaDataConnectionTracker.onRoamingOn();com.android.internal.telephony.Phone;1;2;0;0.9667;612;49;13;0;1;1.0000;176;176;73
com.android.internal.telephony.uicc.SIMRecords.setVoiceMessageWaiting(int, int);com.android.internal.telephony.uicc.IccConstants;1;1;3;0.9423;909;32;58;0;2;1.0000;0;0;51
com.android.internal.telephony.IccProvider.delete(Uri, String, String[]);com.android.internal.telephony.uicc.IccConstants;1;3;8;0.7500;252;13;11;0;2;1.0000;0;0;51
com.android.internal.telephony.gsm.SmsMessage.parseSmsSubmit(PduParser, int);com.android.internal.telephony.SmsAddress;0;0;0;0;0;0;0;0;0;0;0;0;0
com.android.internal.telephony.RIL.setCdmaBroadcastActivation(boolean, Message);com.android.internal.telephony.RILRequest;1;3;1;0.9892;2610;171;27;2;2;0.7273;68;5;12
com.android.internal.telephony.cat.CommandParamsFactory.processSelectItem(CommandDetails, List<ComprehensionTlv>);com.android.internal.telephony.cat.Menu;4;2;7;0.8718;576;21;15;0;8;0.6923;46;2;11
android.telephony.CellBroadcastMessage.getContentValues();android.telephony.SmsCbLocation;5;0;3;0.9318;230;20;5;0;3;0.9118;77;7;4
com.android.internal.telephony.cat.CommandParamsFactory.processPlayTone(CommandDetails, List<ComprehensionTlv>);com.android.internal.telephony.cat.ComprehensionTlv;4;1;5;0.8824;576;21;15;0;3;0.8235;97;2;6
com.android.internal.telephony.CallManager.getFirstCallOfState(ArrayList<Call>, Call.State);com.android.internal.telephony.Call;1;0;0;1.0000;775;95;53;0;1;0.9500;117;16;4
com.android.internal.telephony.cdma.CDMAPhone.enableLocationUpdates();com.android.internal.telephony.ServiceStateTracker;0;0;1;0.9932;967;126;45;1;0;0.9861;270;42;77
android.telephony.gsm.SmsMessage.getPdu();com.android.internal.telephony.SmsMessageBase;1;0;1;0.9655;159;34;12;0;1;0.9706;80;16;18
com.android.internal.telephony.cdma.CDMAPhone.dispose();com.android.internal.telephony.cdma.CdmaServiceStateTracker;1;2;9;0.9329;967;126;45;1;0;0.9912;1091;45;44
com.android.internal.telephony.gsm.GSMPhone.onUpdateIccAvailability();com.android.internal.telephony.uicc.UiccController;1;3;2;0.9680;1009;105;19;1;1;0.9565;106;11;13
com.android.internal.telephony.PhoneFactory.makeDefaultPhone(Context);com.android.internal.telephony.Phone;2;0;10;1.0000;122;6;10;0;1;0.9947;176;176;73
com.android.internal.telephony.uicc.IccFileHandler.updateEFTransparent(int, byte[], Message);com.android.internal.telephony.uicc.IccUtils;0;0;0;0;0;0;0;0;0;0;0;0;0
com.android.internal.telephony.IntRangeManager.IntRange.insert(ClientRange);com.android.internal.telephony.IntRangeManager.ClientRange;1;0;1;0.8750;33;1;3;1;1;0.7143;17;2;3
com.android.internal.telephony.gsm.GsmMmiCode.onGetClirComplete(AsyncResult);com.android.internal.telephony.gsm.GSMPhone;1;2;4;0.8696;840;42;63;1;0;0.9921;1009;105;19
android.telephony.SmsMessage.calculateLength(CharSequence, boolean);com.android.internal.telephony.gsm.SmsMessage;0;0;0;1.0000;230;37;14;1;0;1.0000;446;23;12
com.android.internal.telephony.PhoneSubInfo.getSubscriberId();com.android.internal.telephony.Phone;0;0;3;0.8947;98;16;6;1;0;0.9947;176;176;73
com.android.internal.telephony.gsm.GsmServiceStateTracker.setPowerStateToDesired();com.android.internal.telephony.CommandsInterface;2;0;1;0.9863;1025;35;46;2;1;0.9864;216;214;44
com.android.internal.telephony.cat.CatService.handleCommand(CommandParams, boolean);com.android.internal.telephony.cat.CatCmdMessage;10;2;5;0.8286;491;19;26;0;2;0.9286;111;3;8
android.telephony.gsm.SmsMessage.getUserData();com.android.internal.telephony.SmsMessageBase;1;0;1;0.9655;159;34;12;0;1;0.9706;80;16;18
com.android.internal.telephony.cdma.CdmaConnection.disconnectCauseFromCode(int);com.android.internal.telephony.uicc.UiccCardApplication;5;0;1;0.9839;566;40;27;1;0;0.9853;388;38;29
com.android.internal.telephony.PhoneProxy.unregisterForLineControlInfo(Handler);com.android.internal.telephony.Phone;0;0;1;0.9947;669;181;14;1;0;0.9947;176;176;73
com.android.internal.telephony.RIL.setLocationUpdates(boolean, Message);com.android.internal.telephony.RILRequest;1;3;1;0.9892;2610;171;27;2;2;0.7273;68;5;12
com.android.internal.telephony.uicc.UiccCardApplication.changeIccFdnPassword(String, String, Message);com.android.internal.telephony.CommandsInterface;0;1;4;0.9355;388;38;29;1;0;0.9954;216;214;44
com.android.internal.telephony.uicc.SIMRecords.parseEfSpdi(byte[]);com.android.internal.telephony.gsm.SimTlv;2;1;3;0.9608;909;32;58;3;1;0.7143;51;4;7
com.android.internal.telephony.cat.CommandParamsFactory.processGetInkey(CommandDetails, List<ComprehensionTlv>);com.android.internal.telephony.cat.CommandDetails;3;1;5;0.8889;576;21;15;0;1;0.9615;26;5;5
com.android.internal.telephony.cdma.sms.BearerData.serviceCategoryToCmasMessageClass(int);android.telephony.SmsCbCmasInfo;2;0;0;1.0000;1209;66;114;0;6;1.0000;48;3;46
com.android.internal.telephony.PhoneProxy.getCellBroadcastSmsConfig(Message);com.android.internal.telephony.Phone;0;0;1;0.9947;669;181;14;1;0;0.9947;176;176;73
com.android.internal.telephony.uicc.RuimRecords.getRUIMOperatorNumeric();com.android.internal.telephony.MccTable;0;0;0;1.0000;330;21;25;1;0;1.0000;160;10;2
com.android.internal.telephony.PhoneProxy.unregisterForMmiComplete(Handler);com.android.internal.telephony.Phone;0;0;1;0.9947;669;181;14;1;0;0.9947;176;176;73
com.android.internal.telephony.CallManager.getRingingPhone();com.android.internal.telephony.Call;0;1;0;0.9919;775;95;53;1;0;0.9524;117;16;4
com.android.internal.telephony.uicc.UiccCard.checkIndex(int, AppType, AppType);com.android.internal.telephony.uicc.UiccCardApplication;0;1;1;0.9333;187;15;18;1;0;0.9844;388;38;29
com.android.internal.telephony.IccSmsInterfaceManager.makeSmsRecordData(int, byte[]);com.android.internal.telephony.uicc.IccConstants;1;0;0;1.0000;63;9;3;0;1;1.0000;0;0;51
com.android.internal.telephony.gsm.GSMPhone.getVoiceMailAlphaTag();com.android.internal.telephony.uicc.IccRecords;1;0;0;1.0000;1009;105;19;0;1;0.9839;160;33;36
com.android.internal.telephony.gsm.GsmDataConnectionTracker.disableApnType(String);com.android.internal.telephony.ApnContext;1;1;0;0.9894;1681;86;13;0;1;0.9722;143;19;13
com.android.internal.telephony.uicc.AdnRecordCache.updateAdnBySearch(int, AdnRecord, AdnRecord, String, Message);com.android.internal.telephony.uicc.IccConstants;2;3;4;0.7273;190;11;7;0;1;1.0000;0;0;51
com.android.internal.telephony.CallManager.rejectCall(Call);com.android.internal.telephony.Call;0;1;2;0.9919;775;95;53;1;0;0.9545;117;16;4
com.android.internal.telephony.cat.CatService.eventDownload(int, int, int, byte[], boolean);com.android.internal.telephony.uicc.IccUtils;0;0;0;0;0;0;0;0;0;0;0;0;0
com.android.internal.telephony.cdma.CdmaConnection.onLocalDisconnect();com.android.internal.telephony.cdma.CdmaCall;0;2;3;0.9298;566;40;27;1;0;0.9500;100;14;3
com.android.internal.telephony.gsm.GsmConnection.update(DriverCall);com.android.internal.telephony.Phone;2;5;3;0.8871;433;31;29;0;1;1.0000;176;176;73
com.android.internal.telephony.uicc.SIMRecords.handleMessage(Message);com.android.internal.telephony.uicc.AdnRecordLoader;4;13;40;0.7200;909;32;58;2;0;0.9672;117;4;15
android.telephony.CellBroadcastMessage.getMessageBody();android.telephony.SmsCbMessage;1;0;1;0.9600;230;20;5;0;1;0.9474;102;6;22
com.android.internal.telephony.gsm.GsmDataConnectionTracker.notifyDataConnection(String);com.android.internal.telephony.ApnContext;1;2;0;0.9792;1681;86;13;1;2;0.9189;143;19;13
com.android.internal.telephony.sip.SipPhone.SipAudioCallAdapter.onError(SipAudioCall, int, String);com.android.internal.telephony.sip.SipPhone;1;1;0;1.0000;42;5;0;0;1;1.0000;238;31;10
com.android.internal.telephony.cdma.CdmaServiceStateTracker.hangupAndPowerOff();com.android.internal.telephony.Call;2;0;1;0.9890;1091;45;44;1;0;0.9630;117;16;4
com.android.internal.telephony.cdma.CdmaSMSDispatcher.processCdmaWapPdu(byte[], int, String);android.provider.Telephony.Sms.Intents;1;1;2;0.9444;229;15;5;0;1;1.0000;16;1;12
com.android.internal.telephony.gsm.GsmServiceStateTracker.handlePollStateResult(int, AsyncResult);com.android.internal.telephony.CommandsInterface;2;5;8;0.8243;1025;35;46;1;0;0.9957;216;214;44
android.telephony.gsm.SmsMessage.getEmailBody();com.android.internal.telephony.SmsMessageBase;1;0;1;0.9655;159;34;12;0;1;0.9706;80;16;18
com.android.internal.telephony.gsm.GsmCallTracker.getConnectionByIndex(GsmCall, int);com.android.internal.telephony.gsm.GsmCall;1;0;0;1.0000;563;41;17;0;1;0.9375;97;14;2
com.android.internal.telephony.gsm.GSMPhone.handleEctIncallSupplementaryService(String);com.android.internal.telephony.Phone;1;2;2;0.9833;1009;105;19;0;1;0.9947;176;176;73
com.android.internal.telephony.cdma.sms.BearerData.decodeIs91Cli(BearerData);com.android.internal.telephony.SmsAddress;3;1;2;0.9535;1209;66;114;0;1;0.9167;12;3;10
com.android.internal.telephony.gsm.GSMPhone.handleCallHoldIncallSupplementaryService(String);com.android.internal.telephony.Phone;3;3;3;0.9680;1009;105;19;0;1;0.9949;176;176;73
com.android.internal.telephony.cdma.CdmaCallTracker.hangupConnectionByIndex(CdmaCall, int);com.android.internal.telephony.CommandsInterface;1;1;0;0.9855;707;48;22;1;0;0.9954;216;214;44
com.android.internal.telephony.RIL.getLastDataCallFailCause(Message);com.android.internal.telephony.RILRequest;1;3;1;0.9891;2610;171;27;2;1;0.8182;68;5;12
com.android.internal.telephony.gsm.GsmCallTracker.dial(String, int, UUSInfo);com.android.internal.telephony.PhoneBase;3;7;4;0.8226;563;41;17;0;1;0.9946;621;139;66
com.android.internal.telephony.PhoneBase.disableApnType(String);com.android.internal.telephony.DataConnectionTracker;0;0;1;0.9940;621;139;66;1;0;0.9919;907;78;74
com.android.internal.telephony.gsm.GsmCallTracker.switchWaitingOrHoldingAndActive();com.android.internal.telephony.CommandsInterface;1;1;1;0.9643;563;41;17;1;0;0.9954;216;214;44
com.android.internal.telephony.cat.CommandParamsFactory.processSetupCall(CommandDetails, List<ComprehensionTlv>);com.android.internal.telephony.cat.ValueParser;2;2;5;0.8276;576;21;15;2;0;1.0000;195;10;0
com.android.internal.telephony.uicc.UiccCardApplication.supplyPuk(String, String, Message);com.android.internal.telephony.CommandsInterface;0;0;2;0.9677;388;38;29;1;0;0.9954;216;214;44
com.android.internal.telephony.PhoneProxy.getDataRoamingEnabled();com.android.internal.telephony.Phone;0;0;1;0.9947;669;181;14;1;0;0.9947;176;176;73
com.android.internal.telephony.gsm.UsimPhoneBookManager.PbrFile.parseTag(SimTlv, int);com.android.internal.telephony.gsm.UsimPhoneBookManager;1;1;1;0.6667;62;2;1;0;3;1.0000;250;14;33
com.android.internal.telephony.uicc.AdnRecordLoader.handleMessage(Message);com.android.internal.telephony.uicc.AdnRecord;2;0;15;0.5263;117;4;15;3;1;0.8750;145;10;20
android.provider.Telephony.Sms.Outbox.addMessage(ContentResolver, String, String, String, Long, boolean, long);android.provider.Telephony.Sms;0;0;1;1.0000;3;1;2;1;0;1.0000;61;6;2
com.android.internal.telephony.cat.CommandParamsFactory.processDisplayText(CommandDetails, List<ComprehensionTlv>);com.android.internal.telephony.cat.ValueParser;3;1;5;0.8824;576;21;15;3;0;1.0000;195;10;0
com.android.internal.telephony.RIL.sendEnvelopeWithStatus(String, Message);com.android.internal.telephony.RILRequest;1;3;1;0.9892;2610;171;27;2;2;0.7273;68;5;12
com.android.internal.telephony.cdma.sms.BearerData.decodeUserDataPayload(UserData, boolean);com.android.internal.telephony.SmsHeader;1;5;0;1.0000;1209;66;114;1;0;1.0000;156;3;38
com.android.internal.telephony.gsm.GSMPhone.getDataConnectionState(String);com.android.internal.telephony.DataConnectionTracker;2;0;2;0.9841;1009;105;19;3;0;0.9766;907;78;74
com.android.internal.telephony.PhoneProxy.isDataConnectivityPossible();com.android.internal.telephony.Phone;0;0;1;0.9947;669;181;14;1;0;0.9947;176;176;73
android.telephony.gsm.SmsMessage.getStatusOnSim();com.android.internal.telephony.SmsMessageBase;1;0;1;0.9655;159;34;12;0;1;0.9706;80;16;18
com.android.internal.telephony.cat.CommandParamsFactory.processGetInput(CommandDetails, List<ComprehensionTlv>);com.android.internal.telephony.cat.Input;4;1;5;0.8947;576;21;15;0;9;0.6538;48;3;13
com.android.internal.telephony.cdma.SmsMessage.privateGetSubmitPdu(String, boolean, UserData);com.android.internal.telephony.cdma.sms.CdmaSmsAddress;5;1;3;1.0000;551;31;16;1;4;0.8261;84;5;23
com.android.internal.telephony.cdma.CDMAPhone.stopDtmf();com.android.internal.telephony.CommandsInterface;0;0;0;1.0000;967;126;45;1;0;0.9954;216;214;44
com.android.internal.telephony.uicc.IccFileHandler.getCommonIccEFPath(int);com.android.internal.telephony.uicc.IccConstants;1;0;0;1.0000;262;16;42;0;15;1.0000;0;0;51
com.android.internal.telephony.cdma.CDMAPhone.getDataActivityState();com.android.internal.telephony.DataConnectionTracker;3;0;1;0.9933;967;126;45;0;1;0.9921;907;78;74
com.android.internal.telephony.PhoneProxy.sendDtmf(char);com.android.internal.telephony.Phone;0;0;1;0.9947;669;181;14;1;0;0.9947;176;176;73
com.android.internal.telephony.gsm.GSMPhone.getDataCallList(Message);com.android.internal.telephony.CommandsInterface;0;0;0;1.0000;1009;105;19;1;0;0.9954;216;214;44
com.android.internal.telephony.gsm.GSMPhone.updateServiceLocation();com.android.internal.telephony.ServiceStateTracker;0;0;1;0.9917;1009;105;19;1;0;0.9861;270;42;77
com.android.internal.telephony.gsm.SimSmsInterfaceManager.getAllMessagesFromIccEf();com.android.internal.telephony.uicc.IccConstants;2;1;5;0.8182;134;12;14;0;1;1.0000;0;0;51
android.telephony.CellBroadcastMessage.getEtwsWarningInfo();android.telephony.SmsCbMessage;1;0;1;0.9600;230;20;5;0;1;0.9474;102;6;22
com.android.internal.telephony.DefaultPhoneNotifier.notifyCellLocation(Phone);com.android.internal.telephony.Phone;0;0;1;0.9333;180;19;3;1;0;0.9947;176;176;73
com.android.internal.telephony.PhoneProxy.deleteAndCreatePhone(int);com.android.internal.telephony.PhoneBase;1;1;1;0.9948;669;181;14;1;0;0.9942;621;139;66
com.android.internal.telephony.gsm.GSMPhone.handleMessage(Message);com.android.internal.telephony.uicc.IccRecords;1;13;7;0.8615;1009;105;19;1;0;0.9886;160;33;36
com.android.internal.telephony.cdma.SmsMessage.parsePdu(byte[]);com.android.internal.telephony.SmsAddress;3;1;2;0.9500;551;31;16;0;2;0.9130;12;3;10
com.android.internal.telephony.cdma.CdmaServiceStateTracker.saveCdmaSubscriptionSource(int);com.android.internal.telephony.PhoneBase;1;1;1;0.9765;1091;45;44;0;1;0.9941;621;139;66
com.android.internal.telephony.cdma.CDMAPhone.handleMessage(Message);com.android.internal.telephony.CommandsInterface;0;8;8;0.9073;967;126;45;2;0;0.9914;216;214;44
com.android.internal.telephony.RIL.stopDtmf(Message);com.android.internal.telephony.RILRequest;1;3;1;0.9891;2610;171;27;2;1;0.8182;68;5;12
com.android.internal.telephony.cdma.CDMAPhone.unregisterForCdmaOtaStatusChange(Handler);com.android.internal.telephony.CommandsInterface;0;0;0;1.0000;967;126;45;1;0;0.9954;216;214;44
android.telephony.CellBroadcastMessage.getCmasMessageClass();android.telephony.SmsCbMessage;2;0;1;0.9630;230;20;5;1;1;0.9000;102;6;22
com.android.internal.telephony.DataConnectionTracker.setDataOnRoamingEnabled(boolean);com.android.internal.telephony.PhoneBase;1;1;1;0.9836;907;78;74;0;1;0.9941;621;139;66
com.android.internal.telephony.PhoneSubInfo.getDeviceId();com.android.internal.telephony.Phone;0;0;3;0.8947;98;16;6;1;0;0.9947;176;176;73
com.android.internal.telephony.cdma.CdmaCallTracker.acceptCall();com.android.internal.telephony.CommandsInterface;1;4;2;0.9155;707;48;22;1;0;0.9956;216;214;44
com.android.internal.telephony.uicc.IccFileHandler.updateEFLinearFixed(int, int, byte[], String, Message);com.android.internal.telephony.uicc.IccUtils;0;0;0;0;0;0;0;0;0;0;0;0;0
com.android.internal.telephony.RIL.deleteSmsOnRuim(int, Message);com.android.internal.telephony.RILRequest;1;3;1;0.9892;2610;171;27;2;2;0.7273;68;5;12
com.android.internal.telephony.gsm.GsmCallTracker.internalClearDisconnected();com.android.internal.telephony.gsm.GsmCall;0;0;3;0.9444;563;41;17;1;0;0.9444;97;14;2
com.android.internal.telephony.PhoneProxy.unregisterForIncomingRing(Handler);com.android.internal.telephony.Phone;0;0;1;0.9947;669;181;14;1;0;0.9947;176;176;73
com.android.internal.telephony.CallSetupException.DcActivatingState.processMessage(Message);com.android.internal.telephony.CallSetupException.DcInactiveState;2;0;0;1.0000;72;1;0;1;0;0.9500;67;5;3
com.android.internal.telephony.cdma.CdmaCallTracker.checkAndEnableDataCallAfterEmergencyCallDropped();com.android.internal.telephony.Phone;2;1;2;0.9552;707;48;22;0;1;1.0000;176;176;73
com.android.internal.telephony.cat.CommandParamsFactory.processSelectItem(CommandDetails, List<ComprehensionTlv>);com.android.internal.telephony.cat.CatLog;4;2;7;0.8718;576;21;15;1;0;1.0000;13;2;1
com.android.internal.telephony.PhoneSubInfoProxy.getLine1AlphaTag();com.android.internal.telephony.PhoneSubInfo;0;0;1;0.9375;51;14;1;1;0;0.9500;98;16;6
com.android.internal.telephony.PhoneBase.dispose();com.android.internal.telephony.uicc.UiccController;1;0;6;0.9649;621;139;66;1;0;0.9583;106;11;13
com.android.internal.telephony.gsm.GsmConnection.disconnectCauseFromCode(int);com.android.internal.telephony.RestrictedState;6;0;1;0.9839;433;31;29;1;2;0.8000;52;3;3
com.android.internal.telephony.gsm.GsmCallTracker.getFailedService(int);com.android.internal.telephony.Phone;1;0;0;1.0000;563;41;17;0;1;0.9947;176;176;73
com.android.internal.telephony.test.SimulatedCommands.progressConnectingToActive();com.android.internal.telephony.test.SimulatedGsmCallState;0;0;1;0.9936;821;136;26;1;0;0.9615;452;20;6
com.android.internal.telephony.PhoneBase.restoreSavedNetworkSelection(Message);com.android.internal.telephony.CommandsInterface;0;1;1;0.9881;621;139;66;2;0;0.9908;216;214;44
com.android.internal.telephony.gsm.GsmMmiCode.onSetComplete(AsyncResult);com.android.internal.telephony.CommandException;3;6;9;0.7708;840;42;63;0;1;0.9412;46;1;2
com.android.internal.telephony.PhoneProxy.handlePinMmi(String);com.android.internal.telephony.Phone;0;0;1;0.9947;669;181;14;1;0;0.9947;176;176;73
com.android.internal.telephony.RIL.switchWaitingOrHoldingAndActive(Message);com.android.internal.telephony.RILRequest;1;3;1;0.9891;2610;171;27;2;1;0.8182;68;5;12
com.android.internal.telephony.cdma.CdmaCallTracker.handleEcmTimer(int);com.android.internal.telephony.cdma.CDMAPhone;1;0;3;0.9697;707;48;22;1;2;0.9933;967;126;45
com.android.internal.telephony.test.CallInfo.toDriverCall(int);com.android.internal.telephony.DriverCall;1;0;5;0.7500;54;7;7;1;8;0.6364;75;5;15
com.android.internal.telephony.cat.CommandParams.getCommandType();com.android.internal.telephony.cat.CommandDetails;2;0;1;0.7500;12;3;1;0;1;0.9167;26;5;5
com.android.internal.telephony.gsm.GsmCallTracker.handlePollCalls(AsyncResult);com.android.internal.telephony.Phone;5;4;10;0.8493;563;41;17;0;1;1.0000;176;176;73
com.android.internal.telephony.gsm.GsmMmiCode.onQueryCfComplete(AsyncResult);com.android.internal.telephony.gsm.GSMPhone;2;3;5;0.8333;840;42;63;1;0;0.9924;1009;105;19
com.android.internal.telephony.PhoneBase.getSignalStrength();com.android.internal.telephony.ServiceStateTracker;0;1;0;0.9940;621;139;66;1;0;0.9861;270;42;77
com.android.internal.telephony.gsm.GsmConnection.disconnectCauseFromCode(int);com.android.internal.telephony.uicc.UiccController;6;0;1;0.9839;433;31;29;2;1;0.9583;106;11;13
com.android.internal.telephony.gsm.GSMPhone.canDial();com.android.internal.telephony.gsm.GsmCallTracker;0;0;1;0.9917;1009;105;19;1;0;0.9818;563;41;17
com.android.internal.telephony.cdma.CdmaServiceStateTracker.onUpdateIccAvailability();com.android.internal.telephony.uicc.UiccController;1;1;1;0.9785;1091;45;44;1;1;0.9583;106;11;13
com.android.internal.telephony.DataConnectionTracker.onSetUserDataEnabled(boolean);com.android.internal.telephony.PhoneBase;2;6;3;0.9268;907;78;74;0;1;0.9944;621;139;66
com.android.internal.telephony.gsm.GSMPhone.getAvailableNetworks(Message);com.android.internal.telephony.CommandsInterface;0;0;0;1.0000;1009;105;19;1;0;0.9954;216;214;44
com.android.internal.telephony.CallManager.getFirstActiveCall(ArrayList<Call>);com.android.internal.telephony.Call;0;0;0;1.0000;775;95;53;1;0;0.9500;117;16;4
com.android.internal.telephony.cdma.CdmaLteServiceStateTracker.pollState();com.android.internal.telephony.CommandsInterface;0;1;0;0.9630;369;12;5;4;0;0.9820;216;214;44
com.android.internal.telephony.uicc.UiccCard.dump(FileDescriptor, PrintWriter, String[]);com.android.internal.telephony.uicc.UiccCardApplication;0;0;0;0;0;0;0;0;0;0;0;0;0
com.android.internal.telephony.gsm.GSMPhone.getDataConnectionState(String);com.android.internal.telephony.gsm.GsmCallTracker;2;0;2;0.9841;1009;105;19;0;1;0.9839;563;41;17
com.android.internal.telephony.sip.SipPhone.SipConnection.getPhone();com.android.internal.telephony.sip.SipPhone.SipCall;0;0;1;0.9583;125;15;7;1;0;0.9600;214;24;0
com.android.internal.telephony.cdma.sms.CdmaSmsAddress.parse(String);com.android.internal.telephony.cdma.sms.UserData;0;3;10;0.6667;84;5;23;1;0;1.0000;23;2;31
com.android.internal.telephony.cat.CommandParamsFactory.processSetUpIdleModeText(CommandDetails, List<ComprehensionTlv>);com.android.internal.telephony.cat.TextMessage;2;1;5;0.8621;576;21;15;0;2;0.8947;25;2;9
com.android.internal.telephony.uicc.SIMRecords.handleMessage(Message);com.android.internal.telephony.uicc.IccUtils;0;0;0;0;0;0;0;0;0;0;0;0;0
com.android.internal.telephony.uicc.SIMRecords.setVoiceMailNumber(String, String, Message);com.android.internal.telephony.uicc.AdnRecordLoader;1;1;2;0.9811;909;32;58;1;0;0.9500;117;4;15
com.android.internal.telephony.cdma.RuimSmsInterfaceManager.copyMessageToIccEf(int, byte[], byte[]);com.android.internal.telephony.PhoneBase;2;1;5;0.7778;88;10;8;0;1;0.9943;621;139;66
com.android.internal.telephony.CallManager.getContext();com.android.internal.telephony.Phone;0;0;1;0.9919;775;95;53;1;0;0.9947;176;176;73
com.android.internal.telephony.gsm.GsmSMSDispatcher.sendSms(SmsTracker);com.android.internal.telephony.CommandsInterface;2;0;0;1.0000;242;13;6;1;0;0.9954;216;214;44
com.android.internal.telephony.RIL.getDataCallList(Message);com.android.internal.telephony.RILRequest;1;3;1;0.9891;2610;171;27;2;1;0.8182;68;5;12
com.android.internal.telephony.cat.CatService.encodeOptionalTags(CommandDetails, ResultCode, Input, ByteArrayOutputStream);com.android.internal.telephony.cat.AppInterface;4;2;0;0.9231;491;19;26;0;1;1.0000;13;4;4
com.android.internal.telephony.cdma.CdmaDataConnectionTracker.dispose();com.android.internal.telephony.ServiceStateTracker;2;2;2;0.9452;612;49;13;4;0;0.9551;270;42;77
com.android.internal.telephony.IccPhoneBookInterfaceManagerProxy.getAdnRecordsInEf(int);com.android.internal.telephony.IccPhoneBookInterfaceManager;0;0;1;0.8333;21;4;1;1;0;0.9524;98;12;12
com.android.internal.telephony.cat.CommandParamsFactory.processLaunchBrowser(CommandDetails, List<ComprehensionTlv>);com.android.internal.telephony.cat.CatLog;4;1;5;0.8788;576;21;15;1;0;1.0000;13;2;1
com.android.internal.telephony.ServiceStateTracker.shouldFixTimeZoneNow(PhoneBase, String, String, boolean);com.android.internal.telephony.uicc.UiccCardApplication;0;1;2;0.9718;270;42;77;1;0;0.9844;388;38;29
com.android.internal.telephony.RIL.getDataRegistrationState(Message);com.android.internal.telephony.RILRequest;1;3;1;0.9891;2610;171;27;2;1;0.8182;68;5;12
com.android.internal.telephony.gsm.GsmDataConnectionTracker.isConnected();com.android.internal.telephony.ApnContext;1;0;0;1.0000;1681;86;13;0;1;0.9697;143;19;13
com.android.internal.telephony.gsm.GsmCallTracker.hangupConnectionByIndex(GsmCall, int);com.android.internal.telephony.gsm.GsmConnection;1;1;0;0.9825;563;41;17;1;0;0.9825;433;31;29
com.android.internal.telephony.RIL.getRadioStateFromInt(int);com.android.internal.telephony.CommandsInterface;1;0;0;1.0000;2610;171;27;0;1;0.9953;216;214;44
android.telephony.gsm.SmsManager.copyMessageToSim(byte[], byte[], int);android.telephony.SmsManager;0;0;1;0.9000;33;9;11;1;0;0.9231;195;13;12
com.android.internal.telephony.gsm.GsmDataConnectionTracker.onDataSetupComplete(AsyncResult);com.android.internal.telephony.DataConnectionAc;4;6;1;0.9364;1681;86;13;1;0;0.9855;270;41;35
android.telephony.SmsMessage.fragmentText(String);com.android.internal.telephony.cdma.SmsMessage;0;0;1;1.0000;230;37;14;1;0;1.0000;551;31;16
com.android.internal.telephony.PhoneProxy.setUnitTestMode(boolean);com.android.internal.telephony.Phone;0;0;1;0.9947;669;181;14;1;0;0.9947;176;176;73
com.android.internal.telephony.gsm.GSMPhone.getMute();com.android.internal.telephony.gsm.GsmCallTracker;1;0;1;0.9917;1009;105;19;0;1;0.9818;563;41;17
com.android.internal.telephony.cdma.CDMAPhone.getDataConnectionState(String);com.android.internal.telephony.cdma.CdmaCallTracker;2;1;2;0.9804;967;126;45;0;1;0.9867;707;48;22
com.android.internal.telephony.gsm.GsmCallTracker.hangup(GsmCall);com.android.internal.telephony.CommandsInterface;2;6;4;0.8333;563;41;17;1;0;0.9957;216;214;44
com.android.internal.telephony.cdma.CdmaSMSDispatcher.dispose();com.android.internal.telephony.CommandsInterface;0;0;0;1.0000;229;15;5;1;0;0.9954;216;214;44
com.android.internal.telephony.PhoneFactory.makeDefaultPhone(Context);com.android.internal.telephony.cdma.CdmaSubscriptionSourceManager;2;0;10;1.0000;122;6;10;0;2;1.0000;82;10;15
com.android.internal.telephony.cdma.CDMAPhone.getCdmaPrlVersion();com.android.internal.telephony.cdma.CdmaServiceStateTracker;1;0;1;0.9932;967;126;45;0;1;0.9884;1091;45;44
com.android.internal.telephony.CallSetupException.isRetryForever();com.android.internal.telephony.RetryManager;0;0;1;0.9804;293;31;34;1;0;0.9583;201;16;9
com.android.internal.telephony.PhoneProxy.setNetworkSelectionModeAutomatic(Message);com.android.internal.telephony.Phone;0;0;1;0.9947;669;181;14;1;0;0.9947;176;176;73
com.android.internal.telephony.CallSetupException.notifyDisconnectCompleted(DisconnectParams, boolean);com.android.internal.telephony.ApnContext;0;1;0;0.9804;293;31;34;1;0;0.9697;143;19;13
com.android.internal.telephony.PhoneProxy.setCallForwardingOption(int, int, String, int, Message);com.android.internal.telephony.Phone;0;0;1;0.9947;669;181;14;1;0;0.9947;176;176;73
com.android.internal.telephony.gsm.GsmCallTracker.hangupWaitingOrBackground();com.android.internal.telephony.CommandsInterface;1;2;0;0.9636;563;41;17;1;0;0.9954;216;214;44
com.android.internal.telephony.uicc.RuimRecords.EfCsimSpnLoaded.onRecordLoaded(AsyncResult);com.android.internal.telephony.cdma.sms.UserData;3;0;0;1.0000;45;2;0;0;6;1.0000;23;2;31
com.android.internal.telephony.CallManager.getFgPhone();com.android.internal.telephony.Call;0;1;0;0.9919;775;95;53;1;0;0.9524;117;16;4
com.android.internal.telephony.gsm.GSMPhone.dispose();com.android.internal.telephony.CommandsInterface;1;1;6;0.9478;1009;105;19;5;0;0.9784;216;214;44
com.android.internal.telephony.test.SimulatedCommands.getCurrentCalls(Message);com.android.internal.telephony.test.SimulatedGsmCallState;1;3;1;0.9747;821;136;26;1;0;0.9667;452;20;6
com.android.internal.telephony.IccPhoneBookInterfaceManager.updateAdnRecordsInEfByIndex(int, String, String, int, String);com.android.internal.telephony.PhoneBase;1;3;7;0.6190;98;12;12;0;1;0.9943;621;139;66
com.android.internal.telephony.cdma.SmsMessage.parsePduFromEfRecord(byte[]);com.android.internal.telephony.SmsAddress;4;2;11;0.9333;551;31;16;0;2;0.9310;12;3;10
com.android.internal.telephony.PhoneProxy.getLteOnCdmaMode();com.android.internal.telephony.Phone;0;0;1;0.9947;669;181;14;1;0;0.9947;176;176;73
android.telephony.SmsMessage.getProtocolIdentifier();com.android.internal.telephony.SmsMessageBase;0;0;1;0.9643;230;37;14;1;0;0.9706;80;16;18
com.android.internal.telephony.gsm.GsmDataConnectionTracker.onDataStateChanged(AsyncResult);com.android.internal.telephony.ApnContext;2;6;0;0.9417;1681;86;13;0;2;0.9592;143;19;13
com.android.internal.telephony.gsm.SmsCbHeader.getCmasCertainty();com.android.internal.telephony.gsm.SmsCbConstants;2;0;1;0.9545;198;13;16;0;8;1.0000;2;0;31
com.android.internal.telephony.cdma.CdmaSMSDispatcher.acknowledgeLastIncomingSms(boolean, int, Message);com.android.internal.telephony.CommandsInterface;0;1;2;0.8947;229;15;5;1;0;0.9954;216;214;44
com.android.internal.telephony.RIL.queryCdmaRoamingPreference(Message);com.android.internal.telephony.RILRequest;1;3;1;0.9891;2610;171;27;2;1;0.8182;68;5;12
com.android.internal.telephony.gsm.GsmConnection.separate();com.android.internal.telephony.gsm.GsmCallTracker;0;0;2;0.9623;433;31;29;1;0;0.9821;563;41;17
com.android.internal.telephony.gsm.GsmSMSDispatcher.resultToCause(int);android.provider.Telephony.Sms.Intents;2;0;0;1.0000;242;13;6;0;3;1.0000;16;1;12
com.android.internal.telephony.uicc.RuimRecords.handleMessage(Message);com.android.internal.telephony.MccTable;1;6;16;0.7568;330;21;25;1;0;1.0000;160;10;2
com.android.internal.telephony.gsm.UsimDataDownloadHandler.handleDataDownload(SmsMessage);com.android.internal.telephony.uicc.IccUtils;0;0;0;0;0;0;0;0;0;0;0;0;0
com.android.internal.telephony.PhoneProxy.getSubscriberId();com.android.internal.telephony.Phone;0;0;1;0.9947;669;181;14;1;0;0.9947;176;176;73
com.android.internal.telephony.cdma.CdmaDataConnectionTracker.trySetupData(String);com.android.internal.telephony.cdma.CDMAPhone;5;3;1;0.9394;612;49;13;0;1;0.9938;967;126;45
com.android.internal.telephony.uicc.IccCardProxy.unregisterUiccCardEvents();com.android.internal.telephony.uicc.UiccCardApplication;0;0;3;0.9516;507;40;28;3;0;0.9559;388;38;29
com.android.internal.telephony.DataConnectionTracker.DataRoamingSettingObserver.onChange(boolean);com.android.internal.telephony.DataConnectionTracker;0;0;0;1.0000;14;3;0;1;0;0.9918;907;78;74
com.android.internal.telephony.uicc.AdnRecordCache.updateAdnBySearch(int, AdnRecord, AdnRecord, String, Message);com.android.internal.telephony.gsm.UsimPhoneBookManager;2;3;4;0.7273;190;11;7;1;0;0.9737;250;14;33
com.android.internal.telephony.cat.CommandParamsFactory.processBIPClient(CommandDetails, List<ComprehensionTlv>);com.android.internal.telephony.cat.IconLoader;4;1;5;0.8710;576;21;15;1;0;0.9677;217;14;19
com.android.internal.telephony.cat.CommandParamsFactory.make(BerTlv);com.android.internal.telephony.cat.CatLog;4;14;3;0.4286;576;21;15;1;0;1.0000;13;2;1
com.android.internal.telephony.cdma.CdmaDataConnectionTracker.dispose();com.android.internal.telephony.uicc.IccRecords;2;2;2;0.9452;612;49;13;1;0;0.9877;160;33;36
com.android.internal.telephony.PhoneProxy.requestIsimAuthentication(String, Message);com.android.internal.telephony.Phone;0;0;1;0.9947;669;181;14;1;0;0.9947;176;176;73
com.android.internal.telephony.cdma.CdmaDataConnectionTracker.isDataAllowed();com.android.internal.telephony.Phone;4;1;3;0.9437;612;49;13;1;0;0.9952;176;176;73
com.android.internal.telephony.gsm.GsmCallTracker.hangupWaitingOrBackground();com.android.internal.telephony.Phone;1;2;0;0.9636;563;41;17;0;1;1.0000;176;176;73
com.android.internal.telephony.cdma.CdmaServiceStateTracker.handleMessage(Message);com.android.internal.telephony.cdma.CDMAPhone;2;13;8;0.7900;1091;45;44;2;0;0.9890;967;126;45
com.android.internal.telephony.PhoneProxy.registerForEcmTimerReset(Handler, int, Object);com.android.internal.telephony.Phone;0;0;1;0.9947;669;181;14;1;0;0.9947;176;176;73
com.android.internal.telephony.gsm.GsmSMSDispatcher.sendSms(SmsTracker);com.android.internal.telephony.uicc.IccUtils;0;0;0;0;0;0;0;0;0;0;0;0;0
com.android.internal.telephony.PhoneProxy.unregisterForRedirectedNumberInfo(Handler);com.android.internal.telephony.Phone;0;0;1;0.9947;669;181;14;1;0;0.9947;176;176;73
com.android.internal.telephony.gsm.SimSmsInterfaceManager.getAllMessagesFromIccEf();com.android.internal.telephony.PhoneBase;2;1;5;0.8182;134;12;14;1;1;0.9884;621;139;66
com.android.internal.telephony.cdma.CDMAPhone.isEriFileLoaded();com.android.internal.telephony.cdma.EriManager;1;0;1;0.9932;967;126;45;0;1;0.9500;235;13;11
com.android.internal.telephony.PhoneBase.getLteOnCdmaMode();com.android.internal.telephony.CommandsInterface;0;0;1;0.9940;621;139;66;1;0;0.9954;216;214;44
com.android.internal.telephony.cat.ValueParser.retrieveDeviceIdentities(ComprehensionTlv);com.android.internal.telephony.cat.DeviceIdentities;2;0;0;1.0000;195;10;0;0;2;0.6000;3;1;2
com.android.internal.telephony.DebugService.dump(FileDescriptor, PrintWriter, String[]);com.android.internal.telephony.PhoneBase;2;1;0;1.0000;69;2;1;3;2;0.9709;621;139;66
com.android.internal.telephony.sip.SipPhoneBase.getDataActivityState();com.android.internal.telephony.Phone;1;0;0;1.0000;288;86;3;0;1;0.9947;176;176;73
com.android.internal.telephony.DataConnectionTracker.handleDataOnRoamingChange();com.android.internal.telephony.Phone;0;2;1;0.9754;907;78;74;1;0;0.9948;176;176;73
com.android.internal.telephony.test.ModelInterpreter.onHangup();com.android.internal.telephony.test.SimulatedGsmCallState;0;0;2;0.9545;319;33;14;1;0;0.9615;452;20;6
com.android.internal.telephony.cdma.CdmaServiceStateTracker.pollState();com.android.internal.telephony.CommandsInterface;0;2;2;0.9556;1091;45;44;3;0;0.9865;216;214;44
com.android.internal.telephony.SmsMessageBase.extractEmailAddressFromMessageBody();android.provider.Telephony.Mms;0;0;4;0.8750;80;16;18;1;0;1.0000;44;6;6
com.android.internal.telephony.cdma.SmsMessage.parseBroadcastSms();com.android.internal.telephony.cdma.sms.UserData;4;0;3;0.9677;551;31;16;0;1;0.9412;23;2;31
com.android.internal.telephony.gsm.UsimPhoneBookManager.readAdnFileAndWait(int);com.android.internal.telephony.uicc.AdnRecordCache;0;0;7;0.8929;250;14;33;1;0;0.9524;190;11;7
com.android.internal.telephony.cdma.CdmaDataConnectionTracker.trySetupData(String);com.android.internal.telephony.Phone;5;3;1;0.9394;612;49;13;1;0;0.9950;176;176;73
com.android.internal.telephony.PhoneProxy.conference();com.android.internal.telephony.Phone;0;0;1;0.9947;669;181;14;1;0;0.9947;176;176;73
com.android.internal.telephony.PhoneProxy.unregisterForSignalInfo(Handler);com.android.internal.telephony.Phone;0;0;1;0.9947;669;181;14;1;0;0.9947;176;176;73
android.telephony.gsm.SmsManager.getAllMessagesFromSim();android.telephony.SmsManager;0;0;1;0.8889;33;9;11;1;0;1.0000;195;13;12
android.telephony.gsm.SmsMessage.isCphsMwiMessage();com.android.internal.telephony.SmsMessageBase;0;0;1;0.9655;159;34;12;1;0;0.9706;80;16;18
com.android.internal.telephony.gsm.GsmDataConnectionTracker.onActionIntentReconnectAlarm(Intent);com.android.internal.telephony.DataConnectionAc;1;1;2;0.9899;1681;86;13;2;0;0.9608;270;41;35
com.android.internal.telephony.gsm.GSMPhone.rejectCall();com.android.internal.telephony.gsm.GsmCallTracker;0;0;1;0.9917;1009;105;19;1;0;0.9818;563;41;17
com.android.internal.telephony.PhoneProxy.registerForCdmaOtaStatusChange(Handler, int, Object);com.android.internal.telephony.Phone;0;0;1;0.9947;669;181;14;1;0;0.9947;176;176;73
com.android.internal.telephony.DefaultPhoneNotifier.notifyPhoneState(Phone);com.android.internal.telephony.Phone;1;0;1;0.9444;180;19;3;2;0;0.9895;176;176;73
com.android.internal.telephony.DataConnectionTracker.dispose();com.android.internal.telephony.PhoneBase;1;1;7;0.9435;907;78;74;0;1;0.9943;621;139;66
com.android.internal.telephony.CallManager.dial(Phone, String);com.android.internal.telephony.Call;0;5;3;0.9688;775;95;53;3;0;0.8889;117;16;4
com.android.internal.telephony.IccSmsInterfaceManagerProxy.sendData(String, String, int, byte[], PendingIntent, PendingIntent);com.android.internal.telephony.IccSmsInterfaceManager;0;0;1;0.9286;45;12;1;1;0;0.9286;63;9;3
com.android.internal.telephony.PhoneProxy.isMinInfoReady();com.android.internal.telephony.Phone;0;0;1;0.9947;669;181;14;1;0;0.9947;176;176;73
com.android.internal.telephony.test.SimulatedGsmCallState.progressConnectingToActive();com.android.internal.telephony.test.CallInfo;1;0;1;0.9583;452;20;6;0;1;0.9286;54;7;7
com.android.internal.telephony.gsm.GsmDataConnectionTracker.reconnectAfterFail(FailCause, ApnContext, int);com.android.internal.telephony.ServiceStateTracker;2;3;1;0.9592;1681;86;13;1;0;0.9878;270;42;77
