Method;TargetClass;ATFD;ATSD;FDP;DIST_EC;DIST_TC;LOC_M;LOC_EC;LOC_TC
org.gjt.sp.jedit.Buffer.setDirty(boolean);org.gjt.sp.jedit.msg.BufferUpdate;0;2;3;0.9928571428571429;1.0;17;1466;18
org.gjt.sp.jedit.gui.HistoryText.doBackwardSearch();org.gjt.sp.jedit.gui.HistoryModel;0;0;0;0;0;0;0;0
org.gjt.sp.jedit.Macros.invoke(org.gjt.sp.jedit.View);org.gjt.sp.jedit.buffer.JEditBuffer;0;0;0;0;0;0;0;0
org.gjt.sp.jedit.browser.BrowserView.mousePressed(java.awt.event.MouseEvent);org.gjt.sp.jedit.GUIUtilities;0;0;0;0;0;0;0;0
org.gjt.sp.jedit.textarea.JEditTextArea.scrollTo(boolean, int, int);org.gjt.sp.jedit.buffer.JEditBuffer;0;0;0;0;0;0;0;0
bsh.ParserTokenManager.jjMoveStringLiteralDfa8_0(long, long, long, long, long, long);bsh.JavaCharStream;0;0;0;0;0;0;0;0
org.gjt.sp.jedit.Buffer.finishSaving(boolean, boolean, java.lang.String, java.lang.String, java.lang.String, org.gjt.sp.jedit.View);org.gjt.sp.jedit.msg.BufferUpdate;0;0;0;0;0;0;0;0
org.gjt.sp.jedit.browser.VFSBrowser.removeNotify();org.gjt.sp.jedit.EditBus;0;2;2;0.967741935483871;1.0;8;675;72
org.gjt.sp.jedit.pluginmgr.InstallPanel.valueChanged(javax.swing.event.ListSelectionEvent);org.gjt.sp.jedit.jEdit;0;0;0;0;0;0;0;0
org.gjt.sp.jedit.textarea.JEditTextArea.goToBufferStart(boolean);org.gjt.sp.jedit.textarea.DisplayManager;0;0;0;0;0;0;0;0
bsh.BSHForStatement.eval(bsh.CallStack, bsh.Interpreter);bsh.SimpleNode;3;3;5;0.8;0.896551724137931;39;42;79
org.gjt.sp.jedit.search.SearchDialog.setSearchString(int, java.lang.String);org.gjt.sp.jedit.search.SearchAndReplace;0;0;0;0;0;0;0;0
org.gjt.sp.jedit.View.toString();org.gjt.sp.jedit.jEdit;0;0;0;0;0;0;0;0
bsh.BSHPrimarySuffix.doName(boolean, bsh.CallStack, bsh.Interpreter, java.lang.Object);bsh.SimpleNode;0;0;0;0;0;0;0;0
bsh.This.invokeMethod(boolean, bsh.CallStack, bsh.Interpreter, bsh.SimpleNode, java.lang.Object[], java.lang.String);bsh.StringUtil;0;0;0;0;0;0;0;0
org.gjt.sp.jedit.search.SearchBar.setHyperSearch(boolean);org.gjt.sp.jedit.jEdit;1;1;1;0.9444444444444444;1.0;4;178;1507
org.gjt.sp.jedit.EditPane.addMarker();org.gjt.sp.jedit.textarea.JEditTextArea;0;0;0;0;0;0;0;0
bsh.Parser.ClassDeclaration();bsh.BSHClassDeclaration;0;0;0;0;0;0;0;0
org.gjt.sp.jedit.browser.VFSBrowser.invokeAction(java.util.EventObject, org.gjt.sp.jedit.EditAction);org.gjt.sp.jedit.EditAction;0;0;0;0;0;0;0;0
bsh.BSHCastExpression.eval(bsh.CallStack, bsh.Interpreter);bsh.SimpleNode;2;1;4;1.0;0.9166666666666666;14;61;79
org.gjt.sp.jedit.options.PluginManagerOptionPane._save();org.gjt.sp.jedit.jEdit;0;0;0;0;0;0;0;0
org.gjt.sp.jedit.options.WindowTableModel.getColumnName(int);org.gjt.sp.jedit.jEdit;0;0;1;1.0;1.0;10;84;1507
org.gjt.sp.jedit.options.AbbrevsOptionPane._init();org.gjt.sp.jedit.GUIUtilities;0;0;0;0;0;0;0;0
org.gjt.sp.jedit.textarea.JEditTextArea.isStructureHighlightVisible();org.gjt.sp.jedit.textarea.DisplayManager;0;0;0;0;0;0;0;0
org.gjt.sp.jedit.gui.DockableWindowManager.getAllPluginEntries(boolean, org.gjt.sp.jedit.PluginJAR);org.gjt.sp.jedit.gui.DockableWindowFactory;0;0;0;0;0;0;0;0
org.gjt.sp.jedit.gui.DockableLayout.adjustDockingAreasToFit(int, int, int, int, int, int, int, int, java.awt.Dimension, java.awt.Dimension, java.awt.Dimension);org.gjt.sp.jedit.gui.DockablePanel;0;0;0;0;0;0;0;0
org.gjt.sp.jedit.Macros.accept(java.lang.String);org.gjt.sp.jedit.MiscUtilities;0;0;0;0;0;0;0;0
bsh.BSHSwitchStatement.primitiveEquals(bsh.CallStack, bsh.SimpleNode, java.lang.Object, java.lang.Object);bsh.SimpleNode;0;0;0;0;0;0;0;0
QuickNotepadToolPanel.makeCustomButton(java.awt.event.ActionListener, java.lang.String);org.gjt.sp.jedit.GUIUtilities;0;0;0;0;0;0;0;0
org.gjt.sp.jedit.menu.RecentDirectoriesProvider.update(javax.swing.JMenu);org.gjt.sp.jedit.MiscUtilities;0;0;0;0;0;0;0;0
org.gjt.sp.jedit.search.CurrentBufferSet.getFirstFile(org.gjt.sp.jedit.View);org.gjt.sp.jedit.View;1;0;2;1.0;0.9811320754716981;3;16;530
org.gjt.sp.jedit.textarea.TextAreaDropHandler.drop(java.awt.dnd.DropTargetDropEvent);org.gjt.sp.jedit.textarea.JEditTextArea;0;0;0;0;0;0;0;0
org.gjt.sp.jedit.Buffer.getDefaultProperty(java.lang.String);org.gjt.sp.jedit.jEdit;0;0;0;0;0;0;0;0
org.gjt.sp.jedit.jEdit.error(java.lang.Object, java.lang.String);com.microstar.xml.XmlParser;0;0;0;0;0;0;0;0
bsh.LHS.assign(boolean, java.lang.Object);bsh.Reflect;0;0;0;0;0;0;0;0
org.gjt.sp.jedit.EditPlugin.createMenuItems();org.gjt.sp.jedit.GUIUtilities;0;0;0;0;0;0;0;0
org.gjt.sp.jedit.ActionSet.addAction(org.gjt.sp.jedit.EditAction);org.gjt.sp.jedit.EditAction;1;1;1;0.9166666666666666;0.9;3;48;36
org.gjt.sp.util.WorkThread.setStatus(java.lang.String);org.gjt.sp.util.WorkThreadPool;1;1;1;0.9375;0.9714285714285714;4;97;186
org.gjt.sp.jedit.textarea.JEditTextArea.goToMatchingBracket();org.gjt.sp.jedit.TextUtilities;1;5;1;0.9855072463768116;1.0;10;2931;348
macos.Delegate.applicationOpenFiles(macos.NSApplication, macos.NSArray);org.gjt.sp.util.Log;0;0;0;0;0;0;0;0
bsh.Name.invokeLocalMethod(bsh.CallStack, bsh.Interpreter, bsh.SimpleNode, java.lang.Object[]);bsh.StringUtil;0;0;0;0;0;0;0;0
org.gjt.sp.jedit.textarea.DisplayManager.init();org.gjt.sp.jedit.textarea.RangeMap;0;0;0;0;0;0;0;0
bsh.Parser.ThrowStatement();bsh.JJTParserState;4;4;1;0.9907407407407407;0.8695652173913043;39;6765;74
org.gjt.sp.jedit.textarea.JEditTextArea.userInput(char);org.gjt.sp.jedit.buffer.JEditBuffer;0;0;0;0;0;0;0;0
bsh.Parser.InstanceOfExpression();bsh.Token;1;9;3;0.9791183294663574;0.95;29;6765;9
org.gjt.sp.jedit.textarea.JEditTextArea.addNotify();org.gjt.sp.jedit.buffer.JEditBuffer;0;0;0;0;0;0;0;0
org.gjt.sp.jedit.buffer.BufferSaveRequest.run();org.gjt.sp.jedit.jEdit;0;0;0;0;0;0;0;0
org.gjt.sp.jedit.textarea.JEditTextArea.smartHome(boolean);org.gjt.sp.jedit.gui.InputHandler;1;3;3;0.9889705882352942;0.9411764705882353;16;2931;141
bsh.BSHFormalParameters.insureParsed();bsh.BSHFormalParameter;0;0;0;0;0;0;0;0
org.gjt.sp.jedit.Buffer.insertFile(java.lang.String, org.gjt.sp.jedit.View);org.gjt.sp.jedit.io.VFSManager;0;8;8;0.9513888888888888;1.0;30;1466;120
bsh.Parser.InstanceOfExpression();bsh.JJTParserState;2;9;3;0.9791183294663574;0.9285714285714286;29;6765;74
org.gjt.sp.jedit.pluginmgr.ManagePanel.unloadPluginJAR(org.gjt.sp.jedit.PluginJAR);org.gjt.sp.jedit.MiscUtilities;0;0;0;0;0;0;0;0
bsh.BSHTryStatement.eval(bsh.CallStack, bsh.Interpreter);bsh.Interpreter;0;0;0;0;0;0;0;0
bsh.BSHTypedVariableDeclaration.eval(bsh.CallStack, bsh.Interpreter);bsh.UtilEvalError;0;0;0;0;0;0;0;0
bsh.BSHMethodDeclaration.evalNodes(bsh.CallStack, bsh.Interpreter);bsh.Interpreter;0;0;0;0;0;0;0;0
installer.TarEntry.setModTime(long);installer.TarHeader;0;0;0;0;0;0;0;0
org.objectweb.asm.ClassWriter.newInteger(int);org.objectweb.asm.Item;0;0;0;0;0;0;0;0
org.gjt.sp.jedit.pluginmgr.MirrorListHandler.endDocument();org.gjt.sp.jedit.pluginmgr.MirrorList;0;0;0;0;0;0;0;0
org.gjt.sp.jedit.gui.StatusBar.updateCaretStatus();org.gjt.sp.jedit.textarea.JEditTextArea;0;0;0;0;0;0;0;0
org.gjt.sp.jedit.PluginJAR.startPlugin();org.gjt.sp.jedit.buffer.JEditBuffer;0;0;0;0;0;0;0;0
com.loomcom.ant.tasks.jarbundler.JarBundler.setVersion(java.lang.String);com.loomcom.ant.tasks.jarbundler.AppBundleProperties;0;0;0;0;0;0;0;0
org.gjt.sp.jedit.options.EditingOptionPane._init();org.gjt.sp.jedit.MiscUtilities;0;0;0;0;0;0;0;0
org.gjt.sp.jedit.textarea.RangeMap.put(int, int, int[]);org.gjt.sp.util.Log;0;0;0;0;0;0;0;0
org.gjt.sp.jedit.textarea.TextAreaTransferHandler.createTransferable(javax.swing.JComponent);org.gjt.sp.util.Log;0;0;0;0;0;0;0;0
org.gjt.sp.jedit.syntax.TokenMarker.checkDelegateEnd(org.gjt.sp.jedit.syntax.ParserRule);org.gjt.sp.jedit.syntax.ParserRule;0;0;0;0;0;0;0;0
bsh.SimpleNode.getText();bsh.Token;1;0;1;1.0;0.8888888888888888;11;79;9
org.gjt.sp.jedit.options.DockingOptionPane._save();org.gjt.sp.jedit.options.WindowTableModel;1;1;2;0.9090909090909091;0.9411764705882353;4;61;84
bsh.BSHPrimarySuffix.doName(boolean, bsh.CallStack, bsh.Interpreter, java.lang.Object);bsh.Reflect;0;0;0;0;0;0;0;0
org.objectweb.asm.ClassWriter.newString(java.lang.String);org.objectweb.asm.ByteVector;0;0;0;0;0;0;0;0
org.gjt.sp.jedit.search.SearchBar.propertiesChanged();org.gjt.sp.jedit.GUIUtilities;0;0;0;0;0;0;0;0
org.gjt.sp.jedit.textarea.TextAreaPainter.getToolTipText(int, int);org.gjt.sp.jedit.buffer.JEditBuffer;0;0;0;0;0;0;0;0
org.gjt.sp.jedit.buffer.JEditBuffer.remove(int, int);org.gjt.sp.jedit.buffer.UndoManager;0;0;0;0;0;0;0;0
org.gjt.sp.jedit.options.ToolBarOptionPane.compare(java.lang.Object, java.lang.Object);org.gjt.sp.jedit.MiscUtilities;1;1;1;0.9523809523809523;1.0;3;149;491
org.gjt.sp.jedit.View.close();org.gjt.sp.jedit.EditBus;0;5;4;0.9107142857142857;1.0;16;530;72
bsh.BshMethod.invokeImpl(boolean, bsh.CallStack, bsh.Interpreter, bsh.SimpleNode, java.lang.Object[]);bsh.CallStack;0;0;0;0;0;0;0;0
org.gjt.sp.jedit.BeanShellAction.invoke(org.gjt.sp.jedit.View);org.gjt.sp.util.Log;0;0;0;0;0;0;0;0
org.gjt.sp.jedit.syntax.XModeHandler.endDocument();org.gjt.sp.jedit.syntax.ParserRuleSet;0;0;0;0;0;0;0;0
org.gjt.sp.jedit.search.RESearchMatcher.nextMatch(boolean, boolean, boolean, boolean, gnu.regexp.CharIndexed);gnu.regexp.REMatch;0;0;0;0;0;0;0;0
org.gjt.sp.jedit.textarea.JEditTextArea.recalculateLastPhysicalLine();org.gjt.sp.jedit.textarea.ChunkCache;3;5;2;0.9819494584837545;0.926829268292683;18;2931;425
org.gjt.sp.jedit.View.unsplitCurrent();org.gjt.sp.jedit.GUIUtilities;0;0;0;0;0;0;0;0
gnu.regexp.RETokenOneOf.dump(java.lang.StringBuffer);gnu.regexp.REToken;1;2;1;0.8;0.9090909090909091;8;69;30
org.gjt.sp.jedit.browser.VFSBrowser.mousePressed(java.awt.event.MouseEvent);org.gjt.sp.jedit.GUIUtilities;1;1;5;0.9855072463768116;1.0;35;675;395
org.gjt.sp.jedit.EditPane.getToolTipText(int, int);org.gjt.sp.jedit.textarea.JEditTextArea;0;0;0;0;0;0;0;0
bsh.Parser.getNextToken();bsh.Token;0;2;2;0.9953051643192489;1.0;7;6765;9
org.gjt.sp.jedit.syntax.DisplayTokenHandler.createChunk(byte, int, int, org.gjt.sp.jedit.syntax.TokenMarker.LineContext);org.gjt.sp.jedit.syntax.TokenMarker;0;0;0;0;0;0;0;0
org.gjt.sp.jedit.search.SearchDialog.load();org.gjt.sp.jedit.jEdit;0;0;0;0;0;0;0;0
org.gjt.sp.jedit.View.updateGutterBorders();org.gjt.sp.jedit.textarea.JEditTextArea;0;1;3;0.9811320754716981;1.0;4;530;2931
org.gjt.sp.jedit.browser.BrowserCommandsMenu.createEncodingMenu();org.gjt.sp.jedit.jEdit;0;0;0;0;0;0;0;0
installer.TarEntry.setUserId(int);installer.TarHeader;0;0;0;0;0;0;0;0
org.gjt.sp.jedit.PluginJAR.loadCache(org.gjt.sp.jedit.PluginJAR.PluginCacheEntry);org.gjt.sp.jedit.ActionSet;0;0;0;0;0;0;0;0
org.gjt.sp.jedit.buffer.BufferSaveRequest.run();org.gjt.sp.jedit.io.VFS;0;0;0;0;0;0;0;0
org.gjt.sp.jedit.options.AppearanceOptionPane._init();org.gjt.sp.jedit.jEdit;0;7;3;0.6666666666666667;1.0;36;62;1507
bsh.ClassGeneratorUtil.generateClass();org.objectweb.asm.Type;0;0;0;0;0;0;0;0
org.gjt.sp.jedit.options.ShortcutsOptionPane.initModels();org.gjt.sp.jedit.ActionSet;3;3;2;0.9;0.8;11;164;48
bsh.NameSpace.classForName(java.lang.String);bsh.BshClassManager;0;0;1;1.0;1.0;3;421;60
org.gjt.sp.jedit.textarea.JEditTextArea.goToPrevCharacter(boolean);org.gjt.sp.jedit.textarea.DisplayManager;0;0;0;0;0;0;0;0
bsh.BSHFormalParameters.getTypeDescriptors(bsh.CallStack, bsh.Interpreter, java.lang.String);bsh.SimpleNode;0;0;0;0;0;0;0;0
org.gjt.sp.jedit.gui.HistoryTextArea.setText(java.lang.String);org.gjt.sp.jedit.gui.HistoryText;0;0;0;0;0;0;0;0
org.gjt.sp.jedit.buffer.JEditBuffer.markTokens(int, org.gjt.sp.jedit.syntax.TokenHandler);org.gjt.sp.jedit.Debug;0;0;0;0;0;0;0;0
org.gjt.sp.jedit.gui.StatusBar.run();org.gjt.sp.util.WorkThreadPool;1;2;2;0.9393939393939394;0.972972972972973;13;281;186
bsh.BSHPrimarySuffix.doIndex(boolean, bsh.CallStack, bsh.Interpreter, java.lang.Object);bsh.UtilEvalError;0;0;0;0;0;0;0;0
org.gjt.sp.jedit.gui.DefaultInputHandler.handleKey(org.gjt.sp.jedit.gui.KeyEventTranslator.Key);org.gjt.sp.jedit.gui.InputHandler;0;0;0;0;0;0;0;0
org.gjt.sp.jedit.browser.VFSFileChooserDialog.filesActivated(org.gjt.sp.jedit.browser.VFSBrowser, org.gjt.sp.jedit.io.VFSFile[]);org.gjt.sp.jedit.gui.HistoryTextField;0;0;0;0;0;0;0;0
org.gjt.sp.jedit.io.FileVFS.save(java.lang.String, org.gjt.sp.jedit.Buffer, org.gjt.sp.jedit.View);org.gjt.sp.util.Log;0;0;5;1.0;1.0;17;214;143
org.objectweb.asm.ClassWriter.newNameType(java.lang.String, java.lang.String);org.objectweb.asm.Item;0;0;0;0;0;0;0;0
installer.TarEntry.getGroupName();installer.TarHeader;0;0;0;0;0;0;0;0
bsh.TargetError.toString();bsh.EvalError;1;2;1;0.8;0.9166666666666666;3;50;55
org.gjt.sp.jedit.browser.VFSBrowser.locateFile(java.lang.String);org.gjt.sp.jedit.browser.VFSDirectoryEntryTable;0;0;0;0;0;0;0;0
org.gjt.sp.jedit.browser.FileCellRenderer.getEntryWidth(java.awt.Font, java.awt.font.FontRenderContext, org.gjt.sp.jedit.browser.VFSDirectoryEntryTableModel.Entry);org.gjt.sp.jedit.browser.VFSDirectoryEntryTableModel;0;0;0;0;0;0;0;0
org.gjt.sp.jedit.View.updateTitle();org.gjt.sp.jedit.OperatingSystem;0;0;0;0;0;0;0;0
org.gjt.sp.jedit.search.HyperSearchResult.goTo(org.gjt.sp.jedit.EditPane);org.gjt.sp.jedit.io.VFSManager;0;0;0;0;0;0;0;0
org.gjt.sp.jedit.Buffer.isLoaded();org.gjt.sp.jedit.buffer.JEditBuffer;0;0;0;0;0;0;0;0
bsh.Parser.EnhancedForStatement();bsh.Token;0;0;0;0;0;0;0;0
org.gjt.sp.jedit.PluginJAR.checkDependencies();org.gjt.sp.jedit.EditPlugin;0;0;0;0;0;0;0;0
bsh.EvalError.getErrorLineNumber();bsh.SimpleNode;1;0;1;1.0;0.9473684210526316;4;55;79
org.gjt.sp.jedit.gui.AddAbbrevDialog.actionPerformed(java.awt.event.ActionEvent);org.gjt.sp.jedit.gui.AbbrevEditor;2;2;5;0.8666666666666667;0.8823529411764706;22;61;139
installer.SwingInstall.createCompPanel();installer.Install;2;1;2;0.9807692307692307;0.8947368421052632;21;301;43
bsh.ParserTokenManager.jjMoveStringLiteralDfa18_0(long, long, long, long);bsh.JavaCharStream;0;0;0;0;0;0;0;0
org.objectweb.asm.ClassWriter.newClass(java.lang.String);org.objectweb.asm.Item;0;0;0;0;0;0;0;0
org.gjt.sp.jedit.browser.VFSFileChooserDialog.ok();org.gjt.sp.jedit.buffer.JEditBuffer;0;0;0;0;0;0;0;0
org.gjt.sp.jedit.Buffer.removeMarker(int);org.gjt.sp.jedit.msg.BufferUpdate;0;4;4;0.972027972027972;1.0;12;1466;18
org.gjt.sp.jedit.browser.VFSBrowser.locateFile(java.lang.String);gnu.regexp.RE;0;0;0;0;0;0;0;0
org.gjt.sp.jedit.pluginmgr.PluginManager.stateChanged(javax.swing.event.ChangeEvent);org.gjt.sp.jedit.pluginmgr.InstallPanel;0;0;0;0;0;0;0;0
org.gjt.sp.jedit.gui.DockableWindowManager.hideDockableWindow(java.lang.String);org.gjt.sp.util.Log;0;0;0;0;0;0;0;0
org.gjt.sp.jedit.browser.BrowserIORequest.listDirectory();org.gjt.sp.util.WorkRequest;2;3;5;0.85;0.8571428571428572;30;160;16
bsh.BSHAllocationExpression.constructObject(bsh.CallStack, java.lang.Class, java.lang.Object[]);bsh.Interpreter;0;0;0;0;0;0;0;0
org.gjt.sp.jedit.textarea.ChunkCache.updateChunksUpTo(int);org.gjt.sp.jedit.textarea.JEditTextArea;3;11;2;0.7317073170731707;0.9895470383275261;76;425;2931
bsh.BSHType.getTypeDescriptor(bsh.CallStack, bsh.Interpreter, java.lang.String);bsh.Name;0;0;0;0;0;0;0;0
org.gjt.sp.jedit.textarea.FastRepaintManager.paint(java.awt.Graphics);org.gjt.sp.jedit.textarea.JEditTextArea;0;0;0;0;0;0;0;0
org.gjt.sp.jedit.textarea.MouseHandler.mouseReleased(java.awt.event.MouseEvent);org.gjt.sp.jedit.Registers;0;0;0;0;0;0;0;0
org.gjt.sp.jedit.EditPane.propertiesChanged();org.gjt.sp.jedit.GUIUtilities;1;0;5;1.0;1.0;53;245;395
org.gjt.sp.jedit.help.HelpViewer.gotoURL(boolean, java.lang.String);org.gjt.sp.jedit.GUIUtilities;0;0;0;0;0;0;0;0
org.gjt.sp.jedit.browser.BrowserIORequest.listDirectory();org.gjt.sp.jedit.io.VFSManager;1;3;5;0.85;1.0;30;160;120
org.gjt.sp.jedit.io.FileRootsVFS.getExtendedAttribute(java.lang.String);org.gjt.sp.jedit.io.VFSFile;0;0;0;0;0;0;0;0
org.gjt.sp.jedit.gui.ErrorListCellRenderer.getListCellRendererComponent(boolean, boolean, int, java.lang.Object, javax.swing.JList);org.gjt.sp.jedit.gui.ErrorListDialog;2;2;1;0.8181818181818181;0.7777777777777778;6;36;70
org.objectweb.asm.CodeWriter.visitLineNumber(int, org.objectweb.asm.Label);org.objectweb.asm.ClassWriter;0;0;0;0;0;0;0;0
org.gjt.sp.jedit.textarea.DisplayManager.hideLineRange(int, int);org.gjt.sp.jedit.textarea.RangeMap;0;0;0;0;0;0;0;0
org.gjt.sp.jedit.View.createEditPane(org.gjt.sp.jedit.Buffer);org.gjt.sp.jedit.EditPane;0;0;4;1.0;1.0;9;530;245
bsh.Interpreter.getInterface(java.lang.Class);bsh.NameSpace;1;0;2;1.0;0.9803921568627451;3;440;421
org.gjt.sp.jedit.proto.jeditresource.PluginResURLConnection.connect();org.gjt.sp.jedit.JARClassLoader;1;3;4;0.7272727272727273;0.9473684210526316;21;54;236
org.gjt.sp.jedit.buffer.JEditBuffer.getKeywordMapAtOffset(int);org.gjt.sp.jedit.syntax.ParserRuleSet;0;0;0;0;0;0;0;0
org.gjt.sp.jedit.ActionListHandler.doctypeDecl(java.lang.String, java.lang.String, java.lang.String);org.gjt.sp.util.Log;0;1;1;0.9444444444444444;1.0;4;72;143
org.gjt.sp.jedit.Buffer.load(boolean, org.gjt.sp.jedit.View);org.gjt.sp.jedit.io.VFSManager;1;23;10;0.8562091503267975;1.0;68;1466;120
org.gjt.sp.jedit.gui.CompleteWord.keyPressed(java.awt.event.KeyEvent);org.gjt.sp.jedit.View;1;6;3;0.8888888888888888;0.9873417721518988;55;225;530
org.gjt.sp.jedit.browser.FileCellRenderer.getTableCellRendererComponent(boolean, boolean, int, int, java.lang.Object, javax.swing.JTable);org.gjt.sp.jedit.jEdit;0;0;0;0;0;0;0;0
org.gjt.sp.jedit.textarea.JEditTextArea._finishCaretUpdate();org.gjt.sp.jedit.textarea.ChunkCache;0;0;0;0;0;0;0;0
bsh.BSHMethodInvocation.eval(bsh.CallStack, bsh.Interpreter);bsh.BSHArguments;1;0;7;1.0;0.8888888888888888;23;26;8
org.objectweb.asm.CodeWriter.visitLocalVariable(int, java.lang.String, java.lang.String, org.objectweb.asm.Label, org.objectweb.asm.Label);org.objectweb.asm.Label;0;0;0;0;0;0;0;0
org.gjt.sp.jedit.Buffer.checkFileStatus(org.gjt.sp.jedit.View);org.gjt.sp.jedit.msg.BufferUpdate;0;0;0;0;0;0;0;0
org.gjt.sp.jedit.gui.DockableWindowManager.closeCurrentArea();org.gjt.sp.jedit.gui.PanelWindowContainer;0;0;0;0;0;0;0;0
macos.Delegate.applicationDockMenu(macos.NSApplication);org.gjt.sp.jedit.Buffer;0;0;0;0;0;0;0;0
bsh.BSHPrimarySuffix.doSuffix(boolean, bsh.CallStack, bsh.Interpreter, java.lang.Object);bsh.LHS;0;0;0;0;0;0;0;0
org.gjt.sp.jedit.buffer.BufferIORequest.write(java.io.OutputStream, org.gjt.sp.jedit.Buffer);org.gjt.sp.jedit.Buffer;0;0;0;0;0;0;0;0
org.objectweb.asm.CodeWriter.getSize();org.objectweb.asm.ClassWriter;0;0;0;0;0;0;0;0
bsh.Parser.Arguments();bsh.JJTParserState;4;8;1;0.9824561403508771;0.9411764705882353;70;6765;74
org.gjt.sp.jedit.textarea.JEditTextArea.formatParagraph();org.gjt.sp.jedit.GUIUtilities;0;0;0;0;0;0;0;0
org.gjt.sp.jedit.browser.VFSBrowser.createPluginsMenu(boolean, javax.swing.JComponent);org.gjt.sp.jedit.io.VFSManager;0;0;0;0;0;0;0;0
org.gjt.sp.jedit.browser.VFSDirectoryEntryTable.selectFile(java.lang.String);org.gjt.sp.jedit.io.VFSFile;0;0;0;0;0;0;0;0
gnu.regexp.RE.setUncle(gnu.regexp.REToken);gnu.regexp.REToken;0;0;1;1.0;1.0;6;609;30
bsh.DelayedEvalBshMethod.getParameterTypes();bsh.BSHFormalParameters;0;0;0;0;0;0;0;0
installer.CBZip2InputStream.setupNoRandPartA();installer.CRC;0;0;0;0;0;0;0;0
org.gjt.sp.jedit.pluginmgr.ManagePanel.transitiveClosure(java.lang.String[], java.util.List);org.gjt.sp.jedit.PluginJAR;0;0;0;0;0;0;0;0
org.gjt.sp.jedit.browser.BrowserIORequest.rename();org.gjt.sp.jedit.jEdit;1;3;4;0.85;1.0;31;160;1507
org.gjt.sp.jedit.browser.VFSDirectoryEntryTable.maybeReloadDirectory(java.lang.String);org.gjt.sp.jedit.io.VFSFile;0;0;0;0;0;0;0;0
org.gjt.sp.jedit.textarea.Gutter.paintComponent(java.awt.Graphics);org.gjt.sp.jedit.textarea.TextAreaPainter;1;13;6;0.8673469387755102;0.9915254237288136;104;362;363
org.gjt.sp.jedit.textarea.DisplayManager.foldHandlerChanged();org.gjt.sp.jedit.textarea.RangeMap;0;0;0;0;0;0;0;0
org.gjt.sp.jedit.EditPane.goToMarker(boolean, char);org.gjt.sp.jedit.Buffer;0;0;0;0;0;0;0;0
org.gjt.sp.jedit.EditServer.handleClient(java.io.DataInputStream, java.net.Socket);org.gjt.sp.util.Log;0;2;2;0.8571428571428572;1.0;22;83;143
bsh.BSHUnaryExpression.lhsUnaryOperation(boolean, bsh.LHS);bsh.LHS;0;0;0;0;0;0;0;0
org.gjt.sp.jedit.View.createEditPane(org.gjt.sp.jedit.Buffer);org.gjt.sp.jedit.textarea.JEditTextArea;2;0;4;1.0;0.9926470588235294;9;530;2931
org.gjt.sp.jedit.Macros.accept(java.lang.String);gnu.regexp.RE;1;0;1;1.0;0.9705882352941176;3;333;609
org.gjt.sp.jedit.buffer.JEditBuffer.insert(int, java.lang.String);org.gjt.sp.jedit.buffer.ContentManager;0;0;0;0;0;0;0;0
org.gjt.sp.jedit.buffer.JEditBuffer.getRuleSetAtOffset(int);org.gjt.sp.jedit.syntax.Token;0;0;0;0;0;0;0;0
org.gjt.sp.jedit.options.StyleTableModel.addStyleChoice(java.lang.String, java.lang.String);org.gjt.sp.jedit.jEdit;0;1;2;0.9230769230769231;1.0;3;84;1507
org.gjt.sp.jedit.textarea.Gutter.mousePressed(java.awt.event.MouseEvent);org.gjt.sp.jedit.textarea.DisplayManager;0;0;0;0;0;0;0;0
installer.TarEntry.getGroupId();installer.TarHeader;0;0;0;0;0;0;0;0
org.gjt.sp.jedit.pluginmgr.PluginManager.dispose();org.gjt.sp.jedit.EditBus;0;0;0;0;0;0;0;0
org.gjt.sp.jedit.textarea.DisplayManager.notifyScreenLineChanges();org.gjt.sp.jedit.textarea.FirstLine;0;0;0;0;0;0;0;0
org.gjt.sp.jedit.gui.InputHandler.readNextChar(java.lang.String, java.lang.String);org.gjt.sp.jedit.View;0;1;2;0.9333333333333333;1.0;4;141;530
org.gjt.sp.jedit.gui.FloatingWindowContainer.dispose();org.gjt.sp.jedit.GUIUtilities;0;0;0;0;0;0;0;0
macos.Delegate.applicationShouldHandleReopen(boolean, macos.NSApplication);org.gjt.sp.jedit.jEdit;0;0;0;0;0;0;0;0
bsh.Name.consumeNextObjectField(boolean, boolean, bsh.CallStack, bsh.Interpreter);bsh.ClassIdentifier;0;0;0;0;0;0;0;0
org.gjt.sp.jedit.buffer.JEditBuffer.createPosition(int);org.gjt.sp.jedit.buffer.PositionManager;0;0;0;0;0;0;0;0
bsh.BSHReturnType.evalReturnType(bsh.CallStack, bsh.Interpreter);bsh.BSHType;0;0;0;0;0;0;0;0
org.gjt.sp.jedit.textarea.SelectionManager.getSelectionAtOffset(int);org.gjt.sp.jedit.textarea.Selection;0;0;0;0;0;0;0;0
org.gjt.sp.jedit.gui.DefaultInputHandler.getKeyBinding(java.lang.String);org.gjt.sp.jedit.gui.KeyEventTranslator;0;0;0;0;0;0;0;0
bsh.EvalError.getScriptStackTrace();bsh.NameSpace;0;0;0;0;0;0;0;0
org.gjt.sp.jedit.textarea.JEditTextArea.getMagicCaretPosition();org.gjt.sp.jedit.textarea.ChunkCache;0;0;0;0;0;0;0;0
org.gjt.sp.jedit.gui.EnhancedButton.mouseReleased(java.awt.event.MouseEvent);org.gjt.sp.jedit.gui.StatusBar;0;0;0;0;0;0;0;0
org.gjt.sp.jedit.View.goToBuffer(org.gjt.sp.jedit.Buffer);org.gjt.sp.jedit.textarea.JEditTextArea;0;0;0;0;0;0;0;0
org.gjt.sp.jedit.msg.DynamicMenuChanged.paramString();org.gjt.sp.jedit.EBMessage;0;0;0;0;0;0;0;0
org.gjt.sp.jedit.syntax.DisplayTokenHandler.initChunk(javax.swing.text.Segment, org.gjt.sp.jedit.syntax.Chunk);org.gjt.sp.jedit.syntax.Chunk;0;0;0;0;0;0;0;0
QuickNotepadOptionPane._save();org.gjt.sp.jedit.jEdit;0;2;1;0.8461538461538461;1.0;8;47;1507
bsh.BSHAmbiguousName.toClass(bsh.CallStack, bsh.Interpreter);bsh.UtilEvalError;0;0;0;0;0;0;0;0
gnu.regexp.RETokenStart.match(gnu.regexp.CharIndexed, gnu.regexp.REMatch);gnu.regexp.RE;0;1;3;0.9090909090909091;1.0;25;32;609
org.gjt.sp.jedit.gui.OptionsDialog.init(java.lang.String, java.lang.String);org.gjt.sp.jedit.jEdit;0;0;0;0;0;0;0;0
org.gjt.sp.jedit.menu.MarkersProvider.update(javax.swing.JMenu);org.gjt.sp.jedit.Buffer;0;0;0;0;0;0;0;0
org.gjt.sp.jedit.gui.DockableWindowFactory.createDockableWindow(java.lang.String, org.gjt.sp.jedit.View);org.gjt.sp.util.Log;0;0;0;0;0;0;0;0
org.gjt.sp.jedit.textarea.JEditTextArea.goToEndOfWhiteSpace(boolean);org.gjt.sp.jedit.textarea.ChunkCache;3;10;5;0.9640287769784173;0.9361702127659575;28;2931;425
org.gjt.sp.jedit.options.BrowserColorsOptionPane._init();org.gjt.sp.jedit.GUIUtilities;0;0;0;0;0;0;0;0
org.gjt.sp.jedit.io.FavoritesVFS._delete(java.awt.Component, java.lang.Object, java.lang.String);org.gjt.sp.jedit.EditBus;0;0;0;0;0;0;0;0
org.gjt.sp.jedit.gui.DockablePanel.getPreferredSize();org.gjt.sp.jedit.gui.PanelWindowContainer;0;0;0;0;0;0;0;0
installer.TarEntry.equals(installer.TarEntry);installer.TarHeader;0;0;0;0;0;0;0;0
bsh.BSHMethodDeclaration.getReturnTypeDescriptor(bsh.CallStack, bsh.Interpreter, java.lang.String);bsh.BSHReturnType;0;0;0;0;0;0;0;0
org.gjt.sp.jedit.print.BufferPrintable.printPage(boolean, int, java.awt.Graphics, java.awt.print.PageFormat);org.gjt.sp.jedit.syntax.DisplayTokenHandler;0;0;0;0;0;0;0;0
org.gjt.sp.jedit.help.HelpViewer.gotoURL(boolean, java.lang.String);org.gjt.sp.jedit.jEdit;0;0;0;0;0;0;0;0
org.gjt.sp.jedit.textarea.JEditTextArea.getScreenLineEndOffset(int);org.gjt.sp.jedit.buffer.JEditBuffer;0;0;0;0;0;0;0;0
org.gjt.sp.jedit.menu.EnhancedMenuItem.mouseExited(java.awt.event.MouseEvent);org.gjt.sp.jedit.gui.StatusBar;0;0;0;0;0;0;0;0
bsh.BSHImportDeclaration.eval(bsh.CallStack, bsh.Interpreter);bsh.Primitive;0;2;6;0.7777777777777778;1.0;10;13;451
org.gjt.sp.jedit.pluginmgr.ManagePanel.loadPluginJAR(java.lang.String);org.gjt.sp.jedit.jEdit;0;0;0;0;0;0;0;0
bsh.BSHSwitchStatement.primitiveEquals(bsh.CallStack, bsh.SimpleNode, java.lang.Object, java.lang.Object);bsh.UtilEvalError;0;0;0;0;0;0;0;0
org.gjt.sp.jedit.gui.OptionsDialog.valueChanged(javax.swing.event.TreeSelectionEvent);org.gjt.sp.util.Log;0;0;0;0;0;0;0;0
org.gjt.sp.jedit.textarea.FirstLine.physDown(int, int);org.gjt.sp.jedit.textarea.DisplayManager;0;0;0;0;0;0;0;0
org.gjt.sp.jedit.textarea.JEditTextArea.fireCaretEvent();org.gjt.sp.util.Log;0;0;0;0;0;0;0;0
org.gjt.sp.jedit.jEdit.run();org.gjt.sp.jedit.Buffer;3;0;4;1.0;0.9864864864864865;21;1507;1466
org.objectweb.asm.ClassWriter.visitMethod(int, java.lang.String, java.lang.String, java.lang.String[]);org.objectweb.asm.CodeWriter;0;0;0;0;0;0;0;0
macos.Delegate.applicationDockMenu(macos.NSApplication);org.gjt.sp.jedit.View;0;0;0;0;0;0;0;0
org.gjt.sp.jedit.options.ContextAddDialog.getSelection();org.gjt.sp.jedit.options.ContextOptionPane;1;4;1;0.7333333333333334;0.95;8;91;116
org.gjt.sp.jedit.EditPane.narrowActive(org.gjt.sp.jedit.textarea.JEditTextArea);org.gjt.sp.jedit.jEdit;0;0;0;0;0;0;0;0
bsh.BSHPrimarySuffix.doProperty(boolean, bsh.CallStack, bsh.Interpreter, java.lang.Object);bsh.Primitive;0;0;0;0;0;0;0;0
org.gjt.sp.jedit.help.HelpIndex.indexEditorHelp();org.gjt.sp.jedit.PluginJAR;0;0;0;0;0;0;0;0
org.gjt.sp.jedit.menu.RecentFilesProvider.mouseEntered(java.awt.event.MouseEvent);org.gjt.sp.jedit.View;0;0;0;0;0;0;0;0
org.gjt.sp.jedit.options.EditingOptionPane.save();org.gjt.sp.jedit.jEdit;0;0;0;0;0;0;0;0
org.gjt.sp.jedit.search.SearchDialog.actionPerformed(java.awt.event.ActionEvent);org.gjt.sp.jedit.search.SearchAndReplace;0;9;1;0.7804878048780488;1.0;25;416;404
org.gjt.sp.jedit.search.HyperSearchRequest.doHyperSearch(int, int, javax.swing.tree.DefaultMutableTreeNode, org.gjt.sp.jedit.Buffer);org.gjt.sp.jedit.search.SearchMatcher;0;0;0;0;0;0;0;0
org.gjt.sp.jedit.browser.BrowserView.mouseClicked(java.awt.event.MouseEvent);org.gjt.sp.jedit.browser.FileCellRenderer;0;0;0;0;0;0;0;0
gnu.regexp.RETokenEndSub.match(gnu.regexp.CharIndexed, gnu.regexp.REMatch);gnu.regexp.REMatch;2;0;2;1.0;0.9047619047619048;4;9;95
org.gjt.sp.jedit.pluginmgr.PluginManager.updatePluginList();org.gjt.sp.jedit.jEdit;0;0;0;0;0;0;0;0
macos.Delegate.applicationOpenFiles(macos.NSApplication, macos.NSArray);org.gjt.sp.jedit.PerspectiveManager;0;0;0;0;0;0;0;0
org.gjt.sp.jedit.menu.RecentFilesProvider.update(javax.swing.JMenu);org.gjt.sp.jedit.jEdit;0;0;0;0;0;0;0;0
org.gjt.sp.jedit.buffer.BufferIORequest.write(java.io.OutputStream, org.gjt.sp.jedit.Buffer);org.gjt.sp.util.WorkRequest;0;0;0;0;0;0;0;0
org.gjt.sp.jedit.gui.BufferSwitcher.popupMenuWillBecomeInvisible(javax.swing.event.PopupMenuEvent);org.gjt.sp.jedit.EditPane;0;0;0;0;0;0;0;0
bsh.BSHReturnStatement.eval(bsh.CallStack, bsh.Interpreter);bsh.Primitive;0;1;2;0.8;1.0;6;9;451
org.gjt.sp.jedit.PluginJAR.deactivatePlugin(boolean);org.gjt.sp.util.Log;0;0;0;0;0;0;0;0
org.gjt.sp.jedit.View.quickHyperSearch(boolean);org.gjt.sp.jedit.gui.HistoryModel;1;1;5;0.9838709677419355;0.9411764705882353;24;530;91
org.gjt.sp.jedit.EditPane.addMarker();org.gjt.sp.jedit.Buffer;0;0;0;0;0;0;0;0
bsh.BSHTryStatement.eval(bsh.CallStack, bsh.Interpreter);bsh.BSHBlock;1;0;7;1.0;0.9411764705882353;52;55;23
org.gjt.sp.jedit.gui.StatusBar.updateBufferStatus();org.gjt.sp.jedit.Mode;1;2;3;0.9428571428571428;0.9411764705882353;5;281;85
org.gjt.sp.jedit.pluginmgr.Roster.performOperationsInWorkThread(org.gjt.sp.jedit.pluginmgr.PluginManagerProgress);org.gjt.sp.jedit.pluginmgr.PluginManagerProgress;0;0;0;0;0;0;0;0
macos.menu.ShowBufferMenu.construct();org.gjt.sp.jedit.browser.FileCellRenderer;0;0;0;0;0;0;0;0
org.gjt.sp.jedit.gui.InputHandler.invokeReadNextChar(char);org.gjt.sp.jedit.Macros;1;2;6;0.92;0.9666666666666667;22;141;333
bsh.BSHTypedVariableDeclaration.getTypeDescriptor(bsh.CallStack, bsh.Interpreter, java.lang.String);bsh.BSHType;0;0;0;0;0;0;0;0
org.gjt.sp.jedit.gui.StatusBar.mouseClicked(java.awt.event.MouseEvent);org.gjt.sp.jedit.Buffer;3;7;7;0.8541666666666666;0.9875;43;281;1466
org.gjt.sp.jedit.buffer.JEditBuffer.insertAtColumn(int, int, java.lang.String);org.gjt.sp.jedit.MiscUtilities;0;0;0;0;0;0;0;0
org.gjt.sp.jedit.options.ContextOptionPane._init();org.gjt.sp.jedit.GUIUtilities;0;0;0;0;0;0;0;0
org.gjt.sp.jedit.gui.StatusBar.updateBufferStatus();org.gjt.sp.jedit.buffer.JEditBuffer;0;0;0;0;0;0;0;0
org.gjt.sp.jedit.gui.RegisterViewer.getListCellRendererComponent(boolean, boolean, int, java.lang.Object, javax.swing.JList);org.gjt.sp.jedit.Registers;0;0;0;0;0;0;0;0
bsh.Parser.PrimitiveType();bsh.BSHPrimitiveType;1;7;2;0.9842696629213483;0.962962962962963;76;6765;6
org.gjt.sp.jedit.help.HelpViewer.historyUpdated();org.gjt.sp.jedit.help.HistoryButton;0;0;0;0;0;0;0;0
org.gjt.sp.jedit.browser.VFSBrowser.createPluginsMenu(boolean, javax.swing.JComponent);org.gjt.sp.jedit.EditPlugin;0;0;0;0;0;0;0;0
org.gjt.sp.jedit.buffer.JEditBuffer.getOffsetOfVirtualColumn(int, int, int[]);org.gjt.sp.jedit.MiscUtilities;0;0;0;0;0;0;0;0
org.gjt.sp.jedit.browser.VFSFileNameField.processKeyEvent(java.awt.event.KeyEvent);org.gjt.sp.jedit.browser.VFSDirectoryEntryTable;0;0;0;0;0;0;0;0
org.gjt.sp.jedit.textarea.JEditTextArea.invalidateLine(int);org.gjt.sp.jedit.textarea.DisplayManager;0;0;0;0;0;0;0;0
bsh.BSHEnhancedForStatement.eval(bsh.CallStack, bsh.Interpreter);bsh.NameSpace;0;0;0;0;0;0;0;0
bsh.BSHThrowStatement.eval(bsh.CallStack, bsh.Interpreter);bsh.SimpleNode;2;0;1;1.0;0.8947368421052632;5;8;79
org.gjt.sp.jedit.gui.HistoryTextArea.processMouseEvent(java.awt.event.MouseEvent);org.gjt.sp.jedit.gui.HistoryText;0;0;0;0;0;0;0;0
org.gjt.sp.jedit.search.DirectoryListSet.setDirectory(java.lang.String);org.gjt.sp.jedit.search.BufferListSet;0;0;0;0;0;0;0;0
org.gjt.sp.jedit.browser.VFSFileChooserDialog.filesActivated(org.gjt.sp.jedit.browser.VFSBrowser, org.gjt.sp.jedit.io.VFSFile[]);org.gjt.sp.jedit.io.VFSFile;0;0;0;0;0;0;0;0
org.gjt.sp.jedit.buffer.JEditBuffer.getLineOfOffset(int);org.gjt.sp.jedit.buffer.LineManager;0;0;0;0;0;0;0;0
org.gjt.sp.jedit.textarea.JEditTextArea.updateStructureHighlight();org.gjt.sp.jedit.textarea.DisplayManager;0;0;0;0;0;0;0;0
org.gjt.sp.jedit.options.EditingOptionPane.load();org.gjt.sp.jedit.jEdit;0;0;0;0;0;0;0;0
org.gjt.sp.jedit.Buffer.setMode(java.lang.String);org.gjt.sp.jedit.jEdit;0;0;0;0;0;0;0;0
org.gjt.sp.jedit.PluginJAR.breakPlugin();org.gjt.sp.jedit.EditPlugin;0;0;0;0;0;0;0;0
org.gjt.sp.jedit.gui.RegisterViewer.updateRegister();org.gjt.sp.jedit.Registers;0;0;0;0;0;0;0;0
org.gjt.sp.jedit.View.processKeyEvent(int, java.awt.event.KeyEvent);org.gjt.sp.jedit.gui.KeyEventTranslator;0;0;0;0;0;0;0;0
org.gjt.sp.jedit.browser.BrowserIORequest.rename();org.gjt.sp.jedit.io.VFS;4;3;4;0.85;1.0;31;160;167
installer.TarOutputStream.write(byte[], int, int);installer.TarBuffer;0;0;0;0;0;0;0;0
bsh.Interpreter.run();bsh.CallStack;3;13;9;0.8285714285714285;0.9347826086956522;74;440;42
org.objectweb.asm.CodeWriter.visitMethodInsn(int, java.lang.String, java.lang.String, java.lang.String);org.objectweb.asm.Item;0;0;0;0;0;0;0;0
org.gjt.sp.jedit.textarea.TextAreaPainter.setFont(java.awt.Font);org.gjt.sp.jedit.textarea.JEditTextArea;1;1;1;0.9833333333333333;0.9963503649635036;5;363;2931
bsh.BSHBinaryExpression.eval(bsh.CallStack, bsh.Interpreter);bsh.SimpleNode;2;3;6;0.8695652173913043;0.9487179487179487;46;55;79
org.gjt.sp.util.WorkThread.run();org.gjt.sp.util.Log;0;1;1;0.9375;1.0;6;97;143
gnu.regexp.RETokenEndSub.match(gnu.regexp.CharIndexed, gnu.regexp.REMatch);gnu.regexp.REToken;2;0;2;1.0;0.7142857142857143;4;9;30
bsh.Parser.RelationalExpression();bsh.JJTParserState;2;8;3;0.9817351598173516;0.9411764705882353;68;6765;74
bsh.BSHAssignment.eval(bsh.CallStack, bsh.Interpreter);bsh.UtilEvalError;0;0;0;0;0;0;0;0
org.gjt.sp.jedit.search.HyperSearchRequest.run();org.gjt.sp.jedit.search.HyperSearchResults;0;0;0;0;0;0;0;0
bsh.BshMethod.toString();bsh.StringUtil;0;0;0;0;0;0;0;0
org.gjt.sp.jedit.textarea.DisplayManager.expandFolds(int);org.gjt.sp.jedit.buffer.JEditBuffer;0;0;0;0;0;0;0;0
org.gjt.sp.jedit.gui.DefaultInputHandler.handleKey(org.gjt.sp.jedit.gui.KeyEventTranslator.Key);org.gjt.sp.jedit.View;0;0;0;0;0;0;0;0
org.gjt.sp.jedit.options.EditingOptionPane.load();org.gjt.sp.jedit.Mode;0;0;0;0;0;0;0;0
gnu.regexp.RETokenRepeated.match(gnu.regexp.CharIndexed, gnu.regexp.REMatch);gnu.regexp.REToken;1;4;2;0.7142857142857143;1.0;68;120;30
bsh.Parser.isRegularForStatement();bsh.Token;0;0;0;0;0;0;0;0
org.gjt.sp.jedit.textarea.JEditTextArea.narrowToFold();org.gjt.sp.jedit.textarea.DisplayManager;0;0;0;0;0;0;0;0
installer.CBZip2OutputStream.initBlock();installer.CRC;0;0;0;0;0;0;0;0
installer.TarOutputStream.getRecordSize();installer.TarBuffer;0;0;0;0;0;0;0;0
bsh.NameSpace.getClassImpl(java.lang.String);bsh.Name;0;4;2;0.9215686274509804;1.0;22;421;291
org.gjt.sp.jedit.Buffer.markTokens(int);org.gjt.sp.jedit.buffer.JEditBuffer;0;0;0;0;0;0;0;0
org.gjt.sp.jedit.search.SearchDialog.ok();org.gjt.sp.jedit.textarea.JEditTextArea;0;0;0;0;0;0;0;0
org.gjt.sp.jedit.browser.FileCellRenderer.paintComponent(java.awt.Graphics);org.gjt.sp.jedit.io.VFSFile;0;0;0;0;0;0;0;0
org.gjt.sp.jedit.gui.InputHandler.invokeReadNextChar(char);org.gjt.sp.jedit.View;2;2;6;0.92;0.9682539682539683;22;141;530
org.gjt.sp.jedit.textarea.JEditTextArea.backspaceWord(boolean);org.gjt.sp.jedit.buffer.JEditBuffer;0;0;0;0;0;0;0;0
org.gjt.sp.jedit.syntax.KeywordMap.lookup(int, int, javax.swing.text.Segment);org.gjt.sp.jedit.syntax.Token;0;6;2;0.6666666666666667;1.0;13;70;8
org.gjt.sp.jedit.textarea.JEditTextArea.getSelectedText(java.lang.String);org.gjt.sp.jedit.textarea.SelectionManager;0;0;0;0;0;0;0;0
org.gjt.sp.jedit.textarea.JEditTextArea.extendSelection(int, int, int, int);org.gjt.sp.jedit.textarea.Selection;0;0;0;0;0;0;0;0
org.gjt.sp.jedit.JARClassLoader._loadClass(boolean, java.lang.String);org.gjt.sp.jedit.PluginJAR;0;0;0;0;0;0;0;0
org.gjt.sp.jedit.gui.InputHandler.userInput(char);org.gjt.sp.jedit.GUIUtilities;1;6;5;0.76;1.0;25;141;395
org.gjt.sp.jedit.search.SearchBar.actionPerformed(java.awt.event.ActionEvent);org.gjt.sp.jedit.search.SearchAndReplace;0;5;2;0.736842105263158;1.0;14;178;404
org.gjt.sp.jedit.gui.MarkerViewer.refreshList();org.gjt.sp.jedit.View;0;0;0;0;0;0;0;0
org.gjt.sp.jedit.EditPane.bracketSelected(int, java.lang.String, org.gjt.sp.jedit.textarea.JEditTextArea);org.gjt.sp.jedit.jEdit;0;0;0;0;0;0;0;0
org.gjt.sp.jedit.textarea.JEditTextArea.tallCaretDelete(boolean, org.gjt.sp.jedit.textarea.Selection.Rect);org.gjt.sp.jedit.textarea.Selection;0;0;0;0;0;0;0;0
org.gjt.sp.jedit.gui.HistoryTextArea.processKeyEvent(java.awt.event.KeyEvent);org.gjt.sp.jedit.gui.HistoryText;0;0;0;0;0;0;0;0
org.gjt.sp.jedit.syntax.ParserRuleSet.getNoWordSep();org.gjt.sp.jedit.syntax.KeywordMap;0;0;0;0;0;0;0;0
org.objectweb.asm.Item.isEqualTo(org.objectweb.asm.Item);org.objectweb.asm.ClassWriter;0;0;0;0;0;0;0;0
org.gjt.sp.jedit.textarea.Gutter.mousePressed(java.awt.event.MouseEvent);org.gjt.sp.jedit.textarea.ChunkCache;3;3;6;0.9583333333333334;0.9464285714285714;44;362;425
org.gjt.sp.util.WorkRequest.setValue(long);org.gjt.sp.util.WorkThread;0;0;0;0;0;0;0;0
bsh.ParserTokenManager.jjMoveNfa_0(int, int);bsh.JavaCharStream;0;0;0;0;0;0;0;0
org.gjt.sp.jedit.textarea.JEditTextArea.addToSelection(org.gjt.sp.jedit.textarea.Selection);org.gjt.sp.jedit.textarea.SelectionManager;0;0;0;0;0;0;0;0
org.gjt.sp.jedit.options.ShortcutsOptionPane.compare(java.lang.Object, java.lang.Object);org.gjt.sp.jedit.gui.GrabKeyDialog;2;1;2;1.0;0.9230769230769231;22;164;236
org.gjt.sp.jedit.textarea.JEditTextArea.recalculateVisibleLines();org.gjt.sp.jedit.buffer.JEditBuffer;0;0;0;0;0;0;0;0
bsh.BSHAmbiguousName.toObject(boolean, bsh.CallStack, bsh.Interpreter);bsh.UtilEvalError;0;0;0;0;0;0;0;0
org.gjt.sp.jedit.help.HelpIndex.indexURL(java.lang.String);org.gjt.sp.jedit.MiscUtilities;0;0;0;0;0;0;0;0
org.gjt.sp.jedit.menu.EnhancedMenuItem.mouseEntered(java.awt.event.MouseEvent);org.gjt.sp.jedit.View;0;0;0;0;0;0;0;0
bsh.Name.consumeNextObjectField(boolean, boolean, bsh.CallStack, bsh.Interpreter);bsh.Interpreter;0;0;0;0;0;0;0;0
org.gjt.sp.jedit.help.HelpSearchPanel.actionPerformed(java.awt.event.ActionEvent);org.gjt.sp.jedit.jEdit;0;0;0;0;0;0;0;0
org.gjt.sp.jedit.pluginmgr.Roster.performOperationsInAWTThread(java.awt.Component);org.gjt.sp.jedit.PluginJAR;0;0;0;0;0;0;0;0
bsh.BSHAssignment.eval(bsh.CallStack, bsh.Interpreter);bsh.BSHPrimaryExpression;0;0;0;0;0;0;0;0
org.gjt.sp.jedit.gui.PanelWindowContainer.show(org.gjt.sp.jedit.gui.DockableWindowManager.Entry);org.gjt.sp.jedit.View;1;8;2;0.8787878787878788;0.9859154929577465;29;396;530
org.gjt.sp.jedit.options.AbbrevsOptionPane.actionPerformed(java.awt.event.ActionEvent);org.gjt.sp.jedit.options.AbbrevsModel;3;8;2;0.7419354838709677;0.9142857142857143;35;140;90
org.gjt.sp.jedit.buffer.BufferIORequest.autodetect(java.io.InputStream);org.gjt.sp.jedit.MiscUtilities;0;0;0;0;0;0;0;0
org.gjt.sp.jedit.Buffer.getIcon();org.gjt.sp.jedit.buffer.JEditBuffer;0;0;0;0;0;0;0;0
gnu.regexp.RETokenRepeated.match(gnu.regexp.CharIndexed, gnu.regexp.REMatch);gnu.regexp.REMatch;2;4;2;0.7142857142857143;0.9259259259259259;68;120;95
org.gjt.sp.jedit.browser.VFSBrowser.rename(java.lang.String);org.gjt.sp.jedit.MiscUtilities;0;0;0;0;0;0;0;0
org.gjt.sp.jedit.search.BufferListSet.getNextFile(java.lang.String, org.gjt.sp.jedit.View);org.gjt.sp.jedit.View;1;3;2;0.8;0.9824561403508771;17;35;530
org.gjt.sp.jedit.textarea.BufferHandler.doDelayedUpdate();org.gjt.sp.jedit.textarea.JEditTextArea;0;0;0;0;0;0;0;0
org.gjt.sp.jedit.search.SearchBar.find(boolean);org.gjt.sp.jedit.search.SearchAndReplace;0;3;8;0.9393939393939394;1.0;33;178;404
gnu.regexp.RETokenEnd.match(gnu.regexp.CharIndexed, gnu.regexp.REMatch);gnu.regexp.RE;0;1;3;0.9;1.0;17;24;609
org.gjt.sp.jedit.textarea.JEditTextArea.getSelectionStart(int);org.gjt.sp.jedit.textarea.Selection;1;2;1;0.9927007299270073;1.0;4;2931;59
org.gjt.sp.jedit.gui.ActionBar.invoke();org.gjt.sp.jedit.MiscUtilities;0;0;0;0;0;0;0;0
org.objectweb.asm.CodeWriter.visitLookupSwitchInsn(int[], org.objectweb.asm.Label, org.objectweb.asm.Label[]);org.objectweb.asm.Label;0;0;0;0;0;0;0;0
org.gjt.sp.jedit.options.AbbrevsModel.setValueAt(int, int, java.lang.Object);org.gjt.sp.jedit.options.Abbrev;2;1;1;0.9411764705882353;0.6;7;90;6
bsh.ParserTokenManager.jjMoveStringLiteralDfa21_0(long, long, long, long);bsh.JavaCharStream;0;0;0;0;0;0;0;0
bsh.BSHBlock.evalBlock(boolean, bsh.BSHBlock.NodeFilter, bsh.CallStack, bsh.Interpreter);bsh.SimpleNode;0;0;0;0;0;0;0;0
bsh.LHS.getValue();bsh.Interpreter;0;6;3;0.5384615384615384;1.0;23;89;440
org.gjt.sp.jedit.gui.DockableWindowManager.actionPerformed(java.awt.event.ActionEvent);org.gjt.sp.jedit.msg.DockableWindowUpdate;0;0;0;0;0;0;0;0
org.gjt.sp.jedit.gui.IOProgressMonitor.update();org.gjt.sp.jedit.io.VFSManager;0;3;4;0.8636363636363636;1.0;14;92;120
org.gjt.sp.jedit.io.VFS._createOutputStream(java.awt.Component, java.lang.Object, java.lang.String);org.gjt.sp.jedit.io.VFSManager;1;1;1;0.9696969696969697;1.0;4;167;120
org.gjt.sp.jedit.textarea.TextAreaPainter.shouldPaintLineHighlight(int, int, int);org.gjt.sp.jedit.textarea.Selection;0;0;0;0;0;0;0;0
bsh.ParserTokenManager.jjMoveStringLiteralDfa2_0(long, long, long, long, long, long);bsh.JavaCharStream;0;0;0;0;0;0;0;0
installer.TarOutputStream.putNextEntry(installer.TarEntry);installer.TarBuffer;0;0;0;0;0;0;0;0
org.gjt.sp.jedit.menu.EnhancedCheckBoxMenuItem.isSelected();org.gjt.sp.jedit.ActionContext;0;0;0;0;0;0;0;0
org.gjt.sp.jedit.buffer.JEditBuffer.getRuleSetAtOffset(int);org.gjt.sp.jedit.syntax.DefaultTokenHandler;0;0;0;0;0;0;0;0
installer.TarEntry.writeEntryHeader(byte[]);installer.TarHeader;0;0;0;0;0;0;0;0
gnu.regexp.REFilterReader.read();gnu.regexp.RE;2;4;3;0.8095238095238095;0.9591836734693877;23;46;609
org.gjt.sp.jedit.search.SearchDialog.createSearchSettingsPanel();org.gjt.sp.jedit.gui.VariableGridLayout;0;11;2;0.717948717948718;1.0;60;416;176
org.gjt.sp.jedit.search.SearchBar.find(boolean);org.gjt.sp.jedit.jEdit;1;3;8;0.9393939393939394;1.0;33;178;1507
org.gjt.sp.jedit.pluginmgr.Roster.unloadPluginJAR(org.gjt.sp.jedit.PluginJAR);org.gjt.sp.jedit.PluginJAR;0;0;0;0;0;0;0;0
org.gjt.sp.jedit.SettingsReloader.maybeReload(java.lang.String);org.gjt.sp.jedit.search.SearchAndReplace;0;0;0;0;0;0;0;0
org.gjt.sp.jedit.options.BrowserColorsModel.getColumnName(int);org.gjt.sp.jedit.jEdit;0;0;1;1.0;1.0;10;94;1507
com.loomcom.ant.tasks.jarbundler.JarBundler.setVmoptions(java.lang.String);com.loomcom.ant.tasks.jarbundler.AppBundleProperties;0;0;0;0;0;0;0;0
org.gjt.sp.jedit.menu.EnhancedMenuItem.mouseReleased(java.awt.event.MouseEvent);org.gjt.sp.jedit.View;0;0;0;0;0;0;0;0
org.objectweb.asm.ClassWriter.visitInnerClass(int, java.lang.String, java.lang.String, java.lang.String);org.objectweb.asm.ByteVector;0;0;0;0;0;0;0;0
org.gjt.sp.jedit.options.ViewOptionPane._init();org.gjt.sp.jedit.GUIUtilities;0;0;0;0;0;0;0;0
org.gjt.sp.jedit.gui.StatusBar.updateBufferStatus();org.gjt.sp.jedit.View;1;2;3;0.9428571428571428;0.9824561403508771;5;281;530
org.gjt.sp.jedit.textarea.JEditTextArea.fireNarrowActive();org.gjt.sp.util.Log;0;0;0;0;0;0;0;0
bsh.Parser.ReInit(java.io.Reader);bsh.JavaCharStream;0;0;0;0;0;0;0;0
org.gjt.sp.jedit.options.PluginOptions.createOptionTreeModel();org.gjt.sp.jedit.EditPlugin;0;0;0;0;0;0;0;0
bsh.Parser.AllocationExpression();bsh.JJTParserState;4;14;1;0.9676674364896074;0.9117647058823529;71;6765;74
bsh.Parser.Modifiers(boolean, int);bsh.Token;0;0;0;0;0;0;0;0
org.gjt.sp.jedit.textarea.TextAreaPainter.shouldPaintLineHighlight(int, int, int);org.gjt.sp.jedit.textarea.JEditTextArea;0;0;0;0;0;0;0;0
gnu.regexp.RE.initialize(gnu.regexp.RESyntax, int, int, int, java.lang.Object);gnu.regexp.RESyntax;2;5;8;0.9482758620689655;0.9393939393939394;326;609;31
org.gjt.sp.jedit.options.TextAreaOptionPane._save();org.gjt.sp.jedit.jEdit;3;11;1;0.38888888888888884;1.0;14;54;1507
org.gjt.sp.jedit.buffer.JEditBuffer.getRuleSetAtOffset(int);org.gjt.sp.jedit.TextUtilities;0;0;0;0;0;0;0;0
org.gjt.sp.jedit.browser.BrowserView.mousePressed(java.awt.event.MouseEvent);org.gjt.sp.jedit.browser.VFSDirectoryEntryTableModel;0;0;0;0;0;0;0;0
org.gjt.sp.jedit.browser.VFSBrowser.startRequest();org.gjt.sp.jedit.GUIUtilities;1;1;2;0.9830508474576272;1.0;11;675;395
org.gjt.sp.jedit.PluginJAR.startPlugin();org.gjt.sp.jedit.jEdit;0;0;0;0;0;0;0;0
macos.menu.ShowRecentMenu.construct();org.gjt.sp.jedit.browser.FileCellRenderer;0;0;0;0;0;0;0;0
installer.TarInputStream.setBufferDebug(boolean);installer.TarBuffer;0;0;0;0;0;0;0;0
bsh.XThis.invokeImpl(java.lang.Object, java.lang.Object[], java.lang.reflect.Method);bsh.This;0;0;0;0;0;0;0;0
org.gjt.sp.jedit.buffer.BufferIORequest.read(boolean, java.io.Reader, long);org.gjt.sp.jedit.jEdit;0;0;0;0;0;0;0;0
installer.CBZip2OutputStream.writeRun();installer.CRC;0;0;0;0;0;0;0;0
bsh.ParserTokenManager.jjMoveStringLiteralDfa25_0(long, long);bsh.JavaCharStream;0;0;0;0;0;0;0;0
org.gjt.sp.jedit.browser.VFSBrowser.mkdir();org.gjt.sp.jedit.GUIUtilities;1;3;4;0.953125;1.0;18;675;395
bsh.BSHArrayInitializer.eval(bsh.CallStack, bsh.Interpreter, int, java.lang.Class);bsh.SimpleNode;3;2;3;1.0;0.875;31;44;79
QuickNotepadOptionPane.actionPerformed(java.awt.event.ActionEvent);org.gjt.sp.jedit.GUIUtilities;1;1;1;0.875;1.0;6;47;395
org.gjt.sp.jedit.pluginmgr.ManagePanel.getColumnName(int);org.gjt.sp.jedit.jEdit;0;0;0;0;0;0;0;0
bsh.BSHAllocationExpression.primitiveArrayAllocation(bsh.BSHArrayDimensions, bsh.BSHPrimitiveType, bsh.CallStack, bsh.Interpreter);bsh.BSHPrimitiveType;1;1;3;1.0;0.6666666666666667;6;71;6
org.gjt.sp.jedit.browser.BrowserView.propertiesChanged();org.gjt.sp.jedit.jEdit;0;3;2;0.9347826086956522;1.0;6;404;1507
org.gjt.sp.jedit.options.ShortcutsOptionPane.sort(int);org.gjt.sp.jedit.MiscUtilities;0;1;1;0.9615384615384616;1.0;4;164;491
bsh.Parser.ConditionalAndExpression();bsh.Token;1;8;3;0.9814814814814815;0.95;44;6765;9
macos.Delegate.updateMenu();org.gjt.sp.jedit.jEdit;0;0;0;0;0;0;0;0
org.gjt.sp.jedit.View.processKeyEvent(int, java.awt.event.KeyEvent);org.gjt.sp.jedit.Debug;0;0;0;0;0;0;0;0
org.gjt.sp.jedit.browser.VFSFileChooserDialog.ok();org.gjt.sp.jedit.io.VFSFile;0;0;0;0;0;0;0;0
gnu.regexp.RE.addToken(gnu.regexp.REToken);gnu.regexp.REToken;2;1;1;0.9722222222222222;0.6666666666666667;12;609;30
org.gjt.sp.jedit.pluginmgr.Roster.performOperationsInAWTThread(java.awt.Component);org.gjt.sp.util.Log;0;0;0;0;0;0;0;0
bsh.Variable.setValue(int, java.lang.Object);bsh.Types;0;0;0;0;0;0;0;0
org.gjt.sp.jedit.browser.BrowserIORequest.listDirectory();org.gjt.sp.jedit.io.VFS;3;3;5;0.85;1.0;30;160;167
org.gjt.sp.jedit.Buffer.getMarkerNameString();org.gjt.sp.jedit.jEdit;0;0;0;0;0;0;0;0
org.gjt.sp.jedit.textarea.ChunkCache.updateChunksUpTo(int);org.gjt.sp.jedit.syntax.Token;0;0;0;0;0;0;0;0
org.gjt.sp.jedit.browser.VFSFileNameField.doComplete(java.lang.String);org.gjt.sp.jedit.browser.VFSDirectoryEntryTable;0;0;0;0;0;0;0;0
org.gjt.sp.jedit.textarea.JEditTextArea.getFirstPhysicalLine();org.gjt.sp.jedit.textarea.DisplayManager;0;0;0;0;0;0;0;0
org.gjt.sp.jedit.pluginmgr.Roster.runInAWTThread(java.awt.Component);org.gjt.sp.jedit.jEdit;0;0;0;0;0;0;0;0
installer.Install.copy(installer.Progress, java.io.InputStream, java.lang.String);installer.OperatingSystem;0;0;0;0;0;0;0;0
org.gjt.sp.jedit.PerspectiveManager.doctypeDecl(java.lang.String, java.lang.String, java.lang.String);org.gjt.sp.util.Log;0;0;0;0;0;0;0;0
org.gjt.sp.jedit.Macros.dispose();org.gjt.sp.jedit.gui.StatusBar;1;2;4;0.9047619047619048;0.9714285714285714;11;333;281
org.gjt.sp.jedit.gui.DockableWindowManager.propertiesChanged();org.gjt.sp.jedit.gui.DockableLayout;0;0;0;0;0;0;0;0
bsh.BSHPrimarySuffix.doName(boolean, bsh.CallStack, bsh.Interpreter, java.lang.Object);bsh.UtilEvalError;0;0;0;0;0;0;0;0
org.gjt.sp.jedit.View.createEditPane(org.gjt.sp.jedit.Buffer);org.gjt.sp.jedit.msg.EditPaneUpdate;0;0;4;1.0;1.0;9;530;14
macos.Delegate.applicationOpenFiles(macos.NSApplication, macos.NSArray);org.gjt.sp.jedit.browser.VFSBrowser;0;0;0;0;0;0;0;0
org.gjt.sp.jedit.io.FileVFS._listFiles(java.awt.Component, java.lang.Object, java.lang.String);org.gjt.sp.jedit.OperatingSystem;0;0;0;0;0;0;0;0
org.gjt.sp.jedit.buffer.KillRing.save();org.gjt.sp.jedit.MiscUtilities;0;0;0;0;0;0;0;0
org.gjt.sp.jedit.options.AbbrevsModel.getValueAt(int, int);org.gjt.sp.jedit.options.Abbrev;2;1;1;0.9375;0.5;11;90;6
org.gjt.sp.jedit.gui.GrabKeyDialog.updateAssignedTo(java.lang.String);org.gjt.sp.jedit.jEdit;1;5;1;0.8076923076923077;1.0;8;236;1507
org.gjt.sp.jedit.View.windowClosing(java.awt.event.WindowEvent);org.gjt.sp.jedit.jEdit;0;0;1;1.0;1.0;3;530;1507
org.gjt.sp.jedit.menu.RecentDirectoriesProvider.update(javax.swing.JMenu);org.gjt.sp.jedit.gui.HistoryModel;0;0;0;0;0;0;0;0
org.gjt.sp.jedit.buffer.KillRing.doctypeDecl(java.lang.String, java.lang.String, java.lang.String);org.gjt.sp.util.Log;0;0;0;0;0;0;0;0
bsh.BSHArrayDimensions.eval(bsh.CallStack, bsh.Interpreter);bsh.Primitive;1;3;4;0.7857142857142857;0.95;29;40;451
macos.MacOSOptionPane._init();org.gjt.sp.jedit.AbstractOptionPane;0;0;0;0;0;0;0;0
org.gjt.sp.jedit.Registers.endElement(java.lang.String);org.gjt.sp.util.Log;0;0;0;0;0;0;0;0
org.gjt.sp.jedit.textarea.DisplayManager.narrow(int, int);org.gjt.sp.jedit.buffer.JEditBuffer;0;0;0;0;0;0;0;0
org.gjt.sp.jedit.buffer.KillRing.save();org.gjt.sp.util.Log;0;0;0;0;0;0;0;0
org.gjt.sp.jedit.help.HelpTOCPanel.createTOC();org.gjt.sp.jedit.EditPlugin;0;0;0;0;0;0;0;0
org.gjt.sp.jedit.pluginmgr.PluginManagerProgress.done();org.gjt.sp.jedit.pluginmgr.Roster;0;0;0;0;0;0;0;0
org.gjt.sp.jedit.gui.MarkerViewer.goToSelectedMarker();org.gjt.sp.jedit.Marker;0;0;0;0;0;0;0;0
macos.Delegate.handleOpenFile(org.gjt.sp.jedit.msg.ViewUpdate);org.gjt.sp.jedit.jEdit;0;0;0;0;0;0;0;0
org.gjt.sp.jedit.textarea.JEditTextArea.scrollTo(boolean, int);org.gjt.sp.jedit.buffer.JEditBuffer;0;0;0;0;0;0;0;0
org.gjt.sp.jedit.textarea.JEditTextArea.offsetToXY(int, int, java.awt.Point);org.gjt.sp.jedit.textarea.TextAreaPainter;1;4;2;0.9858657243816255;0.9861111111111112;17;2931;363
org.gjt.sp.jedit.options.AbbrevsOptionPane._save();org.gjt.sp.jedit.options.AbbrevsModel;1;3;2;0.8695652173913043;0.9583333333333334;12;140;90
org.gjt.sp.jedit.textarea.FirstLine.scrollDown(int);org.gjt.sp.jedit.textarea.DisplayManager;0;0;0;0;0;0;0;0
bsh.Parser.ClassDeclaration();bsh.JJTParserState;0;0;0;0;0;0;0;0
org.gjt.sp.jedit.textarea.ScrollLineCount.reset();org.gjt.sp.util.Log;0;0;0;0;0;0;0;0
org.gjt.sp.jedit.textarea.ExtensionManager.getToolTipText(int, int);org.gjt.sp.jedit.textarea.TextAreaExtension;1;1;1;0.9;0.8333333333333334;8;58;7
org.gjt.sp.jedit.gui.RegisterViewer.insertRegister();org.gjt.sp.jedit.Registers;0;0;0;0;0;0;0;0
org.gjt.sp.jedit.Buffer.save(boolean, java.lang.String, org.gjt.sp.jedit.View);org.gjt.sp.jedit.io.VFSManager;1;17;7;0.9084967320261438;1.0;71;1466;120
org.gjt.sp.jedit.textarea.DisplayManager.bufferLoaded();org.gjt.sp.jedit.textarea.JEditTextArea;0;0;0;0;0;0;0;0
org.gjt.sp.jedit.PluginJAR.generateCache();org.gjt.sp.jedit.jEdit;0;0;0;0;0;0;0;0
org.gjt.sp.jedit.buffer.BufferIORequest.getXMLEncoding(java.lang.String);org.gjt.sp.util.Log;0;0;0;0;0;0;0;0
org.gjt.sp.jedit.browser.VFSBrowser.setDirectory(java.lang.String);org.gjt.sp.jedit.io.VFSManager;0;3;3;0.9545454545454546;1.0;15;675;120
org.gjt.sp.jedit.browser.VFSFileChooserDialog.dispose();org.gjt.sp.jedit.GUIUtilities;0;0;3;1.0;1.0;5;197;395
bsh.BSHBinaryExpression.eval(bsh.CallStack, bsh.Interpreter);bsh.Primitive;2;3;6;0.8695652173913043;0.967741935483871;46;55;451
org.objectweb.asm.CodeWriter.addSuccessor(int, org.objectweb.asm.Label);org.objectweb.asm.Label;0;0;0;0;0;0;0;0
org.gjt.sp.jedit.View.getSplitConfig();org.gjt.sp.jedit.Buffer;1;1;1;0.9818181818181818;0.9929078014184397;5;530;1466
org.gjt.sp.jedit.pluginmgr.ManagePanel.compareNames(org.gjt.sp.jedit.pluginmgr.ManagePanel.Entry, org.gjt.sp.jedit.pluginmgr.ManagePanel.Entry);org.gjt.sp.jedit.MiscUtilities;0;0;0;0;0;0;0;0
org.gjt.sp.jedit.Buffer.setMode(org.gjt.sp.jedit.Mode);org.gjt.sp.jedit.buffer.JEditBuffer;0;0;0;0;0;0;0;0
org.gjt.sp.jedit.browser.VFSBrowser.filesActivated(boolean, int);org.gjt.sp.jedit.Buffer;0;0;0;0;0;0;0;0
org.gjt.sp.jedit.search.HyperSearchResults.showPopupMenu(java.awt.event.MouseEvent);org.gjt.sp.jedit.jEdit;0;0;0;0;0;0;0;0
bsh.Parser.EqualityExpression();bsh.JJTParserState;2;8;3;0.9814814814814815;0.9285714285714286;44;6765;74
org.gjt.sp.jedit.browser.VFSFileChooserDialog.dispose();org.gjt.sp.jedit.io.VFSManager;0;0;3;1.0;1.0;5;197;120
org.gjt.sp.jedit.buffer.JEditBuffer.setTokenMarker(org.gjt.sp.jedit.syntax.TokenMarker);org.gjt.sp.jedit.buffer.LineManager;0;0;0;0;0;0;0;0
org.gjt.sp.jedit.textarea.Gutter.paintComponent(java.awt.Graphics);org.gjt.sp.jedit.textarea.ExtensionManager;2;13;6;0.8673469387755102;1.0;104;362;58
bsh.ParserTokenManager.jjMoveStringLiteralDfa15_0(long, long, long, long);bsh.JavaCharStream;0;0;0;0;0;0;0;0
org.gjt.sp.jedit.textarea.JEditTextArea.addExplicitFold();org.gjt.sp.jedit.textarea.Selection;3;5;4;0.9895833333333334;0.875;49;2931;59
org.gjt.sp.jedit.buffer.JEditBuffer.loadText(javax.swing.text.Segment, org.gjt.sp.util.IntegerArray);org.gjt.sp.util.IntegerArray;0;0;0;0;0;0;0;0
org.gjt.sp.jedit.textarea.JEditTextArea.recalculateVisibleLines();org.gjt.sp.jedit.textarea.ChunkCache;1;2;2;0.9927272727272727;0.9736842105263158;8;2931;425
org.gjt.sp.jedit.gui.DockableLayout.preferredLayoutSize(java.awt.Container);org.gjt.sp.jedit.gui.DockablePanel;0;0;0;0;0;0;0;0
org.gjt.sp.jedit.textarea.ChunkCache.updateChunksUpTo(int);org.gjt.sp.jedit.textarea.DisplayManager;0;0;0;0;0;0;0;0
bsh.Interpreter.set(java.lang.Object, java.lang.String);bsh.Primitive;0;0;4;1.0;1.0;6;440;451
org.gjt.sp.jedit.ActionListHandler.endElement(java.lang.String);org.gjt.sp.jedit.ActionSet;1;7;1;0.631578947368421;0.9444444444444444;14;72;48
gnu.regexp.RETokenWordBoundary.match(gnu.regexp.CharIndexed, gnu.regexp.REMatch);gnu.regexp.RE;0;2;3;0.8333333333333334;1.0;22;38;609
org.gjt.sp.jedit.textarea.JEditTextArea.invalidateSelectedLines();org.gjt.sp.jedit.textarea.Selection;2;4;1;0.9854545454545455;0.8461538461538461;7;2931;59
org.gjt.sp.jedit.msg.BufferUpdate.getBuffer();org.gjt.sp.jedit.EBMessage;1;0;1;1.0;0.8;3;18;21
org.gjt.sp.jedit.menu.EnhancedCheckBoxMenuItem.isSelected();org.gjt.sp.jedit.EditAction;0;0;0;0;0;0;0;0
org.gjt.sp.jedit.gui.CompleteWord.insertSelected();org.gjt.sp.jedit.textarea.JEditTextArea;1;3;1;0.8235294117647058;0.9964028776978417;4;225;2931
org.objectweb.asm.CodeWriter.visitLocalVariable(int, java.lang.String, java.lang.String, org.objectweb.asm.Label, org.objectweb.asm.Label);org.objectweb.asm.Item;0;0;0;0;0;0;0;0
bsh.Interpreter.eval(bsh.NameSpace, java.io.Reader, java.lang.String);bsh.CallStack;3;6;8;0.9;0.9;58;440;42
installer.TarEntry.getModTime();installer.TarHeader;0;0;0;0;0;0;0;0
org.gjt.sp.jedit.pluginmgr.PluginManager.shouldUpdatePluginList();org.gjt.sp.jedit.pluginmgr.PluginList;0;0;0;0;0;0;0;0
org.gjt.sp.jedit.gui.EnhancedButton.mouseEntered(java.awt.event.MouseEvent);org.gjt.sp.jedit.gui.StatusBar;1;0;4;1.0;0.9696969696969697;6;26;281
org.gjt.sp.jedit.pluginmgr.InstallPanel.updateModel();org.gjt.sp.jedit.io.VFSManager;0;0;0;0;0;0;0;0
org.gjt.sp.jedit.pluginmgr.ManagePanel.unloadPluginJAR(org.gjt.sp.jedit.PluginJAR);org.gjt.sp.jedit.jEdit;0;0;0;0;0;0;0;0
org.gjt.sp.jedit.browser.BrowserIORequest.mkdir();org.gjt.sp.jedit.jEdit;1;2;4;0.8947368421052632;1.0;26;160;1507
org.objectweb.asm.CodeWriter.getSize();org.objectweb.asm.ByteVector;0;0;0;0;0;0;0;0
org.gjt.sp.jedit.buffer.JEditBuffer.shiftIndentRight(int[]);org.gjt.sp.jedit.MiscUtilities;0;0;0;0;0;0;0;0
installer.TarOutputStream.close();installer.TarBuffer;0;0;0;0;0;0;0;0
org.gjt.sp.jedit.pluginmgr.PluginManager.handleMessage(org.gjt.sp.jedit.EBMessage);org.gjt.sp.jedit.pluginmgr.ManagePanel;0;0;0;0;0;0;0;0
org.objectweb.asm.CodeWriter.visitLabel(org.objectweb.asm.Label);org.objectweb.asm.Label;0;0;0;0;0;0;0;0
org.gjt.sp.jedit.options.ShortcutsOptionPane.compare(java.lang.Object, java.lang.Object);org.gjt.sp.jedit.MiscUtilities;1;1;2;1.0;1.0;22;164;491
org.gjt.sp.jedit.buffer.JEditBuffer.writeLock();org.gjt.sp.util.ReadWriteLock;0;0;0;0;0;0;0;0
bsh.ClassGeneratorUtil.generateConstructorSwitch(int, int, int, org.objectweb.asm.CodeVisitor);bsh.DelayedEvalBshMethod;0;0;0;0;0;0;0;0
org.gjt.sp.jedit.textarea.MouseHandler.doTripleClick();org.gjt.sp.jedit.textarea.JEditTextArea;0;0;0;0;0;0;0;0
org.gjt.sp.jedit.PluginJAR.deactivatePlugin(boolean);org.gjt.sp.jedit.msg.PluginUpdate;0;0;0;0;0;0;0;0
org.gjt.sp.jedit.browser.VFSDirectoryEntryTable.resizeColumns();org.gjt.sp.jedit.browser.FileCellRenderer;0;0;0;0;0;0;0;0
bsh.BSHType.getTypeNode();bsh.SimpleNode;0;0;0;0;0;0;0;0
org.gjt.sp.jedit.textarea.ChunkCache.scrollUp(int);org.gjt.sp.util.Log;0;0;0;0;0;0;0;0
macos.menu.ShowBufferMenu.construct();org.gjt.sp.jedit.Buffer;0;0;0;0;0;0;0;0
org.gjt.sp.jedit.gui.StatusBar.statusUpdate(int, org.gjt.sp.util.WorkThreadPool);org.gjt.sp.util.WorkThreadPool;1;3;2;0.9117647058823529;0.9743589743589743;18;281;186
org.gjt.sp.jedit.gui.ActionBar.invoke();org.gjt.sp.jedit.gui.HistoryTextField;0;0;0;0;0;0;0;0
org.gjt.sp.jedit.help.HelpTOCPanel.loadTOC(java.lang.String, javax.swing.tree.DefaultMutableTreeNode);org.gjt.sp.jedit.MiscUtilities;0;0;0;0;0;0;0;0
org.gjt.sp.jedit.buffer.BufferSaveRequest.run();org.gjt.sp.jedit.Buffer;0;0;0;0;0;0;0;0
org.gjt.sp.jedit.textarea.FirstLine.changed();org.gjt.sp.jedit.Debug;0;0;0;0;0;0;0;0
org.gjt.sp.jedit.textarea.JEditTextArea.xyToOffset(boolean, int, int);org.gjt.sp.jedit.textarea.TextAreaPainter;1;4;3;0.9859154929577465;0.9863013698630136;17;2931;363
org.gjt.sp.jedit.menu.EnhancedCheckBoxMenuItem.mouseReleased(java.awt.event.MouseEvent);org.gjt.sp.jedit.View;0;0;0;0;0;0;0;0
org.gjt.sp.jedit.browser.VFSFileNameField.goToParent();org.gjt.sp.jedit.MiscUtilities;0;0;0;0;0;0;0;0
bsh.BSHSwitchLabel.eval(bsh.CallStack, bsh.Interpreter);bsh.SimpleNode;2;1;1;0.75;0.9;5;8;79
org.gjt.sp.jedit.search.SearchDialog.synchronizeMultiFileSettings();org.gjt.sp.jedit.search.SearchAndReplace;0;0;0;0;0;0;0;0
bsh.BSHAllocationExpression.constructWithClassBody(bsh.BSHBlock, bsh.CallStack, bsh.Interpreter, java.lang.Class, java.lang.Object[]);bsh.CallStack;0;0;0;0;0;0;0;0
bsh.BSHPrimarySuffix.doIndex(boolean, bsh.CallStack, bsh.Interpreter, java.lang.Object);bsh.Reflect;0;0;0;0;0;0;0;0
org.gjt.sp.jedit.search.SearchBar.update();org.gjt.sp.jedit.jEdit;0;3;2;0.8235294117647058;1.0;5;178;1507
macos.menu.ShowRecentDirMenu.construct();org.gjt.sp.jedit.jEdit;0;0;0;0;0;0;0;0
org.gjt.sp.jedit.textarea.JEditTextArea.smartEnd(boolean);org.gjt.sp.jedit.Macros;0;0;0;0;0;0;0;0
bsh.BSHCastExpression.eval(bsh.CallStack, bsh.Interpreter);bsh.BSHType;1;1;4;1.0;0.9166666666666666;14;61;35
org.gjt.sp.jedit.textarea.TextAreaPainter.paintScreenLineRange(int, int, int, int, int[], int[], int[], java.awt.Graphics2D);org.gjt.sp.jedit.textarea.JEditTextArea;0;0;0;0;0;0;0;0
bsh.BlockNameSpace.setVariable(boolean, boolean, java.lang.Object, java.lang.String);bsh.NameSpace;0;0;0;0;0;0;0;0
org.gjt.sp.jedit.EditPane.bracketSelected(int, java.lang.String, org.gjt.sp.jedit.textarea.JEditTextArea);org.gjt.sp.jedit.gui.StatusBar;0;0;0;0;0;0;0;0
org.gjt.sp.jedit.search.RESearchMatcher.nextMatch(boolean, boolean, boolean, boolean, gnu.regexp.CharIndexed);org.gjt.sp.jedit.search.SearchMatcher;0;0;0;0;0;0;0;0
org.gjt.sp.jedit.ServiceListHandler.endElement(java.lang.String);org.gjt.sp.jedit.ServiceManager;0;0;0;0;0;0;0;0
bsh.BSHEnhancedForStatement.eval(bsh.CallStack, bsh.Interpreter);bsh.Primitive;0;0;0;0;0;0;0;0
bsh.BSHAllocationExpression.arrayAllocation(bsh.BSHArrayDimensions, bsh.CallStack, bsh.Interpreter, java.lang.Class);bsh.Primitive;0;0;0;0;0;0;0;0
bsh.Interpreter.eval(bsh.NameSpace, java.io.Reader, java.lang.String);bsh.ParseException;2;6;8;0.9;0.935483870967742;58;440;133
org.gjt.sp.jedit.textarea.JEditTextArea.getFirstPhysicalLine();org.gjt.sp.jedit.textarea.Anchor;0;0;0;0;0;0;0;0
org.gjt.sp.jedit.menu.EnhancedCheckBoxMenuItem.mouseExited(java.awt.event.MouseEvent);org.gjt.sp.jedit.View;0;0;0;0;0;0;0;0
bsh.BshMethod.invokeImpl(boolean, bsh.CallStack, bsh.Interpreter, bsh.SimpleNode, java.lang.Object[]);bsh.BSHBlock;0;0;0;0;0;0;0;0
org.gjt.sp.jedit.Buffer.toggleLineSeparator(org.gjt.sp.jedit.View);org.gjt.sp.jedit.View;0;0;0;0;0;0;0;0
org.gjt.sp.jedit.options.ToolBarEditDialog.actionPerformed(java.awt.event.ActionEvent);org.gjt.sp.jedit.browser.VFSBrowser;0;9;4;0.5909090909090908;1.0;22;156;675
org.gjt.sp.jedit.gui.ActionBar.invoke();org.gjt.sp.jedit.jEdit;0;0;0;0;0;0;0;0
org.gjt.sp.jedit.textarea.Gutter.mouseReleased(java.awt.event.MouseEvent);org.gjt.sp.jedit.textarea.JEditTextArea;2;2;1;0.962962962962963;0.9927536231884058;7;362;2931
bsh.BSHUnaryExpression.eval(bsh.CallStack, bsh.Interpreter);bsh.Interpreter;0;0;0;0;0;0;0;0
org.gjt.sp.jedit.browser.BrowserIORequest.listDirectory();org.gjt.sp.util.Log;0;0;0;0;0;0;0;0
org.gjt.sp.jedit.Buffer.toggleWordWrap(org.gjt.sp.jedit.View);org.gjt.sp.jedit.buffer.JEditBuffer;0;0;0;0;0;0;0;0
org.gjt.sp.jedit.menu.EnhancedMenuItem.getShortcut();org.gjt.sp.jedit.jEdit;0;0;0;0;0;0;0;0
org.gjt.sp.jedit.options.ShortcutsOptionPane.mouseClicked(java.awt.event.MouseEvent);org.gjt.sp.jedit.GUIUtilities;0;0;0;0;0;0;0;0
org.gjt.sp.jedit.textarea.Gutter.mouseReleased(java.awt.event.MouseEvent);org.gjt.sp.jedit.textarea.MouseHandler;0;0;0;0;0;0;0;0
bsh.Parser.Assignment();bsh.JJTParserState;4;5;2;0.988399071925754;0.8695652173913043;41;6765;74
org.gjt.sp.jedit.browser.VFSDirectoryEntryTableModel.removeExtendedAttributes(org.gjt.sp.jedit.io.VFS);org.gjt.sp.jedit.io.VFS;0;0;0;0;0;0;0;0
org.gjt.sp.jedit.search.SearchBar.find(boolean);org.gjt.sp.jedit.buffer.JEditBuffer;0;0;0;0;0;0;0;0
org.gjt.sp.jedit.gui.CheckBoxListModel.setValueAt(int, int, java.lang.Object);org.gjt.sp.jedit.gui.JCheckBoxList;1;1;1;0.9285714285714286;0.9230769230769231;6;55;58
org.gjt.sp.jedit.textarea.JEditTextArea.xToScreenLineOffset(boolean, int, int);org.gjt.sp.jedit.syntax.Chunk;0;0;0;0;0;0;0;0
bsh.BSHMethodDeclaration.evalReturnType(bsh.CallStack, bsh.Interpreter);bsh.BSHReturnType;0;0;0;0;0;0;0;0
org.gjt.sp.jedit.buffer.BufferIORequest.write(java.io.OutputStream, org.gjt.sp.jedit.Buffer);org.gjt.sp.jedit.jEdit;0;0;0;0;0;0;0;0
org.gjt.sp.jedit.textarea.JEditTextArea.setBuffer(org.gjt.sp.jedit.buffer.JEditBuffer);org.gjt.sp.jedit.textarea.DisplayManager;0;0;0;0;0;0;0;0
org.gjt.sp.jedit.gui.MarkerViewer.handleMessage(org.gjt.sp.jedit.EBMessage);org.gjt.sp.jedit.EditPane;0;0;0;0;0;0;0;0
org.gjt.sp.jedit.gui.HistoryText.historyPrevious();org.gjt.sp.jedit.gui.HistoryModel;0;0;0;0;0;0;0;0
org.gjt.sp.jedit.io.FileVFS.getSymlinkPath();org.gjt.sp.jedit.io.VFSFile;0;0;0;0;0;0;0;0
org.gjt.sp.jedit.io.FileVFS.save(java.lang.String, org.gjt.sp.jedit.Buffer, org.gjt.sp.jedit.View);org.gjt.sp.jedit.Buffer;2;0;5;1.0;0.9931972789115646;17;214;1466
org.gjt.sp.jedit.browser.VFSBrowser.actionPerformed(java.awt.event.ActionEvent);org.gjt.sp.jedit.io.VFSFile;0;0;0;0;0;0;0;0
org.gjt.sp.jedit.options.EditingOptionPane._init();org.gjt.sp.jedit.Mode;1;12;4;0.4545454545454546;0.967741935483871;49;66;85
org.gjt.sp.jedit.pluginmgr.InstallPanel.update();org.gjt.sp.jedit.MiscUtilities;0;0;0;0;0;0;0;0
org.gjt.sp.jedit.options.ContextOptionPane.actionPerformed(java.awt.event.ActionEvent);org.gjt.sp.jedit.EditAction;1;7;3;0.72;0.96;40;116;36
org.gjt.sp.jedit.buffer.JEditBuffer.markTokens(int, org.gjt.sp.jedit.syntax.TokenHandler);org.gjt.sp.jedit.syntax.TokenMarker;0;0;0;0;0;0;0;0
gnu.regexp.RETokenChar.match(gnu.regexp.CharIndexed, gnu.regexp.REMatch);gnu.regexp.REToken;1;2;2;0.8;0.9;12;35;30
org.gjt.sp.jedit.browser.VFSFileChooserDialog.filesSelected(org.gjt.sp.jedit.browser.VFSBrowser, org.gjt.sp.jedit.io.VFSFile[]);org.gjt.sp.jedit.jEdit;0;0;0;0;0;0;0;0
org.gjt.sp.jedit.gui.TextAreaDialog.init(java.lang.String, java.lang.String, javax.swing.Icon);org.gjt.sp.jedit.GUIUtilities;0;0;0;0;0;0;0;0
org.gjt.sp.jedit.textarea.SelectionManager.getSelectedLines();org.gjt.sp.jedit.textarea.JEditTextArea;0;0;0;0;0;0;0;0
org.gjt.sp.jedit.gui.DockableWindowManager.showDockableWindow(java.lang.String);org.gjt.sp.jedit.gui.DockableWindowFactory;0;0;0;0;0;0;0;0
QuickNotepad.addNotify();org.gjt.sp.jedit.EditBus;0;0;1;1.0;1.0;4;115;72
org.gjt.sp.jedit.syntax.DisplayTokenHandler.handleToken(byte, int, int, javax.swing.text.Segment, org.gjt.sp.jedit.syntax.TokenMarker.LineContext);org.gjt.sp.jedit.syntax.Token;0;0;0;0;0;0;0;0
installer.CBZip2InputStream.setupNoRandPartC();installer.CRC;0;0;0;0;0;0;0;0
bsh.Parser.PreIncrementExpression();bsh.Token;1;4;3;0.9907192575406032;0.9333333333333333;21;6765;9
org.gjt.sp.jedit.gui.CompleteWord.dispose();org.gjt.sp.jedit.View;1;1;1;0.9375;0.9821428571428571;10;225;530
org.objectweb.asm.CodeWriter.visitMultiANewArrayInsn(int, java.lang.String);org.objectweb.asm.ClassWriter;0;0;0;0;0;0;0;0
org.gjt.sp.jedit.gui.FloatingWindowContainer.register(org.gjt.sp.jedit.gui.DockableWindowManager.Entry);org.gjt.sp.jedit.gui.DockableWindowManager;3;1;2;0.9411764705882353;0.9552238805970149;8;31;429
org.gjt.sp.jedit.gui.DockableWindowManager.createPopupMenu(boolean, java.lang.String, org.gjt.sp.jedit.gui.DockableWindowContainer);org.gjt.sp.jedit.gui.FloatingWindowContainer;0;0;0;0;0;0;0;0
bsh.BSHMethodDeclaration.evalNodes(bsh.CallStack, bsh.Interpreter);bsh.SimpleNode;0;0;0;0;0;0;0;0
org.gjt.sp.jedit.gui.DockableWindowManager.init();org.gjt.sp.jedit.gui.DockableWindowFactory;0;0;0;0;0;0;0;0
bsh.BSHAmbiguousName.toClass(bsh.CallStack, bsh.Interpreter);bsh.Name;0;0;0;0;0;0;0;0
org.gjt.sp.jedit.browser.VFSBrowser.createPluginsMenu(boolean, javax.swing.JComponent);org.gjt.sp.jedit.GUIUtilities;0;0;0;0;0;0;0;0
org.gjt.sp.jedit.options.ShortcutsOptionPane.setValueAt(int, int, java.lang.Object);org.gjt.sp.jedit.gui.GrabKeyDialog;1;1;1;0.962962962962963;0.96;5;164;236
org.gjt.sp.jedit.EditPane.saveCaretInfo();org.gjt.sp.jedit.buffer.JEditBuffer;0;0;0;0;0;0;0;0
org.gjt.sp.jedit.textarea.JEditTextArea.deleteWord(boolean);org.gjt.sp.jedit.buffer.JEditBuffer;0;0;0;0;0;0;0;0
org.gjt.sp.jedit.PluginJAR.init();org.gjt.sp.jedit.JARClassLoader;0;0;0;0;0;0;0;0
org.objectweb.asm.Item.set(int, java.lang.String, java.lang.String, java.lang.String);org.objectweb.asm.ClassWriter;0;0;0;0;0;0;0;0
org.gjt.sp.jedit.textarea.JEditTextArea.smartEnd(boolean);org.gjt.sp.jedit.View;0;3;3;0.9889705882352942;1.0;16;2931;530
org.gjt.sp.jedit.menu.PluginsProvider.addToLetterMap(java.util.List[], javax.swing.JMenuItem);org.gjt.sp.util.Log;0;0;0;0;0;0;0;0
org.gjt.sp.jedit.gui.HistoryTextField.processKeyEvent(java.awt.event.KeyEvent);org.gjt.sp.jedit.gui.HistoryText;0;0;0;0;0;0;0;0
org.gjt.sp.jedit.textarea.TextAreaDropHandler.dragOver(java.awt.dnd.DropTargetDragEvent);org.gjt.sp.jedit.textarea.TextAreaPainter;0;0;0;0;0;0;0;0
org.gjt.sp.jedit.browser.VFSDirectoryEntryTable.getSelectedFiles();org.gjt.sp.jedit.browser.VFSDirectoryEntryTableModel;0;0;0;0;0;0;0;0
org.gjt.sp.jedit.syntax.TokenMarker.addRuleSet(org.gjt.sp.jedit.syntax.ParserRuleSet);org.gjt.sp.jedit.syntax.ParserRuleSet;0;0;0;0;0;0;0;0
org.gjt.sp.jedit.browser.VFSDirectoryEntryTable.toggleExpanded(int);org.gjt.sp.jedit.io.VFSFile;0;0;0;0;0;0;0;0
org.gjt.sp.jedit.browser.VFSBrowser.filesSelected();org.gjt.sp.jedit.jEdit;0;2;4;0.9682539682539683;1.0;17;675;1507
org.gjt.sp.jedit.menu.MarkersProvider.update(javax.swing.JMenu);org.gjt.sp.jedit.View;0;0;0;0;0;0;0;0
org.gjt.sp.jedit.buffer.BufferIORequest.autodetect(java.io.InputStream);org.gjt.sp.util.Log;0;0;0;0;0;0;0;0
org.gjt.sp.jedit.options.ShortcutsOptionPane.addBindings(java.lang.String, java.lang.String, java.util.Vector);org.gjt.sp.jedit.jEdit;0;1;1;0.9615384615384616;1.0;6;164;1507
org.gjt.sp.jedit.browser.VFSBrowser.searchInDirectory(boolean, java.lang.String);org.gjt.sp.jedit.search.SearchAndReplace;0;0;0;0;0;0;0;0
org.gjt.sp.jedit.gui.DockablePanel.mouseDragged(java.awt.event.MouseEvent);org.gjt.sp.jedit.gui.DockableWindowManager;0;0;0;0;0;0;0;0
org.gjt.sp.jedit.Mode.init();org.gjt.sp.util.Log;0;2;3;0.8461538461538461;1.0;16;85;143
installer.CBZip2InputStream.endBlock();installer.CRC;0;0;0;0;0;0;0;0
org.gjt.sp.jedit.PluginJAR.init();org.gjt.sp.util.Log;0;0;0;0;0;0;0;0
org.gjt.sp.jedit.gui.RolloverButton.updateUI();org.gjt.sp.jedit.OperatingSystem;0;0;0;0;0;0;0;0
bsh.Parser.FormalParameter();bsh.JJTParserState;4;9;3;0.9792147806004619;0.896551724137931;60;6765;74
org.gjt.sp.jedit.textarea.MouseHandler.mousePressed(java.awt.event.MouseEvent);org.gjt.sp.jedit.GUIUtilities;0;0;0;0;0;0;0;0
org.gjt.sp.jedit.BeanShellAction.isSelected(java.awt.Component);org.gjt.sp.util.Log;0;0;0;0;0;0;0;0
bsh.ClassGeneratorUtil.generateConstructor(int, int, java.lang.String[], org.objectweb.asm.ClassWriter);org.objectweb.asm.ClassWriter;0;0;0;0;0;0;0;0
org.gjt.sp.jedit.gui.PasteFromListDialog.ok();org.gjt.sp.jedit.View;0;0;0;0;0;0;0;0
bsh.NameSpace.getImportedClassImpl(java.lang.String);bsh.Interpreter;0;4;3;0.9285714285714286;1.0;34;421;440
org.gjt.sp.jedit.textarea.Gutter.addExtension(int, org.gjt.sp.jedit.textarea.TextAreaExtension);org.gjt.sp.jedit.textarea.ExtensionManager;1;0;1;1.0;0.875;4;362;58
bsh.BSHTypedVariableDeclaration.eval(bsh.CallStack, bsh.Interpreter);bsh.NameSpace;1;2;8;0.9230769230769231;1.0;23;32;421
org.gjt.sp.jedit.Macros.invoke(org.gjt.sp.jedit.View);org.gjt.sp.jedit.View;1;2;2;0.9565217391304348;0.9824561403508771;11;333;530
installer.TarInputStream.getNextEntry();installer.TarBuffer;0;0;0;0;0;0;0;0
org.gjt.sp.jedit.help.HelpViewer.dispose();org.gjt.sp.jedit.GUIUtilities;0;0;0;0;0;0;0;0
org.objectweb.asm.ClassWriter.newDouble(double);org.objectweb.asm.ByteVector;0;0;0;0;0;0;0;0
org.gjt.sp.jedit.textarea.ChunkCache.getBelowPosition(boolean, int, int, int);org.gjt.sp.jedit.textarea.JEditTextArea;0;0;0;0;0;0;0;0
gnu.regexp.RETokenAny.match(gnu.regexp.CharIndexed, gnu.regexp.REMatch);gnu.regexp.REToken;1;2;2;0.7777777777777778;0.9;8;19;30
org.gjt.sp.jedit.search.SearchBar.update();org.gjt.sp.jedit.search.SearchAndReplace;0;3;2;0.8235294117647058;1.0;5;178;404
org.gjt.sp.jedit.textarea.JEditTextArea.getFirstLine();org.gjt.sp.jedit.textarea.FirstLine;0;0;0;0;0;0;0;0
bsh.BSHType.getTypeDescriptor(bsh.CallStack, bsh.Interpreter, java.lang.String);bsh.Interpreter;0;0;0;0;0;0;0;0
bsh.Parser.Literal();bsh.Token;1;10;4;0.9775784753363229;0.9722222222222222;125;6765;9
org.gjt.sp.jedit.browser.BrowserCommandsMenu.update();org.gjt.sp.jedit.browser.VFSBrowser;1;1;1;0.875;0.9833333333333333;3;140;675
org.gjt.sp.jedit.gui.PanelWindowContainer.getDockables();org.gjt.sp.jedit.gui.DockableWindowFactory;0;0;0;0;0;0;0;0
org.gjt.sp.jedit.menu.RecentDirectoriesProvider.actionPerformed(java.awt.event.ActionEvent);org.gjt.sp.jedit.browser.VFSBrowser;0;0;0;0;0;0;0;0
org.objectweb.asm.CodeWriter.getCode();org.objectweb.asm.ByteVector;0;0;0;0;0;0;0;0
org.gjt.sp.jedit.SettingsReloader.maybeReload(java.lang.String);org.gjt.sp.jedit.MiscUtilities;0;0;0;0;0;0;0;0
org.gjt.sp.jedit.gui.DockableLayout.addLayoutComponent(java.awt.Component, java.lang.Object);org.gjt.sp.jedit.gui.DockableWindowManager;0;0;0;0;0;0;0;0
bsh.NameSpace.setVariable(boolean, java.lang.Object, java.lang.String);bsh.Interpreter;0;0;0;0;0;0;0;0
bsh.Parser.ImportDeclaration();bsh.JJTParserState;4;9;2;0.9793577981651376;0.90625;72;6765;74
org.gjt.sp.jedit.gui.EditAbbrevDialog.init(java.lang.String, java.lang.String, java.util.Map);org.gjt.sp.jedit.gui.AbbrevEditor;0;0;0;0;0;0;0;0
bsh.Parser.EnhancedForStatement();bsh.BSHEnhancedForStatement;0;0;0;0;0;0;0;0
org.gjt.sp.jedit.textarea.FirstLine.changed();org.gjt.sp.jedit.textarea.DisplayManager;0;0;0;0;0;0;0;0
org.gjt.sp.jedit.search.HyperSearchResults.addNotify();org.gjt.sp.jedit.EditBus;0;0;1;1.0;1.0;4;165;72
org.gjt.sp.jedit.textarea.JEditTextArea.fireScrollEvent(boolean);org.gjt.sp.util.Log;0;0;0;0;0;0;0;0
bsh.NameSpace.getImportedClassImpl(java.lang.String);bsh.BshClassManager;2;4;3;0.9285714285714286;1.0;34;421;60
bsh.Parser.ExclusiveOrExpression();bsh.JJTParserState;2;8;3;0.9814385150812065;0.9259259259259259;32;6765;74
org.gjt.sp.jedit.textarea.JEditTextArea.goToStartOfWhiteSpace(boolean);org.gjt.sp.jedit.textarea.Selection;2;10;6;0.9640287769784173;0.9090909090909091;28;2931;59
org.gjt.sp.jedit.Buffer.autosave();org.gjt.sp.jedit.io.VFSManager;0;3;2;0.9857142857142858;1.0;5;1466;120
org.gjt.sp.jedit.search.SearchDialog.actionPerformed(java.awt.event.ActionEvent);org.gjt.sp.jedit.textarea.JEditTextArea;0;0;0;0;0;0;0;0
org.gjt.sp.jedit.PluginJAR.activatePlugin();org.gjt.sp.jedit.EditPlugin;0;0;0;0;0;0;0;0
bsh.BSHCastExpression.eval(bsh.CallStack, bsh.Interpreter);bsh.Types;0;0;0;0;0;0;0;0
bsh.BSHTypedVariableDeclaration.eval(bsh.CallStack, bsh.Interpreter);bsh.Primitive;0;2;8;0.9230769230769231;1.0;23;32;451
org.gjt.sp.jedit.options.AbbrevsModel.compare(java.lang.Object, java.lang.Object);org.gjt.sp.jedit.MiscUtilities;1;1;2;0.9411764705882353;1.0;14;90;491
org.gjt.sp.jedit.syntax.TokenMarker.markTokens(javax.swing.text.Segment, org.gjt.sp.jedit.syntax.TokenHandler, org.gjt.sp.jedit.syntax.TokenMarker.LineContext);org.gjt.sp.jedit.syntax.ParserRule;0;0;0;0;0;0;0;0
bsh.BSHArguments.getArguments(bsh.CallStack, bsh.Interpreter);bsh.SimpleNode;3;0;1;1.0;0.8421052631578947;5;8;79
org.gjt.sp.jedit.gui.MarkerViewer.getListCellRendererComponent(boolean, boolean, int, java.lang.Object, javax.swing.JList);org.gjt.sp.jedit.jEdit;0;0;0;0;0;0;0;0
org.gjt.sp.jedit.textarea.JEditTextArea.setSelectedText(java.lang.String, org.gjt.sp.jedit.textarea.Selection);org.gjt.sp.jedit.textarea.Selection;4;3;2;0.9894366197183099;0.7894736842105263;44;2931;59
org.gjt.sp.jedit.search.SearchDialog.createButtonsPanel();org.gjt.sp.jedit.jEdit;0;4;1;0.9090909090909091;1.0;25;416;1507
gnu.regexp.REFilterReader.read();gnu.regexp.REMatch;5;4;3;0.8095238095238095;0.8387096774193549;23;46;95
bsh.BSHPrimarySuffix.doProperty(boolean, bsh.CallStack, bsh.Interpreter, java.lang.Object);bsh.SimpleNode;0;0;0;0;0;0;0;0
org.gjt.sp.jedit.options.StyleTableModel.getTableCellRendererComponent(boolean, boolean, int, int, java.lang.Object, javax.swing.JTable);org.gjt.sp.jedit.jEdit;0;0;3;1.0;1.0;13;84;1507
org.gjt.sp.jedit.SettingsReloader.maybeReload(java.lang.String);org.gjt.sp.jedit.io.VFSManager;0;0;0;0;0;0;0;0
org.gjt.sp.jedit.buffer.JEditBuffer.loadText(javax.swing.text.Segment, org.gjt.sp.util.IntegerArray);org.gjt.sp.jedit.buffer.ContentManager;0;0;0;0;0;0;0;0
org.gjt.sp.jedit.gui.DefaultInputHandler.setCurrentBindings(java.util.Hashtable);org.gjt.sp.jedit.View;0;0;0;0;0;0;0;0
org.gjt.sp.jedit.menu.RecentDirectoriesProvider.actionPerformed(java.awt.event.ActionEvent);org.gjt.sp.jedit.gui.StatusBar;0;0;0;0;0;0;0;0
bsh.BSHArrayInitializer.eval(bsh.CallStack, bsh.Interpreter, int, java.lang.Class);bsh.Types;0;0;0;0;0;0;0;0
org.gjt.sp.jedit.io.FileVFS._saveComplete(java.awt.Component, java.lang.Object, java.lang.String, org.gjt.sp.jedit.Buffer);org.gjt.sp.jedit.buffer.JEditBuffer;0;0;0;0;0;0;0;0
bsh.Interpreter.get_jjtree();bsh.Parser;0;0;1;1.0;1.0;3;440;6765
org.gjt.sp.jedit.menu.DirectoryProvider.actionPerformed(java.awt.event.ActionEvent);org.gjt.sp.jedit.browser.VFSBrowser;0;0;0;0;0;0;0;0
org.gjt.sp.jedit.io.FileVFS.isWriteable();org.gjt.sp.jedit.io.VFSFile;0;0;0;0;0;0;0;0
org.gjt.sp.jedit.textarea.ExtensionManager.paintScreenLineRange(int, int, int, int, java.awt.Graphics2D, org.gjt.sp.jedit.textarea.JEditTextArea);org.gjt.sp.jedit.textarea.ChunkCache;0;0;0;0;0;0;0;0
org.gjt.sp.jedit.textarea.DisplayManager.init();org.gjt.sp.jedit.textarea.BufferHandler;0;0;0;0;0;0;0;0
org.gjt.sp.jedit.textarea.DisplayManager.bufferLoaded();org.gjt.sp.jedit.buffer.JEditBuffer;0;0;0;0;0;0;0;0
org.gjt.sp.jedit.View.showWaitCursor();org.gjt.sp.jedit.EditPane;0;2;2;0.9642857142857143;1.0;11;530;245
org.gjt.sp.jedit.textarea.JEditTextArea.userInputTab();org.gjt.sp.jedit.buffer.JEditBuffer;0;0;0;0;0;0;0;0
org.gjt.sp.jedit.options.PrintOptionPane._init();org.gjt.sp.jedit.AbstractOptionPane;2;5;2;0.5833333333333333;0.9523809523809523;21;31;78
org.gjt.sp.jedit.textarea.SelectionManager.getSelectionStartAndEnd(int, int, org.gjt.sp.jedit.textarea.Selection);org.gjt.sp.jedit.buffer.JEditBuffer;0;0;0;0;0;0;0;0
org.gjt.sp.jedit.PluginJAR.checkDependencies();org.gjt.sp.jedit.jEdit;0;0;0;0;0;0;0;0
org.gjt.sp.jedit.Buffer.recoverAutosave(org.gjt.sp.jedit.View);org.gjt.sp.jedit.io.VFS;1;2;3;0.9863013698630136;1.0;17;1466;167
org.gjt.sp.jedit.textarea.MouseHandler.doDoubleDrag(java.awt.event.MouseEvent);org.gjt.sp.jedit.textarea.TextAreaPainter;0;0;0;0;0;0;0;0
org.gjt.sp.jedit.View.propertiesChanged();org.gjt.sp.jedit.gui.StatusBar;0;0;0;0;0;0;0;0
org.gjt.sp.jedit.browser.BrowserIORequest.mkdir();org.gjt.sp.util.WorkRequest;2;2;4;0.8947368421052632;0.8333333333333334;26;160;16
org.gjt.sp.jedit.gui.OptionsDialog.selectPane(java.lang.String, java.util.ArrayList, org.gjt.sp.jedit.OptionGroup);org.gjt.sp.jedit.OptionGroup;0;0;0;0;0;0;0;0
org.gjt.sp.jedit.print.BufferPrintable.print(int, java.awt.Graphics, java.awt.print.PageFormat);org.gjt.sp.util.Log;0;0;0;0;0;0;0;0
org.gjt.sp.jedit.textarea.JEditTextArea.tabsToSpaces();org.gjt.sp.jedit.buffer.JEditBuffer;0;0;0;0;0;0;0;0
installer.TarInputStream.getRecordSize();installer.TarBuffer;0;0;0;0;0;0;0;0
bsh.BSHType.getType(bsh.CallStack, bsh.Interpreter);bsh.BshClassManager;0;0;0;0;0;0;0;0
bsh.Parser.jj_scan_token(int);bsh.ParserTokenManager;1;3;2;0.9929742388758782;0.9824561403508771;24;6765;1621
bsh.BSHAllocationExpression.constructWithInterfaceBody(bsh.BSHBlock, bsh.CallStack, bsh.Interpreter, java.lang.Class, java.lang.Object[]);bsh.NameSpace;0;0;0;0;0;0;0;0
gnu.regexp.RETokenRepeated.dump(java.lang.StringBuffer);gnu.regexp.REToken;1;3;1;0.7692307692307692;0.9166666666666666;16;120;30
bsh.BSHFormalParameters.insureParsed();bsh.SimpleNode;0;0;0;0;0;0;0;0
org.gjt.sp.jedit.Buffer.load(boolean, org.gjt.sp.jedit.View);org.gjt.sp.jedit.GUIUtilities;1;23;10;0.8562091503267975;1.0;68;1466;395
org.gjt.sp.jedit.textarea.FirstLine.reset();org.gjt.sp.util.Log;0;0;0;0;0;0;0;0
bsh.TargetError.xPrintTargetError(java.lang.Throwable);bsh.Interpreter;2;0;2;1.0;0.9782608695652174;11;50;440
org.gjt.sp.jedit.gui.JCheckBoxList.getTableCellRendererComponent(boolean, boolean, int, int, java.lang.Object, javax.swing.JTable);org.gjt.sp.jedit.gui.CheckBoxListModel;0;0;0;0;0;0;0;0
org.gjt.sp.jedit.browser.VFSBrowser.actionPerformed(java.awt.event.ActionEvent);org.gjt.sp.jedit.GUIUtilities;1;3;4;0.9545454545454546;1.0;28;675;395
org.gjt.sp.jedit.View.quickIncrementalSearch(boolean);org.gjt.sp.jedit.gui.HistoryTextField;1;1;3;0.9836065573770492;0.9714285714285714;17;530;249
bsh.Parser.InstanceOfExpression();bsh.BSHBinaryExpression;1;9;3;0.9791183294663574;0.9444444444444444;29;6765;55
org.gjt.sp.jedit.options.ContextOptionPane._save();org.gjt.sp.jedit.jEdit;0;2;1;0.8947368421052632;1.0;8;116;1507
org.gjt.sp.jedit.PluginJAR.startPlugin();org.gjt.sp.jedit.EditBus;0;0;0;0;0;0;0;0
org.gjt.sp.jedit.print.BufferPrintable.paintHeader(boolean, double, double, double, java.awt.Graphics2D);org.gjt.sp.jedit.Buffer;0;0;0;0;0;0;0;0
org.gjt.sp.jedit.options.StyleTableModel.save();org.gjt.sp.jedit.jEdit;0;2;2;0.8461538461538461;1.0;6;84;1507
org.gjt.sp.jedit.textarea.DisplayManager.updateScreenLineCount(int);org.gjt.sp.jedit.textarea.ScreenLineManager;0;0;0;0;0;0;0;0
org.gjt.sp.jedit.browser.BrowserCommandsMenu.createMenuItem(java.lang.String);org.gjt.sp.jedit.browser.VFSBrowser;0;0;0;0;0;0;0;0
org.gjt.sp.jedit.ActionSet.getCacheableActionNames();org.gjt.sp.jedit.EditAction;0;0;0;0;0;0;0;0
org.gjt.sp.jedit.browser.VFSBrowser.addNotify();org.gjt.sp.jedit.EditBus;0;0;1;1.0;1.0;4;675;72
org.objectweb.asm.CodeWriter.addSuccessor(int, org.objectweb.asm.Label);org.objectweb.asm.Edge;0;0;0;0;0;0;0;0
org.gjt.sp.jedit.gui.OptionsDialog.getTreeCellRendererComponent(boolean, boolean, boolean, boolean, int, java.lang.Object, javax.swing.JTree);org.gjt.sp.jedit.OptionGroup;1;2;3;0.9473684210526316;0.9375;27;289;45
org.gjt.sp.jedit.textarea.JEditTextArea.replaceSelection(java.lang.String);org.gjt.sp.jedit.buffer.JEditBuffer;0;0;0;0;0;0;0;0
org.gjt.sp.jedit.gui.OptionsDialog.dispose();org.gjt.sp.jedit.jEdit;0;0;0;0;0;0;0;0
bsh.Parser.MethodDeclaration();bsh.Modifiers;0;0;0;0;0;0;0;0
org.gjt.sp.jedit.buffer.BufferSaveRequest.writeMarkers(java.io.OutputStream, org.gjt.sp.jedit.Buffer);org.gjt.sp.jedit.Buffer;0;0;0;0;0;0;0;0
org.gjt.sp.jedit.help.HelpIndex.indexEditorHelp();org.gjt.sp.jedit.MiscUtilities;0;0;0;0;0;0;0;0
org.gjt.sp.jedit.gui.OptionsDialog.cancel();org.gjt.sp.jedit.jEdit;0;0;0;0;0;0;0;0
org.gjt.sp.jedit.textarea.FirstLine.physDown(int, int);org.gjt.sp.jedit.Debug;0;0;0;0;0;0;0;0
org.gjt.sp.jedit.EditPane.handleBufferUpdate(org.gjt.sp.jedit.msg.BufferUpdate);org.gjt.sp.jedit.gui.BufferSwitcher;1;2;7;0.9259259259259259;0.9411764705882353;71;245;26
org.gjt.sp.jedit.Buffer.setDirty(boolean);org.gjt.sp.jedit.EditBus;0;2;3;0.9928571428571429;1.0;17;1466;72
bsh.NameSpace.getImportedVar(java.lang.String);bsh.Reflect;0;0;0;0;0;0;0;0
org.gjt.sp.jedit.Buffer.getVFS();org.gjt.sp.jedit.io.VFSManager;0;0;0;0;0;0;0;0
org.gjt.sp.jedit.textarea.MouseHandler.doSingleClick(java.awt.event.MouseEvent);org.gjt.sp.jedit.textarea.JEditTextArea;0;0;0;0;0;0;0;0
bsh.NameSpace.get(bsh.Interpreter, java.lang.String);bsh.Name;1;1;1;0.9803921568627451;0.9473684210526316;4;421;291
org.gjt.sp.jedit.options.AbbrevsOptionPane._init();org.gjt.sp.jedit.jEdit;0;8;3;0.8048780487804879;1.0;66;140;1507
bsh.Parser.SynchronizedStatement();bsh.BSHBlock;0;0;0;0;0;0;0;0
org.objectweb.asm.CodeWriter.init(int, java.lang.String, java.lang.String, java.lang.String[]);org.objectweb.asm.Item;0;0;0;0;0;0;0;0
org.gjt.sp.jedit.textarea.TextAreaPainter.setBounds(int, int, int, int);org.gjt.sp.jedit.textarea.FastRepaintManager;0;0;0;0;0;0;0;0
org.gjt.sp.jedit.help.HelpViewer.gotoURL(boolean, java.lang.String);org.gjt.sp.jedit.help.HelpTOCPanel;0;0;0;0;0;0;0;0
org.gjt.sp.jedit.textarea.BufferHandler.delayUpdate(int, int);org.gjt.sp.jedit.textarea.JEditTextArea;0;0;0;0;0;0;0;0
org.gjt.sp.jedit.browser.BrowserView.directoryLoaded(java.lang.Object, java.lang.String, java.util.ArrayList);org.gjt.sp.jedit.MiscUtilities;0;0;0;0;0;0;0;0
org.gjt.sp.jedit.BeanShell.classLoaderChanged();bsh.BshClassManager;0;0;0;0;0;0;0;0
org.gjt.sp.jedit.textarea.JEditTextArea.getSelectionCount();org.gjt.sp.jedit.textarea.SelectionManager;0;0;0;0;0;0;0;0
org.gjt.sp.jedit.io.VFS.save(java.lang.String, org.gjt.sp.jedit.Buffer, org.gjt.sp.jedit.View);org.gjt.sp.jedit.Buffer;2;3;3;0.9459459459459459;0.986013986013986;11;167;1466
org.gjt.sp.jedit.textarea.JEditTextArea.lineComment();org.gjt.sp.jedit.buffer.JEditBuffer;0;0;0;0;0;0;0;0
org.gjt.sp.jedit.buffer.JEditBuffer.endCompoundEdit();org.gjt.sp.jedit.buffer.UndoManager;0;0;0;0;0;0;0;0
bsh.BSHEnhancedForStatement.eval(bsh.CallStack, bsh.Interpreter);bsh.CallStack;0;0;0;0;0;0;0;0
org.gjt.sp.jedit.GUIUtilities.windowOpened(java.awt.event.WindowEvent);org.gjt.sp.jedit.jEdit;0;0;0;0;0;0;0;0
bsh.Parser.AdditiveExpression();bsh.Token;1;8;3;0.9814814814814815;0.95;44;6765;9
org.gjt.sp.jedit.jEdit.invokeAction(java.util.EventObject, org.gjt.sp.jedit.EditAction);org.gjt.sp.jedit.gui.InputHandler;0;0;0;0;0;0;0;0
bsh.BSHSwitchStatement.eval(bsh.CallStack, bsh.Interpreter);bsh.ReturnControl;1;0;4;1.0;0.8888888888888888;35;38;4
org.gjt.sp.jedit.gui.DockableWindowManager.propertiesChanged();org.gjt.sp.util.Log;0;0;0;0;0;0;0;0
org.gjt.sp.jedit.textarea.FirstLine.reset();org.gjt.sp.jedit.textarea.Anchor;0;0;0;0;0;0;0;0
org.gjt.sp.jedit.textarea.ChunkCache.invalidateChunksFrom(int);org.gjt.sp.jedit.Debug;0;0;0;0;0;0;0;0
org.gjt.sp.jedit.textarea.JEditTextArea.addExplicitFold(int, int, int, int);org.gjt.sp.jedit.MiscUtilities;0;0;0;0;0;0;0;0
org.gjt.sp.jedit.search.SearchDialog.load();org.gjt.sp.jedit.gui.HistoryModel;0;0;0;0;0;0;0;0
bsh.Parser.ForStatement();bsh.JJTParserState;4;11;2;0.9761904761904762;0.95;134;6765;74
org.gjt.sp.jedit.pluginmgr.PluginListHandler.doctypeDecl(java.lang.String, java.lang.String, java.lang.String);org.gjt.sp.util.Log;0;1;1;0.9705882352941176;1.0;4;129;143
org.gjt.sp.jedit.options.BrowserColorsModel.save();org.gjt.sp.jedit.jEdit;1;3;1;0.8235294117647058;1.0;10;94;1507
org.gjt.sp.jedit.Buffer.load(boolean, org.gjt.sp.jedit.View);org.gjt.sp.jedit.buffer.UndoManager;2;23;10;0.8562091503267975;0.9655172413793104;68;1466;158
org.gjt.sp.jedit.View.updateTitle();org.gjt.sp.jedit.Buffer;3;2;3;0.967741935483871;0.9795918367346939;15;530;1466
org.gjt.sp.jedit.textarea.ChunkCache.recalculateVisibleLines();org.gjt.sp.jedit.textarea.JEditTextArea;1;3;1;0.9117647058823529;0.9963503649635036;5;425;2931
org.gjt.sp.jedit.pluginmgr.InstallPanel.getColumnName(int);org.gjt.sp.jedit.jEdit;0;0;0;0;0;0;0;0
org.gjt.sp.jedit.browser.VFSFileChooserDialog.run();org.gjt.sp.jedit.io.VFSManager;0;0;0;0;0;0;0;0
bsh.Parser.jj_ntk();bsh.Token;1;1;2;0.9976580796252927;0.875;4;6765;9
bsh.BlockNameSpace.importClass(java.lang.String);bsh.NameSpace;0;0;0;0;0;0;0;0
org.gjt.sp.jedit.syntax.DisplayTokenHandler.merge(javax.swing.text.Segment, org.gjt.sp.jedit.syntax.Chunk);org.gjt.sp.jedit.syntax.Token;0;0;0;0;0;0;0;0
bsh.ClassGeneratorUtil.generateClass();org.objectweb.asm.ClassWriter;0;0;0;0;0;0;0;0
bsh.BSHImportDeclaration.eval(bsh.CallStack, bsh.Interpreter);bsh.NameSpace;2;2;6;0.7777777777777778;0.9642857142857143;10;13;421
org.gjt.sp.jedit.textarea.FastRepaintManager.prepareGraphics(int, java.awt.Graphics2D, java.awt.Rectangle);org.gjt.sp.jedit.textarea.JEditTextArea;0;0;0;0;0;0;0;0
org.gjt.sp.jedit.textarea.Gutter.mousePressed(java.awt.event.MouseEvent);org.gjt.sp.jedit.textarea.MouseHandler;0;0;0;0;0;0;0;0
org.gjt.sp.jedit.PluginJAR.loadCache(org.gjt.sp.jedit.PluginJAR.PluginCacheEntry);org.gjt.sp.jedit.ActionContext;0;0;0;0;0;0;0;0
org.gjt.sp.jedit.textarea.BufferHandler.contentInserted(int, int, int, int, org.gjt.sp.jedit.buffer.JEditBuffer);org.gjt.sp.jedit.buffer.JEditBuffer;0;0;0;0;0;0;0;0
org.gjt.sp.jedit.browser.VFSBrowser.createPopupMenu();org.gjt.sp.jedit.io.VFSFile;0;0;0;0;0;0;0;0
org.gjt.sp.jedit.browser.VFSFileChooserDialog.ok();org.gjt.sp.jedit.browser.VFSBrowser;4;5;3;0.8214285714285714;0.9420289855072463;29;197;675
org.gjt.sp.jedit.options.ToolBarEditDialog.updateList();org.gjt.sp.jedit.ActionSet;1;2;3;0.9166666666666666;0.9411764705882353;13;156;48
org.gjt.sp.jedit.gui.CloseDialog.valueChanged(javax.swing.event.ListSelectionEvent);org.gjt.sp.jedit.View;1;4;2;0.75;0.9827586206896551;6;120;530
org.gjt.sp.jedit.gui.HistoryTextArea.setModel(java.lang.String);org.gjt.sp.jedit.gui.HistoryText;0;0;0;0;0;0;0;0
org.gjt.sp.jedit.textarea.TextAreaTransferHandler.createTransferable(javax.swing.JComponent);org.gjt.sp.jedit.textarea.JEditTextArea;0;0;0;0;0;0;0;0
bsh.BlockNameSpace.getSuper(bsh.Interpreter);bsh.NameSpace;0;0;0;0;0;0;0;0
org.gjt.sp.jedit.BeanShellAction.invoke(org.gjt.sp.jedit.View);org.gjt.sp.jedit.BeanShell;2;3;1;0.7692307692307692;1.0;7;35;229
org.gjt.sp.jedit.EditPane.getToolTipText(int, int);org.gjt.sp.jedit.Buffer;0;0;0;0;0;0;0;0
bsh.Parser.MethodDeclaration();bsh.JJTParserState;4;11;3;0.9745958429561201;0.9032258064516129;58;6765;74
bsh.NameSpace.getInvocationLine();bsh.SimpleNode;1;0;1;1.0;0.9473684210526316;5;421;79
bsh.BSHType.getType(bsh.CallStack, bsh.Interpreter);bsh.BSHPrimitiveType;0;0;0;0;0;0;0;0
macos.MacOSOptionPane.getSettings();org.gjt.sp.jedit.jEdit;0;0;0;0;0;0;0;0
bsh.Parser.ArrayDimensions();bsh.BSHArrayDimensions;1;11;2;0.9745958429561201;0.9583333333333334;74;6765;40
org.gjt.sp.jedit.gui.RegisterViewer.refreshList();org.gjt.sp.jedit.jEdit;0;0;0;0;0;0;0;0
org.gjt.sp.jedit.options.ShortcutsOptionPane.getColumnName(int);org.gjt.sp.jedit.jEdit;0;0;1;1.0;1.0;12;164;1507
org.gjt.sp.jedit.gui.ActionBar.passToView(java.awt.event.KeyEvent);org.gjt.sp.jedit.View;0;0;0;0;0;0;0;0
org.gjt.sp.jedit.textarea.Gutter.mousePressed(java.awt.event.MouseEvent);org.gjt.sp.jedit.textarea.MouseActions;0;0;0;0;0;0;0;0
org.gjt.sp.jedit.textarea.DisplayManager.hideLineRange(int, int);org.gjt.sp.jedit.Debug;0;0;0;0;0;0;0;0
org.gjt.sp.jedit.textarea.ChunkCache.getSubregionStartOffset(int, int);org.gjt.sp.jedit.textarea.JEditTextArea;0;0;0;0;0;0;0;0
bsh.BSHAllocationExpression.objectArrayAllocation(bsh.BSHAmbiguousName, bsh.BSHArrayDimensions, bsh.CallStack, bsh.Interpreter);bsh.BSHAmbiguousName;2;1;4;1.0;0.8;8;71;21
org.gjt.sp.jedit.help.HelpViewer.queueTOCReload();org.gjt.sp.jedit.help.HelpTOCPanel;0;0;0;0;0;0;0;0
org.gjt.sp.jedit.pluginmgr.ManagePanel.unloadPluginJAR(org.gjt.sp.jedit.PluginJAR);org.gjt.sp.jedit.PluginJAR;0;0;0;0;0;0;0;0
bsh.NameSpace.importClass(java.lang.String);bsh.Name;1;2;1;0.9615384615384616;1.0;5;421;291
org.gjt.sp.jedit.EditPane.goToPrevMarker(boolean);org.gjt.sp.jedit.Buffer;0;0;0;0;0;0;0;0
org.gjt.sp.jedit.browser.VFSDirectoryEntryTable.processKeyEvent(java.awt.event.KeyEvent);org.gjt.sp.jedit.browser.VFSBrowser;0;0;0;0;0;0;0;0
org.gjt.sp.jedit.textarea.JEditTextArea.getText(int, int);org.gjt.sp.jedit.buffer.JEditBuffer;0;0;0;0;0;0;0;0
org.gjt.sp.jedit.search.DirectoryListSet._getFiles(java.awt.Component);org.gjt.sp.jedit.io.VFSManager;0;0;0;0;0;0;0;0
org.gjt.sp.jedit.pluginmgr.Roster.download(java.lang.String, java.lang.String, org.gjt.sp.jedit.pluginmgr.PluginManagerProgress);org.gjt.sp.util.Log;0;0;0;0;0;0;0;0
bsh.BSHAllocationExpression.constructObject(bsh.CallStack, java.lang.Class, java.lang.Object[]);bsh.This;0;0;0;0;0;0;0;0
org.objectweb.asm.CodeWriter.put(org.objectweb.asm.ByteVector);org.objectweb.asm.Item;0;0;0;0;0;0;0;0
bsh.Parser.AndExpression();bsh.Token;1;8;3;0.9814814814814815;0.95;44;6765;9
org.gjt.sp.jedit.gui.DefaultInputHandler.setCurrentBindings(java.util.Hashtable);org.gjt.sp.jedit.gui.InputHandler;0;0;0;0;0;0;0;0
org.gjt.sp.jedit.textarea.JEditTextArea.goToBufferEnd(boolean);org.gjt.sp.jedit.buffer.JEditBuffer;0;0;0;0;0;0;0;0
bsh.BSHWhileStatement.eval(bsh.CallStack, bsh.Interpreter);bsh.Primitive;0;1;4;0.9;1.0;32;35;451
org.gjt.sp.jedit.buffer.JEditBuffer.undo(org.gjt.sp.jedit.textarea.JEditTextArea);org.gjt.sp.jedit.textarea.JEditTextArea;0;0;0;0;0;0;0;0
org.gjt.sp.jedit.textarea.RangeMap.dump();org.gjt.sp.jedit.Debug;0;0;0;0;0;0;0;0
com.loomcom.ant.tasks.jarbundler.JarBundler.setInfostring(java.lang.String);com.loomcom.ant.tasks.jarbundler.AppBundleProperties;0;0;0;0;0;0;0;0
QuickNotepad.readFile();org.gjt.sp.util.Log;0;1;1;0.9523809523809523;1.0;22;115;143
org.gjt.sp.jedit.textarea.DisplayManager.showLineRange(int, int);org.gjt.sp.jedit.Debug;0;0;0;0;0;0;0;0
org.gjt.sp.jedit.pluginmgr.PluginListHandler.endDocument();org.gjt.sp.jedit.pluginmgr.PluginList;1;0;1;1.0;0.972972972972973;3;129;145
org.gjt.sp.jedit.Buffer.save(boolean, java.lang.String, org.gjt.sp.jedit.View);org.gjt.sp.jedit.msg.BufferUpdate;0;17;7;0.9084967320261438;1.0;71;1466;18
bsh.Parser.PackageDeclaration();bsh.JJTParserState;0;0;0;0;0;0;0;0
org.gjt.sp.jedit.textarea.JEditTextArea.rangeComment();org.gjt.sp.jedit.buffer.JEditBuffer;0;0;0;0;0;0;0;0
org.gjt.sp.jedit.search.HyperSearchResults.removeNotify();org.gjt.sp.jedit.EditBus;0;0;1;1.0;1.0;4;165;72
org.gjt.sp.jedit.textarea.JEditTextArea.deleteParagraph();org.gjt.sp.jedit.buffer.JEditBuffer;0;0;0;0;0;0;0;0
org.gjt.sp.jedit.textarea.Gutter.mousePressed(java.awt.event.MouseEvent);org.gjt.sp.jedit.textarea.TextAreaPainter;1;3;6;0.9583333333333334;0.9878048780487805;44;362;363
macos.Delegate.openSelection(java.lang.String, macos.NSPasteboard);org.gjt.sp.jedit.buffer.JEditBuffer;0;0;0;0;0;0;0;0
org.gjt.sp.jedit.Buffer.insertFile(java.lang.String, org.gjt.sp.jedit.View);org.gjt.sp.jedit.buffer.BufferIORequest;0;0;0;0;0;0;0;0
bsh.BSHAllocationExpression.objectArrayAllocation(bsh.BSHAmbiguousName, bsh.BSHArrayDimensions, bsh.CallStack, bsh.Interpreter);bsh.CallStack;1;1;4;1.0;0.9333333333333333;8;71;42
org.gjt.sp.jedit.msg.EditPaneUpdate.getEditPane();org.gjt.sp.jedit.EBMessage;1;0;1;1.0;0.8;3;14;21
org.gjt.sp.jedit.options.EditingOptionPane._init();org.gjt.sp.jedit.jEdit;0;12;4;0.4545454545454546;1.0;49;66;1507
org.gjt.sp.jedit.pluginmgr.PluginManager.dispose();org.gjt.sp.jedit.GUIUtilities;0;0;0;0;0;0;0;0
org.gjt.sp.jedit.textarea.JEditTextArea.goToEndOfWhiteSpace(boolean);org.gjt.sp.jedit.textarea.Selection;2;10;5;0.9640287769784173;0.9090909090909091;28;2931;59
gnu.regexp.RETokenStart.match(gnu.regexp.CharIndexed, gnu.regexp.REMatch);gnu.regexp.REMatch;4;1;3;0.9090909090909091;0.8333333333333334;25;32;95
org.gjt.sp.jedit.browser.VFSFileNameField.processKeyEvent(java.awt.event.KeyEvent);org.gjt.sp.jedit.browser.BrowserView;0;0;0;0;0;0;0;0
org.gjt.sp.jedit.options.AbbrevsOptionPane._init();org.gjt.sp.jedit.Mode;1;8;3;0.8048780487804879;0.9782608695652174;66;140;85
bsh.BSHAllocationExpression.objectAllocation(bsh.BSHAmbiguousName, bsh.BSHArguments, bsh.CallStack, bsh.Interpreter);bsh.BSHArguments;1;2;4;0.9230769230769231;0.8571428571428572;12;71;8
org.gjt.sp.jedit.textarea.JEditTextArea.doWordCount(java.lang.String, org.gjt.sp.jedit.View);org.gjt.sp.jedit.GUIUtilities;1;0;1;1.0;1.0;28;2931;395
org.gjt.sp.jedit.browser.VFSFileNameField.goToParent();org.gjt.sp.jedit.gui.HistoryTextField;0;0;0;0;0;0;0;0
org.gjt.sp.jedit.gui.DockableLayout.layoutContainer(java.awt.Container);org.gjt.sp.jedit.gui.PanelWindowContainer;0;0;0;0;0;0;0;0
org.gjt.sp.jedit.buffer.JEditBuffer.setDirty(boolean);org.gjt.sp.jedit.buffer.UndoManager;0;0;0;0;0;0;0;0
org.gjt.sp.jedit.textarea.MouseHandler.doDoubleDrag(java.awt.event.MouseEvent);org.gjt.sp.jedit.textarea.JEditTextArea;0;0;0;0;0;0;0;0
org.gjt.sp.jedit.search.SearchBar.removeUpdate(javax.swing.event.DocumentEvent);org.gjt.sp.jedit.textarea.JEditTextArea;2;3;3;0.9166666666666666;0.992831541218638;18;178;2931
org.gjt.sp.jedit.Buffer.addMarker(char, int);org.gjt.sp.jedit.msg.BufferUpdate;0;3;4;0.9794520547945206;1.0;28;1466;18
org.gjt.sp.jedit.View.close();org.gjt.sp.jedit.EditPane;1;5;4;0.9107142857142857;0.9565217391304348;16;530;245
org.gjt.sp.jedit.textarea.FirstLine.ensurePhysicalLineIsVisible();org.gjt.sp.jedit.textarea.DisplayManager;0;0;0;0;0;0;0;0
org.gjt.sp.jedit.help.HelpViewer.gotoURL(boolean, java.lang.String);org.gjt.sp.util.Log;0;0;0;0;0;0;0;0
org.gjt.sp.jedit.jEdit.invokeAction(java.util.EventObject, org.gjt.sp.jedit.EditAction);org.gjt.sp.jedit.GUIUtilities;0;0;0;0;0;0;0;0
org.gjt.sp.jedit.browser.BrowserIORequest.delete();org.gjt.sp.jedit.jEdit;1;2;4;0.8947368421052632;1.0;26;160;1507
bsh.BshClassManager.getClassBeingDefined(java.lang.String);bsh.Name;0;0;0;0;0;0;0;0
org.gjt.sp.jedit.indent.OpenBracketIndentRule.getOpenBracketCount(int, org.gjt.sp.jedit.buffer.JEditBuffer);org.gjt.sp.jedit.buffer.JEditBuffer;0;0;0;0;0;0;0;0
org.gjt.sp.jedit.gui.DockableWindowFactory.loadDockableWindows(java.net.URL, org.gjt.sp.jedit.PluginJAR, org.gjt.sp.jedit.PluginJAR.PluginCacheEntry);com.microstar.xml.XmlParser;0;0;0;0;0;0;0;0
org.gjt.sp.jedit.textarea.TextAreaTransferHandler.canImport(java.awt.datatransfer.DataFlavor[], javax.swing.JComponent);org.gjt.sp.jedit.textarea.JEditTextArea;0;0;0;0;0;0;0;0
org.gjt.sp.jedit.textarea.JEditTextArea.goToPrevFold(boolean);org.gjt.sp.jedit.textarea.ChunkCache;0;0;0;0;0;0;0;0
org.gjt.sp.jedit.gui.FloatingWindowContainer.mousePressed(java.awt.event.MouseEvent);org.gjt.sp.jedit.gui.DockableWindowFactory;0;0;0;0;0;0;0;0
bsh.Parser.EnhancedForStatement();bsh.JJTParserState;0;0;0;0;0;0;0;0
gnu.regexp.RETokenStart.match(gnu.regexp.CharIndexed, gnu.regexp.REMatch);gnu.regexp.REToken;1;1;3;0.9090909090909091;0.9230769230769231;25;32;30
org.gjt.sp.jedit.menu.EnhancedCheckBoxMenuItem.mouseEntered(java.awt.event.MouseEvent);org.gjt.sp.jedit.GUIUtilities;0;0;0;0;0;0;0;0
com.loomcom.ant.tasks.jarbundler.JarBundler.useOldPropertyNames();com.loomcom.ant.tasks.jarbundler.AppBundleProperties;0;0;0;0;0;0;0;0
org.gjt.sp.jedit.textarea.MouseHandler.doSingleClick(java.awt.event.MouseEvent);org.gjt.sp.jedit.MiscUtilities;0;0;0;0;0;0;0;0
org.gjt.sp.jedit.browser.VFSFileNameField.goToParent();org.gjt.sp.jedit.browser.BrowserView;0;0;0;0;0;0;0;0
org.gjt.sp.jedit.browser.VFSDirectoryEntryTable.processKeyEvent(java.awt.event.KeyEvent);org.gjt.sp.jedit.Buffer;0;0;0;0;0;0;0;0
org.gjt.sp.jedit.Buffer.finishSaving(boolean, boolean, java.lang.String, java.lang.String, java.lang.String, org.gjt.sp.jedit.View);org.gjt.sp.jedit.buffer.JEditBuffer;0;0;0;0;0;0;0;0
org.gjt.sp.jedit.PluginJAR.activatePluginIfNecessary();org.gjt.sp.jedit.jEdit;0;0;0;0;0;0;0;0
org.gjt.sp.jedit.gui.ActionBar.getCompletions(java.lang.String);org.gjt.sp.jedit.jEdit;0;0;0;0;0;0;0;0
org.objectweb.asm.ClassWriter.visitInnerClass(int, java.lang.String, java.lang.String, java.lang.String);org.objectweb.asm.Item;0;0;0;0;0;0;0;0
org.gjt.sp.jedit.View.split(int);org.gjt.sp.jedit.PerspectiveManager;0;0;0;0;0;0;0;0
bsh.Parser.getToken(int);bsh.ParserTokenManager;1;1;2;0.9976525821596244;0.9814814814814815;8;6765;1621
org.gjt.sp.jedit.buffer.PositionManager.compareTo(java.lang.Object);org.gjt.sp.util.Log;0;0;0;0;0;0;0;0
org.gjt.sp.jedit.pluginmgr.ManagePanel.update();org.gjt.sp.jedit.MiscUtilities;0;0;0;0;0;0;0;0
bsh.Parser.PreDecrementExpression();bsh.BSHUnaryExpression;1;4;3;0.9907192575406032;0.9333333333333333;21;6765;42
org.gjt.sp.jedit.SingleElementEnumeration.nextElement();org.gjt.sp.jedit.JARClassLoader;0;0;0;0;0;0;0;0
org.gjt.sp.jedit.EditPane.handleBufferUpdate(org.gjt.sp.jedit.msg.BufferUpdate);org.gjt.sp.jedit.msg.BufferUpdate;2;2;7;0.9259259259259259;0.8666666666666667;71;245;18
org.gjt.sp.jedit.menu.EnhancedMenu.handleMessage(org.gjt.sp.jedit.EBMessage);org.gjt.sp.jedit.msg.DynamicMenuChanged;0;0;0;0;0;0;0;0
org.gjt.sp.jedit.gui.DockableWindowManager.close();org.gjt.sp.jedit.EditBus;0;0;0;0;0;0;0;0
org.gjt.sp.jedit.gui.CloseDialog.actionPerformed(java.awt.event.ActionEvent);org.gjt.sp.jedit.Buffer;1;9;3;0.6086956521739131;1.0;50;120;1466
org.gjt.sp.jedit.browser.VFSFileNameField.doComplete(boolean, java.lang.String, java.lang.String);org.gjt.sp.util.Log;0;0;0;0;0;0;0;0
bsh.ParserTokenManager.jjMoveStringLiteralDfa12_0(long, long, long, long, long, long);bsh.JavaCharStream;0;0;0;0;0;0;0;0
org.gjt.sp.jedit.View.quickIncrementalSearch(boolean);org.gjt.sp.jedit.search.SearchBar;1;1;3;0.9836065573770492;0.96;17;530;178
org.gjt.sp.jedit.menu.EnhancedMenu.init();org.gjt.sp.jedit.BeanShell;0;0;0;0;0;0;0;0
org.gjt.sp.jedit.options.SaveBackupOptionPane._init();org.gjt.sp.jedit.jEdit;0;0;0;0;0;0;0;0
bsh.BSHClassDeclaration.eval(bsh.CallStack, bsh.Interpreter);bsh.BSHAmbiguousName;0;0;0;0;0;0;0;0
org.gjt.sp.jedit.gui.DockableWindowManager.addEntry(org.gjt.sp.jedit.gui.DockableWindowFactory.Window);org.gjt.sp.jedit.View;0;0;0;0;0;0;0;0
org.gjt.sp.jedit.browser.VFSFileChooserDialog.filesSelected(org.gjt.sp.jedit.browser.VFSBrowser, org.gjt.sp.jedit.io.VFSFile[]);org.gjt.sp.jedit.gui.HistoryTextField;0;0;0;0;0;0;0;0
installer.CBZip2OutputStream.endBlock();installer.CRC;0;0;0;0;0;0;0;0
org.gjt.sp.jedit.options.ShortcutsOptionPane.getValueAt(int, int);org.gjt.sp.jedit.gui.GrabKeyDialog;2;1;1;0.962962962962963;0.9166666666666666;12;164;236
bsh.Parser.PostfixExpression();bsh.JJTParserState;2;10;3;0.9778761061946902;0.96;64;6765;74
org.gjt.sp.jedit.Buffer.toggleWordWrap(org.gjt.sp.jedit.View);org.gjt.sp.jedit.jEdit;0;0;0;0;0;0;0;0
org.gjt.sp.jedit.textarea.JEditTextArea.delete(boolean);org.gjt.sp.jedit.textarea.Selection;0;0;0;0;0;0;0;0
org.gjt.sp.jedit.gui.MarkerViewer.removeNotify();org.gjt.sp.jedit.EditBus;0;0;0;0;0;0;0;0
org.gjt.sp.jedit.gui.TipOfTheDay.nextTip();org.gjt.sp.jedit.MiscUtilities;0;2;3;0.8823529411764706;1.0;16;71;491
org.gjt.sp.jedit.gui.DockableWindowFactory.createDockableWindow(java.lang.String, org.gjt.sp.jedit.View);org.gjt.sp.jedit.BeanShell;0;0;0;0;0;0;0;0
gnu.regexp.RE.getAllMatchesImpl(gnu.regexp.CharIndexed, int, int);gnu.regexp.REMatch;2;1;1;0.975609756097561;0.92;19;609;95
org.gjt.sp.jedit.buffer.BufferLoadRequest.run();org.gjt.sp.jedit.buffer.BufferIORequest;0;0;0;0;0;0;0;0
org.gjt.sp.jedit.browser.VFSBrowser.rename(java.lang.String);org.gjt.sp.jedit.io.VFS;4;1;4;0.9841269841269842;0.9142857142857143;12;675;167
org.objectweb.asm.CodeWriter.visitIntInsn(int, int);org.objectweb.asm.ByteVector;0;0;0;0;0;0;0;0
org.gjt.sp.jedit.gui.PanelWindowContainer.remove(org.gjt.sp.jedit.gui.DockableWindowManager.Entry);org.gjt.sp.jedit.gui.DockableWindowManager;1;5;1;0.9166666666666666;0.9857142857142858;11;396;429
org.gjt.sp.jedit.gui.FilesChangedDialog.valueChanged(javax.swing.event.TreeSelectionEvent);org.gjt.sp.jedit.View;0;0;0;0;0;0;0;0
org.gjt.sp.jedit.gui.DockableWindowManager.createPopupMenu(boolean, java.lang.String, org.gjt.sp.jedit.gui.DockableWindowContainer);org.gjt.sp.jedit.gui.PanelWindowContainer;0;0;0;0;0;0;0;0
org.gjt.sp.jedit.textarea.TextAreaDropHandler.dragEnter(java.awt.dnd.DropTargetDragEvent);org.gjt.sp.jedit.textarea.JEditTextArea;0;0;0;0;0;0;0;0
org.gjt.sp.jedit.browser.VFSBrowser.createPopupMenu();org.gjt.sp.jedit.jEdit;0;0;0;0;0;0;0;0
bsh.Interpreter.run();bsh.ReturnControl;1;13;9;0.8285714285714285;0.9743589743589743;74;440;4
org.gjt.sp.jedit.search.RESearchMatcher.nextMatch(boolean, boolean, boolean, boolean, gnu.regexp.CharIndexed);gnu.regexp.RE;0;0;0;0;0;0;0;0
org.gjt.sp.jedit.textarea.TextAreaPainter.setStructureHighlightColor(java.awt.Color);org.gjt.sp.jedit.textarea.JEditTextArea;0;0;0;0;0;0;0;0
org.gjt.sp.jedit.buffer.BufferLoadRequest.run();org.gjt.sp.jedit.io.VFSManager;0;0;0;0;0;0;0;0
org.gjt.sp.jedit.browser.VFSFileNameField.doComplete(java.lang.String);org.gjt.sp.jedit.io.VFSFile;0;0;0;0;0;0;0;0
org.gjt.sp.jedit.gui.FloatingWindowContainer.dispose();org.gjt.sp.jedit.gui.DockableWindowFactory;0;0;0;0;0;0;0;0
org.gjt.sp.jedit.textarea.JEditTextArea.invalidateLine(int);org.gjt.sp.jedit.buffer.JEditBuffer;0;0;0;0;0;0;0;0
gnu.regexp.REMatchEnumeration.hasMoreMatches(java.lang.StringBuffer);gnu.regexp.RE;1;4;2;0.6923076923076923;0.975609756097561;12;35;609
org.gjt.sp.jedit.gui.OptionsDialog.valueChanged(javax.swing.event.TreeSelectionEvent);org.gjt.sp.jedit.BeanShell;0;0;0;0;0;0;0;0
org.gjt.sp.jedit.textarea.JEditTextArea.deleteLine();org.gjt.sp.jedit.textarea.DisplayManager;0;0;0;0;0;0;0;0
gnu.regexp.RETokenAny.match(gnu.regexp.CharIndexed, gnu.regexp.REMatch);gnu.regexp.REMatch;1;2;2;0.7777777777777778;0.9583333333333334;8;19;95
org.gjt.sp.jedit.help.HelpSearchPanel.getHelpIndex();org.gjt.sp.jedit.help.HelpIndex;0;0;0;0;0;0;0;0
org.gjt.sp.jedit.textarea.TextAreaTransferHandler.exportDone(int, java.awt.datatransfer.Transferable, javax.swing.JComponent);org.gjt.sp.jedit.textarea.JEditTextArea;0;0;0;0;0;0;0;0
org.gjt.sp.jedit.AbstractOptionPane.addSeparator(java.lang.String);org.gjt.sp.jedit.jEdit;0;2;1;0.9333333333333333;1.0;26;78;1507
org.gjt.sp.jedit.EditPane.swapMarkerAndCaret(char);org.gjt.sp.jedit.Buffer;0;0;0;0;0;0;0;0
org.gjt.sp.jedit.ActionContext.addActionSet(org.gjt.sp.jedit.ActionSet);org.gjt.sp.jedit.ActionSet;0;0;0;0;0;0;0;0
org.gjt.sp.jedit.gui.StatusBar.updateCaretStatus();org.gjt.sp.jedit.textarea.DisplayManager;0;0;0;0;0;0;0;0
org.gjt.sp.jedit.menu.EnhancedMenuItem.mouseEntered(java.awt.event.MouseEvent);org.gjt.sp.jedit.jEdit;0;0;0;0;0;0;0;0
org.gjt.sp.jedit.gui.DockableWindowFactory.createDockableWindow(java.lang.String, org.gjt.sp.jedit.View);bsh.NameSpace;0;0;0;0;0;0;0;0
bsh.BshClassManager.loadSourceClass(java.lang.String);bsh.Interpreter;0;0;0;0;0;0;0;0
org.gjt.sp.jedit.View.createEditPane(org.gjt.sp.jedit.Buffer);org.gjt.sp.jedit.EditBus;0;0;4;1.0;1.0;9;530;72
org.gjt.sp.jedit.browser.VFSFileChooserDialog.ok();org.gjt.sp.jedit.io.VFSManager;0;0;0;0;0;0;0;0
bsh.BshMethod.invokeImpl(boolean, bsh.CallStack, bsh.Interpreter, bsh.SimpleNode, java.lang.Object[]);bsh.UtilEvalError;0;0;0;0;0;0;0;0
org.gjt.sp.jedit.buffer.KillRing.load();org.gjt.sp.jedit.jEdit;0;0;0;0;0;0;0;0
bsh.BshClassManager.doneDefiningClass(java.lang.String);bsh.Name;0;0;0;0;0;0;0;0
org.gjt.sp.jedit.textarea.DisplayManager.hideLineRange(int, int);org.gjt.sp.jedit.textarea.Anchor;0;0;0;0;0;0;0;0
org.gjt.sp.jedit.textarea.ScreenLineManager.reset();org.gjt.sp.jedit.buffer.JEditBuffer;0;0;0;0;0;0;0;0
org.gjt.sp.jedit.menu.RecentFilesProvider.actionPerformed(java.awt.event.ActionEvent);org.gjt.sp.jedit.View;0;0;0;0;0;0;0;0
org.gjt.sp.jedit.textarea.JEditTextArea.goToNextCharacter(boolean);org.gjt.sp.jedit.textarea.DisplayManager;0;0;0;0;0;0;0;0
gnu.regexp.RE.initialize(gnu.regexp.RESyntax, int, int, int, java.lang.Object);gnu.regexp.RETokenPOSIX;0;5;8;0.9482758620689655;1.0;326;609;68
org.gjt.sp.jedit.textarea.TextAreaPainter.paintValidLine(int, int, int, int, int, java.awt.Graphics2D);org.gjt.sp.jedit.textarea.JEditTextArea;6;4;1;0.9428571428571428;0.9787234042553191;11;363;2931
macos.Delegate.insertSelection(java.lang.String, macos.NSPasteboard);org.gjt.sp.jedit.buffer.JEditBuffer;0;0;0;0;0;0;0;0
org.gjt.sp.jedit.search.HyperSearchRequest.doHyperSearch(int, int, javax.swing.tree.DefaultMutableTreeNode, org.gjt.sp.jedit.Buffer);org.gjt.sp.jedit.buffer.JEditBuffer;0;0;0;0;0;0;0;0
org.gjt.sp.jedit.options.MouseOptionPane._save();org.gjt.sp.jedit.jEdit;0;0;0;0;0;0;0;0
org.gjt.sp.jedit.Buffer.setMode();org.gjt.sp.jedit.Mode;1;4;2;0.971830985915493;0.9473684210526316;22;1466;85
org.gjt.sp.jedit.textarea.JEditTextArea.getLineOfOffset(int);org.gjt.sp.jedit.buffer.JEditBuffer;0;0;0;0;0;0;0;0
org.gjt.sp.jedit.browser.VFSFileChooserDialog.filesActivated(org.gjt.sp.jedit.browser.VFSBrowser, org.gjt.sp.jedit.io.VFSFile[]);org.gjt.sp.jedit.io.VFSManager;0;0;0;0;0;0;0;0
org.gjt.sp.jedit.pluginmgr.Roster.runInAWTThread(java.awt.Component);org.gjt.sp.util.Log;0;0;0;0;0;0;0;0
installer.InstallThread.installComponent(java.lang.String);installer.Install;0;0;0;0;0;0;0;0
bsh.Interpreter.eval(bsh.NameSpace, java.io.Reader, java.lang.String);bsh.SimpleNode;3;6;8;0.9;0.9210526315789473;58;440;79
org.gjt.sp.jedit.gui.FontSelectorDialog.createTextFieldAndListPanel(java.lang.String, javax.swing.JList, javax.swing.JTextField);org.gjt.sp.jedit.jEdit;0;0;1;1.0;1.0;30;144;1507
org.gjt.sp.jedit.ModeCatalogHandler.attribute(boolean, java.lang.String, java.lang.String);org.gjt.sp.util.Log;0;5;1;0.5454545454545454;1.0;12;45;143
org.gjt.sp.jedit.buffer.JEditBuffer.markTokens(int, org.gjt.sp.jedit.syntax.TokenHandler);org.gjt.sp.util.Log;0;0;0;0;0;0;0;0
org.gjt.sp.jedit.menu.EnhancedMenuItem.mouseReleased(java.awt.event.MouseEvent);org.gjt.sp.jedit.gui.StatusBar;0;0;0;0;0;0;0;0
bsh.Parser.Literal();bsh.Primitive;0;10;4;0.9775784753363229;1.0;125;6765;451
bsh.ClassGeneratorImpl.setInstanceNameSpaceParent(bsh.NameSpace, java.lang.Object, java.lang.String);bsh.ClassGeneratorUtil;0;0;0;0;0;0;0;0
org.gjt.sp.jedit.Marker.createPosition();org.gjt.sp.jedit.buffer.JEditBuffer;0;0;0;0;0;0;0;0
org.gjt.sp.jedit.textarea.JEditTextArea.getMarkPosition();org.gjt.sp.jedit.textarea.Selection;2;2;1;0.9926739926739927;0.7777777777777778;7;2931;59
gnu.regexp.RETokenChar.match(gnu.regexp.CharIndexed, gnu.regexp.REMatch);gnu.regexp.REMatch;1;2;2;0.8;0.9583333333333334;12;35;95
org.gjt.sp.jedit.io.FileVFS.getExtendedAttribute(java.lang.String);org.gjt.sp.jedit.io.VFS;0;0;0;0;0;0;0;0
org.gjt.sp.jedit.View.loadToolBars();org.gjt.sp.jedit.GUIUtilities;0;3;3;0.9433962264150944;1.0;21;530;395
org.gjt.sp.jedit.io.FileVFS.getParentOfPath(java.lang.String);org.gjt.sp.jedit.io.FileRootsVFS;0;0;3;1.0;1.0;7;214;22
org.gjt.sp.jedit.browser.BrowserCommandsMenu.createMenuItem(java.lang.String);org.gjt.sp.jedit.GUIUtilities;0;0;0;0;0;0;0;0
org.gjt.sp.jedit.textarea.MouseHandler.mouseDragged(java.awt.event.MouseEvent);org.gjt.sp.jedit.buffer.JEditBuffer;0;0;0;0;0;0;0;0
org.gjt.sp.jedit.buffer.JEditBuffer.insert(int, javax.swing.text.Segment);org.gjt.sp.jedit.buffer.UndoManager;0;0;0;0;0;0;0;0
org.gjt.sp.jedit.PluginJAR.generateCache();org.gjt.sp.jedit.ActionContext;0;0;0;0;0;0;0;0
org.gjt.sp.jedit.help.HelpViewer.dispose();org.gjt.sp.jedit.jEdit;0;0;0;0;0;0;0;0
bsh.BshMethod.invoke(boolean, bsh.CallStack, bsh.Interpreter, bsh.SimpleNode, java.lang.Object[]);bsh.Modifiers;0;0;0;0;0;0;0;0
org.gjt.sp.jedit.PluginJAR.activatePlugin();org.gjt.sp.jedit.EditBus;0;0;0;0;0;0;0;0
org.gjt.sp.jedit.textarea.DisplayManager.resetAnchors();org.gjt.sp.jedit.textarea.Anchor;0;0;0;0;0;0;0;0
org.gjt.sp.jedit.gui.CheckBoxListModel.isCellEditable(int, int);org.gjt.sp.jedit.gui.JCheckBoxList;0;0;0;0;0;0;0;0
org.gjt.sp.jedit.textarea.ChunkCache.lineToChunkList(int, java.util.List);org.gjt.sp.jedit.buffer.JEditBuffer;0;0;0;0;0;0;0;0
org.gjt.sp.jedit.pluginmgr.MirrorListHandler.endElement(java.lang.String);org.gjt.sp.jedit.pluginmgr.MirrorList;0;0;0;0;0;0;0;0
bsh.Interpreter.eval(bsh.NameSpace, java.io.Reader, java.lang.String);bsh.Primitive;0;6;8;0.9;1.0;58;440;451
org.gjt.sp.jedit.options.ShortcutsOptionPane._init();org.gjt.sp.jedit.jEdit;0;6;1;0.85;1.0;21;164;1507
org.gjt.sp.jedit.gui.DockableWindowManager.createPopupMenu(boolean, java.lang.String, org.gjt.sp.jedit.gui.DockableWindowContainer);org.gjt.sp.jedit.msg.DockableWindowUpdate;0;0;0;0;0;0;0;0
org.gjt.sp.jedit.textarea.TextAreaPainter.paint(java.awt.Graphics);org.gjt.sp.jedit.textarea.JEditTextArea;0;0;0;0;0;0;0;0
org.gjt.sp.jedit.browser.VFSFileChooserDialog.actionPerformed(java.awt.event.ActionEvent);org.gjt.sp.jedit.browser.VFSBrowser;2;4;1;0.8260869565217391;0.9692307692307692;10;197;675
org.gjt.sp.jedit.View.hideWaitCursor();org.gjt.sp.jedit.EditPane;0;2;2;0.9649122807017544;1.0;13;530;245
org.gjt.sp.jedit.textarea.ScrollLineCount.reset();org.gjt.sp.jedit.buffer.JEditBuffer;0;0;0;0;0;0;0;0
org.gjt.sp.jedit.View.getViewConfig();org.gjt.sp.jedit.gui.PanelWindowContainer;0;0;0;0;0;0;0;0
org.gjt.sp.jedit.print.BufferPrintable.printPage(boolean, int, java.awt.Graphics, java.awt.print.PageFormat);org.gjt.sp.jedit.syntax.Chunk;0;0;0;0;0;0;0;0
org.gjt.sp.jedit.browser.VFSDirectoryEntryTable.resizeColumns();org.gjt.sp.jedit.browser.VFSDirectoryEntryTableModel;0;0;0;0;0;0;0;0
org.gjt.sp.jedit.Buffer.checkFileStatus(org.gjt.sp.jedit.View);org.gjt.sp.jedit.EditBus;0;0;0;0;0;0;0;0
org.gjt.sp.jedit.View.setEditPane(org.gjt.sp.jedit.EditPane);org.gjt.sp.jedit.EditBus;0;0;0;0;0;0;0;0
org.gjt.sp.jedit.buffer.BufferSaveRequest.run();org.gjt.sp.jedit.io.VFSManager;0;0;0;0;0;0;0;0
installer.TarEntry.isDescendent(installer.TarEntry);installer.TarHeader;0;0;0;0;0;0;0;0
org.gjt.sp.jedit.BeanShell.addListener(bsh.BshClassManager.Listener);bsh.Interpreter;0;0;0;0;0;0;0;0
bsh.BSHArrayInitializer.eval(bsh.CallStack, bsh.Interpreter, int, java.lang.Class);bsh.Primitive;1;2;3;1.0;0.9411764705882353;31;44;451
org.gjt.sp.jedit.menu.MarkersProvider.update(javax.swing.JMenu);org.gjt.sp.jedit.buffer.JEditBuffer;0;0;0;0;0;0;0;0
org.gjt.sp.util.WorkRequest.setProgressMaximum(int);org.gjt.sp.util.WorkThread;1;0;1;1.0;0.9375;4;16;97
org.gjt.sp.jedit.textarea.ScreenLineManager.setScreenLineCount(int, int);org.gjt.sp.util.Log;0;0;0;0;0;0;0;0
org.gjt.sp.jedit.options.BrowserColorsOptionPane.updateEnabled();org.gjt.sp.jedit.options.BrowserColorsModel;0;0;0;0;0;0;0;0
bsh.BSHAllocationExpression.constructWithInterfaceBody(bsh.BSHBlock, bsh.CallStack, bsh.Interpreter, java.lang.Class, java.lang.Object[]);bsh.This;0;0;0;0;0;0;0;0
gnu.regexp.RE.initialize(gnu.regexp.RESyntax, int, int, int, java.lang.Object);gnu.regexp.REException;0;5;8;0.9482758620689655;1.0;326;609;20
org.gjt.sp.jedit.Autosave.actionPerformed(java.awt.event.ActionEvent);org.gjt.sp.jedit.Buffer;1;0;2;1.0;0.9927536231884058;5;25;1466
macos.MacOSPlugin.osok();org.gjt.sp.jedit.jEdit;0;0;0;0;0;0;0;0
org.gjt.sp.jedit.gui.DockableWindowFactory.invoke(org.gjt.sp.jedit.View);org.gjt.sp.jedit.View;0;0;0;0;0;0;0;0
org.gjt.sp.jedit.buffer.JEditBuffer.loadText(javax.swing.text.Segment, org.gjt.sp.util.IntegerArray);org.gjt.sp.jedit.buffer.LineManager;0;0;0;0;0;0;0;0
org.gjt.sp.jedit.browser.VFSFileChooserDialog.keyTyped(java.awt.event.KeyEvent);org.gjt.sp.jedit.browser.VFSFileNameField;0;0;0;0;0;0;0;0
org.gjt.sp.jedit.PluginJAR.uninit(boolean);org.gjt.sp.jedit.jEdit;0;0;0;0;0;0;0;0
org.gjt.sp.jedit.options.StatusBarOptionPane._init();org.gjt.sp.jedit.jEdit;0;0;0;0;0;0;0;0
macos.menu.ShowBufferMenu.actionPerformed(java.awt.event.ActionEvent);macos.MacOSActions;0;0;0;0;0;0;0;0
org.objectweb.asm.Item.set(double);org.objectweb.asm.ClassWriter;0;0;0;0;0;0;0;0
org.gjt.sp.jedit.menu.EnhancedCheckBoxMenuItem.mouseEntered(java.awt.event.MouseEvent);org.gjt.sp.jedit.jEdit;0;0;0;0;0;0;0;0
org.gjt.sp.jedit.syntax.TokenMarker.markKeyword(boolean);org.gjt.sp.jedit.syntax.KeywordMap;0;0;0;0;0;0;0;0
org.gjt.sp.jedit.search.AllBufferSet._getFiles(java.awt.Component);org.gjt.sp.jedit.MiscUtilities;0;0;0;0;0;0;0;0
org.gjt.sp.jedit.gui.HistoryTextArea.processMouseEvent(java.awt.event.MouseEvent);org.gjt.sp.jedit.GUIUtilities;0;0;0;0;0;0;0;0
org.gjt.sp.jedit.gui.OptionsDialog.init(java.lang.String, java.lang.String);org.gjt.sp.jedit.GUIUtilities;0;0;0;0;0;0;0;0
org.gjt.sp.jedit.textarea.DisplayManager.expandFolds(int);org.gjt.sp.jedit.textarea.JEditTextArea;0;0;0;0;0;0;0;0
org.gjt.sp.jedit.JARClassLoader.getResourceAsStream(java.lang.String);org.gjt.sp.util.Log;0;1;1;0.9333333333333333;1.0;12;236;143
org.gjt.sp.jedit.BufferHistory.endDocument();org.gjt.sp.jedit.jEdit;0;0;0;0;0;0;0;0
org.gjt.sp.jedit.print.BufferPrintable.print();org.gjt.sp.jedit.GUIUtilities;0;0;0;0;0;0;0;0
org.gjt.sp.jedit.io.FileVFS.save(java.lang.String, org.gjt.sp.jedit.Buffer, org.gjt.sp.jedit.View);org.gjt.sp.jedit.io.VFS;1;0;5;1.0;1.0;17;214;167
org.gjt.sp.jedit.Buffer.setMode();org.gjt.sp.jedit.buffer.JEditBuffer;0;0;0;0;0;0;0;0
bsh.Parser.Assignment();bsh.BSHAssignment;1;5;2;0.988399071925754;0.9230769230769231;41;6765;61
org.gjt.sp.jedit.search.HyperSearchResult.run();org.gjt.sp.jedit.EditPane;0;0;0;0;0;0;0;0
org.gjt.sp.jedit.gui.IOProgressMonitor.update();org.gjt.sp.util.WorkThreadPool;1;3;4;0.8636363636363636;0.9777777777777777;14;92;186
org.gjt.sp.jedit.gui.SelectLineRange.ok();org.gjt.sp.jedit.View;2;2;3;0.9;0.96875;21;89;530
org.gjt.sp.jedit.gui.SelectLineRange.ok();org.gjt.sp.jedit.textarea.JEditTextArea;2;2;3;0.9;0.9929328621908127;21;89;2931
org.gjt.sp.jedit.textarea.JEditTextArea.doWordWrap(boolean);org.gjt.sp.jedit.buffer.JEditBuffer;0;0;0;0;0;0;0;0
org.gjt.sp.jedit.textarea.BufferHandler.contentRemoved(int, int, int, int, org.gjt.sp.jedit.buffer.JEditBuffer);org.gjt.sp.jedit.textarea.Selection;0;0;0;0;0;0;0;0
org.gjt.sp.jedit.textarea.ChunkCache.getLineInfosForPhysicalLine(int, java.util.List);org.gjt.sp.jedit.textarea.JEditTextArea;0;0;0;0;0;0;0;0
bsh.BSHArrayDimensions.eval(bsh.CallStack, bsh.Interpreter);bsh.SimpleNode;3;3;4;0.7857142857142857;0.8888888888888888;29;40;79
org.gjt.sp.jedit.Buffer.checkFileStatus(org.gjt.sp.jedit.View);org.gjt.sp.jedit.buffer.JEditBuffer;0;0;0;0;0;0;0;0
org.gjt.sp.jedit.browser.BrowserIORequest.listDirectory();org.gjt.sp.jedit.jEdit;1;3;5;0.85;1.0;30;160;1507
org.gjt.sp.jedit.textarea.JEditTextArea.goToNextLine(boolean);org.gjt.sp.jedit.textarea.ChunkCache;1;11;3;0.9676258992805755;0.9791666666666666;32;2931;425
org.gjt.sp.jedit.View.getSplitConfig(java.lang.StringBuffer, javax.swing.JSplitPane);org.gjt.sp.jedit.Buffer;1;1;2;1.0;0.993103448275862;15;530;1466
org.gjt.sp.jedit.options.PluginManagerOptionPane._init();org.gjt.sp.jedit.jEdit;0;0;0;0;0;0;0;0
bsh.NameSpace.doSuperImport();bsh.BshClassManager;0;0;0;0;0;0;0;0
org.gjt.sp.jedit.buffer.JEditBuffer.remove(int, int);org.gjt.sp.jedit.buffer.ContentManager;0;0;0;0;0;0;0;0
org.gjt.sp.jedit.gui.ActionBar.invoke();org.gjt.sp.jedit.gui.InputHandler;0;0;0;0;0;0;0;0
org.gjt.sp.jedit.textarea.JEditTextArea.getSelectionEnd(int);org.gjt.sp.jedit.textarea.Selection;1;2;1;0.9927007299270073;1.0;4;2931;59
com.loomcom.ant.tasks.jarbundler.JarBundler.execute();com.loomcom.ant.tasks.jarbundler.AppBundleProperties;0;0;0;0;0;0;0;0
org.gjt.sp.jedit.gui.IOProgressMonitor.actionPerformed(java.awt.event.ActionEvent);org.gjt.sp.jedit.GUIUtilities;1;2;4;0.9;1.0;8;92;395
org.gjt.sp.jedit.PluginJAR.startPlugin();org.gjt.sp.util.Log;0;0;0;0;0;0;0;0
org.gjt.sp.jedit.textarea.DisplayManager.updateScreenLineCount(int);org.gjt.sp.jedit.textarea.ChunkCache;0;0;0;0;0;0;0;0
org.gjt.sp.jedit.search.DirectoryListSet._getFiles(java.awt.Component);org.gjt.sp.util.Log;0;0;0;0;0;0;0;0
org.gjt.sp.jedit.browser.VFSDirectoryEntryTable.processKeyEvent(java.awt.event.KeyEvent);org.gjt.sp.jedit.View;0;0;0;0;0;0;0;0
bsh.NameSpace.getMethod(boolean, java.lang.Class[], java.lang.String);bsh.BshMethod;0;0;0;0;0;0;0;0
org.gjt.sp.jedit.gui.ActionBar.keyPressed(java.awt.event.KeyEvent);org.gjt.sp.jedit.gui.HistoryTextField;0;0;0;0;0;0;0;0
org.gjt.sp.jedit.browser.BrowserView.saveExpansionState();org.gjt.sp.jedit.browser.VFSDirectoryEntryTable;0;0;0;0;0;0;0;0
org.gjt.sp.jedit.browser.VFSBrowser.invokeAction(java.util.EventObject, org.gjt.sp.jedit.EditAction);org.gjt.sp.jedit.jEdit;0;0;0;0;0;0;0;0
org.gjt.sp.jedit.textarea.SelectionManager.resizeSelection(boolean, int, int, int);org.gjt.sp.jedit.textarea.Selection;0;0;0;0;0;0;0;0
bsh.BSHForStatement.eval(bsh.CallStack, bsh.Interpreter);bsh.ReturnControl;1;3;5;0.8;0.9285714285714286;39;42;4
org.gjt.sp.jedit.textarea.ChunkCache.updateChunksUpTo(int);org.gjt.sp.jedit.textarea.FirstLine;0;0;0;0;0;0;0;0
org.gjt.sp.jedit.gui.OptionsDialog.save(java.lang.Object);org.gjt.sp.jedit.OptionGroup;0;0;0;0;0;0;0;0
org.gjt.sp.jedit.EditPane.statusChanged(boolean, int, org.gjt.sp.jedit.textarea.JEditTextArea);org.gjt.sp.jedit.jEdit;0;0;0;0;0;0;0;0
bsh.Variable.setValue(int, java.lang.Object);bsh.LHS;0;0;0;0;0;0;0;0
bsh.Parser.generateParseException();bsh.Token;0;0;0;0;0;0;0;0
bsh.Parser.popNode();bsh.JJTParserState;0;0;0;0;0;0;0;0
org.gjt.sp.jedit.options.SyntaxHiliteOptionPane.mouseClicked(java.awt.event.MouseEvent);org.gjt.sp.jedit.options.StyleEditor;0;0;0;0;0;0;0;0
bsh.ParserTokenManager.jjMoveStringLiteralDfa22_0(long, long);bsh.JavaCharStream;0;0;0;0;0;0;0;0
org.gjt.sp.jedit.gui.InputHandler.invokeReadNextChar(char);org.gjt.sp.jedit.BeanShell;1;2;6;0.92;1.0;22;141;229
org.gjt.sp.jedit.menu.EnhancedCheckBoxMenuItem.mouseExited(java.awt.event.MouseEvent);org.gjt.sp.jedit.GUIUtilities;0;0;0;0;0;0;0;0
org.gjt.sp.jedit.gui.DefaultInputHandler.handleKey(org.gjt.sp.jedit.gui.KeyEventTranslator.Key);org.gjt.sp.jedit.gui.StatusBar;0;0;0;0;0;0;0;0
org.gjt.sp.jedit.gui.FloatingWindowContainer.mousePressed(java.awt.event.MouseEvent);org.gjt.sp.jedit.GUIUtilities;0;0;0;0;0;0;0;0
gnu.regexp.RE.initialize(gnu.regexp.RESyntax, int, int, int, java.lang.Object);gnu.regexp.IntPair;2;5;8;0.9482758620689655;0.9259259259259259;326;609;0
org.gjt.sp.jedit.buffer.BufferLoadRequest.run();org.gjt.sp.util.WorkRequest;0;0;0;0;0;0;0;0
org.gjt.sp.jedit.search.BufferListSet.getNextFile(java.lang.String, org.gjt.sp.jedit.View);org.gjt.sp.jedit.Buffer;1;3;2;0.8;0.993006993006993;17;35;1466
org.gjt.sp.jedit.ActionContext.getAction(java.lang.String);org.gjt.sp.jedit.ActionSet;0;0;0;0;0;0;0;0
org.gjt.sp.jedit.textarea.DisplayManager.setScreenLineCount(int, int);org.gjt.sp.jedit.textarea.Anchor;0;0;0;0;0;0;0;0
macos.Delegate.handleFileCodes(org.gjt.sp.jedit.msg.BufferUpdate);org.gjt.sp.jedit.buffer.JEditBuffer;0;0;0;0;0;0;0;0
org.gjt.sp.jedit.msg.PluginUpdate.paramString();org.gjt.sp.jedit.EBMessage;0;0;0;0;0;0;0;0
org.gjt.sp.jedit.EditPane.getToolTipText(int, int);org.gjt.sp.jedit.jEdit;0;0;0;0;0;0;0;0
bsh.BSHWhileStatement.eval(bsh.CallStack, bsh.Interpreter);bsh.BSHIfStatement;1;1;4;0.9;1.0;32;35;19
org.gjt.sp.jedit.textarea.FirstLine.physUp(int, int);org.gjt.sp.jedit.Debug;0;0;0;0;0;0;0;0
org.gjt.sp.jedit.search.SearchBar.find(boolean);org.gjt.sp.jedit.View;2;3;8;0.9393939393939394;0.9710144927536232;33;178;530
org.gjt.sp.jedit.pluginmgr.ManagePanel.valueChanged(javax.swing.event.ListSelectionEvent);org.gjt.sp.jedit.PluginJAR;0;0;0;0;0;0;0;0
bsh.Parser.EqualityExpression();bsh.Token;1;8;3;0.9814814814814815;0.95;44;6765;9
org.gjt.sp.jedit.textarea.JEditTextArea.narrowToSelection();org.gjt.sp.jedit.textarea.Selection;2;2;2;0.9928057553956835;0.8571428571428572;9;2931;59
org.gjt.sp.jedit.textarea.TextAreaPainter.addExtension(org.gjt.sp.jedit.textarea.TextAreaExtension);org.gjt.sp.jedit.textarea.ExtensionManager;1;0;1;1.0;0.875;4;363;58
bsh.Name.invokeLocalMethod(bsh.CallStack, bsh.Interpreter, bsh.SimpleNode, java.lang.Object[]);bsh.Interpreter;2;2;5;0.9166666666666666;0.9803921568627451;38;291;440
org.gjt.sp.jedit.gui.StatusBar.updateMiscStatus();org.gjt.sp.jedit.View;1;3;3;0.9142857142857143;0.9827586206896551;6;281;530
org.gjt.sp.jedit.options.TextAreaOptionPane._init();org.gjt.sp.jedit.gui.FontSelector;0;0;0;0;0;0;0;0
org.gjt.sp.jedit.textarea.JEditTextArea.resizeSelection(boolean, int, int, int);org.gjt.sp.jedit.textarea.Selection;0;0;0;0;0;0;0;0
org.gjt.sp.jedit.gui.DockableWindowManager.setResizePos(int, org.gjt.sp.jedit.gui.PanelWindowContainer);org.gjt.sp.jedit.gui.PanelWindowContainer;0;0;0;0;0;0;0;0
org.gjt.sp.jedit.PluginJAR.loadCache(org.gjt.sp.jedit.PluginJAR.PluginCacheEntry);org.gjt.sp.jedit.jEdit;0;0;0;0;0;0;0;0
org.gjt.sp.jedit.jEdit.invokeAction(java.util.EventObject, org.gjt.sp.jedit.EditAction);org.gjt.sp.jedit.View;0;0;0;0;0;0;0;0
org.gjt.sp.jedit.gui.StatusBar.updateCaretStatus();org.gjt.sp.jedit.View;0;0;0;0;0;0;0;0
org.gjt.sp.jedit.browser.VFSBrowser.rename(java.lang.String);org.gjt.sp.jedit.browser.BrowserIORequest;0;1;4;0.9841269841269842;1.0;12;675;160
org.gjt.sp.jedit.pluginmgr.ManagePanel.update();org.gjt.sp.jedit.jEdit;0;0;0;0;0;0;0;0
org.gjt.sp.jedit.help.HelpTOCPanel.compare(java.lang.Object, java.lang.Object);org.gjt.sp.jedit.MiscUtilities;0;0;0;0;0;0;0;0
org.gjt.sp.jedit.io.UrlVFS._createInputStream(boolean, java.awt.Component, java.lang.Object, java.lang.String);org.gjt.sp.jedit.io.VFSManager;1;0;2;1.0;1.0;11;32;120
org.gjt.sp.jedit.textarea.TextAreaPainter.setBlockCaretEnabled(boolean);org.gjt.sp.jedit.textarea.JEditTextArea;2;1;1;0.9830508474576272;0.9926470588235294;4;363;2931
org.gjt.sp.jedit.search.HyperSearchRequest.doHyperSearch(org.gjt.sp.jedit.Buffer);org.gjt.sp.jedit.buffer.JEditBuffer;0;0;0;0;0;0;0;0
macos.Delegate.handleAbout(com.apple.eawt.ApplicationEvent);org.gjt.sp.jedit.jEdit;0;0;0;0;0;0;0;0
gnu.regexp.RE.getMatchImpl(gnu.regexp.CharIndexed, int, int, java.lang.StringBuffer);gnu.regexp.REMatch;4;3;1;0.9285714285714286;0.8461538461538461;24;609;95
org.gjt.sp.jedit.io.VFS.load(java.lang.String, org.gjt.sp.jedit.Buffer, org.gjt.sp.jedit.View);org.gjt.sp.jedit.Buffer;2;3;3;0.9459459459459459;0.986013986013986;13;167;1466
bsh.BshClassManager.cacheResolvedMethod(java.lang.Class, java.lang.Class[], java.lang.reflect.Method);bsh.Interpreter;0;0;0;0;0;0;0;0
org.gjt.sp.jedit.EditPane.loadCaretInfo();org.gjt.sp.jedit.Buffer;2;0;4;1.0;0.9862068965517241;11;245;1466
bsh.ParserTokenManager.jjMoveStringLiteralDfa4_0(long, long, long, long, long, long);bsh.JavaCharStream;0;0;0;0;0;0;0;0
org.gjt.sp.jedit.BeanShellAction.isSelected(java.awt.Component);bsh.NameSpace;0;0;0;0;0;0;0;0
bsh.Name.invokeLocalMethod(bsh.CallStack, bsh.Interpreter, bsh.SimpleNode, java.lang.Object[]);bsh.Types;0;0;0;0;0;0;0;0
org.gjt.sp.jedit.EditPane.handleBufferUpdate(org.gjt.sp.jedit.msg.BufferUpdate);org.gjt.sp.jedit.Buffer;2;2;7;0.9259259259259259;0.9866666666666667;71;245;1466
bsh.Parser.PostfixExpression();bsh.BSHUnaryExpression;2;10;3;0.9778761061946902;0.9512195121951219;64;6765;42
org.gjt.sp.jedit.gui.DockablePanel.mouseMoved(java.awt.event.MouseEvent);org.gjt.sp.jedit.gui.PanelWindowContainer;0;0;0;0;0;0;0;0
org.gjt.sp.jedit.browser.VFSDirectoryEntryTable.doTypeSelect(boolean, int, int, java.lang.String);org.gjt.sp.jedit.browser.VFSDirectoryEntryTableModel;0;0;0;0;0;0;0;0
org.gjt.sp.jedit.help.HelpIndex.indexDirectory(java.lang.String);org.gjt.sp.jedit.io.VFS;0;0;0;0;0;0;0;0
org.gjt.sp.jedit.syntax.XModeHandler.endElement(java.lang.String);org.gjt.sp.jedit.syntax.Token;0;23;6;0.6;1.0;154;343;8
bsh.JThis.event(java.lang.Object, java.lang.String);bsh.NameSpace;1;0;4;1.0;1.0;17;287;421
org.gjt.sp.jedit.pluginmgr.InstallPanel.actionPerformed(java.awt.event.ActionEvent);org.gjt.sp.jedit.GUIUtilities;0;0;0;0;0;0;0;0
org.gjt.sp.jedit.PerspectiveManager.attribute(boolean, java.lang.String, java.lang.String);org.gjt.sp.jedit.View;0;0;0;0;0;0;0;0
org.gjt.sp.jedit.help.HelpTOCPanel.compare(java.lang.Object, java.lang.Object);org.gjt.sp.jedit.EditPlugin;0;0;0;0;0;0;0;0
bsh.ClassGeneratorImpl.setInstanceNameSpaceParent(bsh.NameSpace, java.lang.Object, java.lang.String);bsh.This;0;0;0;0;0;0;0;0
macos.Delegate.insertSelection(java.lang.String, macos.NSPasteboard);org.gjt.sp.jedit.textarea.JEditTextArea;0;0;0;0;0;0;0;0
org.gjt.sp.jedit.io.UrlVFS._createInputStream(boolean, java.awt.Component, java.lang.Object, java.lang.String);org.gjt.sp.util.Log;0;0;2;1.0;1.0;11;32;143
org.gjt.sp.jedit.gui.PanelWindowContainer.actionPerformed(java.awt.event.ActionEvent);org.gjt.sp.jedit.gui.DockableWindowManager;2;2;1;0.9655172413793104;0.96875;7;396;429
macos.MacOSPlugin.handleMessage(org.gjt.sp.jedit.EBMessage);org.gjt.sp.jedit.jEdit;0;0;0;0;0;0;0;0
org.gjt.sp.jedit.io.VFS._listDirectory(boolean, java.awt.Component, java.lang.Object, java.lang.String, java.lang.String);org.gjt.sp.util.Log;0;0;0;0;0;0;0;0
bsh.Parser.Type();bsh.JJTParserState;4;10;2;0.9773755656108597;0.9230769230769231;66;6765;74
gnu.regexp.RETokenRepeated.matchRest(gnu.regexp.CharIndexed, gnu.regexp.REMatch);gnu.regexp.REToken;1;0;2;1.0;0.8333333333333334;21;120;30
org.gjt.sp.jedit.textarea.JEditTextArea.userInputTab();org.gjt.sp.jedit.textarea.Selection;0;0;0;0;0;0;0;0
org.gjt.sp.jedit.textarea.MouseHandler.showCursor();org.gjt.sp.jedit.textarea.JEditTextArea;0;0;0;0;0;0;0;0
org.gjt.sp.jedit.textarea.Selection.contentRemoved(int, int, int, int, org.gjt.sp.jedit.buffer.JEditBuffer);org.gjt.sp.jedit.buffer.JEditBuffer;0;0;0;0;0;0;0;0
gnu.regexp.RE.substituteImpl(gnu.regexp.CharIndexed, int, int, java.lang.String);gnu.regexp.REMatch;2;1;1;0.975609756097561;0.92;13;609;95
org.gjt.sp.jedit.gui.MarkerViewer.refreshList();org.gjt.sp.jedit.gui.RolloverButton;0;0;0;0;0;0;0;0
org.gjt.sp.jedit.textarea.Gutter.paintLine(int, int, java.awt.Graphics2D);org.gjt.sp.jedit.textarea.DisplayManager;0;0;0;0;0;0;0;0
bsh.Parser.Line();bsh.Interpreter;0;8;1;0.9827586206896551;1.0;108;6765;440
org.gjt.sp.jedit.gui.PanelWindowContainer.mousePressed(java.awt.event.MouseEvent);org.gjt.sp.jedit.gui.DockableWindowManager;0;0;0;0;0;0;0;0
org.gjt.sp.jedit.search.SearchDialog.load();org.gjt.sp.jedit.gui.HistoryTextArea;0;0;0;0;0;0;0;0
QuickNotepad.chooseFile();org.gjt.sp.jedit.GUIUtilities;1;3;1;0.8333333333333334;1.0;9;115;395
org.gjt.sp.jedit.help.HelpTOCPanel.createTOC();org.gjt.sp.jedit.JARClassLoader;0;0;0;0;0;0;0;0
bsh.Interpreter.set(java.lang.Object, java.lang.String);bsh.Name;1;0;4;1.0;0.95;6;440;291
org.gjt.sp.jedit.gui.InputHandler.invokeAction(org.gjt.sp.jedit.EditAction);org.gjt.sp.jedit.View;2;5;6;0.8333333333333334;0.971830985915493;40;141;530
org.gjt.sp.jedit.gui.FontSelector.updateText();org.gjt.sp.jedit.jEdit;0;0;1;1.0;1.0;22;35;1507
bsh.BSHIfStatement.eval(bsh.CallStack, bsh.Interpreter);bsh.SimpleNode;3;1;2;1.0;0.85;7;19;79
bsh.BshMethod.invokeImpl(boolean, bsh.CallStack, bsh.Interpreter, bsh.SimpleNode, java.lang.Object[]);bsh.Primitive;0;0;0;0;0;0;0;0
bsh.BSHTypedVariableDeclaration.getTypeNode();bsh.SimpleNode;0;0;0;0;0;0;0;0
org.gjt.sp.jedit.PluginJAR.startPlugin();org.gjt.sp.jedit.buffer.FoldHandler;0;0;0;0;0;0;0;0
org.gjt.sp.jedit.menu.DirectoryProvider.update(javax.swing.JMenu);org.gjt.sp.jedit.browser.VFSBrowser;0;0;0;0;0;0;0;0
org.gjt.sp.jedit.gui.PanelWindowContainer.show(org.gjt.sp.jedit.gui.DockableWindowManager.Entry);org.gjt.sp.jedit.gui.DockablePanel;0;0;0;0;0;0;0;0
org.objectweb.asm.CodeWriter.visitTableSwitchInsn(int, int, org.objectweb.asm.Label, org.objectweb.asm.Label[]);org.objectweb.asm.Label;0;0;0;0;0;0;0;0
bsh.BSHPackageDeclaration.eval(bsh.CallStack, bsh.Interpreter);bsh.BSHAmbiguousName;0;0;0;0;0;0;0;0
bsh.NameSpace.setTypedVariable(boolean, java.lang.Class, java.lang.Object, java.lang.String);bsh.Modifiers;0;0;0;0;0;0;0;0
org.gjt.sp.jedit.browser.VFSDirectoryEntryTable.getExpandedDirectories(java.util.Set);org.gjt.sp.jedit.io.VFSFile;0;0;0;0;0;0;0;0
org.gjt.sp.jedit.gui.DockableWindowManager.floatDockableWindow(java.lang.String);org.gjt.sp.util.Log;0;0;0;0;0;0;0;0
org.gjt.sp.jedit.textarea.JEditTextArea.setText(java.lang.String);org.gjt.sp.jedit.buffer.JEditBuffer;0;0;0;0;0;0;0;0
org.gjt.sp.jedit.pluginmgr.PluginManagerProgress.run();org.gjt.sp.jedit.pluginmgr.Roster;1;0;1;1.0;0.9285714285714286;3;132;137
org.gjt.sp.jedit.textarea.DisplayManager.showLineRange(int, int);org.gjt.sp.util.Log;0;0;0;0;0;0;0;0
org.gjt.sp.jedit.textarea.ChunkCache.scrollUp(int);org.gjt.sp.jedit.textarea.JEditTextArea;0;0;0;0;0;0;0;0
org.gjt.sp.jedit.gui.DefaultInputHandler.addKeyBinding(java.lang.Object, java.lang.String);org.gjt.sp.jedit.gui.KeyEventTranslator;0;0;0;0;0;0;0;0
org.gjt.sp.jedit.gui.RegisterViewer.insertRegister();org.gjt.sp.jedit.View;0;0;0;0;0;0;0;0
org.gjt.sp.jedit.textarea.TextAreaPainter.nextTabStop(float, int);org.gjt.sp.jedit.textarea.JEditTextArea;1;0;1;1.0;0.996309963099631;4;363;2931
bsh.Parser.ReturnStatement();bsh.JJTParserState;4;8;2;0.982532751091703;0.9433962264150944;74;6765;74
org.gjt.sp.jedit.gui.DockableWindowManager.run();org.gjt.sp.jedit.gui.DockablePanel;0;0;0;0;0;0;0;0
org.gjt.sp.jedit.Buffer.load(boolean, org.gjt.sp.jedit.View);org.gjt.sp.jedit.EditBus;0;23;10;0.8562091503267975;1.0;68;1466;72
org.gjt.sp.jedit.search.SearchDialog.load();org.gjt.sp.jedit.View;0;0;0;0;0;0;0;0
org.gjt.sp.jedit.buffer.BufferLoadRequest.run();org.gjt.sp.jedit.io.VFSFile;0;0;0;0;0;0;0;0
org.gjt.sp.jedit.textarea.Gutter.mousePressed(java.awt.event.MouseEvent);org.gjt.sp.jedit.GUIUtilities;0;3;6;0.9583333333333334;1.0;44;362;395
bsh.Interpreter.unset(java.lang.String);bsh.LHS;2;0;3;1.0;0.8181818181818181;6;440;89
installer.TarOutputStream.putNextEntry(installer.TarEntry);installer.TarHeader;0;0;0;0;0;0;0;0
org.gjt.sp.jedit.Macros.dispose();org.gjt.sp.jedit.View;0;2;4;0.9047619047619048;1.0;11;333;530
bsh.XThis.invoke(java.lang.Object, java.lang.Object[], java.lang.reflect.Method);bsh.Interpreter;0;0;0;0;0;0;0;0
org.gjt.sp.jedit.textarea.TextAreaPainter.setFont(java.awt.Font);org.gjt.sp.jedit.buffer.JEditBuffer;0;0;0;0;0;0;0;0
org.gjt.sp.jedit.syntax.XModeHandler.endElement(java.lang.String);org.gjt.sp.jedit.syntax.ParserRuleSet;3;23;6;0.6;0.9423076923076923;154;343;79
bsh.BSHAmbiguousName.toClass(bsh.CallStack, bsh.Interpreter);bsh.CallStack;0;0;0;0;0;0;0;0
org.gjt.sp.jedit.search.SearchDialog.actionPerformed(java.awt.event.ActionEvent);org.gjt.sp.jedit.GUIUtilities;0;0;0;0;0;0;0;0
org.gjt.sp.jedit.textarea.ChunkCache.xToSubregionOffset(boolean, int, org.gjt.sp.jedit.textarea.ChunkCache.LineInfo);org.gjt.sp.jedit.syntax.Chunk;0;0;0;0;0;0;0;0
org.gjt.sp.jedit.options.ContextAddDialog.updateList();org.gjt.sp.jedit.MiscUtilities;0;2;3;0.8888888888888888;1.0;13;91;491
org.gjt.sp.jedit.textarea.SelectionManager.addToSelection(org.gjt.sp.jedit.textarea.Selection);org.gjt.sp.jedit.textarea.JEditTextArea;0;0;0;0;0;0;0;0
org.gjt.sp.jedit.PluginJAR.actionsPresentButNotCoreClass();org.gjt.sp.jedit.ActionSet;0;0;0;0;0;0;0;0
org.gjt.sp.jedit.PluginJAR.activatePluginIfNecessary();org.gjt.sp.util.Log;0;0;0;0;0;0;0;0
org.gjt.sp.jedit.buffer.JEditBuffer.beginCompoundEdit();org.gjt.sp.jedit.buffer.UndoManager;0;0;0;0;0;0;0;0
org.gjt.sp.jedit.textarea.JEditTextArea.getSelectionIterator();org.gjt.sp.jedit.textarea.SelectionManager;0;0;0;0;0;0;0;0
org.gjt.sp.jedit.search.SearchBar.actionPerformed(java.awt.event.ActionEvent);org.gjt.sp.jedit.EditPane;0;0;0;0;0;0;0;0
org.gjt.sp.jedit.textarea.JEditTextArea.getBufferLength();org.gjt.sp.jedit.buffer.JEditBuffer;0;0;0;0;0;0;0;0
bsh.Parser.AndExpression();bsh.JJTParserState;2;8;3;0.9814814814814815;0.9285714285714286;44;6765;74
org.gjt.sp.jedit.gui.OptionsDialog.ok(boolean);org.gjt.sp.jedit.jEdit;0;1;2;0.9714285714285714;1.0;7;289;1507
org.gjt.sp.jedit.PluginJAR.activatePluginIfNecessary();org.gjt.sp.jedit.EditPlugin;0;0;0;0;0;0;0;0
macos.Delegate.handleFileCodes(org.gjt.sp.jedit.msg.BufferUpdate);org.gjt.sp.jedit.msg.BufferUpdate;0;0;0;0;0;0;0;0
org.gjt.sp.jedit.search.SearchBar.incrementalSearch(boolean, int);org.gjt.sp.jedit.View;1;0;3;1.0;0.9814814814814815;13;178;530
org.gjt.sp.jedit.textarea.DisplayManager.notifyScreenLineChanges();org.gjt.sp.jedit.textarea.JEditTextArea;0;0;0;0;0;0;0;0
installer.TarEntry.setUserName(java.lang.String);installer.TarHeader;0;0;0;0;0;0;0;0
bsh.BSHReturnType.getTypeDescriptor(bsh.CallStack, bsh.Interpreter, java.lang.String);bsh.BSHType;0;0;0;0;0;0;0;0
org.gjt.sp.jedit.search.HyperSearchResult.run();org.gjt.sp.jedit.textarea.JEditTextArea;0;0;0;0;0;0;0;0
org.gjt.sp.jedit.menu.RecentDirectoriesProvider.actionPerformed(java.awt.event.ActionEvent);org.gjt.sp.jedit.View;0;0;0;0;0;0;0;0
org.gjt.sp.jedit.browser.VFSFileChooserDialog.filesSelected(org.gjt.sp.jedit.browser.VFSBrowser, org.gjt.sp.jedit.io.VFSFile[]);org.gjt.sp.jedit.MiscUtilities;0;0;0;0;0;0;0;0
org.gjt.sp.jedit.search.HyperSearchResult.bufferOpened();org.gjt.sp.jedit.buffer.JEditBuffer;0;0;0;0;0;0;0;0
org.gjt.sp.jedit.gui.MarkerViewer.updateSelection();org.gjt.sp.jedit.buffer.JEditBuffer;0;0;0;0;0;0;0;0
org.gjt.sp.jedit.textarea.MouseHandler.doDoubleDrag(java.awt.event.MouseEvent);org.gjt.sp.jedit.TextUtilities;0;0;0;0;0;0;0;0
org.gjt.sp.jedit.PluginJAR.write(java.io.DataOutputStream);org.gjt.sp.jedit.jEdit;0;0;0;0;0;0;0;0
org.gjt.sp.jedit.search.SearchDialog.createFindLabelAndField(java.awt.GridBagConstraints, javax.swing.JPanel);org.gjt.sp.jedit.jEdit;0;0;0;0;0;0;0;0
org.gjt.sp.jedit.help.HelpIndex.indexEditorHelp();org.gjt.sp.jedit.jEdit;0;0;0;0;0;0;0;0
org.gjt.sp.jedit.syntax.Chunk.xToOffset(boolean, float);org.gjt.sp.jedit.syntax.Token;0;0;0;0;0;0;0;0
org.gjt.sp.jedit.View.windowActivated(java.awt.event.WindowEvent);org.gjt.sp.jedit.jEdit;0;0;0;0;0;0;0;0
org.gjt.sp.jedit.gui.EnhancedButton.mouseEntered(java.awt.event.MouseEvent);org.gjt.sp.jedit.GUIUtilities;0;0;4;1.0;1.0;6;26;395
bsh.Parser.TypedVariableDeclaration();bsh.Modifiers;0;0;0;0;0;0;0;0
org.gjt.sp.jedit.textarea.DisplayManager.hideLineRange(int, int);org.gjt.sp.jedit.textarea.FirstLine;0;0;0;0;0;0;0;0
bsh.Parser.PrimarySuffix();bsh.BSHPrimarySuffix;2;10;3;0.9773242630385488;0.935483870967742;88;6765;73
bsh.BshMethod.hasModifier(java.lang.String);bsh.Modifiers;0;0;0;0;0;0;0;0
org.gjt.sp.jedit.gui.AddAbbrevDialog.actionPerformed(java.awt.event.ActionEvent);org.gjt.sp.jedit.Buffer;0;2;5;0.8666666666666667;1.0;22;61;1466
bsh.Parser.EqualityExpression();bsh.BSHBinaryExpression;1;8;3;0.9814814814814815;0.9444444444444444;44;6765;55
bsh.BSHEnhancedForStatement.eval(bsh.CallStack, bsh.Interpreter);bsh.UtilEvalError;0;0;0;0;0;0;0;0
org.gjt.sp.jedit.gui.DockablePanel.getPreferredSize();org.gjt.sp.jedit.gui.DockableWindowManager;0;0;0;0;0;0;0;0
org.gjt.sp.jedit.options.AbbrevsOptionPane.actionPerformed(java.awt.event.ActionEvent);org.gjt.sp.jedit.GUIUtilities;0;0;0;0;0;0;0;0
org.gjt.sp.jedit.textarea.JEditTextArea.invertSelection();org.gjt.sp.jedit.textarea.SelectionManager;0;0;0;0;0;0;0;0
org.objectweb.asm.CodeWriter.visitTryCatchBlock(java.lang.String, org.objectweb.asm.Label, org.objectweb.asm.Label, org.objectweb.asm.Label);org.objectweb.asm.ClassWriter;0;0;0;0;0;0;0;0
org.gjt.sp.jedit.textarea.Selection.getStartColumn(org.gjt.sp.jedit.buffer.JEditBuffer);org.gjt.sp.jedit.buffer.JEditBuffer;0;0;0;0;0;0;0;0
org.gjt.sp.jedit.gui.StatusBar.run();org.gjt.sp.jedit.jEdit;1;2;2;0.9393939393939394;1.0;13;281;1507
org.gjt.sp.jedit.gui.LogViewer.removeNotify();org.gjt.sp.jedit.EditBus;0;0;0;0;0;0;0;0
org.objectweb.asm.CodeWriter.visitTryCatchBlock(java.lang.String, org.objectweb.asm.Label, org.objectweb.asm.Label, org.objectweb.asm.Label);org.objectweb.asm.ByteVector;0;0;0;0;0;0;0;0
org.gjt.sp.jedit.options.MouseOptionPane._init();org.gjt.sp.jedit.AbstractOptionPane;0;0;0;0;0;0;0;0
org.gjt.sp.jedit.search.HyperSearchFileNode.equals(java.lang.Object);org.gjt.sp.jedit.MiscUtilities;0;0;0;0;0;0;0;0
org.gjt.sp.jedit.browser.VFSDirectoryEntryTable.processKeyEvent(java.awt.event.KeyEvent);org.gjt.sp.jedit.browser.VFSDirectoryEntryTableModel;0;0;0;0;0;0;0;0
org.gjt.sp.jedit.textarea.MouseHandler.doDoubleClick();org.gjt.sp.jedit.textarea.JEditTextArea;0;0;0;0;0;0;0;0
org.gjt.sp.jedit.EditPlugin.createBrowserMenuItems();org.gjt.sp.jedit.browser.VFSBrowser;0;0;0;0;0;0;0;0
bsh.BSHMethodDeclaration.eval(bsh.CallStack, bsh.Interpreter);bsh.UtilEvalError;0;0;0;0;0;0;0;0
org.gjt.sp.jedit.buffer.JEditBuffer.contentInserted(int, int, org.gjt.sp.util.IntegerArray);org.gjt.sp.util.IntegerArray;0;0;0;0;0;0;0;0
org.gjt.sp.jedit.textarea.DisplayManager.collapseFold(int);org.gjt.sp.jedit.buffer.JEditBuffer;0;0;0;0;0;0;0;0
gnu.regexp.RE.dump(java.lang.StringBuffer);gnu.regexp.REToken;2;0;1;1.0;0.7142857142857143;6;609;30
org.gjt.sp.jedit.gui.JCheckBoxList.getCheckedValues();org.gjt.sp.jedit.gui.CheckBoxListModel;1;2;1;0.8571428571428572;0.9375;11;58;55
org.gjt.sp.jedit.textarea.JEditTextArea.setSelection(org.gjt.sp.jedit.textarea.Selection[]);org.gjt.sp.jedit.textarea.SelectionManager;0;0;0;0;0;0;0;0
org.gjt.sp.jedit.gui.CloseDialog.actionPerformed(java.awt.event.ActionEvent);org.gjt.sp.jedit.jEdit;1;9;3;0.6086956521739131;1.0;50;120;1507
bsh.BSHEnhancedForStatement.eval(bsh.CallStack, bsh.Interpreter);bsh.ReturnControl;0;0;0;0;0;0;0;0
bsh.Parser.ClassDeclaration();bsh.Token;0;0;0;0;0;0;0;0
org.gjt.sp.jedit.pluginmgr.PluginList.getInstalledVersion();org.gjt.sp.jedit.EditPlugin;0;0;0;0;0;0;0;0
com.loomcom.ant.tasks.jarbundler.JarBundler.setSignature(java.lang.String);com.loomcom.ant.tasks.jarbundler.AppBundleProperties;0;0;0;0;0;0;0;0
gnu.regexp.RETokenOneOf.match(gnu.regexp.CharIndexed, gnu.regexp.REMatch);gnu.regexp.REMatch;3;2;2;0.8571428571428572;0.8888888888888888;42;69;95
org.gjt.sp.jedit.browser.VFSFileNameField.doComplete(boolean, java.lang.String, java.lang.String);org.gjt.sp.jedit.io.VFSFile;0;0;0;0;0;0;0;0
org.gjt.sp.jedit.options.BrowserColorsOptionPane.actionPerformed(java.awt.event.ActionEvent);org.gjt.sp.jedit.options.BrowserColorsModel;2;4;1;0.6923076923076923;0.9;11;62;94
bsh.Parser.AmbiguousName();bsh.Token;1;4;3;0.9907834101382489;0.9444444444444444;33;6765;9
org.gjt.sp.jedit.gui.DockableWindowManager.run();org.gjt.sp.jedit.gui.PanelWindowContainer;0;0;0;0;0;0;0;0
org.gjt.sp.jedit.gui.DockableWindowFactory.loadDockableWindows(java.net.URL, org.gjt.sp.jedit.PluginJAR, org.gjt.sp.jedit.PluginJAR.PluginCacheEntry);com.microstar.xml.XmlException;0;0;0;0;0;0;0;0
gnu.regexp.REFilterReader.read();gnu.regexp.CharIndexedReader;3;4;3;0.8095238095238095;0.875;23;46;95
org.gjt.sp.jedit.Buffer.save(boolean, java.lang.String, org.gjt.sp.jedit.View);org.gjt.sp.jedit.GUIUtilities;2;17;7;0.9084967320261438;1.0;71;1466;395
org.gjt.sp.jedit.gui.AddAbbrevDialog.actionPerformed(java.awt.event.ActionEvent);org.gjt.sp.jedit.View;1;2;5;0.8666666666666667;0.9841269841269842;22;61;530
org.gjt.sp.jedit.textarea.Selection.setText(java.lang.String, org.gjt.sp.jedit.buffer.JEditBuffer);org.gjt.sp.jedit.buffer.JEditBuffer;0;0;0;0;0;0;0;0
org.gjt.sp.jedit.gui.HistoryText.doForwardSearch();org.gjt.sp.jedit.gui.HistoryModel;0;0;0;0;0;0;0;0
org.gjt.sp.jedit.textarea.JEditTextArea.goToNextWord(boolean, boolean);org.gjt.sp.jedit.textarea.DisplayManager;0;0;0;0;0;0;0;0
bsh.Interpreter.getInterface(java.lang.Class);bsh.This;1;0;2;1.0;0.875;3;440;54
org.gjt.sp.jedit.gui.PanelWindowContainer.preferredLayoutSize(java.awt.Container);org.gjt.sp.jedit.gui.DockableWindowManager;0;1;1;0.9830508474576272;1.0;14;396;429
org.gjt.sp.jedit.textarea.JEditTextArea.invalidateSelectedLines();org.gjt.sp.jedit.textarea.SelectionManager;0;0;0;0;0;0;0;0
org.gjt.sp.jedit.options.AppearanceOptionPane._init();org.gjt.sp.jedit.AbstractOptionPane;2;7;3;0.6666666666666667;0.9666666666666667;36;62;78
org.gjt.sp.jedit.options.ToolBarOptionPane.actionPerformed(java.awt.event.ActionEvent);org.gjt.sp.jedit.options.ToolBarEditDialog;1;8;1;0.7241379310344828;0.9705882352941176;35;149;156
bsh.This.invokeMethod(boolean, bsh.CallStack, bsh.Interpreter, bsh.SimpleNode, java.lang.Object[], java.lang.String);bsh.Primitive;0;0;0;0;0;0;0;0
bsh.Parser.ReInit(java.io.InputStream);bsh.ParserTokenManager;1;4;3;0.9906542056074766;0.9830508474576272;10;6765;1621
org.gjt.sp.jedit.textarea.JEditTextArea.goToNextFold(boolean);org.gjt.sp.jedit.textarea.DisplayManager;0;0;0;0;0;0;0;0
org.gjt.sp.jedit.BufferHistory.doctypeDecl(java.lang.String, java.lang.String, java.lang.String);org.gjt.sp.util.Log;0;0;1;1.0;1.0;4;171;143
bsh.BSHMethodDeclaration.eval(bsh.CallStack, bsh.Interpreter);bsh.NameSpace;0;0;0;0;0;0;0;0
org.gjt.sp.jedit.menu.EnhancedMenuItem.mouseEntered(java.awt.event.MouseEvent);org.gjt.sp.jedit.gui.StatusBar;0;0;0;0;0;0;0;0
org.gjt.sp.jedit.EditAction.actionPerformed(java.awt.event.ActionEvent);org.gjt.sp.jedit.ActionContext;0;0;0;0;0;0;0;0
bsh.NameSpace.getCommand(bsh.Interpreter, java.lang.Class[], java.lang.String);bsh.Interpreter;0;0;0;0;0;0;0;0
org.objectweb.asm.CodeWriter.visitTryCatchBlock(java.lang.String, org.objectweb.asm.Label, org.objectweb.asm.Label, org.objectweb.asm.Label);org.objectweb.asm.Label;0;0;0;0;0;0;0;0
org.gjt.sp.jedit.gui.DockableWindowManager.getDockableTitle(java.lang.String);org.gjt.sp.jedit.jEdit;0;0;0;0;0;0;0;0
org.gjt.sp.jedit.Buffer.insertFile(java.lang.String, org.gjt.sp.jedit.View);org.gjt.sp.jedit.MiscUtilities;0;8;8;0.9513888888888888;1.0;30;1466;491
org.gjt.sp.jedit.search.SearchDialog.synchronizeMultiFileSettings();org.gjt.sp.jedit.View;0;0;0;0;0;0;0;0
org.gjt.sp.jedit.Buffer.removeMarker(int);org.gjt.sp.jedit.buffer.JEditBuffer;0;0;0;0;0;0;0;0
org.gjt.sp.jedit.Autosave.actionPerformed(java.awt.event.ActionEvent);org.gjt.sp.jedit.jEdit;0;0;2;1.0;1.0;5;25;1507
bsh.Name.invokeLocalMethod(bsh.CallStack, bsh.Interpreter, bsh.SimpleNode, java.lang.Object[]);bsh.NameSpace;0;0;0;0;0;0;0;0
org.gjt.sp.jedit.syntax.Chunk.init(float, java.awt.font.FontRenderContext, javax.swing.text.Segment, javax.swing.text.TabExpander);org.gjt.sp.jedit.syntax.SyntaxStyle;0;0;0;0;0;0;0;0
org.gjt.sp.jedit.gui.ActionBar.actionPerformed(java.awt.event.ActionEvent);org.gjt.sp.jedit.View;0;0;0;0;0;0;0;0
bsh.BSHForStatement.eval(bsh.CallStack, bsh.Interpreter);bsh.Primitive;0;3;5;0.8;1.0;39;42;451
org.gjt.sp.jedit.Buffer.propertiesChanged();org.gjt.sp.util.Log;0;5;4;0.9640287769784173;1.0;13;1466;143
bsh.ParserTokenManager.jjMoveStringLiteralDfa13_0(long, long, long, long);bsh.JavaCharStream;0;0;0;0;0;0;0;0
gnu.regexp.RETokenOneOf.match(gnu.regexp.CharIndexed, gnu.regexp.REMatch);gnu.regexp.REToken;2;2;2;0.8571428571428572;0.9333333333333333;42;69;30
org.gjt.sp.jedit.textarea.JEditTextArea.processKeyEvent(java.awt.event.KeyEvent);org.gjt.sp.jedit.View;2;0;2;1.0;0.96875;22;2931;530
org.gjt.sp.jedit.Buffer.finishLoading();org.gjt.sp.jedit.Marker;0;0;0;0;0;0;0;0
org.gjt.sp.jedit.gui.MarkerViewer.handleMessage(org.gjt.sp.jedit.EBMessage);org.gjt.sp.jedit.msg.BufferUpdate;0;0;0;0;0;0;0;0
org.gjt.sp.jedit.options.ContextOptionPane._init();org.gjt.sp.jedit.jEdit;0;7;2;0.7878787878787878;1.0;46;116;1507
org.gjt.sp.jedit.syntax.DisplayTokenHandler.handleToken(byte, int, int, javax.swing.text.Segment, org.gjt.sp.jedit.syntax.TokenMarker.LineContext);org.gjt.sp.jedit.syntax.Chunk;0;0;0;0;0;0;0;0
org.gjt.sp.jedit.browser.BrowserView.getListCellRendererComponent(boolean, boolean, int, java.lang.Object, javax.swing.JList);org.gjt.sp.jedit.jEdit;0;3;3;0.9347826086956522;1.0;15;404;1507
org.gjt.sp.jedit.help.HelpViewer.actionPerformed(java.awt.event.ActionEvent);org.gjt.sp.jedit.help.HelpHistoryModel;0;0;0;0;0;0;0;0
macos.MacOSPlugin.osok();org.gjt.sp.util.Log;0;0;0;0;0;0;0;0
org.gjt.sp.jedit.jEdit.run();org.gjt.sp.jedit.buffer.JEditBuffer;0;0;0;0;0;0;0;0
org.gjt.sp.jedit.pluginmgr.InstallPanel.deselectParents(org.gjt.sp.jedit.pluginmgr.InstallPanel.Entry);org.gjt.sp.jedit.GUIUtilities;0;0;0;0;0;0;0;0
QuickNotepad.copyToBuffer();org.gjt.sp.jedit.View;0;0;4;1.0;1.0;4;115;530
org.gjt.sp.jedit.View.handleMessage(org.gjt.sp.jedit.EBMessage);org.gjt.sp.jedit.search.SearchBar;1;3;1;0.9433962264150944;0.9473684210526316;8;530;178
org.gjt.sp.jedit.textarea.Gutter.removeExtension(org.gjt.sp.jedit.textarea.TextAreaExtension);org.gjt.sp.jedit.textarea.ExtensionManager;1;0;1;1.0;0.875;4;362;58
org.gjt.sp.jedit.menu.RecentFilesProvider.mouseExited(java.awt.event.MouseEvent);org.gjt.sp.jedit.gui.StatusBar;0;0;0;0;0;0;0;0
org.gjt.sp.jedit.help.HelpIndex.indexDirectory(java.lang.String);org.gjt.sp.jedit.io.VFSManager;0;0;0;0;0;0;0;0
org.gjt.sp.jedit.buffer.JEditBuffer.getLineEndOffset(int);org.gjt.sp.jedit.buffer.LineManager;0;0;0;0;0;0;0;0
org.gjt.sp.jedit.browser.BrowserView.mouseClicked(java.awt.event.MouseEvent);org.gjt.sp.jedit.browser.VFSDirectoryEntryTableModel;0;0;0;0;0;0;0;0
org.gjt.sp.jedit.io.FavoritesVFS._delete(java.awt.Component, java.lang.Object, java.lang.String);org.gjt.sp.jedit.io.VFSFile;0;0;0;0;0;0;0;0
org.gjt.sp.jedit.pluginmgr.Roster.download(java.lang.String, java.lang.String, org.gjt.sp.jedit.pluginmgr.PluginManagerProgress);org.gjt.sp.jedit.MiscUtilities;0;1;2;1.0;1.0;7;137;491
org.gjt.sp.jedit.buffer.BufferIORequest.autodetect(java.io.InputStream);org.gjt.sp.jedit.buffer.JEditBuffer;0;0;0;0;0;0;0;0
bsh.BSHTryStatement.eval(bsh.CallStack, bsh.Interpreter);bsh.Types;0;0;0;0;0;0;0;0
org.gjt.sp.jedit.browser.VFSBrowser.mkdir();org.gjt.sp.jedit.io.VFSFile;0;0;0;0;0;0;0;0
org.gjt.sp.jedit.textarea.ChunkCache.getAbovePosition(boolean, int, int, int);org.gjt.sp.jedit.textarea.JEditTextArea;0;0;0;0;0;0;0;0
bsh.Parser.BreakStatement();bsh.JJTParserState;2;7;2;0.9837962962962963;0.9642857142857143;28;6765;74
org.objectweb.asm.CodeWriter.init(int, java.lang.String, java.lang.String, java.lang.String[]);org.objectweb.asm.ClassWriter;0;0;0;0;0;0;0;0
org.gjt.sp.jedit.search.SearchBar.find(boolean);org.gjt.sp.jedit.gui.HistoryTextField;1;3;8;0.9393939393939394;0.9772727272727273;33;178;249
org.gjt.sp.jedit.Buffer.getContextSensitiveProperty(int, java.lang.String);org.gjt.sp.jedit.jEdit;0;0;0;0;0;0;0;0
org.gjt.sp.jedit.Buffer.removeAllMarkers();org.gjt.sp.jedit.EditBus;0;3;4;0.9788732394366197;1.0;6;1466;72
org.gjt.sp.jedit.browser.VFSBrowser.delete(org.gjt.sp.jedit.io.VFSFile[]);org.gjt.sp.jedit.GUIUtilities;0;0;0;0;0;0;0;0
org.gjt.sp.jedit.Buffer.toggleWordWrap(org.gjt.sp.jedit.View);org.gjt.sp.jedit.gui.StatusBar;0;0;0;0;0;0;0;0
org.gjt.sp.jedit.textarea.JEditTextArea.goToBufferEnd(boolean);org.gjt.sp.jedit.textarea.DisplayManager;0;0;0;0;0;0;0;0
org.gjt.sp.jedit.browser.BrowserView.mouseClicked(java.awt.event.MouseEvent);org.gjt.sp.jedit.browser.VFSBrowser;1;3;1;0.9333333333333333;0.9846153846153847;11;404;675
org.gjt.sp.jedit.gui.TextAreaDialog.init(java.lang.String, java.lang.String, javax.swing.Icon);org.gjt.sp.jedit.jEdit;0;0;0;0;0;0;0;0
org.gjt.sp.jedit.textarea.Anchor.preContentRemoved(int, int);org.gjt.sp.jedit.textarea.DisplayManager;0;0;0;0;0;0;0;0
org.gjt.sp.jedit.pluginmgr.PluginList.getInstalledVersion();org.gjt.sp.jedit.MiscUtilities;0;0;0;0;0;0;0;0
org.gjt.sp.jedit.textarea.DisplayManager.bufferLoaded();org.gjt.sp.jedit.textarea.ScreenLineManager;0;0;0;0;0;0;0;0
org.gjt.sp.jedit.Buffer.getMarkerNameString();org.gjt.sp.jedit.Marker;0;0;0;0;0;0;0;0
org.gjt.sp.jedit.gui.FontSelectorDialog.init(java.awt.Font);org.gjt.sp.jedit.gui.FontSelector;0;0;0;0;0;0;0;0
org.gjt.sp.jedit.browser.VFSBrowser.filesActivated(boolean, int);org.gjt.sp.jedit.jEdit;0;0;0;0;0;0;0;0
org.objectweb.asm.CodeWriter.visitLocalVariable(int, java.lang.String, java.lang.String, org.objectweb.asm.Label, org.objectweb.asm.Label);org.objectweb.asm.ClassWriter;0;0;0;0;0;0;0;0
org.gjt.sp.jedit.textarea.MouseHandler.doDoubleClick();org.gjt.sp.jedit.buffer.JEditBuffer;0;0;0;0;0;0;0;0
org.gjt.sp.jedit.help.HelpTOCPanel.load();org.gjt.sp.jedit.io.VFSManager;0;0;0;0;0;0;0;0
bsh.Name.toClass();bsh.NameSpace;1;5;1;0.8;0.9818181818181818;16;291;421
org.gjt.sp.jedit.Buffer.toggleWordWrap(org.gjt.sp.jedit.View);org.gjt.sp.jedit.View;0;0;0;0;0;0;0;0
org.gjt.sp.jedit.browser.FileCellRenderer.getTableCellRendererComponent(boolean, boolean, int, int, java.lang.Object, javax.swing.JTable);org.gjt.sp.jedit.browser.VFSDirectoryEntryTableModel;0;0;0;0;0;0;0;0
bsh.BSHAllocationExpression.constructWithInterfaceBody(bsh.BSHBlock, bsh.CallStack, bsh.Interpreter, java.lang.Class, java.lang.Object[]);bsh.BSHBlock;0;0;0;0;0;0;0;0
org.gjt.sp.jedit.gui.MarkerViewer.actionPerformed(java.awt.event.ActionEvent);org.gjt.sp.jedit.EditPane;0;0;0;0;0;0;0;0
org.gjt.sp.jedit.textarea.JEditTextArea.updateStructureHighlight();org.gjt.sp.jedit.textarea.ChunkCache;0;0;0;0;0;0;0;0
bsh.BSHWhileStatement.eval(bsh.CallStack, bsh.Interpreter);bsh.ReturnControl;1;1;4;0.9;0.9;32;35;4
org.gjt.sp.jedit.Buffer.addMarker(char, int);org.gjt.sp.jedit.Marker;3;3;4;0.9794520547945206;0.7857142857142857;28;1466;26
org.gjt.sp.jedit.EditPane.swapMarkerAndCaret(char);org.gjt.sp.jedit.textarea.JEditTextArea;0;0;0;0;0;0;0;0
org.gjt.sp.jedit.SettingsReloader.maybeReload(java.lang.String);org.gjt.sp.jedit.Macros;0;0;3;1.0;1.0;18;24;333
org.gjt.sp.jedit.textarea.JEditTextArea.finishCaretUpdate(boolean, int, int);org.gjt.sp.jedit.textarea.FastRepaintManager;0;0;0;0;0;0;0;0
org.gjt.sp.jedit.browser.BrowserIORequest.mkdir();org.gjt.sp.jedit.io.VFSManager;1;2;4;0.8947368421052632;1.0;26;160;120
org.gjt.sp.jedit.options.TextAreaOptionPane._init();org.gjt.sp.jedit.jEdit;0;11;2;0.3529411764705882;1.0;37;54;1507
org.gjt.sp.jedit.browser.VFSBrowser.maybeReloadDirectory(java.lang.String);org.gjt.sp.jedit.browser.BrowserView;0;0;0;0;0;0;0;0
org.gjt.sp.jedit.Buffer.finishSaving(boolean, boolean, java.lang.String, java.lang.String, java.lang.String, org.gjt.sp.jedit.View);org.gjt.sp.jedit.jEdit;0;0;0;0;0;0;0;0
org.gjt.sp.jedit.gui.HistoryText.showPopupMenu(int, int, java.lang.String);org.gjt.sp.jedit.jEdit;0;0;0;0;0;0;0;0
org.gjt.sp.jedit.gui.LogViewer.addNotify();org.gjt.sp.jedit.EditBus;0;0;0;0;0;0;0;0
org.gjt.sp.jedit.PluginJAR.actionsPresentButNotCoreClass();org.gjt.sp.util.Log;0;0;0;0;0;0;0;0
org.gjt.sp.jedit.buffer.JEditBuffer.remove(int, int);org.gjt.sp.jedit.buffer.PositionManager;0;0;0;0;0;0;0;0
org.gjt.sp.jedit.textarea.BufferHandler.contentInserted(int, int, int, int, org.gjt.sp.jedit.buffer.JEditBuffer);org.gjt.sp.jedit.textarea.RangeMap;0;0;0;0;0;0;0;0
org.gjt.sp.jedit.options.StyleTableModel.addStyleChoice(java.lang.String, java.lang.String);org.gjt.sp.jedit.GUIUtilities;1;1;2;0.9230769230769231;1.0;3;84;395
org.gjt.sp.jedit.proto.jeditresource.Handler.openConnection(java.net.URL);org.gjt.sp.jedit.proto.jeditresource.PluginResURLConnection;1;0;1;1.0;0.8333333333333334;5;5;54
org.gjt.sp.jedit.textarea.JEditTextArea.insertEnterAndIndent();org.gjt.sp.jedit.buffer.JEditBuffer;0;0;0;0;0;0;0;0
org.gjt.sp.jedit.gui.InputHandler.invokeAction(org.gjt.sp.jedit.EditAction);org.gjt.sp.jedit.gui.HistoryModel;0;0;0;0;0;0;0;0
org.gjt.sp.jedit.buffer.BufferIORequest.read(boolean, java.io.Reader, long);org.gjt.sp.util.WorkRequest;0;0;0;0;0;0;0;0
org.gjt.sp.jedit.gui.OptionsDialog.getChildCount(java.lang.Object);org.gjt.sp.jedit.OptionGroup;1;0;1;1.0;0.8888888888888888;8;289;45
macos.menu.ShowRecentDirMenu.construct();org.gjt.sp.jedit.gui.HistoryModel;0;0;0;0;0;0;0;0
org.gjt.sp.jedit.search.SearchBar.insertUpdate(javax.swing.event.DocumentEvent);org.gjt.sp.jedit.View;1;2;3;0.9545454545454546;0.9827586206896551;10;178;530
org.objectweb.asm.ClassWriter.newLong(long);org.objectweb.asm.Item;0;0;0;0;0;0;0;0
bsh.Parser.ConditionalOrExpression();bsh.BSHBinaryExpression;1;8;3;0.9814814814814815;0.9444444444444444;44;6765;55
bsh.Interpreter.eval(bsh.NameSpace, java.io.Reader, java.lang.String);bsh.JJTParserState;3;6;8;0.9;0.9117647058823529;58;440;74
org.gjt.sp.jedit.textarea.DisplayManager.setFirstPhysicalLine(int, int);org.gjt.sp.jedit.textarea.ChunkCache;0;0;0;0;0;0;0;0
org.gjt.sp.jedit.textarea.JEditTextArea.getFirstLine();org.gjt.sp.jedit.textarea.DisplayManager;0;0;0;0;0;0;0;0
org.gjt.sp.jedit.textarea.SelectionManager.getSelectionStartAndEnd(int, int, org.gjt.sp.jedit.textarea.Selection);org.gjt.sp.jedit.textarea.JEditTextArea;0;0;0;0;0;0;0;0
org.gjt.sp.jedit.gui.AddAbbrevDialog.actionPerformed(java.awt.event.ActionEvent);org.gjt.sp.jedit.Mode;1;2;5;0.8666666666666667;0.9565217391304348;22;61;85
bsh.Parser.SwitchLabel();bsh.JJTParserState;4;8;2;0.9815668202764977;0.896551724137931;55;6765;74
bsh.Parser.ReInit(java.io.Reader);bsh.JJTParserState;1;4;3;0.9906542056074766;0.9523809523809523;10;6765;74
bsh.ParserTokenManager.jjMoveStringLiteralDfa24_0(long, long);bsh.JavaCharStream;0;0;0;0;0;0;0;0
org.gjt.sp.jedit.gui.AboutDialog.paintComponent(java.awt.Graphics);org.gjt.sp.jedit.jEdit;1;3;1;0.8571428571428572;1.0;20;93;1507
org.gjt.sp.jedit.gui.StatusBar.mousePressed(java.awt.event.MouseEvent);org.gjt.sp.jedit.jEdit;0;0;0;0;0;0;0;0
org.gjt.sp.jedit.options.EditingOptionPane._init();org.gjt.sp.jedit.buffer.FoldHandler;0;12;4;0.4545454545454546;1.0;49;66;34
org.gjt.sp.jedit.PluginJAR.uninit(boolean);org.gjt.sp.jedit.JARClassLoader;0;0;0;0;0;0;0;0
bsh.TargetError.printTargetError(java.lang.Throwable);bsh.Capabilities;0;2;1;0.8;1.0;5;50;27
macos.menu.MacOSMenu.actionPerformed(java.awt.event.ActionEvent);macos.MacOSActions;0;0;0;0;0;0;0;0
org.gjt.sp.jedit.help.HelpViewer.historyUpdated();org.gjt.sp.jedit.help.HelpHistoryModel;0;0;0;0;0;0;0;0
org.gjt.sp.jedit.syntax.XModeHandler.reset();org.gjt.sp.jedit.syntax.Token;0;0;0;0;0;0;0;0
org.gjt.sp.jedit.Buffer.removeMarker(int);org.gjt.sp.jedit.EditBus;0;4;4;0.972027972027972;1.0;12;1466;72
org.gjt.sp.jedit.gui.EnhancedButton.mouseExited(java.awt.event.MouseEvent);org.gjt.sp.jedit.View;0;0;3;1.0;1.0;3;26;530
org.gjt.sp.jedit.gui.InputHandler.setRepeatCount(int);org.gjt.sp.jedit.View;0;2;2;0.8666666666666667;1.0;6;141;530
org.gjt.sp.jedit.PluginJAR.checkDependencies();org.gjt.sp.jedit.JARClassLoader;0;0;0;0;0;0;0;0
org.gjt.sp.jedit.gui.HistoryTextField.processMouseEvent(java.awt.event.MouseEvent);org.gjt.sp.jedit.GUIUtilities;0;1;1;1.0;1.0;21;249;395
org.gjt.sp.jedit.browser.VFSBrowser.delete(org.gjt.sp.jedit.io.VFSFile[]);org.gjt.sp.jedit.browser.BrowserIORequest;0;0;0;0;0;0;0;0
org.gjt.sp.jedit.textarea.TextAreaTransferHandler.importText(java.awt.datatransfer.Transferable, javax.swing.JComponent);org.gjt.sp.jedit.io.VFSManager;0;0;0;0;0;0;0;0
org.gjt.sp.jedit.browser.VFSBrowser.locateFile(java.lang.String);org.gjt.sp.jedit.browser.BrowserView;0;0;0;0;0;0;0;0
org.gjt.sp.jedit.io.FavoritesVFS.getExtendedAttribute(java.lang.String);org.gjt.sp.jedit.io.VFSFile;0;0;0;0;0;0;0;0
org.gjt.sp.jedit.textarea.DisplayManager.narrow(int, int);org.gjt.sp.jedit.textarea.JEditTextArea;0;0;0;0;0;0;0;0
org.gjt.sp.jedit.options.GlobalOptions.createOptionTreeModel();org.gjt.sp.jedit.OptionGroup;0;0;0;0;0;0;0;0
bsh.BSHVariableDeclarator.eval(bsh.BSHType, bsh.CallStack, bsh.Interpreter);bsh.BSHType;2;0;4;1.0;0.8;9;12;35
macos.Delegate.createMenu(java.util.Vector, macos.NSMenu);org.gjt.sp.jedit.EditAction;0;0;0;0;0;0;0;0
bsh.Parser.jjtreeOpenNodeScope(bsh.Node);bsh.SimpleNode;0;1;1;0.9976470588235294;1.0;3;6765;79
org.gjt.sp.jedit.syntax.DisplayTokenHandler.canMerge(javax.swing.text.Segment, org.gjt.sp.jedit.syntax.Chunk, org.gjt.sp.jedit.syntax.Chunk);org.gjt.sp.jedit.syntax.Token;0;0;0;0;0;0;0;0
org.gjt.sp.jedit.PluginJAR.init();org.gjt.sp.jedit.jEdit;0;0;0;0;0;0;0;0
org.gjt.sp.jedit.gui.DockablePanel.mousePressed(java.awt.event.MouseEvent);org.gjt.sp.jedit.gui.DockableWindowManager;0;0;0;0;0;0;0;0
org.gjt.sp.jedit.gui.FloatingWindowContainer.show(org.gjt.sp.jedit.gui.DockableWindowManager.Entry);org.gjt.sp.jedit.gui.DockableWindowManager;0;0;0;0;0;0;0;0
org.gjt.sp.jedit.options.SaveBackupOptionPane._init();org.gjt.sp.jedit.AbstractOptionPane;0;0;0;0;0;0;0;0
org.objectweb.asm.ClassWriter.newField(java.lang.String, java.lang.String, java.lang.String);org.objectweb.asm.Item;0;0;0;0;0;0;0;0
org.gjt.sp.jedit.textarea.JEditTextArea.goToFirstVisibleLine(boolean);org.gjt.sp.jedit.textarea.DisplayManager;0;0;0;0;0;0;0;0
org.gjt.sp.jedit.gui.RegisterViewer.updateSelected();org.gjt.sp.jedit.Registers;0;0;0;0;0;0;0;0
org.gjt.sp.jedit.browser.VFSBrowser.createPluginsMenu(boolean, javax.swing.JComponent);org.gjt.sp.jedit.io.VFS;0;0;0;0;0;0;0;0
org.gjt.sp.jedit.Buffer.addBufferChangeListener(org.gjt.sp.jedit.buffer.BufferChangeListener);org.gjt.sp.jedit.buffer.JEditBuffer;0;0;0;0;0;0;0;0
org.gjt.sp.jedit.textarea.FirstLine.physDown(int, int);org.gjt.sp.util.Log;0;0;0;0;0;0;0;0
org.gjt.sp.jedit.textarea.TextAreaTransferHandler.importFile(java.awt.datatransfer.Transferable, javax.swing.JComponent);org.gjt.sp.jedit.EditPane;0;0;0;0;0;0;0;0
bsh.Parser.UnaryExpression();bsh.BSHUnaryExpression;1;11;3;0.9758241758241758;0.9782608695652174;70;6765;42
org.gjt.sp.jedit.textarea.RangeMap.dump();org.gjt.sp.util.Log;0;0;0;0;0;0;0;0
bsh.BSHUnaryExpression.primitiveWrapperUnaryOperation(int, java.lang.Object);bsh.Primitive;5;0;1;1.0;1.0;18;42;451
org.gjt.sp.jedit.EditPane.addMarker();org.gjt.sp.jedit.textarea.Selection;0;0;0;0;0;0;0;0
org.gjt.sp.jedit.PluginJAR.activatePlugin();org.gjt.sp.util.Log;0;0;0;0;0;0;0;0
org.gjt.sp.jedit.textarea.JEditTextArea.getScreenLineEndOffset(int);org.gjt.sp.jedit.textarea.ChunkCache;5;0;2;1.0;0.8529411764705882;6;2931;425
org.gjt.sp.jedit.print.BufferPrintable.paintHeader(boolean, double, double, double, java.awt.Graphics2D);org.gjt.sp.jedit.jEdit;0;0;0;0;0;0;0;0
org.gjt.sp.jedit.textarea.MouseHandler.mouseDragged(java.awt.event.MouseEvent);org.gjt.sp.jedit.GUIUtilities;0;0;0;0;0;0;0;0
org.gjt.sp.jedit.gui.FilesChangedDialog.valueChanged(javax.swing.event.TreeSelectionEvent);org.gjt.sp.jedit.jEdit;0;0;0;0;0;0;0;0
org.gjt.sp.jedit.textarea.JEditTextArea.addExplicitFold();org.gjt.sp.jedit.GUIUtilities;1;5;4;0.9895833333333334;1.0;49;2931;395
org.gjt.sp.jedit.menu.MarkersProvider.actionPerformed(java.awt.event.ActionEvent);org.gjt.sp.jedit.View;0;0;0;0;0;0;0;0
org.gjt.sp.jedit.textarea.DisplayManager.setFirstLine(int, int);org.gjt.sp.jedit.textarea.ChunkCache;0;0;0;0;0;0;0;0
org.gjt.sp.jedit.help.HelpViewer.propertyChange(java.beans.PropertyChangeEvent);org.gjt.sp.jedit.MiscUtilities;0;0;0;0;0;0;0;0
bsh.TargetError.xPrintTargetError(java.lang.Throwable);bsh.EvalError;1;0;2;1.0;0.9166666666666666;11;50;55
org.gjt.sp.jedit.pluginmgr.PluginManager.updatePluginList();com.microstar.xml.XmlException;0;0;0;0;0;0;0;0
org.gjt.sp.jedit.search.DirectoryListSet.run();org.gjt.sp.jedit.io.VFS;0;0;0;0;0;0;0;0
org.gjt.sp.jedit.textarea.JEditTextArea.propertiesChanged();org.gjt.sp.jedit.textarea.TextAreaPainter;1;9;3;0.9681978798586572;0.987012987012987;37;2931;363
org.gjt.sp.jedit.JARClassLoader.getResourceAsPath(java.lang.String);org.gjt.sp.jedit.MiscUtilities;0;2;2;0.8571428571428572;1.0;5;236;491
org.gjt.sp.jedit.gui.ActionBar.passToView(java.awt.event.KeyEvent);org.gjt.sp.jedit.gui.InputHandler;0;0;0;0;0;0;0;0
org.objectweb.asm.Label.put(boolean, int, org.objectweb.asm.ByteVector, org.objectweb.asm.CodeWriter);org.objectweb.asm.ByteVector;0;0;0;0;0;0;0;0
org.gjt.sp.jedit.buffer.LineManager.moveGap(int, int, java.lang.String);org.gjt.sp.util.Log;0;0;0;0;0;0;0;0
org.gjt.sp.jedit.textarea.TextAreaTransferHandler.run();org.gjt.sp.jedit.textarea.JEditTextArea;0;0;0;0;0;0;0;0
QuickNotepad.saveFile();org.gjt.sp.util.Log;0;1;1;0.9444444444444444;1.0;11;115;143
org.gjt.sp.jedit.GUIUtilities.componentMoved(java.awt.event.ComponentEvent);org.gjt.sp.util.Log;0;0;0;0;0;0;0;0
bsh.BSHAssignment.eval(bsh.CallStack, bsh.Interpreter);bsh.SimpleNode;2;2;5;0.9736842105263158;0.9622641509433962;46;61;79
org.gjt.sp.jedit.jEdit.error(java.lang.Object, java.lang.String);org.gjt.sp.jedit.GUIUtilities;0;0;0;0;0;0;0;0
org.gjt.sp.jedit.search.SearchDialog.setSearchString(int, java.lang.String);org.gjt.sp.jedit.gui.HistoryTextField;1;6;2;0.8421052631578947;0.9722222222222222;28;416;249
org.gjt.sp.jedit.Registers.toString();org.gjt.sp.util.Log;0;1;1;0.9375;1.0;3;115;143
org.gjt.sp.jedit.gui.FontSelectorDialog.paintComponent(java.awt.Graphics);org.gjt.sp.jedit.gui.FontSelector;0;0;0;0;0;0;0;0
org.gjt.sp.jedit.textarea.ChunkCache.subregionOffsetToX(int, org.gjt.sp.jedit.textarea.ChunkCache.LineInfo);org.gjt.sp.jedit.syntax.Chunk;0;0;0;0;0;0;0;0
org.gjt.sp.jedit.textarea.FirstLine.scrollDown(int);org.gjt.sp.util.Log;0;0;0;0;0;0;0;0
macos.menu.ShowRecentMenu.actionPerformed(java.awt.event.ActionEvent);macos.MacOSActions;0;0;0;0;0;0;0;0
bsh.Name.resolveThisFieldReference(boolean, bsh.CallStack, bsh.Interpreter, bsh.NameSpace, java.lang.String);bsh.NameSpace;6;3;2;0.8846153846153846;0.8909090909090909;39;291;421
org.gjt.sp.jedit.menu.FavoritesProvider.update(javax.swing.JMenu);org.gjt.sp.jedit.io.VFSFile;0;0;0;0;0;0;0;0
bsh.BSHFormalParameter.getTypeDescriptor(bsh.CallStack, bsh.Interpreter, java.lang.String);bsh.BSHType;0;0;0;0;0;0;0;0
org.gjt.sp.jedit.textarea.Gutter.getToolTipText(java.awt.event.MouseEvent);org.gjt.sp.jedit.buffer.JEditBuffer;0;0;0;0;0;0;0;0
org.gjt.sp.jedit.gui.HistoryTextArea.setInstantPopups(boolean);org.gjt.sp.jedit.gui.HistoryText;0;0;0;0;0;0;0;0
org.gjt.sp.jedit.EditPane.saveCaretInfo();org.gjt.sp.jedit.textarea.JEditTextArea;3;0;2;1.0;0.9889705882352942;5;245;2931
org.gjt.sp.jedit.browser.VFSBrowser.directoryLoaded(boolean, java.lang.Object, java.lang.Object[]);org.gjt.sp.jedit.io.VFSManager;0;0;0;0;0;0;0;0
org.gjt.sp.jedit.syntax.XModeHandler.attribute(boolean, java.lang.String, java.lang.String);org.gjt.sp.jedit.syntax.TokenMarker;0;0;0;0;0;0;0;0
org.gjt.sp.jedit.browser.VFSBrowser.mkdir();org.gjt.sp.jedit.MiscUtilities;0;0;0;0;0;0;0;0
org.gjt.sp.jedit.View.updateTitle();org.gjt.sp.jedit.jEdit;0;2;3;0.967741935483871;1.0;15;530;1507
org.objectweb.asm.ClassWriter.newFloat(float);org.objectweb.asm.Item;0;0;0;0;0;0;0;0
bsh.Name.toLHS(bsh.CallStack, bsh.Interpreter);bsh.Reflect;0;4;3;0.8421052631578947;1.0;31;291;413
org.gjt.sp.jedit.textarea.JEditTextArea.deleteToStartOfLine();org.gjt.sp.jedit.buffer.JEditBuffer;0;0;0;0;0;0;0;0
bsh.BSHPrimaryExpression.eval(boolean, bsh.CallStack, bsh.Interpreter);bsh.LHS;0;0;0;0;0;0;0;0
org.gjt.sp.jedit.EditPane.bracketSelected(int, java.lang.String, org.gjt.sp.jedit.textarea.JEditTextArea);org.gjt.sp.jedit.View;0;0;0;0;0;0;0;0
org.gjt.sp.jedit.buffer.BufferSaveRequest.run();org.gjt.sp.util.WorkRequest;0;0;0;0;0;0;0;0
org.gjt.sp.jedit.textarea.TextAreaPainter.setBounds(int, int, int, int);org.gjt.sp.jedit.buffer.JEditBuffer;0;0;0;0;0;0;0;0
org.gjt.sp.jedit.textarea.JEditTextArea.showGoToLineDialog();org.gjt.sp.jedit.GUIUtilities;1;2;1;0.9927272727272727;1.0;11;2931;395
bsh.BSHVariableDeclarator.eval(bsh.BSHType, bsh.CallStack, bsh.Interpreter);bsh.Primitive;0;0;4;1.0;1.0;9;12;451
org.gjt.sp.jedit.browser.VFSBrowser.run();org.gjt.sp.jedit.gui.HistoryTextField;2;5;5;0.927536231884058;0.95;32;675;249
macos.Delegate.handleOpenFile(org.gjt.sp.jedit.msg.ViewUpdate);org.gjt.sp.jedit.msg.ViewUpdate;0;0;0;0;0;0;0;0
bsh.BSHSwitchStatement.eval(bsh.CallStack, bsh.Interpreter);bsh.SimpleNode;3;0;4;1.0;0.875;35;38;79
org.gjt.sp.jedit.textarea.JEditTextArea.expandFold(boolean);org.gjt.sp.jedit.textarea.DisplayManager;0;0;0;0;0;0;0;0
org.gjt.sp.jedit.View.restoreSplitConfig(java.lang.String, org.gjt.sp.jedit.Buffer);org.gjt.sp.jedit.jEdit;0;2;1;0.967741935483871;1.0;25;530;1507
org.objectweb.asm.CodeWriter.visitTryCatchBlock(java.lang.String, org.objectweb.asm.Label, org.objectweb.asm.Label, org.objectweb.asm.Label);org.objectweb.asm.Item;0;0;0;0;0;0;0;0
org.gjt.sp.jedit.textarea.DisplayManager.invalidateScreenLineCounts();org.gjt.sp.jedit.textarea.ScreenLineManager;0;0;0;0;0;0;0;0
org.gjt.sp.jedit.search.SearchBar.removeUpdate(javax.swing.event.DocumentEvent);org.gjt.sp.jedit.textarea.Selection;1;3;3;0.9166666666666666;0.9375;18;178;59
org.gjt.sp.jedit.browser.VFSDirectoryEntryTable.setDirectory(java.lang.Object, java.util.ArrayList, java.util.Set, org.gjt.sp.jedit.io.VFS);org.gjt.sp.jedit.io.VFSFile;0;0;0;0;0;0;0;0
org.gjt.sp.jedit.gui.DefaultInputHandler.isPrefixActive();org.gjt.sp.jedit.gui.InputHandler;0;0;0;0;0;0;0;0
org.gjt.sp.jedit.buffer.KillRing.add(org.gjt.sp.jedit.buffer.UndoManager.Remove);org.gjt.sp.jedit.buffer.UndoManager;0;0;0;0;0;0;0;0
bsh.NameSpace.prune();bsh.BshClassManager;0;0;0;0;0;0;0;0
org.gjt.sp.jedit.gui.BufferSwitcher.updateBufferList();org.gjt.sp.jedit.EditPane;0;1;2;0.8333333333333334;1.0;7;26;245
org.gjt.sp.jedit.io.FileVFS.save(java.lang.String, org.gjt.sp.jedit.Buffer, org.gjt.sp.jedit.View);org.gjt.sp.jedit.OperatingSystem;0;0;5;1.0;1.0;17;214;24
bsh.BlockNameSpace.getNonBlockParent();bsh.NameSpace;0;0;0;0;0;0;0;0
org.gjt.sp.jedit.textarea.BufferHandler.foldHandlerChanged(org.gjt.sp.jedit.buffer.JEditBuffer);org.gjt.sp.jedit.textarea.DisplayManager;0;0;0;0;0;0;0;0
org.gjt.sp.jedit.options.AbbrevsModel.compare(java.lang.Object, java.lang.Object);org.gjt.sp.jedit.options.Abbrev;2;1;2;0.9411764705882353;0.6;14;90;6
org.gjt.sp.jedit.textarea.BufferHandler.transactionComplete(org.gjt.sp.jedit.buffer.JEditBuffer);org.gjt.sp.jedit.textarea.DisplayManager;0;0;0;0;0;0;0;0
org.gjt.sp.jedit.search.SearchDialog.load();org.gjt.sp.jedit.gui.HistoryTextField;0;0;0;0;0;0;0;0
org.gjt.sp.jedit.JARClassLoader.activate();org.gjt.sp.jedit.PluginJAR;0;0;0;0;0;0;0;0
org.gjt.sp.jedit.gui.DockableWindowManager.propertiesChanged();org.gjt.sp.jedit.jEdit;0;6;1;0.9130434782608696;1.0;30;429;1507
org.gjt.sp.jedit.PluginJAR.uninit(boolean);org.gjt.sp.jedit.ActionContext;0;0;0;0;0;0;0;0
org.gjt.sp.jedit.browser.BrowserView.maybeReloadDirectory(java.lang.String);org.gjt.sp.jedit.browser.VFSBrowser;1;3;4;0.9555555555555556;0.984375;9;404;675
org.gjt.sp.jedit.View.getDefaultComponent(java.awt.Container);org.gjt.sp.jedit.GUIUtilities;0;0;0;0;0;0;0;0
org.gjt.sp.jedit.Buffer.saveAs(boolean, org.gjt.sp.jedit.View);org.gjt.sp.jedit.browser.VFSBrowser;0;2;2;0.9928571428571429;1.0;5;1466;675
org.gjt.sp.jedit.gui.MarkerViewer.actionPerformed(java.awt.event.ActionEvent);org.gjt.sp.jedit.View;0;0;0;0;0;0;0;0
bsh.This.run();bsh.Interpreter;1;1;1;1.0;0.9777777777777777;8;54;440
org.gjt.sp.jedit.options.AbbrevsOptionPane._init();org.gjt.sp.jedit.Abbrevs;0;8;3;0.8048780487804879;1.0;66;140;263
gnu.regexp.RETokenWordBoundary.match(gnu.regexp.CharIndexed, gnu.regexp.REMatch);gnu.regexp.REMatch;4;2;3;0.8333333333333334;0.84;22;38;95
org.gjt.sp.jedit.gui.IOProgressMonitor.removeNotify();org.gjt.sp.jedit.io.VFSManager;0;0;0;0;0;0;0;0
org.gjt.sp.jedit.io.VFS.load(java.lang.String, org.gjt.sp.jedit.Buffer, org.gjt.sp.jedit.View);org.gjt.sp.jedit.io.VFSManager;1;3;3;0.9459459459459459;1.0;13;167;120
org.gjt.sp.jedit.textarea.FirstLine.ensurePhysicalLineIsVisible();org.gjt.sp.jedit.textarea.Anchor;0;0;0;0;0;0;0;0
org.gjt.sp.jedit.browser.VFSBrowser.run();org.gjt.sp.jedit.gui.HistoryModel;0;0;0;0;0;0;0;0
macos.Delegate.openFile(java.lang.String, macos.NSPasteboard);org.gjt.sp.jedit.jEdit;0;0;0;0;0;0;0;0
org.gjt.sp.jedit.textarea.TextAreaPainter.getExtensions();org.gjt.sp.jedit.textarea.ExtensionManager;0;0;0;0;0;0;0;0
org.gjt.sp.jedit.textarea.TextAreaTransferHandler.importText(java.awt.datatransfer.Transferable, javax.swing.JComponent);org.gjt.sp.jedit.textarea.Selection;0;0;0;0;0;0;0;0
org.gjt.sp.jedit.pluginmgr.InstallPanel.update();org.gjt.sp.jedit.pluginmgr.PluginManager;0;0;0;0;0;0;0;0
bsh.BSHSwitchStatement.primitiveEquals(bsh.CallStack, bsh.SimpleNode, java.lang.Object, java.lang.Object);bsh.Primitive;0;0;0;0;0;0;0;0
org.gjt.sp.jedit.print.BufferPrintable.printPage(boolean, int, java.awt.Graphics, java.awt.print.PageFormat);org.gjt.sp.util.Log;0;0;0;0;0;0;0;0
org.gjt.sp.jedit.Buffer.insertFile(java.lang.String, org.gjt.sp.jedit.View);org.gjt.sp.jedit.io.VFS;1;8;8;0.9513888888888888;1.0;30;1466;167
org.gjt.sp.jedit.textarea.JEditTextArea.getScreenLineOfOffset(int);org.gjt.sp.jedit.textarea.ChunkCache;1;0;2;1.0;0.9714285714285714;5;2931;425
org.gjt.sp.jedit.options.PluginOptions.createOptionTreeModel();org.gjt.sp.jedit.OptionGroup;0;0;0;0;0;0;0;0
bsh.BSHStatementExpressionList.eval(bsh.CallStack, bsh.Interpreter);bsh.Primitive;0;0;2;1.0;1.0;8;11;451
org.gjt.sp.jedit.PluginJAR.activatePlugin();org.gjt.sp.jedit.msg.PluginUpdate;0;0;0;0;0;0;0;0
org.gjt.sp.jedit.menu.EnhancedCheckBoxMenuItem.mouseExited(java.awt.event.MouseEvent);org.gjt.sp.jedit.gui.StatusBar;0;0;0;0;0;0;0;0
org.gjt.sp.jedit.indent.RegexpIndentRule.isMatch(java.lang.String);gnu.regexp.RE;0;0;0;0;0;0;0;0
org.gjt.sp.jedit.gui.DockablePanel.getAppropriateCursor();org.gjt.sp.jedit.gui.DockableWindowManager;0;0;0;0;0;0;0;0
bsh.BSHAllocationExpression.constructWithClassBody(bsh.BSHBlock, bsh.CallStack, bsh.Interpreter, java.lang.Class, java.lang.Object[]);bsh.Reflect;0;0;0;0;0;0;0;0
org.gjt.sp.jedit.textarea.JEditTextArea.goToParentFold();org.gjt.sp.jedit.textarea.ChunkCache;0;0;0;0;0;0;0;0
org.gjt.sp.jedit.Buffer.insertFile(java.lang.String, org.gjt.sp.jedit.View);org.gjt.sp.jedit.textarea.JEditTextArea;1;8;8;0.9513888888888888;0.9964664310954063;30;1466;2931
org.gjt.sp.jedit.ModeCatalogHandler.endElement(java.lang.String);org.gjt.sp.jedit.Mode;3;6;3;0.6;0.9047619047619048;19;45;85
org.gjt.sp.jedit.gui.InputHandler.invokeAction(org.gjt.sp.jedit.EditAction);org.gjt.sp.jedit.Macros;1;5;6;0.8333333333333334;0.9736842105263158;40;141;333
org.gjt.sp.jedit.ActionContext.removeActionSet(org.gjt.sp.jedit.ActionSet);org.gjt.sp.jedit.ActionSet;0;0;0;0;0;0;0;0
org.gjt.sp.jedit.gui.DockableWindowManager.actionPerformed(java.awt.event.ActionEvent);org.gjt.sp.jedit.jEdit;0;0;0;0;0;0;0;0
org.objectweb.asm.CodeWriter.visitLookupSwitchInsn(int[], org.objectweb.asm.Label, org.objectweb.asm.Label[]);org.objectweb.asm.ByteVector;0;0;0;0;0;0;0;0
org.gjt.sp.jedit.textarea.JEditTextArea.goToPrevFold(boolean);org.gjt.sp.jedit.buffer.JEditBuffer;0;0;0;0;0;0;0;0
org.gjt.sp.jedit.gui.EditAbbrevDialog.init(java.lang.String, java.lang.String, java.util.Map);org.gjt.sp.jedit.jEdit;0;0;0;0;0;0;0;0
org.gjt.sp.jedit.options.ViewOptionPane._init();org.gjt.sp.jedit.jEdit;0;0;0;0;0;0;0;0
org.gjt.sp.jedit.textarea.MouseHandler.mousePressed(java.awt.event.MouseEvent);org.gjt.sp.jedit.textarea.TextAreaPainter;0;0;0;0;0;0;0;0
org.gjt.sp.jedit.menu.MarkersProvider.update(javax.swing.JMenu);org.gjt.sp.jedit.jEdit;0;0;0;0;0;0;0;0
org.gjt.sp.jedit.gui.DockablePanel.mouseReleased(java.awt.event.MouseEvent);org.gjt.sp.jedit.gui.DockableWindowManager;0;0;0;0;0;0;0;0
org.gjt.sp.jedit.pluginmgr.ManagePanel.unloadPluginJARWithDialog(org.gjt.sp.jedit.PluginJAR);org.gjt.sp.jedit.PluginJAR;0;0;0;0;0;0;0;0
org.gjt.sp.jedit.menu.DirectoryProvider.update(javax.swing.JMenu);org.gjt.sp.jedit.View;0;0;0;0;0;0;0;0
org.objectweb.asm.CodeWriter.resizeInstructions(int, int[], int[]);org.objectweb.asm.ClassWriter;0;0;0;0;0;0;0;0
org.gjt.sp.jedit.search.HyperSearchResults.handleMessage(org.gjt.sp.jedit.EBMessage);org.gjt.sp.jedit.msg.BufferUpdate;2;1;3;0.9655172413793104;0.8333333333333334;24;165;18
gnu.regexp.RETokenWordBoundary.match(gnu.regexp.CharIndexed, gnu.regexp.REMatch);gnu.regexp.REToken;1;2;3;0.8333333333333334;0.9285714285714286;22;38;30
org.gjt.sp.jedit.browser.BrowserView.loadDirectory(boolean, java.lang.Object, java.lang.String);org.gjt.sp.jedit.io.VFS;0;0;0;0;0;0;0;0
org.gjt.sp.jedit.textarea.FirstLine.physUp(int, int);org.gjt.sp.jedit.textarea.Anchor;0;0;0;0;0;0;0;0
org.gjt.sp.jedit.textarea.JEditTextArea.goToPrevPage(boolean);org.gjt.sp.jedit.textarea.DisplayManager;0;0;0;0;0;0;0;0
org.gjt.sp.jedit.pluginmgr.MirrorListHandler.doctypeDecl(java.lang.String, java.lang.String, java.lang.String);org.gjt.sp.util.Log;0;0;0;0;0;0;0;0
org.gjt.sp.jedit.textarea.JEditTextArea.getSelectionEndLine();org.gjt.sp.jedit.textarea.Selection;1;2;1;0.9927007299270073;0.9090909090909091;4;2931;59
bsh.Parser.InclusiveOrExpression();bsh.JJTParserState;2;8;3;0.9814814814814815;0.9285714285714286;44;6765;74
com.loomcom.ant.tasks.jarbundler.JarBundler.setShortVersion(java.lang.String);com.loomcom.ant.tasks.jarbundler.AppBundleProperties;0;0;0;0;0;0;0;0
org.gjt.sp.jedit.help.HelpTOCPanel.compare(java.lang.Object, java.lang.Object);org.gjt.sp.jedit.jEdit;0;0;0;0;0;0;0;0
org.gjt.sp.jedit.textarea.BufferHandler.transactionComplete(org.gjt.sp.jedit.buffer.JEditBuffer);org.gjt.sp.jedit.textarea.JEditTextArea;0;0;0;0;0;0;0;0
org.gjt.sp.jedit.help.HelpViewer.propertyChange(java.beans.PropertyChangeEvent);org.gjt.sp.jedit.help.HelpHistoryModel;0;0;0;0;0;0;0;0
org.gjt.sp.jedit.gui.OptionsDialog.getIndexOfChild(java.lang.Object, java.lang.Object);org.gjt.sp.jedit.OptionGroup;1;0;1;1.0;0.8888888888888888;8;289;45
org.gjt.sp.jedit.gui.DockableWindowManager.floatDockableWindow(java.lang.String);org.gjt.sp.jedit.gui.DockableWindowFactory;0;0;0;0;0;0;0;0
org.gjt.sp.jedit.pluginmgr.PluginManager.run();com.microstar.xml.XmlException;0;0;0;0;0;0;0;0
org.gjt.sp.jedit.Buffer.checkFileForSave(java.lang.String, org.gjt.sp.jedit.io.VFS, org.gjt.sp.jedit.View);org.gjt.sp.jedit.io.VFS;0;0;0;0;0;0;0;0
org.gjt.sp.jedit.pluginmgr.Roster.runInAWTThread(java.awt.Component);org.gjt.sp.jedit.GUIUtilities;0;0;0;0;0;0;0;0
macos.Delegate.run();org.gjt.sp.jedit.PerspectiveManager;0;0;0;0;0;0;0;0
bsh.ParserTokenManager.jjMoveStringLiteralDfa26_0(long, long);bsh.JavaCharStream;0;0;0;0;0;0;0;0
org.gjt.sp.jedit.gui.FilesChangedDialog.reload();org.gjt.sp.jedit.jEdit;0;0;0;0;0;0;0;0
org.gjt.sp.jedit.options.ShortcutsOptionPane.save();org.gjt.sp.jedit.gui.GrabKeyDialog;2;1;2;0.9666666666666667;0.9259259259259259;8;164;236
bsh.Parser.MultiplicativeExpression();bsh.Token;1;8;3;0.9815242494226328;0.9523809523809523;48;6765;9
org.gjt.sp.jedit.browser.VFSBrowser.rename(java.lang.String);org.gjt.sp.jedit.GUIUtilities;1;1;4;0.9841269841269842;1.0;12;675;395
org.gjt.sp.jedit.EditPlugin.createMenuItems();org.gjt.sp.jedit.jEdit;0;0;0;0;0;0;0;0
org.gjt.sp.jedit.syntax.TokenMarker.substitute(char[], gnu.regexp.REMatch);gnu.regexp.REMatch;0;0;0;0;0;0;0;0
org.gjt.sp.jedit.textarea.TextAreaTransferHandler.importText(java.awt.datatransfer.Transferable, javax.swing.JComponent);org.gjt.sp.util.Log;0;0;0;0;0;0;0;0
org.gjt.sp.jedit.menu.RecentFilesProvider.update(javax.swing.JMenu);org.gjt.sp.jedit.browser.FileCellRenderer;0;0;0;0;0;0;0;0
org.gjt.sp.jedit.syntax.XModeHandler.endDocument();org.gjt.sp.jedit.syntax.TokenMarker;0;0;0;0;0;0;0;0
bsh.BSHFormalParameter.getTypeDescriptor(bsh.CallStack, bsh.Interpreter, java.lang.String);bsh.SimpleNode;0;0;0;0;0;0;0;0
org.gjt.sp.jedit.textarea.TextAreaPainter.setBounds(int, int, int, int);org.gjt.sp.jedit.textarea.JEditTextArea;4;0;1;1.0;0.9855072463768116;10;363;2931
bsh.BSHUnaryExpression.eval(bsh.CallStack, bsh.Interpreter);bsh.BSHPrimaryExpression;0;0;0;0;0;0;0;0
org.gjt.sp.jedit.gui.DockableLayout.layoutContainer(java.awt.Container);org.gjt.sp.jedit.gui.DockablePanel;0;0;0;0;0;0;0;0
org.gjt.sp.jedit.View.getBuffer();org.gjt.sp.jedit.EditPane;0;0;1;1.0;1.0;3;530;245
org.objectweb.asm.ClassWriter.newClass(java.lang.String);org.objectweb.asm.ByteVector;0;0;0;0;0;0;0;0
org.gjt.sp.jedit.gui.DockableWindowManager.createPopupMenu(boolean, java.lang.String, org.gjt.sp.jedit.gui.DockableWindowContainer);org.gjt.sp.jedit.EditBus;0;0;0;0;0;0;0;0
com.loomcom.ant.tasks.jarbundler.JarBundler.setJvmversion(java.lang.String);com.loomcom.ant.tasks.jarbundler.AppBundleProperties;0;0;0;0;0;0;0;0
org.gjt.sp.jedit.gui.OptionsDialog.addOptionGroup(org.gjt.sp.jedit.OptionGroup);org.gjt.sp.jedit.OptionGroup;0;0;0;0;0;0;0;0
org.gjt.sp.jedit.search.SearchBar.find(boolean);org.gjt.sp.jedit.gui.StatusBar;1;3;8;0.9393939393939394;0.9795918367346939;33;178;281
org.gjt.sp.jedit.browser.BrowserView.maybeReloadDirectory(java.lang.String);org.gjt.sp.jedit.io.FavoritesVFS;0;3;4;0.9555555555555556;1.0;9;404;65
macos.menu.ShowRecentDirMenu.actionPerformed(java.awt.event.ActionEvent);macos.MacOSActions;0;0;0;0;0;0;0;0
org.gjt.sp.jedit.buffer.JEditBuffer.redo(org.gjt.sp.jedit.textarea.JEditTextArea);org.gjt.sp.jedit.buffer.UndoManager;0;0;0;0;0;0;0;0
org.gjt.sp.jedit.gui.ColorWellButton.init();org.gjt.sp.jedit.jEdit;0;0;0;0;0;0;0;0
org.gjt.sp.jedit.browser.BrowserIORequest.rename();org.gjt.sp.jedit.io.VFSManager;1;3;4;0.85;1.0;31;160;120
org.gjt.sp.jedit.options.ContextOptionPane.actionPerformed(java.awt.event.ActionEvent);org.gjt.sp.jedit.jEdit;0;7;3;0.72;1.0;40;116;1507
org.gjt.sp.jedit.buffer.BufferLoadRequest.readMarkers(java.io.InputStream, org.gjt.sp.jedit.Buffer);org.gjt.sp.jedit.Buffer;0;0;0;0;0;0;0;0
org.gjt.sp.jedit.browser.VFSBrowser.locateFile(java.lang.String);org.gjt.sp.jedit.MiscUtilities;0;0;0;0;0;0;0;0
bsh.Parser.jj_ntk();bsh.ParserTokenManager;1;1;2;0.9976580796252927;0.9818181818181818;4;6765;1621
bsh.BSHFormalParameters.getTypeDescriptors(bsh.CallStack, bsh.Interpreter, java.lang.String);bsh.BSHFormalParameter;0;0;0;0;0;0;0;0
org.gjt.sp.jedit.textarea.JEditTextArea.toUpperCase();org.gjt.sp.jedit.buffer.JEditBuffer;0;0;0;0;0;0;0;0
installer.SwingInstall.updateSize();installer.Install;1;3;1;0.9285714285714286;0.9166666666666666;9;301;43
org.gjt.sp.jedit.search.HyperSearchResults.searchDone(javax.swing.tree.DefaultMutableTreeNode);org.gjt.sp.jedit.jEdit;0;0;0;0;0;0;0;0
org.gjt.sp.jedit.textarea.Gutter.paintLine(int, int, java.awt.Graphics2D);org.gjt.sp.jedit.textarea.TextAreaPainter;0;0;0;0;0;0;0;0
org.gjt.sp.jedit.menu.EnhancedMenuItem.mouseExited(java.awt.event.MouseEvent);org.gjt.sp.jedit.View;0;0;0;0;0;0;0;0
org.gjt.sp.jedit.textarea.JEditTextArea.scrollTo(boolean, int, int);org.gjt.sp.jedit.textarea.DisplayManager;0;0;0;0;0;0;0;0
org.gjt.sp.jedit.textarea.FirstLine.scrollUp(int);org.gjt.sp.jedit.textarea.Anchor;0;0;0;0;0;0;0;0
org.gjt.sp.jedit.menu.EnhancedMenuItem.paint(java.awt.Graphics);org.gjt.sp.jedit.OperatingSystem;0;0;0;0;0;0;0;0
org.gjt.sp.jedit.gui.HistoryText.showPopupMenu(int, int, java.lang.String);org.gjt.sp.jedit.GUIUtilities;0;0;0;0;0;0;0;0
org.gjt.sp.jedit.syntax.Chunk.init(float, java.awt.font.FontRenderContext, javax.swing.text.Segment, javax.swing.text.TabExpander);org.gjt.sp.jedit.syntax.Token;0;0;0;0;0;0;0;0
org.gjt.sp.jedit.textarea.FirstLine.scrollDown(int);org.gjt.sp.jedit.textarea.Anchor;0;0;0;0;0;0;0;0
org.gjt.sp.jedit.pluginmgr.PluginList.satisfy(boolean, java.lang.String, org.gjt.sp.jedit.pluginmgr.Roster);org.gjt.sp.jedit.MiscUtilities;1;8;1;0.8333333333333334;1.0;11;145;491
macos.Delegate.run();org.gjt.sp.jedit.jEdit;0;0;0;0;0;0;0;0
org.gjt.sp.jedit.View.loadToolBars();org.gjt.sp.jedit.jEdit;0;3;3;0.9433962264150944;1.0;21;530;1507
org.gjt.sp.jedit.buffer.JEditBuffer.undo(org.gjt.sp.jedit.textarea.JEditTextArea);org.gjt.sp.jedit.buffer.UndoManager;0;0;0;0;0;0;0;0
bsh.Interpreter.unset(java.lang.String);bsh.Name;1;0;3;1.0;0.9523809523809523;6;440;291
org.gjt.sp.jedit.textarea.BufferHandler.preContentRemoved(int, int, int, int, org.gjt.sp.jedit.buffer.JEditBuffer);org.gjt.sp.jedit.textarea.RangeMap;0;0;0;0;0;0;0;0
org.gjt.sp.jedit.Buffer.addBufferChangeListener(int, org.gjt.sp.jedit.buffer.BufferChangeListener);org.gjt.sp.jedit.buffer.JEditBuffer;0;0;0;0;0;0;0;0
gnu.regexp.RE.initialize(gnu.regexp.RESyntax, int, int, int, java.lang.Object);gnu.regexp.CharUnit;2;5;8;0.9482758620689655;0.9259259259259259;326;609;0
org.gjt.sp.jedit.textarea.TextAreaPainter.paint(java.awt.Graphics);org.gjt.sp.jedit.textarea.ExtensionManager;0;0;0;0;0;0;0;0
org.gjt.sp.jedit.browser.BrowserIORequest.mkdir();org.gjt.sp.jedit.io.VFS;3;2;4;0.8947368421052632;1.0;26;160;167
org.gjt.sp.jedit.options.BrowserOptionPane._save();org.gjt.sp.jedit.jEdit;1;10;1;0.33333333333333337;1.0;13;53;1507
bsh.ParseException.getMessage(boolean);bsh.Token;4;6;2;0.625;0.6923076923076923;41;133;9
org.gjt.sp.jedit.Buffer.reload(org.gjt.sp.jedit.View);org.gjt.sp.jedit.View;0;3;3;0.9861111111111112;1.0;9;1466;530
org.gjt.sp.jedit.gui.CompleteWord.keyTyped(java.awt.event.KeyEvent);org.gjt.sp.jedit.textarea.JEditTextArea;2;5;3;0.8571428571428572;0.9928825622775801;16;225;2931
org.gjt.sp.jedit.EditPane.statusChanged(boolean, int, org.gjt.sp.jedit.textarea.JEditTextArea);org.gjt.sp.jedit.View;0;0;0;0;0;0;0;0
org.gjt.sp.jedit.indent.OpenBracketIndentRule.getOpenBracketCount(int, org.gjt.sp.jedit.buffer.JEditBuffer);org.gjt.sp.jedit.indent.BracketIndentRule;0;0;0;0;0;0;0;0
bsh.Parser.MultiplicativeExpression();bsh.JJTParserState;2;8;3;0.9815242494226328;0.9310344827586207;48;6765;74
org.gjt.sp.jedit.browser.VFSFileChooserDialog.filesSelected(org.gjt.sp.jedit.browser.VFSBrowser, org.gjt.sp.jedit.io.VFSFile[]);org.gjt.sp.jedit.io.VFSFile;0;0;0;0;0;0;0;0
org.gjt.sp.jedit.menu.PluginsProvider.update(javax.swing.JMenu);org.gjt.sp.jedit.jEdit;0;0;0;0;0;0;0;0
org.gjt.sp.jedit.EditPane.prevBuffer();org.gjt.sp.jedit.Buffer;0;1;2;0.9333333333333333;1.0;5;245;1466
bsh.EvalError.getScriptStackTrace();bsh.SimpleNode;0;0;0;0;0;0;0;0
org.gjt.sp.jedit.syntax.DisplayTokenHandler.init(float, java.awt.font.FontRenderContext, java.util.List, javax.swing.text.TabExpander, org.gjt.sp.jedit.syntax.SyntaxStyle[]);org.gjt.sp.jedit.syntax.DefaultTokenHandler;0;0;0;0;0;0;0;0
org.gjt.sp.jedit.gui.EditAbbrevDialog.getExpansion();org.gjt.sp.jedit.gui.AbbrevEditor;1;1;1;0.8888888888888888;0.875;4;53;139
org.gjt.sp.jedit.textarea.JEditTextArea.foldStructureChanged();org.gjt.sp.jedit.textarea.ChunkCache;1;5;2;0.9817518248175182;0.975;9;2931;425
org.gjt.sp.jedit.pluginmgr.PluginList.getInstalledPath();org.gjt.sp.jedit.jEdit;0;0;0;0;0;0;0;0
org.gjt.sp.jedit.gui.HistoryTextField.getModel();org.gjt.sp.jedit.gui.HistoryText;0;0;0;0;0;0;0;0
org.gjt.sp.jedit.gui.ErrorListDialog.actionPerformed(java.awt.event.ActionEvent);org.gjt.sp.jedit.pluginmgr.PluginManager;0;0;0;0;0;0;0;0
org.gjt.sp.jedit.EditPane.goToMarker(boolean, char);org.gjt.sp.jedit.textarea.JEditTextArea;0;0;0;0;0;0;0;0
bsh.BSHClassDeclaration.eval(bsh.CallStack, bsh.Interpreter);bsh.UtilEvalError;0;0;0;0;0;0;0;0
bsh.Interpreter.get_jj_input_stream();bsh.Parser;0;0;1;1.0;1.0;3;440;6765
org.gjt.sp.jedit.PluginJAR.generateCache();org.gjt.sp.util.Log;0;0;0;0;0;0;0;0
org.gjt.sp.jedit.gui.ActionBar.invoke();org.gjt.sp.jedit.View;0;0;0;0;0;0;0;0
org.gjt.sp.jedit.textarea.DisplayManager.getNextVisibleLine(int);org.gjt.sp.jedit.textarea.RangeMap;0;0;0;0;0;0;0;0
org.gjt.sp.jedit.browser.VFSFileChooserDialog.filesSelected(org.gjt.sp.jedit.browser.VFSBrowser, org.gjt.sp.jedit.io.VFSFile[]);org.gjt.sp.jedit.browser.VFSBrowser;0;0;0;0;0;0;0;0
org.gjt.sp.jedit.buffer.UndoManager.contentRemoved(boolean, int, int, java.lang.String);org.gjt.sp.jedit.buffer.KillRing;0;0;0;0;0;0;0;0
org.gjt.sp.jedit.textarea.SelectionManager.getSelectedLines();org.gjt.sp.jedit.textarea.Selection;0;0;0;0;0;0;0;0
org.gjt.sp.jedit.EditPane.propertiesChanged();org.gjt.sp.jedit.textarea.JEditTextArea;5;0;5;1.0;0.9838709677419355;53;245;2931
org.gjt.sp.jedit.textarea.JEditTextArea.showStructureStatusMessage(boolean);org.gjt.sp.jedit.buffer.JEditBuffer;0;0;0;0;0;0;0;0
org.gjt.sp.jedit.Buffer.addOrRemoveMarker(char, int);org.gjt.sp.jedit.buffer.JEditBuffer;0;0;0;0;0;0;0;0
org.gjt.sp.jedit.options.EditingOptionPane.save();org.gjt.sp.jedit.MiscUtilities;0;0;0;0;0;0;0;0
org.gjt.sp.jedit.browser.VFSBrowser.invokeAction(java.util.EventObject, org.gjt.sp.jedit.EditAction);org.gjt.sp.util.Log;0;0;0;0;0;0;0;0
bsh.ParserTokenManager.jjMoveStringLiteralDfa27_0(long, long);bsh.JavaCharStream;0;0;0;0;0;0;0;0
org.gjt.sp.jedit.buffer.JEditBuffer.getFoldLevel(int);org.gjt.sp.jedit.buffer.FoldHandler;0;0;0;0;0;0;0;0
bsh.Name.consumeNextObjectField(boolean, boolean, bsh.CallStack, bsh.Interpreter);bsh.This;0;0;0;0;0;0;0;0
org.gjt.sp.jedit.buffer.BufferAutosaveRequest.run();org.gjt.sp.jedit.buffer.JEditBuffer;0;0;0;0;0;0;0;0
org.gjt.sp.jedit.SettingsReloader.handleMessage(org.gjt.sp.jedit.EBMessage);org.gjt.sp.jedit.msg.VFSUpdate;1;1;1;0.6666666666666667;0.6666666666666667;6;24;11
org.gjt.sp.jedit.gui.InputHandler.invokeReadNextChar(char);org.gjt.sp.jedit.MiscUtilities;0;2;6;0.92;1.0;22;141;491
org.gjt.sp.jedit.search.SearchBar.insertUpdate(javax.swing.event.DocumentEvent);org.gjt.sp.jedit.textarea.JEditTextArea;2;2;3;0.9545454545454546;0.9927536231884058;10;178;2931
bsh.BSHPrimarySuffix.doProperty(boolean, bsh.CallStack, bsh.Interpreter, java.lang.Object);bsh.CollectionManager;0;0;0;0;0;0;0;0
bsh.BSHAllocationExpression.objectAllocation(bsh.BSHAmbiguousName, bsh.BSHArguments, bsh.CallStack, bsh.Interpreter);bsh.SimpleNode;2;2;4;0.9230769230769231;0.9166666666666666;12;71;79
org.gjt.sp.jedit.browser.VFSFileChooserDialog.filesActivated(org.gjt.sp.jedit.browser.VFSBrowser, org.gjt.sp.jedit.io.VFSFile[]);org.gjt.sp.jedit.browser.VFSBrowser;0;0;0;0;0;0;0;0
org.gjt.sp.jedit.io.VFS._listDirectory(boolean, gnu.regexp.RE, java.awt.Component, java.lang.Object, java.lang.String, java.util.ArrayList, java.util.ArrayList);gnu.regexp.RE;0;0;0;0;0;0;0;0
org.gjt.sp.jedit.textarea.JEditTextArea.getSelectionAtOffset(int);org.gjt.sp.jedit.textarea.SelectionManager;0;0;0;0;0;0;0;0
org.gjt.sp.jedit.buffer.JEditBuffer.getLineText(int, javax.swing.text.Segment);org.gjt.sp.jedit.buffer.LineManager;0;0;0;0;0;0;0;0
installer.TarEntry.getUserId();installer.TarHeader;0;0;0;0;0;0;0;0
org.gjt.sp.jedit.browser.VFSBrowser.handleMessage(org.gjt.sp.jedit.EBMessage);org.gjt.sp.jedit.msg.VFSUpdate;1;6;3;0.9;0.8888888888888888;22;675;11
org.gjt.sp.jedit.gui.PanelWindowContainer.getWrappedDimension(int, javax.swing.JComponent);org.gjt.sp.jedit.gui.DockableWindowManager;0;0;0;0;0;0;0;0
org.gjt.sp.jedit.options.TextAreaOptionPane._init();org.gjt.sp.jedit.AbstractOptionPane;2;11;2;0.3529411764705882;0.9615384615384616;37;54;78
org.objectweb.asm.CodeWriter.visitInsn(int);org.objectweb.asm.ByteVector;0;0;0;0;0;0;0;0
org.gjt.sp.jedit.textarea.JEditTextArea.selectBlock();org.gjt.sp.jedit.buffer.JEditBuffer;0;0;0;0;0;0;0;0
org.gjt.sp.jedit.PluginJAR.generateCache();org.gjt.sp.jedit.browser.VFSBrowser;0;0;0;0;0;0;0;0
org.gjt.sp.jedit.Buffer.save(boolean, java.lang.String, org.gjt.sp.jedit.View);org.gjt.sp.jedit.buffer.BufferIORequest;0;0;0;0;0;0;0;0
org.gjt.sp.jedit.msg.BufferUpdate.paramString();org.gjt.sp.jedit.EBMessage;1;1;1;0.75;0.8333333333333334;3;18;21
org.gjt.sp.jedit.textarea.BufferHandler.doDelayedUpdate();org.gjt.sp.jedit.textarea.DisplayManager;0;0;0;0;0;0;0;0
installer.SwingInstall.install();installer.OperatingSystem;0;0;0;0;0;0;0;0
org.gjt.sp.jedit.Buffer.load(boolean, org.gjt.sp.jedit.View);org.gjt.sp.jedit.buffer.BufferIORequest;0;0;0;0;0;0;0;0
bsh.CallStack.get(int);bsh.NameSpace;0;2;1;0.8333333333333334;1.0;4;42;421
org.gjt.sp.jedit.gui.FontSelector.actionPerformed(java.awt.event.ActionEvent);org.gjt.sp.jedit.gui.FontSelectorDialog;1;1;1;0.8;0.9523809523809523;7;35;144
org.gjt.sp.jedit.buffer.JEditBuffer.getLineText(int);org.gjt.sp.jedit.buffer.LineManager;0;0;0;0;0;0;0;0
org.gjt.sp.jedit.print.BufferPrintable.printPage(boolean, int, java.awt.Graphics, java.awt.print.PageFormat);org.gjt.sp.jedit.jEdit;0;0;0;0;0;0;0;0
bsh.LHS.getValue();bsh.Reflect;1;6;3;0.5384615384615384;1.0;23;89;413
bsh.JThis.toString();bsh.This;0;0;2;1.0;1.0;3;287;54
org.gjt.sp.jedit.io.FileVFS._listFiles(java.awt.Component, java.lang.Object, java.lang.String);org.gjt.sp.jedit.io.VFSManager;0;0;0;0;0;0;0;0
bsh.BSHSwitchStatement.eval(bsh.CallStack, bsh.Interpreter);bsh.Primitive;0;0;4;1.0;1.0;35;38;451
org.gjt.sp.jedit.gui.DockableWindowManager.handleMessage(org.gjt.sp.jedit.EBMessage);org.gjt.sp.jedit.msg.DockableWindowUpdate;0;0;0;0;0;0;0;0
gnu.regexp.REFilterInputStream.read();gnu.regexp.RE;2;4;3;0.8095238095238095;0.9591836734693877;23;46;609
org.gjt.sp.jedit.View.propertiesChanged();org.gjt.sp.jedit.GUIUtilities;0;0;0;0;0;0;0;0
org.gjt.sp.jedit.buffer.KillRing.load();org.gjt.sp.util.Log;0;0;0;0;0;0;0;0
org.gjt.sp.jedit.gui.HistoryTextField.addCurrentToHistory();org.gjt.sp.jedit.gui.HistoryText;0;0;0;0;0;0;0;0
org.gjt.sp.jedit.jEdit.getTokenMarker(java.lang.String);org.gjt.sp.jedit.Mode;0;0;0;0;0;0;0;0
org.gjt.sp.jedit.menu.EnhancedCheckBoxMenuItem.mouseReleased(java.awt.event.MouseEvent);org.gjt.sp.jedit.GUIUtilities;0;0;0;0;0;0;0;0
org.gjt.sp.jedit.EditPane.goToNextMarker(boolean);org.gjt.sp.jedit.Buffer;0;0;0;0;0;0;0;0
bsh.Parser.ExclusiveOrExpression();bsh.Token;1;8;3;0.9814385150812065;0.9473684210526316;32;6765;9
org.gjt.sp.jedit.browser.VFSBrowser.searchInDirectory();org.gjt.sp.jedit.io.VFSFile;0;0;0;0;0;0;0;0
org.gjt.sp.jedit.gui.MarkerViewer.refreshList();org.gjt.sp.jedit.Buffer;0;0;0;0;0;0;0;0
org.gjt.sp.jedit.browser.VFSBrowser.removeNotify();org.gjt.sp.jedit.jEdit;1;2;2;0.967741935483871;1.0;8;675;1507
org.gjt.sp.jedit.browser.VFSBrowser.updateFilenameFilter();org.gjt.sp.util.Log;0;0;0;0;0;0;0;0
org.gjt.sp.jedit.browser.BrowserView.directoryLoaded(java.lang.Object, java.lang.String, java.util.ArrayList);org.gjt.sp.jedit.io.VFSFile;0;0;0;0;0;0;0;0
org.gjt.sp.jedit.textarea.JEditTextArea.updateScrollBar();org.gjt.sp.jedit.Debug;0;0;0;0;0;0;0;0
org.gjt.sp.jedit.search.HyperSearchResults.addNotify();org.gjt.sp.jedit.jEdit;0;0;0;0;0;0;0;0
org.gjt.sp.jedit.Buffer.propertiesChanged();org.gjt.sp.jedit.buffer.JEditBuffer;0;0;0;0;0;0;0;0
org.gjt.sp.jedit.browser.VFSFileChooserDialog.doFileExistsWarning(java.lang.String);org.gjt.sp.jedit.GUIUtilities;1;0;2;1.0;1.0;8;197;395
macos.Delegate.handlePreferences(com.apple.eawt.ApplicationEvent);org.gjt.sp.jedit.jEdit;0;0;0;0;0;0;0;0
bsh.SimpleNode.getLineNumber();bsh.Token;1;0;1;1.0;0.8333333333333334;3;79;9
bsh.BSHArrayDimensions.eval(bsh.CallStack, bsh.Interpreter);bsh.BSHArrayInitializer;1;3;4;0.7857142857142857;1.0;29;40;44
org.gjt.sp.jedit.browser.VFSFileChooserDialog.ok();org.gjt.sp.jedit.io.VFS;2;5;3;0.8214285714285714;0.9555555555555556;29;197;167
org.gjt.sp.jedit.textarea.TextAreaDropHandler.dragOver(java.awt.dnd.DropTargetDragEvent);org.gjt.sp.jedit.textarea.JEditTextArea;0;0;0;0;0;0;0;0
org.gjt.sp.jedit.help.HelpIndex.indexJAR(java.util.zip.ZipFile);org.gjt.sp.util.Log;0;0;0;0;0;0;0;0
org.gjt.sp.jedit.textarea.ChunkCache.updateChunksUpTo(int);org.gjt.sp.jedit.Debug;0;0;0;0;0;0;0;0
bsh.Interpreter.run();bsh.Parser;2;13;9;0.8285714285714285;0.9956616052060737;74;440;6765
bsh.Name.invokeMethod(bsh.CallStack, bsh.Interpreter, bsh.SimpleNode, java.lang.Object[]);bsh.ClassGenerator;0;0;0;0;0;0;0;0
org.gjt.sp.jedit.browser.VFSBrowser.filesActivated(boolean, int);org.gjt.sp.jedit.View;0;0;0;0;0;0;0;0
org.gjt.sp.jedit.help.HelpViewer.dispose();org.gjt.sp.jedit.EditBus;0;0;0;0;0;0;0;0
org.gjt.sp.jedit.options.WindowTableModel.compare(java.lang.Object, java.lang.Object);org.gjt.sp.jedit.MiscUtilities;1;1;1;0.9333333333333333;1.0;5;84;491
installer.TarEntry.setGroupName(java.lang.String);installer.TarHeader;0;0;0;0;0;0;0;0
org.gjt.sp.jedit.help.HelpTOCPanel.loadTOC(java.lang.String, javax.swing.tree.DefaultMutableTreeNode);com.microstar.xml.XmlParser;0;0;0;0;0;0;0;0
org.gjt.sp.jedit.options.PluginManagerOptionPane.getElementAt(int);org.gjt.sp.jedit.jEdit;0;0;0;0;0;0;0;0
org.gjt.sp.jedit.textarea.SelectionManager.addToSelection(org.gjt.sp.jedit.textarea.Selection);org.gjt.sp.jedit.textarea.Selection;0;0;0;0;0;0;0;0
org.gjt.sp.jedit.io.FavoritesVFS._getFile(java.awt.Component, java.lang.Object, java.lang.String);org.gjt.sp.jedit.io.VFSFile;0;0;0;0;0;0;0;0
org.gjt.sp.jedit.buffer.BufferLoadRequest.run();org.gjt.sp.jedit.io.VFS;0;0;0;0;0;0;0;0
org.gjt.sp.jedit.browser.VFSBrowser.searchInDirectory(boolean, java.lang.String);org.gjt.sp.jedit.search.SearchDialog;0;0;0;0;0;0;0;0
gnu.regexp.RE.initialize(gnu.regexp.RESyntax, int, int, int, java.lang.Object);gnu.regexp.REToken;2;5;8;0.9482758620689655;0.9333333333333333;326;609;30
org.gjt.sp.jedit.search.SearchDialog.actionPerformed(java.awt.event.ActionEvent);org.gjt.sp.jedit.View;0;0;0;0;0;0;0;0
org.gjt.sp.jedit.gui.GrabKeyDialog.processKeyEvent(java.awt.event.KeyEvent);org.gjt.sp.jedit.buffer.JEditBuffer;0;0;0;0;0;0;0;0
org.gjt.sp.jedit.gui.PanelWindowContainer.unregister(org.gjt.sp.jedit.gui.DockableWindowManager.Entry);org.gjt.sp.jedit.gui.DockableWindowFactory;0;0;0;0;0;0;0;0
org.gjt.sp.jedit.View._preprocessKeyEvent(java.awt.event.KeyEvent);org.gjt.sp.jedit.gui.KeyEventWorkaround;0;0;0;0;0;0;0;0
org.gjt.sp.jedit.browser.BrowserView.removeNotify();org.gjt.sp.jedit.browser.VFSBrowser;0;0;0;0;0;0;0;0
org.gjt.sp.jedit.gui.DockablePanel.setBounds(int, int, int, int);org.gjt.sp.jedit.gui.DockableWindowManager;0;0;0;0;0;0;0;0
org.gjt.sp.jedit.View.quickHyperSearch(boolean);org.gjt.sp.jedit.search.SearchAndReplace;0;1;5;0.9838709677419355;1.0;24;530;404
org.gjt.sp.jedit.jEdit.error(java.lang.Object, java.lang.String);org.gjt.sp.util.Log;0;0;0;0;0;0;0;0
org.gjt.sp.jedit.buffer.JEditBuffer.insert(int, java.lang.String);org.gjt.sp.util.IntegerArray;0;0;0;0;0;0;0;0
org.gjt.sp.jedit.search.HyperSearchRequest.doHyperSearch(int, int, org.gjt.sp.jedit.Buffer);org.gjt.sp.util.WorkRequest;1;4;2;0.8;0.9230769230769231;16;68;16
org.objectweb.asm.CodeWriter.visitMaxs(int, int);org.objectweb.asm.Edge;0;0;0;0;0;0;0;0
org.gjt.sp.jedit.browser.VFSDirectoryEntryTable.toggleExpanded(int);org.gjt.sp.jedit.io.VFSManager;0;0;0;0;0;0;0;0
org.gjt.sp.jedit.search.CurrentBufferSet.getNextFile(java.lang.String, org.gjt.sp.jedit.View);org.gjt.sp.jedit.Buffer;1;0;2;1.0;0.9928057553956835;4;16;1466
org.objectweb.asm.CodeWriter.visitLabel(org.objectweb.asm.Label);org.objectweb.asm.ByteVector;0;0;0;0;0;0;0;0
org.gjt.sp.jedit.ActionSet.removeAction(java.lang.String);org.gjt.sp.jedit.ActionContext;0;0;0;0;0;0;0;0
bsh.BSHTryStatement.eval(bsh.CallStack, bsh.Interpreter);bsh.NameSpace;3;0;7;1.0;1.0;52;55;421
org.gjt.sp.jedit.io.VFSFile.getExtendedAttribute(java.lang.String);org.gjt.sp.jedit.jEdit;0;0;0;0;0;0;0;0
org.gjt.sp.jedit.textarea.JEditTextArea.insert(boolean, java.lang.String);org.gjt.sp.jedit.buffer.JEditBuffer;0;0;0;0;0;0;0;0
org.gjt.sp.jedit.search.SearchDialog.ok();org.gjt.sp.jedit.search.SearchAndReplace;1;4;1;0.8974358974358975;1.0;16;416;404
bsh.Parser.DoStatement();bsh.JJTParserState;4;5;2;0.9885321100917431;0.8928571428571429;47;6765;74
org.gjt.sp.jedit.buffer.JEditBuffer.getIdealIndentForLine(int);org.gjt.sp.jedit.MiscUtilities;0;0;0;0;0;0;0;0
bsh.BSHPrimarySuffix.doName(boolean, bsh.CallStack, bsh.Interpreter, java.lang.Object);bsh.BSHArguments;0;0;0;0;0;0;0;0
org.gjt.sp.jedit.io.VFS.save(java.lang.String, org.gjt.sp.jedit.Buffer, org.gjt.sp.jedit.View);org.gjt.sp.jedit.buffer.JEditBuffer;0;0;0;0;0;0;0;0
org.gjt.sp.jedit.gui.PanelWindowContainer.showMostRecent();org.gjt.sp.jedit.gui.DockableWindowManager;0;0;0;0;0;0;0;0
org.gjt.sp.jedit.textarea.JEditTextArea.shiftIndentLeft();org.gjt.sp.jedit.buffer.JEditBuffer;0;0;0;0;0;0;0;0
org.gjt.sp.jedit.buffer.JEditBuffer.fireContentRemoved(int, int, int, int);org.gjt.sp.util.Log;0;0;0;0;0;0;0;0
org.gjt.sp.jedit.View.propertiesChanged();org.gjt.sp.jedit.jEdit;0;3;2;0.9454545454545454;1.0;7;530;1507
org.gjt.sp.jedit.browser.VFSFileNameField.doComplete(java.lang.String);org.gjt.sp.jedit.MiscUtilities;0;0;0;0;0;0;0;0
bsh.Interpreter.get(java.lang.String);bsh.UtilEvalError;0;0;0;0;0;0;0;0
org.gjt.sp.jedit.menu.RecentDirectoriesProvider.mouseEntered(java.awt.event.MouseEvent);org.gjt.sp.jedit.gui.StatusBar;0;0;0;0;0;0;0;0
org.gjt.sp.jedit.browser.BrowserCommandsMenu.createEncodingMenu();org.gjt.sp.jedit.browser.VFSBrowser;0;0;0;0;0;0;0;0
org.gjt.sp.jedit.EditPane.narrowActive(org.gjt.sp.jedit.textarea.JEditTextArea);org.gjt.sp.jedit.View;0;0;0;0;0;0;0;0
org.gjt.sp.jedit.pluginmgr.PluginListHandler.endElement(java.lang.String);org.gjt.sp.jedit.pluginmgr.PluginList;16;20;1;0.607843137254902;0.728813559322034;45;129;145
bsh.EvalError.getErrorSourceFile();bsh.SimpleNode;1;0;1;1.0;0.9473684210526316;4;55;79
org.gjt.sp.jedit.Buffer.setMode(org.gjt.sp.jedit.Mode);org.gjt.sp.jedit.Mode;1;5;3;0.9642857142857143;0.9444444444444444;15;1466;85
org.gjt.sp.jedit.textarea.TextAreaPainter.addExtension(int, org.gjt.sp.jedit.textarea.TextAreaExtension);org.gjt.sp.jedit.textarea.ExtensionManager;1;0;1;1.0;0.875;4;363;58
bsh.NameSpace.loadScriptedCommand(bsh.Interpreter, java.io.InputStream, java.lang.Class[], java.lang.String, java.lang.String);bsh.Interpreter;0;0;0;0;0;0;0;0
bsh.BSHPrimaryExpression.eval(boolean, bsh.CallStack, bsh.Interpreter);bsh.BSHAmbiguousName;0;0;0;0;0;0;0;0
bsh.BSHStatementExpressionList.eval(bsh.CallStack, bsh.Interpreter);bsh.SimpleNode;3;0;2;1.0;0.8421052631578947;8;11;79
bsh.NameSpace.setTypedVariable(bsh.Modifiers, java.lang.Class, java.lang.Object, java.lang.String);bsh.Variable;0;0;0;0;0;0;0;0
org.gjt.sp.jedit.menu.FavoritesProvider.update(javax.swing.JMenu);org.gjt.sp.jedit.jEdit;0;0;0;0;0;0;0;0
org.gjt.sp.jedit.gui.MarkerViewer.refreshList();org.gjt.sp.jedit.jEdit;0;0;0;0;0;0;0;0
org.gjt.sp.jedit.gui.InputHandler.userInput(char);org.gjt.sp.jedit.buffer.JEditBuffer;0;0;0;0;0;0;0;0
org.gjt.sp.jedit.gui.OptionsDialog.dispose();org.gjt.sp.jedit.GUIUtilities;0;0;0;0;0;0;0;0
bsh.Parser.UnaryExpressionNotPlusMinus();bsh.BSHUnaryExpression;1;11;3;0.975609756097561;0.9761904761904762;71;6765;42
bsh.BSHTypedVariableDeclaration.eval(bsh.CallStack, bsh.Interpreter);bsh.CallStack;1;2;8;0.9230769230769231;0.9523809523809523;23;32;42
org.gjt.sp.jedit.EditPane.handleBufferUpdate(org.gjt.sp.jedit.msg.BufferUpdate);org.gjt.sp.jedit.textarea.JEditTextArea;3;2;7;0.9259259259259259;0.9893617021276596;71;245;2931
org.gjt.sp.jedit.textarea.JEditTextArea.expandFold(boolean);org.gjt.sp.jedit.textarea.ChunkCache;0;0;0;0;0;0;0;0
installer.CBZip2InputStream.setupRandPartA();installer.CRC;0;0;0;0;0;0;0;0
org.gjt.sp.jedit.gui.PanelWindowContainer.show(org.gjt.sp.jedit.gui.DockableWindowManager.Entry);org.gjt.sp.jedit.gui.DockableWindowManager;2;8;2;0.8787878787878788;0.9743589743589743;29;396;429
bsh.NameSpace.getInvocationText();bsh.SimpleNode;1;0;1;1.0;0.9473684210526316;5;421;79
org.gjt.sp.jedit.EditPane.prevBuffer();org.gjt.sp.jedit.jEdit;0;1;2;0.9333333333333333;1.0;5;245;1507
org.gjt.sp.jedit.gui.CloseDialog.actionPerformed(java.awt.event.ActionEvent);org.gjt.sp.jedit.buffer.BufferIORequest;0;0;0;0;0;0;0;0
org.objectweb.asm.ClassWriter.put122(int, int, int);org.objectweb.asm.ByteVector;0;0;0;0;0;0;0;0
org.gjt.sp.jedit.gui.PanelWindowContainer.paintBorder(int, int, int, int, java.awt.Component, java.awt.Graphics);org.gjt.sp.jedit.gui.DockableWindowManager;0;6;1;0.9298245614035088;1.0;11;396;429
org.gjt.sp.jedit.buffer.BufferIORequest.read(boolean, java.io.Reader, long);org.gjt.sp.util.IntegerArray;0;0;0;0;0;0;0;0
org.gjt.sp.jedit.ServiceManager.getInstance();org.gjt.sp.jedit.BeanShell;0;0;0;0;0;0;0;0
org.gjt.sp.jedit.search.CurrentBufferSet.getFiles(org.gjt.sp.jedit.View);org.gjt.sp.jedit.Buffer;1;0;2;1.0;0.9928057553956835;3;16;1466
org.gjt.sp.jedit.buffer.JEditBuffer.getFoldLevel(int);org.gjt.sp.jedit.Debug;0;0;0;0;0;0;0;0
org.gjt.sp.jedit.textarea.Gutter.getExtensions();org.gjt.sp.jedit.textarea.ExtensionManager;0;0;0;0;0;0;0;0
bsh.BSHAllocationExpression.constructWithClassBody(bsh.BSHBlock, bsh.CallStack, bsh.Interpreter, java.lang.Class, java.lang.Object[]);bsh.ClassGenerator;0;0;0;0;0;0;0;0
bsh.BSHAllocationExpression.objectAllocation(bsh.BSHAmbiguousName, bsh.BSHArguments, bsh.CallStack, bsh.Interpreter);bsh.ClassIdentifier;0;0;0;0;0;0;0;0
org.gjt.sp.jedit.options.AbbrevsOptionPane.edit();org.gjt.sp.jedit.gui.EditAbbrevDialog;2;1;2;0.95;0.8461538461538461;13;140;53
org.gjt.sp.jedit.GUIUtilities.windowOpened(java.awt.event.WindowEvent);org.gjt.sp.util.Log;0;0;0;0;0;0;0;0
org.gjt.sp.jedit.View.quickIncrementalSearch(boolean);org.gjt.sp.jedit.textarea.JEditTextArea;2;1;3;0.9836065573770492;0.992831541218638;17;530;2931
org.gjt.sp.jedit.gui.PanelWindowContainer.register(org.gjt.sp.jedit.gui.DockableWindowManager.Entry);org.gjt.sp.jedit.gui.DockableWindowFactory;0;0;0;0;0;0;0;0
org.gjt.sp.jedit.textarea.JEditTextArea.getSelectedText(org.gjt.sp.jedit.textarea.Selection);org.gjt.sp.jedit.textarea.Selection;0;0;0;0;0;0;0;0
org.gjt.sp.jedit.gui.EditAbbrevDialog.getAbbrev();org.gjt.sp.jedit.gui.AbbrevEditor;1;1;1;0.8888888888888888;0.875;4;53;139
org.gjt.sp.jedit.textarea.ScrollLineCount.reset();org.gjt.sp.jedit.textarea.Anchor;0;0;0;0;0;0;0;0
org.gjt.sp.jedit.search.HyperSearchRequest.doHyperSearch(int, int, javax.swing.tree.DefaultMutableTreeNode, org.gjt.sp.jedit.Buffer);org.gjt.sp.jedit.search.HyperSearchResult;0;0;0;0;0;0;0;0
org.gjt.sp.jedit.search.BoyerMooreSearchMatcher.nextMatch(boolean, boolean, boolean, boolean, gnu.regexp.CharIndexed);org.gjt.sp.jedit.search.SearchMatcher;0;0;0;0;0;0;0;0
org.gjt.sp.jedit.print.BufferPrintable.printPage(boolean, int, java.awt.Graphics, java.awt.print.PageFormat);org.gjt.sp.jedit.buffer.JEditBuffer;0;0;0;0;0;0;0;0
org.gjt.sp.jedit.Macros.recordInput(boolean, java.lang.String);org.gjt.sp.jedit.MiscUtilities;0;0;0;0;0;0;0;0
org.gjt.sp.jedit.menu.DirectoryProvider.update(javax.swing.JMenu);org.gjt.sp.jedit.jEdit;0;0;0;0;0;0;0;0
gnu.regexp.RETokenLookAhead.dump(java.lang.StringBuffer);gnu.regexp.REToken;1;1;1;0.8333333333333334;0.875;6;29;30
org.gjt.sp.jedit.browser.VFSBrowser.getSelectedFiles(java.util.EventObject, org.gjt.sp.jedit.browser.VFSBrowser);org.gjt.sp.jedit.GUIUtilities;0;0;0;0;0;0;0;0
org.gjt.sp.jedit.options.PluginManagerOptionPane.actionPerformed(java.awt.event.ActionEvent);org.gjt.sp.jedit.io.VFSManager;0;0;0;0;0;0;0;0
org.gjt.sp.jedit.gui.MarkerViewer.goToSelectedMarker();org.gjt.sp.jedit.View;0;0;0;0;0;0;0;0
org.gjt.sp.jedit.textarea.ChunkCache.invalidateChunksFrom(int);org.gjt.sp.util.Log;0;0;0;0;0;0;0;0
org.gjt.sp.jedit.browser.VFSFileChooserDialog.ok();org.gjt.sp.jedit.View;0;0;0;0;0;0;0;0
org.gjt.sp.jedit.pluginmgr.PluginList.getInstalledPath();org.gjt.sp.jedit.MiscUtilities;0;0;0;0;0;0;0;0
org.gjt.sp.jedit.gui.InputHandler.invokeAction(org.gjt.sp.jedit.EditAction);org.gjt.sp.jedit.buffer.JEditBuffer;0;0;0;0;0;0;0;0
org.gjt.sp.jedit.View.removeToolBar(java.awt.Component);org.gjt.sp.jedit.gui.ToolBarManager;1;0;1;1.0;0.9166666666666666;4;530;66
bsh.BSHAllocationExpression.arrayNewInstance(bsh.BSHArrayDimensions, bsh.CallStack, java.lang.Class);bsh.BSHArrayDimensions;0;0;0;0;0;0;0;0
bsh.Parser.InclusiveOrExpression();bsh.BSHBinaryExpression;1;8;3;0.9814814814814815;0.9444444444444444;44;6765;55
org.gjt.sp.jedit.gui.FilesChangedDialog.reload();org.gjt.sp.jedit.Buffer;0;0;0;0;0;0;0;0
org.gjt.sp.jedit.syntax.TokenMarker.handleRule(boolean, org.gjt.sp.jedit.syntax.ParserRule);org.gjt.sp.jedit.syntax.SyntaxUtilities;0;0;0;0;0;0;0;0
org.gjt.sp.jedit.textarea.Gutter.getToolTipText(java.awt.event.MouseEvent);org.gjt.sp.jedit.textarea.JEditTextArea;0;0;3;1.0;1.0;4;362;2931
org.gjt.sp.jedit.textarea.JEditTextArea.deleteToEndOfLine();org.gjt.sp.jedit.buffer.JEditBuffer;0;0;0;0;0;0;0;0
org.gjt.sp.jedit.textarea.BufferHandler.doDelayedUpdate();org.gjt.sp.jedit.textarea.ChunkCache;0;0;0;0;0;0;0;0
org.gjt.sp.jedit.gui.FloatingWindowContainer.remove(org.gjt.sp.jedit.gui.DockableWindowManager.Entry);org.gjt.sp.jedit.gui.DockableWindowManager;0;0;0;0;0;0;0;0
bsh.ParserTokenManager.jjMoveStringLiteralDfa5_0(long, long, long, long, long, long);bsh.JavaCharStream;0;0;0;0;0;0;0;0
org.gjt.sp.jedit.textarea.JEditTextArea.goToNextWord(boolean, boolean);org.gjt.sp.jedit.buffer.JEditBuffer;0;0;0;0;0;0;0;0
bsh.ParseException.getErrorLineNumber();bsh.Token;1;0;1;1.0;0.8333333333333334;3;133;9
bsh.BSHTryStatement.eval(bsh.CallStack, bsh.Interpreter);bsh.SimpleNode;2;0;7;1.0;0.9393939393939394;52;55;79
org.gjt.sp.jedit.browser.VFSDirectoryEntryTable.processKeyEvent(java.awt.event.KeyEvent);org.gjt.sp.jedit.MiscUtilities;0;0;0;0;0;0;0;0
org.gjt.sp.jedit.buffer.JEditBuffer.insert(int, javax.swing.text.Segment);org.gjt.sp.util.IntegerArray;0;0;0;0;0;0;0;0
org.gjt.sp.jedit.EditPane.nextBuffer();org.gjt.sp.jedit.jEdit;0;1;2;0.9333333333333333;1.0;5;245;1507
org.gjt.sp.jedit.syntax.TokenMarker.handleNoWordBreak();org.gjt.sp.jedit.syntax.ParserRuleSet;0;0;0;0;0;0;0;0
org.gjt.sp.jedit.menu.FavoritesProvider.update(javax.swing.JMenu);org.gjt.sp.jedit.MiscUtilities;0;0;0;0;0;0;0;0
org.gjt.sp.jedit.print.BufferPrintable.run();org.gjt.sp.jedit.GUIUtilities;0;0;0;0;0;0;0;0
bsh.Parser.MethodDeclaration();bsh.Token;1;11;3;0.9745958429561201;0.9583333333333334;58;6765;9
org.gjt.sp.jedit.menu.PluginsProvider.update(javax.swing.JMenu);org.gjt.sp.util.Log;0;0;0;0;0;0;0;0
bsh.Interpreter.set(java.lang.Object, java.lang.String);bsh.SimpleNode;0;0;0;0;0;0;0;0
org.gjt.sp.jedit.search.HyperSearchResults.showPopupMenu(java.awt.event.MouseEvent);org.gjt.sp.jedit.GUIUtilities;0;0;0;0;0;0;0;0
org.gjt.sp.jedit.browser.VFSDirectoryEntryTableModel.addExtendedAttributes(org.gjt.sp.jedit.io.VFS);org.gjt.sp.jedit.io.VFS;0;0;0;0;0;0;0;0
bsh.XThis.invokeImpl(java.lang.Object, java.lang.Object[], java.lang.reflect.Method);bsh.NameSpace;0;0;0;0;0;0;0;0
org.gjt.sp.jedit.gui.StatusBar.updateCaretStatus();org.gjt.sp.jedit.Buffer;0;0;0;0;0;0;0;0
bsh.BSHArrayDimensions.eval(bsh.CallStack, bsh.Interpreter);bsh.Reflect;0;3;4;0.7857142857142857;1.0;29;40;413
org.gjt.sp.jedit.menu.EnhancedMenuItem.mouseEntered(java.awt.event.MouseEvent);org.gjt.sp.jedit.GUIUtilities;0;0;0;0;0;0;0;0
org.gjt.sp.jedit.browser.BrowserView.mouseReleased(java.awt.event.MouseEvent);org.gjt.sp.jedit.browser.VFSBrowser;0;0;0;0;0;0;0;0
org.gjt.sp.jedit.textarea.BufferHandler.contentRemoved(int, int, int, int, org.gjt.sp.jedit.buffer.JEditBuffer);org.gjt.sp.jedit.buffer.JEditBuffer;0;0;0;0;0;0;0;0
org.gjt.sp.jedit.options.StyleTableModel.getTableCellRendererComponent(boolean, boolean, int, int, java.lang.Object, javax.swing.JTable);org.gjt.sp.jedit.options.SyntaxHiliteOptionPane;0;0;0;0;0;0;0;0
org.gjt.sp.jedit.browser.VFSFileChooserDialog.ok();org.gjt.sp.jedit.Buffer;0;0;0;0;0;0;0;0
org.objectweb.asm.CodeWriter.visitVarInsn(int, int);org.objectweb.asm.ByteVector;0;0;0;0;0;0;0;0
org.gjt.sp.jedit.buffer.BufferIORequest.read(boolean, java.io.Reader, long);org.gjt.sp.util.SegmentBuffer;0;0;0;0;0;0;0;0
org.gjt.sp.jedit.textarea.ScreenLineManager.invalidateScreenLineCounts();org.gjt.sp.jedit.buffer.JEditBuffer;0;0;0;0;0;0;0;0
org.gjt.sp.jedit.print.BufferPrintable.print();org.gjt.sp.util.Log;0;0;0;0;0;0;0;0
bsh.LHS.assign(boolean, java.lang.Object);bsh.CollectionManager;0;0;0;0;0;0;0;0
org.gjt.sp.jedit.View.close();org.gjt.sp.jedit.gui.DockableWindowManager;1;5;4;0.9107142857142857;0.9852941176470589;16;530;429
bsh.BSHImportDeclaration.eval(bsh.CallStack, bsh.Interpreter);bsh.UtilEvalError;0;0;0;0;0;0;0;0
org.gjt.sp.jedit.textarea.JEditTextArea.collapseFold();org.gjt.sp.jedit.textarea.DisplayManager;0;0;0;0;0;0;0;0
org.gjt.sp.jedit.gui.DefaultInputHandler.setCurrentBindings(java.util.Hashtable);org.gjt.sp.jedit.gui.StatusBar;0;0;0;0;0;0;0;0
org.gjt.sp.jedit.EditAction.actionPerformed(java.awt.event.ActionEvent);org.gjt.sp.util.Log;0;0;0;0;0;0;0;0
org.gjt.sp.jedit.pluginmgr.Roster.run();org.gjt.sp.jedit.GUIUtilities;0;0;0;0;0;0;0;0
bsh.Parser.SwitchLabel();bsh.BSHSwitchLabel;1;8;2;0.9815668202764977;0.9444444444444444;55;6765;8
bsh.BSHPrimaryExpression.eval(boolean, bsh.CallStack, bsh.Interpreter);bsh.BSHPrimarySuffix;0;0;0;0;0;0;0;0
org.gjt.sp.jedit.pluginmgr.InstallPanel.actionPerformed(java.awt.event.ActionEvent);org.gjt.sp.jedit.jEdit;0;0;0;0;0;0;0;0
org.gjt.sp.jedit.gui.IOProgressMonitor.updateCaption();org.gjt.sp.jedit.jEdit;1;1;3;0.9411764705882353;1.0;4;92;1507
bsh.BSHForStatement.eval(bsh.CallStack, bsh.Interpreter);bsh.CallStack;2;3;5;0.8;0.9090909090909091;39;42;42
org.gjt.sp.jedit.options.BrowserOptionPane._init();org.gjt.sp.jedit.AbstractOptionPane;2;10;2;0.4117647058823529;0.9615384615384616;37;53;78
org.gjt.sp.jedit.textarea.DisplayManager.showLineRange(int, int);org.gjt.sp.jedit.textarea.RangeMap;0;0;0;0;0;0;0;0
bsh.BSHMethodInvocation.eval(bsh.CallStack, bsh.Interpreter);bsh.UtilEvalError;0;0;0;0;0;0;0;0
org.gjt.sp.jedit.search.HyperSearchResults.mousePressed(java.awt.event.MouseEvent);org.gjt.sp.jedit.GUIUtilities;0;0;0;0;0;0;0;0
bsh.BSHMethodDeclaration.evalNodes(bsh.CallStack, bsh.Interpreter);bsh.BSHAmbiguousName;0;0;0;0;0;0;0;0
org.gjt.sp.jedit.textarea.JEditTextArea.setBuffer(org.gjt.sp.jedit.buffer.JEditBuffer);org.gjt.sp.jedit.buffer.JEditBuffer;0;0;0;0;0;0;0;0
org.gjt.sp.jedit.search.SearchDialog.save(boolean);org.gjt.sp.jedit.io.VFSManager;0;0;0;0;0;0;0;0
org.gjt.sp.jedit.io.FileVFS.isReadable();org.gjt.sp.jedit.io.VFSFile;0;0;0;0;0;0;0;0
org.gjt.sp.jedit.browser.VFSFileNameField.processKeyEvent(java.awt.event.KeyEvent);org.gjt.sp.jedit.MiscUtilities;0;0;0;0;0;0;0;0
bsh.BSHAmbiguousName.toLHS(bsh.CallStack, bsh.Interpreter);bsh.UtilEvalError;0;0;0;0;0;0;0;0
org.gjt.sp.jedit.gui.JCheckBoxList.getCellRenderer(int, int);org.gjt.sp.jedit.gui.CheckBoxListModel;0;0;0;0;0;0;0;0
org.gjt.sp.jedit.gui.DockableWindowManager.addEntry(org.gjt.sp.jedit.gui.DockableWindowFactory.Window);org.gjt.sp.util.Log;0;0;0;0;0;0;0;0
org.gjt.sp.jedit.textarea.FirstLine.reset();org.gjt.sp.jedit.textarea.JEditTextArea;0;0;0;0;0;0;0;0
org.gjt.sp.jedit.JARClassLoader._loadClass(boolean, java.lang.String);org.gjt.sp.jedit.MiscUtilities;0;1;2;0.95;1.0;33;236;491
org.gjt.sp.jedit.browser.BrowserIORequest.delete();org.gjt.sp.util.WorkRequest;2;2;4;0.8947368421052632;0.8333333333333334;26;160;16
org.gjt.sp.jedit.textarea.DisplayManager.bufferLoaded();org.gjt.sp.jedit.textarea.RangeMap;0;0;0;0;0;0;0;0
org.gjt.sp.jedit.PerspectiveManager.endElement(java.lang.String);org.gjt.sp.jedit.View;0;0;0;0;0;0;0;0
installer.SwingInstall.install();installer.Install;2;7;1;0.8444444444444444;0.8888888888888888;17;301;43
org.gjt.sp.jedit.search.BufferListSet.getNextFile(java.lang.String, org.gjt.sp.jedit.View);org.gjt.sp.jedit.io.VFS;0;0;0;0;0;0;0;0
macos.MacOSActions.run();org.gjt.sp.jedit.jEdit;0;0;0;0;0;0;0;0
org.gjt.sp.jedit.View.updateTitle();org.gjt.sp.jedit.EditPane;0;2;3;0.967741935483871;1.0;15;530;245
org.gjt.sp.jedit.menu.RecentDirectoriesProvider.update(javax.swing.JMenu);org.gjt.sp.jedit.GUIUtilities;0;0;0;0;0;0;0;0
org.gjt.sp.jedit.textarea.JEditTextArea.spacesToTabs();org.gjt.sp.jedit.TextUtilities;1;5;2;0.985663082437276;1.0;18;2931;348
bsh.BSHAmbiguousName.toLHS(bsh.CallStack, bsh.Interpreter);bsh.Name;1;1;2;0.8888888888888888;0.95;3;21;291
org.gjt.sp.jedit.pluginmgr.PluginManager.updatePluginList();org.gjt.sp.jedit.GUIUtilities;0;0;0;0;0;0;0;0
org.gjt.sp.jedit.textarea.JEditTextArea.goToPrevLine(boolean);org.gjt.sp.jedit.textarea.ChunkCache;1;10;3;0.9712230215827338;0.9787234042553191;32;2931;425
org.gjt.sp.jedit.browser.VFSFileChooserDialog.getSelectedFiles();org.gjt.sp.jedit.MiscUtilities;0;2;3;0.92;1.0;18;197;491
org.gjt.sp.jedit.help.HelpViewer.run();org.gjt.sp.jedit.help.HelpTOCPanel;0;0;0;0;0;0;0;0
org.gjt.sp.jedit.gui.MarkerViewer.handleMessage(org.gjt.sp.jedit.EBMessage);org.gjt.sp.jedit.msg.ViewUpdate;0;0;0;0;0;0;0;0
gnu.regexp.RETokenRepeated.matchRest(gnu.regexp.CharIndexed, gnu.regexp.REMatch);gnu.regexp.REMatch;1;0;2;1.0;0.95;21;120;95
macos.Delegate.insertSelection(java.lang.String, macos.NSPasteboard);org.gjt.sp.jedit.View;0;0;0;0;0;0;0;0
org.gjt.sp.jedit.textarea.DisplayManager.getPrevVisibleLine(int);org.gjt.sp.jedit.buffer.JEditBuffer;0;0;0;0;0;0;0;0
org.gjt.sp.jedit.gui.StatusBar.updateCaretStatus();org.gjt.sp.jedit.buffer.JEditBuffer;0;0;0;0;0;0;0;0
org.gjt.sp.jedit.View.goToBuffer(org.gjt.sp.jedit.Buffer);org.gjt.sp.jedit.EditPane;0;0;0;0;0;0;0;0
org.gjt.sp.jedit.io.FileVFS.insert(java.lang.String, org.gjt.sp.jedit.Buffer, org.gjt.sp.jedit.View);org.gjt.sp.jedit.io.VFSManager;1;0;2;1.0;1.0;13;214;120
org.gjt.sp.jedit.textarea.Gutter.paintComponent(java.awt.Graphics);org.gjt.sp.jedit.textarea.JEditTextArea;11;13;6;0.8673469387755102;0.9658385093167702;104;362;2931
org.objectweb.asm.ClassWriter.newMethod(java.lang.String, java.lang.String, java.lang.String);org.objectweb.asm.Item;0;0;0;0;0;0;0;0
bsh.BSHAmbiguousName.toLHS(bsh.CallStack, bsh.Interpreter);bsh.CallStack;1;1;2;0.8888888888888888;0.9230769230769231;3;21;42
org.gjt.sp.jedit.gui.MarkerViewer.updateSelection();org.gjt.sp.jedit.Marker;0;0;0;0;0;0;0;0
org.gjt.sp.jedit.PluginJAR.generateCache();org.gjt.sp.jedit.MiscUtilities;0;0;0;0;0;0;0;0
org.gjt.sp.jedit.pluginmgr.InstallPanel.actionPerformed(java.awt.event.ActionEvent);org.gjt.sp.jedit.pluginmgr.PluginList;0;0;0;0;0;0;0;0
org.gjt.sp.jedit.gui.OptionsDialog.init(java.lang.String, java.lang.String);org.gjt.sp.jedit.OperatingSystem;0;0;0;0;0;0;0;0
bsh.Interpreter.run();bsh.JJTParserState;3;13;9;0.8285714285714285;0.94;74;440;74
org.gjt.sp.jedit.browser.VFSFileNameField.doComplete(boolean, java.lang.String, java.lang.String);org.gjt.sp.jedit.MiscUtilities;0;0;0;0;0;0;0;0
org.objectweb.asm.ClassWriter.newFloat(float);org.objectweb.asm.ByteVector;0;0;0;0;0;0;0;0
org.gjt.sp.jedit.PluginJAR.loadCache(org.gjt.sp.jedit.PluginJAR.PluginCacheEntry);org.gjt.sp.jedit.gui.DockableWindowFactory;0;0;0;0;0;0;0;0
bsh.BshClassManager.definingClass(java.lang.String);bsh.Name;0;0;0;0;0;0;0;0
org.gjt.sp.jedit.textarea.ChunkCache.getBelowPosition(boolean, int, int, int);org.gjt.sp.jedit.textarea.DisplayManager;0;0;0;0;0;0;0;0
org.gjt.sp.jedit.pluginmgr.PluginList.isSatisfied();org.gjt.sp.util.Log;0;6;3;0.8604651162790697;1.0;25;145;143
org.gjt.sp.jedit.gui.EditAbbrevDialog.checkForExistingAbbrev();org.gjt.sp.jedit.GUIUtilities;0;0;0;0;0;0;0;0
bsh.Name.invokeMethod(bsh.CallStack, bsh.Interpreter, bsh.SimpleNode, java.lang.Object[]);bsh.Reflect;2;5;4;0.875;1.0;18;291;413
org.gjt.sp.jedit.EditPane.setBuffer(org.gjt.sp.jedit.Buffer);org.gjt.sp.jedit.EditBus;0;5;6;0.8076923076923077;1.0;32;245;72
org.gjt.sp.jedit.Buffer.setPath(java.lang.String);org.gjt.sp.jedit.io.VFSManager;0;5;3;0.9645390070921985;1.0;11;1466;120
org.gjt.sp.jedit.gui.SplashScreen.paintComponent(java.awt.Graphics);org.gjt.sp.jedit.jEdit;0;0;0;0;0;0;0;0
org.gjt.sp.jedit.search.HyperSearchOperationNode.insertTreeNodes(javax.swing.JTree, javax.swing.tree.DefaultMutableTreeNode);org.gjt.sp.jedit.search.HyperSearchFileNode;0;0;0;0;0;0;0;0
org.gjt.sp.jedit.options.WindowTableModel.save();org.gjt.sp.jedit.jEdit;0;2;1;0.8571428571428572;1.0;3;84;1507
bsh.BshClassManager.getResolvedMethod(boolean, java.lang.Class, java.lang.Class[], java.lang.String);bsh.Interpreter;0;0;0;0;0;0;0;0
org.gjt.sp.jedit.menu.RecentFilesProvider.mouseExited(java.awt.event.MouseEvent);org.gjt.sp.jedit.View;0;0;0;0;0;0;0;0
org.gjt.sp.jedit.search.SearchDialog.load();org.gjt.sp.jedit.MiscUtilities;0;0;0;0;0;0;0;0
org.gjt.sp.jedit.textarea.DisplayManager.showLineRange(int, int);org.gjt.sp.jedit.textarea.Anchor;0;0;0;0;0;0;0;0
org.gjt.sp.jedit.PluginJAR.deactivatePlugin(boolean);org.gjt.sp.jedit.buffer.JEditBuffer;0;0;0;0;0;0;0;0
org.gjt.sp.jedit.textarea.JEditTextArea.deleteWord(boolean);org.gjt.sp.jedit.TextUtilities;0;0;0;0;0;0;0;0
org.gjt.sp.jedit.buffer.JEditBuffer.getVirtualWidth(int, int);org.gjt.sp.jedit.MiscUtilities;0;0;0;0;0;0;0;0
macos.script.AppleScriptHandler.runMacro(org.gjt.sp.jedit.Macros.Macro, org.gjt.sp.jedit.View);org.gjt.sp.jedit.Macros;0;0;0;0;0;0;0;0
org.gjt.sp.jedit.search.SearchBar.keyPressed(java.awt.event.KeyEvent);org.gjt.sp.jedit.View;0;3;3;0.8846153846153846;1.0;22;178;530
org.gjt.sp.jedit.search.SearchBar.find(boolean);org.gjt.sp.jedit.textarea.JEditTextArea;2;3;8;0.9393939393939394;0.9930555555555556;33;178;2931
org.gjt.sp.jedit.print.BufferPrintable.paintFooter(boolean, double, double, double, double, int, java.awt.Graphics2D);org.gjt.sp.jedit.jEdit;0;0;0;0;0;0;0;0
org.gjt.sp.jedit.Macros.dispose();org.gjt.sp.jedit.buffer.JEditBuffer;0;0;0;0;0;0;0;0
org.gjt.sp.jedit.jEdit.run();org.gjt.sp.jedit.Marker;1;0;4;1.0;0.9411764705882353;21;1507;26
bsh.BSHMethodInvocation.eval(bsh.CallStack, bsh.Interpreter);bsh.NameSpace;0;0;0;0;0;0;0;0
org.gjt.sp.jedit.options.SaveBackupOptionPane._save();org.gjt.sp.jedit.jEdit;0;0;0;0;0;0;0;0
org.gjt.sp.jedit.textarea.TextAreaPainter.getToolTipText(java.awt.event.MouseEvent);org.gjt.sp.jedit.buffer.JEditBuffer;0;0;0;0;0;0;0;0
org.gjt.sp.jedit.Buffer.checkFileForLoad(java.lang.String, org.gjt.sp.jedit.io.VFS, org.gjt.sp.jedit.View);org.gjt.sp.jedit.io.VFSManager;0;0;0;0;0;0;0;0
bsh.Parser.Modifiers(boolean, int);bsh.Modifiers;0;0;0;0;0;0;0;0
org.objectweb.asm.ClassWriter.newUTF8(java.lang.String);org.objectweb.asm.Item;0;0;0;0;0;0;0;0
org.gjt.sp.jedit.browser.VFSFileNameField.goToParent();org.gjt.sp.jedit.browser.VFSDirectoryEntryTable;0;0;0;0;0;0;0;0
org.gjt.sp.util.ReadWriteLock.readLock();org.gjt.sp.util.Log;0;4;1;0.7777777777777778;1.0;20;73;143
org.gjt.sp.jedit.syntax.XModeHandler.attribute(boolean, java.lang.String, java.lang.String);org.gjt.sp.jedit.syntax.Token;0;0;0;0;0;0;0;0
bsh.BSHForStatement.eval(bsh.CallStack, bsh.Interpreter);bsh.BSHIfStatement;1;3;5;0.8;1.0;39;42;19
bsh.Parser.IfStatement();bsh.JJTParserState;4;9;1;0.9792626728110599;0.9;50;6765;74
org.gjt.sp.jedit.Buffer.checkFileForLoad(java.lang.String, org.gjt.sp.jedit.io.VFS, org.gjt.sp.jedit.View);org.gjt.sp.jedit.buffer.JEditBuffer;0;0;0;0;0;0;0;0
installer.TarEntry.adjustEntryName(byte[], java.lang.String);installer.TarHeader;0;0;0;0;0;0;0;0
org.gjt.sp.jedit.textarea.JEditTextArea.goToNextWord(boolean, boolean);org.gjt.sp.jedit.TextUtilities;0;0;0;0;0;0;0;0
bsh.Name.invokeLocalMethod(bsh.CallStack, bsh.Interpreter, bsh.SimpleNode, java.lang.Object[]);bsh.BshMethod;1;2;5;0.9166666666666666;1.0;38;291;59
macos.menu.MacOSMenu.update(javax.swing.JMenu);org.gjt.sp.jedit.Buffer;0;0;0;0;0;0;0;0
org.gjt.sp.jedit.textarea.JEditTextArea.goToPrevFold(boolean);org.gjt.sp.jedit.textarea.DisplayManager;0;0;0;0;0;0;0;0
org.gjt.sp.jedit.PluginJAR.read(java.io.DataInputStream);org.gjt.sp.jedit.jEdit;0;0;0;0;0;0;0;0
org.gjt.sp.jedit.gui.PanelWindowContainer.save();org.gjt.sp.jedit.gui.DockableWindowManager;1;3;2;0.9464285714285714;0.984375;7;396;429
bsh.Name.invokeMethod(bsh.CallStack, bsh.Interpreter, bsh.SimpleNode, java.lang.Object[]);bsh.ClassIdentifier;0;0;0;0;0;0;0;0
bsh.BSHAllocationExpression.constructWithInterfaceBody(bsh.BSHBlock, bsh.CallStack, bsh.Interpreter, java.lang.Class, java.lang.Object[]);bsh.CallStack;0;0;0;0;0;0;0;0
org.gjt.sp.jedit.Buffer.putBooleanProperty(boolean, java.lang.String);org.gjt.sp.jedit.buffer.JEditBuffer;0;0;0;0;0;0;0;0
bsh.BSHTryStatement.eval(bsh.CallStack, bsh.Interpreter);bsh.TargetError;1;0;7;1.0;0.9583333333333334;52;55;50
bsh.BSHAllocationExpression.objectAllocation(bsh.BSHAmbiguousName, bsh.BSHArguments, bsh.CallStack, bsh.Interpreter);bsh.BSHAmbiguousName;1;2;4;0.9230769230769231;0.9230769230769231;12;71;21
bsh.BSHAmbiguousName.toObject(boolean, bsh.CallStack, bsh.Interpreter);bsh.CallStack;0;0;0;0;0;0;0;0
org.gjt.sp.jedit.gui.BufferOptions.ok();org.gjt.sp.jedit.Buffer;9;14;8;0.6744186046511628;0.9640718562874252;72;208;1466
org.gjt.sp.jedit.pluginmgr.PluginManager.run();org.gjt.sp.util.Log;0;0;0;0;0;0;0;0
bsh.Variable.getValue();bsh.LHS;0;0;0;0;0;0;0;0
org.gjt.sp.jedit.EBPlugin.handleMessage(org.gjt.sp.jedit.EBMessage);org.gjt.sp.jedit.EditPlugin;0;0;0;0;0;0;0;0
bsh.BSHMethodDeclaration.evalNodes(bsh.CallStack, bsh.Interpreter);bsh.BSHFormalParameters;0;0;0;0;0;0;0;0
bsh.NameSpace.loadScriptedCommand(bsh.Interpreter, java.io.InputStream, java.lang.Class[], java.lang.String, java.lang.String);bsh.EvalError;0;0;0;0;0;0;0;0
org.gjt.sp.jedit.gui.ActionBar.complete(boolean);org.gjt.sp.jedit.gui.HistoryTextField;0;0;0;0;0;0;0;0
org.gjt.sp.jedit.options.AbbrevsOptionPane.actionPerformed(java.awt.event.ActionEvent);org.gjt.sp.jedit.gui.EditAbbrevDialog;2;8;2;0.7419354838709677;0.935483870967742;35;140;53
org.gjt.sp.jedit.browser.VFSDirectoryEntryTable.setDirectory(java.lang.Object, java.util.ArrayList, java.util.Set, org.gjt.sp.jedit.io.VFS);org.gjt.sp.jedit.browser.BrowserView;0;0;0;0;0;0;0;0
org.gjt.sp.jedit.gui.MarkerViewer.updateSelection();org.gjt.sp.jedit.View;0;0;0;0;0;0;0;0
org.gjt.sp.jedit.syntax.DisplayTokenHandler.createChunk(byte, int, int, org.gjt.sp.jedit.syntax.TokenMarker.LineContext);org.gjt.sp.jedit.syntax.DefaultTokenHandler;0;0;0;0;0;0;0;0
org.gjt.sp.jedit.browser.VFSBrowser.filesActivated(boolean, int);org.gjt.sp.jedit.buffer.JEditBuffer;0;0;0;0;0;0;0;0
org.gjt.sp.jedit.gui.LogViewer.propertiesChanged();org.gjt.sp.jedit.jEdit;0;0;0;0;0;0;0;0
org.gjt.sp.jedit.JARClassLoader.getResource(java.lang.String);org.gjt.sp.util.Log;0;2;1;0.8571428571428572;1.0;12;236;143
bsh.BSHPrimaryExpression.eval(boolean, bsh.CallStack, bsh.Interpreter);bsh.UtilEvalError;0;0;0;0;0;0;0;0
org.gjt.sp.jedit.browser.BrowserIORequest.delete();org.gjt.sp.util.Log;0;0;0;0;0;0;0;0
org.gjt.sp.jedit.Autosave.actionPerformed(java.awt.event.ActionEvent);org.gjt.sp.jedit.PerspectiveManager;0;0;0;0;0;0;0;0
org.gjt.sp.jedit.pluginmgr.InstallPanel.actionPerformed(java.awt.event.ActionEvent);org.gjt.sp.jedit.MiscUtilities;0;0;0;0;0;0;0;0
org.gjt.sp.jedit.View.caretUpdate(javax.swing.event.CaretEvent);org.gjt.sp.jedit.gui.StatusBar;2;0;1;1.0;0.935483870967742;4;530;281
org.gjt.sp.jedit.pluginmgr.InstallPanel.update();org.gjt.sp.jedit.pluginmgr.PluginList;0;0;0;0;0;0;0;0
org.gjt.sp.jedit.menu.RecentFilesProvider.update(javax.swing.JMenu);org.gjt.sp.jedit.View;0;0;0;0;0;0;0;0
bsh.BSHPrimarySuffix.doSuffix(boolean, bsh.CallStack, bsh.Interpreter, java.lang.Object);bsh.UtilEvalError;0;0;0;0;0;0;0;0
org.gjt.sp.jedit.options.ShortcutsOptionPane.initModels();org.gjt.sp.jedit.jEdit;0;3;2;0.9;1.0;11;164;1507
bsh.Interpreter.get(java.lang.String);bsh.Primitive;0;0;2;1.0;1.0;4;440;451
org.gjt.sp.jedit.pluginmgr.ManagePanel.valueChanged(javax.swing.event.ListSelectionEvent);org.gjt.sp.jedit.JARClassLoader;0;0;0;0;0;0;0;0
bsh.Interpreter.getClassManager();bsh.NameSpace;0;0;0;0;0;0;0;0
bsh.XThis.toString();bsh.This;0;0;2;1.0;1.0;3;42;54
org.gjt.sp.jedit.help.HelpViewer.handleMessage(org.gjt.sp.jedit.EBMessage);org.gjt.sp.jedit.msg.PluginUpdate;0;0;0;0;0;0;0;0
org.gjt.sp.jedit.textarea.ChunkCache.getAbovePosition(boolean, int, int, int);org.gjt.sp.jedit.textarea.DisplayManager;0;0;0;0;0;0;0;0
org.gjt.sp.jedit.syntax.DefaultTokenHandler.getParserRuleSet(org.gjt.sp.jedit.syntax.TokenMarker.LineContext);org.gjt.sp.jedit.syntax.TokenMarker;0;0;0;0;0;0;0;0
org.gjt.sp.util.WorkThreadPool.waitForRequests();org.gjt.sp.util.Log;0;4;1;0.8918918918918919;1.0;24;186;143
org.gjt.sp.jedit.menu.MarkersProvider.actionPerformed(java.awt.event.ActionEvent);org.gjt.sp.jedit.Marker;0;0;0;0;0;0;0;0
org.gjt.sp.jedit.textarea.JEditTextArea.goToStartOfWhiteSpace(boolean);org.gjt.sp.jedit.buffer.JEditBuffer;0;0;0;0;0;0;0;0
bsh.BSHCastExpression.eval(bsh.CallStack, bsh.Interpreter);bsh.CallStack;1;1;4;1.0;0.9411764705882353;14;61;42
org.gjt.sp.jedit.textarea.DisplayManager.invalidateScreenLineCounts();org.gjt.sp.jedit.textarea.Anchor;0;0;0;0;0;0;0;0
org.gjt.sp.jedit.textarea.MouseHandler.doSingleClick(java.awt.event.MouseEvent);org.gjt.sp.jedit.textarea.TextAreaPainter;0;0;0;0;0;0;0;0
org.gjt.sp.jedit.textarea.Gutter.getToolTipText(java.awt.event.MouseEvent);org.gjt.sp.jedit.textarea.ExtensionManager;1;0;3;1.0;0.9;4;362;58
org.gjt.sp.jedit.textarea.Gutter.mouseDragged(java.awt.event.MouseEvent);org.gjt.sp.jedit.textarea.JEditTextArea;2;1;1;0.9811320754716981;0.9927007299270073;6;362;2931
bsh.Name.invokeMethod(bsh.CallStack, bsh.Interpreter, bsh.SimpleNode, java.lang.Object[]);bsh.Interpreter;1;5;4;0.875;0.9807692307692307;18;291;440
org.gjt.sp.jedit.browser.VFSBrowser.newFile();org.gjt.sp.jedit.io.VFSFile;0;0;0;0;0;0;0;0
org.gjt.sp.jedit.PerspectiveManager.endElement(java.lang.String);org.gjt.sp.jedit.jEdit;0;0;0;0;0;0;0;0
org.gjt.sp.jedit.EditPane.loadBufferSwitcher();org.gjt.sp.jedit.jEdit;0;0;2;1.0;1.0;15;245;1507
bsh.LHS.assign(boolean, java.lang.Object);bsh.Primitive;0;0;0;0;0;0;0;0
org.gjt.sp.jedit.Buffer.load(boolean, org.gjt.sp.jedit.View);org.gjt.sp.jedit.msg.BufferUpdate;0;23;10;0.8562091503267975;1.0;68;1466;18
org.objectweb.asm.CodeWriter.visitIincInsn(int, int);org.objectweb.asm.ByteVector;0;0;0;0;0;0;0;0
installer.InstallThread.installComponent(java.lang.String);installer.TarEntry;0;0;0;0;0;0;0;0
bsh.BSHAssignment.eval(bsh.CallStack, bsh.Interpreter);bsh.Interpreter;0;0;0;0;0;0;0;0
org.gjt.sp.jedit.ModeCatalogHandler.endElement(java.lang.String);org.gjt.sp.jedit.MiscUtilities;0;6;3;0.6;1.0;19;45;491
bsh.BSHTypedVariableDeclaration.eval(bsh.CallStack, bsh.Interpreter);bsh.BSHType;1;2;8;0.9230769230769231;0.9375;23;32;35
org.gjt.sp.jedit.io.VFS.load(java.lang.String, org.gjt.sp.jedit.Buffer, org.gjt.sp.jedit.View);org.gjt.sp.jedit.buffer.JEditBuffer;0;0;0;0;0;0;0;0
org.gjt.sp.jedit.textarea.DisplayManager.setScreenLineCount(int, int);org.gjt.sp.jedit.textarea.ScreenLineManager;0;0;0;0;0;0;0;0
org.gjt.sp.jedit.Buffer.removeBufferChangeListener(org.gjt.sp.jedit.buffer.BufferChangeListener);org.gjt.sp.jedit.buffer.JEditBuffer;0;0;0;0;0;0;0;0
org.gjt.sp.jedit.search.SearchBar.propertiesChanged();org.gjt.sp.jedit.jEdit;0;0;0;0;0;0;0;0
org.gjt.sp.jedit.browser.VFSDirectoryEntryTable.resizeColumns();org.gjt.sp.jedit.io.VFSFile;0;0;0;0;0;0;0;0
org.gjt.sp.jedit.buffer.LineManager.contentInserted(int, int, int, int, org.gjt.sp.util.IntegerArray);org.gjt.sp.util.IntegerArray;0;0;0;0;0;0;0;0
org.gjt.sp.jedit.options.GutterOptionPane._init();org.gjt.sp.jedit.AbstractOptionPane;2;7;2;0.5625;0.96;27;52;78
org.gjt.sp.jedit.gui.StatusBar.setMessage(java.lang.String);org.gjt.sp.jedit.View;1;3;3;0.9210526315789473;0.9836065573770492;17;281;530
org.gjt.sp.jedit.gui.HistoryTextArea.addCurrentToHistory();org.gjt.sp.jedit.gui.HistoryText;0;0;0;0;0;0;0;0
org.gjt.sp.jedit.gui.CloseDialog.actionPerformed(java.awt.event.ActionEvent);org.gjt.sp.jedit.buffer.JEditBuffer;0;0;0;0;0;0;0;0
org.gjt.sp.jedit.gui.StatusBar.setMessage(java.lang.String);org.gjt.sp.jedit.jEdit;1;3;3;0.9210526315789473;1.0;17;281;1507
bsh.BSHTryStatement.eval(bsh.CallStack, bsh.Interpreter);bsh.Primitive;0;0;7;1.0;1.0;52;55;451
org.gjt.sp.jedit.options.ToolBarEditDialog.actionPerformed(java.awt.event.ActionEvent);org.gjt.sp.util.Log;0;9;4;0.5909090909090908;1.0;22;156;143
org.gjt.sp.jedit.gui.DockableWindowManager.handleMessage(org.gjt.sp.jedit.EBMessage);org.gjt.sp.jedit.gui.DockableWindowFactory;0;0;0;0;0;0;0;0
bsh.BSHArrayDimensions.eval(bsh.CallStack, bsh.Interpreter, java.lang.Class);bsh.Interpreter;0;2;1;0.6666666666666667;1.0;5;40;440
org.gjt.sp.jedit.io.FileVFS._mkdir(java.awt.Component, java.lang.Object, java.lang.String);org.gjt.sp.jedit.io.VFSManager;1;0;1;1.0;1.0;5;214;120
bsh.Parser.AmbiguousName();bsh.BSHAmbiguousName;1;4;3;0.9907834101382489;0.9473684210526316;33;6765;21
bsh.Parser.PreIncrementExpression();bsh.BSHUnaryExpression;1;4;3;0.9907192575406032;0.9333333333333333;21;6765;42
org.gjt.sp.jedit.EditPane.goToPrevMarker(boolean);org.gjt.sp.jedit.Marker;0;0;0;0;0;0;0;0
org.gjt.sp.jedit.gui.OptionsDialog.getTreeCellRendererComponent(boolean, boolean, boolean, boolean, int, java.lang.Object, javax.swing.JTree);org.gjt.sp.jedit.jEdit;0;2;3;0.9473684210526316;1.0;27;289;1507
org.gjt.sp.jedit.textarea.JEditTextArea.formatParagraph();org.gjt.sp.jedit.buffer.JEditBuffer;0;0;0;0;0;0;0;0
org.gjt.sp.jedit.textarea.TextAreaPainter.setCaretColor(java.awt.Color);org.gjt.sp.jedit.textarea.JEditTextArea;2;1;1;0.9830508474576272;0.9926470588235294;4;363;2931
bsh.BSHReturnStatement.eval(bsh.CallStack, bsh.Interpreter);bsh.SimpleNode;3;1;2;0.8;0.85;6;9;79
org.gjt.sp.jedit.textarea.JEditTextArea.updateStructureHighlight();org.gjt.sp.jedit.textarea.TextAreaPainter;0;0;0;0;0;0;0;0
org.gjt.sp.jedit.ModeCatalogHandler.doctypeDecl(java.lang.String, java.lang.String, java.lang.String);org.gjt.sp.util.Log;0;1;1;0.9090909090909091;1.0;4;45;143
org.gjt.sp.jedit.gui.EnhancedButton.mouseEntered(java.awt.event.MouseEvent);org.gjt.sp.jedit.View;0;0;4;1.0;1.0;6;26;530
org.gjt.sp.jedit.help.HistoryButton.setEnabled(boolean);org.gjt.sp.jedit.gui.RolloverButton;0;0;0;0;0;0;0;0
org.gjt.sp.jedit.textarea.JEditTextArea.addToSelection(org.gjt.sp.jedit.textarea.Selection[]);org.gjt.sp.jedit.textarea.SelectionManager;0;0;0;0;0;0;0;0
org.gjt.sp.jedit.options.ToolBarEditDialog.actionPerformed(java.awt.event.ActionEvent);org.gjt.sp.jedit.MiscUtilities;0;9;4;0.5909090909090908;1.0;22;156;491
org.gjt.sp.jedit.gui.PanelWindowContainer.unregister(org.gjt.sp.jedit.gui.DockableWindowManager.Entry);org.gjt.sp.jedit.gui.DockableWindowManager;0;0;0;0;0;0;0;0
org.gjt.sp.jedit.browser.VFSFileChooserDialog.ok();org.gjt.sp.jedit.MiscUtilities;0;5;3;0.8214285714285714;1.0;29;197;491
org.gjt.sp.jedit.textarea.SelectionManager.getSelectionStartAndEnd(int, int, org.gjt.sp.jedit.textarea.Selection);org.gjt.sp.jedit.textarea.DisplayManager;0;0;0;0;0;0;0;0
org.gjt.sp.jedit.indent.CloseBracketIndentRule.apply(int, int, int, java.util.List, org.gjt.sp.jedit.buffer.JEditBuffer);org.gjt.sp.jedit.buffer.JEditBuffer;0;0;0;0;0;0;0;0
org.gjt.sp.jedit.EditPane.goToPrevMarker(boolean);org.gjt.sp.jedit.textarea.JEditTextArea;0;0;0;0;0;0;0;0
org.gjt.sp.jedit.textarea.JEditTextArea.isEditable();org.gjt.sp.jedit.buffer.JEditBuffer;0;0;0;0;0;0;0;0
org.gjt.sp.jedit.pluginmgr.PluginList.getInstalledPath();org.gjt.sp.jedit.PluginJAR;0;0;0;0;0;0;0;0
installer.TarInputStream.close();installer.TarBuffer;0;0;0;0;0;0;0;0
org.gjt.sp.jedit.gui.FloatingWindowContainer.register(org.gjt.sp.jedit.gui.DockableWindowManager.Entry);org.gjt.sp.jedit.gui.DockableWindowFactory;0;0;0;0;0;0;0;0
QuickNotepad.keyPressed(java.awt.event.KeyEvent);org.gjt.sp.jedit.View;0;1;2;0.9473684210526316;1.0;7;115;530
org.gjt.sp.jedit.search.SearchBar.keyPressed(java.awt.event.KeyEvent);org.gjt.sp.jedit.EditPane;1;3;3;0.8846153846153846;0.962962962962963;22;178;245
org.gjt.sp.jedit.PluginJAR.uninit(boolean);org.gjt.sp.jedit.ServiceManager;0;0;0;0;0;0;0;0
bsh.Interpreter.eval(bsh.NameSpace, java.io.Reader, java.lang.String);bsh.ReturnControl;1;6;8;0.9;0.9565217391304348;58;440;4
org.gjt.sp.jedit.Buffer.recoverAutosave(org.gjt.sp.jedit.View);org.gjt.sp.jedit.GUIUtilities;2;2;3;0.9863013698630136;1.0;17;1466;395
bsh.NameSpace.getClassManager();bsh.BshClassManager;0;0;0;0;0;0;0;0
org.gjt.sp.jedit.menu.EnhancedCheckBoxMenuItem.paint(java.awt.Graphics);org.gjt.sp.jedit.OperatingSystem;0;0;0;0;0;0;0;0
org.gjt.sp.jedit.gui.OptionsDialog.valueChanged(javax.swing.event.TreeSelectionEvent);org.gjt.sp.jedit.jEdit;0;3;2;0.9333333333333333;1.0;35;289;1507
bsh.BSHSwitchStatement.eval(bsh.CallStack, bsh.Interpreter);bsh.BSHSwitchLabel;2;0;4;1.0;0.75;35;38;8
org.gjt.sp.jedit.search.SearchBar.focusLost(java.awt.event.FocusEvent);org.gjt.sp.jedit.gui.HistoryTextField;0;0;0;0;0;0;0;0
org.gjt.sp.jedit.View.handleEditPaneUpdate(org.gjt.sp.jedit.msg.EditPaneUpdate);org.gjt.sp.jedit.EditPane;0;0;3;1.0;1.0;7;530;245
org.gjt.sp.jedit.Registers.doctypeDecl(java.lang.String, java.lang.String, java.lang.String);org.gjt.sp.util.Log;0;0;0;0;0;0;0;0
org.gjt.sp.jedit.io.FileVFS.insert(java.lang.String, org.gjt.sp.jedit.Buffer, org.gjt.sp.jedit.View);org.gjt.sp.jedit.io.VFS;1;0;2;1.0;1.0;13;214;167
org.gjt.sp.jedit.gui.RegisterViewer.removeNotify();org.gjt.sp.jedit.EditBus;0;0;0;0;0;0;0;0
bsh.BSHEnhancedForStatement.eval(bsh.CallStack, bsh.Interpreter);bsh.CollectionManager;0;0;0;0;0;0;0;0
org.gjt.sp.jedit.textarea.JEditTextArea.scrollTo(boolean, int, int);org.gjt.sp.jedit.textarea.ChunkCache;2;16;5;0.9446366782006921;0.9692307692307692;65;2931;425
org.gjt.sp.jedit.help.HelpTOCPanel.loadTOC(java.lang.String, javax.swing.tree.DefaultMutableTreeNode);com.microstar.xml.XmlException;0;0;0;0;0;0;0;0
org.gjt.sp.jedit.syntax.XModeHandler.startElement(java.lang.String);org.gjt.sp.jedit.syntax.ParserRuleSet;4;7;2;0.8292682926829268;0.8181818181818181;20;343;79
bsh.ParserTokenManager.getNextToken();bsh.JavaCharStream;0;0;0;0;0;0;0;0
org.gjt.sp.jedit.EditPane.goToMarker(boolean, char);org.gjt.sp.jedit.Marker;0;0;0;0;0;0;0;0
org.gjt.sp.jedit.EditServer.run();org.gjt.sp.jedit.BeanShell;1;0;1;1.0;1.0;3;83;229
bsh.BshMethod.invoke(boolean, bsh.CallStack, bsh.Interpreter, bsh.SimpleNode, java.lang.Object[]);bsh.NameSpace;0;0;0;0;0;0;0;0
org.gjt.sp.jedit.textarea.JEditTextArea.rangeComment();org.gjt.sp.jedit.textarea.Selection;6;4;2;0.9859649122807017;0.8095238095238095;38;2931;59
org.gjt.sp.jedit.search.SearchDialog.save(boolean);org.gjt.sp.jedit.GUIUtilities;0;0;0;0;0;0;0;0
org.gjt.sp.jedit.textarea.JEditTextArea.joinLines();org.gjt.sp.jedit.buffer.JEditBuffer;0;0;0;0;0;0;0;0
org.gjt.sp.jedit.options.ToolBarOptionPane._init();org.gjt.sp.jedit.EditAction;1;9;3;0.7906976744186046;0.9743589743589743;68;149;36
org.gjt.sp.jedit.buffer.BufferAutosaveRequest.run();org.gjt.sp.jedit.io.VFS;0;0;0;0;0;0;0;0
bsh.Parser.jj_scan_token(int);bsh.Token;1;3;2;0.9929742388758782;0.9;24;6765;9
org.objectweb.asm.ClassWriter.newItfMethod(java.lang.String, java.lang.String, java.lang.String);org.objectweb.asm.Item;0;0;0;0;0;0;0;0
org.gjt.sp.jedit.textarea.RangeMap.put(int, int, int[]);org.gjt.sp.jedit.Debug;0;0;0;0;0;0;0;0
org.gjt.sp.jedit.syntax.TokenMarker.markKeyword(boolean);gnu.regexp.RE;0;0;0;0;0;0;0;0
org.gjt.sp.jedit.options.TextAreaOptionPane.actionPerformed(java.awt.event.ActionEvent);org.gjt.sp.jedit.gui.FontSelector;0;0;0;0;0;0;0;0
org.gjt.sp.jedit.options.ShortcutsOptionPane._save();org.gjt.sp.jedit.Macros;0;3;1;0.9;1.0;6;164;333
org.gjt.sp.jedit.buffer.JEditBuffer.fireFoldHandlerChanged();org.gjt.sp.util.Log;0;0;0;0;0;0;0;0
org.gjt.sp.jedit.gui.IOProgressMonitor.updateCaption();org.gjt.sp.util.WorkThreadPool;1;1;3;0.9411764705882353;0.9736842105263158;4;92;186
org.gjt.sp.jedit.browser.VFSDirectoryEntryTableModel.getColumnWidth(int);org.gjt.sp.jedit.jEdit;0;0;0;0;0;0;0;0
org.gjt.sp.jedit.gui.DockableWindowFactory.isSelected(org.gjt.sp.jedit.View);org.gjt.sp.jedit.gui.DockableWindowManager;0;0;0;0;0;0;0;0
org.gjt.sp.jedit.options.ContextOptionPane.compare(java.lang.Object, java.lang.Object);org.gjt.sp.jedit.MiscUtilities;1;1;1;0.9333333333333333;1.0;3;116;491
org.gjt.sp.jedit.textarea.JEditTextArea.goToStartOfLine(boolean);org.gjt.sp.jedit.textarea.Selection;1;7;3;0.9744525547445255;0.9375;10;2931;59
gnu.regexp.RE.getMinMax(char[], gnu.regexp.IntPair, gnu.regexp.RESyntax, int);gnu.regexp.CharUnit;2;1;4;1.0;0.8333333333333334;37;609;0
org.gjt.sp.jedit.menu.FavoritesProvider.actionPerformed(java.awt.event.ActionEvent);org.gjt.sp.jedit.browser.VFSBrowser;0;0;0;0;0;0;0;0
org.gjt.sp.jedit.options.PluginManagerOptionPane.getID(int);org.gjt.sp.jedit.pluginmgr.MirrorList;0;0;0;0;0;0;0;0
org.gjt.sp.jedit.gui.DockableWindowFactory.loadDockableWindows(java.net.URL, org.gjt.sp.jedit.PluginJAR, org.gjt.sp.jedit.PluginJAR.PluginCacheEntry);org.gjt.sp.util.Log;0;0;0;0;0;0;0;0
bsh.ClassGeneratorUtil.generateClass();bsh.Variable;0;0;0;0;0;0;0;0
org.gjt.sp.jedit.textarea.TextAreaPainter.paintSelection(int, int, int, java.awt.Graphics2D, org.gjt.sp.jedit.textarea.Selection);org.gjt.sp.jedit.textarea.SelectionManager;0;0;0;0;0;0;0;0
org.gjt.sp.jedit.io.FileVFS._getFile(java.awt.Component, java.lang.Object, java.lang.String);org.gjt.sp.jedit.io.VFSFile;0;0;0;0;0;0;0;0
org.gjt.sp.jedit.gui.ActionBar.goToActionBar();org.gjt.sp.jedit.gui.HistoryTextField;0;0;0;0;0;0;0;0
org.gjt.sp.jedit.View.handleBufferUpdate(org.gjt.sp.jedit.msg.BufferUpdate);org.gjt.sp.jedit.EditPane;0;2;3;0.9636363636363636;1.0;14;530;245
org.gjt.sp.jedit.textarea.JEditTextArea._finishCaretUpdate();org.gjt.sp.jedit.buffer.JEditBuffer;0;0;0;0;0;0;0;0
org.gjt.sp.jedit.textarea.JEditTextArea.insertTabAndIndent();org.gjt.sp.jedit.buffer.JEditBuffer;0;0;0;0;0;0;0;0
org.gjt.sp.jedit.EditPane.close();org.gjt.sp.jedit.textarea.JEditTextArea;0;0;0;0;0;0;0;0
org.gjt.sp.jedit.buffer.JEditBuffer.insertIndented(int, java.lang.String);org.gjt.sp.jedit.MiscUtilities;0;0;0;0;0;0;0;0
org.gjt.sp.jedit.gui.ActionBar.goToActionBar();org.gjt.sp.jedit.View;0;0;0;0;0;0;0;0
org.gjt.sp.jedit.gui.DockableWindowManager.propertiesChanged();org.gjt.sp.jedit.View;0;0;0;0;0;0;0;0
org.gjt.sp.jedit.browser.VFSBrowser.run();org.gjt.sp.jedit.MiscUtilities;0;5;5;0.927536231884058;1.0;32;675;491
bsh.ParserTokenManager.jjMoveStringLiteralDfa23_0(long, long);bsh.JavaCharStream;0;0;0;0;0;0;0;0
bsh.Name.invokeMethod(bsh.CallStack, bsh.Interpreter, bsh.SimpleNode, java.lang.Object[]);bsh.NameSpace;1;5;4;0.875;0.9827586206896551;18;291;421
org.gjt.sp.jedit.help.HelpSearchPanel.run();org.gjt.sp.jedit.jEdit;0;0;0;0;0;0;0;0
org.gjt.sp.jedit.syntax.DefaultTokenHandler.getParserRuleSet(org.gjt.sp.jedit.syntax.TokenMarker.LineContext);org.gjt.sp.jedit.syntax.ParserRuleSet;0;0;0;0;0;0;0;0
bsh.BSHIfStatement.eval(bsh.CallStack, bsh.Interpreter);bsh.Primitive;0;1;2;1.0;1.0;7;19;451
org.gjt.sp.jedit.search.CurrentBufferSet.getFiles(org.gjt.sp.jedit.View);org.gjt.sp.jedit.View;1;0;2;1.0;0.9811320754716981;3;16;530
org.gjt.sp.jedit.browser.VFSBrowser.mkdir();org.gjt.sp.jedit.io.VFS;5;3;4;0.953125;0.8918918918918919;18;675;167
org.gjt.sp.jedit.search.SearchDialog.synchronizeMultiFileSettings();org.gjt.sp.jedit.gui.HistoryTextField;0;0;0;0;0;0;0;0
org.gjt.sp.jedit.gui.BufferSwitcher.getListCellRendererComponent(boolean, boolean, int, java.lang.Object, javax.swing.JList);org.gjt.sp.jedit.Buffer;1;0;1;1.0;0.9928571428571429;7;26;1466
org.gjt.sp.jedit.browser.BrowserView.loadDirectory(boolean, java.lang.Object, java.lang.String);org.gjt.sp.jedit.io.VFSManager;0;0;0;0;0;0;0;0
org.gjt.sp.jedit.textarea.SelectionManager.insideSelection(int, int);org.gjt.sp.jedit.textarea.JEditTextArea;0;0;0;0;0;0;0;0
org.gjt.sp.jedit.PluginJAR.uninit(boolean);org.gjt.sp.jedit.BeanShell;0;0;0;0;0;0;0;0
org.gjt.sp.jedit.browser.VFSBrowser.filesSelected();org.gjt.sp.jedit.browser.BrowserView;1;2;4;0.9682539682539683;0.9782608695652174;17;675;404
org.gjt.sp.jedit.options.ToolBarOptionPane._init();org.gjt.sp.jedit.jEdit;0;9;3;0.7906976744186046;1.0;68;149;1507
org.gjt.sp.jedit.textarea.JEditTextArea.replaceSelection(java.lang.String);org.gjt.sp.jedit.textarea.Selection;0;0;0;0;0;0;0;0
org.gjt.sp.jedit.search.SearchBar.find(boolean);org.gjt.sp.jedit.search.SearchDialog;0;0;0;0;0;0;0;0
org.gjt.sp.jedit.Buffer.checkFileForLoad(java.lang.String, org.gjt.sp.jedit.io.VFS, org.gjt.sp.jedit.View);org.gjt.sp.jedit.io.VFS;0;0;0;0;0;0;0;0
org.gjt.sp.jedit.gui.PanelWindowContainer.register(org.gjt.sp.jedit.gui.DockableWindowManager.Entry);org.gjt.sp.jedit.OperatingSystem;0;0;0;0;0;0;0;0
org.gjt.sp.jedit.textarea.ChunkCache.lineToChunkList(int, java.util.List);org.gjt.sp.jedit.syntax.DisplayTokenHandler;0;0;0;0;0;0;0;0
org.gjt.sp.jedit.textarea.DisplayManager.hideLineRange(int, int);org.gjt.sp.jedit.textarea.ScreenLineManager;0;0;0;0;0;0;0;0
org.gjt.sp.jedit.menu.FavoritesProvider.update(javax.swing.JMenu);org.gjt.sp.jedit.GUIUtilities;0;0;0;0;0;0;0;0
org.objectweb.asm.Item.set(int);org.objectweb.asm.ClassWriter;0;0;0;0;0;0;0;0
org.gjt.sp.jedit.gui.FloatingWindowContainer.register(org.gjt.sp.jedit.gui.DockableWindowManager.Entry);org.gjt.sp.jedit.GUIUtilities;0;1;2;0.9411764705882353;1.0;8;31;395
org.gjt.sp.jedit.ActionSet.removeAllActions();org.gjt.sp.jedit.ActionContext;0;0;0;0;0;0;0;0
org.gjt.sp.jedit.textarea.TextAreaTransferHandler.importText(java.awt.datatransfer.Transferable, javax.swing.JComponent);org.gjt.sp.jedit.textarea.JEditTextArea;0;0;0;0;0;0;0;0
bsh.Parser.DoStatement();bsh.BSHWhileStatement;1;5;2;0.9885321100917431;0.9411764705882353;47;6765;35
org.gjt.sp.jedit.textarea.Selection.setText(java.lang.String, org.gjt.sp.jedit.buffer.JEditBuffer);org.gjt.sp.jedit.MiscUtilities;0;0;0;0;0;0;0;0
org.gjt.sp.jedit.msg.DockableWindowUpdate.paramString();org.gjt.sp.jedit.EBMessage;0;0;0;0;0;0;0;0
org.gjt.sp.jedit.gui.PanelWindowContainer.mousePressed(java.awt.event.MouseEvent);org.gjt.sp.jedit.GUIUtilities;0;0;0;0;0;0;0;0
org.gjt.sp.jedit.textarea.JEditTextArea.goToPrevCharacter(boolean);org.gjt.sp.jedit.textarea.Selection;1;10;2;0.9637681159420289;0.9523809523809523;30;2931;59
installer.TarEntry.setSize(long);installer.TarHeader;0;0;0;0;0;0;0;0
org.gjt.sp.jedit.options.GeneralOptionPane._save();org.gjt.sp.jedit.jEdit;1;12;2;0.4285714285714286;1.0;28;80;1507
org.gjt.sp.jedit.options.FirewallOptionPane._save();org.gjt.sp.jedit.jEdit;1;6;1;0.5384615384615384;1.0;8;47;1507
org.gjt.sp.jedit.EditAction.getMouseOverText();org.gjt.sp.jedit.jEdit;0;0;0;0;0;0;0;0
org.gjt.sp.jedit.browser.VFSFileChooserDialog.run();org.gjt.sp.jedit.io.VFSFile;0;0;0;0;0;0;0;0
bsh.Name.toLHS(bsh.CallStack, bsh.Interpreter);bsh.ClassIdentifier;0;0;0;0;0;0;0;0
bsh.BSHPrimarySuffix.doProperty(boolean, bsh.CallStack, bsh.Interpreter, java.lang.Object);bsh.UtilEvalError;0;0;0;0;0;0;0;0
macos.MacOSOptionPane._init();org.gjt.sp.jedit.jEdit;0;0;0;0;0;0;0;0
org.gjt.sp.jedit.options.PluginOptions.createOptionTreeModel();org.gjt.sp.util.Log;0;0;0;0;0;0;0;0
org.gjt.sp.jedit.search.SearchDialog.synchronizeMultiFileSettings();org.gjt.sp.jedit.search.AllBufferSet;0;0;0;0;0;0;0;0
org.gjt.sp.jedit.textarea.TextAreaTransferHandler.importData(java.awt.datatransfer.Transferable, javax.swing.JComponent);org.gjt.sp.util.Log;0;0;0;0;0;0;0;0
bsh.ClassGeneratorUtil.generateClass();bsh.BshMethod;0;0;0;0;0;0;0;0
bsh.Parser.MethodInvocation();bsh.JJTParserState;4;4;1;0.9906976744186047;0.8571428571428572;38;6765;74
bsh.NameSpace.invokeMethod(bsh.CallStack, bsh.Interpreter, bsh.SimpleNode, java.lang.Object[], java.lang.String);bsh.This;0;0;0;0;0;0;0;0
org.gjt.sp.jedit.textarea.JEditTextArea.selectBlock();org.gjt.sp.jedit.textarea.Selection;2;6;2;0.978494623655914;0.8947368421052632;53;2931;59
org.gjt.sp.jedit.PluginJAR.activatePlugin();org.gjt.sp.jedit.jEdit;0;0;0;0;0;0;0;0
org.gjt.sp.jedit.View.handleEditPaneUpdate(org.gjt.sp.jedit.msg.EditPaneUpdate);org.gjt.sp.jedit.Buffer;0;0;0;0;0;0;0;0
org.gjt.sp.jedit.browser.VFSFileChooserDialog.doFileExistsWarning(java.lang.String);org.gjt.sp.jedit.browser.VFSBrowser;0;0;0;0;0;0;0;0
org.gjt.sp.jedit.textarea.JEditTextArea.selectToMatchingBracket(boolean, int);org.gjt.sp.jedit.buffer.JEditBuffer;0;0;0;0;0;0;0;0
org.gjt.sp.jedit.EditPane.getToolTipText(int, int);org.gjt.sp.jedit.textarea.TextAreaPainter;0;0;0;0;0;0;0;0
bsh.Interpreter.run();bsh.SimpleNode;2;13;9;0.8285714285714285;0.9636363636363636;74;440;79
bsh.Interpreter.Line();bsh.Parser;1;0;1;1.0;0.9976470588235294;3;440;6765
org.gjt.sp.jedit.JARClassLoader.getZipFile();org.gjt.sp.jedit.PluginJAR;0;0;0;0;0;0;0;0
org.gjt.sp.jedit.textarea.ScreenLineManager.setScreenLineCount(int, int);org.gjt.sp.jedit.Debug;0;0;0;0;0;0;0;0
org.gjt.sp.jedit.browser.VFSBrowser.maybeReloadDirectory(java.lang.String);org.gjt.sp.jedit.io.VFSManager;0;0;0;0;0;0;0;0
bsh.BSHFormalParameter.eval(bsh.CallStack, bsh.Interpreter);bsh.BSHType;0;0;0;0;0;0;0;0
org.gjt.sp.jedit.textarea.JEditTextArea.goToPrevParagraph(boolean);org.gjt.sp.jedit.textarea.DisplayManager;0;0;0;0;0;0;0;0
bsh.BSHAssignment.eval(bsh.CallStack, bsh.Interpreter);bsh.Primitive;0;2;5;0.9736842105263158;1.0;46;61;451
org.gjt.sp.jedit.EditPane.loadCaretInfo();org.gjt.sp.jedit.textarea.JEditTextArea;4;0;4;1.0;0.9855072463768116;11;245;2931
org.gjt.sp.jedit.browser.VFSBrowser.createPopupMenu();org.gjt.sp.jedit.browser.FileCellRenderer;0;0;0;0;0;0;0;0
org.gjt.sp.jedit.textarea.BufferHandler.doDelayedUpdate();org.gjt.sp.jedit.buffer.JEditBuffer;0;0;0;0;0;0;0;0
org.gjt.sp.jedit.search.HyperSearchResults.visit(org.gjt.sp.jedit.Buffer, org.gjt.sp.jedit.search.HyperSearchResult);org.gjt.sp.jedit.search.HyperSearchResult;0;0;0;0;0;0;0;0
org.gjt.sp.jedit.browser.BrowserView.propertiesChanged();org.gjt.sp.jedit.browser.VFSDirectoryEntryTable;0;0;0;0;0;0;0;0
bsh.Parser.ConditionalOrExpression();bsh.JJTParserState;2;8;3;0.9814814814814815;0.9285714285714286;44;6765;74
org.gjt.sp.jedit.textarea.JEditTextArea.goToPrevWord(boolean, boolean);org.gjt.sp.jedit.buffer.JEditBuffer;0;0;0;0;0;0;0;0
org.gjt.sp.jedit.gui.DockableLayout.adjustDockingAreasToFit(int, int, int, int, int, int, int, int, java.awt.Dimension, java.awt.Dimension, java.awt.Dimension);org.gjt.sp.jedit.gui.PanelWindowContainer;0;0;0;0;0;0;0;0
org.gjt.sp.jedit.textarea.FirstLine.physUp(int, int);org.gjt.sp.jedit.textarea.DisplayManager;0;0;0;0;0;0;0;0
org.gjt.sp.jedit.EditPane.getToolTipText(int, int);org.gjt.sp.jedit.Marker;0;0;0;0;0;0;0;0
org.gjt.sp.jedit.textarea.FirstLine.changed();org.gjt.sp.jedit.textarea.Anchor;0;0;0;0;0;0;0;0
bsh.NameSpace.getImportedMethod(java.lang.Class[], java.lang.String);bsh.Reflect;0;0;0;0;0;0;0;0
org.gjt.sp.jedit.browser.VFSBrowser.reloadDirectory();org.gjt.sp.jedit.io.VFSManager;0;1;3;0.9833333333333333;1.0;4;675;120
org.gjt.sp.jedit.textarea.JEditTextArea.xToScreenLineOffset(boolean, int, int);org.gjt.sp.jedit.textarea.DisplayManager;0;0;0;0;0;0;0;0
org.gjt.sp.jedit.ActionSet.addAction(org.gjt.sp.jedit.EditAction);org.gjt.sp.jedit.ActionContext;0;0;0;0;0;0;0;0
org.gjt.sp.jedit.gui.ActionBar.invoke();org.gjt.sp.jedit.BeanShell;0;0;0;0;0;0;0;0
org.gjt.sp.jedit.gui.DockableWindowFactory.load();org.gjt.sp.jedit.PluginJAR;0;0;0;0;0;0;0;0
bsh.JThis.event(java.lang.Object, java.lang.String);bsh.BshMethod;1;0;4;1.0;1.0;17;287;59
org.gjt.sp.jedit.gui.BufferOptions.ok();org.gjt.sp.jedit.buffer.JEditBuffer;0;0;0;0;0;0;0;0
org.gjt.sp.jedit.textarea.DisplayManager.hideLineRange(int, int);org.gjt.sp.util.Log;0;0;0;0;0;0;0;0
org.gjt.sp.jedit.msg.ViewUpdate.paramString();org.gjt.sp.jedit.EBMessage;1;1;1;0.75;0.8333333333333334;3;14;21
org.gjt.sp.jedit.buffer.JEditBuffer.redo(org.gjt.sp.jedit.textarea.JEditTextArea);org.gjt.sp.jedit.textarea.JEditTextArea;0;0;0;0;0;0;0;0
org.gjt.sp.jedit.browser.VFSBrowser.setFilenameFilter(java.lang.String);org.gjt.sp.jedit.gui.HistoryTextField;1;1;1;0.9838709677419355;0.9666666666666667;7;675;249
org.gjt.sp.jedit.buffer.JEditBuffer.setFoldHandler(org.gjt.sp.jedit.buffer.FoldHandler);org.gjt.sp.jedit.buffer.LineManager;0;0;0;0;0;0;0;0
installer.CBZip2InputStream.setupRandPartC();installer.CRC;0;0;0;0;0;0;0;0
org.gjt.sp.jedit.io.FileVFS._canonPath(java.awt.Component, java.lang.Object, java.lang.String);org.gjt.sp.jedit.MiscUtilities;0;0;1;1.0;1.0;3;214;491
org.gjt.sp.jedit.options.AppearanceOptionPane._save();org.gjt.sp.util.Log;0;0;0;0;0;0;0;0
org.objectweb.asm.CodeWriter.visitMultiANewArrayInsn(int, java.lang.String);org.objectweb.asm.ByteVector;0;0;0;0;0;0;0;0
org.gjt.sp.jedit.help.HelpTOCPanel.createTOC();org.gjt.sp.jedit.PluginJAR;0;0;0;0;0;0;0;0
org.gjt.sp.jedit.Mode.loadIfNecessary();org.gjt.sp.jedit.jEdit;0;0;1;1.0;1.0;3;85;1507
org.gjt.sp.jedit.textarea.MouseHandler.doDoubleDrag(java.awt.event.MouseEvent);org.gjt.sp.jedit.buffer.JEditBuffer;0;0;0;0;0;0;0;0
org.gjt.sp.jedit.gui.RegisterViewer.valueChanged(javax.swing.event.ListSelectionEvent);org.gjt.sp.jedit.Registers;0;0;0;0;0;0;0;0
org.gjt.sp.jedit.gui.DockableWindowManager.actionPerformed(java.awt.event.ActionEvent);org.gjt.sp.jedit.EditBus;0;0;0;0;0;0;0;0
org.gjt.sp.jedit.help.HelpIndex.indexEditorHelp();org.gjt.sp.util.Log;0;0;0;0;0;0;0;0
org.gjt.sp.jedit.help.HelpTOCPanel.processMouseEvent(java.awt.event.MouseEvent);org.gjt.sp.jedit.help.HelpViewer;0;0;0;0;0;0;0;0
org.gjt.sp.jedit.search.HyperSearchResult.goTo(org.gjt.sp.jedit.EditPane);org.gjt.sp.jedit.textarea.JEditTextArea;0;0;0;0;0;0;0;0
org.gjt.sp.jedit.textarea.JEditTextArea.setFirstPhysicalLine(int, int);org.gjt.sp.jedit.Debug;0;0;0;0;0;0;0;0
org.gjt.sp.jedit.search.SearchDialog.setSearchString(int, java.lang.String);org.gjt.sp.jedit.jEdit;0;6;2;0.8421052631578947;1.0;28;416;1507
org.gjt.sp.jedit.search.SearchBar.actionPerformed(java.awt.event.ActionEvent);org.gjt.sp.jedit.jEdit;1;5;2;0.736842105263158;1.0;14;178;1507
org.gjt.sp.jedit.io.FileVFS.save(java.lang.String, org.gjt.sp.jedit.Buffer, org.gjt.sp.jedit.View);org.gjt.sp.jedit.buffer.JEditBuffer;0;0;0;0;0;0;0;0
org.gjt.sp.jedit.pluginmgr.PluginManager.handleMessage(org.gjt.sp.jedit.EBMessage);org.gjt.sp.jedit.pluginmgr.InstallPanel;0;0;0;0;0;0;0;0
org.objectweb.asm.CodeWriter.visitTypeInsn(int, java.lang.String);org.objectweb.asm.ByteVector;0;0;0;0;0;0;0;0
org.gjt.sp.jedit.textarea.SelectionManager.invertSelection();org.gjt.sp.jedit.textarea.Selection;0;0;0;0;0;0;0;0
org.gjt.sp.util.WorkThread.doRequests();org.gjt.sp.util.Log;0;2;2;0.9047619047619048;1.0;25;97;143
org.gjt.sp.jedit.SettingsReloader.maybeReload(java.lang.String);org.gjt.sp.jedit.search.BufferListSet;0;0;0;0;0;0;0;0
bsh.BSHTryStatement.eval(bsh.CallStack, bsh.Interpreter);bsh.BSHFormalParameter;3;0;7;1.0;0.8125;52;55;8
org.gjt.sp.jedit.textarea.BufferHandler.foldLevelChanged(int, int, org.gjt.sp.jedit.buffer.JEditBuffer);org.gjt.sp.jedit.buffer.JEditBuffer;0;0;0;0;0;0;0;0
QuickNotepad.copyToBuffer();org.gjt.sp.jedit.textarea.JEditTextArea;1;0;4;1.0;0.996309963099631;4;115;2931
org.gjt.sp.jedit.syntax.DisplayTokenHandler.canMerge(javax.swing.text.Segment, org.gjt.sp.jedit.syntax.Chunk, org.gjt.sp.jedit.syntax.Chunk);org.gjt.sp.jedit.syntax.Chunk;0;0;0;0;0;0;0;0
bsh.Parser.ContinueStatement();bsh.BSHReturnStatement;1;7;2;0.9837962962962963;0.9333333333333333;28;6765;9
org.gjt.sp.jedit.EditPane.loadCaretInfo();org.gjt.sp.jedit.View;0;0;4;1.0;1.0;11;245;530
org.objectweb.asm.CodeWriter.visitLdcInsn(java.lang.Object);org.objectweb.asm.ClassWriter;0;0;0;0;0;0;0;0
org.gjt.sp.jedit.Buffer.setPath(java.lang.String);org.gjt.sp.jedit.buffer.JEditBuffer;0;0;0;0;0;0;0;0
org.gjt.sp.jedit.EditPane.handleBufferUpdate(org.gjt.sp.jedit.msg.BufferUpdate);org.gjt.sp.jedit.jEdit;0;2;7;0.9259259259259259;1.0;71;245;1507
org.gjt.sp.jedit.search.SearchDialog.createSearchSettingsPanel();org.gjt.sp.jedit.jEdit;0;11;2;0.717948717948718;1.0;60;416;1507
bsh.Parser.ArrayDimensions();bsh.JJTParserState;4;11;2;0.9745958429561201;0.9032258064516129;74;6765;74
org.gjt.sp.jedit.gui.EnhancedButton.mouseReleased(java.awt.event.MouseEvent);org.gjt.sp.jedit.View;0;0;0;0;0;0;0;0
org.gjt.sp.jedit.textarea.JEditTextArea.addTopComponent(java.awt.Component);org.gjt.sp.jedit.textarea.ScrollLayout;0;0;0;0;0;0;0;0
bsh.BSHAllocationExpression.constructObject(bsh.CallStack, java.lang.Class, java.lang.Object[]);bsh.Name;0;0;0;0;0;0;0;0
bsh.Name.resolveThisFieldReference(boolean, bsh.CallStack, bsh.Interpreter, bsh.NameSpace, java.lang.String);bsh.This;0;0;0;0;0;0;0;0
macos.MacOSPlugin.osok();org.gjt.sp.jedit.MiscUtilities;0;0;0;0;0;0;0;0
installer.TarEntry.isDirectory();installer.TarHeader;0;0;0;0;0;0;0;0
org.gjt.sp.jedit.gui.PanelWindowContainer.showMostRecent();org.gjt.sp.jedit.gui.DockableWindowFactory;0;0;0;0;0;0;0;0
bsh.BSHArrayInitializer.eval(bsh.CallStack, bsh.Interpreter, int, java.lang.Class);bsh.Interpreter;0;2;3;1.0;1.0;31;44;440
bsh.Parser.ShiftExpression();bsh.JJTParserState;2;8;3;0.981651376146789;0.9375;60;6765;74
org.gjt.sp.jedit.browser.VFSDirectoryEntryTableModel.getColumnName(int);org.gjt.sp.jedit.jEdit;0;0;0;0;0;0;0;0
org.gjt.sp.jedit.gui.OptionsDialog.ok();org.gjt.sp.jedit.jEdit;0;0;0;0;0;0;0;0
org.gjt.sp.jedit.textarea.MouseHandler.mousePressed(java.awt.event.MouseEvent);org.gjt.sp.jedit.OperatingSystem;0;0;0;0;0;0;0;0
macos.MacOSPlugin.run();org.gjt.sp.jedit.GUIUtilities;0;0;0;0;0;0;0;0
org.gjt.sp.jedit.textarea.JEditTextArea.showWordCountDialog();org.gjt.sp.jedit.buffer.JEditBuffer;0;0;0;0;0;0;0;0
bsh.BSHPackageDeclaration.eval(bsh.CallStack, bsh.Interpreter);bsh.SimpleNode;0;0;0;0;0;0;0;0
org.gjt.sp.jedit.textarea.JEditTextArea.removeFromSelection(int);org.gjt.sp.jedit.textarea.SelectionManager;0;0;0;0;0;0;0;0
org.gjt.sp.jedit.Macros.handleMessage(org.gjt.sp.jedit.EBMessage);org.gjt.sp.jedit.msg.BufferUpdate;2;0;1;1.0;0.33333333333333337;8;333;18
org.gjt.sp.jedit.Buffer.save(boolean, java.lang.String, org.gjt.sp.jedit.View);org.gjt.sp.jedit.EditBus;0;17;7;0.9084967320261438;1.0;71;1466;72
org.gjt.sp.jedit.gui.HistoryText.actionPerformed(java.awt.event.ActionEvent);org.gjt.sp.jedit.gui.HistoryModel;0;0;0;0;0;0;0;0
org.gjt.sp.jedit.Buffer.insertFile(java.lang.String, org.gjt.sp.jedit.View);org.gjt.sp.jedit.View;1;8;8;0.9513888888888888;0.984375;30;1466;530
org.gjt.sp.jedit.browser.VFSDirectoryEntryTableModel.collapse(int, org.gjt.sp.jedit.io.VFS);org.gjt.sp.jedit.io.VFSManager;0;0;0;0;0;0;0;0
org.gjt.sp.jedit.gui.HistoryTextField.setModel(java.lang.String);org.gjt.sp.jedit.gui.HistoryText;0;0;0;0;0;0;0;0
org.gjt.sp.jedit.io.UrlVFS._createOutputStream(java.awt.Component, java.lang.Object, java.lang.String);org.gjt.sp.util.Log;0;0;2;1.0;1.0;11;32;143
org.gjt.sp.jedit.textarea.BufferHandler.bufferLoaded(org.gjt.sp.jedit.buffer.JEditBuffer);org.gjt.sp.jedit.textarea.DisplayManager;0;0;0;0;0;0;0;0
org.objectweb.asm.CodeWriter.getCodeSize();org.objectweb.asm.ByteVector;0;0;0;0;0;0;0;0
org.gjt.sp.jedit.textarea.ChunkCache.updateChunksUpTo(int);org.gjt.sp.util.Log;0;0;0;0;0;0;0;0
org.gjt.sp.jedit.View.updateGutterBorders();org.gjt.sp.jedit.textarea.Gutter;1;1;3;0.9811320754716981;0.98;4;530;362
org.gjt.sp.jedit.gui.InputHandler.readNextChar(java.lang.String, java.lang.String);org.gjt.sp.jedit.gui.StatusBar;1;1;2;0.9333333333333333;0.96875;4;141;281
org.gjt.sp.jedit.Macros.dispose();org.gjt.sp.jedit.EditBus;0;2;4;0.9047619047619048;1.0;11;333;72
org.gjt.sp.jedit.textarea.TextAreaTransferHandler.importText(java.awt.datatransfer.Transferable, javax.swing.JComponent);org.gjt.sp.jedit.buffer.JEditBuffer;0;0;0;0;0;0;0;0
bsh.BSHPackageDeclaration.eval(bsh.CallStack, bsh.Interpreter);bsh.Primitive;0;0;0;0;0;0;0;0
installer.InstallThread.run();installer.OperatingSystem;2;6;2;0.6666666666666667;0.8888888888888888;19;58;45
org.gjt.sp.jedit.View.getSplitConfig();org.gjt.sp.jedit.MiscUtilities;0;0;0;0;0;0;0;0
bsh.Interpreter.getInterface(java.lang.Class);bsh.SimpleNode;0;0;0;0;0;0;0;0
org.gjt.sp.jedit.EditPane.nextBuffer();org.gjt.sp.jedit.Buffer;0;1;2;0.9333333333333333;1.0;5;245;1466
org.gjt.sp.jedit.pluginmgr.PluginManager.updatePluginList();org.gjt.sp.jedit.io.VFSManager;0;0;0;0;0;0;0;0
bsh.ParserTokenManager.jjMoveStringLiteralDfa14_0(long, long, long, long);bsh.JavaCharStream;0;0;0;0;0;0;0;0
org.gjt.sp.jedit.help.HelpTOCPanel.createTOC();org.gjt.sp.jedit.jEdit;0;0;0;0;0;0;0;0
bsh.BSHEnhancedForStatement.eval(bsh.CallStack, bsh.Interpreter);bsh.BSHType;0;0;0;0;0;0;0;0
org.gjt.sp.jedit.textarea.JEditTextArea.getLineLength(int);org.gjt.sp.jedit.buffer.JEditBuffer;0;0;0;0;0;0;0;0
org.gjt.sp.jedit.Mode.init();gnu.regexp.RE;0;2;3;0.8461538461538461;1.0;16;85;609
org.gjt.sp.jedit.PluginJAR.uninit(boolean);org.gjt.sp.jedit.gui.DockableWindowFactory;0;0;0;0;0;0;0;0
org.gjt.sp.jedit.search.SearchBar.removeUpdate(javax.swing.event.DocumentEvent);org.gjt.sp.jedit.View;1;3;3;0.9166666666666666;0.9836065573770492;18;178;530
org.gjt.sp.jedit.gui.DockableWindowManager.init();org.gjt.sp.jedit.EditBus;0;0;0;0;0;0;0;0
bsh.LHS.getValue();bsh.Primitive;0;0;0;0;0;0;0;0
org.gjt.sp.jedit.buffer.BufferLoadRequest.run();org.gjt.sp.jedit.Buffer;0;0;0;0;0;0;0;0
org.gjt.sp.jedit.textarea.MouseHandler.mousePressed(java.awt.event.MouseEvent);org.gjt.sp.jedit.textarea.JEditTextArea;0;0;0;0;0;0;0;0
org.gjt.sp.jedit.search.SearchDialog.closeOrKeepDialog();org.gjt.sp.jedit.GUIUtilities;0;2;1;0.9411764705882353;1.0;7;416;395
org.gjt.sp.jedit.buffer.UndoManager.endCompoundEdit();org.gjt.sp.util.Log;0;4;1;0.84;1.0;20;158;143
org.gjt.sp.jedit.textarea.JEditTextArea.narrowToFold();org.gjt.sp.jedit.buffer.JEditBuffer;0;0;0;0;0;0;0;0
org.gjt.sp.jedit.io.VFSFile.getVFS();org.gjt.sp.jedit.io.VFSManager;0;0;0;0;0;0;0;0
org.gjt.sp.jedit.browser.VFSFileChooserDialog.statusUpdate(int, org.gjt.sp.util.WorkThreadPool);org.gjt.sp.util.WorkThreadPool;1;2;2;0.9090909090909091;0.9743589743589743;18;197;186
org.gjt.sp.jedit.textarea.DisplayManager.notifyScreenLineChanges();org.gjt.sp.util.Log;0;0;0;0;0;0;0;0
org.gjt.sp.jedit.search.BufferListSet.getNextFile(java.lang.String, org.gjt.sp.jedit.View);org.gjt.sp.jedit.MiscUtilities;0;0;0;0;0;0;0;0
bsh.ClassGeneratorImpl.setInstanceNameSpaceParent(bsh.NameSpace, java.lang.Object, java.lang.String);bsh.NameSpace;0;0;0;0;0;0;0;0
org.gjt.sp.jedit.buffer.JEditBuffer.getLineStartOffset(int);org.gjt.sp.jedit.buffer.LineManager;0;0;0;0;0;0;0;0
org.gjt.sp.jedit.browser.VFSBrowser.updateFilenameFilter();gnu.regexp.RE;0;0;0;0;0;0;0;0
org.objectweb.asm.CodeWriter.visitJumpInsn(int, org.objectweb.asm.Label);org.objectweb.asm.ByteVector;0;0;0;0;0;0;0;0
org.gjt.sp.jedit.textarea.JEditTextArea.goToNextFold(boolean);org.gjt.sp.jedit.buffer.JEditBuffer;0;0;0;0;0;0;0;0
org.gjt.sp.jedit.Buffer.removeMarker(int);org.gjt.sp.jedit.Marker;2;4;4;0.972027972027972;0.8461538461538461;12;1466;26
org.gjt.sp.jedit.gui.PanelWindowContainer.register(org.gjt.sp.jedit.gui.DockableWindowManager.Entry);org.gjt.sp.jedit.gui.DockableWindowManager;3;6;1;0.9142857142857143;0.9620253164556962;26;396;429
org.gjt.sp.jedit.textarea.DisplayManager.getNextVisibleLine(int);org.gjt.sp.jedit.buffer.JEditBuffer;0;0;0;0;0;0;0;0
bsh.Parser.Type();bsh.BSHType;1;10;2;0.9773755656108597;0.96875;66;6765;35
org.gjt.sp.jedit.gui.DockableWindowManager.showDockableWindow(java.lang.String);org.gjt.sp.jedit.View;0;0;0;0;0;0;0;0
org.gjt.sp.jedit.browser.VFSDirectoryEntryTable.toggleExpanded(int);org.gjt.sp.jedit.browser.VFSDirectoryEntryTableModel;0;0;0;0;0;0;0;0
org.gjt.sp.jedit.pluginmgr.PluginList.getInstalledVersion();org.gjt.sp.jedit.PluginJAR;0;0;0;0;0;0;0;0
org.gjt.sp.jedit.syntax.DefaultTokenHandler.addToken(org.gjt.sp.jedit.syntax.Token, org.gjt.sp.jedit.syntax.TokenMarker.LineContext);org.gjt.sp.jedit.syntax.Token;0;0;0;0;0;0;0;0
org.gjt.sp.jedit.textarea.ChunkCache.getScreenLineOfOffset(int, int);org.gjt.sp.jedit.textarea.JEditTextArea;5;8;1;0.7894736842105263;0.982078853046595;43;425;2931
bsh.Name.invokeMethod(bsh.CallStack, bsh.Interpreter, bsh.SimpleNode, java.lang.Object[]);bsh.Primitive;0;5;4;0.875;1.0;18;291;451
org.gjt.sp.jedit.gui.CloseDialog.valueChanged(javax.swing.event.ListSelectionEvent);org.gjt.sp.jedit.jEdit;0;4;2;0.75;1.0;6;120;1507
org.gjt.sp.jedit.menu.RecentFilesProvider.actionPerformed(java.awt.event.ActionEvent);org.gjt.sp.jedit.jEdit;0;0;0;0;0;0;0;0
bsh.collection.CollectionManagerImpl.isMap(java.lang.Object);bsh.CollectionManager;0;0;0;0;0;0;0;0
org.gjt.sp.jedit.textarea.MouseActions.getActionForEvent(java.awt.event.MouseEvent, java.lang.String);org.gjt.sp.jedit.jEdit;0;0;0;0;0;0;0;0
org.gjt.sp.jedit.textarea.JEditTextArea.goToNextPage(boolean);org.gjt.sp.jedit.textarea.DisplayManager;0;0;0;0;0;0;0;0
org.gjt.sp.jedit.pluginmgr.PluginList.getInstalledVersion();org.gjt.sp.jedit.jEdit;0;0;0;0;0;0;0;0
org.gjt.sp.jedit.io.VFS._createInputStream(boolean, java.awt.Component, java.lang.Object, java.lang.String);org.gjt.sp.jedit.io.VFSManager;1;1;1;0.9696969696969697;1.0;4;167;120
org.gjt.sp.jedit.options.AbbrevsOptionPane.edit();org.gjt.sp.jedit.GUIUtilities;0;0;0;0;0;0;0;0
org.gjt.sp.jedit.gui.StatusBar.updateCaretStatus();org.gjt.sp.jedit.MiscUtilities;0;0;0;0;0;0;0;0
org.gjt.sp.jedit.gui.DockableWindowFactory.isSelected(org.gjt.sp.jedit.View);org.gjt.sp.jedit.View;0;0;0;0;0;0;0;0
org.gjt.sp.jedit.gui.PanelWindowContainer.getDockables();org.gjt.sp.jedit.gui.DockableWindowManager;0;0;0;0;0;0;0;0
org.gjt.sp.jedit.buffer.JEditBuffer.fireContentInserted(int, int, int, int);org.gjt.sp.util.Log;0;0;0;0;0;0;0;0
org.gjt.sp.jedit.Buffer.getMarkerInRange(int, int);org.gjt.sp.jedit.Marker;1;1;1;0.9929078014184397;0.8888888888888888;8;1466;26
org.gjt.sp.jedit.gui.PanelWindowContainer.compare(java.lang.Object, java.lang.Object);org.gjt.sp.jedit.MiscUtilities;0;0;0;0;0;0;0;0
bsh.BSHAssignment.operation(int, java.lang.Object, java.lang.Object);bsh.Primitive;1;0;1;1.0;1.0;12;61;451
org.gjt.sp.jedit.textarea.ExtensionManager.paintScreenLineRange(int, int, int, int, java.awt.Graphics2D, org.gjt.sp.jedit.textarea.JEditTextArea);org.gjt.sp.util.Log;0;0;0;0;0;0;0;0
bsh.Parser.PrimaryExpression();bsh.JJTParserState;4;8;1;0.9815242494226328;0.8928571428571429;50;6765;74
org.gjt.sp.jedit.Buffer.checkFileForLoad(java.lang.String, org.gjt.sp.jedit.io.VFS, org.gjt.sp.jedit.View);org.gjt.sp.jedit.io.VFSFile;0;0;0;0;0;0;0;0
org.gjt.sp.jedit.textarea.JEditTextArea.tallCaretDelete(boolean, org.gjt.sp.jedit.textarea.Selection.Rect);org.gjt.sp.jedit.buffer.JEditBuffer;0;0;0;0;0;0;0;0
org.gjt.sp.jedit.View.showWaitCursor();org.gjt.sp.jedit.textarea.JEditTextArea;0;2;2;0.9642857142857143;1.0;11;530;2931
org.gjt.sp.util.WorkThreadPool.doAWTRequest(org.gjt.sp.util.WorkThreadPool.Request);org.gjt.sp.util.Log;0;2;1;0.9428571428571428;1.0;10;186;143
bsh.BSHBlock.evalBlock(boolean, bsh.BSHBlock.NodeFilter, bsh.CallStack, bsh.Interpreter);bsh.CallStack;0;0;0;0;0;0;0;0
bsh.This.invokeMethod(boolean, bsh.CallStack, bsh.Interpreter, bsh.SimpleNode, java.lang.Object[], java.lang.String);bsh.SimpleNode;0;0;0;0;0;0;0;0
org.gjt.sp.jedit.View.split(int);org.gjt.sp.jedit.EditPane;3;4;1;0.9428571428571428;0.9117647058823529;39;530;245
org.gjt.sp.jedit.io.FileVFS.getExtendedAttribute(java.lang.String);org.gjt.sp.jedit.io.VFSFile;0;0;0;0;0;0;0;0
org.gjt.sp.jedit.pluginmgr.ManagePanel.setValueAt(int, int, java.lang.Object);org.gjt.sp.jedit.jEdit;0;0;0;0;0;0;0;0
org.gjt.sp.jedit.View.processKeyEvent(int, java.awt.event.KeyEvent);org.gjt.sp.jedit.gui.InputHandler;0;0;0;0;0;0;0;0
org.gjt.sp.jedit.browser.VFSBrowser.handleMessage(org.gjt.sp.jedit.EBMessage);org.gjt.sp.jedit.msg.PluginUpdate;0;0;0;0;0;0;0;0
org.gjt.sp.jedit.browser.VFSBrowser.delete(org.gjt.sp.jedit.io.VFSFile[]);org.gjt.sp.jedit.io.VFSManager;0;0;0;0;0;0;0;0
org.gjt.sp.jedit.EditAction.isToggle();org.gjt.sp.jedit.jEdit;0;0;0;0;0;0;0;0
org.gjt.sp.jedit.gui.CloseDialog.actionPerformed(java.awt.event.ActionEvent);org.gjt.sp.jedit.io.VFSManager;0;9;3;0.6086956521739131;1.0;50;120;120
bsh.This.invokeMethod(boolean, bsh.CallStack, bsh.Interpreter, bsh.SimpleNode, java.lang.Object[], java.lang.String);bsh.BshMethod;0;0;0;0;0;0;0;0
org.gjt.sp.jedit.menu.MacrosProvider.createMacrosMenu(int, java.util.Vector, javax.swing.JMenu);org.gjt.sp.jedit.jEdit;0;0;0;0;0;0;0;0
org.gjt.sp.jedit.gui.DockablePanel.mousePressed(java.awt.event.MouseEvent);org.gjt.sp.jedit.gui.PanelWindowContainer;0;0;0;0;0;0;0;0
org.gjt.sp.jedit.textarea.JEditTextArea.getText();org.gjt.sp.jedit.buffer.JEditBuffer;0;0;0;0;0;0;0;0
org.gjt.sp.jedit.gui.MarkerViewer.goToSelectedMarker();org.gjt.sp.jedit.textarea.JEditTextArea;0;0;0;0;0;0;0;0
org.gjt.sp.jedit.browser.VFSBrowser.updateFilenameFilter();org.gjt.sp.jedit.GUIUtilities;0;0;0;0;0;0;0;0
bsh.JThis.imageUpdate(int, int, int, int, int, java.awt.Image);bsh.NameSpace;1;0;4;1.0;1.0;10;287;421
org.gjt.sp.jedit.textarea.JEditTextArea.setBuffer(org.gjt.sp.jedit.buffer.JEditBuffer);org.gjt.sp.jedit.textarea.ChunkCache;0;0;0;0;0;0;0;0
macos.Delegate.applicationShouldTerminate(macos.NSApplication);org.gjt.sp.jedit.jEdit;0;0;0;0;0;0;0;0
org.gjt.sp.jedit.textarea.DisplayManager.setFirstLine(int, int);org.gjt.sp.jedit.textarea.FirstLine;0;0;0;0;0;0;0;0
org.gjt.sp.jedit.gui.MarkerViewer.getListCellRendererComponent(boolean, boolean, int, java.lang.Object, javax.swing.JList);org.gjt.sp.jedit.textarea.JEditTextArea;0;0;0;0;0;0;0;0
org.objectweb.asm.ClassWriter.newInteger(int);org.objectweb.asm.ByteVector;0;0;0;0;0;0;0;0
org.gjt.sp.jedit.syntax.ParserRuleSet.addRule(org.gjt.sp.jedit.syntax.ParserRule);org.gjt.sp.jedit.syntax.ParserRule;1;2;1;0.8823529411764706;0.8571428571428572;9;79;6
org.gjt.sp.jedit.io.FileVFS._getFile(java.awt.Component, java.lang.Object, java.lang.String);org.gjt.sp.jedit.OperatingSystem;0;0;0;0;0;0;0;0
org.gjt.sp.jedit.pluginmgr.PluginListHandler.startElement(java.lang.String);org.gjt.sp.jedit.pluginmgr.PluginList;0;0;0;0;0;0;0;0
org.gjt.sp.jedit.browser.VFSBrowser.delete(org.gjt.sp.jedit.io.VFSFile[]);org.gjt.sp.jedit.io.VFSFile;0;0;0;0;0;0;0;0
org.gjt.sp.jedit.textarea.JEditTextArea.addExplicitFold();org.gjt.sp.jedit.buffer.JEditBuffer;0;0;0;0;0;0;0;0
bsh.ParserTokenManager.SwitchTo(int);bsh.TokenMgrError;0;1;1;0.9811320754716981;1.0;4;1621;59
org.gjt.sp.jedit.buffer.JEditBuffer.invalidateCachedFoldLevels();org.gjt.sp.jedit.buffer.LineManager;0;0;0;0;0;0;0;0
org.gjt.sp.jedit.Buffer.recoverAutosave(org.gjt.sp.jedit.View);org.gjt.sp.jedit.io.VFSManager;0;2;3;0.9863013698630136;1.0;17;1466;120
org.gjt.sp.jedit.textarea.MouseHandler.doSingleClick(java.awt.event.MouseEvent);org.gjt.sp.jedit.textarea.ChunkCache;0;0;0;0;0;0;0;0
org.objectweb.asm.CodeWriter.visitInsn(int);org.objectweb.asm.Label;0;0;0;0;0;0;0;0
org.gjt.sp.jedit.gui.OptionsDialog.valueChanged(javax.swing.event.TreeSelectionEvent);org.gjt.sp.jedit.OptionGroup;1;3;2;0.9333333333333333;0.9583333333333334;35;289;45
org.gjt.sp.jedit.textarea.ScrollLineCount.reset();org.gjt.sp.jedit.Debug;0;0;0;0;0;0;0;0
bsh.Parser.ConditionalExpression();bsh.JJTParserState;4;10;1;0.9768518518518519;0.8571428571428572;48;6765;74
org.gjt.sp.jedit.options.ContextOptionPane.actionPerformed(java.awt.event.ActionEvent);org.gjt.sp.jedit.options.ContextAddDialog;1;7;3;0.72;0.9655172413793104;40;116;91
org.gjt.sp.jedit.EditPane.saveCaretInfo();org.gjt.sp.jedit.Buffer;1;0;2;1.0;1.0;5;245;1466
org.objectweb.asm.CodeWriter.visitJumpInsn(int, org.objectweb.asm.Label);org.objectweb.asm.Label;0;0;0;0;0;0;0;0
org.gjt.sp.jedit.browser.FileCellRenderer.getTableCellRendererComponent(boolean, boolean, int, int, java.lang.Object, javax.swing.JTable);org.gjt.sp.jedit.io.VFSFile;0;0;0;0;0;0;0;0
org.gjt.sp.jedit.menu.EnhancedMenuItem.mouseReleased(java.awt.event.MouseEvent);org.gjt.sp.jedit.GUIUtilities;0;0;0;0;0;0;0;0
org.gjt.sp.jedit.textarea.DisplayManager.expandFold(boolean, int);org.gjt.sp.jedit.textarea.JEditTextArea;0;0;0;0;0;0;0;0
com.loomcom.ant.tasks.jarbundler.JarBundler.setType(java.lang.String);com.loomcom.ant.tasks.jarbundler.AppBundleProperties;0;0;0;0;0;0;0;0
org.gjt.sp.jedit.browser.VFSBrowser.createPopupMenu();org.gjt.sp.jedit.MiscUtilities;0;0;0;0;0;0;0;0
org.gjt.sp.jedit.PluginJAR.startPlugin();org.gjt.sp.jedit.EditPlugin;0;0;0;0;0;0;0;0
org.gjt.sp.jedit.options.ContextAddDialog.updateList();org.gjt.sp.jedit.ActionSet;1;2;3;0.8888888888888888;0.9411764705882353;13;91;48
org.gjt.sp.util.WorkRequest.setProgressValue(int);org.gjt.sp.util.WorkThread;1;0;1;1.0;0.9375;4;16;97
org.gjt.sp.jedit.ServiceListHandler.doctypeDecl(java.lang.String, java.lang.String, java.lang.String);org.gjt.sp.util.Log;0;0;0;0;0;0;0;0
bsh.Parser.UnaryExpression();bsh.Token;1;11;3;0.9758241758241758;0.9782608695652174;70;6765;9
bsh.ParseException.getMessage(boolean);bsh.EvalError;1;6;2;0.625;0.95;41;133;55
org.gjt.sp.jedit.textarea.JEditTextArea.goToNextCharacter(boolean);org.gjt.sp.jedit.buffer.JEditBuffer;0;0;0;0;0;0;0;0
bsh.Parser.FormalParameter();bsh.BSHFormalParameter;1;9;3;0.9792147806004619;0.9473684210526316;60;6765;8
bsh.Parser.ReInit(java.io.InputStream);bsh.JJTParserState;1;4;3;0.9906542056074766;0.9523809523809523;10;6765;74
org.gjt.sp.jedit.textarea.JEditTextArea.getScreenLineStartOffset(int);org.gjt.sp.jedit.textarea.ChunkCache;4;0;2;1.0;0.8823529411764706;6;2931;425
org.gjt.sp.jedit.gui.GrabKeyDialog.processKeyEvent(java.awt.event.KeyEvent);org.gjt.sp.jedit.gui.KeyEventTranslator;0;0;0;0;0;0;0;0
org.gjt.sp.jedit.gui.IOProgressMonitor.actionPerformed(java.awt.event.ActionEvent);org.gjt.sp.util.WorkThread;1;2;4;0.9;0.9565217391304348;8;92;97
org.gjt.sp.jedit.buffer.BufferLoadRequest.run();org.gjt.sp.jedit.buffer.JEditBuffer;0;0;0;0;0;0;0;0
org.gjt.sp.jedit.textarea.RangeMap.put2(int, int, int, int);org.gjt.sp.util.Log;0;0;0;0;0;0;0;0
org.gjt.sp.jedit.textarea.BufferHandler.contentInserted(int, int, int, int, org.gjt.sp.jedit.buffer.JEditBuffer);org.gjt.sp.jedit.textarea.DisplayManager;0;0;0;0;0;0;0;0
bsh.BSHPrimarySuffix.doSuffix(boolean, bsh.CallStack, bsh.Interpreter, java.lang.Object);bsh.CallStack;0;0;0;0;0;0;0;0
org.gjt.sp.jedit.pluginmgr.Roster.deleteRecursively(java.io.File);org.gjt.sp.util.Log;0;1;1;0.9444444444444444;1.0;13;137;143
org.gjt.sp.jedit.textarea.FirstLine.scrollUp(int);org.gjt.sp.jedit.textarea.DisplayManager;0;0;0;0;0;0;0;0
org.gjt.sp.jedit.gui.ActionBar.complete(boolean);org.gjt.sp.jedit.MiscUtilities;0;0;0;0;0;0;0;0
org.gjt.sp.jedit.options.StatusBarOptionPane._save();org.gjt.sp.jedit.jEdit;0;0;0;0;0;0;0;0
macos.menu.MacOSMenu.update(javax.swing.JMenu);org.gjt.sp.jedit.jEdit;0;0;0;0;0;0;0;0
org.gjt.sp.jedit.menu.DirectoryProvider.update(javax.swing.JMenu);org.gjt.sp.jedit.MiscUtilities;0;0;0;0;0;0;0;0
bsh.Parser.PrimarySuffix();bsh.JJTParserState;4;10;3;0.9773242630385488;0.9210526315789473;88;6765;74
org.gjt.sp.jedit.browser.VFSFileNameField.processKeyEvent(java.awt.event.KeyEvent);org.gjt.sp.jedit.browser.VFSBrowser;0;0;0;0;0;0;0;0
org.gjt.sp.jedit.OptionGroup.addOptionPane(org.gjt.sp.jedit.OptionPane);org.gjt.sp.jedit.jEdit;0;0;0;0;0;0;0;0
bsh.BSHPackageDeclaration.eval(bsh.CallStack, bsh.Interpreter);bsh.NameSpace;0;0;0;0;0;0;0;0
org.gjt.sp.jedit.textarea.TextAreaDropHandler.drop(java.awt.dnd.DropTargetDropEvent);org.gjt.sp.util.Log;0;0;0;0;0;0;0;0
bsh.Interpreter.unset(java.lang.String);bsh.NameSpace;1;0;3;1.0;0.9811320754716981;6;440;421
org.gjt.sp.jedit.pluginmgr.ManagePanel.loadPluginJAR(java.lang.String);org.gjt.sp.jedit.EditPlugin;0;0;0;0;0;0;0;0
bsh.Parser.ReInit(java.io.InputStream);bsh.JavaCharStream;0;0;0;0;0;0;0;0
org.gjt.sp.jedit.menu.RecentDirectoriesProvider.update(javax.swing.JMenu);org.gjt.sp.jedit.View;0;0;0;0;0;0;0;0
org.gjt.sp.jedit.proto.jeditresource.PluginResURLConnection.connect();org.gjt.sp.jedit.jEdit;0;3;4;0.7272727272727273;1.0;21;54;1507
macos.menu.ShowRecentDirMenu.construct();org.gjt.sp.jedit.browser.FileCellRenderer;0;0;0;0;0;0;0;0
org.gjt.sp.jedit.search.HyperSearchRequest.doHyperSearch(int, int, org.gjt.sp.jedit.Buffer);org.gjt.sp.jedit.Buffer;1;4;2;0.8;0.9931972789115646;16;68;1466
org.gjt.sp.jedit.textarea.ChunkCache.getLineInfosForPhysicalLine(int);org.gjt.sp.jedit.buffer.JEditBuffer;0;0;0;0;0;0;0;0
org.gjt.sp.jedit.buffer.KillRing.remove(int);org.gjt.sp.jedit.buffer.UndoManager;0;0;0;0;0;0;0;0
org.gjt.sp.jedit.ActionSet.load();com.microstar.xml.XmlParser;0;0;0;0;0;0;0;0
org.gjt.sp.jedit.textarea.TextAreaTransferHandler.exportDone(int, java.awt.datatransfer.Transferable, javax.swing.JComponent);org.gjt.sp.util.Log;0;0;0;0;0;0;0;0
org.gjt.sp.jedit.menu.MarkersProvider.actionPerformed(java.awt.event.ActionEvent);org.gjt.sp.jedit.textarea.JEditTextArea;0;0;0;0;0;0;0;0
org.gjt.sp.jedit.search.AllBufferSet.getCode();org.gjt.sp.jedit.MiscUtilities;0;1;1;0.6666666666666667;1.0;3;28;491
org.gjt.sp.jedit.EditServer.handleClient(java.io.DataInputStream, java.net.Socket);org.gjt.sp.jedit.BeanShell;1;2;2;0.8571428571428572;1.0;22;83;229
org.gjt.sp.jedit.options.ShortcutsOptionPane.createModel(java.lang.String, java.lang.String[]);org.gjt.sp.jedit.GUIUtilities;0;0;0;0;0;0;0;0
org.gjt.sp.jedit.textarea.JEditTextArea.narrowToSelection();org.gjt.sp.jedit.textarea.DisplayManager;0;0;0;0;0;0;0;0
org.gjt.sp.jedit.textarea.ChunkCache.getUpdateStartLine(int);org.gjt.sp.jedit.textarea.JEditTextArea;0;0;0;0;0;0;0;0
bsh.JThis.event(java.lang.Object, java.lang.String);bsh.This;0;0;4;1.0;1.0;17;287;54
org.gjt.sp.jedit.syntax.XModeHandler.addKeyword(byte, java.lang.String);org.gjt.sp.jedit.syntax.KeywordMap;1;1;1;0.9736842105263158;1.0;8;343;70
org.gjt.sp.jedit.options.PluginManagerOptionPane.updateMirrorLabel();org.gjt.sp.jedit.jEdit;0;0;0;0;0;0;0;0
org.gjt.sp.jedit.textarea.JEditTextArea.setFirstPhysicalLine(int, int);org.gjt.sp.jedit.textarea.Anchor;0;0;0;0;0;0;0;0
bsh.ParserTokenManager.jjMoveStringLiteralDfa20_0(long, long, long, long);bsh.JavaCharStream;0;0;0;0;0;0;0;0
org.gjt.sp.jedit.textarea.JEditTextArea.insertTab();org.gjt.sp.jedit.buffer.JEditBuffer;0;0;0;0;0;0;0;0
macos.Delegate.updateMenu();org.gjt.sp.jedit.gui.HistoryModel;0;0;0;0;0;0;0;0
org.gjt.sp.jedit.browser.BrowserIORequest.rename();org.gjt.sp.util.WorkRequest;2;3;4;0.85;0.8571428571428572;31;160;16
org.gjt.sp.jedit.textarea.JEditTextArea.goToEndOfLine(boolean);org.gjt.sp.jedit.textarea.Selection;1;8;3;0.9709090909090909;0.9444444444444444;11;2931;59
org.gjt.sp.jedit.search.AllBufferSet._getFiles(java.awt.Component);org.gjt.sp.jedit.jEdit;0;0;0;0;0;0;0;0
org.gjt.sp.jedit.textarea.MouseHandler.mousePressed(java.awt.event.MouseEvent);org.gjt.sp.jedit.gui.InputHandler;0;0;0;0;0;0;0;0
installer.SwingInstall.pageChanged();installer.Install;1;6;1;0.8571428571428572;0.9333333333333333;39;301;43
org.gjt.sp.jedit.View.setEditPane(org.gjt.sp.jedit.EditPane);org.gjt.sp.jedit.msg.ViewUpdate;0;0;0;0;0;0;0;0
org.gjt.sp.jedit.browser.VFSBrowser.getSelectedFiles();org.gjt.sp.jedit.browser.BrowserView;1;0;1;1.0;0.975;3;675;404
org.gjt.sp.jedit.gui.DockableWindowManager.addEntry(org.gjt.sp.jedit.gui.DockableWindowFactory.Window);org.gjt.sp.jedit.gui.DockableWindowFactory;0;0;0;0;0;0;0;0
bsh.ParserTokenManager.jjStartNfaWithStates_0(int, int, int);bsh.JavaCharStream;0;0;0;0;0;0;0;0
installer.TarEntry.getUserName();installer.TarHeader;0;0;0;0;0;0;0;0
org.gjt.sp.jedit.Buffer.insertFile(java.lang.String, org.gjt.sp.jedit.View);org.gjt.sp.jedit.buffer.JEditBuffer;0;0;0;0;0;0;0;0
org.gjt.sp.jedit.menu.PluginsProvider.update(javax.swing.JMenu);org.gjt.sp.jedit.EditPlugin;0;0;0;0;0;0;0;0
org.gjt.sp.jedit.textarea.JEditTextArea.propertiesChanged();org.gjt.sp.jedit.textarea.DisplayManager;0;0;0;0;0;0;0;0
gnu.regexp.RETokenBackRef.match(gnu.regexp.CharIndexed, gnu.regexp.REMatch);gnu.regexp.REToken;1;1;2;0.8888888888888888;0.9;13;21;30
org.gjt.sp.jedit.textarea.JEditTextArea.tabsToSpaces();org.gjt.sp.jedit.TextUtilities;1;5;2;0.985663082437276;1.0;18;2931;348
bsh.NameSpace.getThis(bsh.Interpreter);bsh.This;1;0;1;1.0;1.0;4;421;54
org.gjt.sp.jedit.buffer.BufferSaveRequest.run();org.gjt.sp.jedit.MiscUtilities;0;0;0;0;0;0;0;0
org.gjt.sp.jedit.textarea.TextAreaPainter.setStructureHighlightEnabled(boolean);org.gjt.sp.jedit.textarea.JEditTextArea;0;0;0;0;0;0;0;0
org.gjt.sp.jedit.syntax.TokenMarker.markTokens(javax.swing.text.Segment, org.gjt.sp.jedit.syntax.TokenHandler, org.gjt.sp.jedit.syntax.TokenMarker.LineContext);org.gjt.sp.jedit.syntax.Token;0;0;0;0;0;0;0;0
org.gjt.sp.jedit.jEdit.postProcessKeyEvent(java.awt.event.KeyEvent);org.gjt.sp.jedit.View;0;0;0;0;0;0;0;0
bsh.Parser.AdditiveExpression();bsh.BSHBinaryExpression;1;8;3;0.9814814814814815;0.9444444444444444;44;6765;55
org.gjt.sp.jedit.Mode.accept(java.lang.String, java.lang.String);gnu.regexp.RE;1;0;1;1.0;0.9705882352941176;5;85;609
org.gjt.sp.jedit.gui.MarkerViewer.handleMessage(org.gjt.sp.jedit.EBMessage);org.gjt.sp.jedit.View;0;0;0;0;0;0;0;0
macos.menu.ShowBufferMenu.construct();org.gjt.sp.jedit.jEdit;0;0;0;0;0;0;0;0
gnu.regexp.RETokenBackRef.match(gnu.regexp.CharIndexed, gnu.regexp.REMatch);gnu.regexp.REMatch;3;1;2;0.8888888888888888;0.8636363636363636;13;21;95
gnu.regexp.REMatchEnumeration.hasMoreMatches(java.lang.StringBuffer);gnu.regexp.REMatch;2;4;2;0.6923076923076923;0.92;12;35;95
org.gjt.sp.jedit.browser.VFSDirectoryEntryTable.setDirectory(java.lang.Object, java.util.ArrayList, java.util.Set, org.gjt.sp.jedit.io.VFS);org.gjt.sp.jedit.browser.VFSDirectoryEntryTableModel;0;0;0;0;0;0;0;0
org.objectweb.asm.ClassWriter.newDouble(double);org.objectweb.asm.Item;0;0;0;0;0;0;0;0
com.loomcom.ant.tasks.jarbundler.JarBundler.setIcon(java.io.File);com.loomcom.ant.tasks.jarbundler.AppBundleProperties;0;0;0;0;0;0;0;0
org.gjt.sp.jedit.help.HelpTOCPanel.loadTOC(java.lang.String, javax.swing.tree.DefaultMutableTreeNode);org.gjt.sp.jedit.help.HelpViewer;0;0;0;0;0;0;0;0
org.gjt.sp.jedit.textarea.JEditTextArea.offsetToXY(int, int, java.awt.Point);org.gjt.sp.jedit.textarea.DisplayManager;0;0;0;0;0;0;0;0
org.gjt.sp.jedit.gui.DockablePanel.mouseReleased(java.awt.event.MouseEvent);org.gjt.sp.jedit.gui.PanelWindowContainer;0;0;0;0;0;0;0;0
org.gjt.sp.jedit.buffer.PositionManager.checkInvariants();org.gjt.sp.jedit.buffer.JEditBuffer;0;0;0;0;0;0;0;0
org.gjt.sp.util.WorkThread.doRequests();org.gjt.sp.util.WorkThreadPool;4;2;2;0.9047619047619048;0.8947368421052632;25;97;186
org.gjt.sp.jedit.io.VFS._listDirectory(java.awt.Component, java.lang.Object, java.lang.String);org.gjt.sp.jedit.io.VFSManager;1;1;1;0.9696969696969697;1.0;4;167;120
org.gjt.sp.jedit.help.HistoryButton.actionPerformed(java.awt.event.ActionEvent);org.gjt.sp.jedit.help.HelpHistoryModel;0;0;0;0;0;0;0;0
org.gjt.sp.jedit.gui.StatusBar.updateMiscStatus();org.gjt.sp.jedit.textarea.JEditTextArea;1;3;3;0.9142857142857143;0.9963898916967509;6;281;2931
org.gjt.sp.jedit.View.setBuffer(org.gjt.sp.jedit.Buffer);org.gjt.sp.jedit.EditPane;1;0;1;1.0;0.9333333333333333;3;530;245
org.gjt.sp.jedit.BeanShellAction.isSelected(java.awt.Component);org.gjt.sp.jedit.BeanShell;0;0;0;0;0;0;0;0
org.gjt.sp.jedit.browser.BrowserIORequest.delete();org.gjt.sp.jedit.io.VFSManager;1;2;4;0.8947368421052632;1.0;26;160;120
org.gjt.sp.jedit.buffer.JEditBuffer.markTokens(int, org.gjt.sp.jedit.syntax.TokenHandler);org.gjt.sp.jedit.buffer.LineManager;0;0;0;0;0;0;0;0
org.gjt.sp.jedit.textarea.JEditTextArea.delete(boolean);org.gjt.sp.jedit.buffer.JEditBuffer;0;0;0;0;0;0;0;0
org.gjt.sp.jedit.options.ContextAddDialog.updateList();org.gjt.sp.jedit.EditAction;2;2;3;0.8888888888888888;0.8571428571428572;13;91;36
bsh.UtilEvalError.toEvalError(bsh.CallStack, bsh.SimpleNode, java.lang.String);bsh.Interpreter;0;0;0;0;0;0;0;0
org.gjt.sp.jedit.PluginJAR.deactivatePlugin(boolean);org.gjt.sp.jedit.Buffer;0;0;0;0;0;0;0;0
org.gjt.sp.jedit.buffer.BufferAutosaveRequest.run();org.gjt.sp.jedit.jEdit;0;0;0;0;0;0;0;0
org.gjt.sp.jedit.textarea.ChunkCache.lineToChunkList(int, java.util.List);org.gjt.sp.jedit.textarea.TextAreaPainter;0;0;0;0;0;0;0;0
org.gjt.sp.jedit.search.SearchBar.incrementalSearch(boolean, int);org.gjt.sp.util.Log;0;0;3;1.0;1.0;13;178;143
org.gjt.sp.jedit.options.ViewOptionPane._save();org.gjt.sp.jedit.jEdit;0;0;0;0;0;0;0;0
bsh.BSHAllocationExpression.constructObject(bsh.CallStack, java.lang.Class, java.lang.Object[]);bsh.CallStack;0;0;0;0;0;0;0;0
org.gjt.sp.jedit.options.BrowserColorsModel.getTableCellRendererComponent(boolean, boolean, int, int, java.lang.Object, javax.swing.JTable);org.gjt.sp.jedit.options.SyntaxHiliteOptionPane;0;0;0;0;0;0;0;0
org.gjt.sp.jedit.help.HelpSearchPanel.getHelpIndex();org.gjt.sp.util.Log;0;0;0;0;0;0;0;0
org.gjt.sp.jedit.View.handleBufferUpdate(org.gjt.sp.jedit.msg.BufferUpdate);org.gjt.sp.jedit.msg.BufferUpdate;2;2;3;0.9636363636363636;0.6666666666666667;14;530;18
org.gjt.sp.jedit.gui.ActionBar.invoke();org.gjt.sp.jedit.gui.StatusBar;0;0;0;0;0;0;0;0
org.gjt.sp.jedit.textarea.JEditTextArea.dispose();org.gjt.sp.jedit.textarea.DisplayManager;0;0;0;0;0;0;0;0
bsh.BSHAllocationExpression.eval(bsh.CallStack, bsh.Interpreter);bsh.SimpleNode;1;3;1;0.7777777777777778;0.9545454545454546;10;71;79
org.gjt.sp.jedit.gui.TipOfTheDay.nextTip();org.gjt.sp.util.Log;0;2;3;0.8823529411764706;1.0;16;71;143
org.gjt.sp.jedit.gui.DockableWindowFactory.doctypeDecl(java.lang.String, java.lang.String, java.lang.String);org.gjt.sp.util.Log;0;0;0;0;0;0;0;0
org.objectweb.asm.ClassWriter.get(org.objectweb.asm.Item);org.objectweb.asm.Item;0;0;0;0;0;0;0;0
org.gjt.sp.jedit.Buffer.load(boolean, org.gjt.sp.jedit.View);org.gjt.sp.jedit.jEdit;1;23;10;0.8562091503267975;1.0;68;1466;1507
org.gjt.sp.jedit.browser.BrowserView.loadDirectory(boolean, java.lang.Object, java.lang.String);org.gjt.sp.jedit.browser.VFSBrowser;0;0;0;0;0;0;0;0
org.gjt.sp.jedit.textarea.MouseHandler.doTripleDrag(java.awt.event.MouseEvent);org.gjt.sp.jedit.buffer.JEditBuffer;0;0;0;0;0;0;0;0
org.gjt.sp.jedit.search.HyperSearchResults.goToSelectedNode(int);org.gjt.sp.jedit.jEdit;0;0;0;0;0;0;0;0
org.gjt.sp.jedit.browser.FileCellRenderer.propertiesChanged();org.gjt.sp.jedit.jEdit;0;1;1;0.875;1.0;3;56;1507
org.gjt.sp.jedit.textarea.JEditTextArea.removeTrailingWhiteSpace();org.gjt.sp.jedit.buffer.JEditBuffer;0;0;0;0;0;0;0;0
org.gjt.sp.jedit.indent.CloseBracketIndentRule.isMatch(java.lang.String);org.gjt.sp.jedit.indent.BracketIndentRule;0;0;0;0;0;0;0;0
org.gjt.sp.jedit.search.HyperSearchResult.getBuffer();org.gjt.sp.jedit.jEdit;1;1;1;0.9090909090909091;1.0;4;24;1507
org.gjt.sp.jedit.io.FileVFS.getParentOfPath(java.lang.String);org.gjt.sp.jedit.io.VFS;1;0;3;1.0;0.9714285714285714;7;214;167
org.gjt.sp.jedit.gui.DockableWindowManager.handleMessage(org.gjt.sp.jedit.EBMessage);org.gjt.sp.jedit.msg.PluginUpdate;0;0;0;0;0;0;0;0
org.gjt.sp.jedit.menu.FavoritesProvider.update(javax.swing.JMenu);org.gjt.sp.jedit.browser.FileCellRenderer;0;0;0;0;0;0;0;0
org.gjt.sp.jedit.gui.BufferSwitcher.popupMenuCanceled(javax.swing.event.PopupMenuEvent);org.gjt.sp.jedit.EditPane;0;0;0;0;0;0;0;0
org.gjt.sp.jedit.proto.jeditresource.PluginResURLConnection.connect();org.gjt.sp.jedit.MiscUtilities;0;3;4;0.7272727272727273;1.0;21;54;491
org.gjt.sp.jedit.textarea.TextAreaDropHandler.dragEnter(java.awt.dnd.DropTargetDragEvent);org.gjt.sp.util.Log;0;0;0;0;0;0;0;0
org.gjt.sp.jedit.menu.RecentFilesProvider.update(javax.swing.JMenu);org.gjt.sp.jedit.GUIUtilities;0;0;0;0;0;0;0;0
org.gjt.sp.jedit.gui.IOProgressMonitor.actionPerformed(java.awt.event.ActionEvent);org.gjt.sp.util.WorkThreadPool;1;2;4;0.9;0.9761904761904762;8;92;186
bsh.ParserTokenManager.jjMoveStringLiteralDfa6_0(long, long, long, long, long, long);bsh.JavaCharStream;0;0;0;0;0;0;0;0
bsh.Parser.BreakStatement();bsh.BSHReturnStatement;1;7;2;0.9837962962962963;0.9333333333333333;28;6765;9
org.gjt.sp.jedit.textarea.MouseHandler.mousePressed(java.awt.event.MouseEvent);org.gjt.sp.jedit.textarea.SelectionManager;0;0;0;0;0;0;0;0
org.gjt.sp.jedit.search.SearchDialog.save(boolean);org.gjt.sp.jedit.gui.HistoryTextArea;0;0;0;0;0;0;0;0
org.gjt.sp.jedit.Buffer.checkFileForSave(java.lang.String, org.gjt.sp.jedit.io.VFS, org.gjt.sp.jedit.View);org.gjt.sp.jedit.io.VFSFile;0;0;0;0;0;0;0;0
bsh.BSHMethodDeclaration.insureNodesParsed();bsh.SimpleNode;0;0;0;0;0;0;0;0
bsh.Parser.jj_consume_token(int);bsh.Token;1;8;2;0.9812646370023419;0.9333333333333333;23;6765;9
org.gjt.sp.jedit.Buffer.reload(org.gjt.sp.jedit.View);org.gjt.sp.jedit.EditPane;1;3;3;0.9861111111111112;0.9545454545454546;9;1466;245
org.gjt.sp.jedit.syntax.TokenMarker.markTokens(javax.swing.text.Segment, org.gjt.sp.jedit.syntax.TokenHandler, org.gjt.sp.jedit.syntax.TokenMarker.LineContext);org.gjt.sp.jedit.syntax.ParserRuleSet;0;0;0;0;0;0;0;0
org.gjt.sp.jedit.msg.RegisterChanged.paramString();org.gjt.sp.jedit.EBMessage;0;0;0;0;0;0;0;0
org.gjt.sp.jedit.browser.VFSDirectoryEntryTable.propertiesChanged();org.gjt.sp.jedit.io.VFSFile;0;0;0;0;0;0;0;0
org.gjt.sp.jedit.buffer.BufferLoadRequest.run();org.gjt.sp.util.Log;0;0;0;0;0;0;0;0
bsh.Name.consumeNextObjectField(boolean, boolean, bsh.CallStack, bsh.Interpreter);bsh.NameSpace;0;0;0;0;0;0;0;0
org.gjt.sp.jedit.help.HelpSearchPanel.getHelpIndex();org.gjt.sp.jedit.GUIUtilities;0;0;0;0;0;0;0;0
org.gjt.sp.jedit.options.TextAreaOptionPane._save();org.gjt.sp.jedit.gui.ColorWellButton;0;0;0;0;0;0;0;0
org.gjt.sp.jedit.textarea.BufferHandler.foldLevelChanged(int, int, org.gjt.sp.jedit.buffer.JEditBuffer);org.gjt.sp.jedit.textarea.JEditTextArea;0;0;0;0;0;0;0;0
org.gjt.sp.jedit.search.SearchBar.find(boolean);org.gjt.sp.jedit.GUIUtilities;0;0;0;0;0;0;0;0
bsh.BSHMethodInvocation.getArgsNode();bsh.SimpleNode;0;0;0;0;0;0;0;0
org.gjt.sp.jedit.textarea.Gutter.paintLine(int, int, java.awt.Graphics2D);org.gjt.sp.jedit.textarea.JEditTextArea;0;0;0;0;0;0;0;0
org.gjt.sp.jedit.gui.InputHandler.userInput(char);org.gjt.sp.jedit.gui.StatusBar;1;6;5;0.76;0.9787234042553191;25;141;281
QuickNotepad.propertiesChanged();org.gjt.sp.jedit.jEdit;0;4;1;0.7647058823529411;1.0;15;115;1507
org.gjt.sp.jedit.indent.CloseBracketIndentRule.apply(int, int, int, java.util.List, org.gjt.sp.jedit.buffer.JEditBuffer);org.gjt.sp.jedit.indent.BracketIndentRule;0;0;0;0;0;0;0;0
org.gjt.sp.util.WorkRequest.setStatus(java.lang.String);org.gjt.sp.util.WorkThread;1;0;1;1.0;0.9375;4;16;97
org.objectweb.asm.CodeWriter.visitLineNumber(int, org.objectweb.asm.Label);org.objectweb.asm.Label;0;0;0;0;0;0;0;0
org.gjt.sp.jedit.browser.BrowserCommandsMenu.update();org.gjt.sp.jedit.jEdit;0;0;0;0;0;0;0;0
org.gjt.sp.jedit.JARClassLoader._loadClass(boolean, java.lang.String);org.gjt.sp.util.Log;0;1;2;0.95;1.0;33;236;143
org.gjt.sp.jedit.gui.ActionBar.keyTyped(java.awt.event.KeyEvent);org.gjt.sp.jedit.gui.HistoryTextField;0;0;0;0;0;0;0;0
org.gjt.sp.jedit.gui.PanelWindowContainer.getCurrent();org.gjt.sp.jedit.gui.DockableWindowManager;0;0;0;0;0;0;0;0
bsh.ParserTokenManager.jjMoveStringLiteralDfa3_0(long, long, long, long, long, long);bsh.JavaCharStream;0;0;0;0;0;0;0;0
QuickNotepadToolPanel.makeCustomButton(java.awt.event.ActionListener, java.lang.String);org.gjt.sp.jedit.jEdit;0;0;1;1.0;1.0;18;55;1507
installer.TarOutputStream.closeEntry();installer.TarBuffer;0;0;0;0;0;0;0;0
org.gjt.sp.jedit.options.GutterOptionPane._init();org.gjt.sp.jedit.jEdit;1;7;2;0.5625;1.0;27;52;1507
org.gjt.sp.jedit.textarea.DisplayManager.expandFold(boolean, int);org.gjt.sp.jedit.buffer.JEditBuffer;0;0;0;0;0;0;0;0
org.gjt.sp.jedit.View.quickHyperSearch(boolean);org.gjt.sp.jedit.search.SearchBar;1;1;5;0.9838709677419355;0.9615384615384616;24;530;178
org.gjt.sp.jedit.EditPane.paintValidLine(int, int, int, int, int, java.awt.Graphics2D);org.gjt.sp.jedit.textarea.JEditTextArea;0;0;0;0;0;0;0;0
org.gjt.sp.jedit.gui.FloatingWindowContainer.dispose();org.gjt.sp.jedit.gui.DockableWindowManager;2;1;1;0.9;0.9672131147540983;3;31;429
bsh.Interpreter.initRootSystemObject();bsh.NameSpace;1;3;1;0.9574468085106383;0.9814814814814815;15;440;421
org.gjt.sp.jedit.browser.VFSFileChooserDialog.getSelectedFiles(int, int);org.gjt.sp.jedit.browser.VFSBrowser;0;0;0;0;0;0;0;0
org.gjt.sp.jedit.menu.RecentFilesProvider.actionPerformed(java.awt.event.ActionEvent);org.gjt.sp.jedit.gui.StatusBar;0;0;0;0;0;0;0;0
org.gjt.sp.jedit.syntax.DisplayTokenHandler.createChunk(byte, int, int, org.gjt.sp.jedit.syntax.TokenMarker.LineContext);org.gjt.sp.jedit.syntax.ParserRuleSet;0;0;0;0;0;0;0;0
bsh.Parser.UnaryExpressionNotPlusMinus();bsh.Token;1;11;3;0.975609756097561;0.9761904761904762;71;6765;9
org.gjt.sp.jedit.browser.VFSBrowser.delete(org.gjt.sp.jedit.io.VFSFile[]);org.gjt.sp.jedit.io.FavoritesVFS;0;0;0;0;0;0;0;0
org.gjt.sp.jedit.textarea.JEditTextArea.scrollTo(boolean, int, int);org.gjt.sp.util.Log;0;0;0;0;0;0;0;0
bsh.LHS.assign(boolean, java.lang.Object);bsh.ReflectManager;0;0;0;0;0;0;0;0
org.objectweb.asm.Label.put(boolean, int, org.objectweb.asm.ByteVector, org.objectweb.asm.CodeWriter);org.objectweb.asm.CodeWriter;0;0;0;0;0;0;0;0
bsh.Parser.PreDecrementExpression();bsh.JJTParserState;2;4;3;0.9907192575406032;0.9130434782608696;21;6765;74
org.objectweb.asm.CodeWriter.visitTableSwitchInsn(int, int, org.objectweb.asm.Label, org.objectweb.asm.Label[]);org.objectweb.asm.ByteVector;0;0;0;0;0;0;0;0
org.gjt.sp.jedit.PluginJAR.generateCache();org.gjt.sp.jedit.gui.DockableWindowFactory;0;0;0;0;0;0;0;0
org.gjt.sp.jedit.textarea.JEditTextArea.goToLastVisibleLine(boolean);org.gjt.sp.jedit.textarea.DisplayManager;0;0;0;0;0;0;0;0
org.gjt.sp.jedit.Buffer.insertFile(java.lang.String, org.gjt.sp.jedit.View);org.gjt.sp.jedit.GUIUtilities;1;8;8;0.9513888888888888;1.0;30;1466;395
org.gjt.sp.jedit.options.PluginManagerOptionPane.updateMirrorLabel();org.gjt.sp.jedit.pluginmgr.MirrorList;0;0;0;0;0;0;0;0
org.gjt.sp.jedit.menu.EnhancedMenuItem.mouseExited(java.awt.event.MouseEvent);org.gjt.sp.jedit.GUIUtilities;0;0;0;0;0;0;0;0
org.gjt.sp.jedit.browser.BrowserView.mouseReleased(java.awt.event.MouseEvent);org.gjt.sp.jedit.GUIUtilities;0;0;0;0;0;0;0;0
bsh.Parser.AmbiguousName();bsh.JJTParserState;2;4;3;0.9907834101382489;0.962962962962963;33;6765;74
org.gjt.sp.jedit.menu.RecentFilesProvider.update(javax.swing.JMenu);org.gjt.sp.jedit.MiscUtilities;0;0;0;0;0;0;0;0
org.gjt.sp.jedit.browser.VFSDirectoryEntryTable.selectFile(java.lang.String);org.gjt.sp.jedit.browser.VFSDirectoryEntryTableModel;0;0;0;0;0;0;0;0
bsh.Name.toLHS(bsh.CallStack, bsh.Interpreter);bsh.This;0;4;3;0.8421052631578947;1.0;31;291;54
org.gjt.sp.jedit.textarea.JEditTextArea.getLineEndOffset(int);org.gjt.sp.jedit.buffer.JEditBuffer;0;0;0;0;0;0;0;0
org.gjt.sp.jedit.textarea.JEditTextArea.insertTabAndIndent();org.gjt.sp.jedit.MiscUtilities;0;0;0;0;0;0;0;0
org.gjt.sp.jedit.syntax.TokenMarker.handleNoWordBreak();org.gjt.sp.jedit.syntax.ParserRule;0;0;0;0;0;0;0;0
org.gjt.sp.jedit.buffer.BufferAutosaveRequest.run();org.gjt.sp.util.WorkRequest;0;0;0;0;0;0;0;0
org.gjt.sp.jedit.gui.PanelWindowContainer.remove(org.gjt.sp.jedit.gui.DockableWindowManager.Entry);org.gjt.sp.jedit.gui.DockableWindowFactory;0;0;0;0;0;0;0;0
org.gjt.sp.jedit.textarea.JEditTextArea.goToEndOfWhiteSpace(boolean);org.gjt.sp.jedit.MiscUtilities;0;10;5;0.9640287769784173;1.0;28;2931;491
org.objectweb.asm.ClassWriter.newUTF8(java.lang.String);org.objectweb.asm.ByteVector;0;0;0;0;0;0;0;0
org.gjt.sp.jedit.ActionSet.initKeyBindings();org.gjt.sp.jedit.jEdit;0;0;0;0;0;0;0;0
bsh.BshClassManager.defineClass(byte[], java.lang.String);bsh.Reflect;0;0;0;0;0;0;0;0
org.gjt.sp.jedit.gui.DockableWindowManager.createPopupMenu(boolean, java.lang.String, org.gjt.sp.jedit.gui.DockableWindowContainer);org.gjt.sp.jedit.jEdit;0;0;0;0;0;0;0;0
gnu.regexp.RE.match(gnu.regexp.CharIndexed, gnu.regexp.REMatch);gnu.regexp.REToken;3;0;2;1.0;0.75;5;609;30
org.gjt.sp.jedit.textarea.ExtensionManager.paintScreenLineRange(int, int, int, int, int[], int[], int[], java.awt.Graphics2D);org.gjt.sp.jedit.textarea.TextAreaExtension;0;0;0;0;0;0;0;0
org.gjt.sp.jedit.buffer.JEditBuffer.shiftIndentLeft(int[]);org.gjt.sp.jedit.MiscUtilities;0;0;0;0;0;0;0;0
bsh.Variable.setValue(int, java.lang.Object);bsh.Primitive;0;0;0;0;0;0;0;0
org.gjt.sp.jedit.gui.DefaultInputHandler.removeKeyBinding(java.lang.String);org.gjt.sp.jedit.gui.KeyEventTranslator;0;0;0;0;0;0;0;0
org.gjt.sp.jedit.browser.FileCellRenderer.getEntryWidth(java.awt.Font, java.awt.font.FontRenderContext, org.gjt.sp.jedit.browser.VFSDirectoryEntryTableModel.Entry);org.gjt.sp.jedit.io.VFSFile;0;0;0;0;0;0;0;0
org.gjt.sp.jedit.textarea.JEditTextArea.resizeSelection(boolean, int, int, int);org.gjt.sp.jedit.textarea.SelectionManager;0;0;0;0;0;0;0;0
bsh.Parser.ConditionalAndExpression();bsh.BSHBinaryExpression;1;8;3;0.9814814814814815;0.9444444444444444;44;6765;55
org.gjt.sp.jedit.options.StyleEditor.getStyle();org.gjt.sp.jedit.gui.ColorWellButton;0;0;0;0;0;0;0;0
org.gjt.sp.jedit.browser.VFSBrowser.rename(java.lang.String);org.gjt.sp.jedit.io.VFSManager;0;1;4;0.9841269841269842;1.0;12;675;120
macos.Delegate.handleFileCodes(org.gjt.sp.jedit.msg.BufferUpdate);org.gjt.sp.jedit.jEdit;0;0;0;0;0;0;0;0
org.gjt.sp.jedit.buffer.BufferSaveRequest.run();org.gjt.sp.util.Log;0;0;0;0;0;0;0;0
org.gjt.sp.jedit.browser.VFSBrowser.invokeAction(java.util.EventObject, org.gjt.sp.jedit.EditAction);org.gjt.sp.jedit.GUIUtilities;0;0;0;0;0;0;0;0
org.gjt.sp.jedit.options.AbbrevsModel.getColumnName(int);org.gjt.sp.jedit.jEdit;0;0;1;1.0;1.0;10;90;1507
bsh.Parser.Literal();bsh.BSHLiteral;3;10;4;0.9775784753363229;0.9090909090909091;125;6765;61
org.gjt.sp.jedit.help.HelpTOCPanel.loadTOC(java.lang.String, javax.swing.tree.DefaultMutableTreeNode);org.gjt.sp.util.Log;0;0;0;0;0;0;0;0
org.gjt.sp.jedit.gui.EditAbbrevDialog.actionPerformed(java.awt.event.ActionEvent);org.gjt.sp.jedit.gui.AbbrevEditor;1;2;1;0.8571428571428572;0.9285714285714286;10;53;139
org.gjt.sp.jedit.options.BrowserOptionPane._init();org.gjt.sp.jedit.jEdit;0;10;2;0.4117647058823529;1.0;37;53;1507
org.gjt.sp.jedit.browser.VFSFileNameField.doComplete(java.lang.String);org.gjt.sp.jedit.io.VFSManager;0;0;0;0;0;0;0;0
org.gjt.sp.jedit.PluginJAR.activatePlugin();org.gjt.sp.jedit.JARClassLoader;0;0;0;0;0;0;0;0
org.gjt.sp.jedit.gui.ActionBar.goToActionBar();org.gjt.sp.jedit.gui.InputHandler;0;0;0;0;0;0;0;0
org.gjt.sp.jedit.syntax.XModeHandler.startElement(java.lang.String);org.gjt.sp.jedit.syntax.TokenMarker;0;0;0;0;0;0;0;0
org.gjt.sp.jedit.buffer.KillRing.propertiesChanged();org.gjt.sp.jedit.jEdit;0;0;0;0;0;0;0;0
org.gjt.sp.jedit.gui.PanelWindowContainer.compare(java.lang.Object, java.lang.Object);org.gjt.sp.jedit.jEdit;0;0;0;0;0;0;0;0
org.gjt.sp.jedit.search.SearchDialog.save(boolean);org.gjt.sp.jedit.jEdit;0;0;0;0;0;0;0;0
org.gjt.sp.jedit.EditPane.handleBufferUpdate(org.gjt.sp.jedit.msg.BufferUpdate);org.gjt.sp.jedit.gui.StatusBar;3;2;7;0.9259259259259259;0.9285714285714286;71;245;281
bsh.Parser.AssignmentOperator();bsh.Token;1;6;1;0.9863945578231292;0.962962962962963;59;6765;9
org.gjt.sp.jedit.gui.EnhancedButton.mouseReleased(java.awt.event.MouseEvent);org.gjt.sp.jedit.GUIUtilities;0;0;0;0;0;0;0;0
org.gjt.sp.jedit.io.VFS._listDirectory(boolean, java.awt.Component, java.lang.Object, java.lang.String, java.lang.String);org.gjt.sp.jedit.MiscUtilities;0;0;0;0;0;0;0;0
org.gjt.sp.jedit.gui.FontSelectorDialog.init(java.awt.Font);org.gjt.sp.util.Log;0;0;0;0;0;0;0;0
org.gjt.sp.jedit.EditPlugin.createBrowserMenuItems();org.gjt.sp.jedit.GUIUtilities;0;0;0;0;0;0;0;0
org.gjt.sp.jedit.PluginJAR.breakPlugin();org.gjt.sp.jedit.jEdit;0;0;0;0;0;0;0;0
org.gjt.sp.jedit.browser.VFSBrowser.actionPerformed(java.awt.event.ActionEvent);org.gjt.sp.jedit.io.FavoritesVFS;0;3;4;0.9545454545454546;1.0;28;675;65
org.gjt.sp.jedit.textarea.DisplayManager.getLastVisibleLine();org.gjt.sp.jedit.textarea.RangeMap;0;0;0;0;0;0;0;0
org.gjt.sp.jedit.search.HyperSearchResults.getTreeCellRendererComponent(boolean, boolean, boolean, boolean, int, java.lang.Object, javax.swing.JTree);org.gjt.sp.jedit.jEdit;1;2;1;0.9230769230769231;1.0;19;165;1507
org.gjt.sp.jedit.search.SearchDialog.ok();org.gjt.sp.jedit.View;0;0;0;0;0;0;0;0
org.gjt.sp.jedit.buffer.BufferIORequest.read(boolean, java.io.Reader, long);org.gjt.sp.jedit.Buffer;0;0;0;0;0;0;0;0
gnu.regexp.RE.getMinMax(char[], gnu.regexp.IntPair, gnu.regexp.RESyntax, int);gnu.regexp.RESyntax;1;1;4;1.0;0.9473684210526316;37;609;31
org.gjt.sp.jedit.textarea.Selection.getEndColumn(org.gjt.sp.jedit.buffer.JEditBuffer);org.gjt.sp.jedit.buffer.JEditBuffer;0;0;0;0;0;0;0;0
bsh.JThis.event(java.lang.Object, java.lang.String);bsh.Interpreter;1;0;4;1.0;0.9782608695652174;17;287;440
org.gjt.sp.jedit.buffer.JEditBuffer.getLength();org.gjt.sp.jedit.buffer.ContentManager;0;0;0;0;0;0;0;0
org.gjt.sp.jedit.Buffer.toggleLineSeparator(org.gjt.sp.jedit.View);org.gjt.sp.jedit.buffer.JEditBuffer;0;0;0;0;0;0;0;0
org.gjt.sp.jedit.textarea.ChunkCache.getSubregionEndOffset(int, int);org.gjt.sp.jedit.textarea.JEditTextArea;0;0;0;0;0;0;0;0
org.gjt.sp.jedit.buffer.BufferIORequest.write(java.io.OutputStream, org.gjt.sp.jedit.Buffer);org.gjt.sp.jedit.MiscUtilities;0;0;0;0;0;0;0;0
org.gjt.sp.jedit.textarea.MouseHandler.doSingleDrag(java.awt.event.MouseEvent);org.gjt.sp.jedit.textarea.TextAreaPainter;0;0;0;0;0;0;0;0
org.gjt.sp.jedit.textarea.TextAreaPainter.getToolTipText(java.awt.event.MouseEvent);org.gjt.sp.jedit.textarea.ExtensionManager;1;0;3;1.0;0.9;4;363;58
org.gjt.sp.jedit.PluginJAR.toString();org.gjt.sp.jedit.EditPlugin;0;0;0;0;0;0;0;0
org.gjt.sp.jedit.browser.VFSBrowser.invokeAction(java.util.EventObject, org.gjt.sp.jedit.EditAction);org.gjt.sp.jedit.BeanShell;0;0;0;0;0;0;0;0
bsh.Name.invokeLocalMethod(bsh.CallStack, bsh.Interpreter, bsh.SimpleNode, java.lang.Object[]);bsh.Reflect;1;2;5;0.9166666666666666;1.0;38;291;413
org.gjt.sp.jedit.gui.RegisterViewer.refreshList();org.gjt.sp.jedit.Registers;0;0;0;0;0;0;0;0
org.gjt.sp.jedit.browser.VFSFileChooserDialog.ok();org.gjt.sp.jedit.jEdit;0;0;0;0;0;0;0;0
org.gjt.sp.jedit.textarea.MouseHandler.mouseDragged(java.awt.event.MouseEvent);org.gjt.sp.jedit.textarea.TextAreaPainter;0;0;0;0;0;0;0;0
bsh.LHS.getValue();bsh.NameSpace;1;6;3;0.5384615384615384;0.9830508474576272;23;89;421
org.gjt.sp.jedit.io.FileVFS.fetchAttrs();org.gjt.sp.jedit.MiscUtilities;0;0;0;0;0;0;0;0
org.gjt.sp.jedit.help.HelpSearchPanel.actionPerformed(java.awt.event.ActionEvent);org.gjt.sp.jedit.io.VFSManager;0;0;0;0;0;0;0;0
org.gjt.sp.jedit.textarea.JEditTextArea.invalidateScreenLineRange(int, int);org.gjt.sp.jedit.buffer.JEditBuffer;0;0;0;0;0;0;0;0
bsh.Interpreter.get(java.lang.String);bsh.NameSpace;1;0;2;1.0;1.0;4;440;421
gnu.regexp.RE.match(gnu.regexp.CharIndexed, gnu.regexp.REMatch);gnu.regexp.REMatch;2;0;2;1.0;0.9090909090909091;5;609;95
org.gjt.sp.jedit.options.ToolBarEditDialog.updateList();org.gjt.sp.jedit.EditAction;2;2;3;0.9166666666666666;0.8571428571428572;13;156;36
org.gjt.sp.jedit.View.updateGutterBorders();org.gjt.sp.jedit.EditPane;0;1;3;0.9811320754716981;1.0;4;530;245
org.gjt.sp.jedit.browser.BrowserView.getListCellRendererComponent(boolean, boolean, int, java.lang.Object, javax.swing.JList);org.gjt.sp.jedit.io.VFSFile;0;0;0;0;0;0;0;0
org.gjt.sp.jedit.PluginJAR.generateCache();org.gjt.sp.jedit.ServiceManager;0;0;0;0;0;0;0;0
bsh.ParserTokenManager.jjMoveStringLiteralDfa17_0(long, long, long, long);bsh.JavaCharStream;0;0;0;0;0;0;0;0
org.gjt.sp.jedit.textarea.Gutter.addExtension(org.gjt.sp.jedit.textarea.TextAreaExtension);org.gjt.sp.jedit.textarea.ExtensionManager;1;0;1;1.0;0.875;4;362;58
org.objectweb.asm.ClassWriter.put(org.objectweb.asm.Item);org.objectweb.asm.Item;0;0;0;0;0;0;0;0
org.gjt.sp.jedit.help.HelpViewer.gotoURL(boolean, java.lang.String);org.gjt.sp.jedit.MiscUtilities;0;0;0;0;0;0;0;0
bsh.BSHAllocationExpression.constructObject(bsh.CallStack, java.lang.Class, java.lang.Object[]);bsh.Reflect;0;0;0;0;0;0;0;0
org.gjt.sp.jedit.textarea.JEditTextArea.getLineStartOffset(int);org.gjt.sp.jedit.buffer.JEditBuffer;0;0;0;0;0;0;0;0
org.gjt.sp.jedit.textarea.SelectionManager.invertSelection();org.gjt.sp.jedit.textarea.JEditTextArea;0;0;0;0;0;0;0;0
bsh.BSHTypedVariableDeclaration.eval(bsh.CallStack, bsh.Interpreter);bsh.EvalError;1;2;8;0.9230769230769231;1.0;23;32;55
org.gjt.sp.jedit.textarea.JEditTextArea.setSelectedText(java.lang.String, org.gjt.sp.jedit.textarea.Selection);org.gjt.sp.jedit.buffer.JEditBuffer;0;0;0;0;0;0;0;0
bsh.BSHBinaryExpression.eval(bsh.CallStack, bsh.Interpreter);bsh.Types;0;0;0;0;0;0;0;0
org.gjt.sp.jedit.browser.BrowserView.maybeReloadDirectory(java.lang.String);org.gjt.sp.jedit.io.FileRootsVFS;0;3;4;0.9555555555555556;1.0;9;404;22
org.gjt.sp.jedit.gui.DockablePanel.mouseDragged(java.awt.event.MouseEvent);org.gjt.sp.jedit.gui.PanelWindowContainer;0;0;0;0;0;0;0;0
org.gjt.sp.jedit.search.HyperSearchResults.showPopupMenu(java.awt.event.MouseEvent);org.gjt.sp.jedit.search.HyperSearchOperationNode;0;0;0;0;0;0;0;0
bsh.BSHImportDeclaration.eval(bsh.CallStack, bsh.Interpreter);bsh.SimpleNode;1;2;6;0.7777777777777778;0.9615384615384616;10;13;79
org.gjt.sp.jedit.search.HyperSearchResult.goTo(org.gjt.sp.jedit.EditPane);org.gjt.sp.jedit.EditPane;0;0;0;0;0;0;0;0
org.gjt.sp.jedit.syntax.DisplayTokenHandler.handleToken(byte, int, int, javax.swing.text.Segment, org.gjt.sp.jedit.syntax.TokenMarker.LineContext);org.gjt.sp.jedit.syntax.DefaultTokenHandler;0;0;0;0;0;0;0;0
org.gjt.sp.jedit.textarea.JEditTextArea.deleteLine();org.gjt.sp.jedit.textarea.ChunkCache;0;0;0;0;0;0;0;0
org.gjt.sp.jedit.textarea.Gutter.paintLine(int, int, java.awt.Graphics2D);org.gjt.sp.jedit.buffer.JEditBuffer;0;0;0;0;0;0;0;0
org.gjt.sp.jedit.pluginmgr.ManagePanel.valueChanged(javax.swing.event.ListSelectionEvent);org.gjt.sp.jedit.EditPlugin;0;0;0;0;0;0;0;0
org.gjt.sp.jedit.Buffer.save(boolean, java.lang.String, org.gjt.sp.jedit.View);org.gjt.sp.jedit.io.VFS;1;17;7;0.9084967320261438;1.0;71;1466;167
org.gjt.sp.jedit.SingleElementEnumeration.hasMoreElements();org.gjt.sp.jedit.JARClassLoader;0;0;0;0;0;0;0;0
org.gjt.sp.jedit.buffer.BufferAutosaveRequest.run();org.gjt.sp.jedit.buffer.BufferIORequest;0;0;0;0;0;0;0;0
org.gjt.sp.jedit.SettingsReloader.maybeReload(java.lang.String);org.gjt.sp.jedit.io.VFS;0;0;0;0;0;0;0;0
org.gjt.sp.jedit.pluginmgr.PluginManager.stateChanged(javax.swing.event.ChangeEvent);org.gjt.sp.jedit.pluginmgr.ManagePanel;0;0;0;0;0;0;0;0
org.gjt.sp.jedit.pluginmgr.ManagePanel.unloadPluginJARWithDialog(org.gjt.sp.jedit.PluginJAR);org.gjt.sp.jedit.GUIUtilities;0;0;0;0;0;0;0;0
org.gjt.sp.jedit.gui.TipOfTheDay.nextTip();org.gjt.sp.jedit.jEdit;0;2;3;0.8823529411764706;1.0;16;71;1507
com.loomcom.ant.tasks.jarbundler.JarBundler.writePkgInfo();com.loomcom.ant.tasks.jarbundler.AppBundleProperties;0;0;0;0;0;0;0;0
org.gjt.sp.jedit.JARClassLoader.getResource(java.lang.String);org.gjt.sp.jedit.PluginJAR;0;0;0;0;0;0;0;0
org.gjt.sp.jedit.gui.HistoryTextField.setInstantPopups(boolean);org.gjt.sp.jedit.gui.HistoryText;0;0;0;0;0;0;0;0
bsh.Name.consumeNextObjectField(boolean, boolean, bsh.CallStack, bsh.Interpreter);bsh.Reflect;0;0;0;0;0;0;0;0
bsh.Parser.ShiftExpression();bsh.Token;1;8;3;0.981651376146789;0.9583333333333334;60;6765;9
org.gjt.sp.jedit.buffer.BufferSaveRequest.writeMarkers(java.io.OutputStream, org.gjt.sp.jedit.Buffer);org.gjt.sp.jedit.Marker;0;0;0;0;0;0;0;0
bsh.ParserTokenManager.jjMoveStringLiteralDfa7_0(long, long, long, long, long, long);bsh.JavaCharStream;0;0;0;0;0;0;0;0
org.gjt.sp.jedit.browser.VFSDirectoryEntryTable.saveWidths();org.gjt.sp.jedit.browser.VFSDirectoryEntryTableModel;0;0;0;0;0;0;0;0
org.gjt.sp.jedit.browser.VFSBrowser.mkdir();org.gjt.sp.jedit.browser.BrowserIORequest;0;3;4;0.953125;1.0;18;675;160
org.gjt.sp.jedit.textarea.JEditTextArea.fireBracketSelected(int, java.lang.String);org.gjt.sp.util.Log;0;0;0;0;0;0;0;0
org.gjt.sp.jedit.textarea.DisplayManager.dispose();org.gjt.sp.jedit.buffer.JEditBuffer;0;0;0;0;0;0;0;0
org.gjt.sp.jedit.gui.InputHandler.userInput(char);org.gjt.sp.jedit.View;3;6;5;0.76;0.9545454545454546;25;141;530
org.gjt.sp.jedit.EditPane.saveCaretInfo();org.gjt.sp.jedit.textarea.Selection;0;0;0;0;0;0;0;0
bsh.BSHAllocationExpression.objectAllocation(bsh.BSHAmbiguousName, bsh.BSHArguments, bsh.CallStack, bsh.Interpreter);bsh.CallStack;1;2;4;0.9230769230769231;0.9411764705882353;12;71;42
org.gjt.sp.jedit.gui.HistoryText.addCurrentToHistory();org.gjt.sp.jedit.gui.HistoryModel;0;0;0;0;0;0;0;0
org.gjt.sp.jedit.options.EditingOptionPane.selectMode();org.gjt.sp.jedit.jEdit;0;0;0;0;0;0;0;0
bsh.Parser.InclusiveOrExpression();bsh.Token;1;8;3;0.9814814814814815;0.95;44;6765;9
org.gjt.sp.jedit.menu.DirectoryProvider.update(javax.swing.JMenu);org.gjt.sp.jedit.Buffer;0;0;0;0;0;0;0;0
bsh.JThis.toString();bsh.NameSpace;1;0;2;1.0;0.98;3;287;421
org.gjt.sp.jedit.View.prevTextArea();org.gjt.sp.jedit.EditPane;1;1;1;0.9811320754716981;0.9375;10;530;245
bsh.BSHTypedVariableDeclaration.eval(bsh.CallStack, bsh.Interpreter);bsh.BSHVariableDeclarator;2;2;8;0.9230769230769231;0.8181818181818181;23;32;12
org.gjt.sp.jedit.menu.MarkersProvider.getShortcut();org.gjt.sp.jedit.jEdit;0;0;0;0;0;0;0;0
org.gjt.sp.jedit.textarea.JEditTextArea.getScreenLineOfOffset(int);org.gjt.sp.jedit.buffer.JEditBuffer;0;0;0;0;0;0;0;0
org.gjt.sp.jedit.browser.VFSFileNameField.goToParent();org.gjt.sp.jedit.io.VFSManager;0;0;0;0;0;0;0;0
org.gjt.sp.jedit.io.FileRootsVFS.getExtendedAttribute(java.lang.String);org.gjt.sp.jedit.io.VFS;0;0;0;0;0;0;0;0
org.gjt.sp.jedit.Buffer.toggleLineSeparator(org.gjt.sp.jedit.View);org.gjt.sp.jedit.jEdit;0;0;0;0;0;0;0;0
org.gjt.sp.jedit.textarea.BufferHandler.contentInserted(int, int, int, int, org.gjt.sp.jedit.buffer.JEditBuffer);org.gjt.sp.jedit.textarea.Anchor;0;0;0;0;0;0;0;0
org.gjt.sp.jedit.gui.StatusBar.propertiesChanged();org.gjt.sp.jedit.jEdit;0;0;0;0;0;0;0;0
bsh.Parser.PrimarySuffix();bsh.Token;1;10;3;0.9773242630385488;0.967741935483871;88;6765;9
org.gjt.sp.jedit.View.loadToolBars();org.gjt.sp.jedit.gui.ToolBarManager;1;3;3;0.9433962264150944;0.9230769230769231;21;530;66
org.gjt.sp.jedit.options.EditingOptionPane._save();org.gjt.sp.jedit.Mode;0;0;0;0;0;0;0;0
bsh.BSHType.getTypeDescriptor(bsh.CallStack, bsh.Interpreter, java.lang.String);bsh.BshClassManager;0;0;0;0;0;0;0;0
org.gjt.sp.jedit.textarea.JEditTextArea.updateScrollBar();org.gjt.sp.util.Log;0;0;0;0;0;0;0;0
bsh.BSHBlock.evalBlock(boolean, bsh.BSHBlock.NodeFilter, bsh.CallStack, bsh.Interpreter);bsh.Primitive;0;0;0;0;0;0;0;0
org.gjt.sp.jedit.Buffer.finishSaving(boolean, boolean, java.lang.String, java.lang.String, java.lang.String, org.gjt.sp.jedit.View);org.gjt.sp.jedit.buffer.UndoManager;0;0;0;0;0;0;0;0
installer.TarOutputStream.putNextEntry(installer.TarEntry);installer.TarEntry;0;0;0;0;0;0;0;0
bsh.Parser.reInitTokenInput(java.io.Reader);bsh.JavaCharStream;0;0;0;0;0;0;0;0
org.gjt.sp.jedit.gui.FloatingWindowContainer.mousePressed(java.awt.event.MouseEvent);org.gjt.sp.jedit.gui.DockableWindowManager;0;0;0;0;0;0;0;0
com.loomcom.ant.tasks.jarbundler.JarBundler.createDocumentType();com.loomcom.ant.tasks.jarbundler.AppBundleProperties;0;0;0;0;0;0;0;0
org.gjt.sp.jedit.pluginmgr.ManagePanel.update();org.gjt.sp.jedit.PluginJAR;0;0;0;0;0;0;0;0
bsh.DelayedEvalBshMethod.getReturnType();bsh.BSHReturnType;0;0;0;0;0;0;0;0
org.gjt.sp.jedit.PluginJAR.deactivatePlugin(boolean);org.gjt.sp.jedit.jEdit;0;0;0;0;0;0;0;0
org.gjt.sp.jedit.menu.MarkersProvider.update(javax.swing.JMenu);org.gjt.sp.jedit.textarea.JEditTextArea;0;0;0;0;0;0;0;0
org.gjt.sp.jedit.buffer.JEditBuffer.createPosition(int);org.gjt.sp.jedit.buffer.ContentManager;0;0;0;0;0;0;0;0
org.gjt.sp.jedit.gui.HistoryTextField.processMouseEvent(java.awt.event.MouseEvent);org.gjt.sp.jedit.gui.HistoryText;0;0;0;0;0;0;0;0
org.gjt.sp.jedit.options.ContextOptionPane._init();org.gjt.sp.jedit.EditAction;1;7;2;0.7878787878787878;0.9696969696969697;46;116;36
gnu.regexp.REFilterInputStream.read();gnu.regexp.CharIndexedInputStream;3;4;3;0.8095238095238095;0.875;23;46;86
org.gjt.sp.jedit.EditPane.paintValidLine(int, int, int, int, int, java.awt.Graphics2D);org.gjt.sp.jedit.textarea.TextAreaPainter;0;0;0;0;0;0;0;0
org.gjt.sp.jedit.JARClassLoader.getResourceAsStream(java.lang.String);org.gjt.sp.jedit.PluginJAR;0;0;0;0;0;0;0;0
org.gjt.sp.jedit.EditPane.handleBufferUpdate(org.gjt.sp.jedit.msg.BufferUpdate);org.gjt.sp.jedit.buffer.JEditBuffer;0;0;0;0;0;0;0;0
org.gjt.sp.jedit.syntax.XModeHandler.startElement(java.lang.String);gnu.regexp.RE;0;0;0;0;0;0;0;0
org.gjt.sp.jedit.options.PrintOptionPane._save();org.gjt.sp.jedit.jEdit;2;4;1;0.6363636363636364;1.0;7;31;1507
org.gjt.sp.jedit.io.VFS._listDirectory(boolean, gnu.regexp.RE, java.awt.Component, java.lang.Object, java.lang.String, java.util.ArrayList, java.util.ArrayList);org.gjt.sp.util.Log;0;0;0;0;0;0;0;0
bsh.NameSpace.unwrapVariable(bsh.Variable);bsh.Variable;0;0;0;0;0;0;0;0
bsh.Interpreter.run();bsh.Primitive;0;13;9;0.8285714285714285;1.0;74;440;451
org.gjt.sp.jedit.EditPane.swapMarkerAndCaret(char);org.gjt.sp.jedit.Marker;0;0;0;0;0;0;0;0
org.objectweb.asm.ClassWriter.visit(int, java.lang.String, java.lang.String, java.lang.String, java.lang.String[]);org.objectweb.asm.Item;0;0;0;0;0;0;0;0
org.gjt.sp.jedit.buffer.JEditBuffer.fireTransactionComplete();org.gjt.sp.util.Log;0;0;0;0;0;0;0;0
org.gjt.sp.jedit.textarea.JEditTextArea.setBuffer(org.gjt.sp.jedit.buffer.JEditBuffer);org.gjt.sp.jedit.textarea.FastRepaintManager;0;0;0;0;0;0;0;0
org.gjt.sp.jedit.textarea.JEditTextArea.updateScrollBar();org.gjt.sp.jedit.textarea.DisplayManager;0;0;0;0;0;0;0;0
org.gjt.sp.jedit.Buffer.getContextSensitiveProperty(int, java.lang.String);org.gjt.sp.jedit.buffer.JEditBuffer;0;0;0;0;0;0;0;0
org.gjt.sp.jedit.textarea.JEditTextArea.selectWord();org.gjt.sp.jedit.buffer.JEditBuffer;0;0;0;0;0;0;0;0
bsh.Parser.FormalParameter();bsh.Token;1;9;3;0.9792147806004619;0.9545454545454546;60;6765;9
org.gjt.sp.jedit.help.HelpSearchPanel.mouseReleased(java.awt.event.MouseEvent);org.gjt.sp.jedit.help.HelpViewer;0;0;0;0;0;0;0;0
org.gjt.sp.jedit.textarea.TextAreaDropHandler.dragExit(java.awt.dnd.DropTargetEvent);org.gjt.sp.util.Log;0;0;0;0;0;0;0;0
org.gjt.sp.jedit.View.getTextArea();org.gjt.sp.jedit.EditPane;0;0;1;1.0;1.0;3;530;245
org.gjt.sp.jedit.gui.FontSelector.actionPerformed(java.awt.event.ActionEvent);org.gjt.sp.jedit.GUIUtilities;0;0;0;0;0;0;0;0
org.gjt.sp.jedit.textarea.JEditTextArea.goToBufferStart(boolean);org.gjt.sp.jedit.buffer.JEditBuffer;0;0;0;0;0;0;0;0
org.gjt.sp.jedit.options.StatusBarOptionPane._init();org.gjt.sp.jedit.AbstractOptionPane;0;0;0;0;0;0;0;0
bsh.LHS.assign(boolean, java.lang.Object);bsh.NameSpace;0;0;0;0;0;0;0;0
org.gjt.sp.jedit.browser.VFSBrowser.filesSelected();org.gjt.sp.jedit.View;1;2;4;0.9682539682539683;0.9827586206896551;17;675;530
org.gjt.sp.jedit.browser.VFSBrowser.run();org.gjt.sp.jedit.io.VFSFile;0;0;0;0;0;0;0;0
org.gjt.sp.jedit.textarea.JEditTextArea.getMarkLine();org.gjt.sp.jedit.textarea.Selection;4;3;1;0.9891696750902527;0.6666666666666667;7;2931;59
org.gjt.sp.jedit.options.GeneralOptionPane._init();org.gjt.sp.jedit.AbstractOptionPane;2;13;2;0.40909090909090906;0.967741935483871;46;80;78
org.gjt.sp.jedit.EditPane.loadCaretInfo();org.gjt.sp.jedit.buffer.JEditBuffer;0;0;0;0;0;0;0;0
org.gjt.sp.util.WorkRequest.setMaximum(long);org.gjt.sp.util.WorkThread;0;0;0;0;0;0;0;0
gnu.regexp.RETokenOneOf.getMinimumLength();gnu.regexp.REToken;1;1;1;0.8888888888888888;0.8888888888888888;8;69;30
org.objectweb.asm.CodeWriter.visitMethodInsn(int, java.lang.String, java.lang.String, java.lang.String);org.objectweb.asm.ByteVector;0;0;0;0;0;0;0;0
org.gjt.sp.jedit.gui.InputHandler.userInput(char);org.gjt.sp.jedit.Macros;1;6;5;0.76;1.0;25;141;333
org.gjt.sp.jedit.gui.InputHandler.setRepeatCount(int);org.gjt.sp.jedit.gui.StatusBar;1;2;2;0.8666666666666667;0.9696969696969697;6;141;281
org.gjt.sp.jedit.textarea.JEditTextArea.updateStructureHighlight();org.gjt.sp.jedit.textarea.Gutter;0;0;0;0;0;0;0;0
org.gjt.sp.jedit.menu.RecentFilesProvider.mouseEntered(java.awt.event.MouseEvent);org.gjt.sp.jedit.gui.StatusBar;0;0;0;0;0;0;0;0
org.gjt.sp.jedit.menu.MarkersProvider.update(javax.swing.JMenu);org.gjt.sp.jedit.Marker;0;0;0;0;0;0;0;0
org.gjt.sp.jedit.browser.VFSDirectoryEntryTable.maybeReloadDirectory(java.lang.String);org.gjt.sp.jedit.browser.BrowserView;0;0;0;0;0;0;0;0
org.gjt.sp.jedit.textarea.Gutter.mouseDragged(java.awt.event.MouseEvent);org.gjt.sp.jedit.textarea.MouseHandler;0;0;0;0;0;0;0;0
bsh.NameSpace.setVariable(boolean, boolean, java.lang.Object, java.lang.String);bsh.Variable;0;0;0;0;0;0;0;0
installer.TarInputStream.getNextEntry();installer.TarEntry;0;0;0;0;0;0;0;0
org.gjt.sp.jedit.Macros.getCode();org.gjt.sp.jedit.EditAction;1;0;1;1.0;0.875;3;333;36
org.gjt.sp.jedit.textarea.JEditTextArea.smartEnd(boolean);org.gjt.sp.jedit.gui.InputHandler;1;3;3;0.9889705882352942;0.9411764705882353;16;2931;141
org.gjt.sp.jedit.pluginmgr.InstallPanel.updateModel();org.gjt.sp.jedit.jEdit;0;0;0;0;0;0;0;0
org.gjt.sp.jedit.browser.VFSBrowser.run();gnu.regexp.RE;1;5;5;0.927536231884058;0.9795918367346939;32;675;609
bsh.Parser.getNextToken();bsh.ParserTokenManager;1;2;2;0.9953051643192489;0.9818181818181818;7;6765;1621
org.gjt.sp.jedit.browser.VFSFileNameField.doComplete(java.lang.String);org.gjt.sp.jedit.gui.HistoryTextField;0;0;0;0;0;0;0;0
org.gjt.sp.jedit.pluginmgr.ManagePanel.loadPluginJAR(java.lang.String);org.gjt.sp.jedit.PluginJAR;0;0;0;0;0;0;0;0
bsh.Parser.ExclusiveOrExpression();bsh.BSHBinaryExpression;1;8;3;0.9814385150812065;0.9411764705882353;32;6765;55
org.gjt.sp.jedit.textarea.Gutter.updateBorder();org.gjt.sp.jedit.View;0;4;2;0.92;1.0;10;362;530
org.gjt.sp.jedit.buffer.BufferIORequest.autodetect(java.io.InputStream);org.gjt.sp.jedit.Buffer;0;0;0;0;0;0;0;0
org.gjt.sp.jedit.PluginJAR.deactivatePlugin(boolean);org.gjt.sp.jedit.EditPlugin;0;0;0;0;0;0;0;0
org.gjt.sp.jedit.pluginmgr.PluginManager.updatePluginList();org.gjt.sp.util.WorkRequest;0;0;0;0;0;0;0;0
bsh.BSHUnaryExpression.lhsUnaryOperation(boolean, bsh.LHS);bsh.Interpreter;0;0;0;0;0;0;0;0
org.gjt.sp.jedit.PluginJAR.generateCache();org.gjt.sp.jedit.JARClassLoader;0;0;0;0;0;0;0;0
org.gjt.sp.jedit.textarea.Selection.getText(java.lang.StringBuffer, org.gjt.sp.jedit.buffer.JEditBuffer);org.gjt.sp.jedit.buffer.JEditBuffer;0;0;0;0;0;0;0;0
org.gjt.sp.jedit.search.CurrentBufferSet.getFirstFile(org.gjt.sp.jedit.View);org.gjt.sp.jedit.Buffer;1;0;2;1.0;0.9928057553956835;3;16;1466
org.gjt.sp.jedit.EditPane.propertiesChanged();org.gjt.sp.jedit.textarea.TextAreaPainter;16;0;5;1.0;0.8117647058823529;53;245;363
org.gjt.sp.jedit.Buffer.run();org.gjt.sp.jedit.GUIUtilities;1;0;1;1.0;1.0;3;1466;395
org.gjt.sp.jedit.gui.InputHandler.invokeReadNextChar(char);org.gjt.sp.jedit.buffer.JEditBuffer;0;0;0;0;0;0;0;0
org.gjt.sp.jedit.gui.GrabKeyDialog.canClose();org.gjt.sp.jedit.GUIUtilities;2;9;1;0.7272727272727273;1.0;35;236;395
org.gjt.sp.jedit.View.getSplitConfig(java.lang.StringBuffer, javax.swing.JSplitPane);org.gjt.sp.jedit.EditPane;0;1;2;1.0;1.0;15;530;245
org.gjt.sp.jedit.gui.OptionsDialog.save(java.lang.Object);org.gjt.sp.util.Log;0;0;0;0;0;0;0;0
org.objectweb.asm.ClassWriter.toByteArray();org.objectweb.asm.Item;0;0;0;0;0;0;0;0
org.gjt.sp.jedit.View.unsplitCurrent();org.gjt.sp.jedit.EditPane;0;0;0;0;0;0;0;0
org.gjt.sp.jedit.gui.InputHandler.invokeAction(java.lang.String);org.gjt.sp.jedit.jEdit;0;0;0;0;0;0;0;0
bsh.NameSpace.getClassImpl(java.lang.String);bsh.Interpreter;0;4;2;0.9215686274509804;1.0;22;421;440
org.gjt.sp.jedit.Buffer.saveAs(boolean, org.gjt.sp.jedit.View);org.gjt.sp.jedit.GUIUtilities;1;2;2;0.9928571428571429;1.0;5;1466;395
org.gjt.sp.jedit.search.HyperSearchResults.visitBuffers(org.gjt.sp.jedit.Buffer, org.gjt.sp.jedit.search.HyperSearchResults.ResultVisitor);org.gjt.sp.jedit.search.HyperSearchResult;0;0;0;0;0;0;0;0
org.gjt.sp.jedit.search.DirectoryListSet.setFileFilter(java.lang.String);org.gjt.sp.jedit.search.BufferListSet;0;0;0;0;0;0;0;0
org.gjt.sp.jedit.gui.IOProgressMonitor.addNotify();org.gjt.sp.jedit.io.VFSManager;0;0;0;0;0;0;0;0
org.gjt.sp.jedit.textarea.JEditTextArea.shiftIndentRight();org.gjt.sp.jedit.buffer.JEditBuffer;0;0;0;0;0;0;0;0
bsh.Interpreter.run();bsh.ParseException;1;13;9;0.8285714285714285;0.9791666666666666;74;440;133
org.gjt.sp.jedit.textarea.BufferHandler.preContentRemoved(int, int, int, int, org.gjt.sp.jedit.buffer.JEditBuffer);org.gjt.sp.jedit.buffer.JEditBuffer;0;0;0;0;0;0;0;0
bsh.Parser.ConditionalAndExpression();bsh.JJTParserState;2;8;3;0.9814814814814815;0.9285714285714286;44;6765;74
org.objectweb.asm.CodeWriter.visitFieldInsn(int, java.lang.String, java.lang.String, java.lang.String);org.objectweb.asm.Item;0;0;0;0;0;0;0;0
org.gjt.sp.jedit.textarea.Gutter.paintComponent(java.awt.Graphics);org.gjt.sp.util.Log;0;0;0;0;0;0;0;0
org.gjt.sp.jedit.textarea.DisplayManager.init();org.gjt.sp.jedit.buffer.JEditBuffer;0;0;0;0;0;0;0;0
org.gjt.sp.jedit.browser.BrowserIORequest.mkdir();org.gjt.sp.util.Log;0;0;0;0;0;0;0;0
bsh.ParserTokenManager.getNextToken();bsh.Token;0;6;3;0.8983050847457628;1.0;61;1621;9
org.gjt.sp.jedit.menu.FavoritesProvider.update(javax.swing.JMenu);org.gjt.sp.jedit.io.FavoritesVFS;0;0;0;0;0;0;0;0
bsh.Parser.ImportDeclaration();bsh.BSHImportDeclaration;2;9;2;0.9793577981651376;0.9047619047619048;72;6765;13
bsh.BSHPrimarySuffix.doSuffix(boolean, bsh.CallStack, bsh.Interpreter, java.lang.Object);bsh.SimpleNode;0;0;0;0;0;0;0;0
installer.TarEntry.parseTarHeader(byte[], installer.TarHeader);installer.TarHeader;0;0;0;0;0;0;0;0
gnu.regexp.RETokenLookAhead.match(gnu.regexp.CharIndexed, gnu.regexp.REMatch);gnu.regexp.REToken;2;1;2;0.8571428571428572;0.8888888888888888;18;29;30
org.gjt.sp.jedit.browser.VFSBrowser.newFile();org.gjt.sp.jedit.jEdit;1;2;3;0.967741935483871;1.0;12;675;1507
bsh.BSHArguments.getArguments(bsh.CallStack, bsh.Interpreter);bsh.Primitive;0;0;0;0;0;0;0;0
org.gjt.sp.jedit.textarea.JEditTextArea.handlePopupTrigger(java.awt.event.MouseEvent);org.gjt.sp.jedit.GUIUtilities;0;0;0;0;0;0;0;0
org.gjt.sp.jedit.Buffer.load(boolean, org.gjt.sp.jedit.View);org.gjt.sp.jedit.buffer.JEditBuffer;0;0;0;0;0;0;0;0
org.gjt.sp.jedit.textarea.MouseHandler.doSingleClick(java.awt.event.MouseEvent);org.gjt.sp.jedit.buffer.JEditBuffer;0;0;0;0;0;0;0;0
bsh.Parser.TypedVariableDeclaration();bsh.BSHTypedVariableDeclaration;1;9;2;0.9792147806004619;0.9473684210526316;63;6765;32
org.gjt.sp.jedit.buffer.JEditBuffer.insert(int, javax.swing.text.Segment);org.gjt.sp.jedit.buffer.ContentManager;0;0;0;0;0;0;0;0
org.gjt.sp.jedit.textarea.JEditTextArea.startDragAndDrop(boolean, java.awt.event.InputEvent);org.gjt.sp.util.Log;0;0;0;0;0;0;0;0
org.gjt.sp.jedit.EditServer.handleClient(java.io.DataInputStream, java.net.Socket);bsh.NameSpace;0;0;0;0;0;0;0;0
bsh.ClassGeneratorImpl.isStatic(bsh.SimpleNode);bsh.BSHMethodDeclaration;0;0;0;0;0;0;0;0
org.gjt.sp.jedit.jEdit.run();org.gjt.sp.jedit.textarea.JEditTextArea;1;0;4;1.0;0.9964539007092199;21;1507;2931
bsh.BlockNameSpace.importPackage(java.lang.String);bsh.NameSpace;0;0;0;0;0;0;0;0
org.gjt.sp.jedit.syntax.XModeHandler.startElement(java.lang.String);org.gjt.sp.util.Log;0;0;0;0;0;0;0;0
org.gjt.sp.jedit.textarea.JEditTextArea.invalidateScreenLineRange(int, int);org.gjt.sp.jedit.textarea.ChunkCache;1;1;2;0.9963898916967509;0.9743589743589743;18;2931;425
bsh.Name.invokeMethod(bsh.CallStack, bsh.Interpreter, bsh.SimpleNode, java.lang.Object[]);bsh.CallStack;0;0;0;0;0;0;0;0
bsh.BSHWhileStatement.eval(bsh.CallStack, bsh.Interpreter);bsh.SimpleNode;3;1;4;0.9;0.88;32;35;79
org.gjt.sp.jedit.menu.RecentDirectoriesProvider.update(javax.swing.JMenu);org.gjt.sp.jedit.jEdit;0;0;0;0;0;0;0;0
QuickNotepadOptionPane._init();org.gjt.sp.jedit.AbstractOptionPane;2;2;2;0.8181818181818181;0.9473684210526316;13;47;78
bsh.Parser.TryStatement();bsh.JJTParserState;4;9;1;0.9793103448275862;0.9032258064516129;62;6765;74
org.gjt.sp.jedit.textarea.ScrollLineCount.reset();org.gjt.sp.jedit.textarea.DisplayManager;0;0;0;0;0;0;0;0
bsh.Parser.MethodDeclaration();bsh.BSHMethodDeclaration;1;11;3;0.9745958429561201;0.9545454545454546;58;6765;26
org.gjt.sp.jedit.buffer.JEditBuffer.writeUnlock();org.gjt.sp.util.ReadWriteLock;0;0;0;0;0;0;0;0
org.gjt.sp.jedit.io.FileVFS._rename(java.awt.Component, java.lang.Object, java.lang.String, java.lang.String);org.gjt.sp.jedit.io.VFSManager;1;0;1;1.0;1.0;8;214;120
org.gjt.sp.jedit.browser.VFSBrowser.searchInDirectory(boolean, java.lang.String);org.gjt.sp.jedit.MiscUtilities;0;0;0;0;0;0;0;0
org.gjt.sp.jedit.buffer.JEditBuffer.contentInserted(int, int, org.gjt.sp.util.IntegerArray);org.gjt.sp.jedit.buffer.LineManager;0;0;0;0;0;0;0;0
bsh.BSHBinaryExpression.isPrimitiveValue(java.lang.Object);bsh.Primitive;0;0;1;1.0;1.0;3;55;451
org.gjt.sp.jedit.menu.RecentFilesProvider.update(javax.swing.JMenu);org.gjt.sp.jedit.BufferHistory;0;0;0;0;0;0;0;0
org.gjt.sp.jedit.search.SearchBar.actionPerformed(java.awt.event.ActionEvent);org.gjt.sp.jedit.View;0;0;0;0;0;0;0;0
org.gjt.sp.jedit.textarea.DisplayManager.updateScreenLineCount(int);org.gjt.sp.jedit.textarea.JEditTextArea;0;0;0;0;0;0;0;0
gnu.regexp.RETokenChar.chain(gnu.regexp.REToken);gnu.regexp.REToken;1;1;1;0.875;0.8571428571428572;12;35;30
org.gjt.sp.jedit.textarea.BufferHandler.preContentRemoved(int, int, int, int, org.gjt.sp.jedit.buffer.JEditBuffer);org.gjt.sp.jedit.textarea.Anchor;0;0;0;0;0;0;0;0
org.gjt.sp.jedit.EditPane.goToNextMarker(boolean);org.gjt.sp.jedit.textarea.JEditTextArea;0;0;0;0;0;0;0;0
org.gjt.sp.jedit.io.UrlVFS._createOutputStream(java.awt.Component, java.lang.Object, java.lang.String);org.gjt.sp.jedit.io.VFSManager;1;0;2;1.0;1.0;11;32;120
org.gjt.sp.jedit.gui.HistoryText.setModel(java.lang.String);org.gjt.sp.jedit.gui.HistoryModel;0;0;0;0;0;0;0;0
org.gjt.sp.jedit.textarea.JEditTextArea.userInput(char);org.gjt.sp.jedit.Abbrevs;1;10;4;0.9657534246575342;1.0;64;2931;263
org.gjt.sp.jedit.Buffer.getDefaultProperty(java.lang.String);org.gjt.sp.jedit.Mode;0;0;0;0;0;0;0;0
bsh.EvalError.toString();bsh.SimpleNode;3;1;1;0.9230769230769231;0.85;6;55;79
org.gjt.sp.jedit.options.ShortcutsOptionPane.save();org.gjt.sp.jedit.jEdit;0;1;2;0.9666666666666667;1.0;8;164;1507
org.gjt.sp.jedit.View.close();org.gjt.sp.jedit.GUIUtilities;0;5;4;0.9107142857142857;1.0;16;530;395
org.gjt.sp.jedit.options.AbbrevsOptionPane.add(java.lang.String, java.lang.String, org.gjt.sp.jedit.options.AbbrevsModel);org.gjt.sp.jedit.options.AbbrevsModel;0;0;0;0;0;0;0;0
org.gjt.sp.jedit.gui.DefaultInputHandler.handleKey(org.gjt.sp.jedit.gui.KeyEventTranslator.Key);org.gjt.sp.jedit.gui.KeyEventTranslator;0;0;0;0;0;0;0;0
org.gjt.sp.jedit.browser.BrowserView.directoryLoaded(java.lang.Object, java.lang.String, java.util.ArrayList);org.gjt.sp.jedit.io.VFS;0;0;0;0;0;0;0;0
org.gjt.sp.jedit.search.SearchDialog.save(boolean);org.gjt.sp.jedit.gui.HistoryTextField;0;0;0;0;0;0;0;0
bsh.ParserTokenManager.jjMoveStringLiteralDfa19_0(long, long, long, long);bsh.JavaCharStream;0;0;0;0;0;0;0;0
org.gjt.sp.jedit.browser.VFSDirectoryEntryTableModel.collapse(int, org.gjt.sp.jedit.io.VFS);org.gjt.sp.jedit.io.VFSFile;0;0;0;0;0;0;0;0
org.gjt.sp.jedit.textarea.BufferHandler.contentInserted(int, int, int, int, org.gjt.sp.jedit.buffer.JEditBuffer);org.gjt.sp.jedit.textarea.JEditTextArea;0;0;0;0;0;0;0;0
org.gjt.sp.jedit.gui.MarkerViewer.getListCellRendererComponent(boolean, boolean, int, java.lang.Object, javax.swing.JList);org.gjt.sp.jedit.Marker;0;0;0;0;0;0;0;0
org.gjt.sp.jedit.gui.StatusBar.mouseClicked(java.awt.event.MouseEvent);org.gjt.sp.jedit.textarea.JEditTextArea;4;7;7;0.8541666666666666;0.9862542955326461;43;281;2931
org.gjt.sp.jedit.search.SearchBar.find(boolean);org.gjt.sp.jedit.textarea.Selection;2;3;8;0.9393939393939394;0.9166666666666666;33;178;59
org.gjt.sp.jedit.textarea.JEditTextArea.getSelectedLines();org.gjt.sp.jedit.textarea.SelectionManager;0;0;0;0;0;0;0;0
org.gjt.sp.jedit.EditPane.loadCaretInfo();org.gjt.sp.jedit.gui.StatusBar;1;0;4;1.0;0.9743589743589743;11;245;281
org.gjt.sp.jedit.msg.VFSUpdate.paramString();org.gjt.sp.jedit.EBMessage;1;1;1;0.6666666666666667;0.8333333333333334;3;11;21
org.gjt.sp.jedit.io.FileVFS._delete(java.awt.Component, java.lang.Object, java.lang.String);org.gjt.sp.jedit.io.VFSManager;1;0;1;1.0;1.0;5;214;120
org.gjt.sp.jedit.browser.VFSBrowser.reloadDirectory();org.gjt.sp.jedit.io.VFS;1;1;3;0.9833333333333333;0.9705882352941176;4;675;167
org.gjt.sp.jedit.search.SearchDialog.dispose();org.gjt.sp.jedit.EditBus;0;0;1;1.0;1.0;5;416;72
org.gjt.sp.jedit.gui.HistoryTextField.getInstantPopups();org.gjt.sp.jedit.gui.HistoryText;0;0;0;0;0;0;0;0
QuickNotepad.removeNotify();org.gjt.sp.jedit.EditBus;0;1;1;0.9375;1.0;5;115;72
org.gjt.sp.jedit.menu.RecentDirectoriesProvider.mouseExited(java.awt.event.MouseEvent);org.gjt.sp.jedit.gui.StatusBar;0;0;0;0;0;0;0;0
org.gjt.sp.jedit.pluginmgr.Roster.runInAWTThread(java.awt.Component);org.gjt.sp.jedit.MiscUtilities;0;0;0;0;0;0;0;0
gnu.regexp.RETokenLookAhead.match(gnu.regexp.CharIndexed, gnu.regexp.REMatch);gnu.regexp.REMatch;2;1;2;0.8571428571428572;0.9090909090909091;18;29;95
bsh.XThis.invoke(java.lang.Object, java.lang.Object[], java.lang.reflect.Method);bsh.TargetError;0;0;0;0;0;0;0;0
macos.Delegate.insertSelection(java.lang.String, macos.NSPasteboard);org.gjt.sp.jedit.jEdit;0;0;0;0;0;0;0;0
org.gjt.sp.jedit.browser.VFSFileNameField.goToParent();org.gjt.sp.jedit.io.VFS;0;0;0;0;0;0;0;0
bsh.Parser.UnaryExpressionNotPlusMinus();bsh.JJTParserState;2;11;3;0.975609756097561;0.96;71;6765;74
org.gjt.sp.jedit.View.setEditPane(org.gjt.sp.jedit.EditPane);org.gjt.sp.jedit.gui.StatusBar;3;0;1;1.0;0.9032258064516129;6;530;281
org.gjt.sp.jedit.textarea.JEditTextArea.invalidateScreenLineRange(int, int);org.gjt.sp.jedit.textarea.TextAreaPainter;1;1;2;0.9963898916967509;0.9841269841269842;18;2931;363
org.gjt.sp.jedit.textarea.JEditTextArea.moveCaretPosition(int, int);org.gjt.sp.jedit.buffer.JEditBuffer;0;0;0;0;0;0;0;0
bsh.BlockNameSpace.weHaveVar(java.lang.String);bsh.NameSpace;1;0;1;1.0;1.0;3;10;421
org.gjt.sp.jedit.textarea.JEditTextArea.getSelectionStart();org.gjt.sp.jedit.textarea.Selection;1;2;1;0.9927007299270073;0.9090909090909091;4;2931;59
org.gjt.sp.jedit.browser.BrowserView.maybeReloadDirectory(java.lang.String);org.gjt.sp.jedit.MiscUtilities;0;3;4;0.9555555555555556;1.0;9;404;491
org.objectweb.asm.CodeWriter.visitMultiANewArrayInsn(int, java.lang.String);org.objectweb.asm.Item;0;0;0;0;0;0;0;0
bsh.ClassGeneratorImpl.isStatic(bsh.SimpleNode);bsh.BSHTypedVariableDeclaration;0;0;0;0;0;0;0;0
org.gjt.sp.jedit.textarea.DisplayManager.isLineVisible(int);org.gjt.sp.jedit.textarea.RangeMap;0;0;0;0;0;0;0;0
org.gjt.sp.jedit.search.HyperSearchFileNode.getBuffer();org.gjt.sp.jedit.jEdit;0;0;0;0;0;0;0;0
org.gjt.sp.jedit.menu.RecentDirectoriesProvider.update(javax.swing.JMenu);org.gjt.sp.jedit.browser.VFSBrowser;0;0;0;0;0;0;0;0
org.gjt.sp.jedit.options.AppearanceOptionPane._save();org.gjt.sp.jedit.jEdit;2;5;1;0.6666666666666667;1.0;9;62;1507
org.gjt.sp.jedit.textarea.JEditTextArea.extendSelection(int, int, int, int);org.gjt.sp.jedit.textarea.SelectionManager;0;0;0;0;0;0;0;0
org.gjt.sp.jedit.search.HyperSearchResults.mousePressed(java.awt.event.MouseEvent);org.gjt.sp.jedit.View;0;0;0;0;0;0;0;0
org.gjt.sp.jedit.textarea.MouseHandler.doTripleDrag(java.awt.event.MouseEvent);org.gjt.sp.jedit.textarea.JEditTextArea;0;0;0;0;0;0;0;0
bsh.Parser.ForStatement();bsh.BSHForStatement;3;11;2;0.9761904761904762;0.94;134;6765;42
org.gjt.sp.jedit.textarea.JEditTextArea.scrollToCaret(boolean);org.gjt.sp.jedit.buffer.JEditBuffer;0;0;0;0;0;0;0;0
org.gjt.sp.jedit.gui.ActionBar.run();org.gjt.sp.jedit.gui.InputHandler;0;0;0;0;0;0;0;0
org.gjt.sp.jedit.menu.RecentDirectoriesProvider.update(javax.swing.JMenu);org.gjt.sp.jedit.browser.FileCellRenderer;0;0;0;0;0;0;0;0
macos.MacOSOptionPane._save();org.gjt.sp.jedit.jEdit;0;0;0;0;0;0;0;0
bsh.BSHAmbiguousName.getName(bsh.NameSpace);bsh.NameSpace;1;1;1;0.875;0.9803921568627451;3;21;421
org.gjt.sp.jedit.buffer.JEditBuffer.getLineCount();org.gjt.sp.jedit.buffer.LineManager;0;0;0;0;0;0;0;0
bsh.JThis.imageUpdate(int, int, int, int, int, java.awt.Image);bsh.This;0;0;4;1.0;1.0;10;287;54
org.gjt.sp.jedit.msg.PluginUpdate.getPluginJAR();org.gjt.sp.jedit.EBMessage;0;0;0;0;0;0;0;0
org.gjt.sp.jedit.OptionGroup.addOptionPane(java.lang.String);org.gjt.sp.jedit.jEdit;0;0;0;0;0;0;0;0
org.gjt.sp.jedit.browser.VFSBrowser.newFile();org.gjt.sp.jedit.io.VFS;3;2;3;0.967741935483871;0.9142857142857143;12;675;167
org.gjt.sp.jedit.textarea.MouseHandler.doDoubleClick();org.gjt.sp.jedit.TextUtilities;0;0;0;0;0;0;0;0
org.gjt.sp.jedit.textarea.JEditTextArea.goToPrevWord(boolean, boolean);org.gjt.sp.jedit.TextUtilities;0;0;0;0;0;0;0;0
org.gjt.sp.jedit.browser.BrowserView.directoryLoaded(java.lang.Object, java.lang.String, java.util.ArrayList);org.gjt.sp.jedit.io.VFSManager;0;0;0;0;0;0;0;0
org.gjt.sp.jedit.ActionSet.getCacheableActionNames();org.gjt.sp.util.Log;0;0;0;0;0;0;0;0
org.gjt.sp.util.WorkThread.doRequest(org.gjt.sp.util.WorkThreadPool.Request);org.gjt.sp.util.WorkThreadPool;3;6;2;0.6842105263157895;0.926829268292683;21;97;186
org.gjt.sp.jedit.browser.VFSFileChooserDialog.getSelectedFiles();org.gjt.sp.jedit.io.VFSFile;0;0;0;0;0;0;0;0
org.gjt.sp.jedit.PluginJAR.uninit(boolean);org.gjt.sp.jedit.browser.VFSBrowser;0;0;0;0;0;0;0;0
bsh.BSHCastExpression.eval(bsh.CallStack, bsh.Interpreter);bsh.UtilEvalError;0;0;0;0;0;0;0;0
bsh.JThis.imageUpdate(int, int, int, int, int, java.awt.Image);bsh.BshMethod;1;0;4;1.0;1.0;10;287;59
org.gjt.sp.jedit.options.GeneralOptionPane._init();org.gjt.sp.jedit.jEdit;0;13;2;0.40909090909090906;1.0;46;80;1507
bsh.Name.toClass();bsh.ClassIdentifier;0;0;0;0;0;0;0;0
bsh.Parser.PreDecrementExpression();bsh.Token;1;4;3;0.9907192575406032;0.9333333333333333;21;6765;9
org.gjt.sp.jedit.gui.DockableWindowManager.closeCurrentArea();org.gjt.sp.jedit.gui.DockablePanel;0;0;0;0;0;0;0;0
org.gjt.sp.jedit.Buffer.reload(org.gjt.sp.jedit.View);org.gjt.sp.jedit.GUIUtilities;1;3;3;0.9861111111111112;1.0;9;1466;395
org.gjt.sp.jedit.gui.HistoryTextArea.getModel();org.gjt.sp.jedit.gui.HistoryText;0;0;0;0;0;0;0;0
org.gjt.sp.jedit.menu.MarkersProvider.update(javax.swing.JMenu);org.gjt.sp.jedit.GUIUtilities;0;0;0;0;0;0;0;0
gnu.regexp.RETokenRange.match(gnu.regexp.CharIndexed, gnu.regexp.REMatch);gnu.regexp.REToken;1;3;2;0.7272727272727273;0.9166666666666666;10;21;30
org.gjt.sp.jedit.Buffer.getContextSensitiveProperty(int, java.lang.String);org.gjt.sp.jedit.syntax.ParserRuleSet;1;1;2;0.9929577464788732;0.9473684210526316;12;1466;79
bsh.BshMethod.invokeImpl(boolean, bsh.CallStack, bsh.Interpreter, bsh.SimpleNode, java.lang.Object[]);bsh.ReturnControl;0;0;0;0;0;0;0;0
org.objectweb.asm.CodeWriter.put(org.objectweb.asm.ByteVector);org.objectweb.asm.ClassWriter;0;0;0;0;0;0;0;0
org.gjt.sp.jedit.search.SearchDialog.setSearchString(int, java.lang.String);org.gjt.sp.jedit.gui.HistoryTextArea;0;0;0;0;0;0;0;0
org.gjt.sp.jedit.browser.VFSBrowser.newFile();org.gjt.sp.jedit.io.VFSManager;0;2;3;0.967741935483871;1.0;12;675;120
bsh.This.invokeMethod(boolean, bsh.CallStack, bsh.Interpreter, bsh.SimpleNode, java.lang.Object[], java.lang.String);bsh.NameSpace;0;0;0;0;0;0;0;0
org.gjt.sp.jedit.gui.JCheckBoxList.getValues();org.gjt.sp.jedit.gui.CheckBoxListModel;1;0;1;1.0;0.9166666666666666;6;58;55
bsh.Interpreter.eval(bsh.NameSpace, java.io.Reader, java.lang.String);bsh.EvalError;1;6;8;0.9;0.967741935483871;58;440;55
bsh.BSHEnhancedForStatement.eval(bsh.CallStack, bsh.Interpreter);bsh.SimpleNode;0;0;0;0;0;0;0;0
org.gjt.sp.jedit.search.SearchDialog.setSearchString(int, java.lang.String);org.gjt.sp.jedit.search.DirectoryListSet;0;0;0;0;0;0;0;0
org.gjt.sp.jedit.pluginmgr.PluginList.install(boolean, java.lang.String, org.gjt.sp.jedit.pluginmgr.Roster);org.gjt.sp.jedit.pluginmgr.Roster;1;6;2;0.8717948717948718;0.95;10;145;137
org.gjt.sp.jedit.buffer.JEditBuffer.invalidateFoldLevels();org.gjt.sp.jedit.buffer.LineManager;0;0;0;0;0;0;0;0
org.gjt.sp.jedit.View.scrolledVertically(org.gjt.sp.jedit.textarea.JEditTextArea);org.gjt.sp.jedit.gui.StatusBar;1;1;1;0.9811320754716981;0.96875;3;530;281
org.gjt.sp.jedit.Buffer.removeAllMarkers();org.gjt.sp.jedit.msg.BufferUpdate;0;3;4;0.9788732394366197;1.0;6;1466;18
org.gjt.sp.jedit.EditPane.close();org.gjt.sp.jedit.EditBus;0;1;2;0.9333333333333333;1.0;5;245;72
org.gjt.sp.jedit.textarea.DisplayManager.getPrevVisibleLine(int);org.gjt.sp.jedit.textarea.RangeMap;0;0;0;0;0;0;0;0
org.gjt.sp.jedit.EditPane.setBuffer(org.gjt.sp.jedit.Buffer);org.gjt.sp.jedit.buffer.JEditBuffer;0;0;0;0;0;0;0;0
org.gjt.sp.jedit.search.SearchDialog.cancel();org.gjt.sp.jedit.GUIUtilities;0;2;1;0.9393939393939394;1.0;5;416;395
org.gjt.sp.jedit.textarea.DisplayManager.collapseFold(int);org.gjt.sp.jedit.textarea.JEditTextArea;0;0;0;0;0;0;0;0
org.gjt.sp.jedit.browser.VFSBrowser.focusOnDefaultComponent();org.gjt.sp.jedit.browser.BrowserView;0;0;0;0;0;0;0;0
org.gjt.sp.jedit.textarea.JEditTextArea.getLineCount();org.gjt.sp.jedit.buffer.JEditBuffer;0;0;0;0;0;0;0;0
org.gjt.sp.jedit.gui.GrabKeyDialog.init(java.util.Vector, org.gjt.sp.jedit.Buffer, org.gjt.sp.jedit.gui.GrabKeyDialog.KeyBinding);org.gjt.sp.jedit.jEdit;0;0;0;0;0;0;0;0
org.gjt.sp.jedit.gui.CompleteWord.keyTyped(java.awt.event.KeyEvent);org.gjt.sp.jedit.gui.KeyEventWorkaround;0;5;3;0.8571428571428572;1.0;16;225;88
org.gjt.sp.jedit.gui.IOProgressMonitor.updateCaption();org.gjt.sp.jedit.io.VFSManager;0;1;3;0.9411764705882353;1.0;4;92;120
org.gjt.sp.jedit.View.updateTitle();org.gjt.sp.jedit.buffer.JEditBuffer;0;0;0;0;0;0;0;0
bsh.Interpreter.getInterface(java.lang.Class);bsh.UtilEvalError;0;0;0;0;0;0;0;0
QuickNotepad.keyPressed(java.awt.event.KeyEvent);org.gjt.sp.jedit.gui.DockableWindowManager;1;1;2;0.9473684210526316;0.984375;7;115;429
org.gjt.sp.jedit.textarea.JEditTextArea.setFirstPhysicalLine(int, int);org.gjt.sp.jedit.textarea.DisplayManager;0;0;0;0;0;0;0;0
bsh.Parser.FormalComment();bsh.Token;0;0;0;0;0;0;0;0
org.gjt.sp.jedit.browser.VFSDirectoryEntryTable.processKeyEvent(java.awt.event.KeyEvent);org.gjt.sp.jedit.browser.BrowserView;0;0;0;0;0;0;0;0
org.gjt.sp.jedit.browser.VFSFileChooserDialog.getSelectedFiles();org.gjt.sp.jedit.browser.VFSBrowser;2;2;3;0.92;0.9692307692307692;18;197;675
org.gjt.sp.jedit.options.GeneralOptionPane._init();org.gjt.sp.jedit.MiscUtilities;0;0;0;0;0;0;0;0
org.gjt.sp.jedit.browser.VFSFileNameField.goToParent();org.gjt.sp.jedit.browser.VFSBrowser;0;0;0;0;0;0;0;0
bsh.BSHTernaryExpression.eval(bsh.CallStack, bsh.Interpreter);bsh.BSHIfStatement;1;0;2;1.0;1.0;5;8;19
org.gjt.sp.jedit.textarea.ChunkCache.getUpdateStartLine(int);org.gjt.sp.jedit.textarea.DisplayManager;0;0;0;0;0;0;0;0
org.gjt.sp.jedit.options.AppearanceOptionPane._init();org.gjt.sp.jedit.GUIUtilities;0;0;0;0;0;0;0;0
org.gjt.sp.jedit.Buffer.getMarkerAtLine(int);org.gjt.sp.jedit.buffer.JEditBuffer;0;0;0;0;0;0;0;0
org.gjt.sp.jedit.io.FileVFS._backup(java.awt.Component, java.lang.Object, java.lang.String);org.gjt.sp.jedit.MiscUtilities;1;0;2;1.0;1.0;16;214;491
org.objectweb.asm.ClassWriter.newLong(long);org.objectweb.asm.ByteVector;0;0;0;0;0;0;0;0
bsh.Parser.getToken(int);bsh.Token;0;1;2;0.9976525821596244;1.0;8;6765;9
bsh.Parser.ConditionalOrExpression();bsh.Token;1;8;3;0.9814814814814815;0.95;44;6765;9
org.gjt.sp.jedit.textarea.BufferHandler.contentInserted(int, int, int, int, org.gjt.sp.jedit.buffer.JEditBuffer);org.gjt.sp.jedit.textarea.Selection;0;0;0;0;0;0;0;0
org.gjt.sp.jedit.options.GlobalOptions.createOptionTreeModel();org.gjt.sp.jedit.gui.OptionsDialog;0;0;0;0;0;0;0;0
org.gjt.sp.jedit.syntax.TokenMarker.equals(java.lang.Object);org.gjt.sp.jedit.MiscUtilities;0;0;0;0;0;0;0;0
bsh.BSHTryStatement.eval(bsh.CallStack, bsh.Interpreter);bsh.CallStack;3;0;7;1.0;0.875;52;55;42
org.gjt.sp.jedit.pluginmgr.Roster.performOperationsInAWTThread(java.awt.Component);org.gjt.sp.jedit.jEdit;0;0;0;0;0;0;0;0
bsh.BshMethod.invokeImpl(boolean, bsh.CallStack, bsh.Interpreter, bsh.SimpleNode, java.lang.Object[]);bsh.Types;0;0;0;0;0;0;0;0
org.gjt.sp.jedit.syntax.XModeHandler.attribute(boolean, java.lang.String, java.lang.String);org.gjt.sp.jedit.syntax.ParserRuleSet;0;0;0;0;0;0;0;0
org.gjt.sp.jedit.Macros.append(java.lang.String);org.gjt.sp.jedit.buffer.JEditBuffer;0;0;0;0;0;0;0;0
org.gjt.sp.jedit.textarea.JEditTextArea.goToNextBracket(boolean);org.gjt.sp.jedit.buffer.JEditBuffer;0;0;0;0;0;0;0;0
bsh.BlockNameSpace.setBlockVariable(java.lang.Object, java.lang.String);bsh.NameSpace;0;0;0;0;0;0;0;0
org.gjt.sp.jedit.Mode.init();org.gjt.sp.jedit.MiscUtilities;0;2;3;0.8461538461538461;1.0;16;85;491
org.gjt.sp.jedit.Buffer.getMarkerAtLine(int);org.gjt.sp.jedit.Marker;1;2;1;0.9858156028368794;0.9;7;1466;26
org.gjt.sp.jedit.gui.DockableWindowManager.propertiesChanged();org.gjt.sp.jedit.gui.PanelWindowContainer;0;0;0;0;0;0;0;0
bsh.BSHVariableDeclarator.eval(bsh.BSHType, bsh.CallStack, bsh.Interpreter);bsh.BSHArrayInitializer;1;0;4;1.0;1.0;9;12;44
org.gjt.sp.jedit.browser.BrowserView.mousePressed(java.awt.event.MouseEvent);org.gjt.sp.jedit.browser.VFSDirectoryEntryTable;0;0;0;0;0;0;0;0
org.gjt.sp.jedit.pluginmgr.ManagePanel.transitiveClosure(java.lang.String[], java.util.List);org.gjt.sp.jedit.jEdit;0;0;0;0;0;0;0;0
installer.CBZip2InputStream.initBlock();installer.CRC;0;0;0;0;0;0;0;0
org.gjt.sp.jedit.pluginmgr.ManagePanel.valueChanged(javax.swing.event.ListSelectionEvent);org.gjt.sp.jedit.jEdit;0;0;0;0;0;0;0;0
bsh.BSHMethodInvocation.eval(bsh.CallStack, bsh.Interpreter);bsh.Name;1;0;7;1.0;1.0;23;26;291
org.gjt.sp.jedit.gui.EditAbbrevDialog.checkForExistingAbbrev();org.gjt.sp.jedit.gui.AbbrevEditor;0;0;0;0;0;0;0;0
org.gjt.sp.jedit.textarea.FirstLine.reset();org.gjt.sp.jedit.Debug;0;0;0;0;0;0;0;0
org.gjt.sp.jedit.textarea.JEditTextArea.setFirstLine(int);org.gjt.sp.jedit.textarea.DisplayManager;0;0;0;0;0;0;0;0
org.gjt.sp.jedit.gui.SelectLineRange.createFieldPanel();org.gjt.sp.jedit.jEdit;0;2;1;0.8947368421052632;1.0;29;89;1507
bsh.BSHType.getType(bsh.CallStack, bsh.Interpreter);bsh.BSHAmbiguousName;0;0;0;0;0;0;0;0
org.gjt.sp.jedit.browser.VFSBrowser.filesActivated(boolean, int);org.gjt.sp.jedit.EditPane;0;0;0;0;0;0;0;0
org.gjt.sp.jedit.textarea.BufferHandler.contentInserted(int, int, int, int, org.gjt.sp.jedit.buffer.JEditBuffer);org.gjt.sp.jedit.textarea.ScreenLineManager;0;0;0;0;0;0;0;0
org.gjt.sp.jedit.textarea.MouseHandler.mousePressed(java.awt.event.MouseEvent);org.gjt.sp.jedit.buffer.JEditBuffer;0;0;0;0;0;0;0;0
org.gjt.sp.jedit.browser.VFSFileChooserDialog.dispose();org.gjt.sp.util.WorkThreadPool;1;0;3;1.0;0.9714285714285714;5;197;186
org.gjt.sp.jedit.help.HelpIndex.indexJAR(java.util.zip.ZipFile);org.gjt.sp.jedit.MiscUtilities;0;0;0;0;0;0;0;0
org.gjt.sp.jedit.textarea.JEditTextArea.insertTab();org.gjt.sp.jedit.MiscUtilities;0;5;2;0.9818181818181818;1.0;20;2931;491
org.gjt.sp.jedit.browser.BrowserView.mousePressed(java.awt.event.MouseEvent);org.gjt.sp.jedit.browser.FileCellRenderer;0;0;0;0;0;0;0;0
org.gjt.sp.jedit.Buffer.finishSaving(boolean, boolean, java.lang.String, java.lang.String, java.lang.String, org.gjt.sp.jedit.View);org.gjt.sp.jedit.Mode;0;0;0;0;0;0;0;0
org.gjt.sp.jedit.textarea.JEditTextArea.goToStartOfWhiteSpace(boolean);org.gjt.sp.jedit.textarea.ChunkCache;2;10;6;0.9640287769784173;0.9583333333333334;28;2931;425
org.gjt.sp.jedit.textarea.Gutter.mousePressed(java.awt.event.MouseEvent);org.gjt.sp.jedit.textarea.JEditTextArea;8;3;6;0.9583333333333334;0.972318339100346;44;362;2931
bsh.Parser.ShiftExpression();bsh.BSHBinaryExpression;1;8;3;0.981651376146789;0.9545454545454546;60;6765;55
org.gjt.sp.jedit.textarea.JEditTextArea.setMaxLineLength(int);org.gjt.sp.jedit.textarea.TextAreaPainter;0;0;0;0;0;0;0;0
org.gjt.sp.jedit.textarea.JEditTextArea.getRectParams(int, int);org.gjt.sp.jedit.buffer.JEditBuffer;0;0;0;0;0;0;0;0
org.gjt.sp.jedit.textarea.JEditTextArea.propertiesChanged();org.gjt.sp.jedit.textarea.FastRepaintManager;0;0;0;0;0;0;0;0
org.gjt.sp.jedit.Buffer.setDirty(boolean);org.gjt.sp.jedit.buffer.JEditBuffer;0;0;0;0;0;0;0;0
org.gjt.sp.jedit.JARClassLoader.getResourceAsPath(java.lang.String);org.gjt.sp.jedit.PluginJAR;0;0;0;0;0;0;0;0
org.gjt.sp.jedit.browser.VFSBrowser.updateFilenameFilter();org.gjt.sp.jedit.MiscUtilities;0;0;0;0;0;0;0;0
org.gjt.sp.jedit.syntax.KeywordMap.lookup(int, int, javax.swing.text.Segment);org.gjt.sp.jedit.syntax.SyntaxUtilities;0;0;0;0;0;0;0;0
bsh.Parser.Literal();bsh.JJTParserState;4;10;4;0.9775784753363229;0.9302325581395349;125;6765;74
bsh.BSHType.getTypeDescriptor(bsh.CallStack, bsh.Interpreter, java.lang.String);bsh.BSHAmbiguousName;0;0;0;0;0;0;0;0
bsh.BSHAllocationExpression.constructObject(bsh.CallStack, java.lang.Class, java.lang.Object[]);bsh.NameSpace;0;0;0;0;0;0;0;0
org.gjt.sp.jedit.EditPane.setBuffer(org.gjt.sp.jedit.Buffer);org.gjt.sp.jedit.msg.EditPaneUpdate;0;5;6;0.8076923076923077;1.0;32;245;14
bsh.Parser.jjtreeCloseNodeScope(bsh.Node);bsh.SimpleNode;0;1;1;0.9976470588235294;1.0;3;6765;79
org.gjt.sp.jedit.io.VFSFile.getExtendedAttribute(java.lang.String);org.gjt.sp.jedit.io.VFS;0;0;0;0;0;0;0;0
org.gjt.sp.jedit.SettingsReloader.maybeReload(java.lang.String);org.gjt.sp.jedit.search.DirectoryListSet;0;0;0;0;0;0;0;0
org.gjt.sp.jedit.textarea.RangeMap.put2(int, int, int, int);org.gjt.sp.jedit.Debug;0;0;0;0;0;0;0;0
bsh.JThis.imageUpdate(int, int, int, int, int, java.awt.Image);bsh.Interpreter;1;0;4;1.0;0.9782608695652174;10;287;440
QuickNotepadOptionPane._init();org.gjt.sp.jedit.jEdit;0;2;2;0.8181818181818181;1.0;13;47;1507
org.gjt.sp.jedit.ActionSet.getAction(java.lang.String);org.gjt.sp.util.Log;0;0;0;0;0;0;0;0
bsh.Interpreter.get(java.lang.String);bsh.SimpleNode;0;0;0;0;0;0;0;0
org.gjt.sp.jedit.search.CurrentBufferSet.getNextFile(java.lang.String, org.gjt.sp.jedit.View);org.gjt.sp.jedit.View;1;0;2;1.0;0.9811320754716981;4;16;530
org.gjt.sp.jedit.browser.VFSBrowser.startRequest();org.gjt.sp.util.Log;0;1;2;0.9830508474576272;1.0;11;675;143
org.objectweb.asm.CodeWriter.visitFieldInsn(int, java.lang.String, java.lang.String, java.lang.String);org.objectweb.asm.ClassWriter;0;0;0;0;0;0;0;0
bsh.BSHArrayInitializer.throwTypeError(bsh.CallStack, int, java.lang.Class, java.lang.Object);bsh.Primitive;0;0;0;0;0;0;0;0
org.gjt.sp.jedit.io.VFS._listDirectory(boolean, gnu.regexp.RE, java.awt.Component, java.lang.Object, java.lang.String, java.util.ArrayList, java.util.ArrayList);org.gjt.sp.jedit.MiscUtilities;0;0;0;0;0;0;0;0
org.gjt.sp.jedit.View.quickIncrementalSearch(boolean);org.gjt.sp.jedit.search.SearchAndReplace;0;0;0;0;0;0;0;0
org.gjt.sp.jedit.View.quickHyperSearch(boolean);org.gjt.sp.jedit.gui.HistoryTextField;1;1;5;0.9838709677419355;0.9722222222222222;24;530;249
com.loomcom.ant.tasks.jarbundler.JarBundler.setBundleid(java.lang.String);com.loomcom.ant.tasks.jarbundler.AppBundleProperties;0;0;0;0;0;0;0;0
bsh.Parser.ReturnStatement();bsh.BSHReturnStatement;1;8;2;0.982532751091703;0.9761904761904762;74;6765;9
org.gjt.sp.jedit.EditServer.run();bsh.NameSpace;0;0;0;0;0;0;0;0
org.gjt.sp.jedit.browser.BrowserView.maybeReloadDirectory(java.lang.String);org.gjt.sp.jedit.browser.VFSDirectoryEntryTable;0;0;0;0;0;0;0;0
org.gjt.sp.jedit.View.processKeyEvent(int, java.awt.event.KeyEvent);org.gjt.sp.jedit.gui.GrabKeyDialog;0;0;0;0;0;0;0;0
org.gjt.sp.jedit.textarea.Selection.getColumnOnOtherLine(int, int, org.gjt.sp.jedit.buffer.JEditBuffer);org.gjt.sp.jedit.buffer.JEditBuffer;0;0;0;0;0;0;0;0
org.gjt.sp.jedit.menu.EnhancedMenu.finalize();org.gjt.sp.jedit.EditBus;0;0;0;0;0;0;0;0
org.gjt.sp.jedit.gui.PanelWindowContainer.save();org.gjt.sp.jedit.jEdit;1;3;2;0.9464285714285714;1.0;7;396;1507
bsh.Name.consumeNextObjectField(boolean, boolean, bsh.CallStack, bsh.Interpreter);bsh.Primitive;0;0;0;0;0;0;0;0
installer.InstallThread.installComponent(java.lang.String);installer.TarInputStream;0;0;0;0;0;0;0;0
bsh.ParserTokenManager.jjFillToken();bsh.Token;6;1;2;0.984375;0.5;11;1621;9
org.gjt.sp.jedit.options.ToolBarOptionPane.updateButtons();org.gjt.sp.jedit.gui.RolloverButton;0;0;0;0;0;0;0;0
org.objectweb.asm.Label.resolve(byte[], int, org.objectweb.asm.CodeWriter);org.objectweb.asm.CodeWriter;0;0;0;0;0;0;0;0
org.gjt.sp.jedit.browser.VFSBrowser.locateFile(java.lang.String);org.gjt.sp.jedit.io.VFSManager;0;0;0;0;0;0;0;0
org.gjt.sp.jedit.textarea.SelectionManager.getSelectionStartAndEnd(int, int, org.gjt.sp.jedit.textarea.Selection);org.gjt.sp.jedit.textarea.Selection;0;0;0;0;0;0;0;0
macos.MacOSPlugin.start();org.gjt.sp.jedit.Macros;0;0;0;0;0;0;0;0
org.gjt.sp.jedit.search.BufferListSet.getNextFile(java.lang.String, org.gjt.sp.jedit.View);org.gjt.sp.jedit.io.VFSManager;0;0;0;0;0;0;0;0
bsh.Parser.FormalComment();bsh.JJTParserState;0;0;0;0;0;0;0;0
org.gjt.sp.jedit.buffer.JEditBuffer.createBracketIndentRules(java.lang.String);org.gjt.sp.util.Log;0;0;0;0;0;0;0;0
bsh.BSHMethodInvocation.eval(bsh.CallStack, bsh.Interpreter);bsh.TargetError;1;0;7;1.0;0.9411764705882353;23;26;50
org.gjt.sp.jedit.Buffer.addMarker(char, int);org.gjt.sp.jedit.jEdit;0;3;4;0.9794520547945206;1.0;28;1466;1507
org.objectweb.asm.CodeWriter.visitLdcInsn(java.lang.Object);org.objectweb.asm.Item;0;0;0;0;0;0;0;0
org.gjt.sp.jedit.options.FirewallOptionPane._init();org.gjt.sp.jedit.jEdit;0;7;2;0.5333333333333333;1.0;27;47;1507
org.gjt.sp.jedit.textarea.ChunkCache.scrollUp(int);org.gjt.sp.jedit.Debug;0;0;0;0;0;0;0;0
bsh.NameSpace.getImportedClassImpl(java.lang.String);bsh.Name;1;4;3;0.9285714285714286;0.962962962962963;34;421;291
org.gjt.sp.jedit.gui.CompleteWord.keyPressed(java.awt.event.KeyEvent);org.gjt.sp.jedit.textarea.JEditTextArea;2;6;3;0.8888888888888888;0.9932659932659933;55;225;2931
org.gjt.sp.util.WorkThread.setProgressValue(int);org.gjt.sp.util.WorkThreadPool;1;1;1;0.9375;0.9714285714285714;4;97;186
bsh.NameSpace.unwrapVariable(bsh.Variable);bsh.Primitive;0;0;0;0;0;0;0;0
org.gjt.sp.jedit.textarea.FirstLine.physUp(int, int);org.gjt.sp.util.Log;0;0;0;0;0;0;0;0
org.gjt.sp.jedit.pluginmgr.Roster.unloadPluginJAR(org.gjt.sp.jedit.PluginJAR);org.gjt.sp.jedit.jEdit;0;0;0;0;0;0;0;0
org.gjt.sp.jedit.browser.VFSBrowser.run();org.gjt.sp.jedit.browser.BrowserView;1;5;5;0.927536231884058;1.0;32;675;404
macos.menu.ShowRecentMenu.construct();org.gjt.sp.jedit.BufferHistory;0;0;0;0;0;0;0;0
gnu.regexp.RE.initialize(gnu.regexp.RESyntax, int, int, int, java.lang.Object);gnu.regexp.RETokenRepeated;2;5;8;0.9482758620689655;0.9393939393939394;326;609;120
org.gjt.sp.jedit.browser.VFSDirectoryEntryTable.getExpandedDirectories(java.util.Set);org.gjt.sp.jedit.browser.VFSDirectoryEntryTableModel;0;0;0;0;0;0;0;0
org.gjt.sp.jedit.buffer.KillRing.load();com.microstar.xml.XmlException;0;0;0;0;0;0;0;0
bsh.ParseException.getErrorText();bsh.Token;2;3;1;0.7692307692307692;0.7777777777777778;18;133;9
bsh.BSHMethodInvocation.eval(bsh.CallStack, bsh.Interpreter);bsh.BSHAmbiguousName;1;0;7;1.0;0.9333333333333333;23;26;21
org.gjt.sp.jedit.ActionContext.getActionNames();org.gjt.sp.jedit.ActionSet;0;0;0;0;0;0;0;0
org.gjt.sp.jedit.gui.DockableWindowFactory.loadDockableWindows(java.net.URL, org.gjt.sp.jedit.PluginJAR, org.gjt.sp.jedit.PluginJAR.PluginCacheEntry);org.gjt.sp.jedit.PluginJAR;0;0;0;0;0;0;0;0
installer.TarEntry.setName(java.lang.String);installer.TarHeader;0;0;0;0;0;0;0;0
org.gjt.sp.jedit.gui.IOProgressMonitor.update();org.gjt.sp.jedit.jEdit;0;3;4;0.8636363636363636;1.0;14;92;1507
bsh.Interpreter.unset(java.lang.String);bsh.SimpleNode;0;0;0;0;0;0;0;0
org.gjt.sp.jedit.textarea.MouseHandler.doSingleDrag(java.awt.event.MouseEvent);org.gjt.sp.jedit.textarea.ChunkCache;0;0;0;0;0;0;0;0
org.gjt.sp.jedit.EditPane.loadCaretInfo();org.gjt.sp.jedit.textarea.Selection;0;0;0;0;0;0;0;0
org.gjt.sp.jedit.msg.EditorExitRequested.getView();org.gjt.sp.jedit.EBMessage;1;0;1;1.0;0.8;3;6;21
org.gjt.sp.jedit.gui.FloatingWindowContainer.run();org.gjt.sp.jedit.gui.DockableWindowManager;0;0;0;0;0;0;0;0
org.gjt.sp.jedit.EditPane.narrowActive(org.gjt.sp.jedit.textarea.JEditTextArea);org.gjt.sp.jedit.gui.StatusBar;0;0;0;0;0;0;0;0
org.gjt.sp.jedit.search.SearchDialog.save(boolean);org.gjt.sp.jedit.EditBus;0;0;0;0;0;0;0;0
org.gjt.sp.jedit.browser.BrowserIORequest.delete();org.gjt.sp.jedit.io.VFS;3;2;4;0.8947368421052632;1.0;26;160;167
org.gjt.sp.jedit.textarea.BufferHandler.contentRemoved(int, int, int, int, org.gjt.sp.jedit.buffer.JEditBuffer);org.gjt.sp.jedit.textarea.JEditTextArea;0;0;0;0;0;0;0;0
org.gjt.sp.jedit.gui.PanelWindowContainer.getCurrent();org.gjt.sp.jedit.gui.DockableWindowFactory;0;0;0;0;0;0;0;0
org.gjt.sp.jedit.browser.VFSBrowser.filesActivated(boolean, int);org.gjt.sp.jedit.browser.BrowserView;0;0;0;0;0;0;0;0
bsh.Parser.AndExpression();bsh.BSHBinaryExpression;1;8;3;0.9814814814814815;0.9444444444444444;44;6765;55
org.gjt.sp.jedit.buffer.JEditBuffer.getText(int, int, javax.swing.text.Segment);org.gjt.sp.jedit.buffer.ContentManager;0;0;0;0;0;0;0;0
org.gjt.sp.jedit.textarea.JEditTextArea.formatParagraph();org.gjt.sp.jedit.TextUtilities;1;10;2;0.968421052631579;1.0;60;2931;348
com.loomcom.ant.tasks.jarbundler.JarBundler.setArguments(java.lang.String);com.loomcom.ant.tasks.jarbundler.AppBundleProperties;0;0;0;0;0;0;0;0
bsh.Parser.TypedVariableDeclaration();bsh.JJTParserState;4;9;2;0.9792147806004619;0.896551724137931;63;6765;74
org.gjt.sp.jedit.buffer.LineManager.moveGap(int, int, java.lang.String);org.gjt.sp.jedit.Debug;0;0;0;0;0;0;0;0
org.gjt.sp.jedit.gui.MarkerViewer.getListCellRendererComponent(boolean, boolean, int, java.lang.Object, javax.swing.JList);org.gjt.sp.jedit.View;0;0;0;0;0;0;0;0
org.gjt.sp.jedit.search.SearchDialog.save(boolean);org.gjt.sp.jedit.Buffer;0;0;0;0;0;0;0;0
org.gjt.sp.jedit.Buffer.putProperty(java.lang.Object, java.lang.Object);org.gjt.sp.jedit.buffer.JEditBuffer;0;0;0;0;0;0;0;0
org.objectweb.asm.Item.set(long);org.objectweb.asm.ClassWriter;0;0;0;0;0;0;0;0
bsh.Parser.VariableDeclarator();bsh.JJTParserState;4;8;3;0.9815668202764977;0.896551724137931;51;6765;74
org.gjt.sp.jedit.options.ToolBarOptionPane._save();org.gjt.sp.jedit.jEdit;1;4;1;0.8518518518518519;1.0;11;149;1507
bsh.Parser.ContinueStatement();bsh.JJTParserState;2;7;2;0.9837962962962963;0.9642857142857143;28;6765;74
org.gjt.sp.jedit.textarea.JEditTextArea.deleteLine();org.gjt.sp.jedit.buffer.JEditBuffer;0;0;0;0;0;0;0;0
org.gjt.sp.jedit.textarea.TextAreaPainter.paint(java.awt.Graphics);org.gjt.sp.util.Log;0;0;0;0;0;0;0;0
org.gjt.sp.jedit.options.EditingOptionPane.save();org.gjt.sp.jedit.Mode;0;0;0;0;0;0;0;0
org.gjt.sp.jedit.textarea.MouseHandler.mouseReleased(java.awt.event.MouseEvent);org.gjt.sp.jedit.textarea.JEditTextArea;0;0;0;0;0;0;0;0
org.gjt.sp.jedit.browser.VFSBrowser.maybeReloadDirectory(java.lang.String);org.gjt.sp.jedit.MiscUtilities;0;0;0;0;0;0;0;0
org.gjt.sp.jedit.textarea.Selection.contentInserted(int, int, int, int, org.gjt.sp.jedit.buffer.JEditBuffer);org.gjt.sp.jedit.buffer.JEditBuffer;0;0;0;0;0;0;0;0
bsh.BSHClassDeclaration.eval(bsh.CallStack, bsh.Interpreter);bsh.SimpleNode;0;0;0;0;0;0;0;0
org.gjt.sp.jedit.gui.DockableWindowFactory.invoke(org.gjt.sp.jedit.View);org.gjt.sp.jedit.gui.DockableWindowManager;0;0;0;0;0;0;0;0
org.gjt.sp.jedit.browser.VFSFileChooserDialog.doFileExistsWarning(java.lang.String);org.gjt.sp.jedit.MiscUtilities;0;0;2;1.0;1.0;8;197;491
org.gjt.sp.jedit.gui.EnhancedButton.mouseExited(java.awt.event.MouseEvent);org.gjt.sp.jedit.GUIUtilities;0;0;3;1.0;1.0;3;26;395
org.gjt.sp.jedit.browser.VFSBrowser.createPluginsMenu(boolean, javax.swing.JComponent);org.gjt.sp.jedit.MiscUtilities;0;0;0;0;0;0;0;0
bsh.BSHImportDeclaration.eval(bsh.CallStack, bsh.Interpreter);bsh.CallStack;1;2;6;0.7777777777777778;0.9444444444444444;10;13;42
org.gjt.sp.jedit.syntax.Chunk.getPositions();org.gjt.sp.jedit.syntax.Token;0;0;0;0;0;0;0;0
org.gjt.sp.jedit.textarea.JEditTextArea.lineComment();org.gjt.sp.jedit.MiscUtilities;0;5;2;0.982078853046595;1.0;20;2931;491
bsh.Parser.WhileStatement();bsh.JJTParserState;4;5;1;0.9884526558891455;0.88;41;6765;74
org.gjt.sp.jedit.textarea.JEditTextArea.removeFromSelection(org.gjt.sp.jedit.textarea.Selection);org.gjt.sp.jedit.textarea.SelectionManager;0;0;0;0;0;0;0;0
bsh.BshMethod.invokeImpl(boolean, bsh.CallStack, bsh.Interpreter, bsh.SimpleNode, java.lang.Object[]);bsh.Interpreter;0;0;0;0;0;0;0;0
org.gjt.sp.jedit.pluginmgr.PluginManager.shouldUpdatePluginList();org.gjt.sp.jedit.jEdit;0;0;0;0;0;0;0;0
org.gjt.sp.jedit.menu.DirectoryProvider.update(javax.swing.JMenu);org.gjt.sp.jedit.browser.FileCellRenderer;0;0;0;0;0;0;0;0
org.gjt.sp.jedit.io.VFS._listDirectory(boolean, gnu.regexp.RE, java.awt.Component, java.lang.Object, java.lang.String, java.util.ArrayList, java.util.ArrayList);org.gjt.sp.jedit.io.VFSFile;0;0;0;0;0;0;0;0
bsh.BlockNameSpace.getThis(bsh.Interpreter);bsh.NameSpace;0;0;0;0;0;0;0;0
org.gjt.sp.jedit.syntax.ParserRuleSet.resolveImports();org.gjt.sp.jedit.syntax.ParserRule;0;0;0;0;0;0;0;0
org.gjt.sp.jedit.gui.RegisterViewer.handleMessage(org.gjt.sp.jedit.EBMessage);org.gjt.sp.jedit.msg.RegisterChanged;0;0;0;0;0;0;0;0
org.gjt.sp.jedit.textarea.JEditTextArea.getSelection(int);org.gjt.sp.jedit.textarea.SelectionManager;0;0;0;0;0;0;0;0
org.gjt.sp.jedit.pluginmgr.PluginManager.updatePluginList();org.gjt.sp.util.Log;0;0;0;0;0;0;0;0
org.gjt.sp.jedit.buffer.JEditBuffer.getText(int, int);org.gjt.sp.jedit.buffer.ContentManager;0;0;0;0;0;0;0;0
com.loomcom.ant.tasks.jarbundler.JarBundler.setName(java.lang.String);com.loomcom.ant.tasks.jarbundler.AppBundleProperties;0;0;0;0;0;0;0;0
org.gjt.sp.jedit.BeanShellAction.isSelected(java.awt.Component);org.gjt.sp.jedit.GUIUtilities;0;0;0;0;0;0;0;0
org.gjt.sp.jedit.Mode.getProperty(java.lang.String);org.gjt.sp.jedit.jEdit;0;2;1;0.8571428571428572;1.0;26;85;1507
bsh.Variable.hasModifier(java.lang.String);bsh.Modifiers;0;0;0;0;0;0;0;0
org.gjt.sp.jedit.textarea.JEditTextArea.selectWord();org.gjt.sp.jedit.TextUtilities;2;8;2;0.9708029197080292;1.0;15;2931;348
org.gjt.sp.jedit.options.GutterOptionPane._save();org.gjt.sp.jedit.gui.ColorWellButton;0;0;0;0;0;0;0;0
org.gjt.sp.jedit.syntax.TokenMarker.checkDelegateEnd(org.gjt.sp.jedit.syntax.ParserRule);org.gjt.sp.jedit.syntax.ParserRuleSet;0;0;0;0;0;0;0;0
gnu.regexp.RETokenRange.match(gnu.regexp.CharIndexed, gnu.regexp.REMatch);gnu.regexp.REMatch;1;3;2;0.7272727272727273;0.9615384615384616;10;21;95
org.gjt.sp.jedit.Buffer.removeMarker(int);org.gjt.sp.jedit.jEdit;0;4;4;0.972027972027972;1.0;12;1466;1507
org.gjt.sp.jedit.gui.GrabKeyDialog.getSymbolicName(int);org.gjt.sp.util.Log;0;0;1;1.0;1.0;18;236;143
org.gjt.sp.jedit.PluginJAR.deactivatePlugin(boolean);org.gjt.sp.jedit.EditBus;0;0;0;0;0;0;0;0
org.gjt.sp.jedit.browser.VFSBrowser.filesSelected();org.gjt.sp.jedit.io.VFSFile;0;0;0;0;0;0;0;0
bsh.BSHMethodInvocation.getNameNode();bsh.SimpleNode;0;0;0;0;0;0;0;0
installer.TarInputStream.read(byte[], int, int);installer.TarBuffer;0;0;0;0;0;0;0;0
org.gjt.sp.jedit.browser.VFSDirectoryEntryTableModel.setColumnWidth(int, int);org.gjt.sp.jedit.jEdit;0;0;0;0;0;0;0;0
org.gjt.sp.jedit.Buffer.getContextSensitiveProperty(int, java.lang.String);org.gjt.sp.jedit.Mode;1;1;2;0.9929577464788732;0.9375;12;1466;85
org.gjt.sp.jedit.io.FileVFS.getParentOfPath(java.lang.String);org.gjt.sp.jedit.OperatingSystem;0;0;3;1.0;1.0;7;214;24
org.gjt.sp.jedit.textarea.TextAreaPainter.getStringWidth(java.lang.String);org.gjt.sp.jedit.textarea.JEditTextArea;0;0;0;0;0;0;0;0
org.gjt.sp.jedit.options.PluginManagerOptionPane._init();org.gjt.sp.jedit.MiscUtilities;0;0;0;0;0;0;0;0
org.gjt.sp.jedit.textarea.MouseHandler.mouseReleased(java.awt.event.MouseEvent);org.gjt.sp.jedit.GUIUtilities;0;0;0;0;0;0;0;0
org.objectweb.asm.CodeWriter.visitTypeInsn(int, java.lang.String);org.objectweb.asm.Item;0;0;0;0;0;0;0;0
org.gjt.sp.jedit.textarea.JEditTextArea.goToNextLine(boolean);org.gjt.sp.jedit.buffer.JEditBuffer;0;0;0;0;0;0;0;0
org.gjt.sp.jedit.textarea.JEditTextArea.goToNextCharacter(boolean);org.gjt.sp.jedit.textarea.Selection;1;10;3;0.9638989169675091;0.9545454545454546;31;2931;59
org.gjt.sp.jedit.View.hideWaitCursor();org.gjt.sp.jedit.textarea.JEditTextArea;0;2;2;0.9649122807017544;1.0;13;530;2931
org.gjt.sp.jedit.buffer.BufferSaveRequest.run();org.gjt.sp.jedit.buffer.JEditBuffer;0;0;0;0;0;0;0;0
com.loomcom.ant.tasks.jarbundler.JarBundler.setMainClass(java.lang.String);com.loomcom.ant.tasks.jarbundler.AppBundleProperties;0;0;0;0;0;0;0;0
org.gjt.sp.jedit.gui.HistoryTextArea.getInstantPopups();org.gjt.sp.jedit.gui.HistoryText;0;0;0;0;0;0;0;0
org.gjt.sp.jedit.Buffer.save(boolean, java.lang.String, org.gjt.sp.jedit.View);org.gjt.sp.jedit.buffer.JEditBuffer;0;0;0;0;0;0;0;0
macos.MacOSPlugin.handleMessage(org.gjt.sp.jedit.EBMessage);macos.Delegate;0;0;0;0;0;0;0;0
org.gjt.sp.jedit.gui.MarkerViewer.updateSelection();org.gjt.sp.jedit.textarea.JEditTextArea;0;0;0;0;0;0;0;0
org.gjt.sp.jedit.gui.InputHandler.invokeAction(org.gjt.sp.jedit.EditAction);org.gjt.sp.jedit.EditAction;6;5;6;0.8333333333333334;0.84;40;141;36
org.gjt.sp.jedit.textarea.TextAreaTransferHandler.exportDone(int, java.awt.datatransfer.Transferable, javax.swing.JComponent);org.gjt.sp.jedit.buffer.JEditBuffer;0;0;0;0;0;0;0;0
org.gjt.sp.jedit.textarea.JEditTextArea.smartHome(boolean);org.gjt.sp.jedit.View;0;3;3;0.9889705882352942;1.0;16;2931;530
bsh.BSHMethodInvocation.eval(bsh.CallStack, bsh.Interpreter);bsh.CallStack;1;0;7;1.0;0.9473684210526316;23;26;42
bsh.Parser.PrimitiveType();bsh.JJTParserState;2;7;2;0.9842696629213483;0.975609756097561;76;6765;74
org.gjt.sp.jedit.menu.MacrosProvider.update(javax.swing.JMenu);org.gjt.sp.jedit.Macros;0;0;0;0;0;0;0;0
bsh.Interpreter.set(java.lang.Object, java.lang.String);bsh.NameSpace;1;0;4;1.0;0.9807692307692307;6;440;421
org.gjt.sp.jedit.Buffer.propertiesChanged();org.gjt.sp.jedit.EditBus;0;0;0;0;0;0;0;0
org.gjt.sp.jedit.textarea.JEditTextArea.getSelectedText(java.lang.String);org.gjt.sp.jedit.textarea.Selection;0;0;0;0;0;0;0;0
org.gjt.sp.jedit.Buffer.getMarker(char);org.gjt.sp.jedit.Marker;1;1;1;0.9929577464788732;0.9;8;1466;26
org.gjt.sp.jedit.ActionSet.load();org.gjt.sp.util.Log;0;0;0;0;0;0;0;0
org.gjt.sp.jedit.gui.EnhancedButton.mouseEntered(java.awt.event.MouseEvent);org.gjt.sp.jedit.jEdit;0;0;0;0;0;0;0;0
installer.TarEntry.setGroupId(int);installer.TarHeader;0;0;0;0;0;0;0;0
bsh.BSHFormalParameters.eval(bsh.CallStack, bsh.Interpreter);bsh.BSHFormalParameter;0;0;0;0;0;0;0;0
org.gjt.sp.jedit.gui.StatusBar.updateBufferStatus();org.gjt.sp.jedit.Buffer;1;2;3;0.9428571428571428;0.993006993006993;5;281;1466
org.gjt.sp.jedit.browser.BrowserView.mouseClicked(java.awt.event.MouseEvent);org.gjt.sp.jedit.GUIUtilities;0;0;0;0;0;0;0;0
bsh.BSHAllocationExpression.constructObject(bsh.CallStack, java.lang.Class, java.lang.Object[]);bsh.UtilEvalError;0;0;0;0;0;0;0;0
org.gjt.sp.jedit.menu.DirectoryProvider.update(javax.swing.JMenu);org.gjt.sp.jedit.GUIUtilities;0;0;0;0;0;0;0;0
org.gjt.sp.jedit.gui.IOProgressMonitor.removeNotify();org.gjt.sp.util.WorkThreadPool;0;0;0;0;0;0;0;0
org.gjt.sp.jedit.textarea.JEditTextArea.getScreenLineStartOffset(int);org.gjt.sp.jedit.buffer.JEditBuffer;0;0;0;0;0;0;0;0
org.gjt.sp.jedit.search.HyperSearchRequest.searchInSelection(org.gjt.sp.jedit.Buffer);org.gjt.sp.util.WorkRequest;1;2;3;0.9230769230769231;0.8888888888888888;11;68;16
bsh.BSHPrimarySuffix.doSuffix(boolean, bsh.CallStack, bsh.Interpreter, java.lang.Object);bsh.BSHAmbiguousName;0;0;0;0;0;0;0;0
org.gjt.sp.jedit.search.SearchDialog.load();org.gjt.sp.jedit.search.DirectoryListSet;0;0;0;0;0;0;0;0
org.gjt.sp.jedit.menu.MacrosProvider.update(javax.swing.JMenu);org.gjt.sp.jedit.jEdit;0;0;0;0;0;0;0;0
bsh.BSHType.getTypeDescriptor(bsh.CallStack, bsh.Interpreter, java.lang.String);bsh.BSHPrimitiveType;0;0;0;0;0;0;0;0
org.gjt.sp.jedit.textarea.JEditTextArea.setFirstLine(int);org.gjt.sp.util.Log;0;0;0;0;0;0;0;0
bsh.ClassGeneratorImpl.isStatic(bsh.SimpleNode);bsh.Modifiers;0;0;0;0;0;0;0;0
org.gjt.sp.jedit.search.HyperSearchFileNode.goTo(org.gjt.sp.jedit.EditPane);org.gjt.sp.jedit.EditPane;0;0;0;0;0;0;0;0
org.gjt.sp.jedit.browser.BrowserView.loadDirectory(boolean, java.lang.Object, java.lang.String);org.gjt.sp.jedit.browser.BrowserIORequest;0;0;0;0;0;0;0;0
org.gjt.sp.jedit.textarea.JEditTextArea.foldStructureChanged();org.gjt.sp.jedit.textarea.FastRepaintManager;0;0;0;0;0;0;0;0
org.gjt.sp.jedit.buffer.JEditBuffer.insert(int, java.lang.String);org.gjt.sp.jedit.buffer.UndoManager;0;0;0;0;0;0;0;0
org.gjt.sp.jedit.EBPlugin.handleMessage(org.gjt.sp.jedit.EBMessage);org.gjt.sp.util.Log;0;0;0;0;0;0;0;0
org.gjt.sp.jedit.msg.RegisterChanged.getRegisterValue();org.gjt.sp.jedit.Registers;0;0;0;0;0;0;0;0
org.gjt.sp.jedit.View.propertiesChanged();org.gjt.sp.jedit.gui.DockableLayout;0;0;0;0;0;0;0;0
org.gjt.sp.jedit.menu.EnhancedCheckBoxMenuItem.getShortcut();org.gjt.sp.jedit.jEdit;0;0;0;0;0;0;0;0
org.gjt.sp.jedit.textarea.TextAreaPainter.setBlockCaretEnabled(boolean);org.gjt.sp.jedit.textarea.ExtensionManager;0;0;0;0;0;0;0;0
org.gjt.sp.jedit.browser.VFSBrowser.maybeReloadDirectory(java.lang.String);org.gjt.sp.jedit.io.FavoritesVFS;0;0;0;0;0;0;0;0
org.gjt.sp.jedit.options.StyleTableModel.save();org.gjt.sp.jedit.GUIUtilities;0;2;2;0.8461538461538461;1.0;6;84;395
org.gjt.sp.jedit.search.SearchDialog.save(boolean);org.gjt.sp.jedit.MiscUtilities;0;0;0;0;0;0;0;0
bsh.Parser.FormalComment();bsh.BSHFormalComment;0;0;0;0;0;0;0;0
bsh.Parser.CastExpression();bsh.JJTParserState;4;11;1;0.9745370370370371;0.9;56;6765;74
org.gjt.sp.jedit.textarea.TextAreaPainter.setLineHighlightColor(java.awt.Color);org.gjt.sp.jedit.textarea.JEditTextArea;2;1;1;0.9830508474576272;0.9926470588235294;4;363;2931
org.gjt.sp.jedit.textarea.JEditTextArea.offsetToXY(int);org.gjt.sp.jedit.buffer.JEditBuffer;0;0;0;0;0;0;0;0
org.gjt.sp.jedit.buffer.BufferInsertRequest.run();org.gjt.sp.jedit.buffer.BufferIORequest;0;0;0;0;0;0;0;0
gnu.regexp.RETokenRepeated.getMinimumLength();gnu.regexp.REToken;1;1;1;0.8888888888888888;0.8333333333333334;3;120;30
com.loomcom.ant.tasks.jarbundler.JarBundler.setDevelopmentregion(java.lang.String);com.loomcom.ant.tasks.jarbundler.AppBundleProperties;0;0;0;0;0;0;0;0
org.gjt.sp.jedit.textarea.JEditTextArea.setFirstPhysicalLine(int, int);org.gjt.sp.util.Log;0;0;0;0;0;0;0;0
org.gjt.sp.jedit.options.ToolBarEditDialog.actionPerformed(java.awt.event.ActionEvent);org.gjt.sp.jedit.GUIUtilities;1;9;4;0.5909090909090908;1.0;22;156;395
org.gjt.sp.jedit.gui.LogViewer.actionPerformed(java.awt.event.ActionEvent);org.gjt.sp.jedit.jEdit;1;2;1;0.8181818181818181;1.0;5;32;1507
org.gjt.sp.jedit.buffer.JEditBuffer.markTokens(int, org.gjt.sp.jedit.syntax.TokenHandler);org.gjt.sp.jedit.syntax.DummyTokenHandler;0;0;0;0;0;0;0;0
org.gjt.sp.jedit.textarea.JEditTextArea.toggleRectangularSelectionEnabled();org.gjt.sp.jedit.textarea.Selection;0;0;0;0;0;0;0;0
org.gjt.sp.jedit.io.FavoritesVFS.getExtendedAttribute(java.lang.String);org.gjt.sp.jedit.io.VFS;0;0;0;0;0;0;0;0
org.gjt.sp.jedit.search.HyperSearchResults.searchStarted();org.gjt.sp.jedit.jEdit;0;3;1;0.8636363636363636;1.0;5;165;1507
org.gjt.sp.jedit.textarea.JEditTextArea.finishCaretUpdate(boolean, int, int);org.gjt.sp.jedit.buffer.JEditBuffer;0;0;0;0;0;0;0;0
bsh.ParserTokenManager.jjMoveStringLiteralDfa16_0(long, long, long, long);bsh.JavaCharStream;0;0;0;0;0;0;0;0
org.gjt.sp.jedit.textarea.JEditTextArea.getFirstLine();org.gjt.sp.jedit.textarea.Anchor;0;0;0;0;0;0;0;0
org.gjt.sp.jedit.textarea.JEditTextArea.getSelection();org.gjt.sp.jedit.textarea.SelectionManager;0;0;0;0;0;0;0;0
gnu.regexp.RE.isMatchImpl(gnu.regexp.CharIndexed, int, int);gnu.regexp.REToken;1;1;2;0.9736842105263158;1.0;13;609;30
org.gjt.sp.jedit.Buffer.setPath(java.lang.String);org.gjt.sp.jedit.io.VFS;1;5;3;0.9645390070921985;0.9743589743589743;11;1466;167
org.gjt.sp.jedit.gui.DockablePanel.getAppropriateCursor();org.gjt.sp.jedit.gui.PanelWindowContainer;0;0;0;0;0;0;0;0
org.gjt.sp.jedit.textarea.FirstLine.changed();org.gjt.sp.jedit.buffer.JEditBuffer;0;0;0;0;0;0;0;0
bsh.BSHAssignment.eval(bsh.CallStack, bsh.Interpreter);bsh.LHS;2;2;5;0.9736842105263158;0.9534883720930233;46;61;89
org.gjt.sp.jedit.Buffer.propertiesChanged();org.gjt.sp.jedit.buffer.FoldHandler;0;5;4;0.9640287769784173;1.0;13;1466;34
org.gjt.sp.jedit.menu.RecentFilesProvider.update(javax.swing.JMenu);org.gjt.sp.jedit.gui.StatusBar;0;0;0;0;0;0;0;0
bsh.Parser.RelationalExpression();bsh.Token;1;8;3;0.9817351598173516;0.9615384615384616;68;6765;9
org.gjt.sp.jedit.browser.VFSBrowser.createToolBar();org.gjt.sp.jedit.GUIUtilities;0;0;0;0;0;0;0;0
org.gjt.sp.jedit.gui.DockableWindowManager.propertiesChanged();org.gjt.sp.jedit.gui.DockableWindowFactory;0;0;0;0;0;0;0;0
org.gjt.sp.jedit.gui.StatusBar.mouseClicked(java.awt.event.MouseEvent);org.gjt.sp.jedit.View;3;7;7;0.8541666666666666;0.9589041095890412;43;281;530
org.gjt.sp.jedit.options.ShortcutsOptionPane.createModel(java.lang.String, java.lang.String[]);org.gjt.sp.jedit.jEdit;0;0;0;0;0;0;0;0
gnu.regexp.RE.getMinMax(char[], gnu.regexp.IntPair, gnu.regexp.RESyntax, int);gnu.regexp.REException;0;1;4;1.0;1.0;37;609;20
bsh.Parser.FormalParameters();bsh.JJTParserState;4;8;1;0.9819004524886877;0.9189189189189189;66;6765;74
org.gjt.sp.jedit.browser.BrowserView.getListCellRendererComponent(boolean, boolean, int, java.lang.Object, javax.swing.JList);org.gjt.sp.jedit.browser.FileCellRenderer;0;3;3;0.9347826086956522;1.0;15;404;56
bsh.BSHPrimarySuffix.doSuffix(boolean, bsh.CallStack, bsh.Interpreter, java.lang.Object);bsh.BSHType;0;0;0;0;0;0;0;0
org.gjt.sp.jedit.gui.RegisterViewer.addNotify();org.gjt.sp.jedit.EditBus;0;0;0;0;0;0;0;0
org.gjt.sp.jedit.search.HyperSearchRequest.searchInSelection(org.gjt.sp.jedit.Buffer);org.gjt.sp.jedit.textarea.Selection;2;2;3;0.9230769230769231;0.8181818181818181;11;68;59
org.gjt.sp.jedit.textarea.FirstLine.physDown(int, int);org.gjt.sp.jedit.textarea.Anchor;0;0;0;0;0;0;0;0
org.gjt.sp.jedit.io.FileVFS._backup(java.awt.Component, java.lang.Object, java.lang.String);org.gjt.sp.jedit.jEdit;1;0;2;1.0;1.0;16;214;1507
org.gjt.sp.jedit.search.DirectoryListSet.getCode();org.gjt.sp.jedit.MiscUtilities;0;3;1;0.4;1.0;3;20;491
org.gjt.sp.jedit.textarea.TextAreaTransferHandler.canImport(java.awt.datatransfer.DataFlavor[], javax.swing.JComponent);org.gjt.sp.util.Log;0;0;0;0;0;0;0;0
org.gjt.sp.jedit.search.SearchDialog.createReplaceLabelAndField(java.awt.GridBagConstraints, javax.swing.JPanel);org.gjt.sp.jedit.jEdit;0;0;0;0;0;0;0;0
bsh.ParserTokenManager.getNextToken();bsh.TokenMgrError;0;6;3;0.8983050847457628;1.0;61;1621;59
org.gjt.sp.jedit.buffer.ExplicitFoldHandler.getFoldLevel(int, javax.swing.text.Segment, org.gjt.sp.jedit.buffer.JEditBuffer);org.gjt.sp.jedit.buffer.JEditBuffer;0;0;0;0;0;0;0;0
org.gjt.sp.jedit.textarea.JEditTextArea.backspaceWord(boolean);org.gjt.sp.jedit.TextUtilities;0;0;0;0;0;0;0;0
org.gjt.sp.jedit.textarea.JEditTextArea.selectAll();org.gjt.sp.jedit.buffer.JEditBuffer;0;0;0;0;0;0;0;0
org.gjt.sp.jedit.io.VFS.compare(java.lang.Object, java.lang.Object);org.gjt.sp.jedit.MiscUtilities;0;0;0;0;0;0;0;0
gnu.regexp.RE.isMatchImpl(gnu.regexp.CharIndexed, int, int);gnu.regexp.REMatch;1;1;2;0.9736842105263158;0.9565217391304348;13;609;95
org.gjt.sp.jedit.pluginmgr.ManagePanel.loadPluginJAR(java.lang.String);org.gjt.sp.jedit.MiscUtilities;0;0;0;0;0;0;0;0
org.gjt.sp.jedit.textarea.JEditTextArea.getInputHandler();org.gjt.sp.jedit.View;0;0;0;0;0;0;0;0
org.objectweb.asm.ClassWriter.newString(java.lang.String);org.objectweb.asm.Item;0;0;0;0;0;0;0;0
bsh.This.invokeMethod(boolean, bsh.CallStack, bsh.Interpreter, bsh.SimpleNode, java.lang.Object[], java.lang.String);bsh.Types;0;0;0;0;0;0;0;0
org.gjt.sp.jedit.textarea.DisplayManager.notifyScreenLineChanges();org.gjt.sp.jedit.textarea.Anchor;0;0;0;0;0;0;0;0
org.gjt.sp.jedit.options.ToolBarEditDialog.updateList();org.gjt.sp.jedit.MiscUtilities;0;2;3;0.9166666666666666;1.0;13;156;491
org.gjt.sp.jedit.buffer.BufferInsertRequest.run();org.gjt.sp.jedit.textarea.JEditTextArea;0;0;0;0;0;0;0;0
org.gjt.sp.jedit.textarea.JEditTextArea.getRectParams(int, int);org.gjt.sp.jedit.textarea.Selection;0;0;0;0;0;0;0;0
org.gjt.sp.jedit.PluginJAR.getZipFile();org.gjt.sp.util.Log;0;0;0;0;0;0;0;0
org.gjt.sp.jedit.Buffer.setPath(java.lang.String);org.gjt.sp.jedit.MiscUtilities;0;5;3;0.9645390070921985;1.0;11;1466;491
org.gjt.sp.jedit.menu.PluginsProvider.update(javax.swing.JMenu);org.gjt.sp.jedit.PluginJAR;0;0;0;0;0;0;0;0
org.gjt.sp.jedit.browser.VFSBrowser.handleMessage(org.gjt.sp.jedit.EBMessage);org.gjt.sp.jedit.browser.BrowserView;1;6;3;0.9;0.9787234042553191;22;675;404
org.gjt.sp.jedit.textarea.DisplayManager.expandAllFolds();org.gjt.sp.jedit.buffer.JEditBuffer;0;0;0;0;0;0;0;0
org.gjt.sp.jedit.pluginmgr.InstallPanel.setValueAt(int, int, java.lang.Object);org.gjt.sp.jedit.pluginmgr.PluginList;0;0;0;0;0;0;0;0
bsh.Interpreter.run();bsh.EvalError;2;13;9;0.8285714285714285;0.9565217391304348;74;440;55
org.gjt.sp.jedit.options.SyntaxHiliteOptionPane.mouseClicked(java.awt.event.MouseEvent);org.gjt.sp.jedit.options.StyleTableModel;0;0;0;0;0;0;0;0
org.gjt.sp.jedit.buffer.BufferIORequest.write(java.io.OutputStream, org.gjt.sp.jedit.Buffer);org.gjt.sp.jedit.buffer.JEditBuffer;0;0;0;0;0;0;0;0
org.gjt.sp.jedit.options.PluginOptions.createOptionTreeModel();org.gjt.sp.jedit.gui.OptionsDialog;0;0;0;0;0;0;0;0
bsh.ParserTokenManager.jjMoveStringLiteralDfa11_0(long, long, long, long, long, long);bsh.JavaCharStream;0;0;0;0;0;0;0;0
installer.TarEntry.getFileTarHeader(installer.TarHeader, java.io.File);installer.TarHeader;0;0;0;0;0;0;0;0
org.gjt.sp.jedit.browser.BrowserCommandsMenu.createEncodingMenu();org.gjt.sp.jedit.MiscUtilities;0;0;0;0;0;0;0;0
org.gjt.sp.jedit.gui.PasteFromListDialog.shorten(java.lang.String);org.gjt.sp.jedit.jEdit;0;0;0;0;0;0;0;0
org.gjt.sp.jedit.buffer.JEditBuffer.getFoldLevel(int);org.gjt.sp.jedit.buffer.LineManager;0;0;0;0;0;0;0;0
org.gjt.sp.jedit.textarea.DisplayManager.expandFold(boolean, int);org.gjt.sp.jedit.textarea.RangeMap;0;0;0;0;0;0;0;0
org.gjt.sp.jedit.textarea.ChunkCache.lineToChunkList(int, java.util.List);org.gjt.sp.jedit.textarea.JEditTextArea;0;0;0;0;0;0;0;0
org.gjt.sp.jedit.search.HyperSearchResults.removeNotify();org.gjt.sp.jedit.jEdit;0;0;0;0;0;0;0;0
org.gjt.sp.jedit.textarea.DisplayManager.notifyScreenLineChanges();org.gjt.sp.jedit.textarea.ScrollLineCount;0;0;0;0;0;0;0;0
org.gjt.sp.jedit.buffer.JEditBuffer.readLock();org.gjt.sp.util.ReadWriteLock;0;0;0;0;0;0;0;0
org.gjt.sp.jedit.textarea.JEditTextArea.getText(int, int, javax.swing.text.Segment);org.gjt.sp.jedit.buffer.JEditBuffer;0;0;0;0;0;0;0;0
org.gjt.sp.jedit.textarea.JEditTextArea.invalidateLineRange(int, int);org.gjt.sp.jedit.buffer.JEditBuffer;0;0;0;0;0;0;0;0
org.gjt.sp.jedit.options.SyntaxHiliteOptionPane._save();org.gjt.sp.jedit.options.StyleTableModel;0;0;0;0;0;0;0;0
macos.Delegate.openSelection(java.lang.String, macos.NSPasteboard);org.gjt.sp.jedit.jEdit;0;0;0;0;0;0;0;0
org.gjt.sp.jedit.options.StyleTableModel.getTableCellRendererComponent(boolean, boolean, int, int, java.lang.Object, javax.swing.JTable);org.gjt.sp.jedit.syntax.SyntaxStyle;3;0;3;1.0;0.625;13;84;14
org.gjt.sp.jedit.textarea.JEditTextArea.fireStatusChanged(boolean, int);org.gjt.sp.util.Log;0;0;0;0;0;0;0;0
org.gjt.sp.jedit.Buffer.finishSaving(boolean, boolean, java.lang.String, java.lang.String, java.lang.String, org.gjt.sp.jedit.View);org.gjt.sp.jedit.EditBus;0;0;0;0;0;0;0;0
org.gjt.sp.jedit.OptionGroup.insertionSort(java.lang.Object, java.lang.String);org.gjt.sp.jedit.jEdit;0;0;0;0;0;0;0;0
org.gjt.sp.jedit.PluginJAR.generateCache();org.gjt.sp.jedit.ActionSet;0;0;0;0;0;0;0;0
org.gjt.sp.jedit.browser.VFSDirectoryEntryTable.toggleExpanded(int);org.gjt.sp.jedit.browser.BrowserView;0;0;0;0;0;0;0;0
org.gjt.sp.jedit.Buffer.save(boolean, java.lang.String, org.gjt.sp.jedit.View);org.gjt.sp.jedit.jEdit;1;17;7;0.9084967320261438;1.0;71;1466;1507
org.gjt.sp.jedit.gui.FontSelectorDialog.init(java.awt.Font);org.gjt.sp.jedit.jEdit;0;0;0;0;0;0;0;0
org.gjt.sp.jedit.buffer.JEditBuffer.indentLine(boolean, int);org.gjt.sp.jedit.MiscUtilities;0;0;0;0;0;0;0;0
org.gjt.sp.jedit.gui.OptionsDialog.getChild(int, java.lang.Object);org.gjt.sp.jedit.OptionGroup;1;0;1;1.0;0.8888888888888888;8;289;45
installer.TarEntry.nameTarHeader(installer.TarHeader, java.lang.String);installer.TarHeader;0;0;0;0;0;0;0;0
bsh.BSHFormalParameter.eval(bsh.CallStack, bsh.Interpreter);bsh.SimpleNode;0;0;0;0;0;0;0;0
org.gjt.sp.jedit.textarea.JEditTextArea._finishCaretUpdate();org.gjt.sp.jedit.textarea.DisplayManager;0;0;0;0;0;0;0;0
org.gjt.sp.jedit.textarea.FirstLine.reset();org.gjt.sp.jedit.textarea.DisplayManager;0;0;0;0;0;0;0;0
org.gjt.sp.jedit.Buffer.finishLoading();org.gjt.sp.jedit.buffer.JEditBuffer;0;0;0;0;0;0;0;0
bsh.BSHArrayInitializer.throwTypeError(bsh.CallStack, int, java.lang.Class, java.lang.Object);bsh.Reflect;0;0;0;0;0;0;0;0
org.objectweb.asm.CodeWriter.visitMethodInsn(int, java.lang.String, java.lang.String, java.lang.String);org.objectweb.asm.ClassWriter;0;0;0;0;0;0;0;0
org.gjt.sp.jedit.PluginJAR.loadCache(org.gjt.sp.jedit.PluginJAR.PluginCacheEntry);org.gjt.sp.jedit.browser.VFSBrowser;0;0;0;0;0;0;0;0
org.gjt.sp.jedit.options.PluginManagerOptionPane.run();org.gjt.sp.jedit.jEdit;0;0;0;0;0;0;0;0
bsh.BSHTernaryExpression.eval(bsh.CallStack, bsh.Interpreter);bsh.SimpleNode;2;0;2;1.0;0.9;5;8;79
installer.TarEntry.getSize();installer.TarHeader;0;0;0;0;0;0;0;0
org.gjt.sp.jedit.search.SearchDialog.load();org.gjt.sp.jedit.search.AllBufferSet;0;0;0;0;0;0;0;0
bsh.Parser.VariableDeclarator();bsh.Token;1;8;3;0.9815668202764977;0.9545454545454546;51;6765;9
org.gjt.sp.jedit.textarea.ChunkCache.scrollDown(int);org.gjt.sp.jedit.textarea.JEditTextArea;0;0;0;0;0;0;0;0
bsh.Parser.createParseException(java.lang.String);bsh.Token;0;0;0;0;0;0;0;0
org.gjt.sp.jedit.Buffer.toggleLineSeparator(org.gjt.sp.jedit.View);org.gjt.sp.jedit.gui.StatusBar;0;0;0;0;0;0;0;0
org.gjt.sp.jedit.io.FileVFS.fetchAttrs();org.gjt.sp.jedit.io.VFSFile;0;0;0;0;0;0;0;0
bsh.BSHFormalParameters.eval(bsh.CallStack, bsh.Interpreter);bsh.SimpleNode;0;0;0;0;0;0;0;0
org.gjt.sp.jedit.gui.SplashScreen.advance();org.gjt.sp.util.Log;0;1;1;0.9090909090909091;1.0;10;51;143
gnu.regexp.REException.getMessage();gnu.regexp.RE;0;1;1;0.875;1.0;9;20;609
org.gjt.sp.jedit.textarea.BufferHandler.preContentRemoved(int, int, int, int, org.gjt.sp.jedit.buffer.JEditBuffer);org.gjt.sp.jedit.textarea.JEditTextArea;0;0;0;0;0;0;0;0
org.gjt.sp.jedit.io.VFSFile.getExtendedAttribute(java.lang.String);org.gjt.sp.jedit.MiscUtilities;0;0;0;0;0;0;0;0
org.gjt.sp.jedit.textarea.JEditTextArea.updateMaxHorizontalScrollWidth();org.gjt.sp.jedit.textarea.ChunkCache;1;4;1;0.9855072463768116;0.975609756097561;7;2931;425
org.gjt.sp.jedit.browser.VFSBrowser.setDirectory(java.lang.String);org.gjt.sp.jedit.gui.HistoryTextField;1;3;3;0.9545454545454546;0.9722222222222222;15;675;249
org.gjt.sp.jedit.browser.VFSBrowser.actionPerformed(java.awt.event.ActionEvent);org.gjt.sp.jedit.jEdit;0;0;0;0;0;0;0;0
org.gjt.sp.jedit.menu.FavoritesProvider.update(javax.swing.JMenu);org.gjt.sp.jedit.browser.VFSBrowser;0;0;0;0;0;0;0;0
org.gjt.sp.jedit.io.VFSFile.getColor();org.gjt.sp.jedit.io.VFS;0;0;0;0;0;0;0;0
org.gjt.sp.jedit.textarea.TextAreaPainter.getToolTipText(java.awt.event.MouseEvent);org.gjt.sp.jedit.textarea.JEditTextArea;0;0;3;1.0;1.0;4;363;2931
bsh.BSHAllocationExpression.constructWithClassBody(bsh.BSHBlock, bsh.CallStack, bsh.Interpreter, java.lang.Class, java.lang.Object[]);bsh.NameSpace;0;0;0;0;0;0;0;0
installer.TarEntry.getName();installer.TarHeader;0;0;0;0;0;0;0;0
org.gjt.sp.jedit.io.FileVFS.getTwoStageSaveName(java.lang.String);org.gjt.sp.jedit.io.VFS;0;0;0;0;0;0;0;0
bsh.Parser.ClassDeclaration();bsh.Modifiers;0;0;0;0;0;0;0;0
bsh.Parser.ReturnType();bsh.BSHReturnType;1;8;2;0.981859410430839;0.96;60;6765;7
bsh.BSHPrimaryExpression.eval(boolean, bsh.CallStack, bsh.Interpreter);bsh.SimpleNode;0;0;0;0;0;0;0;0
org.gjt.sp.jedit.textarea.TextAreaPainter.paintSelection(int, int, int, java.awt.Graphics2D, org.gjt.sp.jedit.textarea.Selection);org.gjt.sp.jedit.textarea.JEditTextArea;0;0;0;0;0;0;0;0
org.gjt.sp.jedit.search.SearchDialog.createMultiFilePanel();org.gjt.sp.jedit.jEdit;0;2;1;0.9622641509433962;1.0;56;416;1507
org.gjt.sp.jedit.Buffer.getIcon();org.gjt.sp.jedit.GUIUtilities;0;1;1;0.9927536231884058;1.0;6;1466;395
macos.MacOSPlugin.osok();org.gjt.sp.jedit.GUIUtilities;0;0;0;0;0;0;0;0
bsh.Interpreter.set(java.lang.Object, java.lang.String);bsh.LHS;1;0;4;1.0;0.9090909090909091;6;440;89
org.gjt.sp.jedit.textarea.JEditTextArea.goToStartOfWhiteSpace(boolean);org.gjt.sp.jedit.MiscUtilities;0;10;6;0.9640287769784173;1.0;28;2931;491
org.gjt.sp.jedit.browser.VFSFileNameField.processKeyEvent(java.awt.event.KeyEvent);org.gjt.sp.jedit.gui.HistoryTextField;0;0;0;0;0;0;0;0
org.gjt.sp.jedit.pluginmgr.PluginManager.run();org.gjt.sp.jedit.jEdit;0;0;0;0;0;0;0;0
org.gjt.sp.jedit.View.addToolBar(int, int, java.awt.Component);org.gjt.sp.jedit.gui.ToolBarManager;1;0;1;1.0;0.9166666666666666;4;530;66
bsh.Parser.PostfixExpression();bsh.Token;1;10;3;0.9778761061946902;0.9761904761904762;64;6765;9
org.gjt.sp.jedit.gui.BufferSwitcher.updateBufferList();org.gjt.sp.jedit.jEdit;0;1;2;0.8333333333333334;1.0;7;26;1507
org.gjt.sp.jedit.browser.BrowserCommandsMenu.createPluginMenu(org.gjt.sp.jedit.browser.VFSBrowser);org.gjt.sp.jedit.jEdit;0;0;0;0;0;0;0;0
macos.menu.MacOSMenu.update(javax.swing.JMenu);org.gjt.sp.jedit.View;0;0;0;0;0;0;0;0
org.gjt.sp.jedit.textarea.JEditTextArea.toLowerCase();org.gjt.sp.jedit.buffer.JEditBuffer;0;0;0;0;0;0;0;0
org.gjt.sp.jedit.gui.HistoryTextField.setText(java.lang.String);org.gjt.sp.jedit.gui.HistoryText;0;0;0;0;0;0;0;0
org.gjt.sp.jedit.EditPane.setBuffer(org.gjt.sp.jedit.Buffer);org.gjt.sp.jedit.io.VFSManager;0;5;6;0.8076923076923077;1.0;32;245;120
org.gjt.sp.jedit.browser.VFSBrowser.handleMessage(org.gjt.sp.jedit.EBMessage);org.gjt.sp.jedit.msg.BufferUpdate;0;0;0;0;0;0;0;0
org.gjt.sp.jedit.gui.KeyEventTranslator.equals(java.lang.Object);org.gjt.sp.jedit.MiscUtilities;0;0;0;0;0;0;0;0
org.gjt.sp.jedit.menu.EnhancedCheckBoxMenuItem.paint(java.awt.Graphics);org.gjt.sp.jedit.menu.EnhancedMenuItem;0;0;0;0;0;0;0;0
org.gjt.sp.jedit.textarea.ChunkCache.scrollDown(int);org.gjt.sp.jedit.Debug;0;0;0;0;0;0;0;0
org.gjt.sp.jedit.textarea.JEditTextArea.getSelectionStartLine();org.gjt.sp.jedit.textarea.Selection;1;2;1;0.9927007299270073;0.9090909090909091;4;2931;59
org.gjt.sp.jedit.search.SearchBar.incrementalSearch(boolean, int);org.gjt.sp.jedit.search.SearchAndReplace;1;0;3;1.0;1.0;13;178;404
org.gjt.sp.jedit.textarea.JEditTextArea.goToPrevLine(boolean);org.gjt.sp.jedit.buffer.JEditBuffer;0;0;0;0;0;0;0;0
org.gjt.sp.jedit.pluginmgr.PluginList.isSatisfied();org.gjt.sp.jedit.jEdit;0;6;3;0.8604651162790697;1.0;25;145;1507
installer.TarOutputStream.writeEOFRecord();installer.TarBuffer;0;0;0;0;0;0;0;0
org.gjt.sp.jedit.browser.BrowserView.showFilePopup(java.awt.Component, java.awt.Point, org.gjt.sp.jedit.io.VFSFile[]);org.gjt.sp.jedit.GUIUtilities;0;0;0;0;0;0;0;0
org.gjt.sp.jedit.options.ViewOptionPane._init();org.gjt.sp.jedit.AbstractOptionPane;0;0;0;0;0;0;0;0
org.gjt.sp.jedit.browser.VFSBrowser.mkdir();org.gjt.sp.jedit.io.VFSManager;0;3;4;0.953125;1.0;18;675;120
bsh.Parser.PreIncrementExpression();bsh.JJTParserState;2;4;3;0.9907192575406032;0.9130434782608696;21;6765;74
org.gjt.sp.jedit.browser.BrowserCommandsMenu.actionPerformed(java.awt.event.ActionEvent);org.gjt.sp.jedit.jEdit;4;1;7;0.9705882352941176;1.0;49;140;1507
bsh.BSHMethodDeclaration.eval(bsh.CallStack, bsh.Interpreter);bsh.Primitive;0;0;0;0;0;0;0;0
bsh.Parser.AdditiveExpression();bsh.JJTParserState;2;8;3;0.9814814814814815;0.9285714285714286;44;6765;74
org.gjt.sp.jedit.EditAction.getLabel();org.gjt.sp.jedit.jEdit;0;1;1;0.875;1.0;3;36;1507
org.gjt.sp.jedit.textarea.TextAreaTransferHandler.importFile(java.awt.datatransfer.Transferable, javax.swing.JComponent);org.gjt.sp.jedit.jEdit;0;0;0;0;0;0;0;0
org.gjt.sp.jedit.buffer.KillRing.load();org.gjt.sp.jedit.MiscUtilities;0;0;0;0;0;0;0;0
org.gjt.sp.jedit.textarea.ChunkCache.updateChunksUpTo(int);org.gjt.sp.jedit.syntax.DefaultTokenHandler;0;0;0;0;0;0;0;0
org.gjt.sp.jedit.textarea.JEditTextArea.goToNextParagraph(boolean);org.gjt.sp.jedit.textarea.DisplayManager;0;0;0;0;0;0;0;0
org.gjt.sp.jedit.options.ToolBarOptionPane._init();org.gjt.sp.jedit.GUIUtilities;0;9;3;0.7906976744186046;1.0;68;149;395
org.gjt.sp.jedit.textarea.FirstLine.scrollUp(int);org.gjt.sp.util.Log;0;0;0;0;0;0;0;0
org.gjt.sp.jedit.syntax.TokenMarker.handleRule(boolean, org.gjt.sp.jedit.syntax.ParserRule);gnu.regexp.REMatch;0;0;0;0;0;0;0;0
org.gjt.sp.jedit.textarea.BufferHandler.preContentRemoved(int, int, int, int, org.gjt.sp.jedit.buffer.JEditBuffer);org.gjt.sp.jedit.textarea.DisplayManager;0;0;0;0;0;0;0;0
QuickNotepadToolPanel.propertiesChanged();org.gjt.sp.jedit.jEdit;0;1;1;0.8333333333333334;1.0;4;55;1507
org.gjt.sp.jedit.pluginmgr.PluginList.isSatisfied();org.gjt.sp.jedit.MiscUtilities;1;6;3;0.8604651162790697;1.0;25;145;491
org.gjt.sp.jedit.textarea.Gutter.mousePressed(java.awt.event.MouseEvent);org.gjt.sp.jedit.buffer.JEditBuffer;0;0;0;0;0;0;0;0
org.gjt.sp.jedit.options.ShortcutsOptionPane.mouseClicked(java.awt.event.MouseEvent);org.gjt.sp.jedit.gui.GrabKeyDialog;2;5;1;0.8666666666666667;0.9333333333333333;8;164;236
org.gjt.sp.jedit.EditPane.propertiesChanged();org.gjt.sp.jedit.textarea.Gutter;13;0;5;1.0;0.8375;53;245;362
org.gjt.sp.jedit.gui.BufferSwitcher.actionPerformed(java.awt.event.ActionEvent);org.gjt.sp.jedit.EditPane;1;1;1;0.8333333333333334;0.9411764705882353;6;26;245
org.gjt.sp.jedit.search.SearchDialog.synchronizeMultiFileSettings();org.gjt.sp.jedit.Buffer;0;0;0;0;0;0;0;0
bsh.BSHAllocationExpression.constructWithClassBody(bsh.BSHBlock, bsh.CallStack, bsh.Interpreter, java.lang.Class, java.lang.Object[]);bsh.Modifiers;0;0;0;0;0;0;0;0
gnu.regexp.REFilterInputStream.read();gnu.regexp.REMatch;5;4;3;0.8095238095238095;0.8387096774193549;23;46;95
org.gjt.sp.jedit.EditPane.loadBufferSwitcher();org.gjt.sp.jedit.gui.BufferSwitcher;1;0;2;1.0;0.875;15;245;26
org.gjt.sp.jedit.textarea.ChunkCache.getLineSubregionCount(int);org.gjt.sp.jedit.textarea.JEditTextArea;0;0;0;0;0;0;0;0
bsh.BSHUnaryExpression.unaryOperation(int, java.lang.Object);bsh.Primitive;0;1;1;1.0;1.0;5;42;451
org.gjt.sp.jedit.gui.DockablePanel.mouseMoved(java.awt.event.MouseEvent);org.gjt.sp.jedit.gui.DockableWindowManager;0;0;0;0;0;0;0;0
org.gjt.sp.jedit.textarea.TextAreaPainter.getToolTipText(int, int);org.gjt.sp.jedit.textarea.JEditTextArea;3;1;2;0.9841269841269842;0.9890909090909091;9;363;2931
org.gjt.sp.jedit.textarea.JEditTextArea.setFirstLine(int);org.gjt.sp.jedit.Debug;0;0;0;0;0;0;0;0
org.gjt.sp.jedit.browser.VFSDirectoryEntryTable.maybeReloadDirectory(java.lang.String);org.gjt.sp.jedit.browser.VFSDirectoryEntryTableModel;0;0;0;0;0;0;0;0
bsh.XThis.invokeImpl(java.lang.Object, java.lang.Object[], java.lang.reflect.Method);bsh.Primitive;0;0;0;0;0;0;0;0
org.gjt.sp.jedit.help.HelpTOCPanel.getTreeCellRendererComponent(boolean, boolean, boolean, boolean, int, java.lang.Object, javax.swing.JTree);org.gjt.sp.jedit.browser.FileCellRenderer;0;0;0;0;0;0;0;0
org.gjt.sp.jedit.proto.jeditresource.PluginResURLConnection.connect();org.gjt.sp.jedit.PluginJAR;0;0;0;0;0;0;0;0
bsh.Interpreter.run();bsh.TargetError;3;13;9;0.8285714285714285;0.9318181818181819;74;440;50
org.gjt.sp.jedit.EditPane.propertiesChanged();org.gjt.sp.jedit.jEdit;1;0;5;1.0;1.0;53;245;1507
org.gjt.sp.jedit.pluginmgr.PluginListHandler.attribute(boolean, java.lang.String, java.lang.String);org.gjt.sp.util.Log;0;0;0;0;0;0;0;0
bsh.BSHMethodDeclaration.eval(bsh.CallStack, bsh.Interpreter);bsh.CallStack;0;0;0;0;0;0;0;0
org.gjt.sp.jedit.browser.VFSBrowser.getSelectedFiles(java.util.EventObject, org.gjt.sp.jedit.browser.VFSBrowser);org.gjt.sp.jedit.browser.BrowserView;0;0;0;0;0;0;0;0
org.gjt.sp.jedit.textarea.MouseHandler.doSingleDrag(java.awt.event.MouseEvent);org.gjt.sp.jedit.textarea.JEditTextArea;0;0;0;0;0;0;0;0
org.gjt.sp.jedit.textarea.JEditTextArea.propertiesChanged();org.gjt.sp.jedit.buffer.JEditBuffer;0;0;0;0;0;0;0;0
bsh.LHS.assign(boolean, java.lang.Object);bsh.Interpreter;0;0;0;0;0;0;0;0
com.loomcom.ant.tasks.jarbundler.JarBundler.setWorkingDirectory(java.lang.String);com.loomcom.ant.tasks.jarbundler.AppBundleProperties;0;0;0;0;0;0;0;0
bsh.BSHAllocationExpression.arrayAllocation(bsh.BSHArrayDimensions, bsh.CallStack, bsh.Interpreter, java.lang.Class);bsh.BSHArrayDimensions;0;0;0;0;0;0;0;0
org.gjt.sp.jedit.menu.EnhancedCheckBoxMenuItem.isSelected();org.gjt.sp.util.Log;0;0;0;0;0;0;0;0
gnu.regexp.RE.initialize(gnu.regexp.RESyntax, int, int, int, java.lang.Object);gnu.regexp.RETokenWordBoundary;0;5;8;0.9482758620689655;1.0;326;609;38
org.gjt.sp.jedit.msg.EditPaneUpdate.paramString();org.gjt.sp.jedit.EBMessage;1;1;1;0.75;0.8333333333333334;3;14;21
org.gjt.sp.jedit.search.AllBufferSet._getFiles(java.awt.Component);org.gjt.sp.jedit.Buffer;0;0;0;0;0;0;0;0
org.gjt.sp.jedit.textarea.ScreenLineManager.contentInserted(int, int);org.gjt.sp.jedit.buffer.JEditBuffer;0;0;0;0;0;0;0;0
org.gjt.sp.jedit.options.BrowserColorsOptionPane.mouseClicked(java.awt.event.MouseEvent);org.gjt.sp.jedit.options.BrowserColorsModel;2;1;2;0.9333333333333333;0.95;8;62;94
bsh.BSHTypedVariableDeclaration.getDeclarators();bsh.SimpleNode;0;0;0;0;0;0;0;0
org.gjt.sp.jedit.browser.VFSDirectoryEntryTable.propertiesChanged();org.gjt.sp.jedit.browser.FileCellRenderer;0;0;0;0;0;0;0;0
org.gjt.sp.jedit.options.PluginManagerOptionPane.getElementAt(int);org.gjt.sp.jedit.pluginmgr.MirrorList;0;0;0;0;0;0;0;0
org.objectweb.asm.ClassWriter.visitField(int, java.lang.Object, java.lang.String, java.lang.String);org.objectweb.asm.Item;0;0;0;0;0;0;0;0
org.gjt.sp.jedit.gui.StatusBar.statusUpdate(int, org.gjt.sp.util.WorkThreadPool);org.gjt.sp.jedit.jEdit;1;3;2;0.9117647058823529;1.0;18;281;1507
org.gjt.sp.jedit.syntax.XModeHandler.endElement(java.lang.String);org.gjt.sp.jedit.syntax.ParserRule;0;0;0;0;0;0;0;0
org.gjt.sp.jedit.View.getViewConfig();org.gjt.sp.jedit.gui.DockableWindowManager;0;0;0;0;0;0;0;0
bsh.Parser.ReturnType();bsh.JJTParserState;4;8;2;0.981859410430839;0.9166666666666666;60;6765;74
org.gjt.sp.jedit.GUIUtilities.componentResized(java.awt.event.ComponentEvent);org.gjt.sp.util.Log;0;0;0;0;0;0;0;0
bsh.ParserTokenManager.jjMoveStringLiteralDfa10_0(long, long, long, long, long, long);bsh.JavaCharStream;0;0;0;0;0;0;0;0
org.gjt.sp.jedit.browser.VFSDirectoryEntryTableModel.removeExtendedAttributes(org.gjt.sp.jedit.io.VFS);org.gjt.sp.util.Log;0;0;0;0;0;0;0;0
org.gjt.sp.jedit.browser.VFSBrowser.invokeAction(java.util.EventObject, org.gjt.sp.jedit.EditAction);bsh.NameSpace;0;0;0;0;0;0;0;0
bsh.BSHReturnType.getTypeNode();bsh.SimpleNode;0;0;0;0;0;0;0;0
bsh.BSHImportDeclaration.eval(bsh.CallStack, bsh.Interpreter);bsh.BSHAmbiguousName;1;2;6;0.7777777777777778;0.9285714285714286;10;13;21
org.gjt.sp.jedit.options.StyleTableModel.getColumnName(int);org.gjt.sp.jedit.jEdit;0;0;1;1.0;1.0;10;84;1507
org.gjt.sp.jedit.browser.BrowserIORequest.rename();org.gjt.sp.jedit.OperatingSystem;0;0;0;0;0;0;0;0
org.gjt.sp.jedit.browser.BrowserView.getSelectedFiles();org.gjt.sp.jedit.browser.VFSDirectoryEntryTable;0;0;0;0;0;0;0;0
org.gjt.sp.jedit.syntax.TokenMarker.handleRule(boolean, org.gjt.sp.jedit.syntax.ParserRule);org.gjt.sp.jedit.syntax.ParserRuleSet;0;0;0;0;0;0;0;0
org.gjt.sp.jedit.help.HelpSearchPanel.actionPerformed(java.awt.event.ActionEvent);org.gjt.sp.jedit.help.HelpIndex;0;0;0;0;0;0;0;0
bsh.BSHAllocationExpression.constructWithInterfaceBody(bsh.BSHBlock, bsh.CallStack, bsh.Interpreter, java.lang.Class, java.lang.Object[]);bsh.UtilEvalError;0;0;0;0;0;0;0;0
org.gjt.sp.jedit.textarea.JEditTextArea.handlePopupTrigger(java.awt.event.MouseEvent);org.gjt.sp.jedit.textarea.TextAreaPainter;0;0;0;0;0;0;0;0
org.gjt.sp.jedit.Buffer.getDefaultProperty(java.lang.String);org.gjt.sp.jedit.buffer.JEditBuffer;0;0;0;0;0;0;0;0
org.gjt.sp.jedit.gui.MarkerViewer.actionPerformed(java.awt.event.ActionEvent);org.gjt.sp.jedit.Buffer;0;0;0;0;0;0;0;0
QuickNotepad.copyToBuffer();org.gjt.sp.jedit.jEdit;0;0;4;1.0;1.0;4;115;1507
org.gjt.sp.jedit.View.quickHyperSearch(boolean);org.gjt.sp.jedit.textarea.JEditTextArea;2;1;5;0.9838709677419355;0.9928571428571429;24;530;2931
org.gjt.sp.jedit.textarea.ChunkCache.getLineInfosForPhysicalLine(int, java.util.List);org.gjt.sp.jedit.syntax.Token;0;0;0;0;0;0;0;0
org.gjt.sp.jedit.gui.PanelWindowContainer.layoutContainer(java.awt.Container);org.gjt.sp.jedit.gui.DockableWindowManager;0;3;1;0.9538461538461538;1.0;49;396;429
org.gjt.sp.jedit.textarea.DisplayManager.notifyScreenLineChanges();org.gjt.sp.jedit.Debug;0;0;0;0;0;0;0;0
org.gjt.sp.jedit.gui.DefaultInputHandler.handleKey(org.gjt.sp.jedit.gui.KeyEventTranslator.Key);org.gjt.sp.jedit.gui.KeyEventWorkaround;0;0;0;0;0;0;0;0
bsh.Parser.VariableDeclarator();bsh.BSHVariableDeclarator;1;8;3;0.9815668202764977;0.9444444444444444;51;6765;12
org.gjt.sp.jedit.textarea.DisplayManager.getFirstVisibleLine();org.gjt.sp.jedit.textarea.RangeMap;0;0;0;0;0;0;0;0
org.gjt.sp.jedit.EditPane.statusChanged(boolean, int, org.gjt.sp.jedit.textarea.JEditTextArea);org.gjt.sp.jedit.gui.StatusBar;0;0;0;0;0;0;0;0
org.gjt.sp.util.WorkThread.setProgressMaximum(int);org.gjt.sp.util.WorkThreadPool;1;1;1;0.9375;0.9714285714285714;4;97;186
org.gjt.sp.jedit.Buffer.insertString(int, java.lang.String, javax.swing.text.AttributeSet);org.gjt.sp.jedit.buffer.JEditBuffer;0;0;0;0;0;0;0;0
org.gjt.sp.jedit.Macros.runMacro(org.gjt.sp.jedit.Macros.Macro, org.gjt.sp.jedit.View);org.gjt.sp.jedit.BeanShell;1;1;1;0.9473684210526316;1.0;3;333;229
org.gjt.sp.jedit.gui.RegisterViewer.insertRegister();org.gjt.sp.jedit.textarea.JEditTextArea;0;0;0;0;0;0;0;0
bsh.Parser.RelationalExpression();bsh.BSHBinaryExpression;1;8;3;0.9817351598173516;0.9583333333333334;68;6765;55
org.gjt.sp.util.WorkThread.doRequest(org.gjt.sp.util.WorkThreadPool.Request);org.gjt.sp.util.Log;0;6;2;0.6842105263157895;1.0;21;97;143
org.gjt.sp.jedit.textarea.JEditTextArea.shiftTallCaretLeft(org.gjt.sp.jedit.textarea.Selection.Rect);org.gjt.sp.jedit.textarea.Selection;0;0;0;0;0;0;0;0
org.gjt.sp.jedit.syntax.XModeHandler.startElement(java.lang.String);org.gjt.sp.jedit.syntax.ParserRule;0;0;0;0;0;0;0;0
org.gjt.sp.jedit.EditPane.handleBufferUpdate(org.gjt.sp.jedit.msg.BufferUpdate);org.gjt.sp.jedit.View;0;2;7;0.9259259259259259;1.0;71;245;530
org.gjt.sp.jedit.browser.VFSBrowser.propertiesChanged();org.gjt.sp.jedit.browser.BrowserView;1;11;2;0.8253968253968254;0.9818181818181818;23;675;404
bsh.BSHUnaryExpression.eval(bsh.CallStack, bsh.Interpreter);bsh.UtilEvalError;0;0;0;0;0;0;0;0
org.gjt.sp.jedit.search.SearchDialog.save(boolean);org.gjt.sp.jedit.search.SearchAndReplace;0;0;0;0;0;0;0;0
org.gjt.sp.jedit.buffer.JEditBuffer.remove(int, int);org.gjt.sp.jedit.buffer.LineManager;0;0;0;0;0;0;0;0
gnu.regexp.RETokenEnd.match(gnu.regexp.CharIndexed, gnu.regexp.REMatch);gnu.regexp.REMatch;2;1;3;0.9;0.92;17;24;95
org.gjt.sp.jedit.EditPane.toString();org.gjt.sp.jedit.View;0;0;0;0;0;0;0;0
org.gjt.sp.jedit.EditPane.close();org.gjt.sp.jedit.msg.EditPaneUpdate;0;1;2;0.9333333333333333;1.0;5;245;14
bsh.BshMethod.invokeImpl(boolean, bsh.CallStack, bsh.Interpreter, bsh.SimpleNode, java.lang.Object[]);bsh.NameSpace;0;0;0;0;0;0;0;0
org.gjt.sp.jedit.io.VFS._listDirectory(boolean, java.awt.Component, java.lang.Object, java.lang.String, java.lang.String);gnu.regexp.RE;0;0;0;0;0;0;0;0
org.gjt.sp.jedit.buffer.JEditBuffer.getFoldLevel(int);org.gjt.sp.util.Log;0;0;0;0;0;0;0;0
org.gjt.sp.jedit.pluginmgr.InstallPanel.actionPerformed(java.awt.event.ActionEvent);org.gjt.sp.jedit.pluginmgr.Roster;0;0;0;0;0;0;0;0
org.gjt.sp.jedit.gui.MarkerViewer.addNotify();org.gjt.sp.jedit.EditBus;0;0;0;0;0;0;0;0
org.gjt.sp.jedit.PluginJAR.uninit(boolean);org.gjt.sp.util.Log;0;0;0;0;0;0;0;0
org.gjt.sp.jedit.browser.VFSBrowser.createPluginsMenu(boolean, javax.swing.JComponent);org.gjt.sp.jedit.jEdit;0;0;0;0;0;0;0;0
org.gjt.sp.jedit.search.HyperSearchResults.searchFailed();org.gjt.sp.jedit.jEdit;0;0;0;0;0;0;0;0
org.gjt.sp.jedit.textarea.BufferHandler.preContentRemoved(int, int, int, int, org.gjt.sp.jedit.buffer.JEditBuffer);org.gjt.sp.jedit.textarea.ScreenLineManager;0;0;0;0;0;0;0;0
bsh.Parser.MultiplicativeExpression();bsh.BSHBinaryExpression;1;8;3;0.9815242494226328;0.9473684210526316;48;6765;55
org.gjt.sp.jedit.Buffer.reload(org.gjt.sp.jedit.View);org.gjt.sp.jedit.buffer.JEditBuffer;0;0;0;0;0;0;0;0
org.gjt.sp.jedit.JARClassLoader.toString();org.gjt.sp.jedit.PluginJAR;0;0;0;0;0;0;0;0
org.gjt.sp.jedit.gui.PanelWindowContainer.save();org.gjt.sp.jedit.gui.DockableWindowFactory;0;0;0;0;0;0;0;0
org.gjt.sp.jedit.browser.BrowserView.removeNotify();org.gjt.sp.jedit.jEdit;1;2;1;0.9534883720930233;1.0;5;404;1507
org.gjt.sp.jedit.search.SearchDialog.save(boolean);org.gjt.sp.jedit.io.VFS;0;0;0;0;0;0;0;0
org.gjt.sp.jedit.browser.VFSBrowser.delete(org.gjt.sp.jedit.io.VFSFile[]);org.gjt.sp.jedit.io.VFS;0;0;0;0;0;0;0;0
org.gjt.sp.jedit.options.AbbrevsModel.toHashtable();org.gjt.sp.jedit.options.Abbrev;2;1;1;0.9473684210526316;0.7142857142857143;10;90;6
org.gjt.sp.jedit.search.SearchBar.insertUpdate(javax.swing.event.DocumentEvent);org.gjt.sp.jedit.textarea.Selection;1;2;3;0.9545454545454546;0.9230769230769231;10;178;59
org.gjt.sp.jedit.search.HyperSearchRequest.searchInSelection(org.gjt.sp.jedit.Buffer);org.gjt.sp.jedit.buffer.JEditBuffer;0;0;0;0;0;0;0;0
org.gjt.sp.jedit.textarea.MouseHandler.mouseDragged(java.awt.event.MouseEvent);org.gjt.sp.jedit.textarea.JEditTextArea;0;0;0;0;0;0;0;0
org.gjt.sp.jedit.View.processKeyEvent(int, java.awt.event.KeyEvent);org.gjt.sp.jedit.gui.KeyEventWorkaround;0;0;0;0;0;0;0;0
bsh.ParserTokenManager.jjMoveStringLiteralDfa1_0(long, long, long);bsh.JavaCharStream;0;0;0;0;0;0;0;0
org.gjt.sp.jedit.EditPlugin.createBrowserMenuItems();org.gjt.sp.jedit.jEdit;0;0;0;0;0;0;0;0
org.gjt.sp.jedit.search.AllBufferSet._getFiles(java.awt.Component);org.gjt.sp.util.Log;0;0;0;0;0;0;0;0
org.gjt.sp.jedit.gui.IOProgressMonitor.update();org.gjt.sp.util.WorkThread;4;3;4;0.8636363636363636;0.8260869565217391;14;92;97
bsh.BSHBinaryExpression.eval(bsh.CallStack, bsh.Interpreter);bsh.UtilEvalError;0;0;0;0;0;0;0;0
org.gjt.sp.jedit.gui.RegisterViewer.getListCellRendererComponent(boolean, boolean, int, java.lang.Object, javax.swing.JList);org.gjt.sp.jedit.jEdit;0;0;0;0;0;0;0;0
org.gjt.sp.jedit.search.SearchDialog.ok();org.gjt.sp.jedit.GUIUtilities;0;0;0;0;0;0;0;0
org.objectweb.asm.CodeWriter.visitLdcInsn(java.lang.Object);org.objectweb.asm.ByteVector;0;0;0;0;0;0;0;0
org.gjt.sp.jedit.textarea.JEditTextArea.smartHome(boolean);org.gjt.sp.jedit.Macros;0;0;0;0;0;0;0;0
bsh.Parser.SwitchStatement();bsh.JJTParserState;4;10;1;0.9786780383795309;0.9545454545454546;99;6765;74
org.gjt.sp.jedit.buffer.LineManager._contentInserted(org.gjt.sp.util.IntegerArray);org.gjt.sp.util.IntegerArray;0;0;0;0;0;0;0;0
com.loomcom.ant.tasks.jarbundler.JarBundler.createService();com.loomcom.ant.tasks.jarbundler.AppBundleProperties;0;0;0;0;0;0;0;0
org.gjt.sp.jedit.textarea.TextAreaPainter.setStyles(org.gjt.sp.jedit.syntax.SyntaxStyle[]);org.gjt.sp.jedit.syntax.Token;0;1;1;0.9833333333333333;1.0;5;363;8
org.gjt.sp.jedit.textarea.JEditTextArea.scrollTo(boolean, int, int);org.gjt.sp.jedit.Debug;0;0;0;0;0;0;0;0
bsh.Parser.StatementExpressionList();bsh.JJTParserState;4;8;1;0.9814385150812065;0.8846153846153846;49;6765;74
bsh.Interpreter.set(java.lang.Object, java.lang.String);bsh.UtilEvalError;0;0;0;0;0;0;0;0
org.gjt.sp.jedit.View.unsplitCurrent();org.gjt.sp.jedit.PerspectiveManager;0;0;0;0;0;0;0;0
org.gjt.sp.jedit.textarea.JEditTextArea.getSelectionEnd();org.gjt.sp.jedit.textarea.Selection;1;2;1;0.9927007299270073;0.9090909090909091;4;2931;59
macos.Delegate.applicationOpenFiles(macos.NSApplication, macos.NSArray);org.gjt.sp.jedit.jEdit;0;0;0;0;0;0;0;0
org.gjt.sp.jedit.View.actionBar();org.gjt.sp.jedit.gui.ActionBar;0;0;0;0;0;0;0;0
org.gjt.sp.jedit.search.DirectoryListSet.setRecursive(boolean);org.gjt.sp.jedit.search.BufferListSet;0;0;0;0;0;0;0;0
org.gjt.sp.jedit.search.HyperSearchResults.updateMultiStatus();org.gjt.sp.jedit.GUIUtilities;0;0;0;0;0;0;0;0
org.gjt.sp.jedit.io.VFSManager.run();org.gjt.sp.jedit.EditBus;0;0;1;1.0;1.0;8;120;72
org.gjt.sp.jedit.options.StatusBarOptionPane._save();org.gjt.sp.jedit.gui.ColorWellButton;0;0;0;0;0;0;0;0
org.gjt.sp.jedit.help.HelpViewer.gotoURL(boolean, java.lang.String);org.gjt.sp.jedit.help.HelpHistoryModel;0;0;0;0;0;0;0;0
org.gjt.sp.jedit.options.AbbrevsOptionPane.edit();org.gjt.sp.jedit.options.AbbrevsModel;2;1;2;0.95;0.9473684210526316;13;140;90
org.gjt.sp.jedit.Buffer.load(boolean, org.gjt.sp.jedit.View);org.gjt.sp.jedit.io.VFS;1;23;10;0.8562091503267975;1.0;68;1466;167
org.gjt.sp.jedit.textarea.FirstLine.scrollUp(int);org.gjt.sp.jedit.Debug;0;0;0;0;0;0;0;0
org.gjt.sp.jedit.io.VFS.getTwoStageSaveName(java.lang.String);org.gjt.sp.jedit.MiscUtilities;0;0;0;0;0;0;0;0
macos.Delegate.handleOpenFile(org.gjt.sp.jedit.msg.ViewUpdate);macos.MacOSPlugin;0;0;0;0;0;0;0;0
org.gjt.sp.jedit.textarea.JEditTextArea.addExplicitFold(int, int, int, int);org.gjt.sp.jedit.buffer.JEditBuffer;0;0;0;0;0;0;0;0
gnu.regexp.RETokenEnd.match(gnu.regexp.CharIndexed, gnu.regexp.REMatch);gnu.regexp.REToken;1;1;3;0.9;0.9166666666666666;17;24;30
org.gjt.sp.jedit.msg.ViewUpdate.getView();org.gjt.sp.jedit.EBMessage;1;0;1;1.0;0.8;3;14;21
org.gjt.sp.jedit.search.AllBufferSet._getFiles(java.awt.Component);gnu.regexp.RE;0;0;0;0;0;0;0;0
org.gjt.sp.jedit.textarea.TextAreaPainter.removeExtension(org.gjt.sp.jedit.textarea.TextAreaExtension);org.gjt.sp.jedit.textarea.ExtensionManager;1;0;1;1.0;0.875;4;363;58
org.gjt.sp.jedit.View.processKeyEvent(int, java.awt.event.KeyEvent);org.gjt.sp.util.Log;0;0;0;0;0;0;0;0
org.gjt.sp.jedit.browser.BrowserView.directoryLoaded(java.lang.Object, java.lang.String, java.util.ArrayList);org.gjt.sp.jedit.browser.VFSDirectoryEntryTable;0;0;0;0;0;0;0;0
org.gjt.sp.jedit.gui.MarkerViewer.handleMessage(org.gjt.sp.jedit.EBMessage);org.gjt.sp.jedit.msg.EditPaneUpdate;0;0;0;0;0;0;0;0
org.gjt.sp.jedit.options.EditingOptionPane.selectMode();org.gjt.sp.jedit.GUIUtilities;0;0;0;0;0;0;0;0
macos.Delegate.handleFileCodes(org.gjt.sp.jedit.msg.BufferUpdate);org.gjt.sp.jedit.Buffer;0;0;0;0;0;0;0;0
org.gjt.sp.jedit.textarea.Gutter.paintLine(int, int, java.awt.Graphics2D);org.gjt.sp.jedit.textarea.ChunkCache;0;0;0;0;0;0;0;0
org.gjt.sp.jedit.options.EditingOptionPane._init();org.gjt.sp.jedit.AbstractOptionPane;2;12;4;0.4545454545454546;0.967741935483871;49;66;78
org.gjt.sp.jedit.gui.HistoryText.showPopupMenu(int, int, java.lang.String);org.gjt.sp.jedit.gui.HistoryModel;0;0;0;0;0;0;0;0
org.gjt.sp.jedit.buffer.JEditBuffer.fireFoldLevelChanged(int, int);org.gjt.sp.util.Log;0;0;0;0;0;0;0;0
org.gjt.sp.jedit.textarea.JEditTextArea.goToPrevWord(boolean, boolean);org.gjt.sp.jedit.textarea.DisplayManager;0;0;0;0;0;0;0;0
macos.Delegate.openFile(java.lang.String, macos.NSPasteboard);org.gjt.sp.jedit.browser.VFSBrowser;0;0;0;0;0;0;0;0
org.gjt.sp.jedit.buffer.JEditBuffer.loadText(javax.swing.text.Segment, org.gjt.sp.util.IntegerArray);org.gjt.sp.jedit.buffer.PositionManager;0;0;0;0;0;0;0;0
org.gjt.sp.jedit.options.GutterOptionPane._save();org.gjt.sp.jedit.jEdit;2;7;1;0.5333333333333333;1.0;22;52;1507
org.objectweb.asm.CodeWriter.visitMaxs(int, int);org.objectweb.asm.Label;0;0;0;0;0;0;0;0
org.gjt.sp.jedit.gui.HistoryText.historyNext();org.gjt.sp.jedit.gui.HistoryModel;0;0;0;0;0;0;0;0
org.gjt.sp.jedit.menu.RecentDirectoriesProvider.mouseExited(java.awt.event.MouseEvent);org.gjt.sp.jedit.View;0;0;0;0;0;0;0;0
bsh.BshMethod.invoke(boolean, bsh.CallStack, bsh.Interpreter, bsh.SimpleNode, java.lang.Object[]);bsh.Reflect;0;0;0;0;0;0;0;0
installer.SwingInstall.createCompPanel();installer.OperatingSystem;0;1;2;0.9807692307692307;1.0;21;301;45
org.gjt.sp.jedit.buffer.BufferIORequest.read(boolean, java.io.Reader, long);org.gjt.sp.jedit.buffer.JEditBuffer;0;0;0;0;0;0;0;0
org.gjt.sp.jedit.search.SearchDialog.save(boolean);org.gjt.sp.jedit.View;0;0;0;0;0;0;0;0
org.gjt.sp.jedit.textarea.TextAreaDropHandler.dragExit(java.awt.dnd.DropTargetEvent);org.gjt.sp.jedit.textarea.JEditTextArea;0;0;0;0;0;0;0;0
org.gjt.sp.jedit.menu.EnhancedCheckBoxMenuItem.mouseEntered(java.awt.event.MouseEvent);org.gjt.sp.jedit.View;0;0;0;0;0;0;0;0
bsh.Parser.Block();bsh.JJTParserState;4;8;1;0.9828326180257511;0.9508196721311475;83;6765;74
org.gjt.sp.jedit.ModeCatalogHandler.endElement(java.lang.String);org.gjt.sp.jedit.jEdit;0;6;3;0.6;1.0;19;45;1507
org.gjt.sp.jedit.EditPane.paintValidLine(int, int, int, int, int, java.awt.Graphics2D);org.gjt.sp.jedit.Buffer;0;0;0;0;0;0;0;0
bsh.BSHBlock.eval(boolean, bsh.CallStack, bsh.Interpreter);bsh.SimpleNode;3;0;3;1.0;0.8571428571428572;17;23;79
org.gjt.sp.jedit.browser.VFSFileChooserDialog.getSelectedFiles(int, int);org.gjt.sp.jedit.io.VFSFile;0;0;0;0;0;0;0;0
org.gjt.sp.jedit.JARClassLoader.getZipFile();org.gjt.sp.util.Log;0;0;0;0;0;0;0;0
org.gjt.sp.jedit.textarea.JEditTextArea.invalidateLineRange(int, int);org.gjt.sp.jedit.textarea.ChunkCache;5;5;1;0.9818840579710145;0.868421052631579;28;2931;425
org.gjt.sp.jedit.browser.VFSBrowser.setDirectory(java.lang.String);org.gjt.sp.jedit.browser.BrowserView;1;3;3;0.9545454545454546;0.98;15;675;404
org.gjt.sp.jedit.gui.CheckBoxListModel.getValueAt(int, int);org.gjt.sp.jedit.gui.JCheckBoxList;2;1;1;0.9166666666666666;0.8;11;55;58
bsh.Name.toLHS(bsh.CallStack, bsh.Interpreter);bsh.Interpreter;0;4;3;0.8421052631578947;1.0;31;291;440
org.gjt.sp.jedit.buffer.BufferLoadRequest.run();org.gjt.sp.jedit.jEdit;0;0;0;0;0;0;0;0
bsh.BSHAllocationExpression.constructWithClassBody(bsh.BSHBlock, bsh.CallStack, bsh.Interpreter, java.lang.Class, java.lang.Object[]);bsh.UtilEvalError;0;0;0;0;0;0;0;0
org.gjt.sp.jedit.ActionSet.initKeyBindings();org.gjt.sp.jedit.gui.InputHandler;0;0;0;0;0;0;0;0
org.gjt.sp.jedit.gui.JCheckBoxList.selectAll();org.gjt.sp.jedit.gui.CheckBoxListModel;0;0;0;0;0;0;0;0
org.gjt.sp.jedit.buffer.KillRing.save();org.gjt.sp.jedit.jEdit;0;0;0;0;0;0;0;0
org.gjt.sp.jedit.textarea.DisplayManager.setFirstLine(int, int);org.gjt.sp.jedit.textarea.JEditTextArea;0;0;0;0;0;0;0;0
org.objectweb.asm.CodeWriter.visitLineNumber(int, org.objectweb.asm.Label);org.objectweb.asm.ByteVector;0;0;0;0;0;0;0;0
bsh.BSHBinaryExpression.eval(bsh.CallStack, bsh.Interpreter);bsh.BSHType;1;3;6;0.8695652173913043;0.962962962962963;46;55;35
org.gjt.sp.jedit.gui.DockableWindowManager.showDockableWindow(java.lang.String);org.gjt.sp.util.Log;0;4;1;0.935483870967742;1.0;10;429;143
org.gjt.sp.jedit.textarea.TextAreaPainter.paint(java.awt.Graphics);org.gjt.sp.jedit.buffer.JEditBuffer;0;0;0;0;0;0;0;0
org.gjt.sp.jedit.gui.TipOfTheDay.actionPerformed(java.awt.event.ActionEvent);org.gjt.sp.jedit.jEdit;1;4;1;0.6923076923076923;1.0;8;71;1507
org.gjt.sp.jedit.gui.InputHandler.invokeAction(org.gjt.sp.jedit.EditAction);org.gjt.sp.jedit.gui.StatusBar;1;5;6;0.8333333333333334;0.9803921568627451;40;141;281
org.objectweb.asm.ClassWriter.visitField(int, java.lang.Object, java.lang.String, java.lang.String);org.objectweb.asm.ByteVector;0;0;0;0;0;0;0;0
org.gjt.sp.jedit.textarea.JEditTextArea.indentSelectedLines();org.gjt.sp.jedit.buffer.JEditBuffer;0;0;0;0;0;0;0;0
org.gjt.sp.jedit.browser.VFSBrowser.propertiesChanged();org.gjt.sp.jedit.jEdit;0;11;2;0.8253968253968254;1.0;23;675;1507
bsh.BSHPackageDeclaration.eval(bsh.CallStack, bsh.Interpreter);bsh.CallStack;0;0;0;0;0;0;0;0
org.gjt.sp.jedit.textarea.Gutter.paintComponent(java.awt.Graphics);org.gjt.sp.jedit.buffer.JEditBuffer;0;0;0;0;0;0;0;0
org.gjt.sp.jedit.options.AbbrevsModel.sort(int);org.gjt.sp.jedit.MiscUtilities;0;1;1;0.9285714285714286;1.0;4;90;491
org.gjt.sp.jedit.options.FirewallOptionPane._init();org.gjt.sp.jedit.AbstractOptionPane;2;7;2;0.5333333333333333;0.9583333333333334;27;47;78
org.gjt.sp.jedit.PluginJAR.startPlugin();org.gjt.sp.jedit.Buffer;0;0;0;0;0;0;0;0
org.gjt.sp.jedit.indent.RegexpIndentRule.apply(int, int, int, java.util.List, org.gjt.sp.jedit.buffer.JEditBuffer);org.gjt.sp.jedit.buffer.JEditBuffer;0;0;0;0;0;0;0;0
org.gjt.sp.jedit.textarea.DisplayManager.expandAllFolds();org.gjt.sp.jedit.textarea.JEditTextArea;0;0;0;0;0;0;0;0
org.gjt.sp.jedit.Buffer.checkFileForSave(java.lang.String, org.gjt.sp.jedit.io.VFS, org.gjt.sp.jedit.View);org.gjt.sp.jedit.io.VFSManager;0;0;0;0;0;0;0;0
org.gjt.sp.jedit.JARClassLoader.deactivate();org.gjt.sp.jedit.PluginJAR;0;0;0;0;0;0;0;0
org.gjt.sp.jedit.search.HyperSearchResults.goToSelectedNode(int);org.gjt.sp.jedit.View;0;0;0;0;0;0;0;0
org.gjt.sp.jedit.buffer.JEditBuffer.getContextSensitiveProperty(int, java.lang.String);org.gjt.sp.jedit.syntax.ParserRuleSet;0;0;0;0;0;0;0;0
org.gjt.sp.jedit.jEdit.run();org.gjt.sp.jedit.View;2;0;4;1.0;0.967741935483871;21;1507;530
org.gjt.sp.jedit.pluginmgr.PluginManager.run();org.gjt.sp.jedit.GUIUtilities;0;0;0;0;0;0;0;0
org.gjt.sp.jedit.browser.VFSFileChooserDialog.run();org.gjt.sp.jedit.io.VFS;0;0;0;0;0;0;0;0
org.gjt.sp.jedit.gui.AddAbbrevDialog.actionPerformed(java.awt.event.ActionEvent);org.gjt.sp.jedit.Abbrevs;1;2;5;0.8666666666666667;1.0;22;61;263
bsh.BSHVariableDeclarator.eval(bsh.BSHType, bsh.CallStack, bsh.Interpreter);bsh.SimpleNode;3;0;4;1.0;0.8636363636363636;9;12;79
org.gjt.sp.jedit.buffer.JEditBuffer.createRegexpIndentRule(java.lang.String);org.gjt.sp.util.Log;0;0;0;0;0;0;0;0
org.gjt.sp.jedit.textarea.JEditTextArea.xToScreenLineOffset(boolean, int, int);org.gjt.sp.jedit.textarea.ChunkCache;0;0;0;0;0;0;0;0
org.gjt.sp.jedit.gui.PasteFromListDialog.ok();org.gjt.sp.jedit.textarea.JEditTextArea;0;0;0;0;0;0;0;0
org.gjt.sp.jedit.textarea.FirstLine.changed();org.gjt.sp.util.Log;0;0;0;0;0;0;0;0
org.gjt.sp.jedit.search.DirectoryListSet._getFiles(java.awt.Component);org.gjt.sp.jedit.io.VFS;0;0;0;0;0;0;0;0
org.gjt.sp.jedit.browser.VFSDirectoryEntryTable.maybeReloadDirectory(java.lang.String);org.gjt.sp.jedit.MiscUtilities;0;0;0;0;0;0;0;0
org.gjt.sp.jedit.textarea.JEditTextArea.spacesToTabs();org.gjt.sp.jedit.buffer.JEditBuffer;0;0;0;0;0;0;0;0
org.gjt.sp.jedit.textarea.JEditTextArea.getPhysicalLineOfScreenLine(int);org.gjt.sp.jedit.textarea.ChunkCache;2;0;1;1.0;0.9393939393939394;3;2931;425
org.gjt.sp.jedit.help.HelpTOCPanel.load();org.gjt.sp.jedit.help.HelpViewer;0;0;0;0;0;0;0;0
org.objectweb.asm.CodeWriter.resizeInstructions(int, int[], int[]);org.objectweb.asm.ByteVector;0;0;0;0;0;0;0;0
org.gjt.sp.jedit.syntax.XModeHandler.charData(char[], int, int);org.gjt.sp.jedit.syntax.ParserRule;0;0;0;0;0;0;0;0
org.gjt.sp.jedit.Buffer.getFirstToken();org.gjt.sp.jedit.syntax.DefaultTokenHandler;0;0;0;0;0;0;0;0
macos.Delegate.applicationDockMenu(macos.NSApplication);org.gjt.sp.jedit.jEdit;0;0;0;0;0;0;0;0
bsh.LHS.toString();bsh.NameSpace;0;0;0;0;0;0;0;0
org.gjt.sp.jedit.textarea.ExtensionManager.paintScreenLineRange(int, int, int, int, int[], int[], int[], java.awt.Graphics2D);org.gjt.sp.util.Log;0;0;0;0;0;0;0;0
bsh.EvalError.getErrorText();bsh.SimpleNode;1;0;1;1.0;0.9473684210526316;4;55;79
bsh.ParserTokenManager.jjMoveStringLiteralDfa9_0(long, long, long, long, long, long);bsh.JavaCharStream;0;0;0;0;0;0;0;0
org.gjt.sp.jedit.textarea.JEditTextArea.offsetToXY(int, int, java.awt.Point);org.gjt.sp.jedit.syntax.Chunk;0;0;0;0;0;0;0;0
org.gjt.sp.jedit.Buffer.setMode();org.gjt.sp.jedit.jEdit;0;4;2;0.971830985915493;1.0;22;1466;1507
org.gjt.sp.jedit.io.VFS.save(java.lang.String, org.gjt.sp.jedit.Buffer, org.gjt.sp.jedit.View);org.gjt.sp.jedit.io.VFSManager;1;3;3;0.9459459459459459;1.0;11;167;120
org.gjt.sp.jedit.textarea.JEditTextArea.collapseFold();org.gjt.sp.jedit.buffer.JEditBuffer;0;0;0;0;0;0;0;0
org.gjt.sp.jedit.syntax.ParserRuleSet.resolveImports();org.gjt.sp.jedit.syntax.KeywordMap;0;0;0;0;0;0;0;0
org.gjt.sp.jedit.help.HelpTOCPanel.run();org.gjt.sp.jedit.help.HelpViewer;0;0;0;0;0;0;0;0
org.gjt.sp.jedit.browser.VFSBrowser.reloadDirectory();org.gjt.sp.jedit.browser.BrowserView;1;1;3;0.9833333333333333;0.9761904761904762;4;675;404
org.gjt.sp.jedit.gui.IOProgressMonitor.actionPerformed(java.awt.event.ActionEvent);org.gjt.sp.jedit.io.VFSManager;0;2;4;0.9;1.0;8;92;120
org.gjt.sp.jedit.menu.RecentDirectoriesProvider.update(javax.swing.JMenu);org.gjt.sp.jedit.gui.StatusBar;0;0;0;0;0;0;0;0
org.objectweb.asm.CodeWriter.visitLocalVariable(int, java.lang.String, java.lang.String, org.objectweb.asm.Label, org.objectweb.asm.Label);org.objectweb.asm.ByteVector;0;0;0;0;0;0;0;0
org.gjt.sp.jedit.textarea.ExtensionManager.paintScreenLineRange(int, int, int, int, java.awt.Graphics2D, org.gjt.sp.jedit.textarea.JEditTextArea);org.gjt.sp.jedit.textarea.JEditTextArea;0;0;0;0;0;0;0;0
installer.TarOutputStream.setBufferDebug(boolean);installer.TarBuffer;0;0;0;0;0;0;0;0
org.gjt.sp.jedit.textarea.DisplayManager.setFirstPhysicalLine(int, int);org.gjt.sp.jedit.textarea.JEditTextArea;0;0;0;0;0;0;0;0
bsh.Name.resolveThisFieldReference(boolean, bsh.CallStack, bsh.Interpreter, bsh.NameSpace, java.lang.String);bsh.CallStack;1;3;2;0.8846153846153846;0.9523809523809523;39;291;42
bsh.BSHAmbiguousName.toObject(boolean, bsh.CallStack, bsh.Interpreter);bsh.Name;0;0;0;0;0;0;0;0
org.objectweb.asm.ClassWriter.toByteArray();org.objectweb.asm.CodeWriter;0;0;0;0;0;0;0;0
org.gjt.sp.jedit.syntax.TokenMarker.handleRule(boolean, org.gjt.sp.jedit.syntax.ParserRule);gnu.regexp.RE;0;0;0;0;0;0;0;0
org.gjt.sp.jedit.PluginJAR.loadCache(org.gjt.sp.jedit.PluginJAR.PluginCacheEntry);org.gjt.sp.jedit.ServiceManager;0;0;0;0;0;0;0;0
org.gjt.sp.jedit.options.WindowTableModel.sort();org.gjt.sp.jedit.MiscUtilities;0;1;1;0.9333333333333333;1.0;4;84;491
org.gjt.sp.jedit.textarea.TextAreaTransferHandler.importFile(java.awt.datatransfer.Transferable, javax.swing.JComponent);org.gjt.sp.jedit.GUIUtilities;0;0;0;0;0;0;0;0
org.gjt.sp.jedit.Macros.runMacro(boolean, org.gjt.sp.jedit.Macros.Macro, org.gjt.sp.jedit.View);org.gjt.sp.jedit.BeanShell;0;0;0;0;0;0;0;0
org.gjt.sp.jedit.gui.BufferOptions.actionPerformed(java.awt.event.ActionEvent);org.gjt.sp.jedit.Mode;2;13;2;0.5357142857142857;0.9310344827586207;16;208;85
org.gjt.sp.jedit.search.HyperSearchResults.visitBuffers(org.gjt.sp.jedit.Buffer, org.gjt.sp.jedit.search.HyperSearchResults.ResultVisitor);org.gjt.sp.jedit.Buffer;0;0;0;0;0;0;0;0
org.gjt.sp.jedit.gui.ToolBarManager.addToolBar(int, int, java.awt.Component);org.gjt.sp.jedit.View;0;5;1;0.5;1.0;6;66;530
org.gjt.sp.jedit.gui.PanelWindowContainer.show(org.gjt.sp.jedit.gui.DockableWindowManager.Entry);org.gjt.sp.jedit.gui.DockableWindowFactory;0;0;0;0;0;0;0;0
org.gjt.sp.jedit.View.loadToolBars();org.gjt.sp.jedit.search.SearchBar;0;0;0;0;0;0;0;0
org.gjt.sp.jedit.buffer.JEditBuffer.fireBufferLoaded();org.gjt.sp.util.Log;0;0;0;0;0;0;0;0
bsh.BSHPrimarySuffix.doProperty(boolean, bsh.CallStack, bsh.Interpreter, java.lang.Object);bsh.Reflect;0;0;0;0;0;0;0;0
org.gjt.sp.jedit.Buffer.addMarker(char, int);org.gjt.sp.jedit.EditBus;0;3;4;0.9794520547945206;1.0;28;1466;72
org.gjt.sp.jedit.Buffer.removeAllMarkers();org.gjt.sp.jedit.Marker;1;3;4;0.9788732394366197;0.9166666666666666;6;1466;26
org.gjt.sp.jedit.pluginmgr.ManagePanel.getValueAt(int, int);org.gjt.sp.jedit.MiscUtilities;0;0;0;0;0;0;0;0
org.gjt.sp.jedit.io.VFS.insert(java.lang.String, org.gjt.sp.jedit.Buffer, org.gjt.sp.jedit.View);org.gjt.sp.jedit.io.VFSManager;1;3;2;0.9411764705882353;1.0;10;167;120
org.gjt.sp.jedit.View.handleEditPaneUpdate(org.gjt.sp.jedit.msg.EditPaneUpdate);org.gjt.sp.jedit.msg.EditPaneUpdate;2;0;3;1.0;0.6666666666666667;7;530;14
org.gjt.sp.jedit.textarea.TextAreaTransferHandler.importData(java.awt.datatransfer.Transferable, javax.swing.JComponent);org.gjt.sp.jedit.GUIUtilities;0;0;0;0;0;0;0;0
org.gjt.sp.jedit.search.SearchDialog.load();org.gjt.sp.jedit.search.SearchAndReplace;0;0;0;0;0;0;0;0
org.gjt.sp.jedit.gui.OptionsDialog.addOptionPane(org.gjt.sp.jedit.OptionPane);org.gjt.sp.jedit.OptionGroup;0;0;0;0;0;0;0;0
org.gjt.sp.jedit.textarea.BufferHandler.transactionComplete(org.gjt.sp.jedit.buffer.JEditBuffer);org.gjt.sp.jedit.Debug;0;0;0;0;0;0;0;0
macos.menu.ShowRecentMenu.construct();org.gjt.sp.jedit.jEdit;0;0;0;0;0;0;0;0
installer.TarEntry.setModTime(java.util.Date);installer.TarHeader;0;0;0;0;0;0;0;0
org.gjt.sp.jedit.textarea.JEditTextArea.propertiesChanged();org.gjt.sp.jedit.textarea.ChunkCache;1;9;3;0.9681978798586572;0.9811320754716981;37;2931;425
org.gjt.sp.jedit.gui.GrabKeyDialog.processKeyEvent(java.awt.event.KeyEvent);org.gjt.sp.jedit.gui.KeyEventWorkaround;0;2;3;0.9583333333333334;1.0;51;236;88
org.objectweb.asm.Item.set(float);org.objectweb.asm.ClassWriter;0;0;0;0;0;0;0;0
org.gjt.sp.jedit.io.VFS.compare(java.lang.Object, java.lang.Object);org.gjt.sp.jedit.io.VFSFile;0;0;0;0;0;0;0;0
org.gjt.sp.jedit.options.BrowserColorsOptionPane._save();org.gjt.sp.jedit.options.BrowserColorsModel;1;0;1;1.0;0.9285714285714286;3;62;94
org.gjt.sp.jedit.textarea.DisplayManager.getScrollLineCount();org.gjt.sp.jedit.textarea.Anchor;0;0;0;0;0;0;0;0
bsh.BSHClassDeclaration.eval(bsh.CallStack, bsh.Interpreter);bsh.ClassGenerator;0;0;0;0;0;0;0;0
org.gjt.sp.jedit.textarea.JEditTextArea.selectFold(int);org.gjt.sp.jedit.buffer.JEditBuffer;0;0;0;0;0;0;0;0
macos.script.AppleScriptHandler.createMacro(java.lang.String, java.lang.String);org.gjt.sp.jedit.Macros;0;0;0;0;0;0;0;0
org.gjt.sp.jedit.buffer.BufferInsertRequest.run();org.gjt.sp.jedit.View;0;0;0;0;0;0;0;0
org.gjt.sp.jedit.textarea.JEditTextArea.getLineText(int, javax.swing.text.Segment);org.gjt.sp.jedit.buffer.JEditBuffer;0;0;0;0;0;0;0;0
org.gjt.sp.jedit.browser.BrowserCommandsMenu.actionPerformed(java.awt.event.ActionEvent);org.gjt.sp.jedit.browser.VFSBrowser;11;1;7;0.9705882352941176;0.8552631578947368;49;140;675
org.gjt.sp.jedit.View.unsplit();org.gjt.sp.jedit.EditPane;2;4;1;0.9322033898305084;0.9166666666666666;21;530;245
org.gjt.sp.jedit.Buffer.autosave();org.gjt.sp.jedit.buffer.JEditBuffer;0;0;0;0;0;0;0;0
bsh.BSHMethodInvocation.eval(bsh.CallStack, bsh.Interpreter);bsh.Primitive;0;0;0;0;0;0;0;0
bsh.BSHTypedVariableDeclaration.evalType(bsh.CallStack, bsh.Interpreter);bsh.BSHType;0;0;0;0;0;0;0;0
org.gjt.sp.jedit.Buffer.insertFile(java.lang.String, org.gjt.sp.jedit.View);org.gjt.sp.jedit.jEdit;0;8;8;0.9513888888888888;1.0;30;1466;1507
org.gjt.sp.jedit.options.ToolBarEditDialog.getSelection();org.gjt.sp.jedit.options.ToolBarOptionPane;4;8;1;0.6923076923076923;0.875;27;156;149
org.gjt.sp.jedit.menu.EnhancedCheckBoxMenuItem.mouseReleased(java.awt.event.MouseEvent);org.gjt.sp.jedit.gui.StatusBar;0;0;0;0;0;0;0;0
org.gjt.sp.util.ReadWriteLock.writeLock();org.gjt.sp.util.Log;0;5;1;0.7058823529411764;1.0;25;73;143
org.gjt.sp.jedit.textarea.FirstLine.scrollDown(int);org.gjt.sp.jedit.Debug;0;0;0;0;0;0;0;0
org.gjt.sp.jedit.help.HelpTOCPanel.load();org.gjt.sp.jedit.jEdit;0;0;0;0;0;0;0;0
org.gjt.sp.jedit.gui.OptionsDialog.init(java.lang.String, java.lang.String);org.gjt.sp.jedit.OptionGroup;0;0;0;0;0;0;0;0
org.gjt.sp.jedit.browser.VFSDirectoryEntryTable.doTypeSelect(boolean, int, int, java.lang.String);org.gjt.sp.jedit.io.VFSFile;0;0;0;0;0;0;0;0
org.gjt.sp.jedit.browser.BrowserView.loadDirectory(boolean, java.lang.Object, java.lang.String);org.gjt.sp.jedit.MiscUtilities;0;0;0;0;0;0;0;0
org.gjt.sp.jedit.gui.InputHandler.userInput(char);org.gjt.sp.jedit.textarea.JEditTextArea;1;6;5;0.76;0.9965156794425087;25;141;2931
org.gjt.sp.jedit.options.EditingOptionPane._save();org.gjt.sp.jedit.jEdit;1;12;1;0.33333333333333337;1.0;14;66;1507
bsh.BSHType.getType(bsh.CallStack, bsh.Interpreter);bsh.Interpreter;0;0;0;0;0;0;0;0
macos.Delegate.doAction();macos.MacOSActions;0;0;0;0;0;0;0;0
org.gjt.sp.jedit.buffer.JEditBuffer.readUnlock();org.gjt.sp.util.ReadWriteLock;0;0;0;0;0;0;0;0
org.gjt.sp.jedit.buffer.KillRing.changed(org.gjt.sp.jedit.buffer.UndoManager.Remove);org.gjt.sp.jedit.buffer.UndoManager;0;0;0;0;0;0;0;0
bsh.BSHAllocationExpression.constructObject(bsh.CallStack, java.lang.Class, java.lang.Object[]);bsh.ClassGenerator;0;0;0;0;0;0;0;0
org.gjt.sp.jedit.syntax.TokenMarker.markKeyword(boolean);org.gjt.sp.jedit.syntax.Token;0;0;0;0;0;0;0;0
org.gjt.sp.jedit.textarea.JEditTextArea.goToParentFold();org.gjt.sp.jedit.buffer.JEditBuffer;0;0;0;0;0;0;0;0
org.gjt.sp.jedit.PluginJAR.checkDependencies();org.gjt.sp.jedit.MiscUtilities;0;0;0;0;0;0;0;0
org.gjt.sp.jedit.textarea.DisplayManager.foldHandlerChanged();org.gjt.sp.jedit.buffer.JEditBuffer;0;0;0;0;0;0;0;0
org.gjt.sp.jedit.options.PrintOptionPane._init();org.gjt.sp.jedit.jEdit;0;5;2;0.5833333333333333;1.0;21;31;1507
gnu.regexp.RETokenPOSIX.match(gnu.regexp.CharIndexed, gnu.regexp.REMatch);gnu.regexp.REToken;1;3;2;0.8333333333333334;0.9473684210526316;49;68;30
org.gjt.sp.jedit.textarea.BufferHandler.delayUpdate(int, int);org.gjt.sp.jedit.textarea.ChunkCache;0;0;0;0;0;0;0;0
org.gjt.sp.jedit.View.handleEditPaneUpdate(org.gjt.sp.jedit.msg.EditPaneUpdate);org.gjt.sp.jedit.gui.StatusBar;3;0;3;1.0;0.9090909090909091;7;530;281
QuickNotepad.copyToBuffer();org.gjt.sp.jedit.EditPane;0;0;4;1.0;1.0;4;115;245
org.gjt.sp.jedit.gui.DockablePanel.setBounds(int, int, int, int);org.gjt.sp.jedit.gui.PanelWindowContainer;0;0;0;0;0;0;0;0
org.gjt.sp.jedit.menu.EnhancedCheckBoxMenuItem.mouseEntered(java.awt.event.MouseEvent);org.gjt.sp.jedit.gui.StatusBar;0;0;0;0;0;0;0;0
org.gjt.sp.jedit.browser.BrowserIORequest.rename();org.gjt.sp.util.Log;0;0;0;0;0;0;0;0
org.gjt.sp.jedit.browser.VFSFileNameField.doComplete(java.lang.String);org.gjt.sp.jedit.browser.VFSBrowser;0;0;0;0;0;0;0;0
org.gjt.sp.jedit.menu.EnhancedCheckBoxMenuItem.getPreferredSize();org.gjt.sp.jedit.menu.EnhancedMenuItem;0;0;0;0;0;0;0;0
org.gjt.sp.jedit.pluginmgr.Roster.download(java.lang.String, java.lang.String, org.gjt.sp.jedit.pluginmgr.PluginManagerProgress);org.gjt.sp.jedit.GUIUtilities;0;0;0;0;0;0;0;0
org.objectweb.asm.CodeWriter.visitTypeInsn(int, java.lang.String);org.objectweb.asm.ClassWriter;0;0;0;0;0;0;0;0
org.gjt.sp.jedit.Autosave.actionPerformed(java.awt.event.ActionEvent);org.gjt.sp.util.Log;0;0;0;0;0;0;0;0
org.gjt.sp.jedit.browser.VFSFileNameField.doComplete(java.lang.String);org.gjt.sp.jedit.browser.BrowserView;0;0;0;0;0;0;0;0
org.gjt.sp.jedit.textarea.MouseActions.getActionForEvent(java.awt.event.MouseEvent, java.lang.String);org.gjt.sp.jedit.gui.DefaultInputHandler;0;0;0;0;0;0;0;0
org.gjt.sp.jedit.buffer.JEditBuffer.firePreContentRemoved(int, int, int, int);org.gjt.sp.util.Log;0;0;0;0;0;0;0;0
org.gjt.sp.jedit.gui.IOProgressMonitor.addNotify();org.gjt.sp.util.WorkThreadPool;0;0;0;0;0;0;0;0
org.gjt.sp.jedit.options.MouseOptionPane._init();org.gjt.sp.jedit.jEdit;0;0;0;0;0;0;0;0
org.gjt.sp.jedit.textarea.BufferHandler.delayUpdate(int, int);org.gjt.sp.jedit.textarea.FastRepaintManager;0;0;0;0;0;0;0;0
org.gjt.sp.jedit.Buffer.getMarkerStatusPrompt(java.lang.String);org.gjt.sp.jedit.jEdit;0;0;0;0;0;0;0;0
bsh.ParserTokenManager.jjFillToken();bsh.JavaCharStream;0;0;0;0;0;0;0;0
macos.script.AppleScriptHandler.runMacro(org.gjt.sp.jedit.Macros.Macro, org.gjt.sp.jedit.View);macos.MacOSActions;0;0;0;0;0;0;0;0
org.gjt.sp.jedit.textarea.JEditTextArea.goToNextFold(boolean);org.gjt.sp.jedit.textarea.ChunkCache;0;0;0;0;0;0;0;0
org.gjt.sp.jedit.textarea.JEditTextArea.getLineText(int);org.gjt.sp.jedit.buffer.JEditBuffer;0;0;0;0;0;0;0;0
org.gjt.sp.jedit.EditServer.run();org.gjt.sp.util.Log;0;0;0;0;0;0;0;0
org.gjt.sp.jedit.PluginJAR.write(java.io.DataOutputStream);org.gjt.sp.jedit.ServiceManager;0;0;0;0;0;0;0;0
bsh.Interpreter.setClassLoader(java.lang.ClassLoader);bsh.BshClassManager;0;0;1;1.0;1.0;3;440;60
org.gjt.sp.jedit.EditPane.goToNextMarker(boolean);org.gjt.sp.jedit.Marker;0;0;0;0;0;0;0;0
org.gjt.sp.jedit.syntax.TokenMarker.markKeyword(boolean);org.gjt.sp.jedit.syntax.ParserRuleSet;0;0;0;0;0;0;0;0
org.gjt.sp.jedit.buffer.JEditBuffer.insideCompoundEdit();org.gjt.sp.jedit.buffer.UndoManager;0;0;0;0;0;0;0;0
org.gjt.sp.jedit.search.SearchDialog.load();org.gjt.sp.jedit.Buffer;0;0;0;0;0;0;0;0
org.gjt.sp.jedit.syntax.TokenMarker.handleRule(boolean, org.gjt.sp.jedit.syntax.ParserRule);org.gjt.sp.jedit.syntax.ParserRule;0;0;0;0;0;0;0;0
org.gjt.sp.jedit.textarea.JEditTextArea.recalculateVisibleLines();org.gjt.sp.jedit.textarea.TextAreaPainter;1;2;2;0.9927272727272727;0.9838709677419355;8;2931;363
org.gjt.sp.jedit.browser.VFSBrowser.filesActivated(boolean, int);org.gjt.sp.jedit.io.VFSFile;0;0;0;0;0;0;0;0
gnu.regexp.RETokenPOSIX.match(gnu.regexp.CharIndexed, gnu.regexp.REMatch);gnu.regexp.REMatch;1;3;2;0.8333333333333334;0.9696969696969697;49;68;95
org.gjt.sp.jedit.buffer.BufferSaveRequest.run();org.gjt.sp.jedit.buffer.BufferIORequest;0;0;0;0;0;0;0;0
org.gjt.sp.jedit.io.FileVFS.getLength();org.gjt.sp.jedit.io.VFSFile;0;0;0;0;0;0;0;0
org.gjt.sp.jedit.gui.SelectLineRange.ok();org.gjt.sp.jedit.buffer.JEditBuffer;0;0;0;0;0;0;0;0
gnu.regexp.RE.substituteAllImpl(gnu.regexp.CharIndexed, int, int, java.lang.String);gnu.regexp.REMatch;3;1;1;0.9772727272727273;0.8888888888888888;18;609;95
bsh.EvalError.getScriptStackTrace();bsh.CallStack;0;0;0;0;0;0;0;0
org.gjt.sp.jedit.buffer.JEditBuffer.setFoldHandler(org.gjt.sp.jedit.buffer.FoldHandler);org.gjt.sp.jedit.buffer.FoldHandler;0;0;0;0;0;0;0;0
org.gjt.sp.jedit.buffer.KillRing.load();com.microstar.xml.XmlParser;0;0;0;0;0;0;0;0
org.gjt.sp.jedit.textarea.JEditTextArea.offsetToXY(int, int, java.awt.Point);org.gjt.sp.jedit.textarea.ChunkCache;6;4;2;0.9858657243816255;0.8863636363636364;17;2931;425
org.gjt.sp.jedit.search.SearchDialog.synchronizeMultiFileSettings();org.gjt.sp.jedit.MiscUtilities;0;0;0;0;0;0;0;0
org.gjt.sp.jedit.browser.BrowserCommandsMenu.createPluginMenu(org.gjt.sp.jedit.browser.VFSBrowser);org.gjt.sp.jedit.browser.VFSBrowser;0;0;0;0;0;0;0;0
org.gjt.sp.jedit.options.BrowserColorsOptionPane.mouseClicked(java.awt.event.MouseEvent);org.gjt.sp.jedit.jEdit;0;1;2;0.9333333333333333;1.0;8;62;1507
org.objectweb.asm.CodeWriter.visitVarInsn(int, int);org.objectweb.asm.Label;0;0;0;0;0;0;0;0
org.gjt.sp.jedit.textarea.Anchor.preContentRemoved(int, int);org.gjt.sp.jedit.textarea.ScreenLineManager;0;0;0;0;0;0;0;0
org.gjt.sp.jedit.pluginmgr.Roster.runInWorkThread(org.gjt.sp.jedit.pluginmgr.PluginManagerProgress);org.gjt.sp.jedit.MiscUtilities;0;0;0;0;0;0;0;0
bsh.BlockNameSpace.setMethod(bsh.BshMethod, java.lang.String);bsh.NameSpace;0;0;0;0;0;0;0;0
org.gjt.sp.jedit.options.AbbrevsOptionPane._save();org.gjt.sp.jedit.Abbrevs;0;3;2;0.8695652173913043;1.0;12;140;263
org.gjt.sp.jedit.textarea.JEditTextArea.setSelection(org.gjt.sp.jedit.textarea.Selection);org.gjt.sp.jedit.textarea.SelectionManager;0;0;0;0;0;0;0;0
org.gjt.sp.util.WorkRequest.setAbortable(boolean);org.gjt.sp.util.WorkThread;1;0;1;1.0;0.9375;4;16;97
org.gjt.sp.jedit.textarea.DisplayManager.getScreenLineCount(int);org.gjt.sp.jedit.textarea.ScreenLineManager;0;0;0;0;0;0;0;0
bsh.Name.invokeLocalMethod(bsh.CallStack, bsh.Interpreter, bsh.SimpleNode, java.lang.Object[]);bsh.UtilEvalError;0;0;0;0;0;0;0;0
bsh.NameSpace.getMethod(boolean, java.lang.Class[], java.lang.String);bsh.Reflect;0;0;0;0;0;0;0;0
bsh.Parser.SynchronizedStatement();bsh.JJTParserState;0;0;0;0;0;0;0;0
org.gjt.sp.jedit.EditPane.setBuffer(org.gjt.sp.jedit.Buffer);org.gjt.sp.jedit.textarea.JEditTextArea;1;5;6;0.8076923076923077;0.9965034965034965;32;245;2931
org.gjt.sp.jedit.textarea.JEditTextArea.joinLines();org.gjt.sp.jedit.MiscUtilities;0;4;2;0.9855072463768116;1.0;10;2931;491
org.gjt.sp.jedit.gui.EnhancedButton.mouseExited(java.awt.event.MouseEvent);org.gjt.sp.jedit.gui.StatusBar;1;0;3;1.0;0.96875;3;26;281
org.gjt.sp.jedit.textarea.JEditTextArea.collapseFold();org.gjt.sp.jedit.textarea.ChunkCache;0;0;0;0;0;0;0;0
org.gjt.sp.jedit.textarea.JEditTextArea.selectToMatchingBracket(boolean, int);org.gjt.sp.jedit.TextUtilities;0;0;0;0;0;0;0;0
org.gjt.sp.jedit.gui.InputHandler.invokeReadNextChar(char);org.gjt.sp.jedit.gui.StatusBar;1;2;6;0.92;0.9767441860465116;22;141;281
org.gjt.sp.jedit.buffer.JEditBuffer.contentInserted(int, int, org.gjt.sp.util.IntegerArray);org.gjt.sp.jedit.buffer.PositionManager;0;0;0;0;0;0;0;0
org.gjt.sp.jedit.textarea.JEditTextArea.invalidateLine(int);org.gjt.sp.jedit.textarea.ChunkCache;5;5;2;0.9819494584837545;0.8717948717948718;22;2931;425
bsh.BSHUnaryExpression.eval(bsh.CallStack, bsh.Interpreter);bsh.SimpleNode;2;3;2;0.8;0.9130434782608696;5;42;79
bsh.ClassGeneratorUtil.generateClass();bsh.DelayedEvalBshMethod;0;0;0;0;0;0;0;0
QuickNotepad.propertiesChanged();org.gjt.sp.jedit.MiscUtilities;0;0;0;0;0;0;0;0
org.gjt.sp.jedit.EBPlugin.handleMessage(org.gjt.sp.jedit.EBMessage);org.gjt.sp.jedit.EditBus;0;0;0;0;0;0;0;0
org.gjt.sp.jedit.SettingsReloader.maybeReload(java.lang.String);org.gjt.sp.jedit.jEdit;0;0;3;1.0;1.0;18;24;1507
org.gjt.sp.jedit.syntax.DisplayTokenHandler.merge(javax.swing.text.Segment, org.gjt.sp.jedit.syntax.Chunk);org.gjt.sp.jedit.syntax.Chunk;0;0;0;0;0;0;0;0
org.gjt.sp.jedit.pluginmgr.PluginList.install(boolean, java.lang.String, org.gjt.sp.jedit.pluginmgr.Roster);org.gjt.sp.jedit.MiscUtilities;0;6;2;0.8717948717948718;1.0;10;145;491
org.gjt.sp.jedit.browser.BrowserCommandsMenu.actionPerformed(java.awt.event.ActionEvent);org.gjt.sp.jedit.GUIUtilities;1;1;7;0.9705882352941176;1.0;49;140;395
org.gjt.sp.jedit.options.ShortcutsOptionPane.initModels();org.gjt.sp.util.Log;0;0;0;0;0;0;0;0
org.gjt.sp.jedit.textarea.Gutter.updateBorder();org.gjt.sp.jedit.EditPane;0;4;2;0.92;1.0;10;362;245
org.gjt.sp.jedit.pluginmgr.ManagePanel.getValueAt(int, int);org.gjt.sp.jedit.jEdit;0;0;0;0;0;0;0;0
org.gjt.sp.jedit.buffer.IndentFoldHandler.getFoldLevel(int, javax.swing.text.Segment, org.gjt.sp.jedit.buffer.JEditBuffer);org.gjt.sp.jedit.buffer.JEditBuffer;0;0;0;0;0;0;0;0
org.gjt.sp.jedit.options.PluginOptions.createOptionTreeModel();org.gjt.sp.jedit.jEdit;0;0;0;0;0;0;0;0
org.gjt.sp.jedit.View.nextTextArea();org.gjt.sp.jedit.EditPane;1;1;1;0.9811320754716981;0.9375;10;530;245
org.objectweb.asm.CodeWriter.put(org.objectweb.asm.ByteVector);org.objectweb.asm.ByteVector;0;0;0;0;0;0;0;0
bsh.BSHTryStatement.eval(bsh.CallStack, bsh.Interpreter);bsh.BlockNameSpace;0;0;0;0;0;0;0;0
org.gjt.sp.jedit.gui.InputHandler.invokeAction(org.gjt.sp.jedit.EditAction);org.gjt.sp.jedit.GUIUtilities;1;5;6;0.8333333333333334;1.0;40;141;395
org.gjt.sp.jedit.textarea.TextAreaTransferHandler.run();org.gjt.sp.jedit.jEdit;0;0;0;0;0;0;0;0
org.gjt.sp.jedit.PluginJAR.checkDependencies();org.gjt.sp.util.Log;0;0;0;0;0;0;0;0
gnu.regexp.RE.chain(gnu.regexp.REToken);gnu.regexp.REToken;1;1;1;0.9714285714285714;0.8333333333333334;5;609;30
org.gjt.sp.jedit.io.FavoritesVFS._delete(java.awt.Component, java.lang.Object, java.lang.String);org.gjt.sp.jedit.io.VFSManager;1;0;1;1.0;1.0;8;65;120
bsh.Parser.jj_consume_token(int);bsh.ParserTokenManager;1;8;2;0.9812646370023419;0.9838709677419355;23;6765;1621
org.gjt.sp.jedit.textarea.TextAreaPainter.paint(java.awt.Graphics);org.gjt.sp.jedit.textarea.FastRepaintManager;0;0;0;0;0;0;0;0
bsh.Parser.ReInit(java.io.Reader);bsh.ParserTokenManager;1;4;3;0.9906542056074766;0.9830508474576272;10;6765;1621
bsh.Parser.ReInit(bsh.ParserTokenManager);bsh.JJTParserState;1;4;1;0.9906103286384976;0.9473684210526316;9;6765;74
org.gjt.sp.jedit.View.unsplit();org.gjt.sp.jedit.PerspectiveManager;0;0;0;0;0;0;0;0
org.gjt.sp.jedit.textarea.TextAreaTransferHandler.importFile(java.awt.datatransfer.Transferable, javax.swing.JComponent);org.gjt.sp.util.Log;0;0;0;0;0;0;0;0
org.objectweb.asm.CodeWriter.visitFieldInsn(int, java.lang.String, java.lang.String, java.lang.String);org.objectweb.asm.ByteVector;0;0;0;0;0;0;0;0
org.gjt.sp.jedit.browser.VFSBrowser.createPopupMenu();org.gjt.sp.jedit.io.FavoritesVFS;0;0;0;0;0;0;0;0
org.gjt.sp.jedit.gui.ActionBar.invoke();org.gjt.sp.jedit.Macros;0;0;0;0;0;0;0;0
org.gjt.sp.jedit.Buffer.propertiesChanged();org.gjt.sp.jedit.msg.BufferUpdate;0;0;0;0;0;0;0;0
org.gjt.sp.jedit.menu.RecentDirectoriesProvider.mouseEntered(java.awt.event.MouseEvent);org.gjt.sp.jedit.View;0;0;0;0;0;0;0;0
org.gjt.sp.jedit.EditPane.setBuffer(org.gjt.sp.jedit.Buffer);org.gjt.sp.jedit.View;1;5;6;0.8076923076923077;0.9850746268656716;32;245;530
org.gjt.sp.jedit.View.getSplitConfig(java.lang.StringBuffer, javax.swing.JSplitPane);org.gjt.sp.jedit.MiscUtilities;0;0;0;0;0;0;0;0
org.objectweb.asm.ClassWriter.toByteArray();org.objectweb.asm.ByteVector;0;0;0;0;0;0;0;0
org.gjt.sp.jedit.gui.LogViewer.actionPerformed(java.awt.event.ActionEvent);org.gjt.sp.jedit.Registers;0;0;0;0;0;0;0;0
bsh.Parser.ArrayInitializer();bsh.JJTParserState;4;9;1;0.980349344978166;0.9444444444444444;89;6765;74
org.gjt.sp.jedit.gui.ActionBar.run();org.gjt.sp.jedit.View;0;0;0;0;0;0;0;0
org.gjt.sp.jedit.Buffer.removeAllMarkers();org.gjt.sp.jedit.jEdit;0;3;4;0.9788732394366197;1.0;6;1466;1507
gnu.regexp.RE.getMinMax(char[], gnu.regexp.IntPair, gnu.regexp.RESyntax, int);gnu.regexp.IntPair;2;1;4;1.0;0.8333333333333334;37;609;0
org.gjt.sp.jedit.browser.VFSBrowser.delete(org.gjt.sp.jedit.io.VFSFile[]);org.gjt.sp.jedit.MiscUtilities;0;0;0;0;0;0;0;0
bsh.Interpreter.eval(bsh.NameSpace, java.io.Reader, java.lang.String);bsh.TokenMgrError;1;6;8;0.9;0.9565217391304348;58;440;59
org.gjt.sp.jedit.textarea.TextAreaPainter.paint(java.awt.Graphics);org.gjt.sp.jedit.Debug;0;0;0;0;0;0;0;0
org.gjt.sp.jedit.View.run();org.gjt.sp.jedit.jEdit;0;0;0;0;0;0;0;0
bsh.Parser.UnaryExpression();bsh.JJTParserState;2;11;3;0.9758241758241758;0.962962962962963;70;6765;74
org.gjt.sp.jedit.search.HyperSearchResult.pathEquals(java.lang.String);org.gjt.sp.jedit.MiscUtilities;0;0;0;0;0;0;0;0
org.gjt.sp.jedit.ActionSet.load();com.microstar.xml.XmlException;0;0;0;0;0;0;0;0
org.gjt.sp.jedit.options.BrowserColorsOptionPane._init();org.gjt.sp.jedit.jEdit;0;4;1;0.8787878787878788;1.0;30;62;1507
org.gjt.sp.jedit.search.SearchDialog.save(boolean);org.gjt.sp.jedit.search.DirectoryListSet;0;0;0;0;0;0;0;0
org.gjt.sp.jedit.textarea.DisplayManager.setFirstPhysicalLine(int, int);org.gjt.sp.jedit.textarea.FirstLine;0;0;0;0;0;0;0;0
org.gjt.sp.jedit.indent.OpenBracketIndentRule.apply(int, int, int, java.util.List, org.gjt.sp.jedit.buffer.JEditBuffer);org.gjt.sp.jedit.buffer.JEditBuffer;0;0;0;0;0;0;0;0
