Class;LOC;NMD;NAD;LCOM5;DataClass;ATFD
org.apache.catalina.mbeans.ContextResourceMBean;76;3;0;0.0;0;0
org.apache.naming.ResourceEnvRef;21;3;1;0.0;0;1
org.apache.tomcat.util.bcel.classfile.ConstantFloat;0;0;0;0;0;0
org.apache.catalina.valves.ErrorReportValve;129;4;2;0.0;1;4
org.apache.tomcat.util.bcel.classfile.Field;0;0;0;0;0;0
org.apache.jasper.compiler.TldLocation;0;0;0;0;0;0
org.apache.catalina.realm.MemoryRuleSet;11;3;1;0.0;0;0
org.apache.catalina.tribes.transport.bio.util.SingleRemoveSynchronizedAddLock;88;15;7;0.785714308420817;0;0
org.apache.catalina.ha.session.SessionIDMessage;45;12;5;0.9090909090909091;0;0
org.apache.tomcat.util.bcel.classfile.AccessFlags;0;0;0;0;0;0
org.apache.catalina.deploy.FilterMap;174;11;22;0.85;0;0
org.apache.tomcat.util.bcel.classfile.ArrayElementValue;0;0;0;0;0;0
org.apache.tomcat.util.digester.GenericParser;16;1;3;0.0;0;0
org.apache.tomcat.util.digester.NodeCreateRule;112;6;2;0.8285714149475097;0;2
org.apache.tomcat.util.http.fileupload.DiskFileItemFactory;0;0;0;0;0;0
org.apache.tomcat.util.http.HttpMessages;42;2;5;0.0;0;0
org.apache.catalina.ha.ClusterMessageBase;20;7;3;0.8;0;0
org.apache.catalina.valves.CometConnectionManagerValve;146;11;6;0.7399999618530273;0;6
org.apache.catalina.startup.WebRuleSet;183;6;4;0.5833333333333334;0;4
org.apache.tomcat.util.modeler.modules.MbeansDescriptorsDigesterSource;77;7;7;0.9333333174387614;0;0
org.apache.tomcat.jni.FileInfo;0;0;17;0.0;0;0
org.apache.tomcat.util.modeler.NotificationInfo;36;6;3;0.5;0;2
org.apache.naming.NamingEntry;16;3;7;1.3333332538604736;0;0
org.apache.coyote.http11.Http11NioProcessor;954;49;38;0.9462174760534409;3;54
org.apache.tomcat.util.http.CookieSupport;0;0;0;0;0;0
org.apache.coyote.ajp.AjpAprProtocol;333;51;15;0.9502924199689898;2;4
org.apache.coyote.Constants;0;0;14;0.0;0;0
org.apache.catalina.loader.WebappLoader;548;46;19;0.9271317415459212;1;7
org.apache.naming.TransactionRef;21;3;1;0.0;0;1
org.apache.tomcat.util.http.ValuesEnumerator;26;4;5;0.800000011920929;0;0
org.apache.catalina.ha.session.ClusterManagerBase;23;4;0;0.0;0;1
org.apache.jasper.util.Enumerator;35;8;1;2.0;0;1
org.apache.catalina.filters.FilterBase;0;0;0;0;0;0
org.apache.tomcat.util.bcel.classfile.LineNumberTable;0;0;0;0;0;0
org.apache.catalina.manager.util.BaseSessionComparator;8;3;0;0.0;0;0
org.apache.catalina.tribes.group.interceptors.StaticMembershipInterceptor;61;9;2;0.625;0;2
org.apache.catalina.core.Constants;0;0;6;0.0;0;0
org.apache.catalina.ha.session.JvmRouteSessionIDBinderListener;54;7;3;0.9;0;2
org.apache.jasper.compiler.AntCompiler;274;3;3;0.9714285714285714;0;9
org.apache.catalina.valves.Constants;0;0;1;0.0;0;0
org.apache.catalina.tribes.group.interceptors.MessageDispatch15Interceptor;56;13;6;0.8589743100679837;0;2
org.apache.catalina.connector.CoyoteAdapter;505;12;8;0.8;3;16
org.apache.catalina.mbeans.NamingResourcesMBean;138;10;2;0.75;0;1
org.apache.tomcat.util.http.fileupload.DiskFileItem;0;0;0;0;0;0
org.apache.catalina.connector.CoyoteReader;102;13;4;0.6363636363636364;0;0
org.apache.tomcat.util.modeler.AttributeInfo;55;14;7;0.9230769230769231;0;1
org.apache.catalina.session.PersistentManagerBase;459;41;13;0.9471544405309166;0;10
org.apache.el.parser.AstNull;9;3;0;0.0;0;0
org.apache.jasper.compiler.Validator;1094;3;0;0.9081632653061225;1;2
org.apache.tomcat.jni.Mmap;0;4;2;0.0;0;0
org.apache.naming.factory.OpenEjbFactory;19;1;1;0.0;0;1
org.apache.jasper.el.JspMethodNotFoundException;3;1;0;0.0;0;0
org.apache.el.parser.AstDeferredExpression;15;5;0;0.0;0;1
org.apache.catalina.util.RequestUtil;183;13;1;0.0;0;0
org.apache.tomcat.util.bcel.classfile.LocalVariableTable;0;0;0;0;0;0
org.apache.tomcat.util.bcel.classfile.LocalVariable;0;0;0;0;0;0
org.apache.tomcat.util.bcel.classfile.RuntimeVisibleParameterAnnotations;0;0;0;0;0;0
org.apache.catalina.util.CharsetMapper;26;4;2;0.0;0;0
org.apache.catalina.ssi.SSIMediator;190;23;13;0.9312169211251395;1;1
org.apache.el.parser.AstPlus;8;2;0;0.0;0;1
org.apache.catalina.ant.jmx.JMXAccessorCondition;164;32;14;0.9429280680994834;0;0
org.apache.naming.ContextBindings;112;21;6;0.0;0;0
org.apache.el.parser.AstTrue;6;2;0;0.0;0;1
org.apache.jasper.JasperException;9;3;0;0.0;0;0
org.apache.catalina.startup.SetNextNamingRule;25;3;2;0.0;0;1
org.apache.catalina.ha.authenticator.SingleSignOnMessage;76;22;16;0.95;0;0
org.apache.el.parser.AstDiv;8;2;0;0.0;0;1
org.apache.jasper.compiler.TextOptimizer;46;1;0;0.9444444444444444;1;0
org.apache.jasper.runtime.ProtectedFunctionMapper;95;5;2;0.625;0;0
org.apache.catalina.startup.Tool;86;2;6;0.0;0;1
org.apache.jasper.tagplugins.jstl.core.When;17;1;0;0.0;0;0
org.apache.catalina.servlets.DefaultServlet;1003;37;18;0.9017543792724609;1;25
org.apache.tomcat.util.bcel.classfile.PMGClass;0;0;0;0;0;0
org.apache.tomcat.util.http.fileupload.IOUtils;0;0;0;0;0;0
org.apache.catalina.deploy.MessageDestinationRef;66;15;7;0.8775510106767926;0;0
org.apache.catalina.ha.session.DeltaRequest;238;18;15;0.890625;0;0
org.apache.catalina.core.ApplicationSessionCookieConfig;0;0;0;0;0;0
org.apache.jasper.compiler.ELNode;112;1;0;0.9659090836842855;0;0
org.apache.tomcat.util.buf.B2CConverter;39;6;7;0.8000000317891439;0;0
org.apache.catalina.mbeans.JmxRemoteLifecycleListener;120;10;13;0.8916666030883789;0;4
org.apache.catalina.startup.NamingRuleSet;31;3;1;0.0;0;0
org.apache.catalina.ssi.SSIFilter;63;3;6;0.5;1;1
org.apache.el.parser.AstDynamicExpression;15;5;0;0.0;0;1
org.apache.catalina.ssi.SSIConditionalState;0;0;3;0.0;0;0
org.apache.catalina.deploy.WebXml;0;0;0;0;0;0
org.apache.catalina.ha.backend.HeartbeatListener;81;14;10;0.9316238990196815;0;3
org.apache.catalina.valves.SemaphoreValve;91;17;9;0.875;0;2
org.apache.catalina.loader.Constants;0;0;1;0.0;0;0
org.apache.tomcat.util.buf.UDecoder;152;12;1;0.0;0;3
org.apache.jasper.compiler.JarURLResource;0;0;0;0;0;0
org.apache.tomcat.util.modeler.modules.MbeansDescriptorsIntrospectionSource;194;11;10;0.9399999618530274;0;1
org.apache.tomcat.util.log.SystemLogHandler;128;30;3;1.0;0;0
org.apache.catalina.startup.SetParentClassLoaderRule;8;2;1;0.0;0;1
org.apache.tomcat.util.net.SocketWrapper;0;0;0;0;0;0
org.apache.tomcat.util.net.AbstractEndpoint;0;0;0;0;0;0
org.apache.jasper.compiler.Fvisitor;7;1;2;0.0;0;2
org.apache.catalina.deploy.JspPropertyGroup;0;0;0;0;0;0
org.apache.juli.AsyncFileHandler;130;11;9;0.85;0;0
org.apache.jasper.runtime.HttpJspBase;25;10;0;0.0;0;0
org.apache.catalina.tribes.group.interceptors.OrderInterceptor;208;15;8;0.9538461303710938;0;1
org.apache.catalina.deploy.SecurityRoleRef;23;5;2;0.5;0;0
org.apache.coyote.http11.filters.BufferedInputFilter;49;8;6;0.7142857142857143;0;0
org.apache.tomcat.buildutil.Txt2Html;60;4;2;0.6666666666666666;0;0
org.apache.tomcat.util.net.SecureNioChannel;255;23;8;0.8035714285714286;0;14
org.apache.coyote.http11.filters.VoidOutputFilter;16;6;3;1.0;0;0
org.apache.catalina.ha.authenticator.ClusterSingleSignOnListener;82;7;2;0.4;0;7
org.apache.jasper.runtime.PerThreadTagHandlerPool;67;5;3;0.34999996423721313;1;2
org.apache.jasper.runtime.BodyContentImpl;249;37;6;0.7214285714285714;1;2
org.apache.catalina.core.ApplicationJspPropertyGroupDescriptor;0;0;0;0;0;0
org.apache.tomcat.util.bcel.classfile.ConstantClass;0;0;0;0;0;0
org.apache.catalina.util.XMLWriter;79;12;5;0.6111111111111112;0;0
org.apache.catalina.ssi.SSIFlastmod;31;2;0;0.0;1;1
org.apache.jasper.tagplugins.jstl.core.ForTokens;70;1;0;0.0;0;0
org.apache.catalina.util.Extension;112;19;8;0.8680555555555556;0;0
org.apache.tomcat.util.bcel.classfile.InnerClass;0;0;0;0;0;0
org.apache.tomcat.util.net.jsse.JSSEFactory;9;3;0;0.0;0;0
org.apache.jasper.EmbeddedServletOptions;350;33;28;0.9976958613241872;0;0
org.apache.catalina.util.IOTools;22;5;1;0.0;0;0
org.apache.jasper.xmlparser.ParserUtils;58;3;3;0.0;0;0
org.apache.juli.logging.DirectJDKLog;81;22;3;0.7;0;5
org.apache.catalina.ssi.SSIProcessor;202;10;6;0.9583333134651184;0;1
org.apache.catalina.startup.SetLoginConfig;8;2;1;0.0;0;0
org.apache.tomcat.jni.SSLSocket;0;6;0;0.0;0;0
org.apache.jasper.runtime.JspApplicationContextImpl;76;7;6;0.875;1;1
org.apache.jasper.tagplugins.jstl.core.Redirect;31;1;0;0.0;0;0
org.apache.tomcat.util.modeler.BaseModelMBean;312;32;9;0.91015625;0;8
org.apache.catalina.util.DateTool;20;0;11;0.0;1;0
org.apache.el.parser.AstNegative;44;3;0;0.0;0;1
org.apache.jasper.xmlparser.TreeNode;109;16;5;0.8923077216515174;0;0
org.apache.catalina.filters.AddDefaultCharsetFilter;24;3;0;0.0;0;0
org.apache.catalina.manager.StatusManagerServlet;160;4;6;0.46666661898295086;0;2
org.apache.tomcat.util.net.NioEndpoint;1409;115;64;0.9895993679930262;0;5
org.apache.catalina.loader.JdbcLeakPrevention;0;0;0;0;0;0
org.apache.catalina.core.ApplicationFilterRegistration;0;0;0;0;0;0
org.apache.catalina.authenticator.SavedRequest;67;20;9;0.9356725592362253;0;0
org.apache.catalina.ant.DeployTask;93;13;6;0.8333333333333334;0;0
org.apache.catalina.ha.tcp.SendMessageData;24;7;3;0.8;0;0
org.apache.naming.SelectorContext;146;34;6;0.967741935483871;0;0
org.apache.el.lang.ELArithmetic;208;17;5;0.0;0;7
org.apache.catalina.ha.jmx.ClusterJmxHelper;82;8;4;0.0;0;0
org.apache.el.ValueExpressionImpl;73;15;5;0.6999999682108561;0;0
org.apache.catalina.core.StandardPipeline;234;19;8;0.7083333134651184;0;6
org.apache.tomcat.util.http.fileupload.DeferredFileOutputStream;34;6;4;0.8125;0;0
org.apache.tomcat.util.http.NamesEnumerator;30;4;4;0.75;0;0
org.apache.catalina.ha.Constants;0;0;1;0.0;0;0
org.apache.tomcat.util.buf.ReadConvertor;17;4;0;0.0;0;0
org.apache.jasper.compiler.Collector;119;1;0;0.8333333333333334;1;0
org.apache.tomcat.util.bcel.classfile.RuntimeInvisibleParameterAnnotations;0;0;0;0;0;0
org.apache.tomcat.util.digester.FactoryCreateRule;114;15;5;0.6499999761581421;0;5
org.apache.catalina.deploy.NamingResources;342;41;12;0.8717948717948718;0;0
org.apache.catalina.deploy.ContextResourceEnvRef;19;3;1;0.0;0;0
org.apache.tomcat.util.buf.WriteConvertor;22;5;1;1.0;0;0
org.apache.tomcat.util.http.FastHttpDateFormat;85;6;8;0.0;0;0
org.apache.catalina.core.ApplicationJspConfigDescriptor;0;0;0;0;0;0
org.apache.tomcat.util.net.DefaultServerSocketFactory;16;6;0;0.0;0;0
org.apache.coyote.http11.filters.IdentityOutputFilter;50;8;5;0.6190475736345563;0;0
org.apache.catalina.deploy.FilterDef;51;15;7;0.9081632750374931;0;0
org.apache.el.parser.AstIdentifier;78;8;0;0.0;0;1
org.apache.catalina.mbeans.Constants;0;0;1;0.0;0;0
org.apache.jasper.compiler.JspUtil;618;37;6;1.0092592239379883;1;8
org.apache.catalina.realm.RealmBase;710;52;24;0.965384630056528;1;8
org.apache.catalina.tribes.group.AbsoluteOrder;52;2;1;0.0;0;0
org.apache.catalina.startup.ExpandWar;183;6;2;0.0;0;0
org.apache.catalina.core.ApplicationFilterChain;233;12;13;0.7454545281150124;1;6
org.apache.tomcat.util.modeler.OperationInfo;53;11;4;0.8888888888888888;0;6
org.apache.jasper.compiler.ErrorDispatcher;169;23;2;0.967391304347826;1;0
org.apache.el.parser.ELParserTokenManager;1035;36;25;0.8319558808297822;0;6
org.apache.catalina.tribes.io.DirectByteArrayOutputStream;15;5;1;0.0;0;0
org.apache.tomcat.util.bcel.util.ByteSequence;0;0;0;0;0;0
org.apache.tomcat.util.bcel.classfile.Attribute;0;0;0;0;0;0
org.apache.catalina.tribes.group.interceptors.SimpleCoordinator;58;10;2;0.7777777777777778;0;1
org.apache.tomcat.jni.SSL;0;14;118;0.0;0;0
org.apache.jasper.compiler.WebXml;0;0;0;0;0;0
org.apache.catalina.mbeans.ClassNameMBean;6;2;0;0.0;0;1
org.apache.jasper.compiler.ServletWriter;54;14;6;0.625;0;0
org.apache.catalina.deploy.ApplicationParameter;39;9;4;0.75;0;0
org.apache.catalina.authenticator.AuthenticatorBase;285;28;18;0.9230769230769231;1;7
org.apache.jasper.el.JspPropertyNotWritableException;3;1;0;0.0;0;0
org.apache.catalina.startup.WebAnnotationSet;125;6;0;0.0;0;2
org.apache.catalina.core.StandardWrapper;712;80;32;0.9667616624098557;1;17
org.apache.catalina.tribes.membership.Constants;4;1;1;0.0;0;1
org.apache.tomcat.util.bcel.classfile.ConstantInteger;0;0;0;0;0;0
org.apache.tomcat.jni.Sockaddr;0;0;6;0.0;0;0
org.apache.tomcat.util.bcel.classfile.AnnotationElementValue;0;0;0;0;0;0
org.apache.naming.factory.BeanFactory;112;1;0;0.0;1;1
org.apache.coyote.http11.Http11AprProtocol;534;110;26;0.9672413530020878;1;2
org.apache.naming.JndiPermission;6;2;0;0.0;0;0
org.apache.tomcat.jni.Local;0;5;0;0.0;0;0
org.apache.catalina.ha.deploy.WarWatcher;99;9;4;0.8974358485295222;0;0
org.apache.catalina.authenticator.SingleSignOn;187;21;8;0.8833333015441894;1;8
org.apache.juli.logging.LogFactory;50;15;6;0.6923076923076923;0;0
org.apache.tomcat.util.modeler.BaseNotificationBroadcaster;54;6;1;0.6;0;3
org.apache.coyote.http11.InternalOutputBuffer;270;29;14;0.8262107990406178;3;14
org.apache.tomcat.util.http.Parameters;390;27;21;0.9355555725097656;0;1
org.apache.catalina.tribes.membership.StaticMember;29;6;0;0.0;0;0
org.apache.tomcat.util.http.fileupload.Streams;0;0;0;0;0;0
org.apache.el.parser.AstChoice;12;3;0;0.0;0;1
org.apache.jasper.el.ELResolverImpl;89;8;2;0.8333333333333334;1;1
org.apache.catalina.core.AprLifecycleListener;108;9;13;0.0;0;6
org.apache.catalina.connector.RequestFacade;516;74;2;0.7671232876712328;1;1
org.apache.coyote.http11.Http11NioProtocol;643;120;26;0.9695090360419695;1;4
org.apache.naming.ServiceRef;71;7;9;0.5;0;1
org.apache.naming.ResourceRef;54;4;4;0.0;0;1
org.apache.tomcat.util.http.fileupload.FileDeleteStrategy;0;0;0;0;0;0
org.apache.tomcat.util.modeler.FixedNotificationFilter;15;3;2;1.0;0;0
org.apache.jasper.runtime.JspFactoryImpl;115;6;5;1.0512820349799261;1;1
org.apache.tomcat.util.buf.MessageBytes;385;36;16;0.7326203514547909;0;1
org.apache.tomcat.util.bcel.classfile.StackMapTable;0;0;0;0;0;0
org.apache.naming.resources.Constants;0;0;3;0.0;0;0
org.apache.catalina.mbeans.GlobalResourcesLifecycleListener;103;5;3;1.0;0;2
org.apache.catalina.loader.WebappClassLoader;1206;54;30;0.9423076923076923;2;10
org.apache.catalina.connector.CometEventImpl;54;11;5;0.75;0;1
org.apache.tomcat.util.bcel.classfile.AnnotationEntry;0;0;0;0;0;0
org.apache.catalina.ant.jmx.JMXAccessorInvokeTask;55;8;3;0.5714285714285714;0;1
org.apache.jasper.el.ExpressionEvaluatorImpl;19;3;1;1.0;0;0
org.apache.catalina.tribes.membership.MemberImpl;300;46;19;0.9249084109351748;0;1
org.apache.tomcat.util.digester.ParserFeatureSetterFactory;8;1;1;0.0;0;0
org.apache.tomcat.util.bcel.classfile.ConstantNameAndType;0;0;0;0;0;0
org.apache.tomcat.util.net.SSLImplementation;26;5;3;0.0;0;0
org.apache.tomcat.util.res.StringManager;36;4;3;1.0;0;0
org.apache.tomcat.util.http.mapper.MappingData;11;1;9;0.0;1;0
org.apache.tomcat.jni.Global;0;6;0;0.0;0;0
org.apache.catalina.session.ManagerBase;516;72;31;0.9629629982842339;1;1
org.apache.catalina.filters.RequestFilter;0;0;0;0;0;0
org.apache.catalina.startup.XmlErrorHandler;0;0;0;0;0;0
org.apache.tomcat.util.bcel.classfile.Unknown;0;0;0;0;0;0
org.apache.jasper.compiler.ELParser;231;16;8;0.9312499761581421;0;0
org.apache.catalina.tribes.Constants;0;0;1;0.0;0;0
org.apache.catalina.ha.backend.MultiCastSender;36;2;4;0.6666666269302368;0;0
org.apache.catalina.startup.Bootstrap;240;19;8;0.875;0;5
org.apache.tomcat.util.bcel.classfile.StackMapEntry;0;0;0;0;0;0
org.apache.catalina.tribes.group.GroupChannel;314;31;8;0.9428571428571428;0;6
org.apache.catalina.startup.Tomcat;265;28;14;0.9588744423606179;0;4
org.apache.jasper.runtime.JspRuntimeLibrary;638;44;2;1.0;1;9
org.apache.naming.factory.Constants;0;0;12;0.0;0;0
org.apache.catalina.mbeans.ConnectorMBean;34;3;0;0.0;0;0
org.apache.catalina.tribes.util.UUIDGenerator;26;3;6;0.0;0;0
org.apache.catalina.startup.SetContextPropertiesRule;15;1;0;0.0;0;1
org.apache.tomcat.util.bcel.classfile.ConstantString;0;0;0;0;0;0
org.apache.catalina.tribes.group.interceptors.TcpFailureDetector;227;25;10;0.8854166666666666;0;3
org.apache.tomcat.util.digester.AbstractRulesImpl;21;9;2;0.5;0;0
org.apache.naming.resources.DirContextURLConnection;184;14;7;0.8571428457895914;0;5
org.apache.catalina.deploy.ContextHandler;63;13;4;0.7708333333333334;0;0
org.apache.tomcat.jni.Status;159;54;59;0.0;0;0
org.apache.tomcat.util.modeler.ConstructorInfo;8;2;1;0.0;0;1
org.apache.tomcat.jni.Procattr;0;13;0;0.0;0;0
org.apache.jasper.compiler.Compiler;284;15;8;0.7884615384615384;1;0
org.apache.catalina.deploy.ResourceBase;43;14;6;0.8974358485295222;0;0
org.apache.naming.resources.WARDirContext;248;34;3;0.918918918918919;0;5
org.apache.catalina.core.DefaultInstanceManager;331;15;9;0.9920635223388672;1;1
org.apache.tomcat.util.threads.TaskQueue;27;7;1;0.0;0;0
org.apache.catalina.util.Enumerator;35;8;1;2.0;0;1
org.apache.catalina.startup.VersionRule;0;0;0;0;0;0
org.apache.tomcat.util.http.fileupload.LimitedInputStream;0;0;0;0;0;0
org.apache.catalina.tribes.io.ReplicationStream;74;7;1;0.6;0;1
org.apache.catalina.ha.session.StandardSessionContext;6;2;1;1.0;0;0
org.apache.catalina.tribes.tipis.LazyReplicatedMap;54;5;1;0.0;0;4
org.apache.el.parser.AstNot;11;3;0;0.0;0;1
org.apache.tomcat.util.log.CaptureLog;13;4;2;0.75;0;0
org.apache.catalina.mbeans.GroupMBean;63;5;3;1.111111084620158;0;1
org.apache.catalina.ha.tcp.Constants;0;0;1;0.0;0;0
org.apache.coyote.http11.filters.VoidInputFilter;18;7;2;0.0;0;0
org.apache.catalina.tribes.transport.nio.NioReceiver;269;16;8;0.9166666439601353;0;4
org.apache.el.parser.AstString;35;5;1;1.0;0;1
org.apache.el.lang.FunctionMapperFactory;19;3;2;0.5;0;0
org.apache.catalina.ha.session.SimpleTcpReplicationManager;362;35;17;0.9659090909090909;0;9
org.apache.naming.resources.BaseDirContext;242;78;9;0.9612794805456091;0;0
org.apache.coyote.http11.InternalNioInputBuffer;472;24;24;0.9040404233065519;1;9
org.apache.catalina.tribes.io.XByteBuffer;317;43;7;0.752136719532502;0;0
org.apache.tomcat.util.bcel.classfile.StackMapTableEntry;0;0;0;0;0;0
org.apache.coyote.ajp.Constants;5;1;105;0.0;1;0
org.apache.jasper.el.JspPropertyNotFoundException;3;1;0;0.0;0;0
org.apache.naming.ContextAccessController;25;6;2;0.0;0;0
org.apache.catalina.deploy.ErrorPage;41;8;3;0.6666666439601353;0;0
org.apache.tomcat.util.bcel.classfile.EnclosingMethod;0;0;0;0;0;0
org.apache.tomcat.util.modeler.FeatureInfo;18;6;5;0.9;0;0
org.apache.coyote.http11.filters.IdentityInputFilter;57;9;6;0.6875;0;0
org.apache.tomcat.util.bcel.classfile.Code;0;0;0;0;0;0
org.apache.tomcat.jni.User;0;10;0;0.0;0;0
org.apache.el.parser.AstGreaterThanEqual;14;2;0;0.0;0;3
org.apache.catalina.servlets.WebdavStatus;12;2;27;0.0;1;0
org.apache.catalina.mbeans.UserMBean;85;7;3;1.0666666984558106;0;1
org.apache.jasper.compiler.AttributeParser;0;0;0;0;0;0
org.apache.jasper.compiler.JDTCompiler;505;1;0;0.8181818181818182;0;5
org.apache.catalina.core.StandardContextValve;86;5;3;0.75;1;3
org.apache.jasper.compiler.CompilationUnit;52;5;2;1.3333333333333333;0;4
org.apache.catalina.tribes.util.Logs;0;0;1;0.0;0;0
org.apache.tomcat.jni.Socket;0;37;34;0.0;0;0
org.apache.el.parser.ArithmeticNode;6;2;0;0.0;0;0
org.apache.catalina.tribes.transport.RxTaskPool;89;11;7;0.7936507860819498;0;0
org.apache.catalina.filters.WebdavFixFilter;0;0;0;0;0;0
org.apache.jasper.compiler.PageInfo;319;81;44;0.9867663805997824;1;0
org.apache.catalina.tribes.util.ExecutorFactory;0;0;0;0;0;0
org.apache.catalina.core.ApplicationFilterFactory;183;7;11;0.0;1;16
org.apache.el.parser.SimpleCharStream;257;36;16;0.8358974456787109;0;0
org.apache.catalina.ssi.SSIStopProcessingException;0;0;0;0.0;0;0
org.apache.catalina.tribes.transport.nio.PooledParallelSender;40;5;1;0.3333333333333333;0;0
org.apache.coyote.RequestInfo;134;37;14;0.9387755257742746;2;2
org.apache.jasper.xmlparser.XMLEncodingDetector;914;24;29;0.9163306355476379;0;10
org.apache.naming.resources.VirtualDirContext;86;8;3;0.5714285714285714;0;1
org.apache.jasper.tagplugins.jstl.core.Choose;4;1;0;0.0;0;0
org.apache.catalina.connector.Response;588;76;19;0.921568603515625;2;8
org.apache.catalina.ssi.SSISet;30;1;0;0.0;0;0
org.apache.catalina.startup.HomesUserDatabase;27;6;2;0.5;0;0
org.apache.tomcat.util.http.AcceptLanguage;83;4;0;0.0;0;0
org.apache.naming.factory.webservices.ServiceProxy;51;5;4;0.5;0;0
org.apache.catalina.tribes.transport.bio.MultipointBioSender;93;10;2;0.875;0;1
org.apache.catalina.session.StandardSession;554;62;24;0.9218900711810003;0;4
org.apache.jasper.runtime.InstanceManagerFactory;9;2;0;0.0;0;0
org.apache.juli.logging.LogConfigurationException;16;5;1;0.0;0;0
org.apache.catalina.util.StringParser;70;17;4;0.5178571428571429;0;0
org.apache.catalina.deploy.ContextTransaction;23;7;2;0.6666666666666666;0;0
org.apache.catalina.users.MemoryRole;21;3;1;1.0;0;2
org.apache.jasper.compiler.ImplicitTagLibraryInfo;108;3;11;1.0;0;1
org.apache.catalina.util.MD5Encoder;11;1;1;0.0;0;0
org.apache.catalina.realm.JAASMemoryLoginModule;151;8;9;0.785714308420817;1;2
org.apache.tomcat.util.http.MimeHeaderField;13;4;4;0.875;0;0
org.apache.catalina.tribes.group.InterceptorPayload;6;2;1;0.0;0;0
org.apache.jasper.tagplugins.jstl.core.Set;99;1;0;0.0;0;0
org.apache.catalina.InstanceEvent;89;15;17;1.0;0;0
org.apache.el.lang.ELSupport;351;23;1;0.0;0;10
org.apache.el.parser.AstNotEqual;8;2;0;0.0;0;1
org.apache.catalina.ssi.ResponseIncludeWrapper;108;12;11;0.8142856597900391;0;0
org.apache.tomcat.util.scan.Constants;0;0;0;0;0;0
org.apache.catalina.filters.RemoteAddrFilter;0;0;0;0;0;0
org.apache.catalina.ant.StopTask;18;3;1;0.0;0;0
org.apache.catalina.mbeans.MBeanFactory;409;34;3;0.96875;0;0
org.apache.catalina.tribes.transport.nio.NioReplicationTask;218;10;5;0.9375;0;8
org.apache.tomcat.util.bcel.classfile.FieldOrMethod;0;0;0;0;0;0
org.apache.catalina.util.ExtensionValidator;182;6;4;0.0;0;4
org.apache.tomcat.util.modeler.ParameterInfo;9;2;1;0.0;0;1
org.apache.catalina.startup.AbsoluteOrderingRule;0;0;0;0;0;0
org.apache.catalina.tribes.io.BufferPool15Impl;25;5;3;0.5;0;0
org.apache.tomcat.util.buf.CharChunk;393;52;8;0.7448979591836735;0;0
org.apache.catalina.valves.JDBCAccessLogValve;216;31;26;0.9531034272292565;0;4
org.apache.catalina.session.PersistentManager;6;2;2;0.0;0;0
org.apache.jasper.tagplugins.jstl.core.ForEach;139;3;1;0.5;0;0
org.apache.el.lang.ExpressionBuilder;117;8;4;0.555555542310079;0;0
org.apache.tomcat.util.buf.ByteChunk;425;56;10;0.7945492582501106;0;0
org.apache.catalina.core.ApplicationServletRegistration;0;0;0;0;0;0
org.apache.tomcat.jni.OS;0;8;22;0.0;0;0
org.apache.tomcat.jni.Proc;0;7;34;0.0;0;0
org.apache.jasper.compiler.TagHandlerPoolVisitor;37;3;1;2.0;1;1
org.apache.catalina.servlets.Constants;0;0;1;0.0;0;0
org.apache.catalina.manager.JspHelper;113;13;3;0.0;0;0
org.apache.tomcat.util.http.fileupload.ServletRequestContext;0;0;0;0;0;0
org.apache.catalina.core.JreMemoryLeakPreventionListener;0;0;0;0;0;0
org.apache.catalina.realm.CombinedRealm;143;12;3;0.2727272727272727;0;0
org.apache.catalina.tribes.transport.bio.PooledMultiSender;25;3;0;0.0;0;0
org.apache.coyote.http11.AbstractHttp11Processor;0;0;0;0;0;0
org.apache.coyote.http11.Http11AprProcessor;938;47;36;0.9431372748480903;4;61
org.apache.catalina.tribes.util.Arrays;149;24;1;0.0;0;0
org.apache.jasper.compiler.JavacErrorDetail;85;9;6;1.0;0;0
org.apache.tomcat.util.modeler.Registry;446;38;10;0.9444444444444444;0;0
org.apache.tomcat.util.bcel.classfile.LocalVariableTypeTable;0;0;0;0;0;0
org.apache.coyote.ajp.AjpAprProcessor;667;20;30;0.8899999618530273;3;50
org.apache.jasper.compiler.JspRuntimeContext;174;16;10;0.8928571428571429;1;2
org.apache.catalina.realm.MemoryRealm;97;12;7;0.8181818181818182;0;0
org.apache.tomcat.util.bcel.classfile.StackMap;0;0;0;0;0;0
org.apache.tomcat.util.digester.SetNextRule;41;8;3;0.6666666666666666;0;3
org.apache.catalina.tribes.transport.bio.BioSender;148;10;7;0.8125;0;3
org.apache.catalina.manager.StatusTransformer;601;20;0;0.0;1;9
org.apache.coyote.ajp.AjpProtocol;309;45;16;0.9515789794921875;2;3
org.apache.catalina.util.ResourceSet;30;9;2;1.25;0;2
org.apache.el.parser.AstBracketSuffix;6;2;0;0.0;0;1
org.apache.catalina.ha.session.ClusterSessionListener;32;4;1;0.0;0;2
org.apache.catalina.users.MemoryUserCreationFactory;66;4;2;0.75;0;0
org.apache.catalina.tribes.transport.ReceiverBase;359;84;33;0.985382080078125;0;2
org.apache.tomcat.util.bcel.classfile.ParameterAnnotations;0;0;0;0;0;0
org.apache.el.parser.AstEmpty;25;3;0;0.0;0;3
org.apache.tomcat.util.http.fileupload.ParameterParser;0;0;0;0;0;0
org.apache.el.parser.Token;24;7;8;1.2916666666666667;0;0
org.apache.tomcat.util.http.fileupload.ServletFileUpload;0;0;0;0;0;0
org.apache.tomcat.util.bcel.classfile.InnerClasses;0;0;0;0;0;0
org.apache.catalina.filters.RequestDumperFilter;0;0;0;0;0;0
org.apache.juli.VerbatimFormatter;0;0;0;0;0;0
org.apache.catalina.ssi.SSIFsize;74;4;2;0.0;0;0
org.apache.coyote.RequestGroupInfo;112;15;7;0.7448979786464146;0;0
org.apache.tomcat.util.bcel.classfile.ConstantCP;0;0;0;0;0;0
org.apache.tomcat.util.buf.C2BConverter;58;12;5;0.7777777777777778;0;3
org.apache.catalina.ant.jmx.JMXAccessorCreateTask;69;10;4;0.7037036683824327;0;1
org.apache.el.parser.AstLiteralExpression;29;4;0;0.0;0;1
org.apache.juli.FileHandler;129;10;5;0.7428571156093052;0;7
org.apache.naming.factory.SendMailFactory;51;1;1;1.0;0;0
org.apache.catalina.util.ServerInfo;19;4;3;0.0;0;1
org.apache.catalina.authenticator.FormAuthenticator;232;10;3;0.7777777777777778;2;17
org.apache.catalina.deploy.SecurityCollection;105;16;4;0.7916666666666666;0;0
org.apache.catalina.util.TomcatCSS;0;0;1;0.0;0;0
org.apache.catalina.connector.CoyotePrincipal;12;3;1;0.0;0;0
org.apache.catalina.users.AbstractRole;15;6;2;0.75;0;0
org.apache.catalina.tribes.ChannelException;66;9;2;0.8148147794935439;0;0
org.apache.catalina.tribes.transport.AbstractRxTask;37;12;6;0.8800000190734864;0;0
org.apache.tomcat.util.net.SocketProperties;156;48;22;0.9584139560131316;0;0
org.apache.tomcat.util.net.NioChannel;83;23;5;0.8809523809523809;0;0
org.apache.catalina.ant.SessionsTask;18;3;1;0.0;0;0
org.apache.coyote.http11.filters.SavedRequestInputFilter;34;8;1;0.5;0;0
org.apache.catalina.core.ApplicationDispatcher;440;15;10;0.915966374533517;1;23
org.apache.catalina.tribes.group.interceptors.DomainFilterInterceptor;47;10;2;0.5555555555555556;0;0
org.apache.catalina.core.ContainerBase;647;68;29;0.9539337158203125;1;14
org.apache.naming.resources.ProxyDirContext;469;69;15;0.932261794360716;0;8
org.apache.jasper.el.JspValueExpression;86;13;2;0.25;0;0
org.apache.catalina.deploy.Constants;0;0;0;0;0;0
org.apache.tomcat.jni.Time;6;6;2;0.0;0;0
org.apache.catalina.valves.AccessLogValve;630;41;28;0.9704184759230841;0;7
org.apache.jasper.tagplugins.jstl.core.Catch;24;1;0;0.0;0;0
org.apache.jasper.compiler.JspConfig;321;7;11;0.9732142686843872;1;0
org.apache.tomcat.util.http.fileupload.FileUploadBase;197;13;10;0.8;0;0
org.apache.catalina.ha.ClusterListener;25;9;3;1.0;0;0
org.apache.tomcat.util.bcel.classfile.JavaClass;0;0;0;0;0;0
org.apache.coyote.Request;219;58;34;0.9753150939941406;0;1
org.apache.catalina.startup.SoapHeaderRule;14;2;0;0.0;0;1
org.apache.tomcat.jni.Directory;0;8;0;0.0;0;0
org.apache.tomcat.util.digester.AbstractObjectCreationFactory;6;3;1;0.0;0;0
org.apache.catalina.authenticator.SingleSignOnEntry;49;11;6;0.8541666269302368;1;2
org.apache.catalina.tribes.transport.bio.util.FastQueue;172;21;14;0.8866396452251234;0;0
org.apache.el.lang.VariableMapperFactory;22;4;2;0.75;0;0
org.apache.tomcat.util.digester.WithDefaultsRulesWrapper;55;11;3;0.4814814461602105;0;0
org.apache.jasper.compiler.AttributeVisitor;6;2;1;2.0;1;1
org.apache.catalina.deploy.SessionConfig;0;0;0;0;0;0
org.apache.catalina.tribes.membership.McastService;348;62;13;0.9299999872843424;0;6
org.apache.el.parser.TokenMgrError;59;6;5;1.5;0;0
org.apache.tomcat.jni.Multicast;0;5;0;0.0;0;0
org.apache.catalina.ant.ReloadTask;18;3;1;0.0;0;0
org.apache.catalina.core.ApplicationPart;0;0;0;0;0;0
org.apache.catalina.startup.ConnectorCreateRule;22;3;1;0.0;0;1
org.apache.catalina.startup.TaglibUriRule;0;0;0;0;0;0
org.apache.catalina.users.AbstractGroup;15;12;2;0.75;0;0
org.apache.catalina.tribes.group.interceptors.FragmentationInterceptor;141;11;5;0.9375;0;0
org.apache.catalina.tribes.tipis.ReplicatedMap;20;5;1;0.0;0;3
org.apache.catalina.core.ApplicationFilterConfig;121;11;5;0.6666666666666666;1;1
org.apache.coyote.ajp.AjpMessage;235;26;5;0.5416666666666666;0;2
org.apache.catalina.security.SecurityUtil;150;11;17;0.0;1;2
org.apache.catalina.startup.DigesterFactory;49;5;1;0.0;1;38
org.apache.catalina.startup.TaglibRule;0;0;0;0;0;0
org.apache.el.parser.AstFunction;73;9;2;0.42857142857142855;0;3
org.apache.coyote.http11.AbstractOutputBuffer;0;0;0;0;0;0
org.apache.coyote.ajp.AjpProcessor;616;21;32;0.9153438749767485;3;47
org.apache.tomcat.util.net.jsse.JSSESupport;137;10;4;0.8055555555555556;0;4
org.apache.catalina.realm.JDBCRealm;277;31;16;0.9333333333333333;0;2
org.apache.jasper.compiler.TagLibraryInfoImpl;523;16;6;0.8095237868172782;0;15
org.apache.jasper.compiler.ScriptingVarVisitor;46;2;1;0.0;1;2
org.apache.tomcat.util.digester.SetTopRule;41;8;3;0.6666666666666666;0;3
org.apache.catalina.startup.PasswdUserDatabase;61;6;3;0.625;0;0
org.apache.naming.StringManager;65;8;2;1.0;0;0
org.apache.catalina.tribes.group.interceptors.ThroughputInterceptor;88;15;14;0.8846153531755719;0;0
org.apache.catalina.connector.CoyoteOutputStream;24;8;1;0.3333333333333333;0;0
org.apache.catalina.ha.tcp.ReplicationValve;283;36;17;0.9369748059441062;0;3
org.apache.catalina.deploy.MessageDestination;53;11;5;0.8;0;0
org.apache.tomcat.util.bcel.classfile.Signature;0;0;0;0;0;0
org.apache.catalina.util.Base64;120;5;10;0.0;0;0
org.apache.tomcat.util.digester.PathCallParamRule;17;3;1;0.0;0;1
org.apache.tomcat.util.ExceptionUtils;0;0;0;0;0;0
org.apache.el.parser.BooleanNode;6;2;0;0.0;0;0
org.apache.tomcat.util.http.fileupload.FileUpload;13;4;1;0.0;0;0
org.apache.catalina.core.StandardContext;2384;264;106;0.992551730789301;2;36
org.apache.catalina.LifecycleEvent;18;5;3;1.0;0;0
org.apache.catalina.connector.ClientAbortException;33;7;2;0.5;0;0
org.apache.tomcat.util.modeler.ManagedBean;252;26;13;0.9083333015441895;0;0
org.apache.coyote.http11.InternalAprOutputBuffer;253;28;13;0.83;3;13
org.apache.tomcat.util.digester.XercesParser;45;4;7;0.0;0;0
org.apache.tomcat.util.digester.SetRootRule;41;8;3;0.6666666666666666;0;4
org.apache.catalina.ant.ResourcesTask;15;3;1;0.0;0;0
org.apache.tomcat.util.bcel.classfile.ConstantValue;0;0;0;0;0;0
org.apache.catalina.connector.InputBuffer;213;24;17;0.8344156091863458;1;1
org.apache.tomcat.util.net.jsse.JSSEKeyManager;22;7;2;0.6;0;0
org.apache.el.lang.VariableMapperImpl;15;5;2;0.0;0;0
org.apache.jasper.xmlparser.XMLString;52;9;3;0.0;0;0
org.apache.tomcat.util.modeler.modules.ModelerSource;26;4;2;1.0;0;0
org.apache.catalina.ssi.SSIInclude;26;1;0;0.0;0;0
org.apache.catalina.ant.JMXQueryTask;12;3;1;0.0;0;0
org.apache.catalina.ssi.SSIServlet;80;5;6;0.5833333134651184;1;2
org.apache.jasper.compiler.SmapUtil;453;4;1;0.9684600830078125;1;1
org.apache.catalina.startup.SetSessionConfig;8;2;1;0.0;0;0
org.apache.tomcat.util.bcel.classfile.ElementValue;0;0;0;0;0;0
org.apache.catalina.realm.UserDatabaseRealm;92;9;5;0.75;0;1
org.apache.tomcat.util.bcel.classfile.ElementValuePair;0;0;0;0;0;0
org.apache.catalina.ssi.ExpressionTokenizer;90;6;17;0.75;0;0
org.apache.tomcat.util.buf.UEncoder;87;8;6;0.875;0;0
org.apache.catalina.startup.RelativeOrderingRule;0;0;0;0;0;0
org.apache.tomcat.util.buf.Ascii;91;11;7;0.0;0;0
org.apache.catalina.ssi.SSIConditional;67;3;0;0.0;0;3
org.apache.tomcat.util.DomUtil;134;14;1;0.0;0;3
org.apache.el.ValueExpressionLiteral;51;14;3;0.5454545454545454;0;0
org.apache.coyote.http11.Http11Processor;850;47;37;0.9526853976042374;3;47
org.apache.catalina.ha.session.SessionMessageImpl;65;13;7;0.9523809221055772;0;7
org.apache.catalina.core.ApplicationTaglibDescriptor;0;0;0;0;0;0
org.apache.naming.ResourceLinkRef;26;3;2;0.0;0;1
org.apache.el.parser.AstMethodParameters;0;0;0;0;0;0
org.apache.catalina.connector.Request;1120;148;51;0.9758784672985338;4;29
org.apache.tomcat.util.net.URL;298;21;9;0.8055555820465088;0;0
org.apache.catalina.startup.SetPublicIdRule;20;2;1;0.0;0;1
org.apache.jasper.xmlparser.EncodingMap;20;7;2;0.0;0;0
org.apache.catalina.startup.EngineRuleSet;24;3;1;0.0;0;0
org.apache.tomcat.util.bcel.classfile.SimpleElementValue;0;0;0;0;0;0
org.apache.catalina.ssi.SSIExec;35;1;2;0.0;0;0
org.apache.catalina.connector.OutputBuffer;210;33;15;0.8486352120676348;2;3
org.apache.jasper.compiler.ELFunctionMapper;170;1;3;0.9888888676961263;1;0
org.apache.catalina.mbeans.RoleMBean;3;1;3;0.0;0;0
org.apache.catalina.session.StandardSessionContext;6;2;1;1.0;0;0
org.apache.catalina.manager.util.SessionUtils;158;7;5;0.0;0;0
org.apache.catalina.startup.Embedded;372;38;11;0.9285714285714286;0;9
org.apache.catalina.valves.SSLValve;42;2;0;0.0;0;1
org.apache.el.parser.AstLessThan;14;2;0;0.0;0;3
org.apache.jasper.el.ExpressionImpl;7;2;1;0.0;0;0
org.apache.catalina.deploy.ContextResource;35;5;2;0.5;0;0
org.apache.el.parser.AstFloatingPoint;20;4;1;1.0;0;1
org.apache.el.parser.AstOr;13;2;0;0.0;0;1
org.apache.catalina.loader.ResourceEntry;0;0;7;0.0;0;0
org.apache.catalina.realm.JAASRealm;195;20;10;0.9122807352166427;1;2
org.apache.tomcat.util.bcel.classfile.ConstantPool;0;0;0;0;0;0
org.apache.catalina.core.StandardWrapperFacade;20;5;2;0.5;0;0
org.apache.catalina.users.MemoryGroupCreationFactory;40;4;2;0.75;0;0
org.apache.tomcat.util.digester.SetPropertiesRule;92;7;2;0.5;0;3
org.apache.catalina.startup.CallParamMultiRule;14;2;0;0.0;0;3
org.apache.tomcat.util.net.NioSelectorPool;182;20;12;0.8580247031317817;0;2
org.apache.naming.NameParserImpl;3;1;0;0.0;0;0
org.apache.jasper.xmlparser.MyErrorHandler;10;3;0;0.0;0;0
org.apache.catalina.ha.authenticator.ClusterSingleSignOn;149;18;4;0.7450980018166935;0;8
org.apache.jasper.compiler.Generator;2891;29;16;0.9746376535166865;2;8
org.apache.tomcat.util.bcel.classfile.LineNumber;0;0;0;0;0;0
org.apache.catalina.startup.Catalina;316;25;8;0.9028571319580078;0;3
org.apache.catalina.tribes.transport.SenderState;45;11;5;0.375;0;0
org.apache.jasper.compiler.Node;1246;30;15;0.9949115061620523;2;4
org.apache.jasper.xmlparser.SymbolTable;96;8;3;0.4799999713897705;0;0
org.apache.catalina.filters.Constants;0;0;0;0;0;0
org.apache.catalina.ssi.ExpressionParseTree;181;5;7;0.875;0;13
org.apache.catalina.core.NamingContextListener;745;26;11;0.7955555725097656;0;10
org.apache.tomcat.jni.Stdlib;0;9;0;0.0;0;0
org.apache.tomcat.util.digester.Digester;852;124;29;0.970370356241862;0;0
org.apache.catalina.ant.jmx.JMXAccessorTask;363;42;17;0.9651568342999715;0;1
org.apache.tomcat.util.bcel.classfile.ConstantFieldref;0;0;0;0;0;0
org.apache.jasper.compiler.MapperELVisitor;30;2;1;0.0;0;3
org.apache.jasper.compiler.FVVisitor;33;2;1;0.0;1;3
org.apache.catalina.filters.CsrfPreventionFilter;0;0;0;0;0;0
org.apache.catalina.tribes.group.RpcMessage;57;5;4;0.5;0;0
org.apache.catalina.security.SecurityClassLoad;77;8;0;0.0;0;0
org.apache.catalina.deploy.ContextEjb;45;7;3;0.6666666666666666;0;0
org.apache.tomcat.util.http.fileupload.ByteArrayOutputStream;0;0;0;0;0;0
org.apache.jasper.compiler.ValidateFunctionMapper;6;2;1;2.0;0;1
org.apache.catalina.core.StandardServer;330;39;21;0.9534534763645481;0;7
org.apache.tomcat.util.bcel.classfile.Utility;0;0;0;0;0;0
org.apache.jasper.tagplugins.jstl.Util;150;6;4;0.9142857233683268;1;5
org.apache.catalina.ant.UndeployTask;13;3;1;0.0;0;0
org.apache.catalina.deploy.ServletDef;0;0;0;0;0;0
org.apache.tomcat.util.http.fileupload.FileCleaningTracker;0;0;0;0;0;0
org.apache.tomcat.jni.File;0;42;69;0.0;0;0
org.apache.catalina.deploy.ContextResourceLink;27;5;2;0.75;0;0
org.apache.jasper.compiler.SmapStratum;124;8;5;0.9090909090909091;0;0
org.apache.catalina.ha.tcp.SimpleTcpCluster;371;63;31;0.9473684342181097;0;4
org.apache.tomcat.util.bcel.classfile.ConstantUtf8;0;0;0;0;0;0
org.apache.catalina.ha.session.BackupManager;146;32;7;0.9066666920979818;0;4
org.apache.catalina.core.ApplicationContextFacade;429;47;3;0.6956521739130435;1;1
org.apache.tomcat.util.bcel.classfile.Synthetic;0;0;0;0;0;0
org.apache.catalina.core.JasperListener;10;1;2;0.0;0;1
org.apache.catalina.core.StandardService;314;33;18;0.9041666388511658;0;6
org.apache.tomcat.util.bcel.classfile.ClassParser;0;0;0;0;0;0
org.apache.tomcat.util.http.fileupload.FileItemHeadersImpl;0;0;0;0;0;0
org.apache.jasper.runtime.PageContextImpl;686;48;16;0.8992907747309259;1;14
org.apache.jasper.compiler.PageDataImpl;387;2;4;0.9318181818181818;1;8
org.apache.catalina.CatalinaFactory;0;0;0;0;0;0
org.apache.catalina.ant.StartTask;18;3;1;0.0;0;0
org.apache.catalina.tribes.transport.nio.ParallelNioSender;246;13;4;0.8181818181818182;0;3
org.apache.catalina.valves.RemoteHostValve;6;2;1;0.0;0;0
org.apache.catalina.tribes.group.interceptors.TwoPhaseCommitInterceptor;77;7;6;0.8809523582458496;0;0
org.apache.jasper.xmlparser.ASCIIReader;43;9;3;0.5714285714285714;0;0
org.apache.catalina.ha.backend.Proxy;0;0;4;0.0;0;0
org.apache.coyote.http11.AbstractInputBuffer;0;0;0;0;0;0
org.apache.catalina.tribes.io.ObjectReader;71;17;5;0.7692307692307693;0;0
org.apache.catalina.deploy.SecurityConstraint;146;19;6;0.8725490009083468;0;0
org.apache.tomcat.util.digester.ObjectParamRule;32;4;3;0.0;0;1
org.apache.catalina.core.DummyResponse;171;69;0;0.0;0;0
org.apache.catalina.session.StandardManager;340;21;8;0.9047619047619048;0;11
org.apache.tomcat.util.bcel.classfile.Constant;0;0;0;0;0;0
org.apache.tomcat.jni.Lock;0;9;6;0.0;0;0
org.apache.catalina.startup.SetDistributableRule;9;2;0;0.0;0;1
org.apache.catalina.tribes.util.StringManager;88;9;3;1.0;0;0
org.apache.naming.resources.DirContextURLStreamHandlerFactory;10;2;0;0.0;0;0
org.apache.jasper.security.SecurityUtil;31;2;1;0.0;1;1
org.apache.catalina.session.StandardSessionFacade;59;19;1;0.0;0;0
org.apache.coyote.http11.filters.GzipOutputFilter;39;6;5;0.8444444338480631;0;0
org.apache.catalina.mbeans.MBeanUtils;699;52;5;0.0;0;1
org.apache.el.parser.AstMult;8;2;0;0.0;0;1
org.apache.jasper.security.SecurityClassLoad;40;1;1;0.0;0;0
org.apache.catalina.valves.RemoteAddrValve;6;2;1;0.0;0;0
org.apache.naming.resources.jndi.Handler;2;1;0;0.0;0;0
org.apache.catalina.manager.host.Constants;0;0;9;0.0;0;0
org.apache.el.parser.AstAnd;13;2;0;0.0;0;1
org.apache.jasper.tagplugins.jstl.core.If;27;1;0;0.0;0;0
org.apache.catalina.ant.jmx.JMXAccessorEqualsCondition;80;22;10;0.9206349509102958;0;0
org.apache.catalina.startup.ContextRuleSet;56;4;2;0.0;0;0
org.apache.catalina.startup.HostRuleSet;26;3;1;0.0;0;0
org.apache.catalina.ha.session.DeltaManager;831;90;42;0.9727870767766779;0;17
org.apache.catalina.authenticator.BasicAuthenticator;58;2;3;0.0;1;4
org.apache.tomcat.util.bcel.classfile.ConstantInterfaceMethodref;0;0;0;0;0;0
org.apache.tomcat.util.buf.IntermediateOutputStream;25;8;2;0.75;0;0
org.apache.catalina.LifecycleException;33;7;2;0.5;0;0
org.apache.jasper.tagplugins.jstl.core.Remove;11;1;0;0.0;0;0
org.apache.jasper.runtime.TagHandlerPool;94;7;6;0.5;1;2
org.apache.catalina.manager.host.HostManagerServlet;301;13;8;0.7976190249125162;1;1
org.apache.tomcat.util.net.AprEndpoint;1175;98;59;0.987747742249085;1;39
org.apache.catalina.ant.ServerinfoTask;4;1;0;0.0;0;0
org.apache.catalina.tribes.transport.ReplicationTransmitter;30;10;3;1.0;0;0
org.apache.catalina.realm.DataSourceRealm;244;28;12;0.9341563472041378;0;1
org.apache.tomcat.util.net.JIoEndpoint;444;46;26;0.946666646886755;0;0
org.apache.catalina.mbeans.ContextResourceLinkMBean;19;2;0;0.0;0;0
org.apache.catalina.filters.RemoteHostFilter;0;0;0;0;0;0
org.apache.catalina.authenticator.SSLAuthenticator;37;4;1;0.0;3;8
org.apache.tomcat.util.http.ContentType;28;2;0;0.0;0;0
org.apache.jasper.compiler.TagFileProcessor;341;4;1;0.949494891696506;1;6
org.apache.tomcat.util.bcel.classfile.ConstantLong;0;0;0;0;0;0
org.apache.jasper.runtime.JspContextWrapper;257;39;7;0.8532818459175728;0;7
org.apache.catalina.startup.TldConfig;321;22;11;0.8809523809523809;0;2
org.apache.tomcat.util.net.jsse.JSSESocketFactory;433;22;15;0.925;0;1
org.apache.jasper.compiler.Parser;1204;57;14;0.7854545593261719;1;20
org.apache.jasper.compiler.BeanRepository;24;4;3;0.6666666269302368;0;0
org.apache.catalina.ant.jmx.JMXAccessorGetTask;31;5;2;0.25;0;0
org.apache.catalina.ant.JMXSetTask;26;7;3;0.6666666666666666;0;0
org.apache.catalina.core.DummyRequest;364;134;8;0.9946294798886866;0;0
org.apache.catalina.authenticator.DigestAuthenticator;123;9;5;1.0;1;4
org.apache.tomcat.util.net.NioBlockingSelector;368;5;4;0.8131867922269381;0;3
org.apache.catalina.realm.JNDIRealm;728;71;31;0.969387708391462;0;16
org.apache.el.parser.AstEqual;8;2;0;0.0;0;1
org.apache.coyote.http11.InternalInputBuffer;322;17;14;0.7912088121686663;1;9
org.apache.catalina.util.LifecycleMBeanBase;0;0;0;0;0;0
org.apache.jasper.xmlparser.MyEntityResolver;18;1;0;0.0;1;2
org.apache.el.parser.JJTELParserState;74;12;5;0.5599999904632569;0;0
org.apache.catalina.manager.ManagerServlet;913;34;13;0.8888888503565933;1;2
org.apache.catalina.connector.CoyoteWriter;141;31;3;0.8103448275862069;0;0
org.apache.jasper.xmlparser.UTF8Reader;356;12;7;0.8199999809265137;0;0
org.apache.coyote.http11.Constants;0;0;44;0.0;0;0
org.apache.el.parser.AstDotSuffix;6;2;0;0.0;0;1
org.apache.jasper.runtime.JspFragmentHelper;15;3;4;1.5;0;0
org.apache.jasper.xmlparser.XMLStringBuffer;61;11;1;0.0;0;3
org.apache.catalina.realm.GenericPrincipal;56;11;5;0.8857142584664481;0;0
org.apache.catalina.users.MemoryUserDatabaseFactory;22;1;0;0.0;0;0
org.apache.catalina.startup.EngineConfig;17;3;3;0.0;0;2
org.apache.catalina.startup.HostConfig;769;43;15;0.9270833333333334;1;5
org.apache.catalina.ant.jmx.Arg;15;5;2;0.625;0;0
org.apache.catalina.filters.RemoteIpFilter;0;0;0;0;0;0
org.apache.el.util.ReflectionUtil;87;8;3;0.0;0;0
org.apache.jasper.tagplugins.jstl.core.Import;243;1;0;0.0;0;0
org.apache.catalina.ssi.SSIServletRequestUtil;16;1;0;0.0;0;0
org.apache.jasper.compiler.ScriptingVariabler;72;1;1;1.25;1;3
org.apache.el.MethodExpressionImpl;56;11;6;0.7083333134651184;0;0
org.apache.catalina.authenticator.NonLoginAuthenticator;7;2;1;0.0;0;1
org.apache.tomcat.util.bcel.classfile.CodeException;0;0;0;0;0;0
org.apache.jasper.el.JspELException;3;1;0;0.0;0;0
org.apache.catalina.ha.session.DeltaSession;379;49;7;0.9434782940408458;0;17
org.apache.tomcat.util.scan.StandardJarScanner;0;0;0;0;0;0
org.apache.tomcat.util.digester.RulesBase;83;9;4;0.6875;0;0
org.apache.catalina.startup.Constants;0;0;45;0.0;0;0
org.apache.jasper.el.VariableResolverImpl;6;2;1;0.0;0;0
org.apache.jasper.el.FunctionMapperImpl;6;2;1;0.0;0;0
org.apache.catalina.core.StandardThreadExecutor;121;30;10;0.9000000272478376;0;7
org.apache.catalina.startup.ServletDefCreateRule;0;0;0;0;0;0
org.apache.tomcat.util.http.fileupload.FileUploadException;5;2;0;0.0;0;0
org.apache.jasper.tagplugins.jstl.core.Url;45;1;0;0.0;0;0
org.apache.catalina.mbeans.ContextEnvironmentMBean;19;2;0;0.0;0;0
org.apache.catalina.deploy.ContextService;114;23;6;0.8560605482621626;0;0
org.apache.catalina.ha.deploy.FileMessageFactory;128;8;14;0.8611110846201578;0;1
org.apache.el.parser.AstGreaterThan;14;2;0;0.0;0;3
org.apache.naming.factory.ResourceEnvFactory;50;1;0;0.0;1;1
org.apache.catalina.core.AsyncContextImpl;0;0;0;0;0;0
org.apache.catalina.util.SchemaResolver;32;3;4;0.75;0;0
org.apache.tomcat.util.http.ServerCookie;223;28;16;0.9444444444444444;0;1
org.apache.catalina.tribes.group.interceptors.NonBlockingCoordinator;501;40;14;0.94;0;3
org.apache.catalina.connector.CoyoteInputStream;161;9;1;0.25;0;0
org.apache.tomcat.util.MutableInteger;11;4;1;0.0;0;0
org.apache.naming.HandlerRef;50;4;9;0.0;0;1
org.apache.catalina.core.StandardWrapperValve;341;14;6;0.8153846447284405;1;11
org.apache.catalina.security.SecurityConfig;42;5;6;1.0;0;0
org.apache.tomcat.util.http.fileupload.FileUtils;0;0;0;0;0;0
org.apache.naming.EjbRef;34;3;4;0.0;0;1
org.apache.catalina.ant.BaseRedirectorHelperTask;131;20;10;0.8210526516563014;0;0
org.apache.jasper.compiler.Mark;105;13;9;0.8282828330993652;0;0
org.apache.catalina.tribes.group.interceptors.MessageDispatchInterceptor;138;20;8;0.8650793499416776;0;3
org.apache.catalina.tribes.io.ChannelData;165;27;7;0.8086956687595533;0;2
org.apache.catalina.servlets.CGIServlet;781;4;6;0.9528619271737558;1;8
org.apache.catalina.tribes.group.interceptors.TcpPingInterceptor;92;12;10;0.8809523582458496;0;0
org.apache.catalina.tribes.transport.AbstractSender;197;59;26;0.9629370949485085;0;0
org.apache.naming.NamingContextBindingsEnumeration;40;7;2;0.8;0;5
org.apache.catalina.core.ApplicationResponse;31;10;2;0.14285714285714285;0;0
org.apache.jasper.xmlparser.UCSReader;100;10;9;0.7142857142857143;0;0
org.apache.catalina.startup.ServiceQnameRule;15;2;0;0.0;0;1
org.apache.catalina.tribes.transport.PooledSender;125;13;2;0.8482142686843872;0;0
org.apache.tomcat.util.IntrospectionUtils;608;31;5;0.0;0;2
org.apache.catalina.startup.SetAllPropertiesRule;19;3;1;0.0;0;1
org.apache.jasper.el.JspMethodExpression;61;10;2;0.2857142857142857;0;0
org.apache.jasper.compiler.JspReader;304;27;9;0.9305555820465088;0;5
org.apache.catalina.tribes.membership.Membership;155;15;6;0.8061224392482212;0;0
org.apache.catalina.util.CustomObjectInputStream;22;3;1;0.0;0;0
org.apache.tomcat.jni.Address;0;8;1;0.0;0;0
org.apache.tomcat.util.http.MimeHeaders;129;20;3;0.4722222222222222;0;0
org.apache.tomcat.util.modeler.modules.MbeansDescriptorsDOMSource;93;6;6;0.9199999809265137;0;0
org.apache.catalina.ha.session.Constants;0;0;1;0.0;0;0
org.apache.jasper.JspC;840;80;81;0.9781847603713409;2;6
org.apache.catalina.ha.session.ReplicatedSession;122;27;4;0.95;0;7
org.apache.tomcat.util.digester.ArrayStack;53;8;1;0.0;0;0
org.apache.tomcat.jni.Registry;0;20;23;0.0;0;0
org.apache.tomcat.util.buf.StringCache;387;19;14;0.8095238095238095;0;0
org.apache.catalina.connector.ResponseFacade;250;41;2;0.825;1;1
org.apache.catalina.ssi.SSIPrintenv;24;1;0;0.0;0;0
org.apache.catalina.tribes.UniqueId;32;7;1;0.0;0;0
org.apache.tomcat.util.bcel.classfile.ClassFormatException;0;0;0;0;0;0
org.apache.catalina.ssi.SSIConfig;22;1;0;0.0;0;0
org.apache.catalina.ssi.SSIEcho;34;2;2;0.0;0;0
org.apache.tomcat.util.buf.HexUtils;2;1;2;0.0;0;0
org.apache.catalina.ant.jmx.JMXAccessorQueryTask;77;6;2;0.8;0;0
org.apache.coyote.http11.InternalAprInputBuffer;367;17;15;0.7952381134033203;1;12
org.apache.tomcat.util.bcel.classfile.SourceFile;0;0;0;0;0;0
org.apache.catalina.core.ApplicationContext;461;52;13;0.935;2;7
org.apache.el.parser.ELParser;2195;115;21;0.9375;0;81
org.apache.tomcat.util.net.jsse.NioX509KeyManager;35;8;2;0.5;0;0
org.apache.catalina.util.HexUtils;48;4;2;0.0;0;0
org.apache.naming.factory.webservices.ServiceRefFactory;223;3;0;0.0;0;13
org.apache.jasper.compiler.DeclarationVisitor;36;3;1;1.5;1;2
org.apache.catalina.ant.AbstractCatalinaTask;137;11;5;0.75;0;0
org.apache.tomcat.util.bcel.classfile.Annotations;0;0;0;0;0;0
org.apache.catalina.users.MemoryRoleCreationFactory;18;4;2;0.75;0;0
org.apache.catalina.valves.ValveBase;113;21;10;0.9398496527420847;0;0
org.apache.tomcat.jni.Pool;0;13;0;0.0;0;0
org.apache.coyote.Response;250;45;18;0.9302325581395349;2;6
org.apache.coyote.http11.InternalNioOutputBuffer;301;33;16;0.8822222391764323;3;13
org.apache.catalina.util.DOMWriter;231;11;5;0.8095237868172782;0;6
org.apache.el.parser.AstValue;103;9;1;0.2857142857142857;0;1
org.apache.catalina.startup.TaglibLocationRule;0;0;0;0;0;0
org.apache.catalina.startup.LifecycleListenerRule;15;2;2;0.0;0;1
org.apache.el.parser.AstMod;8;2;0;0.0;0;1
org.apache.catalina.connector.MapperListener;300;13;6;0.5090909004211426;1;5
org.apache.catalina.startup.ContextConfig;788;26;16;0.8392857142857143;2;13
org.apache.el.MethodExpressionLiteral;43;10;3;0.5238095011029925;0;0
org.apache.catalina.users.Constants;0;0;1;0.0;0;0
org.apache.naming.resources.ResourceCache;211;19;10;0.8823529411764706;0;4
org.apache.catalina.startup.SetAuthConstraintRule;9;2;0;0.0;0;1
org.apache.jasper.el.ELContextWrapper;32;10;2;0.5;0;0
org.apache.catalina.core.ApplicationRequest;44;7;3;0.2;0;0
org.apache.catalina.tribes.transport.nio.NioSender;255;18;11;0.8062499761581421;0;5
org.apache.el.util.MessageFactory;24;8;1;0.0;0;0
org.apache.coyote.ActionCode;6;2;26;0.0;1;0
org.apache.coyote.http11.AbstractHttp11Protocol;0;0;0;0;0;0
org.apache.naming.Constants;0;0;2;0.0;0;0
org.apache.el.util.ConcurrentCache;22;3;3;2.0;0;3
org.apache.catalina.core.StandardHost;295;45;19;0.9685362882392351;0;13
org.apache.catalina.realm.MemoryUserRule;12;2;0;0.0;0;1
org.apache.catalina.ha.session.JvmRouteBinderValve;200;22;9;0.8503401620047433;1;4
org.apache.naming.factory.TransactionFactory;50;1;0;0.0;1;1
org.apache.jasper.compiler.ParserController;281;15;13;0.8717948473416842;1;1
org.apache.tomcat.util.modeler.modules.MbeansDescriptorsSerSource;49;6;6;0.9199999809265137;0;0
org.apache.catalina.ant.ValidatorTask;38;3;1;0.0;1;1
org.apache.tomcat.util.threads.TaskThreadFactory;13;2;5;0.0;0;0
org.apache.naming.factory.ResourceFactory;74;1;0;0.0;1;2
org.apache.catalina.util.ManifestResource;100;12;7;0.825;0;0
org.apache.catalina.tribes.RemoteProcessException;12;4;0;0.0;0;0
org.apache.tomcat.util.bcel.classfile.Method;0;0;0;0;0;0
org.apache.catalina.startup.IgnoreAnnotationsRule;12;2;0;0.0;0;1
org.apache.tomcat.util.buf.IntermediateInputStream;14;5;1;0.3333333333333333;0;0
org.apache.naming.resources.RecyclableNamingEnumeration;21;7;2;1.2;0;2
org.apache.catalina.users.MemoryUserDatabase;252;25;10;0.8522727272727273;0;0
org.apache.naming.NamingContext;282;35;6;0.828125;0;6
org.apache.tomcat.util.bcel.classfile.ExceptionTable;0;0;0;0;0;0
org.apache.naming.factory.MailSessionFactory;82;1;1;0.0;0;0
org.apache.jasper.compiler.Dumper;138;2;0;1.0;1;1
org.apache.catalina.startup.TaglibListenerRule;0;0;0;0;0;0
org.apache.jasper.servlet.JspCServletContext;167;41;3;0.9572649246607071;0;2
org.apache.catalina.util.LifecycleSupport;38;5;3;0.555555502573649;0;0
org.apache.jasper.servlet.JasperLoader;57;5;5;1.0666666825612385;1;1
org.apache.tomcat.jni.Poll;0;9;11;0.0;0;0
org.apache.catalina.core.StandardHostValve;149;7;3;0.0;1;12
org.apache.catalina.users.MemoryUser;108;13;3;0.6969696825200861;0;3
org.apache.catalina.realm.JAASCallbackHandler;69;3;11;0.0;0;0
org.apache.tomcat.util.digester.RuleSetBase;3;2;1;0.0;0;0
org.apache.catalina.servlets.WebdavServlet;1520;29;23;0.9242424242424242;2;33
org.apache.catalina.realm.LockOutRealm;162;17;6;0.8775510333833241;0;1
org.apache.catalina.tribes.group.RpcChannel;150;13;9;0.918749988079071;0;5
org.apache.tomcat.util.bcel.classfile.Deprecated;0;0;0;0;0;0
org.apache.jasper.compiler.DefaultErrorHandler;36;4;0;0.0;0;0
org.apache.catalina.deploy.MultipartDef;0;0;0;0;0;0
org.apache.tomcat.util.bcel.classfile.ConstantMethodref;0;0;0;0;0;0
org.apache.jasper.util.JspQueue;0;0;0;0;0;0
org.apache.catalina.startup.UserConfig;89;15;8;0.8452380725315639;0;2
org.apache.tomcat.util.bcel.classfile.EnumElementValue;0;0;0;0;0;0
org.apache.naming.resources.Resource;23;7;2;0.5;0;0
org.apache.catalina.ha.session.SerializablePrincipal;84;14;7;0.9111110899183485;0;0
org.apache.catalina.util.Strftime;93;8;2;0.6;0;0
org.apache.jasper.servlet.JspServlet;173;10;5;0.7111110687255859;1;4
org.apache.catalina.util.ParameterMap;34;10;2;1.2;0;2
org.apache.naming.resources.FileDirContext;292;31;5;0.9473684210526315;0;12
org.apache.catalina.core.ApplicationHttpResponse;70;23;3;0.1;0;0
org.apache.catalina.tribes.transport.bio.BioReplicationTask;92;7;3;0.3;0;2
org.apache.naming.resources.DirContextURLStreamHandler;91;15;3;1.0;0;2
org.apache.catalina.ssi.ByteArrayServletOutputStream;9;3;1;0.0;0;0
org.apache.catalina.ha.ClusterRuleSet;49;3;1;0.0;0;0
org.apache.coyote.http11.filters.ChunkedInputFilter;128;11;10;0.7375;1;4
org.apache.jasper.JspCompilationContext;420;54;31;0.9725489896886489;0;2
org.apache.tomcat.util.bcel.classfile.RuntimeInvisibleAnnotations;0;0;0;0;0;0
org.apache.tomcat.util.http.Cookies;269;18;9;0.8833333333333333;0;1
org.apache.catalina.tribes.tipis.AbstractReplicatedMap;991;65;17;0.9645389800376081;0;4
org.apache.naming.resources.ResourceAttributes;515;35;30;0.8854166269302368;0;0
org.apache.catalina.tribes.group.Response;18;6;2;0.6666666666666666;0;0
org.apache.tomcat.util.modeler.BaseNotificationBroadcasterEntry;5;1;3;0.0;0;0
org.apache.jasper.compiler.JspDocumentParser;652;30;20;0.8991596358163017;1;30
org.apache.catalina.startup.SetJspConfig;8;2;1;0.0;0;0
org.apache.jasper.compiler.ParamVisitor;17;2;1;0.0;1;2
org.apache.tomcat.util.bcel.classfile.ClassElementValue;0;0;0;0;0;0
org.apache.tomcat.util.http.fileupload.MultipartStream;250;16;14;0.7592592239379883;0;0
org.apache.jasper.tagplugins.jstl.core.Param;33;1;0;0.0;0;0
org.apache.catalina.ha.context.ReplicatedContext;115;8;4;0.8823529411764706;1;6
org.apache.tomcat.jni.Library;73;11;38;0.0;0;0
org.apache.catalina.startup.CallMethodMultiRule;59;2;1;0.0;0;5
org.apache.tomcat.util.bcel.classfile.StackMapType;0;0;0;0;0;0
org.apache.tomcat.jni.Shm;0;8;0;0.0;0;0
org.apache.catalina.util.URLEncoder;54;3;2;0.0;0;0
org.apache.catalina.deploy.InjectionTarget;18;6;2;0.6666666666666666;0;0
org.apache.jasper.tagplugins.jstl.core.Otherwise;4;1;0;0.0;0;0
org.apache.coyote.http11.Http11Protocol;480;92;31;0.9763492702208844;1;2
org.apache.catalina.ha.deploy.FileMessage;53;15;7;0.9230769230769231;0;0
org.apache.el.lang.FunctionMapperImpl;80;4;2;0.7142857142857143;0;0
org.apache.jasper.el.ELContextImpl;51;7;4;0.8928571428571429;0;0
org.apache.catalina.session.FileStore;186;13;6;0.8333333333333334;0;4
org.apache.jasper.compiler.JarScannerFactory;0;0;0;0;0;0
org.apache.catalina.Globals;0;0;38;0.0;0;0
org.apache.jasper.compiler.Localizer;34;6;1;0.0;0;0
org.apache.catalina.ha.backend.CollectedInfo;32;3;4;0.5;0;0
org.apache.el.parser.SimpleNode;82;20;4;0.9027777777777778;0;2
org.apache.jasper.compiler.JasperTagInfo;10;3;1;0.0;0;0
org.apache.catalina.connector.Constants;0;0;7;0.0;0;0
org.apache.juli.ClassLoaderLogManager;346;11;2;0.8571428571428571;0;1
org.apache.catalina.tribes.membership.McastServiceImpl;474;19;28;0.9474548158191499;0;4
org.apache.catalina.ant.JMXGetTask;20;5;2;0.5;0;0
org.apache.el.parser.AstCompositeExpression;19;3;0;0.0;0;1
org.apache.catalina.startup.CopyParentClassLoaderRule;10;2;0;0.0;0;1
org.apache.el.parser.AstInteger;20;4;1;1.0;0;1
org.apache.catalina.ant.jmx.JMXAccessorSetTask;63;12;5;0.7954545454545454;0;0
org.apache.coyote.memory.MemoryProtocolHandler;44;11;1;0.9444444179534912;0;0
org.apache.catalina.tribes.ByteMessage;20;6;1;0.0;0;0
org.apache.catalina.ant.JKStatusUpdateTask;193;30;14;0.9056122643607003;0;0
org.apache.naming.NamingService;71;10;4;0.8333333333333334;0;10
org.apache.jasper.runtime.ServletResponseWrapperInclude;18;4;2;1.0;0;0
org.apache.catalina.session.JDBCStore;495;38;23;0.9317888826937288;0;3
org.apache.catalina.realm.Constants;0;0;6;0.0;0;0
org.apache.jasper.util.ExceptionUtils;0;0;0;0;0;0
org.apache.catalina.startup.ClusterRuleSetFactory;64;2;1;1.0;0;0
org.apache.catalina.manager.HTMLManagerServlet;631;22;14;1.0;1;13
org.apache.tomcat.util.digester.ObjectCreateRule;43;7;2;0.5;0;3
org.apache.catalina.util.LifecycleBase;0;0;0;0;0;0
org.apache.catalina.tribes.group.interceptors.GzipInterceptor;47;5;1;0.0;0;2
org.apache.el.ExpressionFactoryImpl;26;5;0;0.0;0;0
org.apache.el.lang.EvaluationContext;35;11;3;0.7407407230801053;0;0
org.apache.jasper.Constants;0;0;33;0.0;0;0
org.apache.catalina.manager.JMXProxyServlet;129;8;2;0.6428571428571429;0;0
org.apache.catalina.core.ApplicationHttpRequest;364;36;17;0.9564564679120038;1;3
org.apache.catalina.deploy.LoginConfig;53;11;4;0.75;0;0
org.apache.tomcat.util.modeler.BaseAttributeFilter;34;6;1;0.0;0;1
org.apache.catalina.tribes.io.BufferPool;37;5;4;0.3333333333333333;0;0
org.apache.catalina.tribes.transport.bio.BioReceiver;94;8;2;0.6666666666666666;0;0
org.apache.tomcat.util.digester.CallParamRule;61;8;5;0.5333333015441895;0;3
org.apache.catalina.core.StandardEngine;237;27;9;0.8971428680419922;0;8
org.apache.coyote.http11.filters.ChunkedOutputFilter;38;7;6;0.866666603088379;0;1
org.apache.catalina.ant.jmx.JMXAccessorUnregisterTask;17;3;1;0.0;0;0
org.apache.catalina.connector.Connector;419;71;36;0.9756433823529411;0;2
org.apache.tomcat.util.digester.Rule;31;12;2;0.9;0;0
org.apache.jasper.compiler.TagPluginManager;142;4;6;0.8650793499416776;1;0
org.apache.jasper.compiler.TldLocationsCache;251;12;12;0.8888888888888888;1;1
org.apache.jasper.compiler.SmapGenerator;58;7;5;0.8333333333333334;0;1
org.apache.tomcat.util.net.jsse.JSSEImplementation;19;5;3;0.3333333333333333;0;0
org.apache.catalina.core.StandardEngineValve;14;3;2;0.0;0;1
org.apache.tomcat.util.bcel.classfile.AnnotationDefault;0;0;0;0;0;0
org.apache.catalina.SessionEvent;18;5;3;1.0;0;0
org.apache.catalina.startup.CatalinaProperties;66;6;2;0.0;0;0
org.apache.naming.NamingContextEnumeration;18;6;1;0.5;0;2
org.apache.catalina.util.MIME2Java;8;3;2;0.0;0;0
org.apache.catalina.tribes.transport.Constants;0;0;5;0.0;0;0
org.apache.catalina.manager.host.HTMLHostManagerServlet;194;6;7;0.0;1;11
org.apache.jasper.tagplugins.jstl.core.Out;47;1;0;0.0;0;0
org.apache.naming.resources.ImmutableNameNotFoundException;10;5;0;0.0;0;0
org.apache.catalina.tribes.transport.bio.util.LinkObject;31;9;5;0.9142857279096331;0;0
org.apache.catalina.session.StoreBase;85;12;7;0.8000000173395331;0;2
org.apache.el.parser.AstFalse;6;2;0;0.0;0;1
org.apache.catalina.valves.PersistentValve;77;3;2;0.0;0;2
org.apache.catalina.session.Constants;0;0;1;0.0;0;0
org.apache.tomcat.util.http.mapper.Mapper;816;41;4;0.8671875;1;9
org.apache.catalina.startup.ClassLoaderFactory;88;2;5;0.0;0;1
org.apache.catalina.ant.RolesTask;4;1;0;0.0;0;0
org.apache.catalina.ha.backend.TcpSender;129;3;6;0.19999992847442627;0;2
org.apache.tomcat.util.modeler.modules.MbeansSource;198;18;10;0.8897058823529411;0;3
org.apache.catalina.startup.TldRuleSet;11;3;1;0.0;0;0
org.apache.jasper.runtime.JspWriterImpl;236;41;7;0.8771929489938837;0;2
org.apache.tomcat.jni.Error;11;6;2;1.0;0;0
org.apache.tomcat.util.digester.CallMethodRule;206;17;7;0.8392857313156128;0;3
org.apache.tomcat.util.digester.SetPropertyRule;40;4;2;0.0;0;3
org.apache.catalina.startup.RealmRuleSet;16;3;1;0.0;0;0
org.apache.catalina.util.InstanceSupport;81;12;3;0.4;0;0
org.apache.catalina.users.AbstractUser;21;17;3;0.8333333333333334;0;0
org.apache.catalina.deploy.ContextLocalEjb;45;7;3;0.6666666666666666;0;0
org.apache.el.parser.AstMinus;8;2;0;0.0;0;1
org.apache.catalina.core.AsyncListenerWrapper;0;0;0;0;0;0
org.apache.catalina.loader.StandardClassLoader;6;2;0;0.0;0;0
org.apache.naming.java.javaURLContextFactory;17;2;2;0.0;0;0
org.apache.catalina.ContainerEvent;18;5;3;1.0;0;0
org.apache.tomcat.jni.SSLContext;0;14;0;0.0;0;0
org.apache.catalina.tribes.group.ChannelInterceptorBase;66;21;4;0.929824527941252;0;0
org.apache.catalina.deploy.ContextEnvironment;64;15;7;0.8775510106767926;0;0
org.apache.catalina.manager.Constants;0;0;11;0.0;0;0
org.apache.catalina.valves.RequestFilterValve;59;8;6;0.8333333333333334;0;1
org.apache.tomcat.util.bcel.classfile.RuntimeVisibleAnnotations;0;0;0;0;0;0
org.apache.tomcat.util.threads.ThreadPoolExecutor;49;9;1;0.6;0;1
org.apache.naming.factory.EjbFactory;67;1;0;0.0;1;3
org.apache.catalina.loader.VirtualWebappLoader;25;4;1;0.0;0;0
org.apache.el.parser.ParseException;102;5;5;1.0;0;5
org.apache.catalina.mbeans.ServerLifecycleListener;563;32;2;0.967741935483871;1;7
org.apache.catalina.tribes.group.ChannelCoordinator;164;23;5;0.8600000381469727;0;9
org.apache.jasper.util.Entry;0;0;0;0;0;0
org.apache.el.parser.AstLessThanEqual;14;2;0;0.0;0;3
org.apache.tomcat.util.bcel.classfile.ConstantDouble;0;0;0;0;0;0
org.apache.catalina.manager.util.ReverseComparator;8;2;1;0.0;0;0
org.apache.catalina.ha.deploy.FarmWarDeployer;376;40;17;0.9491227802477384;0;0
org.apache.naming.resources.CacheEntry;13;2;8;0.375;0;0
org.apache.catalina.valves.ExtendedAccessLogValve;633;10;2;0.9914529588487413;0;3
org.apache.tomcat.util.bcel.classfile.ParameterAnnotationEntry;0;0;0;0;0;0
org.apache.catalina.ant.ListTask;4;1;0;0.0;0;0
org.apache.catalina.ssi.SSIServletExternalResolver;410;21;7;0.9576719374883742;2;2
org.apache.catalina.valves.RemoteIpValve;0;0;0;0;0;0
org.apache.jasper.xmlparser.XMLChar;115;21;9;0.0;0;0
org.apache.catalina.authenticator.Constants;0;0;19;0.0;0;0
org.apache.tomcat.util.http.fileupload.ThresholdingOutputStream;44;12;3;0.7083333134651184;0;0
org.apache.juli.JdkLoggerFormatter;48;1;6;0.0;0;0
org.apache.tomcat.util.net.ServerSocketFactory;18;9;2;1.0;0;0
org.apache.jasper.servlet.JspServletWrapper;314;19;15;0.8958333134651184;0;2
org.apache.naming.factory.ResourceLinkFactory;17;2;1;0.0;0;1
org.apache.catalina.ha.deploy.UndeployMessage;52;16;7;0.9230769230769231;0;0
org.apache.juli.OneLineFormatter;51;3;9;1.0;0;0
org.apache.catalina.mbeans.MemoryUserDatabaseMBean;168;13;6;1.0454545454545454;0;1
org.apache.catalina.users.MemoryGroup;74;9;2;0.5714285714285714;0;2
