Method;TargetClass;ATFD;ATSD;FDP;DIST_EC;DIST_TC;LOC_M;LOC_EC;LOC_TC
com.mongodb.DBCollection.getIndexInfo();com.mongodb.DBCursor;2;2;3;0.9473684210526316;0.9534883720930233;10;189;160
com.mongodb.ReplicaSetStatus.updateAddr();com.mongodb.DBTCPConnector;0;0;0;0;0;0;0;0
org.bson.BasicBSONCallback.gotDBRef(java.lang.String, java.lang.String, org.bson.types.ObjectId);org.bson.BasicBSONObject;0;0;0;0;0;0;0;0
com.mongodb.DBTCPConnector._error(boolean, java.lang.Throwable);com.mongodb.ReplicaSetStatus;0;0;0;0;0;0;0;0
com.mongodb.DBCursor.batchSize(int);com.mongodb.DBApiLayer;0;0;0;0;0;0;0;0
org.bson.BasicBSONDecoder.decodeElement();org.bson.io.BSONInput;0;0;0;0;0;0;0;0
com.mongodb.DBTCPConnector.call(com.mongodb.DB, com.mongodb.DBCollection, com.mongodb.DBDecoder, com.mongodb.OutMessage, com.mongodb.ReadPreference, com.mongodb.ServerAddress, int);com.mongodb.OutMessage;0;0;0;0;0;0;0;0
com.mongodb.Mongo.getDatabaseNames();org.bson.BasicBSONObject;0;0;0;0;0;0;0;0
com.mongodb.Mongo.getMaxBsonObjectSize();com.mongodb.DBTCPConnector;0;0;0;0;0;0;0;0
com.mongodb.DBAddress.hashCode();com.mongodb.ServerAddress;0;0;0;0;0;0;0;0
com.mongodb.DBCollection.drop();com.mongodb.DB;0;0;0;0;0;0;0;0
com.mongodb.DBCollection.apply(boolean, com.mongodb.DBObject);org.bson.types.ObjectId;0;0;0;0;0;0;0;0
com.mongodb.DBCollection.find(com.mongodb.DBObject, com.mongodb.DBObject, int, int, int);com.mongodb.DBCursor;0;0;0;0;0;0;0;0
com.mongodb.MapReduceCommand.toDBObject();org.bson.BasicBSONObject;0;0;0;0;0;0;0;0
org.bson.BasicBSONDecoder._binary(java.lang.String);org.bson.io.BSONInput;0;0;0;0;0;0;0;0
org.bson.BasicBSONEncoder.putCodeWScope(java.lang.String, org.bson.types.CodeWScope);org.bson.types.CodeWScope;0;0;0;0;0;0;0;0
com.mongodb.DBCollection.getStats();com.mongodb.DB;0;0;0;0;0;0;0;0
com.mongodb.DefaultDBCallback.gotDBRef(java.lang.String, java.lang.String, org.bson.types.ObjectId);org.bson.BasicBSONCallback;0;0;0;0;0;0;0;0
com.mongodb.DBCursor.getServerAddress();com.mongodb.DBApiLayer;0;0;0;0;0;0;0;0
org.bson.BasicBSONEncoder.putCode(java.lang.String, org.bson.types.Code);org.bson.io.OutputBuffer;0;0;0;0;0;0;0;0
com.mongodb.DBApiLayer.update(boolean, boolean, com.mongodb.DBEncoder, com.mongodb.DBObject, com.mongodb.DBObject, com.mongodb.WriteConcern);com.mongodb.OutMessage;0;0;0;0;0;0;0;0
com.mongodb.util.TestNGListener._recordResults(com.mongodb.util.ITestContext);com.mongodb.Mongo;0;0;0;0;0;0;0;0
com.mongodb.Mongo.fsyncAndLock();com.mongodb.DB;0;0;0;0;0;0;0;0
com.mongodb.DBApiLayer._advance();com.mongodb.DB;0;0;0;0;0;0;0;0
com.mongodb.OutMessage.reset(int);org.bson.BasicBSONEncoder;0;0;0;0;0;0;0;0
com.mongodb.gridfs.GridFSInputFile.close();com.mongodb.gridfs.GridFSFile;0;0;0;0;0;0;0;0
org.bson.BasicBSONEncoder.writeInt(int);org.bson.io.OutputBuffer;0;0;0;0;0;0;0;0
org.bson.LazyBSONObject.getElementBSONSize(int);org.bson.io.BSONByteBuffer;0;0;0;0;0;0;0;0
com.mongodb.DefaultDBCallback.dbget();org.bson.BasicBSONCallback;0;0;0;0;0;0;0;0
com.mongodb.DBPortPool.get();com.mongodb.MongoOptions;0;0;0;0;0;0;0;0
org.bson.BasicBSONEncoder.putCodeWScope(java.lang.String, org.bson.types.CodeWScope);org.bson.io.OutputBuffer;0;0;0;0;0;0;0;0
org.bson.BasicBSONDecoder.readObject(java.io.InputStream);org.bson.BasicBSONCallback;0;0;0;0;0;0;0;0
com.mongodb.DBApiLayer.update(boolean, boolean, com.mongodb.DBEncoder, com.mongodb.DBObject, com.mongodb.DBObject, com.mongodb.WriteConcern);com.mongodb.DB;0;0;0;0;0;0;0;0
com.mongodb.ReplicaSetStatus.toJSON();com.mongodb.util.JSON;0;0;0;0;0;0;0;0
com.mongodb.DBCollection.dropIndexes(java.lang.String);com.mongodb.BasicDBObjectBuilder;0;0;0;0;0;0;0;0
org.bson.BasicBSONEncoder.writeLong(long);org.bson.io.OutputBuffer;0;0;0;0;0;0;0;0
org.bson.LazyBSONObject.isElementEmpty(int);org.bson.BSON;0;0;0;0;0;0;0;0
com.mongodb.DBApiLayer.__find(com.mongodb.DBDecoder, com.mongodb.DBObject, com.mongodb.DBObject, com.mongodb.ReadPreference, int, int, int, int);com.mongodb.util.JSON;0;0;0;0;0;0;0;0
com.mongodb.DBTCPConnector.close();com.mongodb.DBPortPool;0;0;0;0;0;0;0;0
com.mongodb.DBCollection.findAndModify(boolean, boolean, boolean, com.mongodb.DBObject, com.mongodb.DBObject, com.mongodb.DBObject, com.mongodb.DBObject);com.mongodb.BasicDBObject;0;0;0;0;0;0;0;0
com.mongodb.ReplicaSetStatus.updateAddr();com.mongodb.Mongo;0;0;0;0;0;0;0;0
com.mongodb.DBCollection.mapReduce(com.mongodb.DBObject, java.lang.String, java.lang.String, java.lang.String);com.mongodb.MapReduceCommand;0;0;0;0;0;0;0;0
com.mongodb.util.TestNGListener._recordResults(com.mongodb.util.ITestContext);com.mongodb.DBCollection;1;0;1;1.0;0.9736842105263158;15;68;189
com.mongodb.DBCollection.setDBDecoderFactory(com.mongodb.DBDecoderFactory);com.mongodb.DB;0;0;0;0;0;0;0;0
com.mongodb.DBApiLayer.insert(boolean, com.mongodb.DBEncoder, com.mongodb.DBObject[], com.mongodb.WriteConcern);com.mongodb.OutMessage;0;0;0;0;0;0;0;0
com.mongodb.DBTCPConnector._set(com.mongodb.ServerAddress);com.mongodb.DBPortPool;0;0;0;0;0;0;0;0
com.mongodb.DBAddress.getSister(java.lang.String);com.mongodb.ServerAddress;0;0;0;0;0;0;0;0
com.mongodb.DBCollection.mapReduce(com.mongodb.MapReduceCommand);com.mongodb.CommandResult;0;0;0;0;0;0;0;0
com.mongodb.WriteResult.getLastError(com.mongodb.WriteConcern);com.mongodb.WriteConcern;0;0;0;0;0;0;0;0
com.mongodb.DBTCPConnector._checkWriteError(com.mongodb.DB, com.mongodb.DBPort, com.mongodb.DBTCPConnector.MyPort, com.mongodb.WriteConcern);com.mongodb.DBPort;0;0;0;0;0;0;0;0
com.mongodb.QueryBuilder.lessThan(java.lang.Object);com.mongodb.QueryOperators;0;0;0;0;0;0;0;0
com.mongodb.OutMessage.prepare();org.bson.io.PoolOutputBuffer;0;0;0;0;0;0;0;0
com.mongodb.DBCollection.mapReduce(com.mongodb.DBObject);com.mongodb.DB;0;0;0;0;0;0;0;0
com.mongodb.gridfs.GridFSInputFile._dumpBuffer(boolean);com.mongodb.BasicDBObjectBuilder;0;0;0;0;0;0;0;0
com.mongodb.Mongo.isLocked();org.bson.BasicBSONObject;0;0;0;0;0;0;0;0
com.mongodb.DBApiLayer.remove(com.mongodb.DBEncoder, com.mongodb.DBObject, com.mongodb.WriteConcern);com.mongodb.DB;0;0;0;0;0;0;0;0
com.mongodb.QueryBuilder.notEquals(java.lang.Object);com.mongodb.QueryOperators;0;0;0;0;0;0;0;0
org.bson.BasicBSONObject.getInt(java.lang.String);org.bson.BSON;0;0;0;0;0;0;0;0
com.mongodb.DBApiLayer.killCursors(com.mongodb.ServerAddress, java.util.List<java.lang.Long>);com.mongodb.WriteConcern;0;0;0;0;0;0;0;0
com.mongodb.DBApiLayer.__find(com.mongodb.DBDecoder, com.mongodb.DBObject, com.mongodb.DBObject, com.mongodb.ReadPreference, int, int, int, int);com.mongodb.DBCollection;0;0;0;0;0;0;0;0
com.mongodb.DBTCPConnector.get(boolean, com.mongodb.ReadPreference, com.mongodb.ServerAddress);com.mongodb.DBPort;0;0;0;0;0;0;0;0
com.mongodb.Mongo.getOptions();com.mongodb.Bytes;0;0;0;0;0;0;0;0
com.mongodb.DefaultDBEncoder.putDBRef(com.mongodb.DBRefBase, java.lang.String);com.mongodb.DBRefBase;0;0;0;0;0;0;0;0
com.mongodb.DBCursor.count();com.mongodb.DBCollection;0;0;1;1.0;1.0;5;160;189
com.mongodb.DBCursor._check();com.mongodb.DBCollection;1;12;1;0.7674418604651163;1.0;16;160;189
com.mongodb.BasicDBObject.toString();com.mongodb.util.JSON;0;0;1;1.0;1.0;3;53;74
com.mongodb.ReplicaSetStatus.isMaster(com.mongodb.ServerAddress);com.mongodb.ServerAddress;0;0;0;0;0;0;0;0
com.mongodb.DBCursor._lookForHints();com.mongodb.DBCollection;1;3;1;0.926829268292683;0.9736842105263158;11;160;189
com.mongodb.DefaultDBCallback.objectDone();org.bson.BasicBSONCallback;0;0;0;0;0;0;0;0
com.mongodb.BasicDBObject.append(java.lang.Object, java.lang.String);org.bson.BasicBSONObject;0;0;0;0;0;0;0;0
org.bson.LazyDBList.toString();com.mongodb.util.JSON;0;0;0;0;0;0;0;0
com.mongodb.gridfs.GridFSInputFile.write(byte[], int, int);com.mongodb.gridfs.GridFSFile;0;0;0;0;0;0;0;0
com.mongodb.gridfs.GridFS.getFileList();com.mongodb.DBCollection;0;0;0;0;0;0;0;0
com.mongodb.DBApiLayer.cleanCursors(boolean);com.mongodb.Bytes;0;0;0;0;0;0;0;0
com.mongodb.DBPort.go(boolean, com.mongodb.DBCollection, com.mongodb.DBDecoder, com.mongodb.OutMessage, com.mongodb.ReadPreference);com.mongodb.OutMessage;0;0;0;0;0;0;0;0
com.mongodb.DBCollection.dropIndexes(java.lang.String);com.mongodb.CommandResult;0;0;0;0;0;0;0;0
com.mongodb.DBTCPConnector.fetchMaxBsonObjectSize();com.mongodb.DBPortPool;0;0;0;0;0;0;0;0
com.mongodb.MongoOptions.reset();com.mongodb.DefaultDBEncoder;0;0;0;0;0;0;0;0
com.mongodb.DefaultDBCallback.reset();org.bson.BasicBSONCallback;0;0;0;0;0;0;0;0
com.mongodb.DBPort.getLastError(com.mongodb.DB, com.mongodb.WriteConcern);com.mongodb.WriteConcern;0;0;0;0;0;0;0;0
com.mongodb.gridfs.GridFS._fix(java.lang.Object);com.mongodb.gridfs.GridFSFile;0;0;0;0;0;0;0;0
com.mongodb.DBCollection.distinct(com.mongodb.DBObject, java.lang.String);com.mongodb.BasicDBObjectBuilder;0;0;0;0;0;0;0;0
com.mongodb.ReplicaSetStatus.toString();com.mongodb.util.JSON;0;0;0;0;0;0;0;0
com.mongodb.gridfs.GridFSInputFile.saveChunks(long);com.mongodb.gridfs.GridFSFile;0;0;0;0;0;0;0;0
com.mongodb.DBCollection.find(com.mongodb.DBObject, com.mongodb.DBObject, int, int);com.mongodb.DBCursor;0;0;0;0;0;0;0;0
org.bson.LazyBSONObject.getElementBSONSize(int);org.bson.BSON;0;0;0;0;0;0;0;0
com.mongodb.DBApiLayer.createIndex(com.mongodb.DBEncoder, com.mongodb.DBObject, com.mongodb.DBObject);com.mongodb.DefaultDBEncoder;0;0;0;0;0;0;0;0
com.mongodb.ReplicaSetStatus.updateAddr();com.mongodb.ServerAddress;0;0;0;0;0;0;0;0
com.mongodb.DBTCPConnector.getConnectPoint();com.mongodb.ServerAddress;0;0;0;0;0;0;0;0
com.mongodb.Mongo.close();com.mongodb.DBTCPConnector;0;0;0;0;0;0;0;0
com.mongodb.DBApiLayer.insert(boolean, com.mongodb.DBEncoder, com.mongodb.DBObject[], com.mongodb.WriteConcern);com.mongodb.DBCollection;0;0;0;0;0;0;0;0
org.bson.BasicBSONDecoder._readBasicObject();org.bson.io.BSONInput;0;0;0;0;0;0;0;0
com.mongodb.gridfs.GridFS.remove(org.bson.types.ObjectId);com.mongodb.DBCollection;0;0;0;0;0;0;0;0
com.mongodb.gridfs.GridFSFile.validate();com.mongodb.DB;0;0;0;0;0;0;0;0
org.bson.LazyBSONCallback.createDBRef(java.lang.String, org.bson.types.ObjectId);org.bson.BasicBSONObject;0;0;0;0;0;0;0;0
org.bson.BasicBSONEncoder.putCodeWScope(java.lang.String, org.bson.types.CodeWScope);org.bson.types.Code;0;0;0;0;0;0;0;0
com.mongodb.BasicDBObject.copy();com.mongodb.BasicDBList;0;0;0;0;0;0;0;0
com.mongodb.DBCursor.getSizes();com.mongodb.DBApiLayer;0;0;0;0;0;0;0;0
org.bson.io.BSONInput.readInt();org.bson.io.Bits;0;0;0;0;0;0;0;0
com.mongodb.DBRefBase.fetch();com.mongodb.DB;0;0;0;0;0;0;0;0
com.mongodb.ReplicaSetStatus.update(java.util.Set<com.mongodb.ReplicaSetStatus.Node>);com.mongodb.Mongo;0;0;0;0;0;0;0;0
com.mongodb.DBPortPool.createObjectName(com.mongodb.ServerAddress);com.mongodb.ServerAddress;0;0;0;0;0;0;0;0
com.mongodb.DBPortPool.ok(com.mongodb.DBPort);com.mongodb.DBPort;1;1;1;0.9090909090909091;0.9375;3;58;89
com.mongodb.DBApiLayer.createIndex(com.mongodb.DBEncoder, com.mongodb.DBObject, com.mongodb.DBObject);com.mongodb.DBCollection;0;0;0;0;0;0;0;0
com.mongodb.DBApiLayer.insert(boolean, com.mongodb.DBEncoder, com.mongodb.DBObject[], com.mongodb.WriteConcern);com.mongodb.Mongo;0;0;0;0;0;0;0;0
com.mongodb.DBApiLayer.init(com.mongodb.Response);com.mongodb.Response;0;0;0;0;0;0;0;0
com.mongodb.OutMessage.prepare();org.bson.io.OutputBuffer;0;0;0;0;0;0;0;0
org.bson.LazyBSONObject.readBinary(int);org.bson.io.BSONByteBuffer;0;0;0;0;0;0;0;0
com.mongodb.DBCollection.mapReduce(com.mongodb.DBObject);com.mongodb.CommandResult;0;0;0;0;0;0;0;0
com.mongodb.DBCollection.group(com.mongodb.GroupCommand);org.bson.BasicBSONObject;0;0;0;0;0;0;0;0
com.mongodb.DBPointer.getId();com.mongodb.DBRefBase;0;0;0;0;0;0;0;0
com.mongodb.WriteConcern.getCommand();org.bson.BasicBSONObject;0;0;0;0;0;0;0;0
com.mongodb.DB.command(com.mongodb.DBObject, com.mongodb.ReadPreference, int);com.mongodb.DBApiLayer;0;0;0;0;0;0;0;0
org.bson.io.BSONInput.readIntBE();org.bson.io.Bits;0;0;0;0;0;0;0;0
com.mongodb.MapReduceOutput.drop();com.mongodb.DBCollection;0;0;0;0;0;0;0;0
com.mongodb.DB.doEval(java.lang.Object[], java.lang.String);com.mongodb.BasicDBObjectBuilder;0;0;0;0;0;0;0;0
org.bson.BasicBSONEncoder.putTimestamp(java.lang.String, org.bson.types.BSONTimestamp);org.bson.types.BSONTimestamp;0;0;0;0;0;0;0;0
com.mongodb.DB.command(com.mongodb.DBObject, com.mongodb.ReadPreference, int);org.bson.BasicBSONObject;0;0;0;0;0;0;0;0
com.mongodb.DBApiLayer.drop();com.mongodb.DBCollection;0;0;0;0;0;0;0;0
com.mongodb.Mongo.getDatabaseNames();com.mongodb.DB;0;0;0;0;0;0;0;0
com.mongodb.DB.getWriteConcern();com.mongodb.Mongo;0;0;0;0;0;0;0;0
com.mongodb.DBTCPConnector.error(com.mongodb.DBPort, java.lang.Exception);com.mongodb.DBPortPool;0;0;0;0;0;0;0;0
com.mongodb.DB.removeUser(java.lang.String);com.mongodb.DBCollection;0;0;0;0;0;0;0;0
com.mongodb.DB.getCollectionFromString(java.lang.String);com.mongodb.DBCollection;0;0;0;0;0;0;0;0
com.mongodb.DBCursor.size();com.mongodb.DBCollection;0;0;0;0;0;0;0;0
com.mongodb.CommandResult.ok();org.bson.BasicBSONObject;0;0;0;0;0;0;0;0
com.mongodb.gridfs.GridFSInputFile.setChunkSize(long);com.mongodb.gridfs.GridFSFile;0;0;0;0;0;0;0;0
com.mongodb.DBAddress.toString();com.mongodb.ServerAddress;0;0;0;0;0;0;0;0
com.mongodb.DBApiLayer.killCursors(com.mongodb.ServerAddress, java.util.List<java.lang.Long>);com.mongodb.DB;0;0;0;0;0;0;0;0
com.mongodb.LazyDBCallback.createObject(byte[], int);org.bson.LazyBSONObject;0;0;0;0;0;0;0;0
com.mongodb.DBCollection.group(com.mongodb.DBObject);com.mongodb.DB;0;0;0;0;0;0;0;0
com.mongodb.DBCollection.checkReadOnly(boolean);com.mongodb.DB;0;0;0;0;0;0;0;0
com.mongodb.DB.eval(java.lang.Object[], java.lang.String);com.mongodb.CommandResult;0;0;0;0;0;0;0;0
com.mongodb.QueryBuilder.all(java.lang.Object);com.mongodb.QueryOperators;0;0;0;0;0;0;0;0
com.mongodb.DefaultDBEncoder.putDBPointer(java.lang.String, java.lang.String, org.bson.types.ObjectId);org.bson.BasicBSONEncoder;0;0;0;0;0;0;0;0
org.bson.BasicBSONCallback._put(java.lang.Object, java.lang.String);org.bson.BSON;0;0;0;0;0;0;0;0
com.mongodb.DBApiLayer.insert(boolean, com.mongodb.DBEncoder, com.mongodb.DBObject[], com.mongodb.WriteConcern);com.mongodb.util.JSON;0;0;0;0;0;0;0;0
com.mongodb.Mongo.setOptions(int);com.mongodb.Bytes;0;0;0;0;0;0;0;0
com.mongodb.gridfs.GridFSInputFile._readStream2Buffer();com.mongodb.gridfs.GridFSFile;0;0;0;0;0;0;0;0
com.mongodb.DBApiLayer.next();com.mongodb.Response;0;0;0;0;0;0;0;0
com.mongodb.LazyWriteableDBObject.keySet();org.bson.LazyBSONObject;0;0;0;0;0;0;0;0
com.mongodb.gridfs.GridFSDBFile.remove();com.mongodb.gridfs.GridFSFile;0;0;0;0;0;0;0;0
com.mongodb.DBCollection.group(com.mongodb.DBObject);org.bson.BasicBSONObject;0;0;0;0;0;0;0;0
com.mongodb.DBCollection.setDBDecoderFactory(com.mongodb.DBDecoderFactory);com.mongodb.MongoOptions;0;0;0;0;0;0;0;0
org.bson.BasicBSONEncoder.encode(org.bson.BSONObject);org.bson.io.OutputBuffer;0;0;0;0;0;0;0;0
com.mongodb.DB.authenticate(char[], java.lang.String);com.mongodb.CommandResult;0;0;0;0;0;0;0;0
com.mongodb.OutMessage._appendQuery(com.mongodb.DBObject, com.mongodb.DBObject, com.mongodb.ReadPreference, int, int, int, java.lang.String);com.mongodb.Bytes;0;0;0;0;0;0;0;0
com.mongodb.QueryBuilder.lessThanEquals(java.lang.Object);com.mongodb.QueryOperators;0;0;0;0;0;0;0;0
org.bson.io.OutputBuffer.md5();com.mongodb.util.Util;0;0;0;0;0;0;0;0
com.mongodb.Mongo.toString();com.mongodb.ServerAddress;0;0;0;0;0;0;0;0
com.mongodb.DBPortPool.ok(com.mongodb.DBPort);com.mongodb.ServerAddress;0;0;0;0;0;0;0;0
org.bson.io.PoolOutputBuffer.asString(java.lang.String);org.bson.io.OutputBuffer;0;0;0;0;0;0;0;0
com.mongodb.gridfs.GridFSFile.validate();com.mongodb.gridfs.GridFS;0;0;0;0;0;0;0;0
com.mongodb.DBPortPool.createObjectName(com.mongodb.ServerAddress);com.mongodb.MongoOptions;0;0;0;0;0;0;0;0
com.mongodb.DBApiLayer.remove(com.mongodb.DBEncoder, com.mongodb.DBObject, com.mongodb.WriteConcern);com.mongodb.OutMessage;0;0;0;0;0;0;0;0
com.mongodb.LazyDBDecoder.decode(com.mongodb.DBCollection, java.io.InputStream);org.bson.LazyBSONDecoder;0;0;0;0;0;0;0;0
com.mongodb.LazyDBDecoder.decode(byte[], com.mongodb.DBCollection);org.bson.LazyBSONDecoder;0;0;0;0;0;0;0;0
com.mongodb.DBCollection.mapReduce(com.mongodb.MapReduceCommand);com.mongodb.MapReduceCommand;0;0;0;0;0;0;0;0
org.bson.LazyBSONDecoder.decode(java.io.InputStream, org.bson.BSONCallback);org.bson.io.Bits;0;0;0;0;0;0;0;0
com.mongodb.DBCollection.rename(boolean, java.lang.String);com.mongodb.BasicDBObjectBuilder;0;0;0;0;0;0;0;0
com.mongodb.MapReduceOutput.toString();com.mongodb.BasicDBObject;0;0;0;0;0;0;0;0
com.mongodb.util.TestCase.cleanup();com.mongodb.Mongo;0;0;0;0;0;0;0;0
com.mongodb.DBTCPConnector.call(com.mongodb.DB, com.mongodb.DBCollection, com.mongodb.DBDecoder, com.mongodb.OutMessage, com.mongodb.ReadPreference, com.mongodb.ServerAddress, int);com.mongodb.Response;0;0;0;0;0;0;0;0
com.mongodb.Mongo.unlock();com.mongodb.DB;0;0;0;0;0;0;0;0
com.mongodb.DBApiLayer.__find(com.mongodb.DBDecoder, com.mongodb.DBObject, com.mongodb.DBObject, com.mongodb.ReadPreference, int, int, int, int);com.mongodb.DB;0;0;0;0;0;0;0;0
com.mongodb.DefaultDBEncoder.putSpecial(java.lang.Object, java.lang.String);com.mongodb.DBRefBase;0;0;0;0;0;0;0;0
com.mongodb.DBTCPConnector.fetchMaxBsonObjectSize();org.bson.BasicBSONObject;0;0;0;0;0;0;0;0
com.mongodb.OutMessage.putObject(org.bson.BSONObject);com.mongodb.Mongo;0;0;0;0;0;0;0;0
com.mongodb.Mongo.getReplicaSetStatus();com.mongodb.DBTCPConnector;0;0;0;0;0;0;0;0
com.mongodb.Mongo.getMaxBsonObjectSize();com.mongodb.Bytes;0;0;0;0;0;0;0;0
com.mongodb.DBCollection.addOption(int);com.mongodb.Bytes;0;0;0;0;0;0;0;0
com.mongodb.DBApiLayer.killCursors(com.mongodb.ServerAddress, java.util.List<java.lang.Long>);org.bson.BasicBSONEncoder;0;0;0;0;0;0;0;0
com.mongodb.DBApiLayer.insert(boolean, com.mongodb.DBEncoder, com.mongodb.DBObject[], com.mongodb.WriteConcern);com.mongodb.DB;0;0;0;0;0;0;0;0
com.mongodb.DBTCPConnector.get(boolean, com.mongodb.ReadPreference, com.mongodb.ServerAddress);com.mongodb.ReadPreference;0;0;0;0;0;0;0;0
com.mongodb.MongoURI.connectCollection(com.mongodb.DB);com.mongodb.DB;0;0;0;0;0;0;0;0
com.mongodb.DBCollection.getInternalClass(java.lang.String);com.mongodb.ReflectionDBObject;0;0;0;0;0;0;0;0
com.mongodb.DBCollection.getCount(com.mongodb.DBObject, com.mongodb.DBObject, long, long);org.bson.BasicBSONObject;0;0;0;0;0;0;0;0
org.bson.LazyBSONObject.getElementsToKey(java.lang.String);org.bson.io.BSONByteBuffer;0;0;0;0;0;0;0;0
com.mongodb.DB.dropDatabase();com.mongodb.Mongo;0;0;0;0;0;0;0;0
com.mongodb.DB.command(com.mongodb.DBObject, com.mongodb.ReadPreference, int);com.mongodb.CommandResult;0;0;0;0;0;0;0;0
com.mongodb.DBCollection.findAndModify(boolean, boolean, boolean, com.mongodb.DBObject, com.mongodb.DBObject, com.mongodb.DBObject, com.mongodb.DBObject);com.mongodb.DB;0;0;0;0;0;0;0;0
com.mongodb.gridfs.GridFS.find(com.mongodb.DBObject);com.mongodb.DBCollection;0;0;0;0;0;0;0;0
com.mongodb.MapReduceOutput.getServerUsed();com.mongodb.CommandResult;0;0;0;0;0;0;0;0
org.bson.BasicBSONEncoder._put(byte, java.lang.String);org.bson.io.OutputBuffer;0;0;0;0;0;0;0;0
com.mongodb.OutMessage.putObject(org.bson.BSONObject);com.mongodb.Bytes;0;0;0;0;0;0;0;0
org.bson.BasicBSONEncoder.putBinary(java.lang.String, org.bson.types.Binary);org.bson.types.Binary;0;0;0;0;0;0;0;0
com.mongodb.DBCursor.slaveOk();com.mongodb.Bytes;0;0;0;0;0;0;0;0
com.mongodb.DBTCPConnector.testMaster();com.mongodb.DBPort;0;0;0;0;0;0;0;0
com.mongodb.Mongo.resetOptions();com.mongodb.Bytes;0;0;0;0;0;0;0;0
com.mongodb.DBPortPool.cleanup(com.mongodb.DBPort);com.mongodb.DBPort;0;0;0;0;0;0;0;0
com.mongodb.gridfs.GridFSInputFile._finishData();com.mongodb.gridfs.GridFSFile;0;0;0;0;0;0;0;0
com.mongodb.DBCollection.getCount(com.mongodb.DBObject, com.mongodb.DBObject, long, long);com.mongodb.DB;0;0;0;0;0;0;0;0
com.mongodb.Mongo.unlock();com.mongodb.DBCollection;0;0;0;0;0;0;0;0
com.mongodb.CommandResult.getErrorMessage();org.bson.BasicBSONObject;0;0;0;0;0;0;0;0
com.mongodb.DBCollection.getCollection(java.lang.String);com.mongodb.DB;0;0;0;0;0;0;0;0
com.mongodb.LazyWriteableDBObject.get(java.lang.String);org.bson.LazyBSONObject;0;0;0;0;0;0;0;0
com.mongodb.CommandResult.getException();com.mongodb.BasicDBObject;0;0;0;0;0;0;0;0
com.mongodb.DBCollection.drop();com.mongodb.CommandResult;0;0;0;0;0;0;0;0
com.mongodb.DBPortPool.get();com.mongodb.DBPort;0;0;0;0;0;0;0;0
org.bson.BasicBSONEncoder._putValueString(java.lang.String);org.bson.io.OutputBuffer;0;0;0;0;0;0;0;0
com.mongodb.DBApiLayer.insert(boolean, com.mongodb.DBEncoder, com.mongodb.DBObject[], com.mongodb.WriteConcern);com.mongodb.WriteConcern;0;0;0;0;0;0;0;0
com.mongodb.OutMessage.size();org.bson.io.PoolOutputBuffer;0;0;0;0;0;0;0;0
com.mongodb.MongoOptions.getWriteConcern();com.mongodb.WriteConcern;0;0;0;0;0;0;0;0
org.bson.BasicBSONEncoder.putNumber(java.lang.Number, java.lang.String);org.bson.io.OutputBuffer;0;0;0;0;0;0;0;0
com.mongodb.util.JSONCallback.objectStart(boolean, java.lang.String);org.bson.BasicBSONCallback;0;0;0;0;0;0;0;0
com.mongodb.DBPort.findOne(com.mongodb.DB, com.mongodb.DBObject, java.lang.String);com.mongodb.DB;0;0;0;0;0;0;0;0
com.mongodb.QueryBuilder.in(java.lang.Object);com.mongodb.QueryOperators;0;0;0;0;0;0;0;0
com.mongodb.OutMessage.pipe(java.io.OutputStream);org.bson.io.PoolOutputBuffer;0;0;0;0;0;0;0;0
com.mongodb.DBCollection.group(com.mongodb.DBObject);com.mongodb.CommandResult;0;0;0;0;0;0;0;0
com.mongodb.BasicDBObject.copy();org.bson.BasicBSONObject;0;0;0;0;0;0;0;0
com.mongodb.DBTCPConnector.requestEnsureConnection();com.mongodb.DBPortPool;0;0;0;0;0;0;0;0
org.bson.BasicBSONEncoder.putTimestamp(java.lang.String, org.bson.types.BSONTimestamp);org.bson.io.OutputBuffer;0;0;0;0;0;0;0;0
com.mongodb.DBCursor.numGetMores();com.mongodb.DBApiLayer;0;0;0;0;0;0;0;0
com.mongodb.DBCollection.setDBEncoderFactory(com.mongodb.DBEncoderFactory);com.mongodb.DB;0;0;0;0;0;0;0;0
com.mongodb.BasicDBList.toString();com.mongodb.util.JSON;0;0;0;0;0;0;0;0
org.bson.LazyBSONDecoder.decode(java.io.InputStream, org.bson.BSONCallback);org.bson.util.ExposedByteArrayInputStream;0;0;0;0;0;0;0;0
com.mongodb.DBApiLayer.remove(com.mongodb.DBEncoder, com.mongodb.DBObject, com.mongodb.WriteConcern);com.mongodb.DefaultDBEncoder;0;0;0;0;0;0;0;0
org.bson.KeyCachingLazyBSONObject.ensureFieldList();org.bson.io.BSONByteBuffer;0;0;0;0;0;0;0;0
com.mongodb.Mongo._applyMongoOptions();com.mongodb.MongoOptions;0;0;0;0;0;0;0;0
com.mongodb.DBApiLayer.killCursor();com.mongodb.Response;0;0;0;0;0;0;0;0
com.mongodb.DB.resetOptions();com.mongodb.Bytes;0;0;0;0;0;0;0;0
com.mongodb.DBTCPConnector.get(boolean, com.mongodb.ReadPreference, com.mongodb.ServerAddress);com.mongodb.DBPortPool;0;0;0;0;0;0;0;0
com.mongodb.gridfs.GridFSInputFile.save();com.mongodb.gridfs.GridFSFile;0;0;0;0;0;0;0;0
com.mongodb.DBPort.findOne(com.mongodb.DB, com.mongodb.DBObject, java.lang.String);com.mongodb.DefaultDBDecoder;0;0;0;0;0;0;0;0
com.mongodb.DBCollection.rename(boolean, java.lang.String);com.mongodb.DB;0;0;0;0;0;0;0;0
com.mongodb.DBPort.findOne(com.mongodb.DBObject, java.lang.String);com.mongodb.DefaultDBDecoder;0;0;0;0;0;0;0;0
org.bson.BasicBSONEncoder._putObjectField(java.lang.Object, java.lang.String);com.mongodb.DBRefBase;0;0;0;0;0;0;0;0
com.mongodb.DBTCPConnector.say(com.mongodb.DB, com.mongodb.OutMessage, com.mongodb.ServerAddress, com.mongodb.WriteConcern);com.mongodb.DBPort;0;0;0;0;0;0;0;0
com.mongodb.Mongo.isLocked();com.mongodb.DBCollection;0;0;0;0;0;0;0;0
com.mongodb.DefaultDBCallback.gotDBRef(java.lang.String, java.lang.String, org.bson.types.ObjectId);org.bson.types.ObjectId;0;0;0;0;0;0;0;0
com.mongodb.DBTCPConnector.updatePortPool(com.mongodb.ServerAddress);com.mongodb.DBPortPool;0;0;0;0;0;0;0;0
org.bson.LazyBSONObject.getBSONSize(int);org.bson.io.BSONByteBuffer;0;0;0;0;0;0;0;0
com.mongodb.DBPortPool.gotError(java.lang.Exception);com.mongodb.Bytes;0;0;0;0;0;0;0;0
com.mongodb.DBTCPConnector.requestDone();com.mongodb.DBPort;0;0;0;0;0;0;0;0
com.mongodb.gridfs.GridFSDBFile.getChunk(int);com.mongodb.BasicDBObjectBuilder;0;0;0;0;0;0;0;0
com.mongodb.WriteResult.toString();com.mongodb.BasicDBObject;0;0;0;0;0;0;0;0
com.mongodb.DBPortPool.get(com.mongodb.ServerAddress);com.mongodb.Bytes;0;0;0;0;0;0;0;0
com.mongodb.BasicDBList.copy();com.mongodb.BasicDBObject;0;0;0;0;0;0;0;0
com.mongodb.DBTCPConnector.fetchMaxBsonObjectSize();com.mongodb.Bytes;0;0;0;0;0;0;0;0
org.bson.LazyBSONObject.getElementValue(org.bson.LazyBSONObject.ElementRecord);org.bson.io.BSONByteBuffer;0;0;0;0;0;0;0;0
com.mongodb.DB.slaveOk();com.mongodb.Bytes;0;0;0;0;0;0;0;0
com.mongodb.gridfs.GridFSInputFile._dumpBuffer(boolean);com.mongodb.gridfs.GridFS;0;0;0;0;0;0;0;0
com.mongodb.DB.getCollectionNames();com.mongodb.DBCollection;0;0;0;0;0;0;0;0
com.mongodb.DBCollection.distinct(com.mongodb.DBObject, java.lang.String);com.mongodb.DB;0;0;0;0;0;0;0;0
com.mongodb.DefaultDBDecoder.decode(com.mongodb.DBCollection, java.io.InputStream);org.bson.BasicBSONDecoder;0;0;0;0;0;0;0;0
com.mongodb.GroupCommand.toDBObject();org.bson.BasicBSONObject;0;0;0;0;0;0;0;0
com.mongodb.Mongo.getAddress();com.mongodb.DBTCPConnector;0;0;0;0;0;0;0;0
com.mongodb.DBApiLayer.update(boolean, boolean, com.mongodb.DBEncoder, com.mongodb.DBObject, com.mongodb.DBObject, com.mongodb.WriteConcern);com.mongodb.util.JSON;0;0;0;0;0;0;0;0
com.mongodb.DBCollection.distinct(com.mongodb.DBObject, java.lang.String);org.bson.BasicBSONObject;0;0;0;0;0;0;0;0
com.mongodb.DBApiLayer.createIndex(com.mongodb.DBEncoder, com.mongodb.DBObject, com.mongodb.DBObject);com.mongodb.WriteConcern;0;0;0;0;0;0;0;0
org.bson.io.BSONByteBuffer.getCString(int);org.bson.io.PoolOutputBuffer;0;0;0;0;0;0;0;0
org.bson.LazyBSONList.size();org.bson.LazyBSONObject;0;0;0;0;0;0;0;0
com.mongodb.DBApiLayer.finalize();com.mongodb.Response;0;0;0;0;0;0;0;0
com.mongodb.ReplicaSetStatus.update(java.util.Set<com.mongodb.ReplicaSetStatus.Node>);com.mongodb.DBPort;0;0;0;0;0;0;0;0
com.mongodb.DB.getSisterDB(java.lang.String);com.mongodb.Mongo;0;0;0;0;0;0;0;0
com.mongodb.DBTCPConnector.debugString();com.mongodb.ServerAddress;0;0;0;0;0;0;0;0
com.mongodb.Mongo.isLocked();com.mongodb.DB;0;0;0;0;0;0;0;0
com.mongodb.DBPort.convertToCR(com.mongodb.Response);org.bson.BasicBSONObject;0;0;0;0;0;0;0;0
com.mongodb.DB._hash(char[], java.lang.String);com.mongodb.util.Util;0;0;0;0;0;0;0;0
com.mongodb.util.TestNGListener._recordResults(com.mongodb.util.ITestContext);com.mongodb.DB;0;0;0;0;0;0;0;0
org.bson.LazyBSONList.get(int);org.bson.LazyBSONObject;0;0;0;0;0;0;0;0
com.mongodb.util.JSONCallback.objectDone();org.bson.BasicBSONCallback;0;0;0;0;0;0;0;0
org.bson.BasicBSONEncoder._putObjectField(java.lang.Object, java.lang.String);org.bson.BSON;0;0;0;0;0;0;0;0
com.mongodb.CommandResult.getException();org.bson.BasicBSONObject;0;0;0;0;0;0;0;0
com.mongodb.DBTCPConnector.testMaster();com.mongodb.DBPortPool;0;0;0;0;0;0;0;0
org.bson.BasicBSONEncoder.putObjectId(java.lang.String, org.bson.types.ObjectId);org.bson.types.ObjectId;0;0;0;0;0;0;0;0
com.mongodb.DBTCPConnector.getServerAddressList();com.mongodb.ReplicaSetStatus;0;0;0;0;0;0;0;0
com.mongodb.DBTCPConnector.getAddress();com.mongodb.DBPortPool;0;0;0;0;0;0;0;0
com.mongodb.gridfs.GridFSInputFile.save(long);com.mongodb.gridfs.GridFSFile;0;0;0;0;0;0;0;0
com.mongodb.gridfs.GridFSDBFile.getChunk(int);com.mongodb.gridfs.GridFS;0;0;0;0;0;0;0;0
com.mongodb.DBApiLayer.init(com.mongodb.Response);com.mongodb.Bytes;0;0;0;0;0;0;0;0
com.mongodb.DefaultDBEncoder.writeObject(org.bson.BSONObject, org.bson.io.OutputBuffer);org.bson.BasicBSONEncoder;0;0;0;0;0;0;0;0
com.mongodb.DBCollection.getCount(com.mongodb.DBObject, com.mongodb.DBObject, long, long);com.mongodb.CommandResult;0;0;0;0;0;0;0;0
org.bson.types.CodeWScope.hashCode();org.bson.types.Code;0;0;0;0;0;0;0;0
com.mongodb.DBApiLayer.insert(boolean, com.mongodb.DBEncoder, com.mongodb.DBObject[], com.mongodb.WriteConcern);org.bson.BasicBSONEncoder;0;0;0;0;0;0;0;0
com.mongodb.LazyWriteableDBCallback.createObject(byte[], int);com.mongodb.LazyWriteableDBObject;0;0;0;0;0;0;0;0
com.mongodb.DBPort.checkAuth(com.mongodb.DB);com.mongodb.DB;0;0;0;0;0;0;0;0
org.bson.LazyBSONObject.next();org.bson.io.BSONByteBuffer;0;0;0;0;0;0;0;0
com.mongodb.gridfs.GridFS.find(com.mongodb.DBObject);com.mongodb.DBCursor;0;0;0;0;0;0;0;0
com.mongodb.Mongo.debugString();com.mongodb.DBTCPConnector;0;0;0;0;0;0;0;0
com.mongodb.DB.createCollection(com.mongodb.DBObject, java.lang.String);com.mongodb.CommandResult;0;0;0;0;0;0;0;0
com.mongodb.DBCollection.distinct(com.mongodb.DBObject, java.lang.String);com.mongodb.CommandResult;0;0;0;0;0;0;0;0
com.mongodb.OutMessage.doneWithMessage();com.mongodb.Mongo;0;0;0;0;0;0;0;0
com.mongodb.util.JSONCallback.objectDone();org.bson.BSON;0;0;0;0;0;0;0;0
com.mongodb.DBTCPConnector.close();com.mongodb.ReplicaSetStatus;0;0;0;0;0;0;0;0
com.mongodb.QueryBuilder.addOperand(java.lang.Object, java.lang.String);org.bson.BasicBSONObject;0;0;0;0;0;0;0;0
com.mongodb.DBTCPConnector.testMaster();com.mongodb.Mongo;0;0;0;0;0;0;0;0
com.mongodb.DB.addUser(boolean, char[], java.lang.String);com.mongodb.DBCollection;0;0;0;0;0;0;0;0
com.mongodb.DBCollection.setOptions(int);com.mongodb.Bytes;0;0;0;0;0;0;0;0
com.mongodb.DBTCPConnector.error(com.mongodb.DBPort, java.lang.Exception);com.mongodb.DBPort;0;0;0;0;0;0;0;0
com.mongodb.DB.getLastError(boolean, int, int);com.mongodb.WriteConcern;0;0;0;0;0;0;0;0
com.mongodb.MongoOptions.reset();com.mongodb.Bytes;0;0;0;0;0;0;0;0
com.mongodb.DBPort.go(boolean, com.mongodb.DBCollection, com.mongodb.DBDecoder, com.mongodb.OutMessage, com.mongodb.ReadPreference);com.mongodb.DBPortPool;0;0;0;0;0;0;0;0
com.mongodb.DBPort.convertToCR(com.mongodb.Response);com.mongodb.Response;0;0;0;0;0;0;0;0
com.mongodb.DBCollection.getIndexInfo();com.mongodb.DB;0;0;0;0;0;0;0;0
com.mongodb.DBTCPConnector._checkWriteError(com.mongodb.DB, com.mongodb.DBPort, com.mongodb.DBTCPConnector.MyPort, com.mongodb.WriteConcern);com.mongodb.WriteConcern;0;0;0;0;0;0;0;0
com.mongodb.QueryBuilder.size(java.lang.Object);com.mongodb.QueryOperators;0;0;0;0;0;0;0;0
com.mongodb.OutMessage.putObject(org.bson.BSONObject);com.mongodb.DBTCPConnector;0;0;0;0;0;0;0;0
com.mongodb.DB.getLastError(com.mongodb.WriteConcern);com.mongodb.WriteConcern;0;0;0;0;0;0;0;0
com.mongodb.Mongo.getServerAddressList();com.mongodb.DBTCPConnector;0;0;0;0;0;0;0;0
com.mongodb.DBPort.checkAuth(com.mongodb.DB);com.mongodb.Mongo;0;0;0;0;0;0;0;0
com.mongodb.DBCollection.getWriteConcern();com.mongodb.DB;0;0;0;0;0;0;0;0
org.bson.KeyCachingLazyBSONObject.containsField(java.lang.String);org.bson.LazyBSONObject;0;0;0;0;0;0;0;0
com.mongodb.OutMessage._appendQuery(com.mongodb.DBObject, com.mongodb.DBObject, com.mongodb.ReadPreference, int, int, int, java.lang.String);org.bson.BasicBSONEncoder;0;0;0;0;0;0;0;0
org.bson.BasicBSONCallback.gotBinaryArray(byte[], java.lang.String);org.bson.BSON;0;0;0;0;0;0;0;0
com.mongodb.WriteResult.getLastError(com.mongodb.WriteConcern);com.mongodb.DBPort;0;0;0;0;0;0;0;0
org.bson.KeyCachingLazyBSONObject.ensureFieldList();org.bson.LazyBSONObject;0;0;0;0;0;0;0;0
com.mongodb.Response.getError();com.mongodb.ServerError;0;0;0;0;0;0;0;0
org.bson.io.PoolOutputBuffer.asString(java.lang.String);org.bson.io.UTF8Encoding;0;0;0;0;0;0;0;0
com.mongodb.Mongo.slaveOk();com.mongodb.Bytes;0;0;0;0;0;0;0;0
com.mongodb.DBPort._open();com.mongodb.util.ThreadUtil;0;3;2;0.8695652173913043;1.0;24;89;35
org.bson.BasicBSONCallback.objectDone();org.bson.BSON;0;0;0;0;0;0;0;0
org.bson.LazyBSONObject.getBSONSize();org.bson.io.BSONByteBuffer;0;0;0;0;0;0;0;0
com.mongodb.DB._doauth(byte[], java.lang.String);org.bson.BasicBSONObject;0;0;0;0;0;0;0;0
com.mongodb.Mongo.getAllAddress();com.mongodb.DBTCPConnector;0;0;0;0;0;0;0;0
com.mongodb.DBApiLayer.__find(com.mongodb.DBDecoder, com.mongodb.DBObject, com.mongodb.DBObject, com.mongodb.ReadPreference, int, int, int, int);com.mongodb.MongoException;0;0;0;0;0;0;0;0
com.mongodb.CommandResult.hasErr();org.bson.BasicBSONObject;0;0;0;0;0;0;0;0
com.mongodb.OutMessage.putObject(org.bson.BSONObject);org.bson.BasicBSONEncoder;0;0;0;0;0;0;0;0
com.mongodb.DefaultDBEncoder.putDBPointer(java.lang.String, java.lang.String, org.bson.types.ObjectId);org.bson.types.ObjectId;0;0;0;0;0;0;0;0
com.mongodb.DBPort.checkAuth(com.mongodb.DB);org.bson.BasicBSONObject;0;0;0;0;0;0;0;0
com.mongodb.Mongo.fsync(boolean);com.mongodb.DB;0;0;0;0;0;0;0;0
com.mongodb.gridfs.GridFSInputFile._finishData();com.mongodb.util.Util;0;0;0;0;0;0;0;0
org.bson.LazyBSONObject.sizeCString(int);org.bson.io.BSONByteBuffer;0;0;0;0;0;0;0;0
org.bson.BasicBSONObject.toString();com.mongodb.util.JSON;0;0;0;0;0;0;0;0
com.mongodb.DB.authenticateCommand(char[], java.lang.String);com.mongodb.CommandResult;0;0;0;0;0;0;0;0
com.mongodb.DBTCPConnector.start();com.mongodb.ReplicaSetStatus;0;0;0;0;0;0;0;0
org.bson.LazyBSONObject.getElementType(int);org.bson.io.BSONByteBuffer;0;0;0;0;0;0;0;0
com.mongodb.DBApiLayer.insert(boolean, com.mongodb.DBEncoder, com.mongodb.DBObject[], com.mongodb.WriteConcern);org.bson.types.ObjectId;0;0;0;0;0;0;0;0
com.mongodb.util.OptionMap.getInt(int, java.lang.String);com.mongodb.util.StringParseUtil;1;0;1;1.0;1.0;3;3;120
com.mongodb.DBApiLayer._advance();org.bson.BasicBSONEncoder;0;0;0;0;0;0;0;0
com.mongodb.DBCollection.setDBDecoderFactory(com.mongodb.DBDecoderFactory);com.mongodb.Mongo;0;0;0;0;0;0;0;0
com.mongodb.DBPortPool.gotError(java.lang.Exception);com.mongodb.DBPort;0;0;0;0;0;0;0;0
com.mongodb.DBApiLayer.update(boolean, boolean, com.mongodb.DBEncoder, com.mongodb.DBObject, com.mongodb.DBObject, com.mongodb.WriteConcern);com.mongodb.DBCollection;0;0;0;0;0;0;0;0
org.bson.BasicBSONEncoder.putCode(java.lang.String, org.bson.types.Code);org.bson.types.Code;0;0;0;0;0;0;0;0
com.mongodb.MongoURI.connectCollection(com.mongodb.Mongo);com.mongodb.DB;0;0;0;0;0;0;0;0
org.bson.LazyBSONObject.getElementValue(org.bson.LazyBSONObject.ElementRecord);org.bson.LazyBSONCallback;0;0;0;0;0;0;0;0
com.mongodb.Mongo.dropDatabase(java.lang.String);com.mongodb.DB;0;0;0;0;0;0;0;0
org.bson.BasicBSONEncoder._put(java.lang.String);org.bson.io.OutputBuffer;0;0;0;0;0;0;0;0
com.mongodb.QueryBuilder.greaterThanEquals(java.lang.Object);com.mongodb.QueryOperators;0;0;0;0;0;0;0;0
com.mongodb.DBApiLayer.remove(com.mongodb.DBEncoder, com.mongodb.DBObject, com.mongodb.WriteConcern);org.bson.BasicBSONEncoder;0;0;0;0;0;0;0;0
com.mongodb.DBRefBase.fetch();com.mongodb.DBCollection;0;0;0;0;0;0;0;0
com.mongodb.DBPort.findOne(com.mongodb.DBObject, java.lang.String);com.mongodb.OutMessage;0;0;0;0;0;0;0;0
com.mongodb.DBTCPConnector.fetchMaxBsonObjectSize();com.mongodb.Mongo;0;0;0;0;0;0;0;0
com.mongodb.DefaultDBEncoder.putDBRef(com.mongodb.DBRefBase, java.lang.String);org.bson.io.OutputBuffer;0;0;0;0;0;0;0;0
com.mongodb.MongoURI.connectDB();com.mongodb.Mongo;0;0;0;0;0;0;0;0
com.mongodb.CommandResult.getCode();org.bson.BasicBSONObject;0;0;0;0;0;0;0;0
com.mongodb.DBCursor.close();com.mongodb.DBApiLayer;0;0;0;0;0;0;0;0
com.mongodb.DefaultDBCallback._create(java.util.List<java.lang.String>);com.mongodb.DBCollection;0;0;0;0;0;0;0;0
org.bson.BasicBSONEncoder.putObject(java.lang.String, org.bson.BSONObject);org.bson.io.OutputBuffer;0;0;0;0;0;0;0;0
com.mongodb.QueryBuilder.notIn(java.lang.Object);com.mongodb.QueryOperators;0;0;0;0;0;0;0;0
com.mongodb.Mongo.run();com.mongodb.DBTCPConnector;0;0;0;0;0;0;0;0
com.mongodb.DBTCPConnector.get(boolean, com.mongodb.ReadPreference, com.mongodb.ServerAddress);com.mongodb.ReplicaSetStatus;0;0;0;0;0;0;0;0
com.mongodb.DBCursor.getCursorId();com.mongodb.DBApiLayer;0;0;0;0;0;0;0;0
com.mongodb.MongoURI.connectDB(com.mongodb.Mongo);com.mongodb.Mongo;0;0;0;0;0;0;0;0
org.bson.BasicBSONEncoder.putIterable(java.lang.Iterable, java.lang.String);org.bson.io.OutputBuffer;0;0;0;0;0;0;0;0
org.bson.KeyCachingLazyBSONObject.get(java.lang.String);org.bson.LazyBSONObject;0;0;0;0;0;0;0;0
org.bson.BasicBSONEncoder.putArray(java.lang.Object, java.lang.String);org.bson.io.OutputBuffer;0;0;0;0;0;0;0;0
com.mongodb.DBAddress.equals(java.lang.Object);com.mongodb.ServerAddress;0;0;0;0;0;0;0;0
com.mongodb.Mongo.run();com.mongodb.DB;0;0;0;0;0;0;0;0
com.mongodb.DBApiLayer.remove(com.mongodb.DBEncoder, com.mongodb.DBObject, com.mongodb.WriteConcern);com.mongodb.util.JSON;0;0;0;0;0;0;0;0
com.mongodb.DB._doauth(byte[], java.lang.String);com.mongodb.CommandResult;0;0;0;0;0;0;0;0
com.mongodb.MongoURI.parseOptions(java.lang.String);com.mongodb.MongoOptions;0;0;0;0;0;0;0;0
com.mongodb.DB.getReadPreference();com.mongodb.Mongo;0;0;0;0;0;0;0;0
com.mongodb.QueryBuilder.mod(java.lang.Object);com.mongodb.QueryOperators;0;0;0;0;0;0;0;0
com.mongodb.DBCollection.dropIndexes(java.lang.String);com.mongodb.DB;0;0;0;0;0;0;0;0
com.mongodb.gridfs.GridFSDBFile.remove();com.mongodb.DBCollection;0;0;0;0;0;0;0;0
com.mongodb.DBTCPConnector.call(com.mongodb.DB, com.mongodb.DBCollection, com.mongodb.DBDecoder, com.mongodb.OutMessage, com.mongodb.ReadPreference, com.mongodb.ServerAddress, int);com.mongodb.DBPort;0;0;0;0;0;0;0;0
com.mongodb.gridfs.GridFSDBFile.remove();com.mongodb.gridfs.GridFS;0;0;0;0;0;0;0;0
com.mongodb.DBCollection.save(com.mongodb.DBObject, com.mongodb.WriteConcern);org.bson.types.ObjectId;0;0;0;0;0;0;0;0
org.bson.LazyBSONObject.getElementFieldName(int);org.bson.io.BSONByteBuffer;0;0;0;0;0;0;0;0
com.mongodb.DefaultDBCallback.objectStart(boolean, java.lang.String);org.bson.BasicBSONCallback;0;0;0;0;0;0;0;0
com.mongodb.DBCollection.group(com.mongodb.GroupCommand);com.mongodb.GroupCommand;0;0;0;0;0;0;0;0
com.mongodb.LazyWriteableDBObject.isEmpty();org.bson.LazyBSONObject;0;0;0;0;0;0;0;0
com.mongodb.DBApiLayer.hasNext();com.mongodb.Response;0;0;0;0;0;0;0;0
com.mongodb.DBTCPConnector.call(com.mongodb.DB, com.mongodb.DBCollection, com.mongodb.DBDecoder, com.mongodb.OutMessage, com.mongodb.ReadPreference, com.mongodb.ServerAddress, int);com.mongodb.ReadPreference;0;0;0;0;0;0;0;0
com.mongodb.DBTCPConnector.checkMaster(boolean, boolean);com.mongodb.ReplicaSetStatus;0;0;0;0;0;0;0;0
com.mongodb.DBCollection.getOptions();com.mongodb.Bytes;0;0;0;0;0;0;0;0
com.mongodb.WriteResult.getField(java.lang.String);org.bson.BasicBSONObject;0;0;0;0;0;0;0;0
com.mongodb.DBTCPConnector._checkWriteError(com.mongodb.DB, com.mongodb.DBPort, com.mongodb.DBTCPConnector.MyPort, com.mongodb.WriteConcern);com.mongodb.CommandResult;0;0;0;0;0;0;0;0
com.mongodb.WriteResult.getN();org.bson.BasicBSONObject;0;0;0;0;0;0;0;0
com.mongodb.DBApiLayer.update(boolean, boolean, com.mongodb.DBEncoder, com.mongodb.DBObject, com.mongodb.DBObject, com.mongodb.WriteConcern);com.mongodb.DefaultDBEncoder;0;0;0;0;0;0;0;0
com.mongodb.ReplicaSetStatus.update(java.util.Set<com.mongodb.ReplicaSetStatus.Node>);org.bson.BasicBSONObject;0;0;0;0;0;0;0;0
org.bson.types.CodeWScope.equals(java.lang.Object);org.bson.types.Code;0;0;0;0;0;0;0;0
com.mongodb.LazyWriteableDBObject.removeField(java.lang.String);org.bson.LazyBSONObject;0;0;0;0;0;0;0;0
com.mongodb.DBCollection.mapReduce(com.mongodb.MapReduceCommand);com.mongodb.DB;0;0;0;0;0;0;0;0
com.mongodb.DBCollection.findAndModify(boolean, boolean, boolean, com.mongodb.DBObject, com.mongodb.DBObject, com.mongodb.DBObject, com.mongodb.DBObject);org.bson.BasicBSONObject;0;0;0;0;0;0;0;0
com.mongodb.DBApiLayer.killCursor();com.mongodb.Bytes;0;0;0;0;0;0;0;0
com.mongodb.DBPort._open();com.mongodb.MongoOptions;0;0;0;0;0;0;0;0
com.mongodb.DBCollection.drop();com.mongodb.BasicDBObjectBuilder;2;2;3;0.9487179487179487;0.8888888888888888;8;189;10
org.bson.BasicBSONEncoder.putBinary(byte[], int, java.lang.String);org.bson.io.OutputBuffer;0;0;0;0;0;0;0;0
com.mongodb.gridfs.GridFSFile.save();com.mongodb.gridfs.GridFS;0;0;0;0;0;0;0;0
org.bson.LazyBSONList.next();org.bson.LazyBSONObject;0;0;0;0;0;0;0;0
com.mongodb.DB.command(com.mongodb.DBObject, com.mongodb.ReadPreference, int);com.mongodb.DefaultDBDecoder;0;0;0;0;0;0;0;0
org.bson.BasicBSONObject.getInt(int, java.lang.String);org.bson.BSON;0;0;0;0;0;0;0;0
com.mongodb.DB.dropDatabase();com.mongodb.CommandResult;0;0;0;0;0;0;0;0
com.mongodb.gridfs.GridFSInputFile.saveChunks();com.mongodb.gridfs.GridFSFile;0;0;0;0;0;0;0;0
com.mongodb.DBApiLayer.__find(com.mongodb.DBDecoder, com.mongodb.DBObject, com.mongodb.DBObject, com.mongodb.ReadPreference, int, int, int, int);com.mongodb.Response;0;0;0;0;0;0;0;0
com.mongodb.DBCollection.group(com.mongodb.GroupCommand);com.mongodb.CommandResult;0;0;0;0;0;0;0;0
com.mongodb.DB.getOptions();com.mongodb.Bytes;0;0;0;0;0;0;0;0
com.mongodb.gridfs.GridFS.getFileList(com.mongodb.DBObject);com.mongodb.DBCursor;0;0;0;0;0;0;0;0
com.mongodb.DBCollection.setDBEncoderFactory(com.mongodb.DBEncoderFactory);com.mongodb.MongoOptions;0;0;0;0;0;0;0;0
com.mongodb.DefaultDBDecoder.decode(byte[], com.mongodb.DBCollection);org.bson.BasicBSONDecoder;0;0;0;0;0;0;0;0
com.mongodb.gridfs.GridFSInputFile._dumpBuffer(boolean);com.mongodb.DBCollection;0;0;0;0;0;0;0;0
com.mongodb.DBCollection.findAndModify(boolean, boolean, boolean, com.mongodb.DBObject, com.mongodb.DBObject, com.mongodb.DBObject, com.mongodb.DBObject);com.mongodb.CommandResult;0;0;0;0;0;0;0;0
com.mongodb.gridfs.GridFSFile.save();com.mongodb.DBCollection;0;0;0;0;0;0;0;0
com.mongodb.DB.command(com.mongodb.DBObject, com.mongodb.ReadPreference, int);com.mongodb.DBCollection;0;0;0;0;0;0;0;0
com.mongodb.OutMessage.toByteArray();org.bson.io.OutputBuffer;0;0;0;0;0;0;0;0
com.mongodb.gridfs.GridFSDBFile.writeTo(java.io.OutputStream);com.mongodb.gridfs.GridFSFile;0;0;0;0;0;0;0;0
com.mongodb.DBTCPConnector.done(com.mongodb.DBPort);com.mongodb.DBPort;0;0;0;0;0;0;0;0
com.mongodb.DBTCPConnector.fetchMaxBsonObjectSize();com.mongodb.DBPort;0;0;0;0;0;0;0;0
com.mongodb.DBTCPConnector.call(com.mongodb.DB, com.mongodb.DBCollection, com.mongodb.DBDecoder, com.mongodb.OutMessage, com.mongodb.ReadPreference, com.mongodb.ServerAddress, int);com.mongodb.ServerError;0;0;0;0;0;0;0;0
com.mongodb.DBCollection.getIndexInfo();org.bson.BasicBSONObject;0;0;0;0;0;0;0;0
com.mongodb.DBCursor.toString();com.mongodb.DBCollection;0;0;0;0;0;0;0;0
com.mongodb.DBPort.checkAuth(com.mongodb.DB);com.mongodb.CommandResult;0;0;0;0;0;0;0;0
com.mongodb.DBPortPool.pick(boolean, int);com.mongodb.DBPort;0;0;0;0;0;0;0;0
com.mongodb.DB.eval(java.lang.Object[], java.lang.String);org.bson.BasicBSONObject;0;0;0;0;0;0;0;0
com.mongodb.gridfs.GridFS.findOne(com.mongodb.DBObject);com.mongodb.DBCollection;0;0;0;0;0;0;0;0
com.mongodb.QueryBuilder.greaterThan(java.lang.Object);com.mongodb.QueryOperators;0;0;0;0;0;0;0;0
com.mongodb.DBTCPConnector.call(com.mongodb.DB, com.mongodb.DBCollection, com.mongodb.DBDecoder, com.mongodb.OutMessage, com.mongodb.ReadPreference, com.mongodb.ServerAddress, int);com.mongodb.Bytes;0;0;0;0;0;0;0;0
com.mongodb.DBCollection.resetOptions();com.mongodb.Bytes;0;0;0;0;0;0;0;0
com.mongodb.Response.hasGetMore(int);com.mongodb.Bytes;0;0;0;0;0;0;0;0
com.mongodb.DefaultDBCallback.gotDBRef(java.lang.String, java.lang.String, org.bson.types.ObjectId);com.mongodb.Bytes;0;0;0;0;0;0;0;0
com.mongodb.DBCollection.setObjectClass(java.lang.Class);com.mongodb.ReflectionDBObject;0;0;0;0;0;0;0;0
com.mongodb.DBPort._open();com.mongodb.DBPortPool;1;3;2;0.8695652173913043;0.95;24;89;58
com.mongodb.DBTCPConnector.say(com.mongodb.DB, com.mongodb.OutMessage, com.mongodb.ServerAddress, com.mongodb.WriteConcern);org.bson.BasicBSONObject;0;0;0;0;0;0;0;0
com.mongodb.LazyWriteableDBObject.containsField(java.lang.String);org.bson.LazyBSONObject;0;0;0;0;0;0;0;0
org.bson.BasicBSONEncoder.putDate(java.lang.String, java.util.Date);org.bson.io.OutputBuffer;0;0;0;0;0;0;0;0
com.mongodb.DBTCPConnector.say(com.mongodb.DB, com.mongodb.OutMessage, com.mongodb.ServerAddress, com.mongodb.WriteConcern);com.mongodb.OutMessage;0;0;0;0;0;0;0;0
com.mongodb.DBPort.findOne(com.mongodb.DB, com.mongodb.DBObject, java.lang.String);com.mongodb.OutMessage;0;0;0;0;0;0;0;0
com.mongodb.Mongo.getDatabaseNames();com.mongodb.CommandResult;0;0;0;0;0;0;0;0
org.bson.io.PoolOutputBuffer.asAscii();org.bson.io.OutputBuffer;0;0;0;0;0;0;0;0
org.bson.BasicBSONEncoder.putSymbol(java.lang.String, org.bson.types.Symbol);org.bson.types.Symbol;0;0;0;0;0;0;0;0
com.mongodb.DBCollection.slaveOk();com.mongodb.Bytes;0;0;0;0;0;0;0;0
com.mongodb.DBApiLayer.getCursorId();com.mongodb.Response;0;0;0;0;0;0;0;0
com.mongodb.gridfs.GridFS.remove(com.mongodb.DBObject);com.mongodb.gridfs.GridFSDBFile;0;0;0;0;0;0;0;0
com.mongodb.DefaultDBEncoder.putDBRef(com.mongodb.DBRefBase, java.lang.String);org.bson.BasicBSONEncoder;0;0;0;0;0;0;0;0
com.mongodb.DBApiLayer.remove(com.mongodb.DBEncoder, com.mongodb.DBObject, com.mongodb.WriteConcern);com.mongodb.DBCollection;0;0;0;0;0;0;0;0
com.mongodb.ReplicaSetStatus.update(java.util.Set<com.mongodb.ReplicaSetStatus.Node>);com.mongodb.Bytes;0;0;0;0;0;0;0;0
org.bson.io.BSONInput.readCStr();org.bson.io.PoolOutputBuffer;0;0;0;0;0;0;0;0
com.mongodb.DBTCPConnector.say(com.mongodb.DB, com.mongodb.OutMessage, com.mongodb.ServerAddress, com.mongodb.WriteConcern);com.mongodb.WriteConcern;0;0;0;0;0;0;0;0
com.mongodb.DBCollection.rename(boolean, java.lang.String);com.mongodb.CommandResult;0;0;0;0;0;0;0;0
com.mongodb.DBTCPConnector.call(com.mongodb.DB, com.mongodb.DBCollection, com.mongodb.DBDecoder, com.mongodb.OutMessage, com.mongodb.ReadPreference, com.mongodb.ServerAddress, int);com.mongodb.DBCollection;0;0;0;0;0;0;0;0
com.mongodb.DBApiLayer.__find(com.mongodb.DBDecoder, com.mongodb.DBObject, com.mongodb.DBObject, com.mongodb.ReadPreference, int, int, int, int);com.mongodb.OutMessage;0;0;0;0;0;0;0;0
com.mongodb.gridfs.GridFSFile.toString();com.mongodb.util.JSON;0;0;0;0;0;0;0;0
com.mongodb.ReplicaSetStatus.run();com.mongodb.Mongo;0;0;0;0;0;0;0;0
com.mongodb.DBCollection.group(com.mongodb.GroupCommand);com.mongodb.DB;0;0;0;0;0;0;0;0
com.mongodb.DBPointer.toString();com.mongodb.DBRefBase;0;0;0;0;0;0;0;0
com.mongodb.DBTCPConnector.getDBPortPool(com.mongodb.ServerAddress);com.mongodb.DBPortPool;0;0;0;0;0;0;0;0
com.mongodb.QueryBuilder.exists(java.lang.Object);com.mongodb.QueryOperators;0;0;0;0;0;0;0;0
org.bson.BasicBSONEncoder.putObjectId(java.lang.String, org.bson.types.ObjectId);org.bson.io.OutputBuffer;0;0;0;0;0;0;0;0
com.mongodb.DefaultDBEncoder.putDBPointer(java.lang.String, java.lang.String, org.bson.types.ObjectId);org.bson.io.OutputBuffer;0;0;0;0;0;0;0;0
com.mongodb.OutMessage.reset(int);org.bson.io.PoolOutputBuffer;0;0;0;0;0;0;0;0
org.bson.BasicBSONEncoder.putMap(java.lang.String, java.util.Map);org.bson.io.OutputBuffer;0;0;0;0;0;0;0;0
com.mongodb.DBApiLayer._advance();com.mongodb.Response;0;0;0;0;0;0;0;0
com.mongodb.ReplicaSetStatus.run();com.mongodb.DBTCPConnector;0;0;0;0;0;0;0;0
org.bson.BasicBSONCallback.gotRegex(java.lang.String, java.lang.String, java.lang.String);org.bson.BSON;0;0;0;0;0;0;0;0
com.mongodb.gridfs.GridFSDBFile.getChunk(int);com.mongodb.DBCollection;0;0;0;0;0;0;0;0
org.bson.BasicBSONEncoder.putBoolean(java.lang.Boolean, java.lang.String);org.bson.io.OutputBuffer;0;0;0;0;0;0;0;0
com.mongodb.DBApiLayer.hasNext();com.mongodb.Bytes;0;0;0;0;0;0;0;0
org.bson.BasicBSONDecoder.decode(boolean);org.bson.io.BSONInput;0;0;0;0;0;0;0;0
org.bson.LazyBSONObject.readBinary(int);org.bson.BSON;0;0;0;0;0;0;0;0
com.mongodb.gridfs.GridFS.getFileList(com.mongodb.DBObject);com.mongodb.DBCollection;0;0;0;0;0;0;0;0
com.mongodb.Mongo.addOption(int);com.mongodb.Bytes;0;0;0;0;0;0;0;0
com.mongodb.MongoOptions.reset();com.mongodb.DefaultDBDecoder;0;0;0;0;0;0;0;0
org.bson.BasicBSONCallback.gotBinary(byte, byte[], java.lang.String);org.bson.BSON;0;0;0;0;0;0;0;0
com.mongodb.Mongo._toKey(com.mongodb.MongoURI);com.mongodb.MongoURI;0;0;0;0;0;0;0;0
com.mongodb.gridfs.GridFS.getFileList();com.mongodb.DBCursor;0;0;0;0;0;0;0;0
com.mongodb.gridfs.GridFSDBFile.getChunk(int);com.mongodb.gridfs.GridFSFile;0;0;0;0;0;0;0;0
com.mongodb.DBCollection.isCapped();org.bson.BasicBSONObject;0;0;0;0;0;0;0;0
com.mongodb.ReplicaSetStatus.findNode(java.lang.String);com.mongodb.ServerAddress;0;0;0;0;0;0;0;0
org.bson.LazyBSONObject.toString();com.mongodb.util.JSON;0;0;0;0;0;0;0;0
com.mongodb.DBCursor.addOption(int);com.mongodb.Bytes;0;0;0;0;0;0;0;0
com.mongodb.DBTCPConnector.say(com.mongodb.DB, com.mongodb.OutMessage, com.mongodb.ServerAddress, com.mongodb.WriteConcern);com.mongodb.ReadPreference;0;0;0;0;0;0;0;0
org.bson.BasicBSONEncoder.putBinary(byte[], int, java.lang.String);com.mongodb.util.MyAsserts;0;0;0;0;0;0;0;0
org.bson.LazyBSONObject.getElementValue(org.bson.LazyBSONObject.ElementRecord);org.bson.BSON;0;0;0;0;0;0;0;0
com.mongodb.DBCollection.setDBEncoderFactory(com.mongodb.DBEncoderFactory);com.mongodb.Mongo;0;0;0;0;0;0;0;0
com.mongodb.DB.addOption(int);com.mongodb.Bytes;0;0;0;0;0;0;0;0
com.mongodb.DBApiLayer.update(boolean, boolean, com.mongodb.DBEncoder, com.mongodb.DBObject, com.mongodb.DBObject, com.mongodb.WriteConcern);org.bson.BasicBSONEncoder;0;0;0;0;0;0;0;0
org.bson.BasicBSONEncoder.putUUID(java.lang.String, java.util.UUID);org.bson.io.OutputBuffer;0;0;0;0;0;0;0;0
com.mongodb.LazyWriteableDBCallback.createObject(byte[], int);com.mongodb.LazyDBCallback;0;0;0;0;0;0;0;0
org.bson.BasicBSONDecoder._decode(org.bson.BSONCallback, org.bson.io.BSONInput);org.bson.io.BSONInput;0;0;0;0;0;0;0;0
com.mongodb.DBApiLayer.insert(boolean, com.mongodb.DBEncoder, com.mongodb.DBObject[], com.mongodb.WriteConcern);com.mongodb.DefaultDBEncoder;0;0;0;0;0;0;0;0
org.bson.io.BSONInput.readLong();org.bson.io.Bits;0;0;0;0;0;0;0;0
com.mongodb.Mongo.getConnectPoint();com.mongodb.DBTCPConnector;0;0;0;0;0;0;0;0
com.mongodb.DBCollection.getReadPreference();com.mongodb.DB;0;0;0;0;0;0;0;0
com.mongodb.DB.setOptions(int);com.mongodb.Bytes;0;0;0;0;0;0;0;0
com.mongodb.gridfs.GridFSInputFile._dumpBuffer(boolean);com.mongodb.gridfs.GridFSFile;0;0;0;0;0;0;0;0
