Method;Class;FDP;NIM_D;NAA_D;DISTANCE_D;LOC_D;NMD_D;NAD_D;NIM_E;NAA_E;DISTANCE_E;LOC_E;NMD_E;NAD_E
org.apache.catalina.connector.InputBuffer.read(char[], int, int);org.apache.tomcat.util.res.StringManager;1;0;3;0.9429;210;19;17;1;0;0.8571;52;3;3
org.apache.catalina.ha.tcp.ReplicationValve.resetDeltaRequest(Session);org.apache.catalina.Manager;1;0;2;1.0000;278;16;17;1;0;0.9750;35;35;0
org.apache.catalina.tribes.group.interceptors.NonBlockingCoordinator.handleOtherToken(MemberImpl, CoordinationMessage, Member, Membership);org.apache.catalina.tribes.membership.Membership;0;1;0;0.9808;352;38;15;1;0;0.9583;137;11;6
org.apache.catalina.connector.Connector.createRequest();org.apache.catalina.connector.Request;1;0;0;1.0000;405;53;33;0;1;0.9943;1203;127;53
org.apache.jasper.runtime.HttpJspBase.getServletInfo();org.apache.jasper.compiler.Localizer;0;0;0;1.0000;26;9;0;1;0;1.0000;34;6;1
org.apache.catalina.manager.StatusTransformer.writeOSState(PrintWriter, int);org.apache.tomcat.util.ExceptionUtils;0;0;0;0;0;0;0;0;0;0;0;0;0
org.apache.catalina.tribes.io.XByteBuffer.extractDataPackage(boolean);org.apache.catalina.tribes.io.BufferPool;0;3;4;0.8333;317;36;7;2;0;0.8750;37;4;4
org.apache.naming.resources.DirContextURLConnection.getHeaderValueAsString(Object);org.apache.tomcat.util.http.FastHttpDateFormat;0;0;0;1.0000;186;11;7;1;0;1.0000;85;6;8
org.apache.catalina.core.ApplicationContextFacade.getEffectiveMinorVersion();org.apache.catalina.core.ApplicationContext;0;1;1;0.9672;514;57;3;1;0;0.9859;645;60;13
org.apache.catalina.startup.ContextConfig.applicationAnnotationsConfig();org.apache.catalina.core.StandardContext;1;0;1;0.9778;1103;37;18;0;1;0.9969;2421;209;114
org.apache.tomcat.util.net.NioBlockingSelector.write(ByteBuffer, NioChannel, long, MutableInteger);org.apache.tomcat.util.MutableInteger;4;0;1;0.9474;111;4;4;0;1;0.9333;11;0;1
org.apache.catalina.session.PersistentManagerBase.removeSession(String);org.apache.juli.logging.Log;0;0;2;0.9750;421;30;12;1;0;0.9500;18;18;0
org.apache.catalina.tribes.transport.bio.BioSender.sendMessage(byte[], boolean);org.apache.juli.logging.Log;1;2;2;0.9130;148;9;7;2;0;0.9286;18;18;0
org.apache.coyote.http11.AbstractHttp11Protocol.setSoLinger(int);org.apache.tomcat.util.net.AbstractEndpoint;0;0;1;0.9909;382;89;22;1;0;0.9859;397;29;69
org.apache.el.parser.ELParser.Integer();org.apache.el.parser.Token;4;1;1;0.9855;2270;112;22;0;1;0.9474;24;3;9
org.apache.catalina.mbeans.JmxRemoteLifecycleListener.lifecycleEvent(LifecycleEvent);org.apache.catalina.Lifecycle;1;3;11;0.0667;109;4;13;0;2;1.0000;6;6;11
org.apache.coyote.http11.Http11AprProcessor.asyncDispatch(long, SocketStatus);org.apache.coyote.Constants;0;0;0;0;0;0;0;0;0;0;0;0;0
org.apache.coyote.http11.Http11NioProcessor.event(SocketStatus);org.apache.coyote.Response;7;1;4;0.9024;840;14;11;0;1;0.9825;250;19;18
org.apache.catalina.connector.ResponseFacade.finish();org.apache.tomcat.util.res.StringManager;0;0;2;0.9762;224;40;2;1;0;0.8571;52;3;3
org.apache.tomcat.util.http.mapper.Mapper.lastSlash(CharChunk);org.apache.tomcat.util.buf.CharChunk;1;0;0;1.0000;837;39;5;0;3;0.9375;393;39;8
org.apache.jasper.compiler.Generator.GenerateVisitor.ParamVisitor.visit(Node.ParamAction);org.apache.jasper.compiler.Generator.GenerateVisitor;5;0;0;1.0000;17;1;1;0;1;0.9848;1736;44;16
org.apache.catalina.core.StandardContext.addServletMapping(String, String, boolean);org.apache.tomcat.util.http.mapper.Mapper;1;2;3;0.9847;2421;209;114;2;0;0.9487;837;39;5
org.apache.catalina.startup.ContextConfig.authenticatorConfig();org.apache.catalina.core.ContainerBase;1;0;7;0.9474;1103;37;18;1;0;0.9892;555;53;27
org.apache.catalina.tribes.transport.PooledSender.returnSender(DataSender);org.apache.catalina.tribes.transport.DataSender;0;0;1;0.9333;39;11;2;1;0;0.9231;11;11;0
org.apache.catalina.servlets.WebdavServlet.doPropfind(HttpServletRequest, HttpServletResponse);org.apache.naming.resources.ProxyDirContext;5;6;5;0.8000;1461;29;24;2;0;0.9778;469;64;15
org.apache.catalina.tribes.membership.McastServiceImpl.SenderThread.run();org.apache.catalina.tribes.membership.McastServiceImpl;1;0;2;0.7500;25;1;2;1;3;0.9302;309;12;28
org.apache.tomcat.util.buf.MessageBytes.setEncoding(String);org.apache.tomcat.util.buf.ByteChunk;1;0;3;0.9302;380;30;16;1;1;0.9608;425;43;10
org.apache.naming.factory.ResourceEnvFactory.getObjectInstance(Object, Name, Context, Hashtable<?,?>);org.apache.naming.factory.Constants;1;0;0;1.0000;50;1;0;0;1;1.0000;0;0;12
org.apache.catalina.mbeans.MBeanFactory.createJDBCRealm(String, String, String, String, String);org.apache.catalina.core.ContainerBase;2;1;0;0.9737;401;31;3;1;0;0.9881;555;53;27
org.apache.catalina.users.MemoryUserDatabaseFactory.getObjectInstance(Object, Name, Context, Hashtable<?,?>);org.apache.catalina.users.MemoryUserDatabase;1;0;0;1.0000;22;1;0;4;1;0.8438;252;22;10
org.apache.jasper.compiler.JspReader.peekChar();org.apache.jasper.compiler.Mark;1;1;1;0.9429;304;23;9;0;2;0.9130;95;7;11
org.apache.catalina.connector.ResponseFacade.getContentType();org.apache.tomcat.util.res.StringManager;0;0;2;0.9762;224;40;2;1;0;0.8571;52;3;3
org.apache.catalina.mbeans.GroupMBean.addRole(String);org.apache.catalina.UserDatabase;0;0;0;1.0000;63;4;3;1;0;0.9474;16;16;0
org.apache.catalina.manager.StatusTransformer.writeBody(PrintWriter, Object[], int);org.apache.catalina.manager.Constants;1;0;0;1.0000;601;20;0;0;1;1.0000;0;0;11
org.apache.catalina.util.LifecycleSupport.fireLifecycleEvent(String, Object);org.apache.catalina.LifecycleListener;0;0;2;0.7143;38;3;3;1;0;0.6667;1;1;0
org.apache.catalina.tribes.group.interceptors.MessageDispatchInterceptor.setOptionFlag(int);org.apache.juli.logging.Log;1;0;1;1.0000;138;12;8;1;0;0.9474;18;18;0
org.apache.catalina.startup.Embedded.stopInternal();org.apache.juli.logging.Log;1;0;2;0.9792;368;34;10;2;0;0.9130;18;18;0
org.apache.tomcat.util.bcel.classfile.Field.toString();org.apache.tomcat.util.bcel.classfile.Attribute;0;1;0;0.9000;37;4;1;1;0;0.9375;98;6;5
org.apache.catalina.startup.AbsoluteOrderingRule.begin(String, String, Attributes);org.apache.catalina.startup.WebRuleSet;2;0;0;1.0000;5;1;0;0;1;1.0000;246;4;7
org.apache.catalina.startup.Catalina.start();org.apache.juli.ClassLoaderLogManager;0;0;0;0;0;0;0;0;0;0;0;0;0
org.apache.tomcat.util.http.mapper.Mapper.compare(CharChunk, int, int, String);org.apache.tomcat.util.buf.CharChunk;1;0;0;1.0000;837;39;5;0;1;0.9792;393;39;8
org.apache.catalina.authenticator.FormAuthenticator.forwardToErrorPage(Request, HttpServletResponse, LoginConfig);org.apache.tomcat.util.res.StringManager;1;0;1;1.0000;236;8;3;1;0;0.9091;52;3;3
org.apache.coyote.ajp.AjpAprProcessor.SocketInputBuffer.doRead(ByteChunk, Request);org.apache.coyote.ajp.AjpAprProcessor;3;0;0;1.0000;19;1;0;2;4;0.8667;623;13;30
org.apache.tomcat.util.bcel.classfile.PMGClass.getPMGName();org.apache.tomcat.util.bcel.classfile.ConstantUtf8;2;0;1;0.9091;27;5;2;0;1;0.8571;14;2;1
org.apache.catalina.manager.ManagerServlet.deploy(PrintWriter, String, String, String, boolean);org.apache.catalina.util.RequestUtil;1;9;4;0.7660;924;35;13;1;0;1.0000;189;13;3
org.apache.catalina.connector.Connector.startInternal();org.apache.catalina.Service;2;2;9;0.9043;405;53;33;1;0;0.9714;15;15;0
org.apache.jasper.compiler.SmapUtil.SmapGenVisitor.visit(Node.TemplateText);org.apache.jasper.compiler.Node.TemplateText;3;0;2;0.9394;149;23;3;0;1;0.9333;42;5;1
org.apache.catalina.util.ExtensionValidator.validateApplication(DirContext, Context);org.apache.tomcat.util.res.StringManager;1;2;1;1.0000;192;6;4;1;0;0.8571;52;3;3
org.apache.catalina.session.ManagerBase.PrivilegedSetRandomFile.run();org.apache.juli.logging.Log;1;0;0;1.0000;27;1;0;4;0;0.8095;18;18;0
org.apache.catalina.connector.OutputBuffer.setConverter();org.apache.catalina.Globals;2;0;7;0.8500;207;25;15;0;1;1.0000;0;0;39
org.apache.jasper.compiler.Validator.ValidateVisitor.prepareExpression(ELNode.Nodes, Node, String);org.apache.jasper.el.ELContextImpl;3;0;1;0.9767;735;37;19;0;1;0.8571;35;1;4
org.apache.el.parser.ELParser.Integer();org.apache.el.parser.ELParserTreeConstants;4;1;1;0.9855;2270;112;22;0;1;0.9762;0;0;35
org.apache.jasper.compiler.ELNode.Text.accept(Visitor);org.apache.jasper.compiler.ELNode.Visitor;0;0;0;1.0000;9;1;1;1;0;0.7500;9;4;0
org.apache.el.util.ReflectionUtil.getPropertyDescriptor(Object, Object);org.apache.el.lang.ELSupport;0;0;0;1.0000;87;7;3;1;0;1.0000;406;22;1
org.apache.catalina.util.InstanceSupport.fireInstanceEvent(String, Filter, Throwable);org.apache.catalina.InstanceListener;0;0;2;0.8667;81;11;3;1;0;0.6667;1;1;0
org.apache.catalina.startup.HostConfig.deployDescriptor(String, File, String);org.apache.catalina.Context;1;3;7;0.8923;793;36;16;5;0;0.9686;139;139;1
org.apache.coyote.http11.Http11NioProcessor.prepareResponse();org.apache.tomcat.util.http.FastHttpDateFormat;8;1;3;0.9344;840;14;11;1;0;1.0000;85;6;8
org.apache.tomcat.util.net.AprEndpoint.processSocket(long);org.apache.juli.logging.Log;0;0;1;1.0000;471;17;35;2;0;0.9000;18;18;0
org.apache.catalina.loader.WebappLoader.setClassPath();org.apache.catalina.core.StandardContext;2;1;4;0.9245;553;36;17;0;1;0.9969;2421;209;114
org.apache.coyote.ajp.AjpProtocol.getAttribute(String);org.apache.juli.logging.Log;1;0;3;0.9792;201;32;16;2;0;0.8947;18;18;0
org.apache.coyote.http11.Http11AprProtocol.setSSLVerifyDepth(int);org.apache.tomcat.util.net.AprEndpoint;1;0;1;0.9901;387;76;26;0;1;0.9808;471;17;35
org.apache.catalina.loader.WebappClassLoader.clearThreadLocalMap(Object, Field);org.apache.tomcat.util.res.StringManager;1;0;3;0.9890;1601;58;35;0;0;1.0000;52;3;3
org.apache.jasper.compiler.ELFunctionMapper.ELFunctionVisitor.visit(Node.ForwardAction);org.apache.jasper.compiler.Node.ForwardAction;2;0;0;1.0000;151;14;1;0;1;0.8000;15;1;1
org.apache.catalina.core.ContainerBase.stopInternal();org.apache.catalina.Lifecycle;0;3;7;0.8734;555;53;27;1;0;0.9412;6;6;11
org.apache.catalina.manager.ManagerServlet.undeploy(PrintWriter, String);org.apache.catalina.Lifecycle;1;9;4;0.7391;924;35;13;1;0;0.9474;6;6;11
org.apache.catalina.core.ApplicationServletRegistration.getInitParameters();org.apache.catalina.Wrapper;1;0;1;0.9474;132;14;3;2;0;0.9512;39;39;0
org.apache.jasper.compiler.Generator.generateLocalVariables(ServletWriter, Node);org.apache.jasper.compiler.Node.ChildInfo;4;0;0;1.0000;782;28;18;0;4;0.6000;36;0;6
org.apache.catalina.core.StandardContext.getNamingContextName();org.apache.catalina.Container;0;0;1;0.9969;2421;209;114;2;0;0.9474;35;35;6
org.apache.el.parser.AstFunction.getType(EvaluationContext);org.apache.el.lang.EvaluationContext;1;1;2;0.5714;73;4;2;0;1;0.9286;35;7;3
org.apache.jasper.compiler.Generator.FragmentHelperClass.openFragment(Node, int);org.apache.jasper.compiler.Generator;2;0;3;0.8333;132;6;4;1;0;1.0000;782;28;18
org.apache.catalina.core.ContainerBase.addChildInternal(Container);org.apache.catalina.Lifecycle;1;1;3;0.9643;555;53;27;1;0;0.9333;6;6;11
org.apache.coyote.http11.InternalOutputBuffer.nextRequest();org.apache.tomcat.util.buf.ByteChunk;0;0;1;0.9286;72;8;3;1;0;0.9796;425;43;10
org.apache.coyote.Response.addHeader(String, String);org.apache.tomcat.util.http.MimeHeaders;0;1;1;0.9474;250;19;18;1;0;0.9583;129;18;3
org.apache.catalina.connector.Connector.initInternal();org.apache.coyote.ProtocolHandler;0;0;0;0;0;0;0;0;0;0;0;0;0
org.apache.catalina.tribes.io.XByteBuffer.extractPackage(boolean);org.apache.catalina.tribes.io.ChannelData;0;1;0;0.9565;317;36;7;1;0;1.0000;165;14;7
org.apache.catalina.tribes.group.interceptors.NonBlockingCoordinator.heartbeat();org.apache.catalina.tribes.util.Arrays;0;4;3;0.8800;352;38;15;1;0;1.0000;157;24;1
org.apache.catalina.tribes.transport.nio.ParallelNioSender.setData(NioSender[], byte[]);org.apache.catalina.tribes.transport.nio.NioSender;0;0;0;1.0000;246;12;4;1;0;0.9600;255;12;11
org.apache.catalina.tribes.group.interceptors.FragmentationInterceptor.messageReceived(ChannelMessage);org.apache.catalina.tribes.io.XByteBuffer;1;1;0;0.9333;96;7;5;2;2;0.8889;317;36;7
org.apache.catalina.tribes.group.interceptors.TcpFailureDetector.getMembers();org.apache.catalina.tribes.membership.Membership;0;1;1;0.9091;227;15;10;1;0;0.9545;137;11;6
org.apache.catalina.core.ApplicationFilterConfig.getFilter();org.apache.catalina.deploy.FilterDef;0;2;2;0.8182;175;15;8;1;0;0.9565;66;9;10
org.apache.coyote.ajp.AjpAprProtocol.AjpConnectionHandler.process(long);org.apache.tomcat.util.net.AbstractEndpoint.Handler;3;1;1;0.8571;82;5;4;0;1;0.8750;0;0;1
org.apache.catalina.core.ApplicationContextFacade.getResourceAsStream(String);org.apache.catalina.security.SecurityUtil;0;1;1;0.9672;514;57;3;1;0;1.0000;146;11;17
org.apache.catalina.connector.OutputBuffer.write(int);org.apache.tomcat.util.buf.C2BConverter;0;0;3;0.9268;207;25;15;2;0;0.8824;58;8;5
org.apache.catalina.startup.ContextConfig.processAnnotationsJndi(URL, WebXml);org.apache.naming.resources.ResourceAttributes;2;2;2;0.9792;1103;37;18;0;2;1.0000;515;30;30
org.apache.tomcat.util.buf.B2CConverter.convert(ByteChunk, CharChunk, int);org.apache.tomcat.util.buf.ByteChunk;3;1;5;0.6667;36;3;6;1;0;0.9815;425;43;10
org.apache.catalina.startup.Tomcat.addServlet(String, String, String);org.apache.catalina.Container;0;2;0;0.9706;253;24;14;1;0;0.9722;35;35;6
org.apache.catalina.valves.CometConnectionManagerValve.sessionDestroyed(HttpSessionEvent);org.apache.tomcat.util.res.StringManager;2;0;2;0.9565;136;8;4;1;0;0.9444;52;3;3
org.apache.catalina.tribes.transport.ReceiverBase.TaskThreadFactory.newThread(Runnable);org.apache.catalina.tribes.transport.ReceiverBase;1;0;3;0.4000;11;1;3;0;1;0.9818;320;20;33
org.apache.tomcat.util.net.AprEndpoint.init();org.apache.tomcat.jni.SSLContext;7;0;25;0.5789;471;17;35;8;0;1.0000;14;14;0
org.apache.juli.ClassLoaderLogManager.LogNode.setParentLogger(Logger);org.apache.juli.ClassLoaderLogManager;0;1;2;0.7143;52;3;3;1;0;1.0000;319;14;3
org.apache.catalina.connector.Response.recycle();org.apache.catalina.connector.CoyoteWriter;2;0;11;0.8804;596;70;20;2;0;0.9556;141;28;3
org.apache.catalina.session.StandardSession.expire(boolean);org.apache.catalina.Container;2;5;8;0.8778;585;58;24;2;0;0.9661;35;35;6
org.apache.catalina.manager.ManagerServlet.stop(PrintWriter, String);org.apache.catalina.util.RequestUtil;1;0;4;0.9375;924;35;13;1;0;1.0000;189;13;3
org.apache.jasper.compiler.ELFunctionMapper.ELFunctionVisitor.visit(Node.PlugIn);org.apache.jasper.compiler.Node.PlugIn;2;0;0;1.0000;151;14;1;0;2;0.6667;21;1;2
org.apache.catalina.connector.MapperListener.containerEvent(ContainerEvent);org.apache.catalina.Lifecycle;1;0;1;0.9474;300;10;6;0;0;1.0000;6;6;11
org.apache.coyote.ajp.AjpAprProtocol.AjpConnectionHandler.unregister(AjpAprProcessor);org.apache.juli.logging.Log;4;0;1;0.9412;82;5;4;3;0;0.8800;18;18;0
org.apache.jasper.compiler.TagFileProcessor.parseTagFileDirectives(ParserController, String, String, JarResource, TagLibraryInfo);org.apache.jasper.compiler.ErrorDispatcher;2;0;0;1.0000;94;4;1;1;0;0.9630;158;22;2
org.apache.jasper.compiler.Generator.generateLocalVariables(ServletWriter, Node);org.apache.jasper.compiler.Node.NamedAttribute;4;0;0;1.0000;782;28;18;0;1;0.9474;71;3;7
org.apache.catalina.startup.ContextConfig.processContextConfig(URL);org.apache.juli.logging.Log;0;0;0;0;0;0;0;0;0;0;0;0;0
org.apache.catalina.connector.Response.getHeaderNames();org.apache.tomcat.util.http.MimeHeaders;2;0;1;0.9890;596;70;20;1;1;0.9167;129;18;3
org.apache.catalina.core.ApplicationContextFacade.addServlet(String, Servlet);org.apache.catalina.security.SecurityUtil;0;1;1;0.9672;514;57;3;1;0;1.0000;146;11;17
org.apache.jasper.compiler.Validator.DirectiveVisitor.comparePageEncodings(String, Node.PageDirective);org.apache.jasper.compiler.ErrorDispatcher;1;0;1;0.9412;214;7;4;1;0;0.9643;158;22;2
org.apache.tomcat.util.net.JIoEndpoint.Acceptor.run();org.apache.tomcat.util.net.ServerSocketFactory;1;0;0;1.0000;28;1;0;2;0;0.8750;23;8;2
org.apache.catalina.startup.Embedded.createHost(String, String);org.apache.catalina.core.StandardHost;0;0;1;1.0000;368;34;10;2;0;0.9643;308;36;19
org.apache.catalina.tribes.membership.McastService.setDomain(byte[]);org.apache.catalina.tribes.membership.McastServiceImpl;0;0;4;0.9552;353;55;13;1;0;0.9778;309;12;28
org.apache.catalina.core.StandardService.addExecutor(Executor);org.apache.catalina.Lifecycle;0;0;2;0.9756;289;26;16;1;0;0.8889;6;6;11
org.apache.jasper.compiler.Generator.generateInit();org.apache.jasper.compiler.ServletWriter;1;0;6;0.9111;782;28;18;7;0;0.6667;54;12;6
org.apache.catalina.core.ApplicationJspPropertyGroupDescriptor.getIncludePreludes();org.apache.catalina.deploy.JspPropertyGroup;1;0;1;0.9231;79;12;1;0;1;0.9545;72;9;12
org.apache.coyote.http11.Http11AprProtocol.getAddress();org.apache.tomcat.util.net.AbstractEndpoint;1;0;1;0.9901;387;76;26;0;1;0.9859;397;29;69
org.apache.jasper.compiler.Validator.ValidateVisitor.checkXmlAttributes(Node.CustomTag, Node.JspAttribute[], Hashtable<String,Object>);org.apache.jasper.compiler.ErrorDispatcher;8;1;4;0.9344;735;37;19;5;0;0.8750;158;22;2
org.apache.catalina.connector.Request.setAttribute(String, Object);org.apache.tomcat.util.res.StringManager;1;2;8;0.9497;1203;127;53;1;0;0.9474;52;3;3
org.apache.catalina.mbeans.GroupMBean.removeRole(String);org.apache.catalina.UserDatabase;0;0;0;1.0000;63;4;3;1;0;0.9474;16;16;0
org.apache.catalina.servlets.DefaultServlet.checkIfModifiedSince(HttpServletRequest, HttpServletResponse, ResourceAttributes);org.apache.naming.resources.ResourceAttributes;0;0;0;1.0000;1001;37;20;2;0;0.9535;515;30;30
org.apache.tomcat.util.net.AprEndpoint.Sendfile.run();org.apache.tomcat.util.net.AprEndpoint;5;3;5;0.7037;187;5;6;1;2;0.9730;471;17;35
org.apache.catalina.connector.MapperListener.unregisterHost(Host);org.apache.catalina.Host;0;0;0;0;0;0;0;0;0;0;0;0;0
org.apache.catalina.ha.deploy.FarmWarDeployer.messageReceived(ClusterMessage);org.apache.catalina.ha.deploy.FileMessageFactory;3;7;2;0.8462;376;28;17;1;1;0.9375;128;6;14
org.apache.catalina.authenticator.DigestAuthenticator.authenticate(Request, HttpServletResponse, LoginConfig);org.apache.juli.logging.Log;1;4;1;0.8125;123;8;5;2;0;0.9310;18;18;0
org.apache.catalina.connector.Request.getRemoteHost();org.apache.catalina.connector.Connector;2;1;3;0.9774;1203;127;53;1;0;0.9889;405;53;33
org.apache.catalina.core.StandardContext.findMessageDestinationRef(String);org.apache.catalina.deploy.NamingResources;0;0;1;0.9969;2421;209;114;1;0;0.9800;342;36;13
org.apache.coyote.http11.AbstractHttp11Protocol.getAllowUnsafeLegacyRenegotiation();org.apache.tomcat.util.net.AbstractEndpoint;1;0;1;0.9909;382;89;22;0;1;0.9859;397;29;69
org.apache.coyote.http11.filters.BufferedInputFilter.doRead(ByteChunk, Request);org.apache.tomcat.util.buf.ByteChunk;1;0;2;0.8462;49;6;6;3;1;0.9184;425;43;10
org.apache.catalina.startup.HostConfig.manageApp(Context);org.apache.catalina.Context;0;2;3;0.9020;793;36;16;2;0;0.9863;139;139;1
org.apache.catalina.tribes.group.interceptors.NonBlockingCoordinator.startElection(boolean);org.apache.catalina.tribes.membership.MemberImpl;1;5;8;0.7547;352;38;15;1;0;0.9821;300;29;19
org.apache.catalina.loader.WebappClassLoader.clearReferencesThreadLocals();org.apache.juli.logging.Log;1;2;3;0.9663;1601;58;35;1;0;0.9524;18;18;0
org.apache.tomcat.util.net.AprEndpoint.Sendfile.init();org.apache.tomcat.util.net.SocketProperties;1;0;5;0.6875;187;5;6;1;0;0.9836;162;28;23
org.apache.catalina.connector.RequestFacade.getProtocol();org.apache.catalina.connector.Request;0;0;2;0.9859;450;69;2;1;0;0.9943;1203;127;53
org.apache.catalina.mbeans.MBeanUtils.createMBean(ContextResource);org.apache.tomcat.util.modeler.Registry;0;2;2;1.0000;706;52;4;1;0;0.9756;433;33;10
org.apache.catalina.authenticator.AuthenticatorBase.setContainer(Container);org.apache.tomcat.util.res.StringManager;0;0;2;0.9667;293;17;18;1;0;0.8571;52;3;3
org.apache.catalina.servlets.CGIServlet.CGIEnvironment.toString();org.apache.catalina.servlets.CGIServlet;1;2;5;0.6667;303;9;11;0;1;0.9375;195;4;8
org.apache.catalina.core.StandardServer.initInternal();org.apache.catalina.Lifecycle;0;0;0;0;0;0;0;0;0;0;0;0;0
org.apache.tomcat.util.http.fileupload.FileUploadBase.getFileName(FileItemHeaders);org.apache.tomcat.util.http.fileupload.FileItemHeaders;0;1;1;0.9412;187;14;12;1;0;0.7500;3;3;0
org.apache.catalina.core.ApplicationDispatcher.doForward(ServletRequest, ServletResponse);org.apache.tomcat.util.res.StringManager;2;4;7;0.7222;421;14;11;1;0;0.9643;52;3;3
org.apache.tomcat.util.net.JIoEndpoint.setSocketOptions(Socket);org.apache.tomcat.util.net.ServerSocketFactory;0;0;2;0.9524;195;10;6;1;0;0.9375;23;8;2
org.apache.coyote.http11.Http11AprProcessor.action(ActionCode, Object);org.apache.coyote.Response;10;1;19;0.7978;954;28;36;0;2;0.9750;250;19;18
org.apache.jasper.compiler.TagFileProcessor.TagFileLoaderVisitor.visit(Node.CustomTag);org.apache.jasper.compiler.JarResource;0;0;0;0;0;0;0;0;0;0;0;0;0
org.apache.catalina.ha.deploy.FarmWarDeployer.stop();org.apache.catalina.ha.CatalinaCluster;0;0;5;0.9149;376;28;17;1;0;0.9643;20;20;1
org.apache.el.MethodExpressionImpl.invoke(ELContext, Object[]);org.apache.el.parser.Node;0;1;3;0.7647;59;9;6;1;0;0.9524;17;17;0
org.apache.catalina.session.StandardSession.getCreationTime();org.apache.tomcat.util.res.StringManager;0;1;2;0.9737;585;58;24;1;0;0.8571;52;3;3
org.apache.jasper.JspCompilationContext.keepGenerated();org.apache.jasper.Options;0;0;1;0.9836;426;31;31;1;0;0.9667;29;29;0
org.apache.jasper.compiler.Parser.parseNamedAttributes(Node);org.apache.jasper.compiler.Node;3;3;2;0.9306;1185;55;13;0;1;0.9744;163;7;15
org.apache.catalina.connector.CoyoteAdapter.asyncDispatch(org.apache.coyote.Request, org.apache.coyote.Response, SocketStatus);org.apache.coyote.Response;7;0;4;0.9744;620;12;9;2;0;0.9692;250;19;18
org.apache.tomcat.util.net.JIoEndpoint.AsyncTimeout.run();org.apache.tomcat.util.net.JIoEndpoint;2;0;0;1.0000;25;1;0;1;1;0.8947;195;10;6
org.apache.jasper.xmlparser.XMLEncodingDetector.scanPIData(String, XMLString);org.apache.jasper.xmlparser.XMLChar;0;6;2;0.8431;798;23;29;2;0;1.0000;115;21;9
org.apache.jasper.compiler.TagFileProcessor.TagFileDirectiveVisitor.checkUniqueName(String, String, Node, TagAttributeInfo);org.apache.jasper.compiler.Node;2;0;5;0.8966;204;8;24;0;1;0.9697;163;7;15
org.apache.catalina.core.ApplicationContext.addFilter(String, String, Filter);org.apache.catalina.core.StandardContext;3;1;2;0.9737;645;60;13;2;0;0.9939;2421;209;114
org.apache.catalina.tribes.group.ChannelInterceptorBase.getMember(Member);org.apache.catalina.tribes.ChannelInterceptor;0;0;1;0.9444;66;14;4;1;0;0.9412;16;16;0
org.apache.el.parser.ELParserTokenManager.jjFillToken();org.apache.el.parser.SimpleCharStream;1;0;3;0.9608;994;32;25;5;0;0.9107;257;26;16
org.apache.catalina.tribes.tipis.AbstractReplicatedMap.ping(long);org.apache.catalina.tribes.Channel;2;2;6;0.8824;741;50;17;2;0;0.9200;15;15;13
org.apache.el.parser.ELParser.Null();org.apache.el.parser.ELParserTreeConstants;2;1;1;0.9853;2270;112;22;0;1;0.9750;0;0;35
org.apache.catalina.core.ApplicationFilterConfig.getServletContext();org.apache.catalina.Context;0;0;1;0.9524;175;15;8;1;0;0.9929;139;139;1
org.apache.catalina.core.StandardContext.setName(String);org.apache.catalina.util.URLEncoder;0;0;2;0.9969;2421;209;114;1;0;0.8333;54;2;2
org.apache.catalina.authenticator.BasicAuthenticator.authenticate(Request, HttpServletResponse, LoginConfig);org.apache.tomcat.util.buf.CharChunk;5;0;1;1.0000;57;2;2;2;2;0.9437;393;39;8
org.apache.catalina.startup.ContextConfig.processAnnotationWebInitParams(ElementValue);org.apache.tomcat.util.bcel.classfile.ArrayElementValue;3;0;0;1.0000;1103;37;18;0;1;0.9000;35;3;1
org.apache.catalina.tribes.group.ChannelCoordinator.hasMembers();org.apache.catalina.tribes.MembershipService;0;0;1;0.9545;164;15;5;1;0;0.9444;17;17;2
org.apache.coyote.ajp.AjpAprProcessor.process(long);org.apache.tomcat.util.net.AprEndpoint.Poller;5;4;14;0.7115;623;13;30;1;0;0.9744;168;4;7
org.apache.jasper.tagplugins.jstl.core.Param.doTag(TagPluginContext);org.apache.jasper.compiler.tagplugin.TagPluginContext;0;0;0;1.0000;33;1;0;4;0;0.7143;14;14;0
org.apache.coyote.ajp.AjpAprProcessor.SocketOutputBuffer.doWrite(ByteChunk, Response);org.apache.tomcat.util.buf.ByteChunk;4;0;0;1.0000;32;1;0;2;1;0.9444;425;43;10
org.apache.catalina.core.StandardContext.resourcesStop();org.apache.tomcat.util.res.StringManager;0;2;3;0.9878;2421;209;114;1;0;0.9333;52;3;3
org.apache.catalina.valves.JDBCAccessLogValve.log(Request, Response, long);org.apache.catalina.connector.Request;0;0;0;0;0;0;0;0;0;0;0;0;0
org.apache.coyote.Request.action(ActionCode, Object);org.apache.coyote.ActionHook;1;0;2;0.9630;221;18;34;1;0;0.7500;1;1;0
org.apache.tomcat.util.digester.Digester.pop();org.apache.juli.logging.Log;0;0;2;0.9851;849;103;29;1;0;0.9524;18;18;0
org.apache.tomcat.util.bcel.classfile.Method.hashCode();org.apache.tomcat.util.bcel.util.BCELComparator;0;0;1;1.0000;60;6;1;1;0;0.5000;2;2;0
org.apache.el.parser.ELParser.Value();org.apache.el.parser.JJTELParserState;2;3;4;0.9500;2270;112;22;5;0;0.8077;74;10;5
org.apache.jasper.compiler.JspDocumentParser.parseStandardAction(String, String, Attributes, Attributes, Attributes, Mark);org.apache.jasper.compiler.Localizer;3;1;6;0.8444;663;28;20;2;0;1.0000;34;6;1
org.apache.catalina.tribes.group.AbsoluteOrder.AbsoluteComparator.compareIds(Member, Member);org.apache.catalina.tribes.Member;0;1;0;0.8571;45;7;0;1;0;0.9286;13;13;1
org.apache.tomcat.util.digester.Digester.endPrefixMapping(String);org.apache.tomcat.util.digester.ArrayStack;0;1;2;0.9779;849;103;29;2;0;0.8462;53;6;1
org.apache.jasper.compiler.PageInfo.setIsELIgnored(String, Node, ErrorDispatcher, boolean);org.apache.jasper.compiler.ErrorDispatcher;0;0;2;0.9740;341;30;46;1;0;0.9565;158;22;2
org.apache.coyote.ajp.AjpProtocol.getBacklog();org.apache.tomcat.util.net.AbstractEndpoint;1;0;1;0.9787;201;32;16;0;1;0.9859;397;29;69
org.apache.catalina.core.StandardHost.MemoryLeakTrackingListener.lifecycleEvent(LifecycleEvent);org.apache.catalina.Container;2;0;0;1.0000;8;1;0;1;0;0.9744;35;35;6
org.apache.jasper.compiler.Parser.parseStandardAction(Node);org.apache.jasper.compiler.JspReader;1;9;3;0.8209;1185;55;13;2;0;0.9583;304;23;9
org.apache.catalina.core.ApplicationContext.populateSessionTrackingModes();org.apache.catalina.Service;0;0;3;0.9595;645;60;13;1;0;0.9565;15;15;0
org.apache.tomcat.util.net.NioEndpoint.init();org.apache.tomcat.util.net.SocketProperties;1;2;7;0.8475;362;19;26;2;0;0.9740;162;28;23
org.apache.catalina.servlets.DefaultServlet.copy(CacheEntry, InputStream, PrintWriter);org.apache.naming.resources.Resource;1;1;1;0.9608;1001;37;20;1;0;0.8889;23;1;2
org.apache.catalina.session.StandardSession.expire(boolean);org.apache.catalina.Loader;2;5;8;0.8778;585;58;24;1;0;0.9744;14;14;0
org.apache.catalina.startup.ClusterRuleSetFactory.DefaultClusterRuleSet.addRuleInstances(Digester);org.apache.tomcat.util.digester.Digester;0;0;1;0.8333;31;1;1;3;0;0.9776;849;103;29
org.apache.catalina.core.StandardHostValve.status(Request, Response);org.apache.catalina.Globals;3;1;0;0.9524;160;7;3;0;4;1.0000;0;0;39
org.apache.jasper.compiler.Dumper.dump(Node);org.apache.jasper.compiler.Node;0;0;0;1.0000;16;2;0;1;0;0.9615;163;7;15
org.apache.catalina.startup.ContextConfig.FragmentJarScannerCallback.scan(File);org.apache.tomcat.util.ExceptionUtils;0;0;0;0;0;0;0;0;0;0;0;0;0
org.apache.catalina.ssi.SSIFlastmod.formatDate(Date, String);org.apache.catalina.util.DateTool;1;0;0;1.0000;31;2;0;0;1;1.0000;0;0;11
org.apache.catalina.connector.MapperListener.unregisterHost(Host);org.apache.juli.logging.Log;0;0;0;0;0;0;0;0;0;0;0;0;0
org.apache.coyote.ajp.AjpAprProtocol.init();org.apache.juli.logging.Log;3;1;4;0.9508;219;40;15;3;0;0.8846;18;18;0
org.apache.tomcat.util.buf.MessageBytes.setInt(int);org.apache.tomcat.util.buf.HexUtils;1;0;8;0.8409;380;30;16;1;0;1.0000;8;3;2
org.apache.catalina.startup.TldConfig.TldJarScannerCallback.scan(File);org.apache.catalina.startup.TldConfig;0;0;0;1.0000;9;2;0;1;0;0.9524;291;15;15
org.apache.tomcat.util.net.NioEndpoint.PollerEvent.run();org.apache.tomcat.util.net.NioEndpoint;4;0;3;0.8125;60;4;3;0;3;1.0000;362;19;26
org.apache.catalina.mbeans.MBeanUtils.destroyMBean(Valve, Container);org.apache.tomcat.util.modeler.Registry;0;2;2;1.0000;706;52;4;1;0;0.9756;433;33;10
org.apache.jasper.compiler.Validator.ValidateVisitor.visit(Node.JspOutput);org.apache.jasper.compiler.Node;2;0;3;0.9592;735;37;19;1;1;0.9412;163;7;15
org.apache.catalina.util.LifecycleBase.setState(LifecycleState, Object);org.apache.juli.logging.Log;0;1;1;0.8333;88;11;4;0;0;1.0000;18;18;0
org.apache.jasper.compiler.Generator.GenerateVisitor.generateTagPlugin(Node.CustomTag);org.apache.jasper.compiler.Node.Nodes;1;0;0;1.0000;1736;44;16;1;0;0.9231;43;5;3
org.apache.catalina.session.StandardSession.tellNew();org.apache.juli.logging.Log;1;3;2;0.9500;585;58;24;1;0;0.9615;18;18;0
org.apache.jasper.servlet.JspServletWrapper.destroy();org.apache.juli.logging.Log;0;0;3;0.8966;314;11;15;1;0;0.9545;18;18;0
org.apache.tomcat.util.modeler.modules.MbeansDescriptorsIntrospectionSource.createManagedBean(Registry, String, Class<?>, String);org.apache.juli.logging.Log;4;0;1;1.0000;194;7;10;3;0;0.8966;18;18;0
org.apache.tomcat.util.http.ValuesEnumerator.findNext();org.apache.tomcat.util.buf.MessageBytes;0;0;5;0.5455;26;3;5;1;0;0.9792;380;30;16
org.apache.jasper.compiler.Parser.parseTaglibDirective(Node);org.apache.jasper.compiler.PageInfo;4;1;6;0.9103;1185;55;13;5;0;0.9468;341;30;46
org.apache.catalina.ha.session.BackupManager.objectMadePrimay(Object, Object);org.apache.catalina.ha.session.DeltaSession;0;0;0;1.0000;135;20;7;1;0;0.9800;399;42;7
org.apache.catalina.deploy.WebXml.configureContext(Context);org.apache.catalina.deploy.MultipartDef;5;0;30;0.7986;1536;45;42;0;4;0.9615;78;2;4
org.apache.catalina.connector.Request.parseParts();org.apache.tomcat.util.http.fileupload.DiskFileItemFactory;0;0;0;0;0;0;0;0;0;0;0;0;0
org.apache.catalina.core.StandardPipeline.addValve(Valve);org.apache.catalina.Valve;1;1;4;0.8519;233;15;5;2;0;0.8750;7;7;0
org.apache.catalina.connector.Request.parseParts();org.apache.tomcat.util.http.Parameters;0;0;0;0;0;0;0;0;0;0;0;0;0
org.apache.coyote.http11.InternalOutputBuffer.OutputStreamOutputBuffer.doWrite(ByteChunk, Response);org.apache.coyote.http11.InternalOutputBuffer;2;0;0;1.0000;10;1;0;0;3;0.8125;72;8;3
org.apache.jasper.compiler.Validator.ValidateVisitor.FVVisitor.visit(ELNode.Function);org.apache.jasper.compiler.Node.Root;4;0;0;1.0000;33;1;1;0;1;0.9545;56;2;8
org.apache.coyote.ajp.AjpProtocol.init();org.apache.tomcat.util.res.StringManager;3;1;4;0.9434;201;32;16;1;0;0.9286;52;3;3
org.apache.catalina.core.StandardWrapperValve.invoke(Request, Response);org.apache.catalina.Container;4;1;5;0.8936;352;4;6;1;0;0.9870;35;35;6
org.apache.catalina.connector.Request.getCharacterEncoding();org.apache.coyote.Request;0;0;1;0.9943;1203;127;53;1;0;0.9815;221;18;34
org.apache.catalina.startup.SetDistributableRule.begin(String, String, Attributes);org.apache.juli.logging.Log;2;0;0;1.0000;9;1;0;2;0;0.9091;18;18;0
org.apache.catalina.manager.ManagerServlet.deploy(PrintWriter, String, String, String, boolean);org.apache.catalina.Container;1;9;4;0.7660;924;35;13;1;0;0.9792;35;35;6
org.apache.catalina.tribes.tipis.AbstractReplicatedMap.put(Object, Object, boolean);org.apache.juli.logging.Log;0;3;2;0.9429;741;50;17;1;0;0.9630;18;18;0
org.apache.catalina.mbeans.ContextResourceLinkMBean.getAttribute(String);org.apache.catalina.deploy.ContextResourceLink;0;0;0;0;0;0;0;0;0;0;0;0;0
org.apache.catalina.connector.Request.getQueryString();org.apache.coyote.Request;1;0;1;0.9943;1203;127;53;0;1;0.9818;221;18;34
org.apache.tomcat.util.modeler.BaseModelMBean.setAttribute(Attribute);org.apache.juli.logging.Log;0;1;3;0.9189;284;28;9;3;0;0.8636;18;18;0
org.apache.catalina.startup.ContextConfig.lifecycleEvent(LifecycleEvent);org.apache.catalina.Context;2;5;4;0.8571;1103;37;18;2;0;0.9866;139;139;1
org.apache.catalina.util.LifecycleMBeanBase.register(Object, String);org.apache.tomcat.util.modeler.Registry;0;0;0;0;0;0;0;0;0;0;0;0;0
org.apache.el.MethodExpressionImpl.readExternal(ObjectInput);org.apache.el.util.ReflectionUtil;0;0;5;0.6875;59;9;6;2;0;1.0000;87;7;3
org.apache.tomcat.util.net.jsse.JSSESocketFactory.getKeystore(String, String, String);org.apache.tomcat.util.net.AbstractEndpoint;1;1;1;0.9643;440;20;17;0;1;1.0000;397;29;69
org.apache.tomcat.util.bcel.classfile.StackMap.toString();org.apache.tomcat.util.bcel.classfile.StackMapEntry;0;0;2;0.7500;43;4;2;1;0;0.9167;64;3;5
org.apache.catalina.valves.SSLValve.mygetHeader(Request, String);org.apache.catalina.connector.Request;0;0;0;1.0000;45;2;0;1;0;0.9943;1203;127;53
org.apache.catalina.mbeans.MBeanFactory.createJDBCRealm(String, String, String, String, String);org.apache.catalina.util.LifecycleMBeanBase;0;0;0;0;0;0;0;0;0;0;0;0;0
org.apache.coyote.ajp.AjpProtocol.getSoTimeout();org.apache.tomcat.util.net.AbstractEndpoint;0;0;1;0.9787;201;32;16;1;0;0.9859;397;29;69
org.apache.catalina.realm.CombinedRealm.setContainer(Container);org.apache.catalina.Realm;0;0;1;0.9333;151;12;2;1;0;0.9412;14;14;0
org.apache.catalina.startup.TaglibListenerRule.body(String, String, String);org.apache.catalina.startup.TldConfig;1;0;1;0.8333;9;1;1;1;0;0.9615;291;15;15
org.apache.tomcat.util.http.fileupload.MultipartStream.ItemInputStream.read();org.apache.tomcat.util.http.fileupload.MultipartStream;1;2;3;0.7143;127;8;5;0;2;0.9231;166;11;19
org.apache.catalina.realm.DataSourceRealm.close(Connection);org.apache.tomcat.util.res.StringManager;0;0;0;1.0000;244;13;11;1;0;0.8571;52;3;3
org.apache.catalina.connector.Request.getProtocol();org.apache.coyote.Request;1;0;1;0.9943;1203;127;53;0;1;0.9818;221;18;34
org.apache.catalina.startup.Tomcat.enableNaming();org.apache.catalina.Lifecycle;0;1;1;0.9412;253;24;14;1;0;0.8750;6;6;11
org.apache.catalina.core.ApplicationContextFacade.getInitParameterNames();org.apache.catalina.core.ApplicationContext;0;1;1;0.9672;514;57;3;1;0;0.9859;645;60;13
org.apache.catalina.session.StandardSession.tellNew();org.apache.tomcat.util.res.StringManager;1;3;2;0.9500;585;58;24;1;0;0.9231;52;3;3
org.apache.jasper.compiler.ErrorDispatcher.jspError(Node, String);org.apache.jasper.compiler.Node;1;1;0;0.9524;158;22;2;0;1;0.9630;163;7;15
org.apache.catalina.tribes.group.interceptors.MessageDispatchInterceptor.setOptionFlag(int);org.apache.catalina.tribes.Channel;1;0;1;1.0000;138;12;8;0;1;1.0000;15;15;13
org.apache.catalina.connector.CometEventImpl.close();org.apache.catalina.connector.Request;1;0;3;0.8571;54;6;5;1;1;0.9888;1203;127;53
org.apache.coyote.http11.Http11AprProtocol.Http11ConnectionHandler.event(long, SocketStatus);org.apache.juli.logging.Log;2;0;3;0.8333;119;5;5;2;0;0.9286;18;18;0
org.apache.catalina.startup.UserConfig.start();org.apache.juli.logging.Log;0;1;2;0.8947;87;10;8;2;0;0.9091;18;18;0
org.apache.catalina.connector.Request.authenticate(HttpServletResponse);org.apache.tomcat.util.res.StringManager;0;0;2;0.9944;1203;127;53;1;0;0.8889;52;3;3
org.apache.tomcat.util.digester.FactoryCreateRule.getFactory(Attributes);org.apache.tomcat.util.digester.ObjectCreationFactory;2;0;3;0.8846;114;5;5;1;0;0.9167;3;3;0
org.apache.catalina.startup.ContextConfig.fixDocBase();org.apache.catalina.Container;1;0;1;0.9808;1103;37;18;1;0;0.9767;35;35;6
org.apache.catalina.connector.Request.readChunkedPostBody();org.apache.catalina.connector.Connector;1;1;3;0.9887;1203;127;53;1;0;0.9886;405;53;33
org.apache.naming.NamingService.start();org.apache.naming.NamingServiceMBean;2;0;4;0.6364;71;8;4;0;4;1.0000;6;6;7
org.apache.catalina.connector.OutputBuffer.write(String);org.apache.tomcat.util.buf.C2BConverter;0;0;2;0.9512;207;25;15;2;0;0.8750;58;8;5
org.apache.catalina.core.StandardPipeline.stopInternal();org.apache.catalina.Valve;0;1;2;0.8696;233;15;5;1;0;0.9167;7;7;0
org.apache.catalina.core.NamingContextListener.createNamingContext();org.apache.catalina.deploy.ContextTransaction;2;6;8;0.7391;745;23;11;2;0;0.9394;23;6;3
org.apache.catalina.ha.authenticator.ClusterSingleSignOn.update(String, Principal, String, String, String);org.apache.catalina.ha.authenticator.SingleSignOnMessage;1;1;2;0.8846;142;15;4;0;5;0.8095;76;2;16
org.apache.tomcat.util.bcel.classfile.Attribute.readAttribute(DataInputStream, ConstantPool);org.apache.tomcat.util.bcel.Constants;3;0;1;1.0000;98;6;5;0;24;1.0000;0;0;122
org.apache.catalina.core.StandardContext.resetContext();org.apache.juli.logging.Log;0;0;9;0.9753;2421;209;114;2;0;0.9286;18;18;0
org.apache.catalina.startup.ContextConfig.processAnnotationsStringArray(ElementValue);org.apache.tomcat.util.bcel.classfile.ArrayElementValue;1;0;0;1.0000;1103;37;18;0;1;0.8333;35;3;1
org.apache.catalina.core.ContainerBase.ContainerBackgroundProcessor.run();org.apache.catalina.Loader;1;1;0;0.8333;37;2;0;1;0;0.9474;14;14;0
org.apache.tomcat.util.http.fileupload.FileUploadBase.FileItemIteratorImpl.getContentLength(FileItemHeaders);org.apache.tomcat.util.http.fileupload.FileItemHeaders;1;0;0;1.0000;122;4;8;1;0;0.6667;3;3;0
org.apache.catalina.valves.ExtendedAccessLogValve.CookieElement.addElement(StringBuilder, Date, Request, Response, long);org.apache.catalina.connector.Request;0;0;1;0.6667;11;1;1;1;0;0.9943;1203;127;53
org.apache.catalina.core.ApplicationHttpRequest.setRequest(HttpServletRequest);org.apache.catalina.Globals;1;0;7;0.8372;327;29;17;0;2;1.0000;0;0;39
org.apache.catalina.connector.CoyoteAdapter.service(org.apache.coyote.Request, org.apache.coyote.Response);org.apache.juli.logging.Log;8;0;5;0.9792;620;12;9;1;0;0.9821;18;18;0
org.apache.catalina.tribes.io.DirectByteArrayOutputStream.getArray();org.apache.catalina.tribes.io.XByteBuffer;0;0;1;0.8333;15;4;1;1;0;0.9600;317;36;7
org.apache.coyote.http11.AbstractHttp11Processor.isCompressable();org.apache.coyote.Response;3;0;6;0.8846;228;17;32;1;2;0.9362;250;19;18
org.apache.jasper.compiler.ScriptingVarVisitor.visit(Node.CustomTag);org.apache.jasper.compiler.ServletWriter;3;0;0;1.0000;46;1;1;3;0;0.8636;54;12;6
org.apache.catalina.connector.Request.parseCookies();org.apache.tomcat.util.buf.MessageBytes;2;1;3;0.9781;1203;127;53;1;0;0.9815;380;30;16
org.apache.tomcat.util.http.Parameters.handleQueryParameters();org.apache.tomcat.util.buf.MessageBytes;0;1;5;0.8333;245;14;15;2;0;0.9583;380;30;16
org.apache.catalina.ha.session.SimpleTcpReplicationManager.messageDataReceived(ClusterMessage);org.apache.juli.logging.Log;0;1;1;0.9697;356;17;15;1;0;0.9500;18;18;0
org.apache.catalina.mbeans.GlobalResourcesLifecycleListener.destroyMBeans();org.apache.juli.logging.Log;0;0;1;1.0000;103;5;3;2;0;0.8889;18;18;0
org.apache.jasper.compiler.TagFileProcessor.TagFileLoaderVisitor.visit(Node.CustomTag);org.apache.jasper.JspCompilationContext;2;0;2;0.8182;21;1;2;1;0;0.9857;426;31;31
org.apache.coyote.ajp.AjpProtocol.start();org.apache.juli.logging.Log;1;1;7;0.8889;201;32;16;4;0;0.8571;18;18;0
org.apache.catalina.connector.RequestFacade.getLocale();org.apache.catalina.connector.Request;1;0;2;0.9859;450;69;2;1;0;0.9943;1203;127;53
org.apache.catalina.connector.Request.startAsync();org.apache.catalina.connector.Response;0;2;1;0.9828;1203;127;53;1;0;0.9890;596;70;20
org.apache.jasper.xmlparser.MyEntityResolver.resolveEntity(String, String);org.apache.juli.logging.LogFactory;1;0;0;1.0000;18;1;0;1;0;1.0000;51;12;6
org.apache.catalina.tribes.transport.nio.ParallelNioSender.doLoop(long, int, boolean, ChannelMessage);org.apache.catalina.tribes.ChannelException;2;0;2;0.9722;246;12;4;1;0;0.9677;46;5;2
org.apache.catalina.mbeans.MBeanUtils.createObjectName(String, NamingResources);org.apache.catalina.Context;1;0;0;1.0000;706;52;4;1;0;0.9930;139;139;1
org.apache.catalina.connector.CoyoteAdapter.event(org.apache.coyote.Request, org.apache.coyote.Response, SocketStatus);org.apache.catalina.connector.Request;7;0;4;0.9714;620;12;9;6;2;0.9583;1203;127;53
org.apache.tomcat.util.bcel.classfile.AnnotationDefault.dump(DataOutputStream);org.apache.tomcat.util.bcel.classfile.ElementValue;0;0;1;0.8333;18;2;1;1;0;0.8750;47;4;15
org.apache.naming.java.javaURLContextFactory.getInitialContext(Hashtable<?,?>);org.apache.naming.ContextBindings;0;0;2;1.0000;19;2;2;2;0;1.0000;112;21;6
org.apache.catalina.startup.Tomcat.addServlet(Context, String, String);org.apache.catalina.Container;0;0;0;1.0000;253;24;14;2;0;0.9459;35;35;6
org.apache.catalina.ha.session.SimpleTcpReplicationManager.messageReceived(SessionMessage, Member);org.apache.catalina.ha.CatalinaCluster;1;2;4;0.8958;356;17;15;1;0;0.9762;20;20;1
org.apache.coyote.ajp.AjpAprProcessor.recycle();org.apache.tomcat.util.buf.MessageBytes;0;0;10;0.7561;623;13;30;1;0;0.9811;380;30;16
org.apache.jasper.compiler.Generator.GenerateVisitor.visit(Node.TemplateText);org.apache.jasper.compiler.Node.TemplateText;6;0;3;0.9605;1736;44;16;1;0;0.9615;42;5;1
org.apache.catalina.core.ApplicationFilterFactory.createFilterChain(ServletRequest, Wrapper, Servlet);org.apache.catalina.core.ApplicationFilterConfig;3;3;2;0.8333;189;6;3;1;0;0.9722;175;15;8
org.apache.catalina.core.ApplicationFilterRegistration.getServletNameMappings();org.apache.catalina.Context;0;0;2;0.8824;110;11;3;1;0;0.9931;139;139;1
org.apache.coyote.ajp.AjpProtocol.pause();org.apache.juli.logging.Log;1;1;3;0.9608;201;32;16;3;0;0.8636;18;18;0
org.apache.catalina.core.ApplicationFilterConfig.registerJMX();org.apache.catalina.core.StandardContext;2;2;5;0.8148;175;15;8;0;2;0.9940;2421;209;114
org.apache.coyote.ajp.AjpProtocol.setThreadPriority(int);org.apache.tomcat.util.net.AbstractEndpoint;1;0;1;0.9787;201;32;16;0;1;0.9859;397;29;69
org.apache.naming.resources.ProxyDirContext.cacheLoad(CacheEntry);org.apache.naming.resources.ResourceCache;2;0;4;0.9551;469;64;15;3;0;0.9032;211;7;10
org.apache.catalina.ha.session.DeltaSession.setMaxInactiveInterval(int, boolean);org.apache.catalina.ha.session.DeltaRequest;0;2;1;0.9423;399;42;7;1;0;0.9630;179;15;15
org.apache.jasper.compiler.Compiler.compile(boolean, boolean);org.apache.jasper.Options;1;2;7;0.6400;310;11;8;1;0;0.9773;29;29;0
org.apache.tomcat.util.digester.WithDefaultsRulesWrapper.addDefault(Rule);org.apache.tomcat.util.digester.Rules;1;0;3;0.8000;55;8;3;2;0;0.8462;8;8;0
org.apache.catalina.startup.Bootstrap.load(String[]);org.apache.juli.logging.Log;0;0;2;0.9524;240;19;8;2;0;0.8947;18;18;0
org.apache.catalina.manager.ManagerServlet.deploy(PrintWriter, String, String);org.apache.catalina.Container;1;8;3;0.8043;924;35;13;1;0;0.9778;35;35;6
org.apache.naming.factory.TransactionFactory.getObjectInstance(Object, Name, Context, Hashtable<?,?>);org.apache.naming.factory.Constants;1;0;0;1.0000;50;1;0;0;1;1.0000;0;0;12
org.apache.catalina.tribes.group.interceptors.FragmentationInterceptor.FragCollection.addMessage(ChannelMessage);org.apache.catalina.tribes.ChannelMessage;1;0;1;0.9091;30;4;3;1;0;0.9333;11;11;0
org.apache.jasper.compiler.Compiler.generateJava();org.apache.jasper.compiler.JspConfig;12;1;7;0.8621;310;11;8;1;0;0.9833;304;6;13
org.apache.catalina.tribes.transport.bio.MultipointBioSender.remove(Member);org.apache.catalina.tribes.transport.bio.BioSender;0;0;1;0.9167;93;9;2;1;0;0.9333;148;9;7
org.apache.catalina.tribes.io.DirectByteArrayOutputStream.size();org.apache.catalina.tribes.io.XByteBuffer;1;0;1;0.8333;15;4;1;0;1;0.9600;317;36;7
org.apache.catalina.ant.jmx.JMXAccessorEqualsCondition.getJMXConnection();org.apache.catalina.ant.jmx.JMXAccessorTask;0;0;6;0.5000;80;4;10;1;0;1.0000;361;22;17
org.apache.jasper.compiler.Validator.ValidateVisitor.prepareExpression(ELNode.Nodes, Node, String);org.apache.jasper.compiler.PageInfo;3;0;1;0.9767;735;37;19;0;1;0.9873;341;30;46
org.apache.catalina.realm.JAASRealm.setUseContextClassLoader(boolean);org.apache.juli.logging.Log;0;0;2;0.9500;195;14;9;1;0;0.9474;18;18;0
org.apache.catalina.core.StandardContext.getProcessingTime();org.apache.catalina.core.StandardWrapper;0;0;0;1.0000;2421;209;114;1;0;0.9907;748;76;36
org.apache.tomcat.util.buf.UEncoder.urlEncode(Writer, byte, int, int);org.apache.juli.logging.Log;0;0;1;1.0000;84;5;5;2;0;0.8889;18;18;0
org.apache.tomcat.util.net.NioEndpoint.SocketProcessor.run();org.apache.tomcat.util.net.NioChannel;5;0;2;0.9200;91;2;2;1;2;0.9250;83;15;5
org.apache.jasper.compiler.Generator.generatePreamble(Node.Nodes);org.apache.jasper.JspCompilationContext;4;6;3;0.8571;782;28;18;2;1;0.9647;426;31;31
org.apache.catalina.authenticator.SingleSignOn.invoke(Request, Response);org.apache.catalina.authenticator.Constants;2;1;1;0.9355;164;12;6;0;2;1.0000;0;0;19
org.apache.jasper.compiler.TagFileProcessor.parseTagFileDirectives(ParserController, String, String, JarResource, TagLibraryInfo);org.apache.jasper.compiler.Node.Nodes;2;0;0;1.0000;94;4;1;1;0;0.9375;43;5;3
org.apache.catalina.mbeans.MemoryUserDatabaseMBean.getGroups();org.apache.catalina.Group;0;1;0;0.9524;168;12;6;1;0;0.9286;11;11;0
org.apache.jasper.compiler.SmapUtil.SmapGenVisitor.visitBody(Node);org.apache.jasper.compiler.Node;1;0;2;0.9286;149;23;3;0;1;0.9655;163;7;15
org.apache.jasper.compiler.PageDataImpl.SecondPassVisitor.appendTagDirective();org.apache.jasper.compiler.TagConstants;1;0;3;0.9362;307;41;6;0;1;1.0000;0;0;57
org.apache.el.parser.ELParser.ReInit(java.io.InputStream, String);org.apache.el.parser.ELParserTokenManager;1;0;8;0.9403;2270;112;22;1;0;0.9808;994;32;25
org.apache.catalina.realm.JAASMemoryLoginModule.login();org.apache.catalina.authenticator.Constants;1;0;3;0.8824;124;6;8;0;2;1.0000;0;0;19
org.apache.tomcat.util.http.fileupload.FileUploadBase.isMultipartContent(RequestContext);org.apache.tomcat.util.http.fileupload.RequestContext;0;0;1;1.0000;187;14;12;1;0;0.7500;4;4;0
org.apache.catalina.core.StandardContext.listenerStart();org.apache.juli.logging.Log;2;3;2;0.9878;2421;209;114;4;0;0.8462;18;18;0
org.apache.tomcat.util.http.fileupload.MultipartStream.ItemInputStream.findSeparator();org.apache.tomcat.util.http.fileupload.MultipartStream;1;0;2;0.8750;127;8;5;1;3;0.8333;166;11;19
org.apache.catalina.connector.Request.isRequestedSessionIdValid();org.apache.catalina.Container;0;0;2;0.9886;1203;127;53;1;0;0.9744;35;35;6
org.apache.coyote.http11.Http11AprProcessor.event(SocketStatus);org.apache.tomcat.util.res.StringManager;4;1;9;0.8857;954;28;36;1;0;0.9500;52;3;3
org.apache.catalina.ha.session.DeltaManager.serializeDeltaRequest(DeltaSession, DeltaRequest);org.apache.catalina.ha.session.DeltaRequest;0;0;0;1.0000;822;41;40;1;0;0.9565;179;15;15
org.apache.catalina.connector.ResponseFacade.setBufferSize(int);org.apache.catalina.connector.Response;0;1;1;0.9512;224;40;2;1;0;0.9889;596;70;20
org.apache.catalina.valves.PersistentValve.invoke(Request, Response);org.apache.catalina.Loader;0;1;1;0.9688;80;3;2;1;0;0.9767;14;14;0
org.apache.catalina.connector.OutputBuffer.realWriteBytes(byte, int, int);org.apache.tomcat.util.buf.ByteChunk;0;0;3;0.9268;207;25;15;1;0;0.9804;425;43;10
org.apache.jasper.compiler.PageDataImpl.SecondPassVisitor.appendTag(Node, boolean);org.apache.jasper.compiler.Node;4;4;4;0.8519;307;41;6;0;4;0.8919;163;7;15
org.apache.catalina.connector.CoyoteInputStream.close();org.apache.catalina.connector.InputBuffer;0;0;1;0.8889;141;8;1;1;0;0.9722;210;19;17
org.apache.catalina.core.StandardContext.engineBase();org.apache.catalina.core.StandardEngine;0;0;0;1.0000;2421;209;114;1;0;0.9655;234;19;9
org.apache.catalina.core.StandardWrapper.backgroundProcess();org.apache.tomcat.PeriodicEventListener;0;0;1;0.9908;748;76;36;1;0;0.7500;1;1;0
org.apache.naming.NamingService.getStateString();org.apache.naming.NamingServiceMBean;1;0;1;0.9091;71;8;4;0;1;1.0000;6;6;7
org.apache.catalina.core.StandardHost.addAlias(String);org.apache.catalina.Host;1;0;2;0.9630;308;36;19;0;1;1.0000;22;22;2
org.apache.jasper.servlet.JspServlet.destroy();org.apache.jasper.compiler.JspRuntimeContext;0;0;2;0.8824;167;10;5;1;0;0.9615;187;11;10
org.apache.jasper.compiler.Generator.GenerateVisitor.visit(Node.ELExpression);org.apache.jasper.compiler.Node;6;0;2;0.9710;1736;44;16;0;3;0.9143;163;7;15
org.apache.tomcat.util.bcel.classfile.Signature.getSignature();org.apache.tomcat.util.bcel.Constants;2;0;1;0.8889;22;4;1;0;1;1.0000;0;0;122
org.apache.jasper.xmlparser.MyEntityResolver.resolveEntity(String, String);org.apache.jasper.Constants;1;0;0;1.0000;18;1;0;0;2;1.0000;0;0;33
org.apache.jasper.compiler.Validator.validateExDirectives(Compiler, Node.Nodes);org.apache.jasper.compiler.Compiler;4;1;0;1.0000;65;3;0;0;1;0.9600;310;11;8
org.apache.catalina.deploy.WebXml.configureContext(Context);org.apache.catalina.Wrapper;5;0;30;0.7986;1536;45;42;9;0;0.9318;39;39;0
org.apache.catalina.connector.Response.recycle();org.apache.catalina.connector.ResponseFacade;2;0;11;0.8804;596;70;20;1;0;0.9821;224;40;2
org.apache.catalina.tribes.transport.ReceiverBase.messageDataReceived(ChannelMessage);org.apache.catalina.tribes.MessageListener;0;0;1;0.9811;320;20;33;2;0;0.6000;4;4;0
org.apache.catalina.mbeans.MemoryUserDatabaseMBean.createUser(String, String, String);org.apache.catalina.UserDatabase;0;1;0;0.9500;168;12;6;1;0;0.9444;16;16;0
org.apache.catalina.ha.session.DeltaManager.propertyChange(PropertyChangeEvent);org.apache.juli.logging.Log;1;0;2;1.0000;822;41;40;1;0;0.9474;18;18;0
org.apache.catalina.connector.ResponseFacade.DateHeaderPrivilegedAction.run();org.apache.catalina.connector.ResponseFacade;1;0;3;0.5714;14;1;3;0;1;0.9783;224;40;2
org.apache.naming.resources.ProxyDirContext.getDocBase();org.apache.naming.resources.BaseDirContext;0;0;1;0.9870;469;64;15;1;0;0.9872;272;68;9
org.apache.catalina.core.NamingContextListener.createNamingContext();org.apache.catalina.Container;2;6;8;0.7391;745;23;11;1;0;0.9836;35;35;6
org.apache.tomcat.util.net.NioEndpoint.getReadBufSize();org.apache.tomcat.util.net.SocketProperties;0;0;0;1.0000;362;19;26;1;0;0.9808;162;28;23
org.apache.jasper.compiler.Validator.ValidateVisitor.visit(Node.CustomTag);org.apache.jasper.compiler.Node.Nodes;4;0;1;0.9825;735;37;19;1;0;0.9615;43;5;3
org.apache.catalina.deploy.NamingResources.removeResourceEnvRef(String);org.apache.catalina.deploy.ResourceBase;1;0;3;0.9388;342;36;13;0;1;0.9444;43;9;7
org.apache.coyote.ajp.AjpProcessor.receive();org.apache.coyote.ajp.AjpMessage;1;1;4;0.8864;659;13;32;3;1;0.8667;235;23;5
org.apache.catalina.core.ApplicationContextFacade.log(String, Throwable);org.apache.catalina.core.ApplicationContext;0;1;1;0.9672;514;57;3;1;0;0.9859;645;60;13
org.apache.catalina.ha.session.DeltaSession.expire(boolean, boolean);org.apache.juli.logging.Log;2;0;3;0.9836;399;42;7;2;0;0.9333;18;18;0
org.apache.catalina.ha.tcp.SimpleTcpCluster.createManager(String);org.apache.catalina.ha.ClusterManager;0;1;2;0.9692;368;43;29;3;0;0.8500;15;15;0
org.apache.catalina.tribes.transport.nio.ParallelNioSender.doLoop(long, int, boolean, ChannelMessage);org.apache.juli.logging.Log;2;0;2;0.9722;246;12;4;4;0;0.8889;18;18;0
org.apache.catalina.connector.Response.doIsEncodeable(Request, Session, String);org.apache.catalina.core.ApplicationSessionCookieConfig;1;1;0;0.9896;596;70;20;0;0;1.0000;85;2;7
org.apache.catalina.tribes.group.interceptors.NonBlockingCoordinator.isHighest();org.apache.catalina.tribes.membership.Membership;1;1;1;0.9600;352;38;15;1;0;0.9565;137;11;6
org.apache.el.parser.ELParser.LiteralExpression();org.apache.el.parser.JJTELParserState;3;1;1;0.9855;2270;112;22;2;0;0.9091;74;10;5
org.apache.catalina.ha.session.SimpleTcpReplicationManager.getReplicationStream(byte[], int, int);org.apache.catalina.Container;0;0;0;1.0000;356;17;15;1;0;0.9730;35;35;6
org.apache.tomcat.util.digester.SetRootRule.end(String, String);org.apache.tomcat.util.IntrospectionUtils;1;0;2;0.8750;41;2;3;1;0;1.0000;595;31;4
org.apache.catalina.ssi.SSIInclude.process(SSIMediator, String, String[], String[], PrintWriter);org.apache.catalina.ssi.SSIMediator;1;0;0;1.0000;26;1;0;5;1;0.7692;190;16;13
org.apache.tomcat.util.modeler.Registry.invoke(List<ObjectName>, String, boolean);org.apache.juli.logging.Log;0;2;1;0.9487;433;33;10;1;0;0.9500;18;18;0
org.apache.jasper.compiler.ELParser.parse(String, boolean);org.apache.jasper.compiler.ELNode.Nodes;0;3;2;0.7826;206;12;10;2;0;0.8462;35;5;2
org.apache.catalina.connector.MapperListener.unregisterWrapper(Wrapper);org.apache.catalina.Container;0;0;0;0;0;0;0;0;0;0;0;0;0
org.apache.catalina.connector.Request.getParameter(String);org.apache.tomcat.util.http.Parameters;1;1;2;0.9829;1203;127;53;1;0;0.9677;245;14;15
org.apache.catalina.session.FileStore.directory();org.apache.catalina.Context;0;0;2;0.8824;191;13;6;1;0;0.9930;139;139;1
org.apache.catalina.tribes.membership.McastServiceImpl.receive();org.apache.juli.logging.Log;1;3;4;0.8718;309;12;28;1;0;0.9565;18;18;0
org.apache.catalina.mbeans.MBeanFactory.createJNDIRealm(String);org.apache.catalina.core.ContainerBase;1;1;0;0.9706;401;31;3;1;0;0.9875;555;53;27
org.apache.jasper.compiler.Generator.GenerateVisitor.visit(Node.UseBean);org.apache.jasper.compiler.Generator;7;0;1;0.9875;1736;44;16;1;2;0.9655;782;28;18
org.apache.catalina.tribes.io.ObjectReader.count();org.apache.catalina.tribes.io.XByteBuffer;0;0;1;0.9375;71;9;5;1;0;0.9600;317;36;7
org.apache.catalina.connector.CoyoteAdapter.asyncDispatch(org.apache.coyote.Request, org.apache.coyote.Response, SocketStatus);org.apache.catalina.Pipeline;7;0;4;0.9744;620;12;9;1;0;0.9737;9;9;0
org.apache.el.parser.ELParser.LiteralExpression();org.apache.el.parser.ELParserTreeConstants;3;1;1;0.9855;2270;112;22;0;1;0.9762;0;0;35
org.apache.catalina.mbeans.UserMBean.addRole(String);org.apache.catalina.User;0;0;0;1.0000;85;6;3;2;0;0.8947;17;17;0
org.apache.catalina.session.StandardSession.setAttribute(String, Object, boolean);org.apache.catalina.Context;1;4;3;0.9259;585;58;24;1;0;0.9933;139;139;1
org.apache.catalina.realm.DataSourceRealm.authenticate(Connection, String, String);org.apache.juli.logging.Log;1;2;0;0.9231;244;13;11;2;0;0.9130;18;18;0
org.apache.catalina.core.ApplicationContext.createListener(Class<T>);org.apache.catalina.core.StandardContext;2;0;2;0.9857;645;60;13;0;1;0.9969;2421;209;114
org.apache.catalina.tribes.transport.nio.NioReceiver.socketTimeouts();org.apache.catalina.tribes.io.ObjectReader;1;1;3;0.9259;269;15;8;0;3;0.8696;71;9;5
org.apache.coyote.ajp.AjpProtocol.AjpConnectionHandler.unregister(AjpProcessor);org.apache.coyote.RequestInfo;4;0;1;0.9444;90;5;5;1;1;0.9429;134;13;14
org.apache.catalina.tribes.group.interceptors.DomainFilterInterceptor.hasMembers();org.apache.catalina.tribes.membership.Membership;0;1;1;0.8182;52;9;2;1;0;0.9545;137;11;6
org.apache.catalina.core.ApplicationPart.getContentType();org.apache.tomcat.util.http.fileupload.FileItem;0;0;1;0.9167;59;9;2;1;0;0.9375;15;15;0
org.apache.tomcat.util.buf.MessageBytes.recycle();org.apache.tomcat.util.buf.CharChunk;0;0;9;0.8095;380;30;16;1;0;0.9825;393;39;8
org.apache.catalina.connector.Request.getScheme();org.apache.coyote.Request;1;0;1;0.9943;1203;127;53;0;1;0.9818;221;18;34
org.apache.el.parser.ELParser.getNextToken();org.apache.el.parser.Token;1;0;4;0.9701;2270;112;22;0;1;0.9412;24;3;9
org.apache.catalina.core.StandardContext.engineBase();org.apache.catalina.Container;0;0;0;1.0000;2421;209;114;1;0;0.9730;35;35;6
org.apache.catalina.mbeans.MBeanUtils.createObjectName(String, User);org.apache.catalina.UserDatabase;0;0;0;1.0000;706;52;4;1;0;0.9444;16;16;0
org.apache.catalina.tribes.transport.nio.NioReceiver.cancelledKey(SelectionKey);org.apache.juli.logging.Log;1;0;1;1.0000;269;15;8;2;0;0.9000;18;18;0
org.apache.catalina.core.ApplicationFilterChain.internalDoFilterEvent(CometEvent);org.apache.catalina.Globals;1;0;7;0.7647;231;9;13;0;1;1.0000;0;0;39
org.apache.tomcat.util.net.NioEndpoint.Poller.register(NioChannel);org.apache.tomcat.util.net.NioEndpoint.PollerEvent;3;1;0;0.9677;396;15;6;1;0;0.9444;60;4;3
org.apache.catalina.deploy.WebXml.mergeMultipartDef(MultipartDef, MultipartDef, boolean);org.apache.catalina.deploy.MultipartDef;1;0;0;1.0000;1536;45;42;0;4;0.3333;78;2;4
org.apache.catalina.core.ContainerBase.setManager(Manager);org.apache.juli.logging.Log;0;0;3;0.9756;555;53;27;1;0;0.9583;18;18;0
org.apache.jasper.compiler.TagFileProcessor.TagFileDirectiveVisitor.postCheck();org.apache.jasper.compiler.ErrorDispatcher;2;0;3;0.9000;204;8;24;2;0;0.9286;158;22;2
org.apache.jasper.compiler.TagFileProcessor.removeProtoTypeFiles(String);org.apache.jasper.JspCompilationContext;1;0;1;0.8333;94;4;1;1;0;0.9844;426;31;31
org.apache.naming.resources.ProxyDirContext.cacheUnload(String);org.apache.naming.resources.ResourceCache;0;0;1;0.9870;469;64;15;1;0;0.9444;211;7;10
org.apache.coyote.Request.toString();org.apache.tomcat.util.buf.MessageBytes;0;0;1;0.9811;221;18;34;1;0;0.9762;380;30;16
org.apache.jasper.compiler.Parser.getAttributeBodyType(Node, String);org.apache.jasper.compiler.Node.CustomTag;1;0;1;1.0000;1185;55;13;0;1;0.9744;218;9;26
org.apache.catalina.deploy.WebXml.addFilter(FilterDef);org.apache.catalina.deploy.FilterDef;1;0;2;0.9861;1536;45;42;1;0;0.9474;66;9;10
org.apache.catalina.core.StandardContext.resourcesStart();org.apache.naming.resources.FileDirContext;3;3;7;0.9731;2421;209;114;0;1;0.9811;219;25;5
org.apache.tomcat.util.modeler.BaseNotificationBroadcaster.removeNotificationListener(NotificationListener);org.apache.tomcat.util.modeler.BaseNotificationBroadcasterEntry;1;0;1;0.8571;54;6;1;0;1;0.8000;5;0;3
org.apache.coyote.ajp.AjpAprProcessor.parseHost(MessageBytes);org.apache.coyote.Response;4;0;4;0.9231;623;13;30;0;1;0.9815;250;19;18
org.apache.catalina.connector.RequestFacade.GetLocalePrivilegedAction.run();org.apache.catalina.connector.Request;1;0;0;1.0000;3;1;0;1;0;0.9943;1203;127;53
org.apache.catalina.ha.session.JvmRouteSessionIDBinderListener.messageReceived(ClusterMessage);org.apache.catalina.ha.session.SessionIDMessage;3;0;0;1.0000;54;5;3;0;4;0.8095;45;2;5
org.apache.catalina.connector.RequestFacade.setCharacterEncoding(String);org.apache.tomcat.util.res.StringManager;0;0;2;0.9859;450;69;2;1;0;0.8571;52;3;3
org.apache.jasper.compiler.Generator.generateXmlProlog(Node.Nodes);org.apache.jasper.compiler.Node.Nodes;4;0;3;0.9400;782;28;18;0;1;0.9600;43;5;3
org.apache.el.lang.ELSupport.coerceToBoolean(Object);org.apache.el.util.MessageFactory;0;0;0;1.0000;406;22;1;1;0;1.0000;24;7;1
org.apache.catalina.ha.session.DeltaManager.messageReceived(SessionMessage, Member);org.apache.catalina.ha.session.SessionMessage;2;8;4;0.8795;822;41;40;2;7;0.8947;5;5;7
org.apache.catalina.core.StandardWrapperValve.event(Request, Response, CometEvent);org.apache.catalina.core.ApplicationFilterChain;3;1;4;0.8710;352;4;6;2;0;0.9459;231;9;13
org.apache.catalina.valves.AccessLogValve.log(Request, Response, long);org.apache.catalina.connector.Request;0;0;0;0;0;0;0;0;0;0;0;0;0
org.apache.catalina.manager.HTMLManagerServlet.list(HttpServletRequest, HttpServletResponse, String);org.apache.catalina.Container;1;1;12;0.9762;686;26;19;4;0;0.9167;35;35;6
org.apache.catalina.manager.util.SessionUtils.getTTLForSession(Session);org.apache.catalina.Session;0;0;0;1.0000;158;6;5;2;0;0.9375;32;32;4
org.apache.catalina.core.NamingContextListener.removeEjb(String);org.apache.juli.logging.Log;1;0;3;0.9375;745;23;11;1;0;0.9500;18;18;0
org.apache.tomcat.util.digester.Digester.fatalError(SAXParseException);org.apache.juli.logging.Log;3;0;2;0.9850;849;103;29;1;0;0.9500;18;18;0
org.apache.catalina.core.StandardContext.setDistributable(boolean);org.apache.catalina.Manager;0;0;2;0.9969;2421;209;114;1;0;0.9750;35;35;0
org.apache.catalina.startup.Embedded.findLifecycleListeners();org.apache.catalina.util.LifecycleSupport;1;0;1;0.9767;368;34;10;0;1;0.8750;38;3;3
org.apache.catalina.connector.Request.doGetSession(boolean);org.apache.catalina.Manager;0;4;6;0.9511;1203;127;53;2;0;0.9623;35;35;0
org.apache.coyote.ajp.AjpProtocol.AjpConnectionHandler.process(SocketWrapper<Socket>, SocketStatus);org.apache.tomcat.util.res.StringManager;3;1;2;0.8125;90;5;5;1;0;0.9286;52;3;3
org.apache.catalina.tribes.group.interceptors.TwoPhaseCommitInterceptor.sendMessage(Member[], ChannelMessage, InterceptorPayload);org.apache.catalina.tribes.io.XByteBuffer;0;0;3;0.9286;69;3;6;2;0;0.9375;317;36;7
org.apache.catalina.ant.jmx.JMXAccessorCreateTask.jmxCreate(MBeanServerConnection, String);org.apache.catalina.ant.jmx.Arg;1;0;3;0.7273;69;4;4;0;2;0.7500;15;0;2
org.apache.catalina.realm.JNDIRealm.authenticate(DirContext, String, String);org.apache.juli.logging.Log;0;4;2;0.9221;742;44;32;3;0;0.8846;18;18;0
org.apache.catalina.core.ContainerBase.destroyInternal();org.apache.catalina.Lifecycle;0;0;0;0;0;0;0;0;0;0;0;0;0
org.apache.tomcat.util.bcel.classfile.FieldOrMethod.getSignature();org.apache.tomcat.util.bcel.classfile.ConstantUtf8;2;0;2;0.8333;31;3;5;0;1;0.8571;14;2;1
org.apache.catalina.startup.CallMethodMultiRule.end(String, String);org.apache.tomcat.util.digester.Digester;1;0;1;0.9091;59;1;1;3;0;0.9786;849;103;29
org.apache.catalina.connector.RequestFacade.GetParameterMapPrivilegedAction.run();org.apache.catalina.connector.Request;1;0;0;1.0000;3;1;0;1;0;0.9943;1203;127;53
org.apache.catalina.connector.Request.setAttribute(String, Object);org.apache.juli.logging.Log;1;2;8;0.9497;1203;127;53;1;0;0.9688;18;18;0
org.apache.coyote.http11.Http11AprProtocol.destroy();org.apache.tomcat.util.net.AprEndpoint;1;1;5;0.9615;387;76;26;1;0;0.9828;471;17;35
org.apache.catalina.core.StandardWrapper.allocate();org.apache.juli.logging.Log;1;2;9;0.9107;748;76;36;4;0;0.8667;18;18;0
org.apache.coyote.http11.filters.ChunkedInputFilter.parseChunkHeader();org.apache.tomcat.util.buf.HexUtils;1;1;5;0.6250;128;9;10;1;0;1.0000;8;3;2
org.apache.jasper.compiler.TagLibraryInfoImpl.createVariable(TreeNode);org.apache.jasper.compiler.Localizer;0;0;1;0.9600;528;14;6;1;0;1.0000;34;6;1
org.apache.catalina.tribes.group.RpcMessage.toString();org.apache.catalina.tribes.util.Arrays;0;0;3;0.6250;36;3;4;1;0;1.0000;157;24;1
org.apache.jasper.compiler.Generator.GenerateVisitor.generateNamedAttributeJspFragment(Node.NamedAttribute, String);org.apache.jasper.compiler.ServletWriter;0;1;1;0.9677;1736;44;16;2;0;0.8947;54;12;6
org.apache.tomcat.util.net.NioEndpoint.Poller.run();org.apache.tomcat.util.net.SocketWrapper;1;3;3;0.8182;396;15;6;1;0;0.9667;60;2;11
org.apache.catalina.startup.HostConfig.checkResources(DeployedApplication);org.apache.catalina.startup.ExpandWar;1;2;4;0.9344;793;36;16;1;0;1.0000;244;9;2
org.apache.catalina.mbeans.NamingResourcesMBean.addEnvironment(String, String, String);org.apache.catalina.mbeans.MBeanUtils;2;0;1;0.9474;138;9;2;1;0;1.0000;706;52;4
org.apache.tomcat.util.net.NioEndpoint.Poller.processKey(SelectionKey, KeyAttachment);org.apache.juli.logging.Log;2;4;1;0.8214;396;15;6;1;0;0.9655;18;18;0
org.apache.catalina.connector.RequestFacade.getMethod();org.apache.catalina.connector.Request;0;0;2;0.9859;450;69;2;1;0;0.9943;1203;127;53
org.apache.catalina.core.StandardContext.removeChild(Container);org.apache.tomcat.util.res.StringManager;0;0;0;1.0000;2421;209;114;1;0;0.8333;52;3;3
org.apache.coyote.ajp.AjpProcessor.prepareRequest();org.apache.coyote.Adapter;7;1;8;0.8861;659;13;32;0;0;1.0000;3;3;0
org.apache.jasper.compiler.ParserController.determineSyntaxAndEncoding(String, JarFile, String);org.apache.jasper.compiler.JspConfig.JspProperty;3;2;8;0.6774;281;12;13;0;1;0.9643;46;0;11
org.apache.jasper.compiler.JDTCompiler.generateClass(String[]);org.apache.jasper.compiler.SmapUtil;2;0;1;0.9565;317;1;1;1;0;1.0000;68;4;1
org.apache.catalina.connector.Request.getHeaderNames();org.apache.coyote.Request;1;0;1;0.9943;1203;127;53;0;1;0.9818;221;18;34
org.apache.coyote.ajp.AjpAprProtocol.destroy();org.apache.tomcat.util.net.AprEndpoint;1;1;5;0.9298;219;40;15;1;0;0.9828;471;17;35
org.apache.catalina.filters.RemoteAddrFilter.doFilterEvent(CometEvent, CometFilterChain);org.apache.catalina.comet.CometEvent;0;0;0;1.0000;9;2;1;1;0;0.8889;6;6;2
org.apache.catalina.connector.CoyoteAdapter.service(org.apache.coyote.Request, org.apache.coyote.Response);org.apache.tomcat.util.http.Parameters;8;0;5;0.9792;620;12;9;1;0;0.9846;245;14;15
org.apache.catalina.realm.CombinedRealm.authenticate(String, String);org.apache.juli.logging.Log;1;0;2;0.9375;151;12;2;2;0;0.9048;18;18;0
org.apache.el.parser.ELParser.DynamicExpression();org.apache.el.parser.ELParserTreeConstants;2;2;1;0.9784;2270;112;22;0;1;0.9773;0;0;35
org.apache.catalina.core.ApplicationJspPropertyGroupDescriptor.getErrorOnUndeclaredNamespace();org.apache.catalina.deploy.JspPropertyGroup;1;0;1;0.9231;79;12;1;0;1;0.9545;72;9;12
org.apache.tomcat.util.buf.StringCache.toString(CharChunk);org.apache.juli.logging.Log;1;2;10;1.0000;361;13;14;2;0;0.9231;18;18;0
org.apache.catalina.session.PersistentManagerBase.processMaxIdleBackups();org.apache.juli.logging.Log;1;1;2;0.9556;421;30;12;2;0;0.9200;18;18;0
org.apache.tomcat.util.net.NioEndpoint.PollerEvent.run();org.apache.tomcat.util.net.NioEndpoint.KeyAttachment;4;0;3;0.8125;60;4;3;1;2;0.9032;121;13;8
org.apache.catalina.core.StandardServer.destroyInternal();org.apache.catalina.Lifecycle;0;0;0;0;0;0;0;0;0;0;0;0;0
org.apache.catalina.core.ContainerBase.addChild(Container);org.apache.catalina.Globals;1;1;0;0.9870;555;53;27;0;1;1.0000;0;0;39
org.apache.jasper.JspC.generateWebMapping(String, JspCompilationContext);org.apache.juli.logging.Log;0;0;3;0.9765;876;35;84;2;0;0.9091;18;18;0
org.apache.catalina.core.ApplicationContext.getServletRegistrations();org.apache.catalina.Container;0;0;1;0.9857;645;60;13;1;0;0.9730;35;35;6
org.apache.coyote.ajp.AjpAprProtocol.AjpConnectionHandler.register(AjpAprProcessor);org.apache.tomcat.util.modeler.Registry;4;0;3;0.8333;82;5;4;2;0;0.9804;433;33;10
org.apache.catalina.startup.ContextConfig.FragmentJarScannerCallback.scan(JarURLConnection);org.apache.catalina.deploy.WebXml;2;0;2;0.8571;76;2;2;1;3;0.9459;1536;45;42
org.apache.catalina.connector.MapperListener.containerEvent(ContainerEvent);org.apache.catalina.Wrapper;1;0;1;0.9474;300;10;6;0;0;1.0000;39;39;0
org.apache.catalina.session.PersistentManagerBase.PrivilegedStoreLoad.run();org.apache.catalina.session.PersistentManagerBase;1;0;1;0.6667;6;1;1;0;1;0.9756;421;30;12
org.apache.jasper.compiler.Generator.compileTagHandlerPoolList(Node.Nodes);org.apache.jasper.compiler.Node.Nodes;4;0;1;0.9796;782;28;18;3;0;0.8500;43;5;3
org.apache.catalina.tribes.group.interceptors.GzipInterceptor.sendMessage(Member[], ChannelMessage, InterceptorPayload);org.apache.catalina.tribes.ChannelMessage;1;1;1;1.0000;47;5;2;1;0;0.9444;11;11;0
org.apache.catalina.mbeans.MBeanUtils.destroyMBean(Loader);org.apache.tomcat.util.modeler.Registry;0;2;2;1.0000;706;52;4;1;0;0.9750;433;33;10
org.apache.catalina.tribes.transport.nio.NioReplicationTask.drainChannel(SelectionKey, ObjectReader);org.apache.catalina.tribes.io.ListenCallback;4;3;2;0.8667;197;7;5;1;0;0.9565;1;1;0
org.apache.catalina.session.StandardSession.getThisAccessedTime();org.apache.tomcat.util.res.StringManager;0;1;2;0.9737;585;58;24;1;0;0.8571;52;3;3
org.apache.catalina.startup.Embedded.initDirs();org.apache.tomcat.util.IntrospectionUtils;1;0;2;1.0000;368;34;10;1;0;1.0000;595;31;4
org.apache.catalina.core.StandardPipeline.setBasic(Valve);org.apache.catalina.Contained;0;1;4;0.8519;233;15;5;1;0;0.9167;2;2;0
org.apache.catalina.tribes.membership.McastService.setPayload(byte[]);org.apache.catalina.tribes.membership.MemberImpl;0;0;4;0.9552;353;55;13;2;0;0.9545;300;29;19
org.apache.catalina.tribes.group.interceptors.NonBlockingCoordinator.memberAdded(Member, boolean);org.apache.juli.logging.Log;0;3;3;0.9038;352;38;15;1;0;0.9615;18;18;0
org.apache.coyote.http11.Http11Processor.process(SocketWrapper<Socket>);org.apache.coyote.RequestInfo;7;3;6;0.8596;731;12;7;0;1;0.9863;134;13;14
org.apache.tomcat.util.digester.Digester.endDocument();org.apache.tomcat.util.digester.Rules;0;5;2;0.9489;849;103;29;1;0;0.9474;8;8;0
org.apache.catalina.core.ApplicationServletRegistration.getMappings();org.apache.catalina.Context;0;0;2;0.8947;132;14;3;2;0;0.9859;139;139;1
org.apache.catalina.core.StandardContext.removeWelcomeFile(String);org.apache.catalina.Context;0;1;2;0.9907;2421;209;114;0;0;1.0000;139;139;1
org.apache.coyote.http11.Http11NioProtocol.Http11ConnectionHandler.process(NioChannel);org.apache.tomcat.util.net.SocketWrapper;9;2;3;0.8438;177;8;6;0;1;0.9730;60;2;11
org.apache.catalina.ha.session.DeltaManager.expireAllLocalSessions();org.apache.catalina.session.StandardSession;1;0;2;0.9880;822;41;40;1;0;0.9878;585;58;24
org.apache.catalina.tribes.group.GroupChannel.addInterceptor(ChannelInterceptor);org.apache.catalina.tribes.ChannelInterceptor;0;0;2;0.9444;268;24;9;3;0;0.8421;16;16;0
org.apache.catalina.tribes.group.ChannelCoordinator.memberAdded(Member);org.apache.catalina.tribes.transport.SenderState;0;0;0;1.0000;164;15;5;1;0;1.0000;45;9;5
org.apache.catalina.connector.Request.getDecodedRequestURI();org.apache.coyote.Request;1;0;1;0.9943;1203;127;53;0;1;0.9818;221;18;34
org.apache.catalina.connector.CoyoteWriter.write(int);org.apache.catalina.connector.OutputBuffer;0;0;2;0.9355;141;28;3;1;0;0.9762;207;25;15
org.apache.coyote.http11.Http11Protocol.Http11ConnectionHandler.register(Http11Processor);org.apache.coyote.http11.Http11Protocol;4;0;3;0.8421;105;5;5;0;1;1.0000;78;3;5
org.apache.jasper.compiler.TagLibraryInfoImpl.parseTLD(String, InputStream, JarResource);org.apache.jasper.compiler.Localizer;0;4;3;0.7500;528;14;6;1;0;1.0000;34;6;1
org.apache.catalina.tribes.group.interceptors.OrderInterceptor.sendMessage(Member[], ChannelMessage, InterceptorPayload);org.apache.catalina.tribes.ChannelMessage;0;1;1;0.9231;141;9;8;2;0;0.9048;11;11;0
org.apache.catalina.ha.authenticator.ClusterSingleSignOnListener.messageReceived(ClusterMessage);org.apache.catalina.ha.authenticator.ClusterSingleSignOn;1;1;1;0.9000;82;4;2;6;0;0.7931;142;15;4
org.apache.jasper.compiler.JspDocumentParser.endPrefixMapping(String);org.apache.jasper.compiler.PageInfo;0;0;3;0.9545;663;28;20;2;0;0.9747;341;30;46
org.apache.catalina.connector.Request.authenticate(HttpServletResponse);org.apache.catalina.Context;0;0;2;0.9944;1203;127;53;2;0;0.9859;139;139;1
org.apache.catalina.mbeans.MBeanUtils.destroyMBean(ContextResourceLink);org.apache.tomcat.util.modeler.ManagedBean;0;2;2;1.0000;706;52;4;1;0;0.9714;252;23;13
org.apache.catalina.tribes.transport.bio.MultipointBioSender.close();org.apache.catalina.tribes.transport.bio.BioSender;0;0;1;0.9231;93;9;2;1;0;0.9375;148;9;7
org.apache.catalina.valves.JDBCAccessLogValve.close();org.apache.catalina.Container;0;0;3;0.9394;201;7;24;1;0;0.9750;35;35;6
org.apache.el.parser.AstAnd.getValue(EvaluationContext);org.apache.el.parser.Node;0;0;0;1.0000;13;1;0;1;0;0.9444;17;17;0
org.apache.catalina.core.ApplicationFilterConfig.getInitParameterNames();org.apache.catalina.deploy.FilterDef;0;0;1;0.9524;175;15;8;1;0;0.9474;66;9;10
org.apache.jasper.compiler.Compiler.generateJava();org.apache.jasper.compiler.JspUtil;12;1;7;0.8621;310;11;8;1;0;1.0000;608;37;6
org.apache.catalina.startup.ContextConfig.getContextWebXmlSource();org.apache.catalina.Globals;4;0;3;0.9796;1103;37;18;0;1;1.0000;0;0;39
org.apache.jasper.compiler.Generator.GenerateVisitor.evaluateAttribute(TagHandlerInfo, Node.JspAttribute, Node.CustomTag, String);org.apache.jasper.compiler.Node.JspAttribute;5;2;2;0.9634;1736;44;16;5;9;0.5484;107;7;10
org.apache.jasper.compiler.DeclarationVisitor.visit(Node.Declaration);org.apache.jasper.compiler.ServletWriter;3;0;0;1.0000;36;3;1;2;1;0.8500;54;12;6
org.apache.catalina.core.ApplicationDispatcher.invoke(ServletRequest, ServletResponse, State);org.apache.catalina.util.InstanceSupport;3;3;4;0.8462;421;14;11;1;0;0.9730;81;11;3
org.apache.catalina.loader.WebappClassLoader.closeJARs(boolean);org.apache.juli.logging.Log;0;0;3;0.9778;1601;58;35;2;0;0.9000;18;18;0
org.apache.catalina.tribes.group.interceptors.FragmentationInterceptor.sendMessage(Member[], ChannelMessage, InterceptorPayload);org.apache.catalina.tribes.ChannelMessage;1;1;1;0.8750;96;7;5;2;0;0.8824;11;11;0
org.apache.catalina.tribes.io.ChannelData.hashCode();org.apache.catalina.tribes.io.XByteBuffer;0;0;1;0.9375;165;14;7;1;0;1.0000;317;36;7
org.apache.jasper.compiler.Node.ELExpression.accept(Visitor);org.apache.jasper.compiler.Node.Visitor;0;0;0;1.0000;16;1;2;1;0;0.9714;126;35;0
org.apache.jasper.compiler.CompilationUnit.getContents();org.apache.jasper.Options;4;0;0;1.0000;52;4;2;1;0;0.9697;29;29;0
org.apache.el.parser.ELParserTokenManager.jjMoveNfa_1(int, int);org.apache.el.parser.SimpleCharStream;0;7;7;0.7209;994;32;25;1;0;0.9839;257;26;16
org.apache.jasper.compiler.Parser.parseTemplateText(Node);org.apache.jasper.compiler.JspReader;1;0;3;0.9559;1185;55;13;4;0;0.8947;304;23;9
org.apache.catalina.ha.session.ReplicatedSession.log(String, Throwable);org.apache.juli.logging.Log;1;0;1;0.9524;122;16;4;1;0;0.9474;18;18;0
org.apache.el.parser.ELParser.FloatingPoint();org.apache.el.parser.Token;4;1;1;0.9855;2270;112;22;0;1;0.9474;24;3;9
org.apache.catalina.realm.JDBCRealm.startInternal();org.apache.juli.logging.Log;0;1;0;0.9655;280;13;15;1;0;0.9545;18;18;0
org.apache.catalina.ant.ValidatorTask.execute();org.apache.catalina.startup.Constants;2;0;1;0.8571;38;2;1;0;1;1.0000;0;0;59
org.apache.catalina.startup.Tomcat.init();org.apache.catalina.Lifecycle;0;0;0;0;0;0;0;0;0;0;0;0;0
org.apache.catalina.ha.deploy.FarmWarDeployer.removeFactory(FileMessage);org.apache.catalina.ha.deploy.FileMessage;1;0;1;0.9773;376;28;17;0;1;0.9091;53;2;7
org.apache.catalina.tribes.membership.MemberImpl.getHostname();org.apache.catalina.tribes.util.Arrays;0;0;3;0.9474;300;29;19;1;0;1.0000;157;24;1
org.apache.catalina.mbeans.ServerLifecycleListener.createMBeans(ContextEnvironment);org.apache.catalina.mbeans.MBeanUtils;0;0;1;1.0000;563;31;2;1;0;1.0000;706;52;4
org.apache.el.parser.AstFunction.getValue(EvaluationContext);org.apache.el.util.MessageFactory;1;1;2;0.7000;73;4;2;2;0;1.0000;24;7;1
org.apache.naming.resources.ProxyDirContext.lookupCache(String);org.apache.naming.resources.CacheEntry;1;2;1;0.9630;469;64;15;0;5;0.6154;13;2;8
org.apache.catalina.ant.AbstractCatalinaTask.execute(String, InputStream, String, int);org.apache.catalina.util.Base64;0;0;4;0.7857;138;7;5;1;0;1.0000;120;5;10
org.apache.catalina.core.StandardWrapper.addInstanceListener(InstanceListener);org.apache.catalina.util.InstanceSupport;0;0;1;0.9907;748;76;36;1;0;0.9375;81;11;3
org.apache.tomcat.util.http.MimeHeaders.addValue(byte, int, int);org.apache.tomcat.util.http.MimeHeaderField;1;1;0;0.9565;129;18;3;0;2;0.7500;13;1;4
org.apache.catalina.deploy.WebXml.toXml();org.apache.catalina.deploy.MessageDestinationRef;9;3;29;0.8373;1536;45;42;2;0;0.9840;35;3;3
org.apache.catalina.core.ApplicationPart.getFilename();org.apache.tomcat.util.http.fileupload.ParameterParser;0;0;0;0;0;0;0;0;0;0;0;0;0
org.apache.jasper.compiler.Parser.parseXMLDirective(Node);org.apache.jasper.compiler.ErrorDispatcher;0;5;4;0.8696;1185;55;13;2;0;0.9412;158;22;2
org.apache.catalina.connector.RequestFacade.getParameterValues(String);org.apache.tomcat.util.res.StringManager;0;0;2;0.9859;450;69;2;1;0;0.8571;52;3;3
org.apache.coyote.ajp.AjpProcessor.SocketOutputBuffer.doWrite(ByteChunk, Response);org.apache.coyote.ajp.AjpProcessor;5;0;0;1.0000;27;1;0;1;5;0.8824;659;13;32
org.apache.catalina.connector.ResponseFacade.flushBuffer();org.apache.catalina.security.SecurityUtil;1;1;1;0.9524;224;40;2;1;0;1.0000;146;11;17
org.apache.tomcat.util.net.NioBlockingSelector.read(ByteBuffer, NioChannel, long);org.apache.tomcat.util.net.NioChannel;3;0;1;0.9444;111;4;4;1;2;0.9000;83;15;5
org.apache.el.parser.ELParser.jj_3R_60();org.apache.el.parser.ELParserConstants;1;1;0;0.9925;2270;112;22;0;1;0.9825;0;0;56
org.apache.tomcat.util.net.AprEndpoint.Sendfile.add(SendfileData);org.apache.tomcat.jni.Pool;4;0;1;0.9524;187;5;6;1;0;1.0000;13;13;0
org.apache.coyote.http11.Http11NioProtocol.Http11ConnectionHandler.deregister(Http11NioProcessor);org.apache.coyote.http11.AbstractHttp11Processor;4;0;2;0.9048;177;8;6;0;1;0.9821;228;17;32
org.apache.jasper.compiler.TagFileProcessor.TagFileDirectiveVisitor.visit(Node.TagDirective);org.apache.jasper.compiler.ErrorDispatcher;0;2;10;0.6000;204;8;24;1;0;0.9677;158;22;2
org.apache.catalina.manager.ManagerServlet.getAppBase();org.apache.catalina.Host;0;0;2;0.9556;924;35;13;1;0;0.9583;22;22;2
org.apache.catalina.connector.CoyoteAdapter.event(org.apache.coyote.Request, org.apache.coyote.Response, SocketStatus);org.apache.coyote.Response;7;0;4;0.9714;620;12;9;2;0;0.9672;250;19;18
org.apache.tomcat.util.net.AprEndpoint.Sendfile.init();org.apache.tomcat.jni.Pool;1;0;5;0.6875;187;5;6;1;0;1.0000;13;13;0
org.apache.catalina.tribes.group.interceptors.TcpPingInterceptor.messageReceived(ChannelMessage);org.apache.catalina.tribes.ChannelMessage;1;0;2;1.0000;78;6;10;2;0;0.8824;11;11;0
org.apache.coyote.http11.Http11AprProtocol.getMaxThreads();org.apache.tomcat.util.net.AbstractEndpoint;0;0;1;0.9901;387;76;26;1;0;0.9859;397;29;69
org.apache.catalina.connector.MapperListener.unregisterContext(Context);org.apache.catalina.Container;0;0;0;0;0;0;0;0;0;0;0;0;0
org.apache.catalina.realm.JNDIRealm.getDirectoryContextEnvironment();org.apache.juli.logging.Log;0;0;12;0.8533;742;44;32;2;0;0.9333;18;18;0
org.apache.catalina.core.ApplicationContextFacade.getContext(String);org.apache.catalina.core.ApplicationContext;0;1;1;0.9677;514;57;3;2;0;0.9718;645;60;13
org.apache.el.parser.ELParser.Equality();org.apache.el.parser.JJTELParserState;2;3;4;0.9507;2270;112;22;4;0;0.8621;74;10;5
org.apache.catalina.startup.RealmRuleSet.addRuleInstances(Digester);org.apache.tomcat.util.digester.Digester;0;0;1;0.8333;16;1;1;3;0;0.9776;849;103;29
org.apache.catalina.tribes.transport.nio.NioReceiver.run();org.apache.juli.logging.Log;0;1;1;0.9500;269;15;8;1;0;0.9474;18;18;0
org.apache.catalina.ha.tcp.ReplicationValve.createPrimaryIndicator(Request);org.apache.catalina.Manager;1;0;3;0.9744;278;16;17;1;0;0.9773;35;35;0
org.apache.jasper.compiler.Generator.FragmentHelperClass.openFragment(Node, int);org.apache.jasper.compiler.ServletWriter;2;0;3;0.8333;132;6;4;5;0;0.7826;54;12;6
org.apache.coyote.ajp.AjpAprProcessor.finish();org.apache.coyote.Response;1;2;5;0.8462;623;13;30;0;1;0.9767;250;19;18
org.apache.jasper.servlet.JspServlet.preCompile(HttpServletRequest);org.apache.jasper.Constants;1;0;0;1.0000;167;10;5;0;1;1.0000;0;0;33
org.apache.catalina.core.ApplicationContext.getContext(String);org.apache.catalina.Container;0;0;1;0.9863;645;60;13;1;0;0.9750;35;35;6
org.apache.catalina.valves.CometConnectionManagerValve.invoke(Request, Response);org.apache.catalina.connector.Response;1;0;2;0.8667;136;8;4;1;0;0.9894;596;70;20
org.apache.catalina.authenticator.SingleSignOn.reauthenticate(String, Realm, Request);org.apache.catalina.authenticator.SingleSignOnEntry;1;1;0;0.9565;164;12;6;4;0;0.8095;49;9;6
org.apache.jasper.compiler.JspConfig.processWebDotXml();org.apache.jasper.xmlparser.ParserUtils;1;1;5;0.7391;304;6;13;1;0;0.9474;58;3;3
org.apache.catalina.ha.deploy.FarmWarDeployer.messageReceived(ClusterMessage);org.apache.juli.logging.Log;3;7;2;0.8462;376;28;17;4;0;0.8710;18;18;0
org.apache.tomcat.util.http.fileupload.FileUploadBase.getBoundary(String);org.apache.tomcat.util.http.fileupload.ParameterParser;1;0;0;1.0000;187;14;12;1;1;0.8750;135;9;6
org.apache.catalina.connector.RequestFacade.getParameterNames();org.apache.catalina.Globals;1;0;2;0.9859;450;69;2;0;1;1.0000;0;0;39
org.apache.catalina.tribes.group.interceptors.MessageDispatchInterceptor.sendMessage(Member[], ChannelMessage, InterceptorPayload);org.apache.catalina.tribes.Channel;2;2;5;0.7083;138;12;8;0;1;1.0000;15;15;13
org.apache.catalina.session.JDBCStore.close(Connection);org.apache.catalina.Manager;1;1;7;0.8621;495;34;23;1;0;0.9783;35;35;0
org.apache.jasper.compiler.Validator.ValidateVisitor.visit(Node.TaglibDirective);org.apache.jasper.compiler.JspUtil;0;0;2;0.9767;735;37;19;1;0;1.0000;608;37;6
org.apache.catalina.session.PersistentManagerBase.startInternal();org.apache.catalina.Lifecycle;0;0;2;0.9783;421;30;12;1;0;0.9286;6;6;11
org.apache.jasper.compiler.JspDocumentParser.startPrefixMapping(String, String);org.apache.jasper.compiler.Localizer;0;1;4;0.9111;663;28;20;1;0;1.0000;34;6;1
org.apache.catalina.startup.ContextConfig.contextConfig();org.apache.catalina.Context;2;5;2;0.8511;1103;37;18;2;0;0.9864;139;139;1
org.apache.jasper.compiler.Generator.GenerateVisitor.writeDestroyInstance(String);org.apache.jasper.compiler.Generator;1;0;1;0.9839;1736;44;16;0;1;1.0000;782;28;18
org.apache.catalina.core.ApplicationContextFacade.getNamedDispatcher(String);org.apache.catalina.core.ApplicationContext;0;1;1;0.9672;514;57;3;1;0;0.9859;645;60;13
org.apache.tomcat.util.bcel.classfile.SimpleElementValue.stringifyValue();org.apache.tomcat.util.bcel.Constants;6;0;1;0.9167;62;3;1;0;5;1.0000;0;0;122
org.apache.catalina.realm.RealmBase.hasUserDataPermission(Request, Response, SecurityConstraint[]);org.apache.catalina.connector.Request;2;0;1;1.0000;672;37;22;7;0;0.9611;1203;127;53
org.apache.catalina.ssi.SSIConfig.process(SSIMediator, String, String[], String[], PrintWriter);org.apache.catalina.ssi.SSIMediator;1;0;0;1.0000;22;1;0;3;2;0.8077;190;16;13
org.apache.catalina.core.ApplicationServletRegistration.getInitParameters();org.apache.catalina.util.ParameterMap;1;0;1;0.9474;132;14;3;0;1;0.9231;34;5;2
org.apache.tomcat.util.net.jsse.JSSESupport.getKeySize();org.apache.tomcat.util.net.SSLSupport.CipherData;2;0;2;0.9231;142;8;5;0;2;0.5000;4;0;2
org.apache.catalina.connector.Connector.setProperty(String, String);org.apache.tomcat.util.IntrospectionUtils;0;0;2;0.9878;405;53;33;1;0;1.0000;595;31;4
org.apache.jasper.compiler.Compiler.compile(boolean, boolean);org.apache.jasper.compiler.ServletWriter;1;2;7;0.6400;310;11;8;1;0;0.9677;54;12;6
org.apache.tomcat.util.http.mapper.Mapper.addContext(String, Object, String, Object, String[], javax.naming.Context);org.apache.juli.logging.Log;0;0;0;0;0;0;0;0;0;0;0;0;0
org.apache.coyote.http11.Http11Processor.action(ActionCode, Object);org.apache.tomcat.util.net.SSLSupport;9;1;7;0.8889;731;12;7;4;5;0.9245;5;5;6
org.apache.catalina.connector.RequestFacade.getScheme();org.apache.catalina.connector.Request;0;0;2;0.9859;450;69;2;1;0;0.9943;1203;127;53
org.apache.catalina.tribes.group.GroupChannel.setChannelSender(ChannelSender);org.apache.catalina.tribes.group.ChannelCoordinator;1;0;1;0.9697;268;24;9;0;1;0.9565;164;15;5
org.apache.coyote.Response.reset();org.apache.tomcat.util.http.MimeHeaders;2;1;11;0.7027;250;19;18;1;0;0.9688;129;18;3
org.apache.catalina.ha.tcp.SimpleTcpCluster.stopInternal();org.apache.juli.logging.Log;0;1;5;0.9242;368;43;29;1;0;0.9655;18;18;0
org.apache.jasper.compiler.TagLibraryInfoImpl.createAttribute(TreeNode, String);org.apache.jasper.xmlparser.TreeNode;0;0;1;0.9615;528;14;6;4;0;0.8261;109;13;5
org.apache.catalina.connector.CoyoteAdapter.parseSessionSslId(Request);org.apache.catalina.connector.Connector;3;0;1;1.0000;620;12;9;0;1;0.9888;405;53;33
org.apache.jasper.compiler.JspReader.pushChar();org.apache.jasper.compiler.Mark;1;0;1;0.9714;304;23;9;0;2;0.9091;95;7;11
org.apache.coyote.http11.AbstractHttp11Protocol.getSoLinger();org.apache.tomcat.util.net.AbstractEndpoint;0;0;1;0.9909;382;89;22;1;0;0.9859;397;29;69
org.apache.catalina.tribes.group.ChannelInterceptorBase.getLocalMember(boolean);org.apache.catalina.tribes.ChannelInterceptor;0;0;1;0.9444;66;14;4;1;0;0.9412;16;16;0
org.apache.catalina.startup.Embedded.addConnector(Connector);org.apache.catalina.connector.Connector;0;0;3;0.9787;368;34;10;1;0;0.9886;405;53;33
org.apache.jasper.compiler.JspDocumentParser.parseCustomAction(String, String, String, Attributes, Attributes, Attributes, Mark, Node);org.apache.jasper.compiler.PageInfo;0;1;2;0.9318;663;28;20;1;0;0.9877;341;30;46
org.apache.catalina.authenticator.AuthenticatorBase.invoke(Request, Response);org.apache.juli.logging.Log;2;1;6;0.9020;293;17;18;2;0;0.9545;18;18;0
org.apache.tomcat.util.modeler.Registry.load(String, Object, String);org.apache.tomcat.util.modeler.modules.ModelerSource;0;2;1;0.9512;433;33;10;1;0;0.9000;26;4;2
org.apache.catalina.connector.CoyoteAdapter.asyncDispatch(org.apache.coyote.Request, org.apache.coyote.Response, SocketStatus);org.apache.catalina.Service;7;0;4;0.9744;620;12;9;0;0;1.0000;15;15;0
org.apache.catalina.realm.DataSourceRealm.open();org.apache.catalina.core.StandardServer;0;0;2;0.9231;244;13;11;1;0;0.9808;309;29;19
org.apache.catalina.realm.JAASRealm.setContainer(Container);org.apache.juli.logging.Log;0;1;2;0.9091;195;14;9;1;0;0.9545;18;18;0
org.apache.catalina.mbeans.ServerLifecycleListener.processServerPropertyChange(Server, String, Object, Object);org.apache.juli.logging.Log;0;4;1;0.8788;563;31;2;2;0;0.9091;18;18;0
org.apache.coyote.http11.Http11AprProtocol.getKeepAliveTimeout();org.apache.tomcat.util.net.AbstractEndpoint;1;0;1;0.9901;387;76;26;0;1;0.9859;397;29;69
org.apache.catalina.mbeans.ServerLifecycleListener.destroyMBeans(NamingResources);org.apache.juli.logging.Log;0;3;1;0.9189;563;31;2;2;0;0.9200;18;18;0
org.apache.jasper.compiler.SmapUtil.SmapGenVisitor.doSmap(Node, int, int, int);org.apache.jasper.compiler.Mark;2;0;1;0.9688;149;23;3;0;2;0.9231;95;7;11
org.apache.jasper.compiler.TagLibraryInfoImpl.createTagFileInfo(TreeNode, JarResource);org.apache.jasper.compiler.TagFileProcessor;0;0;4;0.8519;528;14;6;1;0;1.0000;94;4;1
org.apache.catalina.mbeans.NamingResourcesMBean.addResourceLink(String, String);org.apache.catalina.deploy.ResourceBase;1;0;1;0.9444;138;9;2;0;2;0.9048;43;9;7
org.apache.catalina.deploy.SecurityConstraint.included(String, String);org.apache.catalina.deploy.SecurityCollection;0;1;1;0.9167;194;18;7;2;0;0.9200;147;14;7
org.apache.jasper.servlet.JspServletWrapper.destroy();org.apache.jasper.runtime.InstanceManagerFactory;0;0;3;0.8966;314;11;15;1;0;1.0000;9;1;0
org.apache.catalina.core.ApplicationServletRegistration.setMultipartConfig(MultipartConfigElement);org.apache.catalina.Wrapper;0;0;1;0.9412;132;14;3;1;0;0.9750;39;39;0
org.apache.catalina.startup.DigesterFactory.newDigester(boolean, boolean, RuleSet);org.apache.tomcat.util.digester.Digester;1;1;0;1.0000;56;5;1;1;4;0.9624;849;103;29
org.apache.tomcat.util.bcel.classfile.InnerClasses.copy(ConstantPool);org.apache.tomcat.util.bcel.classfile.InnerClass;0;0;2;0.8000;39;4;2;1;0;0.9286;47;4;4
org.apache.tomcat.util.digester.WithDefaultsRulesWrapper.addDefault(Rule);org.apache.tomcat.util.digester.Rule;1;0;3;0.8000;55;8;3;0;2;0.8824;31;9;2
org.apache.catalina.mbeans.MBeanUtils.createMBean(NamingResources);org.apache.tomcat.util.modeler.Registry;0;2;2;1.0000;706;52;4;1;0;0.9756;433;33;10
org.apache.catalina.startup.WebAnnotationSet.loadClassAnnotation(Context, String);org.apache.catalina.Container;0;1;0;1.0000;125;6;0;1;0;0.9730;35;35;6
org.apache.catalina.session.StoreBase.processExpires();org.apache.catalina.session.StandardSession;0;1;1;0.9200;86;10;5;4;0;0.9545;585;58;24
org.apache.tomcat.util.buf.MessageBytes.setLong(long);org.apache.tomcat.util.buf.ByteChunk;1;0;8;0.8409;380;30;16;2;2;0.9259;425;43;10
org.apache.coyote.RequestInfo.getRemoteAddr();org.apache.coyote.ActionCode;2;0;1;0.9655;134;13;14;0;1;1.0000;6;0;30
org.apache.catalina.core.StandardService.setContainer(Container);org.apache.catalina.Lifecycle;1;0;3;0.9302;289;26;16;2;0;0.8333;6;6;11
org.apache.catalina.realm.UserDatabaseRealm.getPassword(String);org.apache.catalina.UserDatabase;0;0;1;0.9000;92;6;4;1;0;0.9444;16;16;0
org.apache.coyote.http11.Http11NioProcessor.action(ActionCode, Object);org.apache.tomcat.util.net.SocketWrapper;13;1;9;0.8816;840;14;11;0;1;0.9863;60;2;11
org.apache.catalina.ha.session.DeltaRequest.setPrincipal(Principal);org.apache.juli.logging.Log;1;1;7;0.9130;179;15;15;3;0;0.8500;18;18;0
org.apache.tomcat.util.net.AprEndpoint.Poller.run();org.apache.tomcat.jni.Error;4;2;6;0.6000;168;4;7;1;0;1.0000;14;3;2
org.apache.catalina.ha.session.DeltaManager.startInternal();org.apache.catalina.Cluster;1;1;4;0.9674;822;41;40;3;0;0.8846;11;11;0
org.apache.catalina.tribes.group.interceptors.TcpPingInterceptor.PingThread.run();org.apache.juli.logging.Log;1;0;0;1.0000;14;1;0;1;0;0.9524;18;18;0
org.apache.el.parser.AstLessThanEqual.getValue(EvaluationContext);org.apache.el.parser.Node;0;0;0;1.0000;14;1;0;1;0;0.9444;17;17;0
org.apache.catalina.connector.RequestFacade.getLocalPort();org.apache.catalina.connector.Request;0;0;2;0.9859;450;69;2;1;0;0.9943;1203;127;53
org.apache.coyote.http11.InternalAprInputBuffer.parseHeader();org.apache.tomcat.util.buf.MessageBytes;2;1;5;0.8276;358;13;15;1;0;0.9787;380;30;16
org.apache.catalina.connector.RequestFacade.getPathInfo();org.apache.catalina.connector.Request;0;0;2;0.9859;450;69;2;1;0;0.9943;1203;127;53
org.apache.catalina.core.ApplicationPart.getSize();org.apache.tomcat.util.http.fileupload.FileItem;0;0;1;0.9167;59;9;2;1;0;0.9375;15;15;0
org.apache.catalina.authenticator.BasicAuthenticator.authenticate(Request, HttpServletResponse, LoginConfig);org.apache.catalina.deploy.LoginConfig;5;0;1;1.0000;57;2;2;1;0;0.9756;85;9;5
org.apache.tomcat.util.modeler.modules.MbeansSource.execute();org.apache.juli.logging.Log;2;2;7;0.7308;198;11;10;5;0;0.8214;18;18;0
org.apache.catalina.ha.session.JvmRouteBinderValve.handlePossibleTurnover(Request);org.apache.juli.logging.Log;1;2;2;0.8947;165;11;7;2;0;0.9091;18;18;0
org.apache.coyote.http11.Http11AprProtocol.setSSLCARevocationFile(String);org.apache.tomcat.util.net.AprEndpoint;1;0;1;0.9901;387;76;26;0;1;0.9808;471;17;35
org.apache.catalina.session.ManagerBase.getCreationTime(String);org.apache.juli.logging.Log;0;0;2;0.9773;518;58;32;2;0;0.9048;18;18;0
org.apache.catalina.connector.Connector.resume();org.apache.coyote.ProtocolHandler;0;0;3;0.9882;405;53;33;1;0;0.9231;10;10;0
org.apache.catalina.connector.Response.toEncoded(String, String);org.apache.catalina.connector.Request;1;0;0;1.0000;596;70;20;0;0;1.0000;1203;127;53
org.apache.catalina.connector.ResponseFacade.sendError(int);org.apache.catalina.connector.Response;1;1;1;0.9524;224;40;2;1;1;0.9778;596;70;20
org.apache.catalina.session.StandardSession.expire(boolean);org.apache.catalina.Manager;2;5;8;0.8778;585;58;24;8;0;0.8491;35;35;0
org.apache.catalina.connector.CoyoteAdapter.convertMB(MessageBytes);org.apache.tomcat.util.buf.ByteChunk;3;0;0;1.0000;620;12;9;1;2;0.9434;425;43;10
org.apache.el.lang.ELSupport.compare(Object, Object);org.apache.el.util.MessageFactory;0;7;0;1.0000;406;22;1;1;0;1.0000;24;7;1
org.apache.jasper.JspCompilationContext.createCompiler(String);org.apache.jasper.compiler.Localizer;0;0;1;0.9841;426;31;31;1;0;1.0000;34;6;1
org.apache.el.parser.ELParser.LiteralExpression();org.apache.el.parser.ELParserConstants;3;1;1;0.9855;2270;112;22;0;1;0.9841;0;0;56
org.apache.catalina.util.LifecycleMBeanBase.initInternal();org.apache.tomcat.util.modeler.Registry;0;0;0;0;0;0;0;0;0;0;0;0;0
org.apache.coyote.http11.Http11NioProcessor.action(ActionCode, Object);org.apache.coyote.http11.InternalNioOutputBuffer;13;1;9;0.8816;840;14;11;4;0;0.9452;117;9;5
org.apache.catalina.core.ApplicationContextFacade.addListener(String);org.apache.catalina.security.SecurityUtil;0;1;1;0.9672;514;57;3;1;0;1.0000;146;11;17
org.apache.catalina.loader.WebappLoader.startInternal();org.apache.catalina.loader.WebappClassLoader;1;5;8;0.8611;553;36;17;2;4;0.9478;1601;58;35
org.apache.catalina.connector.RequestFacade.getParameterMap();org.apache.catalina.connector.Request;1;0;2;0.9859;450;69;2;1;0;0.9943;1203;127;53
org.apache.jasper.compiler.JspReader.getText(Mark, Mark);org.apache.jasper.compiler.Mark;0;3;0;0.9118;304;23;9;1;0;0.9583;95;7;11
org.apache.catalina.session.FileStore.load(String);org.apache.catalina.session.StandardSession;2;2;0;0.9167;191;13;6;1;1;0.9767;585;58;24
org.apache.tomcat.util.net.NioBlockingSelector.KeyReference.finalize();org.apache.juli.logging.Log;1;0;1;0.5000;11;1;1;1;0;0.9474;18;18;0
org.apache.tomcat.util.net.NioEndpoint.Poller.cancelledKey(SelectionKey, SocketStatus, boolean);org.apache.tomcat.util.net.NioChannel;4;0;0;1.0000;396;15;6;1;0;0.9688;83;15;5
org.apache.tomcat.util.buf.MessageBytes.toString();org.apache.tomcat.util.buf.CharChunk;0;0;7;0.8810;380;30;16;1;0;0.9815;393;39;8
org.apache.tomcat.util.buf.MessageBytes.duplicate(MessageBytes);org.apache.tomcat.util.buf.ByteChunk;0;1;7;0.8913;380;30;16;3;0;0.9455;425;43;10
org.apache.jasper.compiler.Compiler.generateJava();org.apache.juli.logging.Log;12;1;7;0.8621;310;11;8;2;0;0.9688;18;18;0
org.apache.catalina.startup.ContextConfig.processAnnotationWebInitParams(ElementValue);org.apache.tomcat.util.bcel.classfile.ElementValuePair;3;0;0;1.0000;1103;37;18;1;1;0.8000;16;2;3
org.apache.jasper.compiler.Generator.GenerateVisitor.visit(Node.CustomTag);org.apache.jasper.compiler.Node.CustomTag;7;1;8;0.8916;1736;44;16;1;6;0.8923;218;9;26
org.apache.catalina.startup.ContextConfig.processServletContainerInitializers(Set<WebXml>);org.apache.catalina.deploy.WebXml;0;0;0;0;0;0;0;0;0;0;0;0;0
org.apache.catalina.core.NamingContextListener.addEjb(ContextEjb);org.apache.juli.logging.Log;2;0;3;0.9487;745;23;11;1;0;0.9630;18;18;0
org.apache.catalina.tribes.group.interceptors.TcpFailureDetector.messageReceived(ChannelMessage);org.apache.juli.logging.Log;1;0;2;1.0000;227;15;10;2;0;0.9167;18;18;0
org.apache.catalina.servlets.DefaultServlet.copy(CacheEntry, ServletOutputStream, Iterator<Range>, String);org.apache.naming.resources.CacheEntry;1;1;2;0.9630;1001;37;20;0;1;0.9375;13;2;8
org.apache.catalina.core.StandardServer.addService(Service);org.apache.catalina.Lifecycle;0;0;4;0.9400;309;29;19;1;0;0.9231;6;6;11
org.apache.coyote.http11.Http11NioProcessor.parseHost(MessageBytes);org.apache.tomcat.util.net.AbstractEndpoint;5;0;2;0.9474;840;14;11;0;1;0.9882;397;29;69
org.apache.catalina.tribes.transport.nio.NioSender.process(SelectionKey, boolean);org.apache.juli.logging.Log;0;3;4;0.7600;255;12;11;1;0;0.9615;18;18;0
org.apache.jasper.runtime.PageContextImpl.getAttribute(String);org.apache.jasper.security.SecurityUtil;0;1;0;0.9811;634;40;16;1;0;1.0000;31;2;1
org.apache.catalina.mbeans.ServerLifecycleListener.destroyMBeans(Host);org.apache.catalina.mbeans.MBeanUtils;0;1;1;0.9730;563;31;2;1;0;1.0000;706;52;4
org.apache.tomcat.util.digester.Digester.peekParams();org.apache.tomcat.util.digester.ArrayStack;0;0;2;0.9851;849;103;29;1;0;0.9091;53;6;1
org.apache.catalina.session.PersistentManagerBase.stopInternal();org.apache.juli.logging.Log;0;2;2;0.9375;421;30;12;2;0;0.9310;18;18;0
org.apache.el.parser.ELParserTokenManager.jjStartNfaWithStates_1(int, int, int);org.apache.el.parser.SimpleCharStream;0;1;4;0.8837;994;32;25;1;0;0.9818;257;26;16
org.apache.jasper.compiler.Validator.ValidateVisitor.validateFunctions(ELNode.Nodes, Node);org.apache.jasper.compiler.PageInfo;4;1;2;0.9412;735;37;19;2;0;0.9773;341;30;46
org.apache.coyote.ajp.AjpAprProtocol.setPort(int);org.apache.tomcat.util.net.AbstractEndpoint;1;0;1;0.9815;219;40;15;0;1;0.9859;397;29;69
org.apache.coyote.http11.Http11Processor.prepareRequest();org.apache.coyote.Response;6;2;3;0.9273;731;12;7;0;1;0.9870;250;19;18
org.apache.catalina.core.ApplicationFilterRegistration.getUrlPatternMappings();org.apache.catalina.deploy.FilterMap;0;0;2;0.8824;110;11;3;2;0;0.8947;96;9;13
org.apache.catalina.tribes.group.interceptors.TcpPingInterceptor.sendPingMessage(Member[]);org.apache.catalina.tribes.io.ChannelData;1;0;1;1.0000;78;6;10;0;3;0.8571;165;14;7
org.apache.catalina.connector.Request.getAvailable();org.apache.catalina.connector.InputBuffer;0;0;1;0.9943;1203;127;53;1;0;0.9722;210;19;17
org.apache.coyote.http11.Http11NioProtocol.Http11ConnectionHandler.register(Http11NioProcessor);org.apache.coyote.Request;4;0;4;0.8636;177;8;6;0;1;0.9846;221;18;34
org.apache.catalina.realm.JAASRealm.authenticate(String, CallbackHandler);org.apache.tomcat.util.res.StringManager;1;1;3;0.8750;195;14;9;1;0;0.9167;52;3;3
org.apache.coyote.Response.reset();org.apache.coyote.Constants;2;1;11;0.7027;250;19;18;0;1;1.0000;0;0;14
org.apache.catalina.tribes.transport.nio.NioReplicationTask.sendAck(SelectionKey, WritableByteChannel, byte[], SocketAddress);org.apache.juli.logging.Log;0;0;1;1.0000;197;7;5;3;0;0.8333;18;18;0
org.apache.catalina.tribes.membership.McastServiceImpl.send(boolean, DatagramPacket);org.apache.catalina.tribes.membership.MemberImpl;0;1;6;0.8571;309;12;28;2;0;0.9574;300;29;19
org.apache.catalina.manager.ManagerServlet.sessions(PrintWriter, String, int);org.apache.catalina.Container;1;0;3;0.9600;924;35;13;2;0;0.9512;35;35;6
org.apache.tomcat.util.buf.MessageBytes.indexOf(char, int);org.apache.tomcat.util.buf.ByteChunk;0;0;7;0.9048;380;30;16;1;0;0.9808;425;43;10
org.apache.catalina.startup.Catalina.stop();org.apache.juli.ClassLoaderLogManager;0;0;0;0;0;0;0;0;0;0;0;0;0
org.apache.catalina.tribes.tipis.AbstractReplicatedMap.mapMemberAdded(Member);org.apache.catalina.tribes.Channel;0;1;4;0.9437;741;50;17;1;0;0.9600;15;15;13
org.apache.jasper.compiler.Validator.ValidateVisitor.checkXmlAttributes(Node.CustomTag, Node.JspAttribute[], Hashtable<String,Object>);org.apache.jasper.compiler.PageInfo;8;1;4;0.9344;735;37;19;0;3;0.9694;341;30;46
org.apache.jasper.JspCompilationContext.getDerivedPackageName();org.apache.jasper.compiler.JspUtil;0;0;2;0.9667;426;31;31;1;0;1.0000;608;37;6
org.apache.catalina.tribes.group.ChannelInterceptorBase.getMembers();org.apache.catalina.tribes.ChannelInterceptor;0;0;1;0.9444;66;14;4;1;0;0.9412;16;16;0
org.apache.tomcat.util.http.MimeHeaders.getUniqueValue(String);org.apache.tomcat.util.http.MimeHeaderField;1;0;2;0.9130;129;18;3;0;2;0.7778;13;1;4
org.apache.catalina.valves.CometConnectionManagerValve.sessionDestroyed(HttpSessionEvent);org.apache.catalina.connector.CometEventImpl;2;0;2;0.9565;136;8;4;1;2;0.8636;54;6;5
org.apache.coyote.ajp.AjpAprProtocol.getBacklog();org.apache.tomcat.util.net.AbstractEndpoint;1;0;1;0.9815;219;40;15;0;1;0.9859;397;29;69
org.apache.catalina.startup.ContextConfig.configureStop();org.apache.catalina.Host;0;0;5;0.9595;1103;37;18;1;0;0.9815;22;22;2
org.apache.tomcat.util.http.Parameters.urlDecode(ByteChunk, String);org.apache.tomcat.util.buf.CharChunk;2;0;2;0.9459;245;14;15;4;1;0.9107;393;39;8
org.apache.catalina.session.JDBCStore.save(Session);org.apache.catalina.session.StandardSession;1;6;9;0.7692;495;34;23;1;0;0.9901;585;58;24
org.apache.jasper.compiler.Dumper.DumpVisitor.visit(Node.PageDirective);org.apache.jasper.compiler.Node;1;1;0;0.9643;122;27;1;0;1;0.9630;163;7;15
org.apache.el.parser.ELParser.Compare();org.apache.el.parser.JJTELParserState;2;3;4;0.9527;2270;112;22;4;0;0.8857;74;10;5
org.apache.catalina.realm.JDBCRealm.getRoles(String);org.apache.tomcat.util.res.StringManager;0;3;1;0.8621;280;13;15;1;0;0.9167;52;3;3
org.apache.jasper.tagplugins.jstl.core.ForEach.doCollection(TagPluginContext);org.apache.jasper.compiler.tagplugin.TagPluginContext;0;1;4;0.5455;139;3;4;5;0;0.7368;14;14;0
org.apache.catalina.connector.Request.parseParts();org.apache.tomcat.util.http.fileupload.ServletFileUpload;0;0;0;0;0;0;0;0;0;0;0;0;0
org.apache.catalina.tribes.tipis.AbstractReplicatedMap.MapEntry.isDiffable();org.apache.catalina.tribes.tipis.ReplicatedMapEntry;0;0;1;0.9444;93;11;6;1;0;0.9091;10;10;0
org.apache.tomcat.util.bcel.classfile.LineNumberTable.toString();org.apache.tomcat.util.bcel.classfile.LineNumber;0;0;2;0.7500;50;4;2;1;0;0.8889;22;3;2
org.apache.catalina.session.StandardSession.passivate();org.apache.catalina.Session;1;3;3;0.9367;585;58;24;0;1;1.0000;32;32;4
org.apache.catalina.core.StandardService.destroyInternal();org.apache.catalina.Lifecycle;0;0;0;0;0;0;0;0;0;0;0;0;0
org.apache.catalina.connector.Request.getRemotePort();org.apache.coyote.ActionCode;2;0;2;0.9886;1203;127;53;0;1;1.0000;6;0;30
org.apache.catalina.startup.Tomcat.getEngine();org.apache.catalina.Service;0;1;3;0.8889;253;24;14;1;0;0.9524;15;15;0
org.apache.catalina.tribes.group.ChannelCoordinator.memberDisappeared(Member);org.apache.catalina.tribes.transport.SenderState;0;0;0;1.0000;164;15;5;1;0;1.0000;45;9;5
org.apache.jasper.compiler.Validator.ValidateVisitor.visit(Node.JspRoot);org.apache.jasper.compiler.Node;0;0;2;0.9773;735;37;19;1;0;0.9655;163;7;15
org.apache.catalina.tribes.group.interceptors.NonBlockingCoordinator.handleMyToken(MemberImpl, CoordinationMessage, Member, Membership);org.apache.catalina.tribes.util.Arrays;1;3;3;0.9107;352;38;15;3;0;1.0000;157;24;1
org.apache.catalina.session.StandardSession.expire(boolean);org.apache.tomcat.util.res.StringManager;2;5;8;0.8778;585;58;24;1;0;0.9667;52;3;3
org.apache.catalina.security.SecurityUtil.execute(Method, Object, Object[], Principal);org.apache.catalina.Globals;1;0;2;1.0000;146;11;17;0;1;1.0000;0;0;39
org.apache.catalina.tribes.group.interceptors.TcpPingInterceptor.start(int);org.apache.catalina.tribes.ChannelInterceptor;0;0;5;0.7333;78;6;10;1;0;0.9545;16;16;0
org.apache.el.parser.ELParser.CompositeExpression();org.apache.el.parser.JJTELParserState;2;5;4;0.9357;2270;112;22;4;0;0.8621;74;10;5
org.apache.coyote.http11.Http11Processor.prepareRequest();org.apache.juli.logging.Log;6;2;3;0.9273;731;12;7;2;0;0.9649;18;18;0
org.apache.jasper.xmlparser.ASCIIReader.read();org.apache.jasper.compiler.Localizer;0;0;1;0.9000;43;8;3;1;0;1.0000;34;6;1
org.apache.catalina.servlets.WebdavServlet.doCopy(HttpServletRequest, HttpServletResponse);org.apache.catalina.servlets.WebdavStatus;1;1;0;0.9706;1461;29;24;0;1;1.0000;12;2;27
org.apache.coyote.http11.Http11AprProcessor.process(long);org.apache.tomcat.jni.Socket;6;4;22;0.7241;954;28;36;1;0;1.0000;37;37;34
org.apache.catalina.core.StandardWrapper.unload();org.apache.tomcat.InstanceManager;4;1;10;0.9130;748;76;36;1;0;0.9545;4;4;0
org.apache.el.parser.AstValue.getValue(EvaluationContext);org.apache.el.parser.AstMethodParameters;0;0;0;1.0000;148;10;1;2;0;0.7778;17;2;0
org.apache.catalina.manager.StatusManagerServlet.doGet(HttpServletRequest, HttpServletResponse);org.apache.tomcat.util.res.StringManager;0;0;5;0.5556;160;4;6;1;0;0.8889;52;3;3
org.apache.catalina.valves.CometConnectionManagerValve.startInternal();org.apache.catalina.Lifecycle;0;0;0;1.0000;136;8;4;1;0;0.8750;6;6;11
org.apache.jasper.compiler.Validator.ValidateVisitor.visit(Node.ParamAction);org.apache.jasper.compiler.Node;1;2;2;0.9318;735;37;19;1;0;0.9677;163;7;15
org.apache.coyote.Request.setContentType(String);org.apache.tomcat.util.buf.MessageBytes;0;0;1;0.9811;221;18;34;1;0;0.9762;380;30;16
org.apache.coyote.http11.Http11Protocol.Http11ConnectionHandler.process(SocketWrapper<Socket>, SocketStatus);org.apache.coyote.http11.Http11Processor;4;1;3;0.8095;105;5;5;3;1;0.8710;731;12;7
org.apache.catalina.core.ApplicationContextFacade.addFilter(String, Class<? extends Filter>);org.apache.catalina.core.ApplicationContext;0;1;1;0.9672;514;57;3;1;0;0.9859;645;60;13
org.apache.jasper.compiler.Parser.parseComment(Node);org.apache.jasper.compiler.ErrorDispatcher;0;0;3;0.9552;1185;55;13;1;0;0.9630;158;22;2
org.apache.catalina.startup.Embedded.startInternal();org.apache.juli.logging.Log;1;2;3;0.9200;368;34;10;2;0;0.9286;18;18;0
org.apache.catalina.manager.host.HTMLHostManagerServlet.list(HttpServletRequest, HttpServletResponse, String);org.apache.catalina.util.ServerInfo;2;1;8;0.9375;241;8;11;1;0;1.0000;19;4;3
org.apache.catalina.loader.WebappLoader.setPermissions();org.apache.catalina.Globals;1;0;2;0.9630;553;36;17;0;1;1.0000;0;0;39
org.apache.coyote.http11.Http11AprProcessor.parseHost(MessageBytes);org.apache.tomcat.util.net.AbstractEndpoint;5;0;6;0.9167;954;28;36;0;1;0.9882;397;29;69
org.apache.coyote.ajp.AjpProtocol.AjpConnectionHandler.process(SocketWrapper<Socket>, SocketStatus);org.apache.coyote.ActionCode;3;1;2;0.8125;90;5;5;0;2;1.0000;6;0;30
org.apache.catalina.mbeans.MemoryUserDatabaseMBean.getRoles();org.apache.catalina.Role;0;1;0;0.9524;168;12;6;1;0;0.8750;5;5;0
org.apache.catalina.core.StandardWrapper.loadServlet();org.apache.catalina.Context;3;4;11;0.8824;748;76;36;1;0;0.9939;139;139;1
org.apache.jasper.compiler.CompilationUnit.getContents();org.apache.juli.logging.Log;4;0;0;1.0000;52;4;2;1;0;0.9545;18;18;0
org.apache.jasper.compiler.Generator.generateDeclarations(Node.Nodes);org.apache.jasper.compiler.ServletWriter;4;1;1;0.9818;782;28;18;8;1;0.6538;54;12;6
org.apache.catalina.core.ApplicationContextFacade.getServletNames();org.apache.catalina.core.ApplicationContext;0;1;1;0.9672;514;57;3;1;0;0.9859;645;60;13
org.apache.tomcat.util.modeler.Registry.getType(ObjectName, String);org.apache.juli.logging.Log;0;0;2;0.9744;433;33;10;1;0;0.9474;18;18;0
org.apache.jasper.compiler.ErrorDispatcher.jspError(Node, String, String);org.apache.jasper.compiler.Node;1;1;0;0.9524;158;22;2;0;1;0.9630;163;7;15
org.apache.tomcat.util.http.mapper.Mapper.addWelcomeFile(String, String, String);org.apache.juli.logging.Log;0;0;0;0;0;0;0;0;0;0;0;0;0
org.apache.coyote.ajp.AjpAprProtocol.destroy();org.apache.tomcat.util.modeler.Registry;1;1;5;0.9298;219;40;15;2;0;0.9783;433;33;10
org.apache.catalina.connector.Connector.setProtocol(String);org.apache.catalina.core.AprLifecycleListener;0;0;1;0.9878;405;53;33;1;0;1.0000;111;7;14
org.apache.catalina.deploy.NamingResources.addMessageDestinationRef(MessageDestinationRef);org.apache.catalina.deploy.ResourceBase;1;0;3;0.9412;342;36;13;2;1;0.8333;43;9;7
org.apache.coyote.http11.Http11NioProtocol.getSelectorTimeout();org.apache.tomcat.util.net.NioEndpoint;1;0;0;1.0000;97;17;3;0;1;0.9762;362;19;26
org.apache.catalina.loader.WebappLoader.setClassPath();org.apache.catalina.Globals;2;1;4;0.9245;553;36;17;0;1;1.0000;0;0;39
org.apache.jasper.compiler.Validator.validateDirectives(Compiler, Node.Nodes);org.apache.jasper.compiler.Node.Nodes;0;0;0;1.0000;65;3;0;1;0;0.9000;43;5;3
org.apache.jasper.compiler.Parser.parseAttribute(AttributesImpl);org.apache.jasper.compiler.PageInfo;1;2;3;0.9286;1185;55;13;1;0;0.9886;341;30;46
org.apache.tomcat.util.bcel.classfile.JavaClass.isSuper();org.apache.tomcat.util.bcel.Constants;1;0;0;1.0000;133;7;15;0;1;1.0000;0;0;122
org.apache.catalina.startup.HostConfig.undeployApps();org.apache.catalina.Container;1;0;4;0.9630;793;36;16;2;0;0.9524;35;35;6
org.apache.catalina.startup.Embedded.removeEngine(Engine);org.apache.catalina.Container;0;0;2;0.9800;368;34;10;1;0;0.9767;35;35;6
org.apache.coyote.http11.Http11Protocol.init();org.apache.tomcat.util.res.StringManager;3;0;5;0.8182;78;3;5;1;0;0.9565;52;3;3
org.apache.catalina.startup.WebAnnotationSet.loadApplicationServletAnnotations(Context);org.apache.catalina.Container;0;1;0;1.0000;125;6;0;2;0;0.9474;35;35;6
org.apache.catalina.manager.host.HTMLHostManagerServlet.list(HttpServletRequest, HttpServletResponse, String);org.apache.catalina.util.RequestUtil;2;1;8;0.9375;241;8;11;1;0;1.0000;189;13;3
org.apache.coyote.http11.Http11AprProcessor.endRequest();org.apache.juli.logging.Log;1;0;6;0.9403;954;28;36;1;0;0.9615;18;18;0
org.apache.catalina.tribes.membership.McastService.getMember(Member);org.apache.catalina.tribes.membership.Membership;1;0;1;0.9846;353;55;13;1;0;0.9545;137;11;6
org.apache.jasper.JspCompilationContext.incrementRemoved();org.apache.jasper.compiler.JspRuntimeContext;0;0;3;0.9508;426;31;31;1;0;0.9600;187;11;10
org.apache.catalina.valves.ExtendedAccessLogValve.CookieElement.addElement(StringBuilder, Date, Request, Response, long);org.apache.catalina.valves.ExtendedAccessLogValve;0;0;1;0.6667;11;1;1;1;0;0.9167;367;10;2
org.apache.catalina.core.StandardContext.addApplicationListener(String);org.apache.juli.logging.Log;1;0;3;0.9938;2421;209;114;1;0;0.9524;18;18;0
org.apache.catalina.loader.WebappLoader.backgroundProcess();org.apache.catalina.Loader;0;2;2;0.9245;553;36;17;1;0;0.9500;14;14;0
org.apache.jasper.compiler.JspDocumentParser.parseStandardAction(String, String, Attributes, Attributes, Attributes, Mark);org.apache.jasper.compiler.Node.TagDirective;3;1;6;0.8444;663;28;20;1;0;0.9286;27;2;1
org.apache.catalina.connector.RequestFacade.isAsyncSupported();org.apache.catalina.connector.Request;0;0;1;0.9857;450;69;2;1;0;0.9943;1203;127;53
org.apache.catalina.ha.backend.HeartbeatListener.lifecycleEvent(LifecycleEvent);org.apache.juli.logging.Log;2;0;6;0.7368;82;2;10;1;0;0.9677;18;18;0
org.apache.catalina.tribes.group.interceptors.NonBlockingCoordinator.memberAdded(Member, boolean);org.apache.catalina.tribes.Member;0;3;3;0.9038;352;38;15;1;0;0.9524;13;13;1
org.apache.tomcat.util.http.MimeHeaders.removeHeader(String);org.apache.tomcat.util.buf.MessageBytes;1;1;2;0.8636;129;18;3;1;0;0.9778;380;30;16
org.apache.catalina.startup.WebRuleSet.configureInjectionRules(Digester, String);org.apache.tomcat.util.digester.Digester;0;0;1;0.9286;246;4;7;2;0;0.9851;849;103;29
org.apache.catalina.mbeans.ServerLifecycleListener.createMBeans(ContextResource);org.apache.catalina.mbeans.MBeanUtils;0;0;1;1.0000;563;31;2;1;0;1.0000;706;52;4
org.apache.el.parser.ELParser.CompositeExpression();org.apache.el.parser.ELParserConstants;2;5;4;0.9357;2270;112;22;0;3;0.9571;0;0;56
org.apache.tomcat.util.net.AprEndpoint.init();org.apache.tomcat.jni.Status;7;0;25;0.5789;471;17;35;0;1;1.0000;160;54;59
org.apache.jasper.compiler.Validator.ValidateVisitor.FVVisitor.visit(ELNode.Function);org.apache.jasper.compiler.PageInfo;4;0;0;1.0000;33;1;1;2;0;0.9770;341;30;46
org.apache.tomcat.util.net.AprEndpoint.init();org.apache.tomcat.util.res.StringManager;7;0;25;0.5789;471;17;35;0;0;1.0000;52;3;3
org.apache.catalina.realm.JDBCRealm.startInternal();org.apache.tomcat.util.res.StringManager;0;1;0;0.9655;280;13;15;1;0;0.8889;52;3;3
org.apache.catalina.core.ApplicationContextFacade.getRequestDispatcher(String);org.apache.catalina.security.SecurityUtil;0;1;1;0.9672;514;57;3;1;0;1.0000;146;11;17
org.apache.catalina.session.FileStore.remove(String);org.apache.juli.logging.Log;1;2;0;0.8947;191;13;6;2;0;0.9130;18;18;0
org.apache.catalina.ssi.SSIMediator.encode(String, String);org.apache.catalina.util.URLEncoder;0;0;1;1.0000;190;16;13;1;0;0.7500;54;2;2
org.apache.catalina.startup.Embedded.createContext(String, String);org.apache.juli.logging.Log;2;0;2;0.9792;368;34;10;2;0;0.9130;18;18;0
org.apache.coyote.http11.Http11AprProcessor.event(SocketStatus);org.apache.juli.logging.Log;4;1;9;0.8857;954;28;36;1;0;0.9697;18;18;0
org.apache.catalina.mbeans.MBeanUtils.createMBean(Role);org.apache.tomcat.util.modeler.ManagedBean;0;2;2;1.0000;706;52;4;2;0;0.9429;252;23;13
org.apache.catalina.deploy.WebXml.configureContext(Context);org.apache.catalina.deploy.JspPropertyGroup;5;0;30;0.7986;1536;45;42;0;1;0.9918;72;9;12
org.apache.catalina.session.FileStore.save(Session);org.apache.catalina.Session;1;2;0;0.9048;191;13;6;1;0;0.9750;32;32;4
org.apache.catalina.core.StandardWrapper.unload();org.apache.catalina.core.StandardContext;4;1;10;0.9130;748;76;36;0;1;0.9971;2421;209;114
org.apache.jasper.compiler.Validator.ValidateVisitor.visit(Node.JspElement);org.apache.jasper.compiler.ErrorDispatcher;3;1;1;0.9592;735;37;19;1;0;0.9667;158;22;2
org.apache.jasper.xmlparser.UTF8Reader.mark(int);org.apache.jasper.compiler.Localizer;0;0;0;1.0000;356;11;7;1;0;1.0000;34;6;1
org.apache.catalina.core.ApplicationFilterConfig.release();org.apache.catalina.Globals;2;1;2;0.8800;175;15;8;0;1;1.0000;0;0;39
org.apache.catalina.authenticator.FormAuthenticator.forwardToErrorPage(Request, HttpServletResponse, LoginConfig);org.apache.catalina.deploy.LoginConfig;1;0;1;1.0000;236;8;3;1;0;0.9524;85;9;5
org.apache.jasper.compiler.SmapUtil.PreScanVisitor.doVisit(Node);org.apache.jasper.compiler.Node;1;0;1;0.5000;9;1;1;0;1;0.9630;163;7;15
org.apache.jasper.JspC.initWebXml();org.apache.jasper.compiler.Localizer;0;1;8;0.9136;876;35;84;1;0;1.0000;34;6;1
org.apache.catalina.core.AsyncContextImpl.addListener(AsyncListener);org.apache.catalina.core.AsyncListenerWrapper;1;0;1;0.9697;283;23;12;0;1;0.8000;15;3;1
org.apache.coyote.http11.Http11NioProcessor.prepareRequest();org.apache.coyote.Request;7;3;4;0.8814;840;14;11;2;5;0.9205;221;18;34
org.apache.coyote.http11.Http11AprProcessor.process(long);org.apache.coyote.Adapter;6;4;22;0.7241;954;28;36;1;0;0.9804;3;3;0
org.apache.catalina.ha.ClusterRuleSet.addRuleInstances(Digester);org.apache.tomcat.util.digester.Digester;0;0;1;0.8333;49;1;1;3;0;0.9776;849;103;29
org.apache.jasper.compiler.JspDocumentParser.checkScriptingBody(Node.ScriptingElement);org.apache.jasper.compiler.Localizer;2;0;0;1.0000;663;28;20;1;0;1.0000;34;6;1
org.apache.catalina.ha.session.DeltaManager.deserializeDeltaRequest(DeltaSession, byte[]);org.apache.catalina.ha.session.DeltaSession;1;0;0;1.0000;822;41;40;3;0;0.9412;399;42;7
org.apache.catalina.startup.DigesterFactory.register(String, String, SchemaResolver);org.apache.juli.logging.Log;0;0;1;1.0000;56;5;1;1;0;0.9474;18;18;0
org.apache.coyote.http11.Http11AprProtocol.Http11ConnectionHandler.process(long);org.apache.coyote.http11.Http11AprProcessor;3;1;3;0.7778;119;5;5;2;0;0.9730;954;28;36
org.apache.catalina.connector.MapperListener.registerContext(Context);org.apache.catalina.Context;0;0;0;0;0;0;0;0;0;0;0;0;0
org.apache.catalina.mbeans.MBeanFactory.createDataSourceRealm(String, String, String, String, String, String, String);org.apache.catalina.core.ContainerBase;2;1;0;0.9750;401;31;3;1;0;0.9884;555;53;27
org.apache.catalina.tribes.transport.bio.BioReplicationTask.run();org.apache.juli.logging.Log;0;1;3;0.7500;92;6;3;1;0;0.9583;18;18;0
org.apache.catalina.core.ApplicationHttpRequest.getRequestDispatcher(String);org.apache.catalina.Context;1;3;1;0.9091;327;29;17;1;0;0.9930;139;139;1
org.apache.catalina.ha.tcp.SimpleTcpCluster.getManagerName(String, Manager);org.apache.catalina.Container;0;1;0;0.9839;368;43;29;2;0;0.9459;35;35;6
org.apache.jasper.compiler.Generator.GenerateVisitor.visit(Node.IncludeAction);org.apache.jasper.compiler.Node;5;3;1;0.9420;1736;44;16;1;2;0.9189;163;7;15
org.apache.catalina.util.LifecycleBase.destroy();org.apache.juli.logging.Log;0;0;0;0;0;0;0;0;0;0;0;0;0
org.apache.el.parser.AstMethodParameters.getParameterTypes(EvaluationContext);org.apache.el.parser.Node;0;0;0;1.0000;17;2;0;1;0;0.9474;17;17;0
org.apache.catalina.mbeans.MBeanFactory.createUserDatabaseRealm(String, String);org.apache.catalina.core.ContainerBase;2;1;0;0.9714;401;31;3;1;0;0.9877;555;53;27
org.apache.jasper.compiler.Generator.GenerateVisitor.visit(Node.TemplateText);org.apache.jasper.compiler.JspUtil;6;0;3;0.9605;1736;44;16;0;1;1.0000;608;37;6
org.apache.catalina.connector.RequestFacade.setCharacterEncoding(String);org.apache.catalina.connector.Request;0;0;2;0.9859;450;69;2;1;0;0.9943;1203;127;53
org.apache.tomcat.util.modeler.Registry.load(String, Object, String);org.apache.juli.logging.Log;0;2;1;0.9512;433;33;10;2;0;0.9048;18;18;0
org.apache.jasper.compiler.Generator.GenerateVisitor.visit(Node.CustomTag);org.apache.jasper.compiler.PageInfo;7;1;8;0.8916;1736;44;16;0;1;0.9908;341;30;46
org.apache.catalina.mbeans.ServerLifecycleListener.destroyMBeans(Engine);org.apache.catalina.mbeans.MBeanUtils;0;1;1;0.9722;563;31;2;1;0;1.0000;706;52;4
org.apache.catalina.connector.OutputBuffer.reset();org.apache.tomcat.util.buf.ByteChunk;0;0;6;0.8500;207;25;15;1;0;0.9811;425;43;10
org.apache.jasper.compiler.Generator.GenerateVisitor.visit(Node.UseBean);org.apache.jasper.compiler.Node.UseBean;7;0;1;0.9875;1736;44;16;0;1;0.9600;15;1;1
org.apache.jasper.compiler.Generator.GenerateVisitor.visit(Node.GetProperty);org.apache.jasper.compiler.Node;3;0;1;0.9853;1736;44;16;1;2;0.9091;163;7;15
org.apache.tomcat.util.digester.Digester.endPrefixMapping(String);org.apache.juli.logging.Log;0;1;2;0.9779;849;103;29;2;0;0.9130;18;18;0
org.apache.jasper.compiler.Dumper.DumpVisitor.visit(Node.JspBody);org.apache.jasper.compiler.Node;1;3;0;0.8929;122;27;1;0;1;0.9655;163;7;15
org.apache.catalina.startup.ContextConfig.getWebXmlSource(String, String);org.apache.catalina.Context;2;0;3;0.9783;1103;37;18;1;0;0.9929;139;139;1
org.apache.coyote.http11.AbstractInputBuffer.nextRequest();org.apache.coyote.Request;0;0;8;0.6667;81;10;14;1;0;0.9839;221;18;34
org.apache.catalina.core.ApplicationPart.getHeaders(String);org.apache.tomcat.util.http.fileupload.DiskFileItem;1;0;1;0.9231;59;9;2;0;1;0.9677;232;17;16
org.apache.catalina.ha.tcp.SimpleTcpCluster.createManager(String);org.apache.juli.logging.Log;0;1;2;0.9692;368;43;29;3;0;0.8696;18;18;0
org.apache.jasper.compiler.Validator.ValidateVisitor.visit(Node.Scriptlet);org.apache.jasper.compiler.ErrorDispatcher;1;0;2;0.9545;735;37;19;1;0;0.9600;158;22;2
org.apache.catalina.startup.TldConfig.tldScanResourcePaths(String);org.apache.catalina.startup.XmlErrorHandler;0;0;0;0;0;0;0;0;0;0;0;0;0
org.apache.catalina.manager.ManagerServlet.undeploy(PrintWriter, String);org.apache.tomcat.util.ExceptionUtils;0;0;0;0;0;0;0;0;0;0;0;0;0
org.apache.jasper.compiler.Generator.generateDestroy();org.apache.jasper.compiler.ServletWriter;0;0;3;0.9302;782;28;18;6;0;0.6842;54;12;6
org.apache.catalina.users.MemoryUserCreationFactory.createObject(Attributes);org.apache.catalina.users.MemoryUserDatabase;1;0;1;0.9000;66;2;2;5;0;0.8571;252;22;10
org.apache.catalina.authenticator.SingleSignOn.sessionEvent(SessionEvent);org.apache.catalina.SessionEvent;1;2;1;0.8696;164;12;6;2;0;0.8750;18;4;3
org.apache.catalina.loader.WebappLoader.stopInternal();org.apache.catalina.core.ContainerBase;1;1;4;0.9516;553;36;17;1;0;0.9891;555;53;27
org.apache.catalina.tribes.group.interceptors.DomainFilterInterceptor.memberAdded(Member);org.apache.catalina.tribes.membership.Membership;0;1;2;0.7692;52;9;2;1;0;0.9600;137;11;6
org.apache.catalina.mbeans.ServerLifecycleListener.lifecycleEvent(LifecycleEvent);org.apache.catalina.mbeans.MBeanFactory;4;5;1;0.8649;563;31;2;0;1;0.9767;401;31;3
org.apache.jasper.compiler.JspReader.pushFile(String, String, InputStreamReader);org.apache.jasper.compiler.Mark;0;3;5;0.7895;304;23;9;1;0;0.9697;95;7;11
org.apache.catalina.valves.AccessLogValve.DateAndTimeElement.addElement(StringBuilder, Date, Request, Response, long);org.apache.catalina.valves.AccessLogValve;2;0;0;1.0000;19;1;0;2;1;0.9574;351;21;25
org.apache.coyote.ajp.AjpProtocol.pause();org.apache.tomcat.util.net.JIoEndpoint;1;1;3;0.9608;201;32;16;1;0;0.9524;195;10;6
org.apache.catalina.connector.RequestFacade.GetRequestDispatcherPrivilegedAction.run();org.apache.catalina.connector.RequestFacade;1;0;1;0.6667;6;1;1;0;1;0.9861;450;69;2
org.apache.catalina.core.ApplicationPart.write(String);org.apache.tomcat.util.http.fileupload.FileItem;0;0;2;0.8333;59;9;2;1;0;0.9412;15;15;0
org.apache.catalina.core.AsyncContextImpl.start(Runnable);org.apache.coyote.ActionCode;1;1;5;0.8529;283;23;12;0;1;1.0000;6;0;30
org.apache.catalina.mbeans.MBeanUtils.destroyMBean(ContextEnvironment);org.apache.tomcat.util.modeler.ManagedBean;0;2;2;1.0000;706;52;4;1;0;0.9714;252;23;13
org.apache.catalina.loader.WebappClassLoader.findClassInternal(String);org.apache.catalina.loader.ResourceEntry;2;3;2;0.9574;1601;58;35;0;6;0.4545;0;0;7
org.apache.jasper.compiler.Parser.parseBody(Node, String, String);org.apache.jasper.compiler.ErrorDispatcher;0;6;6;0.8714;1185;55;13;2;0;0.9429;158;22;2
org.apache.catalina.connector.Request.getQueryString();org.apache.tomcat.util.buf.MessageBytes;1;0;1;0.9943;1203;127;53;1;0;0.9767;380;30;16
org.apache.catalina.deploy.WebXml.orderWebFragments(WebXml, Map<String,WebXml>);org.apache.tomcat.util.res.StringManager;0;0;6;0.9452;1536;45;42;1;0;0.8889;52;3;3
org.apache.catalina.tribes.membership.McastService.start(int);org.apache.catalina.tribes.membership.MemberImpl;2;1;6;0.9221;353;55;13;7;2;0.8200;300;29;19
org.apache.jasper.compiler.Validator.ValidateVisitor.visit(Node.SetProperty);org.apache.jasper.compiler.Node.SetProperty;1;1;2;0.9565;735;37;19;0;1;0.9000;15;1;1
org.apache.jasper.compiler.ScriptingVariabler.ScriptingVariableVisitor.setScriptingVars(Node.CustomTag, int);org.apache.jasper.compiler.ErrorDispatcher;2;0;2;0.8182;60;2;2;1;0;0.9655;158;22;2
org.apache.catalina.connector.ResponseFacade.containsHeader(String);org.apache.tomcat.util.res.StringManager;0;0;2;0.9762;224;40;2;1;0;0.8571;52;3;3
org.apache.catalina.servlets.CGIServlet.CGIEnvironment.expandCGIScript();org.apache.catalina.servlets.CGIServlet;1;0;3;0.8636;303;9;11;0;3;0.8333;195;4;8
org.apache.catalina.ha.authenticator.ClusterSingleSignOn.removeSession(String, Session);org.apache.catalina.ha.CatalinaCluster;1;1;2;0.8889;142;15;4;2;0;0.9375;20;20;1
org.apache.catalina.servlets.DefaultServlet.rewriteUrl(String);org.apache.catalina.util.URLEncoder;0;0;1;1.0000;1001;37;20;1;0;0.7500;54;2;2
org.apache.coyote.ajp.AjpAprProcessor.action(ActionCode, Object);org.apache.tomcat.util.buf.ByteChunk;6;3;13;0.7636;623;13;30;2;1;0.9595;425;43;10
org.apache.catalina.session.ManagerBase.setRandomFile(String);org.apache.catalina.Globals;1;0;3;0.9663;518;58;32;0;1;1.0000;0;0;39
org.apache.jasper.compiler.Parser.parseDeclaration(Node);org.apache.jasper.compiler.ErrorDispatcher;0;1;3;0.9403;1185;55;13;1;0;0.9643;158;22;2
org.apache.catalina.connector.Response.setConnector(Connector);org.apache.catalina.connector.Connector;0;0;4;0.9545;596;70;20;1;0;0.9885;405;53;33
org.apache.catalina.core.StandardHostValve.status(Request, Response);org.apache.catalina.connector.Response;3;1;0;0.9524;160;7;3;3;2;0.9495;596;70;20
org.apache.catalina.connector.Request.getHost();org.apache.tomcat.util.http.mapper.MappingData;0;1;0;0.9943;1203;127;53;0;0;1.0000;11;1;9
org.apache.catalina.mbeans.MBeanFactory.createSingleSignOn(String);org.apache.catalina.util.LifecycleMBeanBase;0;0;0;0;0;0;0;0;0;0;0;0;0
org.apache.catalina.tribes.tipis.LazyReplicatedMap.publishEntryInfo(Object, Object);org.apache.juli.logging.Log;1;0;1;1.0000;54;2;1;3;0;0.8966;18;18;0
org.apache.naming.resources.ProxyDirContext.revalidate(CacheEntry);org.apache.naming.resources.CacheEntry;1;0;1;0.9877;469;64;15;0;3;0.7692;13;2;8
org.apache.el.lang.ELArithmetic.coerce(Object);org.apache.el.util.MessageFactory;0;3;1;0.7778;96;16;5;1;0;1.0000;24;7;1
org.apache.coyote.http11.InternalAprInputBuffer.parseHeader();org.apache.coyote.http11.Constants;2;1;5;0.8276;358;13;15;0;8;1.0000;0;0;44
org.apache.catalina.core.StandardContext.addErrorPage(ErrorPage);org.apache.juli.logging.Log;1;1;4;0.9878;2421;209;114;2;0;0.9286;18;18;0
org.apache.catalina.ant.jmx.JMXAccessorInvokeTask.jmxInvoke(MBeanServerConnection, String);org.apache.catalina.ant.jmx.Arg;1;0;2;0.8000;55;4;3;0;2;0.7143;15;0;2
org.apache.catalina.connector.RequestFacade.getLocales();org.apache.catalina.Globals;1;0;2;0.9859;450;69;2;0;1;1.0000;0;0;39
org.apache.tomcat.util.IntrospectionUtils.setAttribute(Object, String, Object);org.apache.juli.logging.Log;1;0;1;1.0000;595;31;4;2;0;0.8947;18;18;0
org.apache.naming.SelectorContext.lookup(Name);org.apache.juli.logging.Log;1;2;2;0.9429;170;31;7;2;0;0.9000;18;18;0
org.apache.coyote.http11.Http11NioProtocol.getPollerThreadPriority();org.apache.tomcat.util.net.AbstractEndpoint;1;0;0;1.0000;97;17;3;0;1;0.9859;397;29;69
org.apache.tomcat.util.modeler.modules.MbeansDescriptorsDOMSource.execute();org.apache.tomcat.util.modeler.OperationInfo;2;0;3;0.8889;93;2;6;1;0;0.9600;53;8;4
org.apache.coyote.http11.Http11AprProtocol.resume();org.apache.juli.logging.Log;1;1;3;0.9810;387;76;26;3;0;0.8636;18;18;0
org.apache.tomcat.util.net.AprEndpoint.Sendfile.add(SendfileData);org.apache.tomcat.util.net.AprEndpoint.SendfileData;4;0;1;0.9524;187;5;6;0;7;0.4615;0;0;8
org.apache.catalina.core.StandardHostValve.invoke(Request, Response);org.apache.tomcat.util.res.StringManager;1;2;1;0.9000;160;7;3;1;0;0.9500;52;3;3
org.apache.catalina.core.StandardServer.await();org.apache.tomcat.util.res.StringManager;0;0;7;0.9000;309;29;19;1;0;0.9286;52;3;3
org.apache.jasper.compiler.JspRuntimeContext.initClassPath();org.apache.jasper.Constants;1;0;4;0.8400;187;11;10;0;1;1.0000;0;0;33
org.apache.catalina.core.ApplicationPart.getInputStream();org.apache.tomcat.util.http.fileupload.FileItem;0;0;1;0.9167;59;9;2;1;0;0.9375;15;15;0
org.apache.catalina.tribes.transport.nio.NioSender.setMessage(byte[], int, int);org.apache.catalina.tribes.io.XByteBuffer;0;1;7;0.6800;255;12;11;1;0;0.9706;317;36;7
org.apache.catalina.connector.ResponseFacade.getCharacterEncoding();org.apache.catalina.connector.Response;0;0;2;0.9762;224;40;2;1;0;0.9889;596;70;20
org.apache.coyote.http11.filters.BufferedInputFilter.setRequest(Request);org.apache.tomcat.util.buf.ByteChunk;0;0;3;0.7500;49;6;6;2;0;0.9608;425;43;10
org.apache.coyote.ajp.AjpProcessor.recycle();org.apache.tomcat.util.buf.MessageBytes;0;0;9;0.7907;659;13;32;1;0;0.9808;380;30;16
org.apache.catalina.realm.JAASRealm.setContainer(Container);org.apache.catalina.Container;0;1;2;0.9091;195;14;9;1;0;0.9744;35;35;6
org.apache.catalina.manager.host.HostManagerServlet.add(PrintWriter, String, String, String, boolean, boolean, boolean, boolean, boolean);org.apache.tomcat.util.res.StringManager;0;0;0;0;0;0;0;0;0;0;0;0;0
org.apache.el.parser.AstValue.getType(EvaluationContext);org.apache.el.lang.EvaluationContext;0;1;0;0.9333;148;10;1;3;0;0.7857;35;7;3
org.apache.catalina.connector.OutputBuffer.writeBytes(byte, int, int);org.apache.tomcat.util.buf.ByteChunk;1;0;4;0.9000;207;25;15;1;0;0.9804;425;43;10
org.apache.catalina.mbeans.MemoryUserDatabaseMBean.findUser(String);org.apache.catalina.UserDatabase;0;0;1;0.9524;168;12;6;1;0;0.9474;16;16;0
org.apache.tomcat.util.bcel.classfile.InnerClass.toString(ConstantPool);org.apache.tomcat.util.bcel.classfile.ConstantPool;2;0;4;0.6667;47;4;4;2;0;0.8571;130;7;2
org.apache.catalina.ha.session.JvmRouteSessionIDBinderListener.start();org.apache.juli.logging.Log;0;0;1;0.9167;54;5;3;2;0;0.9091;18;18;0
org.apache.coyote.http11.Http11AprProcessor.prepareResponse();org.apache.tomcat.util.buf.MessageBytes;8;2;12;0.8427;954;28;36;3;1;0.9487;380;30;16
org.apache.tomcat.util.buf.B2CConverter.convert(ByteChunk, CharChunk, int);org.apache.tomcat.util.buf.IntermediateInputStream;3;1;5;0.6667;36;3;6;0;1;0.9167;14;3;1
org.apache.catalina.startup.ExpandWar.copy(File, File);org.apache.juli.logging.Log;1;1;2;1.0000;244;9;2;1;0;0.9444;18;18;0
org.apache.catalina.session.JDBCStore.clear();org.apache.juli.logging.Log;1;5;4;0.8448;495;34;23;1;0;0.9667;18;18;0
org.apache.catalina.connector.Response.setBufferSize(int);org.apache.tomcat.util.res.StringManager;0;1;2;0.9778;596;70;20;1;0;0.8889;52;3;3
org.apache.catalina.tribes.transport.RxTaskPool.returnWorker(AbstractRxTask);org.apache.catalina.tribes.transport.AbstractRxTask;1;0;5;0.6154;89;5;7;0;1;0.9091;37;1;6
org.apache.catalina.session.JDBCStore.clear();org.apache.catalina.Manager;1;5;4;0.8448;495;34;23;1;0;0.9787;35;35;0
org.apache.catalina.mbeans.ContextEnvironmentMBean.setAttribute(Attribute);org.apache.catalina.deploy.NamingResources;0;0;0;1.0000;19;1;0;2;0;0.9623;342;36;13
org.apache.tomcat.util.digester.CallParamRule.end(String, String);org.apache.tomcat.util.digester.Digester;0;0;2;0.8750;61;4;5;1;0;0.9928;849;103;29
org.apache.catalina.connector.RequestFacade.authenticate(HttpServletResponse);org.apache.catalina.connector.Request;0;0;1;0.9857;450;69;2;1;0;0.9943;1203;127;53
org.apache.catalina.startup.ContextConfig.antiLocking();org.apache.catalina.startup.ExpandWar;0;0;4;0.9615;1103;37;18;2;0;1.0000;244;9;2
org.apache.catalina.tribes.transport.bio.BioSender.openSocket();org.apache.juli.logging.Log;1;0;5;0.9091;148;9;7;3;0;0.9211;18;18;0
org.apache.catalina.startup.TldConfig.execute();org.apache.juli.logging.Log;2;3;5;0.8621;291;15;15;2;0;0.9310;18;18;0
org.apache.catalina.mbeans.ConnectorMBean.setAttribute(Attribute);org.apache.tomcat.util.IntrospectionUtils;0;0;0;1.0000;34;2;0;1;0;1.0000;595;31;4
org.apache.catalina.core.ApplicationContext.addServlet(String, String, Servlet);org.apache.catalina.Container;2;1;2;0.9740;645;60;13;2;0;0.9545;35;35;6
org.apache.catalina.servlets.DefaultServlet.checkSendfile(HttpServletRequest, HttpServletResponse, CacheEntry, long, Range);org.apache.naming.resources.CacheEntry;2;0;1;0.9818;1001;37;20;0;2;0.8667;13;2;8
org.apache.catalina.deploy.WebXml.addErrorPage(ErrorPage);org.apache.catalina.deploy.ErrorPage;0;0;1;0.9861;1536;45;42;1;0;0.9091;49;7;4
org.apache.naming.NamingContext.destroySubcontext(Name);org.apache.naming.StringManager;2;1;2;0.9487;282;32;6;1;0;0.8889;50;3;3
org.apache.catalina.session.JDBCStore.open();org.apache.catalina.Container;1;1;6;0.8793;495;34;23;1;0;0.9778;35;35;6
org.apache.tomcat.util.http.mapper.Mapper.find(MapElement[], CharChunk);org.apache.tomcat.util.buf.CharChunk;1;1;0;1.0000;837;39;5;0;2;0.9583;393;39;8
org.apache.coyote.ajp.AjpProtocol.setPort(int);org.apache.tomcat.util.net.AbstractEndpoint;1;0;1;0.9787;201;32;16;0;1;0.9859;397;29;69
org.apache.coyote.ajp.AjpProtocol.resume();org.apache.tomcat.util.res.StringManager;1;1;3;0.9608;201;32;16;1;0;0.9091;52;3;3
org.apache.jasper.compiler.Generator.generateInit();org.apache.jasper.JspCompilationContext;1;0;6;0.9111;782;28;18;0;1;0.9861;426;31;31
org.apache.coyote.ajp.AjpAprProcessor.SocketInputBuffer.doRead(ByteChunk, Request);org.apache.tomcat.util.buf.MessageBytes;3;0;0;1.0000;19;1;0;0;1;0.9808;380;30;16
org.apache.coyote.http11.Http11AprProcessor.asyncDispatch(long, SocketStatus);org.apache.juli.logging.Log;0;0;0;0;0;0;0;0;0;0;0;0;0
org.apache.catalina.connector.RequestFacade.getInputStream();org.apache.tomcat.util.res.StringManager;0;0;2;0.9859;450;69;2;1;0;0.8571;52;3;3
org.apache.catalina.ha.session.JvmRouteBinderValve.startInternal();org.apache.tomcat.util.res.StringManager;0;0;3;0.9583;165;11;7;1;0;0.9286;52;3;3
org.apache.catalina.mbeans.ServerLifecycleListener.createMBeans(MBeanFactory);org.apache.catalina.mbeans.MBeanUtils;0;0;1;1.0000;563;31;2;1;0;1.0000;706;52;4
org.apache.catalina.realm.DataSourceRealm.close(Connection);org.apache.juli.logging.Log;0;0;0;1.0000;244;13;11;1;0;0.9500;18;18;0
org.apache.catalina.tribes.group.interceptors.MessageDispatchInterceptor.sendAsyncData(LinkObject);org.apache.catalina.tribes.ErrorHandler;2;1;1;0.9688;138;12;8;2;0;0.8571;2;2;0
org.apache.jasper.compiler.TagLibraryInfoImpl.generateTLDLocation(String, JspCompilationContext);org.apache.jasper.compiler.TldLocationsCache;1;0;1;0.9583;528;14;6;1;2;1.0000;200;9;11
org.apache.catalina.tribes.io.BufferPool.getBufferPool();org.apache.juli.logging.Log;0;0;3;1.0000;37;4;4;4;0;0.7895;18;18;0
org.apache.catalina.connector.RequestFacade.GetParameterNamesPrivilegedAction.run();org.apache.catalina.connector.Request;1;0;0;1.0000;3;1;0;1;0;0.9943;1203;127;53
org.apache.coyote.ajp.AjpProcessor.process(SocketWrapper<Socket>);org.apache.coyote.Adapter;6;4;15;0.6981;659;13;32;1;0;0.9677;3;3;0
org.apache.catalina.tribes.group.interceptors.NonBlockingCoordinator.startElection(boolean);org.apache.catalina.tribes.group.AbsoluteOrder;1;5;8;0.7547;352;38;15;0;1;1.0000;7;1;1
org.apache.coyote.http11.Http11AprProtocol.getDeferAccept();org.apache.tomcat.util.net.AprEndpoint;1;0;1;0.9901;387;76;26;0;1;0.9808;471;17;35
org.apache.catalina.core.StandardWrapperValve.invoke(Request, Response);org.apache.catalina.Globals;4;1;5;0.8936;352;4;6;0;1;1.0000;0;0;39
org.apache.catalina.core.ApplicationContextFacade.getContextPath();org.apache.catalina.core.ApplicationContext;0;1;1;0.9672;514;57;3;1;0;0.9859;645;60;13
org.apache.catalina.core.ApplicationFilterChain.internalDoFilter(ServletRequest, ServletResponse);org.apache.catalina.util.InstanceSupport;3;0;10;0.7727;231;9;13;5;0;0.8000;81;11;3
org.apache.catalina.core.ApplicationContext.getClassLoader();org.apache.catalina.Loader;1;0;1;0.9857;645;60;13;1;0;0.9375;14;14;0
org.apache.catalina.ha.context.ReplicatedContext.getClassLoaders();org.apache.catalina.Loader;0;0;0;1.0000;60;5;3;1;0;0.9333;14;14;0
org.apache.catalina.connector.InputBuffer.realReadChars(char, int, int);org.apache.tomcat.util.buf.B2CConverter;3;1;7;0.8140;210;19;17;1;0;0.9600;36;3;6
org.apache.catalina.deploy.NamingResources.addLocalEjb(ContextLocalEjb);org.apache.catalina.deploy.ResourceBase;1;0;3;0.9412;342;36;13;2;1;0.8333;43;9;7
org.apache.coyote.http11.Http11NioProcessor.action(ActionCode, Object);org.apache.coyote.RequestInfo;13;1;9;0.8816;840;14;11;0;1;0.9885;134;13;14
org.apache.tomcat.util.modeler.modules.MbeansDescriptorsDOMSource.execute();org.apache.tomcat.util.modeler.ManagedBean;2;0;3;0.8889;93;2;6;3;0;0.9333;252;23;13
org.apache.jasper.compiler.AttributeParser.nextChar();org.apache.jasper.compiler.Localizer;0;0;9;0.4000;185;7;11;1;0;1.0000;34;6;1
org.apache.catalina.core.ApplicationContext.getResourceAsStream(String);org.apache.catalina.core.ContainerBase;1;0;1;0.9857;645;60;13;1;0;0.9875;555;53;27
org.apache.catalina.startup.RelativeOrderingRule.begin(String, String, Attributes);org.apache.catalina.startup.WebRuleSet;2;0;0;1.0000;5;1;0;0;1;1.0000;246;4;7
org.apache.catalina.core.StandardPipeline.startInternal();org.apache.catalina.Valve;0;1;2;0.8696;233;15;5;1;0;0.9167;7;7;0
org.apache.catalina.ha.deploy.FarmWarDeployer.stop();org.apache.catalina.ha.deploy.WarWatcher;0;0;5;0.9149;376;28;17;1;0;0.9333;49;3;4
org.apache.catalina.core.StandardContext.filterStart();org.apache.juli.logging.Log;1;0;2;0.9938;2421;209;114;3;0;0.8571;18;18;0
org.apache.catalina.util.InstanceSupport.fireInstanceEvent(String, Filter);org.apache.catalina.InstanceListener;0;0;2;0.8667;81;11;3;1;0;0.6667;1;1;0
org.apache.catalina.session.JDBCStore.open();org.apache.catalina.Manager;1;1;6;0.8793;495;34;23;1;0;0.9778;35;35;0
org.apache.catalina.core.ContainerBase.fireContainerEvent(String, Object);org.apache.catalina.ContainerListener;0;0;1;0.9872;555;53;27;1;0;0.5000;1;1;0
org.apache.catalina.ha.deploy.FileMessageFactory.readMessage(FileMessage);org.apache.catalina.ha.deploy.FileMessage;1;2;5;0.6500;128;6;14;1;3;0.7647;53;2;7
org.apache.catalina.session.JDBCStore.load(String);org.apache.catalina.Loader;2;5;6;0.8308;495;34;23;1;0;0.9714;14;14;0
org.apache.catalina.core.ApplicationContext.getResourcePathsInternal(DirContext, String);org.apache.catalina.util.ResourceSet;1;1;0;1.0000;645;60;13;0;1;0.8889;30;4;2
org.apache.catalina.valves.RequestFilterValve.process(String, Request, Response);org.apache.catalina.connector.Response;0;0;2;0.8667;63;8;6;1;0;0.9891;596;70;20
org.apache.catalina.connector.RequestFacade.getParameter(String);org.apache.tomcat.util.res.StringManager;1;0;2;0.9859;450;69;2;1;0;0.8571;52;3;3
org.apache.catalina.mbeans.ContextResourceMBean.getAttribute(String);org.apache.catalina.deploy.ResourceBase;0;0;0;1.0000;76;2;0;4;0;0.7778;43;9;7
org.apache.coyote.http11.InternalInputBuffer.parseHeader();org.apache.tomcat.util.res.StringManager;2;1;0;0.9167;240;5;0;1;0;0.9091;52;3;3
org.apache.catalina.core.ApplicationDispatcher.wrapRequest(State);org.apache.catalina.Context;1;0;1;0.9615;421;14;11;1;0;0.9930;139;139;1
org.apache.catalina.session.JDBCStore.open();org.apache.juli.logging.Log;1;1;6;0.8793;495;34;23;1;0;0.9643;18;18;0
org.apache.catalina.core.ContainerBase.addValve(Valve);org.apache.catalina.Pipeline;0;0;1;0.9872;555;53;27;1;0;0.9000;9;9;0
org.apache.catalina.connector.CoyoteOutputStream.write(int);org.apache.catalina.connector.OutputBuffer;0;0;1;0.8750;24;7;1;1;0;0.9756;207;25;15
org.apache.catalina.startup.ContextConfig.lifecycleEvent(LifecycleEvent);org.apache.catalina.LifecycleEvent;2;5;4;0.8571;1103;37;18;2;0;0.8889;18;3;3
org.apache.catalina.startup.ContextConfig.processJarsForWebFragments();org.apache.catalina.Container;0;0;1;0.9800;1103;37;18;1;0;0.9756;35;35;6
org.apache.catalina.connector.CoyoteWriter.close();org.apache.catalina.connector.OutputBuffer;0;0;2;0.9355;141;28;3;1;0;0.9762;207;25;15
org.apache.tomcat.util.net.AprEndpoint.Sendfile.add(SendfileData);org.apache.tomcat.jni.Socket;4;0;1;0.9524;187;5;6;4;0;1.0000;37;37;34
org.apache.jasper.compiler.Generator.FragmentHelperClass.adjustJavaLines(int);org.apache.jasper.compiler.Generator.GenBuffer;0;0;1;0.9091;132;6;4;1;0;0.9000;47;3;4
org.apache.catalina.ha.session.DeltaManager.setContainer(Container);org.apache.catalina.Container;0;0;0;1.0000;822;41;40;2;0;0.9487;35;35;6
org.apache.coyote.http11.Http11NioProtocol.setOomParachute(int);org.apache.tomcat.util.net.NioEndpoint;1;0;0;1.0000;97;17;3;0;1;0.9767;362;19;26
org.apache.coyote.http11.Http11AprProtocol.getSSLCACertificateFile();org.apache.tomcat.util.net.AprEndpoint;1;0;1;0.9901;387;76;26;0;1;0.9808;471;17;35
org.apache.jasper.JspC.execute();org.apache.jasper.compiler.Localizer;0;7;6;0.8588;876;35;84;2;0;1.0000;34;6;1
org.apache.catalina.session.PersistentManagerBase.removeSession(String);org.apache.catalina.security.SecurityUtil;0;0;2;0.9750;421;30;12;1;0;1.0000;146;11;17
org.apache.jasper.compiler.TagFileProcessor.TagFileDirectiveVisitor.visit(Node.TagDirective);org.apache.jasper.compiler.JspUtil;0;2;10;0.6000;204;8;24;1;0;1.0000;608;37;6
org.apache.catalina.ha.session.JvmRouteSessionIDBinderListener.messageReceived(ClusterMessage);org.apache.catalina.Container;3;0;0;1.0000;54;5;3;3;0;0.9400;35;35;6
org.apache.tomcat.util.bcel.classfile.JavaClass.toString();org.apache.tomcat.util.bcel.classfile.ConstantPool;1;3;12;0.3636;133;7;15;0;1;0.9583;130;7;2
org.apache.coyote.http11.Http11AprProcessor.event(SocketStatus);org.apache.coyote.Constants;4;1;9;0.8857;954;28;36;0;2;1.0000;0;0;14
org.apache.catalina.mbeans.MBeanUtils.createObjectName(String, Loader);org.apache.catalina.Container;0;0;0;1.0000;706;52;4;2;0;0.9474;35;35;6
org.apache.jasper.compiler.ELFunctionMapper.ELFunctionVisitor.visit(Node.UseBean);org.apache.jasper.compiler.Node.UseBean;2;0;0;1.0000;151;14;1;0;1;0.8000;15;1;1
org.apache.jasper.runtime.PageContextImpl.handlePageException(Throwable);org.apache.jasper.security.SecurityUtil;0;1;0;0.9811;634;40;16;1;0;1.0000;31;2;1
org.apache.catalina.mbeans.MBeanUtils.createObjectName(String, ContextEnvironment);org.apache.catalina.deploy.ResourceBase;1;0;0;1.0000;706;52;4;2;0;0.8947;43;9;7
org.apache.tomcat.util.bcel.classfile.LocalVariableTable.dump(DataOutputStream);org.apache.tomcat.util.bcel.classfile.LocalVariable;0;0;2;0.8000;50;5;2;1;0;0.9375;43;5;6
org.apache.catalina.tribes.transport.bio.BioSender.waitForAck();org.apache.catalina.tribes.transport.SenderState;2;0;5;0.8929;148;9;7;3;0;0.9167;45;9;5
org.apache.el.parser.ELParser.Math();org.apache.el.parser.ELParserConstants;2;3;4;0.9500;2270;112;22;0;2;0.9710;0;0;56
org.apache.coyote.http11.Http11AprProcessor.action(ActionCode, Object);org.apache.tomcat.util.buf.MessageBytes;10;1;19;0.7978;954;28;36;1;0;0.9882;380;30;16
org.apache.catalina.mbeans.MBeanUtils.createObjectName(String, ContextResource);org.apache.catalina.Host;1;0;0;1.0000;706;52;4;1;0;0.9643;22;22;2
org.apache.catalina.core.StandardContext.getParentClassLoader();org.apache.catalina.Container;0;1;0;0.9969;2421;209;114;1;0;0.9737;35;35;6
org.apache.catalina.mbeans.NamingResourcesMBean.addEnvironment(String, String, String);org.apache.catalina.deploy.ResourceBase;2;0;1;0.9474;138;9;2;0;2;0.9091;43;9;7
org.apache.catalina.core.StandardContext.addLocaleEncodingMappingParameter(String, String);org.apache.catalina.util.CharsetMapper;0;1;0;0.9969;2421;209;114;1;0;0.8333;26;2;2
org.apache.jasper.compiler.Validator.ValidateVisitor.checkXmlAttributes(Node.CustomTag, Node.JspAttribute[], Hashtable<String,Object>);org.apache.jasper.compiler.Node.Root;8;1;4;0.9344;735;37;19;0;1;0.9706;56;2;8
org.apache.coyote.http11.AbstractInputBuffer.nextRequest();org.apache.coyote.http11.InputFilter;0;0;8;0.6667;81;10;14;1;0;0.9375;7;7;0
org.apache.jasper.compiler.JspDocumentParser.startPrefixMapping(String, String);org.apache.jasper.compiler.PageInfo;0;1;4;0.9111;663;28;20;3;0;0.9630;341;30;46
org.apache.jasper.compiler.Validator.ValidateVisitor.visit(Node.ParamsAction);org.apache.jasper.compiler.Node;1;0;1;0.9773;735;37;19;0;1;0.9655;163;7;15
org.apache.catalina.tribes.group.AbsoluteOrder.AbsoluteComparator.comparePorts(Member, Member);org.apache.catalina.tribes.Member;0;1;0;0.8571;45;7;0;1;0;0.9286;13;13;1
org.apache.catalina.connector.CoyoteAdapter.parseSessionCookiesId(org.apache.coyote.Request, Request);org.apache.tomcat.util.http.ServerCookie;4;1;1;0.9643;620;12;9;0;2;0.9286;136;5;12
org.apache.catalina.valves.SSLValve.invoke(Request, Response);org.apache.catalina.connector.Request;0;1;0;0.8000;45;2;0;1;0;0.9944;1203;127;53
org.apache.coyote.ajp.AjpProtocol.AjpConnectionHandler.process(SocketWrapper<Socket>, SocketStatus);org.apache.coyote.ajp.AjpProtocol;3;1;2;0.8125;90;5;5;0;2;1.0000;201;32;16
org.apache.coyote.http11.AbstractOutputBuffer.flush();org.apache.coyote.Response;1;0;2;0.9375;200;22;11;1;0;0.9744;250;19;18
org.apache.tomcat.util.net.jsse.JSSESocketFactory.getKeystorePassword();org.apache.tomcat.util.net.AbstractEndpoint;1;0;1;1.0000;440;20;17;0;2;1.0000;397;29;69
org.apache.catalina.connector.InputBuffer.reset();org.apache.tomcat.util.res.StringManager;1;0;7;0.8421;210;19;17;1;0;0.9286;52;3;3
org.apache.catalina.connector.ResponseFacade.encodeRedirectUrl(String);org.apache.catalina.connector.Response;0;0;2;0.9762;224;40;2;1;0;0.9889;596;70;20
org.apache.catalina.tribes.group.interceptors.TcpPingInterceptor.PingThread.run();org.apache.catalina.tribes.group.interceptors.TcpPingInterceptor;1;0;0;1.0000;14;1;0;1;3;0.7857;78;6;10
org.apache.tomcat.util.digester.Digester.startElement(String, String, String, Attributes);org.apache.tomcat.util.digester.Rules;1;3;6;0.9343;849;103;29;1;0;0.9524;8;8;0
org.apache.catalina.startup.ContextConfig.fixDocBase();org.apache.catalina.Host;1;0;1;0.9808;1103;37;18;1;0;0.9667;22;22;2
org.apache.tomcat.util.digester.CallMethodRule.begin(String, String, Attributes);org.apache.tomcat.util.digester.Digester;0;0;1;0.9565;206;7;7;1;0;0.9926;849;103;29
org.apache.coyote.http11.InternalOutputBuffer.recycle();org.apache.tomcat.util.buf.ByteChunk;0;0;2;0.8571;72;8;3;1;0;0.9800;425;43;10
org.apache.jasper.compiler.TagLibraryInfoImpl.createInitParam(TreeNode);org.apache.jasper.compiler.Localizer;0;0;1;0.9600;528;14;6;1;0;1.0000;34;6;1
org.apache.catalina.tribes.group.interceptors.NonBlockingCoordinator.sendElectionMsg(MemberImpl, MemberImpl, CoordinationMessage);org.apache.catalina.tribes.membership.MemberImpl;0;2;0;0.9600;352;38;15;1;0;0.9762;300;29;19
org.apache.jasper.servlet.JspServlet.handleMissingResource(HttpServletRequest, HttpServletResponse, String);org.apache.juli.logging.Log;0;0;1;0.9333;167;10;5;1;0;0.9474;18;18;0
org.apache.coyote.ajp.AjpAprProcessor.readMessage(AjpMessage, boolean, boolean);org.apache.coyote.ajp.AjpMessage;1;2;1;0.9268;623;13;30;2;1;0.8929;235;23;5
org.apache.catalina.startup.ServletDefCreateRule.end(String, String);org.apache.tomcat.util.digester.Digester;1;0;0;1.0000;11;2;0;1;1;0.9853;849;103;29
org.apache.catalina.ha.tcp.ReplicationValve.sendMessage(Session, ClusterManager, CatalinaCluster);org.apache.catalina.Session;0;1;0;0.9677;278;16;17;1;0;0.9697;32;32;4
org.apache.coyote.Response.doWrite(ByteChunk);org.apache.tomcat.util.buf.ByteChunk;0;0;2;0.9474;250;19;18;1;0;0.9800;425;43;10
org.apache.jasper.runtime.JspRuntimeLibrary.getWriteMethod(Class<?>, String);org.apache.jasper.compiler.Localizer;0;0;0;1.0000;626;44;2;3;0;1.0000;34;6;1
org.apache.catalina.authenticator.FormAuthenticator.forwardToLoginPage(Request, HttpServletResponse, LoginConfig);org.apache.catalina.Context;1;0;1;1.0000;236;8;3;1;0;0.9931;139;139;1
org.apache.catalina.mbeans.NamingResourcesMBean.getEnvironments();org.apache.catalina.deploy.NamingResources;0;0;1;0.9286;138;9;2;1;0;0.9808;342;36;13
org.apache.catalina.mbeans.ServerLifecycleListener.createMBeans(NamingResources);org.apache.juli.logging.Log;0;3;1;0.9189;563;31;2;2;0;0.9200;18;18;0
org.apache.catalina.startup.ContextConfig.getBaseDir();org.apache.catalina.core.StandardEngine;0;0;1;0.9783;1103;37;18;1;0;0.9655;234;19;9
org.apache.catalina.startup.SetAuthConstraintRule.begin(String, String, Attributes);org.apache.catalina.deploy.SecurityConstraint;2;0;0;1.0000;9;1;0;0;1;0.9643;194;18;7
org.apache.catalina.startup.ContextConfig.antiLocking();org.apache.catalina.core.StandardContext;0;0;4;0.9615;1103;37;18;1;0;0.9970;2421;209;114
org.apache.coyote.http11.Http11NioProcessor.prepareResponse();org.apache.tomcat.util.http.MimeHeaders;8;1;3;0.9344;840;14;11;5;1;0.8929;129;18;3
org.apache.catalina.manager.host.HostManagerServlet.list(PrintWriter);org.apache.catalina.Container;1;0;3;0.9091;310;13;8;2;0;0.9487;35;35;6
org.apache.catalina.connector.MapperListener.unregisterContext(Context);org.apache.catalina.Context;0;0;0;0;0;0;0;0;0;0;0;0;0
org.apache.catalina.startup.HostConfig.deployDirectory(String, File, String);org.apache.tomcat.util.digester.Digester;2;3;7;0.8833;793;36;16;2;0;0.9868;849;103;29
org.apache.catalina.connector.RequestFacade.GetSessionPrivilegedAction.run();org.apache.catalina.connector.Request;1;0;1;0.6667;6;1;1;1;0;0.9943;1203;127;53
org.apache.jasper.compiler.Validator.ValidateVisitor.visit(Node.JspOutput);org.apache.jasper.compiler.ErrorDispatcher;2;0;3;0.9592;735;37;19;2;0;0.9310;158;22;2
org.apache.catalina.startup.HostConfig.checkResources(DeployedApplication);org.apache.catalina.Lifecycle;1;2;4;0.9344;793;36;16;2;0;0.9091;6;6;11
org.apache.catalina.core.ApplicationFilterRegistration.addMappingForUrlPatterns(EnumSet<DispatcherType>, boolean, String);org.apache.catalina.deploy.FilterMap;0;0;1;0.9412;110;11;3;2;0;0.8889;96;9;13
org.apache.catalina.util.ResourceSet.clear();org.apache.tomcat.util.res.StringManager;0;0;2;0.8889;30;4;2;1;0;0.8333;52;3;3
org.apache.jasper.compiler.ELFunctionMapper.ELFunctionVisitor.visit(Node.UninterpretedTag);org.apache.jasper.compiler.Node.UninterpretedTag;2;0;0;1.0000;151;14;1;0;1;0.7500;12;1;1
org.apache.catalina.core.StandardContext.destroyInternal();org.apache.catalina.Lifecycle;0;0;0;0;0;0;0;0;0;0;0;0;0
org.apache.el.parser.AstCompositeExpression.getValue(EvaluationContext);org.apache.el.parser.Node;0;0;0;1.0000;19;2;0;1;0;0.9444;17;17;0
org.apache.catalina.tribes.group.GroupChannel.messageReceived(ChannelMessage);org.apache.catalina.tribes.util.Logs;3;1;2;0.9574;268;24;9;0;1;1.0000;0;0;1
org.apache.catalina.tribes.group.RpcChannel.RpcCollector.equals(Object);org.apache.catalina.tribes.group.RpcChannel.RpcCollectorKey;0;0;1;0.9091;39;5;5;1;0;0.7500;13;2;1
org.apache.jasper.tagplugins.jstl.core.ForTokens.doTag(TagPluginContext);org.apache.jasper.compiler.tagplugin.TagPluginContext;0;0;0;1.0000;70;1;0;7;0;0.5000;14;14;0
org.apache.tomcat.util.net.AbstractEndpoint.getSoTimeout();org.apache.tomcat.util.net.SocketProperties;0;0;1;0.9857;397;29;69;1;0;0.9808;162;28;23
org.apache.catalina.realm.JDBCRealm.authenticate(String, String);org.apache.tomcat.util.res.StringManager;0;3;1;0.8571;280;13;15;1;0;0.9091;52;3;3
org.apache.catalina.tribes.tipis.AbstractReplicatedMap.accept(Serializable, Member);org.apache.catalina.tribes.util.Arrays;0;0;3;0.9701;741;50;17;1;0;1.0000;157;24;1
org.apache.catalina.startup.Tool.main(String);org.apache.juli.logging.Log;1;1;6;1.0000;86;2;6;4;0;0.7778;18;18;0
org.apache.jasper.compiler.Node.JspElement.accept(Visitor);org.apache.jasper.compiler.Node.Visitor;0;0;0;1.0000;21;1;2;1;0;0.9714;126;35;0
org.apache.catalina.mbeans.ServerLifecycleListener.processServicePropertyChange(Service, String, Object, Object);org.apache.juli.logging.Log;0;4;1;0.8788;563;31;2;2;0;0.9091;18;18;0
org.apache.catalina.manager.host.HostManagerServlet.setWrapper(Wrapper);org.apache.catalina.Container;0;0;5;0.7500;310;13;8;1;0;0.9756;35;35;6
org.apache.el.parser.ELParser.jj_scan_token(int);org.apache.el.parser.Token;1;1;7;0.9407;2270;112;22;0;2;0.9048;24;3;9
org.apache.catalina.ha.session.JvmRouteBinderValve.handleJvmRoute(Request, String, String);org.apache.juli.logging.Log;1;3;3;0.7778;165;11;7;2;0;0.9130;18;18;0
org.apache.catalina.deploy.WebXml.toXml();org.apache.catalina.deploy.MessageDestination;9;3;29;0.8373;1536;45;42;1;0;0.9922;41;4;4
org.apache.jasper.compiler.JspRuntimeContext.unloadJsp();org.apache.jasper.servlet.JspServletWrapper;0;0;0;0;0;0;0;0;0;0;0;0;0
org.apache.catalina.startup.HostConfig.deployDescriptor(String, File, String);org.apache.catalina.Host;1;3;7;0.8923;793;36;16;1;0;0.9783;22;22;2
org.apache.catalina.connector.Request.parseParameters();org.apache.catalina.Container;4;5;9;0.9351;1203;127;53;1;0;0.9828;35;35;6
org.apache.jasper.compiler.TagPluginManager.TagPluginContextImpl.getNodeAttribute(String);org.apache.jasper.compiler.Node.JspAttribute;2;0;1;0.9524;72;15;4;0;1;0.9524;107;7;10
org.apache.jasper.servlet.JspServletWrapper.service(HttpServletRequest, HttpServletResponse, boolean);org.apache.jasper.compiler.Localizer;0;2;7;0.7000;314;11;15;1;0;1.0000;34;6;1
org.apache.catalina.authenticator.SingleSignOn.sessionEvent(SessionEvent);org.apache.catalina.Session;1;2;1;0.8696;164;12;6;2;2;0.9500;32;32;4
org.apache.jasper.runtime.PageContextImpl.include(String);org.apache.jasper.runtime.JspRuntimeLibrary;0;0;3;0.9434;634;40;16;1;0;1.0000;626;44;2
org.apache.catalina.ha.tcp.SimpleTcpCluster.memberAdded(Member);org.apache.juli.logging.Log;0;0;5;0.9688;368;43;29;3;0;0.8636;18;18;0
org.apache.catalina.startup.Tomcat.addWebapp(Host, String, String);org.apache.catalina.startup.ContextConfig;1;3;1;0.8974;253;24;14;0;1;0.9815;1103;37;18
org.apache.catalina.tribes.util.Arrays.merge(Member[], Member[]);org.apache.catalina.tribes.group.AbsoluteOrder;0;0;0;1.0000;157;24;1;1;0;1.0000;7;1;1
org.apache.catalina.ha.deploy.FarmWarDeployer.stop();org.apache.juli.logging.Log;0;0;5;0.9149;376;28;17;2;0;0.9167;18;18;0
org.apache.catalina.startup.HostConfig.start();org.apache.tomcat.util.res.StringManager;1;3;4;0.9123;793;36;16;1;0;0.9474;52;3;3
org.apache.jasper.compiler.Parser.parseScriptlet(Node);org.apache.jasper.compiler.ErrorDispatcher;0;1;3;0.9403;1185;55;13;1;0;0.9643;158;22;2
org.apache.catalina.startup.Embedded.removeEngine(Engine);org.apache.catalina.Service;0;0;2;0.9800;368;34;10;0;0;1.0000;15;15;0
org.apache.catalina.realm.RealmBase.initInternal();org.apache.catalina.Container;0;0;0;0;0;0;0;0;0;0;0;0;0
org.apache.catalina.ha.session.JvmRouteBinderValve.stopInternal();org.apache.juli.logging.Log;0;0;4;0.8947;165;11;7;2;0;0.9091;18;18;0
org.apache.jasper.compiler.TextOptimizer.TextCatVisitor.visit(Node.TemplateText);org.apache.jasper.compiler.PageInfo;3;0;6;0.6842;41;9;6;0;1;0.9884;341;30;46
org.apache.jasper.compiler.JspReader.pushFile(String, String, InputStreamReader);org.apache.jasper.compiler.ErrorDispatcher;0;3;5;0.7895;304;23;9;1;0;0.9697;158;22;2
org.apache.catalina.startup.ConnectorCreateRule.begin(String, String, Attributes);org.apache.catalina.Service;1;1;0;0.8333;22;3;1;1;0;0.9474;15;15;0
org.apache.jasper.compiler.Validator.ValidateVisitor.visit(Node.InvokeAction);org.apache.jasper.compiler.ErrorDispatcher;0;0;2;0.9767;735;37;19;1;0;0.9565;158;22;2
org.apache.jasper.compiler.Validator.ValidateVisitor.validateFunctions(ELNode.Nodes, Node);org.apache.jasper.compiler.Node.Root;4;1;2;0.9412;735;37;19;0;1;0.9565;56;2;8
org.apache.catalina.connector.ResponseFacade.getWriter();org.apache.catalina.connector.Response;0;1;1;0.9524;224;40;2;2;0;0.9778;596;70;20
org.apache.jasper.xmlparser.XMLEncodingDetector.RewindableInputStream.read(byte[], int, int);org.apache.jasper.xmlparser.XMLEncodingDetector;1;1;5;0.6667;116;9;7;0;2;0.9623;798;23;29
org.apache.catalina.ha.tcp.SimpleTcpCluster.messageReceived(ClusterMessage);org.apache.catalina.ha.ClusterListener;0;0;4;0.9701;368;43;29;2;0;0.8824;27;7;3
org.apache.jasper.compiler.TagFileProcessor.TagFileDirectiveVisitor.checkConflict(Node, String, String);org.apache.jasper.compiler.Node;0;0;1;0.9615;204;8;24;1;0;0.9643;163;7;15
org.apache.catalina.tribes.transport.bio.util.LinkObject.getHandler();org.apache.catalina.tribes.group.InterceptorPayload;1;0;1;0.8571;31;1;5;0;1;0.5000;6;0;1
org.apache.coyote.ajp.AjpAprProtocol.AjpConnectionHandler.process(long);org.apache.juli.logging.Log;3;1;1;0.8571;82;5;4;2;0;0.9167;18;18;0
org.apache.catalina.core.ApplicationContext.getContext(String);org.apache.catalina.Context;0;0;1;0.9863;645;60;13;1;0;0.9931;139;139;1
org.apache.jasper.JspCompilationContext.createCompiler();org.apache.jasper.compiler.Compiler;0;1;3;0.9365;426;31;31;1;0;0.9600;310;11;8
org.apache.el.parser.AstIdentifier.getValue(EvaluationContext);org.apache.el.util.MessageFactory;1;0;0;1.0000;93;7;0;1;0;1.0000;24;7;1
org.apache.naming.NamingContext.lookup(Name, boolean);org.apache.juli.logging.Log;2;1;5;0.9000;282;32;6;1;0;0.9600;18;18;0
org.apache.catalina.connector.RequestFacade.isRequestedSessionIdValid();org.apache.catalina.connector.Request;0;0;2;0.9859;450;69;2;1;0;0.9943;1203;127;53
org.apache.tomcat.util.http.mapper.Mapper.removeWrapper(Context, String);org.apache.juli.logging.Log;1;2;2;1.0000;837;39;5;2;0;0.9200;18;18;0
org.apache.tomcat.util.modeler.modules.MbeansDescriptorsIntrospectionSource.execute();org.apache.tomcat.util.modeler.ManagedBean;0;1;4;0.6923;194;7;10;1;0;0.9750;252;23;13
org.apache.coyote.ajp.AjpMessage.appendByteChunk(ByteChunk);org.apache.tomcat.util.buf.ByteChunk;1;3;2;0.8966;235;23;5;2;1;0.9423;425;43;10
org.apache.catalina.loader.WebappClassLoader.modified();org.apache.naming.resources.ResourceAttributes;0;0;6;0.9462;1601;58;35;1;0;0.9808;515;30;30
org.apache.catalina.mbeans.MBeanFactory.getParentContainerFromParent(ObjectName);org.apache.catalina.Service;0;2;0;0.9429;401;31;3;1;0;0.9474;15;15;0
org.apache.naming.resources.DirContextURLConnection.getContentType();org.apache.naming.resources.ResourceAttributes;1;1;0;0.9444;186;11;7;0;1;1.0000;515;30;30
org.apache.tomcat.util.net.AprEndpoint.Sendfile.run();org.apache.tomcat.util.net.SocketProperties;5;3;5;0.7037;187;5;6;1;0;0.9867;162;28;23
org.apache.catalina.connector.RequestFacade.setAttribute(String, Object);org.apache.catalina.connector.Request;0;0;2;0.9859;450;69;2;1;0;0.9943;1203;127;53
org.apache.coyote.ajp.AjpAprProtocol.getPollerSize();org.apache.tomcat.util.net.AprEndpoint;1;0;1;0.9815;219;40;15;0;1;0.9808;471;17;35
org.apache.jasper.compiler.TagFileProcessor.removeProtoTypeFiles(String);org.apache.jasper.compiler.Compiler;1;0;1;0.8333;94;4;1;1;1;0.9048;310;11;8
org.apache.catalina.startup.TldConfig.lifecycleEvent(LifecycleEvent);org.apache.catalina.LifecycleEvent;2;2;6;0.7500;291;15;15;2;0;0.8750;18;3;3
org.apache.jasper.compiler.PageInfo.setExtends(String, Node.PageDirective);org.apache.jasper.compiler.Node.PageDirective;0;0;1;0.9870;341;30;46;1;0;0.8333;27;2;1
org.apache.catalina.connector.RequestFacade.getSession(boolean);org.apache.catalina.security.SecurityUtil;0;0;2;0.9859;450;69;2;1;0;1.0000;146;11;17
org.apache.catalina.servlets.CGIServlet.CGIEnvironment.findCGI(String, String, String, String, String);org.apache.catalina.servlets.CGIServlet;1;0;0;1.0000;303;9;11;0;1;0.8889;195;4;8
org.apache.coyote.ajp.AjpAprProcessor.readt(int, boolean);org.apache.tomcat.jni.Status;1;0;3;0.9487;623;13;30;0;2;1.0000;160;54;59
org.apache.coyote.http11.InternalNioOutputBuffer.sendAck();org.apache.coyote.http11.Constants;2;1;1;0.8889;117;9;5;0;1;1.0000;0;0;44
org.apache.catalina.session.JDBCStore.load(String);org.apache.catalina.session.StandardSession;2;5;6;0.8308;495;34;23;1;1;0.9792;585;58;24
org.apache.catalina.ha.session.JvmRouteBinderValve.sendSessionIDClusterBackup(ClusterManager, Request, String, String);org.apache.catalina.ha.ClusterManager;1;0;1;0.9615;165;11;7;1;0;0.9615;15;15;0
org.apache.tomcat.util.digester.Digester.endElement(String, String, String);org.apache.tomcat.util.digester.Rule;0;2;7;0.9353;849;103;29;2;0;0.9231;31;9;2
org.apache.catalina.authenticator.SingleSignOn.associate(String, Session);org.apache.catalina.authenticator.SingleSignOnEntry;0;1;1;0.9000;164;12;6;1;0;0.9545;49;9;6
org.apache.coyote.ajp.AjpAprProcessor.prepareRequest();org.apache.coyote.ajp.AjpMessage;7;1;8;0.8831;623;13;30;4;0;0.9420;235;23;5
org.apache.catalina.servlets.WebdavServlet.copyResource(HttpServletRequest, HttpServletResponse);org.apache.catalina.servlets.WebdavStatus;1;4;1;0.8611;1461;29;24;0;5;1.0000;12;2;27
org.apache.catalina.tribes.group.GroupChannel.messageReceived(ChannelMessage);org.apache.juli.logging.Log;3;1;2;0.9574;268;24;9;5;0;0.8333;18;18;0
org.apache.jasper.runtime.JspFactoryImpl.PrivilegedGetPageContext.run();org.apache.jasper.runtime.JspFactoryImpl;0;0;8;0.2000;13;1;8;1;0;0.9375;71;6;5
org.apache.el.ValueExpressionImpl.getValueReference(ELContext);org.apache.el.parser.Node;0;1;2;0.8421;78;12;5;1;0;0.9500;17;17;0
org.apache.coyote.http11.Http11Processor.recycle();org.apache.coyote.http11.InternalOutputBuffer;0;0;5;0.7500;731;12;7;1;0;0.9474;72;8;3
org.apache.catalina.CatalinaFactory.createPipeline(Container);org.apache.catalina.Pipeline;0;0;0;1.0000;13;2;1;1;0;0.8889;9;9;0
org.apache.catalina.core.JreMemoryLeakPreventionListener.lifecycleEvent(LifecycleEvent);org.apache.juli.logging.Log;1;0;6;0.5000;83;1;6;2;0;0.9167;18;18;0
org.apache.catalina.deploy.LoginConfig.setErrorPage(String);org.apache.catalina.util.RequestUtil;0;0;1;0.9286;85;9;5;1;0;1.0000;189;13;3
org.apache.tomcat.util.digester.Digester.warning(SAXParseException);org.apache.juli.logging.Log;3;0;2;0.9850;849;103;29;1;0;0.9500;18;18;0
org.apache.el.util.ReflectionUtil.getPropertyDescriptor(Object, Object);org.apache.el.util.MessageFactory;0;0;0;1.0000;87;7;3;1;0;1.0000;24;7;1
org.apache.catalina.realm.JAASRealm.authenticate(String, String, String, String, String, String, String, String);org.apache.catalina.authenticator.Constants;1;1;0;0.9474;195;14;9;0;1;1.0000;0;0;19
org.apache.jasper.servlet.JspServletWrapper.handleJspException(Exception);org.apache.jasper.compiler.Localizer;4;1;2;0.9091;314;11;15;1;0;1.0000;34;6;1
org.apache.catalina.session.StandardManager.createSession(String);org.apache.tomcat.util.res.StringManager;0;0;2;0.9130;304;16;7;1;0;0.8889;52;3;3
org.apache.coyote.RequestInfo.updateCounters();org.apache.coyote.Request;2;0;9;0.7273;134;13;14;0;4;0.9385;221;18;34
org.apache.catalina.core.NamingContextListener.lifecycleEvent(LifecycleEvent);org.apache.catalina.Loader;4;2;9;0.7857;745;23;11;1;0;0.9697;14;14;0
org.apache.catalina.startup.Catalina.createStartDigester();org.apache.juli.logging.Log;1;0;2;0.9688;316;16;7;2;0;0.9310;18;18;0
org.apache.catalina.core.ContainerBase.setManager(Manager);org.apache.catalina.Lifecycle;0;0;3;0.9756;555;53;27;2;0;0.8182;6;6;11
org.apache.catalina.tribes.membership.McastServiceImpl.stop(int);org.apache.catalina.tribes.Member;3;1;8;0.7805;309;12;28;0;1;1.0000;13;13;1
org.apache.tomcat.util.digester.CallParamRule.begin(String, String, Attributes);org.apache.tomcat.util.digester.Digester;2;0;4;0.7895;61;4;5;2;2;0.9714;849;103;29
org.apache.catalina.startup.Tomcat.FixContextListener.lifecycleEvent(LifecycleEvent);org.apache.catalina.Lifecycle;1;0;0;1.0000;11;1;0;0;1;1.0000;6;6;11
org.apache.catalina.core.ApplicationPart.getHeaders(String);org.apache.tomcat.util.http.fileupload.FileItemHeaders;1;0;1;0.9231;59;9;2;1;0;0.8000;3;3;0
org.apache.catalina.connector.Request.getAttribute(String);org.apache.coyote.Request;2;2;5;0.9659;1203;127;53;2;0;0.9667;221;18;34
org.apache.catalina.tribes.transport.bio.util.FastQueue.add(ChannelMessage, Member[], InterceptorPayload);org.apache.catalina.tribes.transport.bio.util.SingleRemoveSynchronizedAddLock;1;0;10;0.7273;172;11;14;2;0;0.9333;88;6;7
org.apache.coyote.ajp.AjpAprProtocol.getPollTime();org.apache.tomcat.util.net.AprEndpoint;1;0;1;0.9815;219;40;15;0;1;0.9808;471;17;35
org.apache.catalina.session.StandardSession.removeAttributeInternal(String, boolean);org.apache.catalina.Context;0;2;3;0.9500;585;58;24;1;0;0.9932;139;139;1
org.apache.catalina.connector.RequestFacade.getIntHeader(String);org.apache.catalina.connector.Request;0;0;2;0.9859;450;69;2;1;0;0.9943;1203;127;53
org.apache.tomcat.util.http.mapper.Mapper.removeWelcomeFile(String, String, String);org.apache.juli.logging.Log;0;0;0;0;0;0;0;0;0;0;0;0;0
org.apache.el.parser.ELParser.Or();org.apache.el.parser.ELParserConstants;2;3;4;0.9496;2270;112;22;0;2;0.9706;0;0;56
org.apache.catalina.mbeans.MBeanUtils.destroyMBean(Connector, Service);org.apache.coyote.http11.Http11AprProtocol;1;1;1;1.0000;706;52;4;1;0;0.9907;387;76;26
org.apache.catalina.session.JDBCStore.load(String);org.apache.juli.logging.Log;2;5;6;0.8308;495;34;23;3;0;0.9189;18;18;0
org.apache.coyote.ajp.AjpAprProtocol.init();org.apache.tomcat.util.net.AbstractEndpoint;3;1;4;0.9508;219;40;15;0;1;0.9875;397;29;69
org.apache.catalina.ha.jmx.ClusterJmxHelper.getDefaultClusterName(SimpleTcpCluster);org.apache.catalina.ha.tcp.SimpleTcpCluster;1;1;0;1.0000;82;7;4;1;0;0.9836;368;43;29
org.apache.catalina.session.ManagerBase.getSession(String);org.apache.juli.logging.Log;0;1;2;0.9659;518;58;32;2;0;0.9091;18;18;0
org.apache.tomcat.util.net.JIoEndpoint.Acceptor.run();org.apache.tomcat.util.res.StringManager;1;0;0;1.0000;28;1;0;1;0;0.9231;52;3;3
org.apache.jasper.compiler.Collector.CollectVisitor.visit(Node.ForwardAction);org.apache.jasper.compiler.Node.ForwardAction;2;0;1;0.9565;114;15;6;0;1;0.8571;15;1;1
org.apache.catalina.tribes.tipis.AbstractReplicatedMap.get(Object);org.apache.catalina.tribes.group.RpcChannel;3;2;8;0.8902;741;50;17;1;1;0.9722;98;6;9
org.apache.catalina.mbeans.MBeanFactory.createMemoryRealm(String);org.apache.catalina.util.LifecycleMBeanBase;0;0;0;0;0;0;0;0;0;0;0;0;0
org.apache.catalina.authenticator.BasicAuthenticator.authenticate(Request, HttpServletResponse, LoginConfig);org.apache.tomcat.util.buf.ByteChunk;5;0;1;1.0000;57;2;2;2;1;0.9577;425;43;10
org.apache.jasper.compiler.Validator.ValidateVisitor.visit(Node.DoBodyAction);org.apache.jasper.compiler.ErrorDispatcher;0;0;2;0.9767;735;37;19;1;0;0.9565;158;22;2
org.apache.catalina.core.ContainerBase.backgroundProcess();org.apache.catalina.Pipeline;2;0;7;0.9425;555;53;27;1;0;0.9565;9;9;0
org.apache.el.parser.ELParser.Boolean();org.apache.el.parser.JJTELParserState;2;2;4;0.9565;2270;112;22;2;0;0.9231;74;10;5
org.apache.coyote.http11.Http11NioProcessor.asyncDispatch(SocketStatus);org.apache.tomcat.util.net.NioChannel;7;1;4;0.9024;840;14;11;1;0;0.9750;83;15;5
org.apache.catalina.tribes.membership.McastServiceImpl.setupSocket();org.apache.juli.logging.Log;0;0;9;0.8000;309;12;28;2;0;0.9231;18;18;0
org.apache.coyote.http11.Http11Protocol.Http11ConnectionHandler.unregister(Http11Processor);org.apache.coyote.http11.AbstractHttp11Processor;4;0;1;0.9444;105;5;5;0;1;0.9818;228;17;32
org.apache.catalina.core.ApplicationFilterConfig.getInstanceManager();org.apache.catalina.core.StandardContext;1;0;2;0.9048;175;15;8;0;1;0.9969;2421;209;114
org.apache.coyote.http11.Http11Processor.asyncDispatch(SocketStatus);org.apache.coyote.Response;4;1;2;0.9310;731;12;7;0;1;0.9796;250;19;18
org.apache.catalina.valves.AccessLogValve.log(String);org.apache.juli.logging.Log;0;2;9;0.7619;351;21;25;1;0;0.9643;18;18;0
org.apache.el.parser.ELParser.Or();org.apache.el.parser.JJTELParserState;2;3;4;0.9496;2270;112;22;4;0;0.8462;74;10;5
org.apache.coyote.http11.InternalNioOutputBuffer.addToBB(byte[], int, int);org.apache.tomcat.util.net.SocketWrapper;1;1;2;0.8421;117;9;5;1;0;0.9474;60;2;11
org.apache.tomcat.util.bcel.classfile.JavaClass.equals(Object);org.apache.tomcat.util.bcel.util.BCELComparator;0;0;1;1.0000;133;7;15;1;0;0.5000;2;2;0
org.apache.catalina.core.ApplicationContextFacade.getInitParameter(String);org.apache.catalina.core.ApplicationContext;0;1;1;0.9672;514;57;3;1;0;0.9859;645;60;13
org.apache.coyote.ajp.AjpProtocol.AjpConnectionHandler.unregister(AjpProcessor);org.apache.coyote.Request;4;0;1;0.9444;90;5;5;0;1;0.9839;221;18;34
org.apache.jasper.runtime.PageContextImpl.setAttribute(String, Object);org.apache.jasper.compiler.Localizer;0;1;0;0.9811;634;40;16;1;0;1.0000;34;6;1
org.apache.catalina.mbeans.NamingResourcesMBean.addResourceLink(String, String);org.apache.tomcat.util.modeler.ManagedBean;1;0;1;0.9444;138;9;2;1;0;0.9756;252;23;13
org.apache.coyote.http11.Http11AprProcessor.process(long);org.apache.juli.logging.Log;6;4;22;0.7241;954;28;36;3;0;0.9531;18;18;0
org.apache.catalina.servlets.WebdavServlet.parseLockNullProperties(HttpServletRequest, XMLWriter, String, int, Vector<String>);org.apache.tomcat.util.http.FastHttpDateFormat;2;3;4;0.8974;1461;29;24;1;0;1.0000;85;6;8
org.apache.catalina.connector.Request.removeAttribute(String);org.apache.juli.logging.Log;2;1;5;0.9721;1203;127;53;1;0;0.9643;18;18;0
org.apache.catalina.connector.CoyoteAdapter.normalize(MessageBytes);org.apache.tomcat.util.buf.ByteChunk;2;1;1;1.0000;620;12;9;2;2;0.9167;425;43;10
org.apache.coyote.ajp.AjpAprProtocol.getUseSendfile();org.apache.tomcat.util.net.AprEndpoint;1;0;1;0.9815;219;40;15;0;1;0.9808;471;17;35
org.apache.catalina.core.ApplicationFilterConfig.registerJMX();org.apache.tomcat.util.modeler.Registry;2;2;5;0.8148;175;15;8;2;0;0.9800;433;33;10
org.apache.catalina.startup.TldConfig.execute();org.apache.catalina.core.StandardContext;2;3;5;0.8621;291;15;15;0;1;0.9970;2421;209;114
org.apache.catalina.ha.session.DeltaSession.removeAttributeInternal(String, boolean, boolean);org.apache.catalina.ha.session.DeltaRequest;0;2;1;0.9412;399;42;7;1;0;0.9615;179;15;15
org.apache.catalina.core.ApplicationContextFacade.getResource(String);org.apache.catalina.core.ApplicationContext;1;1;1;0.9672;514;57;3;1;0;0.9859;645;60;13
org.apache.catalina.session.StoreBase.processExpires();org.apache.catalina.session.PersistentManagerBase;0;1;1;0.9200;86;10;5;1;0;0.9815;421;30;12
org.apache.coyote.http11.Http11Processor.action(ActionCode, Object);org.apache.coyote.http11.Constants;9;1;7;0.8889;731;12;7;0;1;1.0000;0;0;44
org.apache.catalina.core.ApplicationContext.getFilterRegistration(String);org.apache.catalina.core.StandardContext;0;0;1;0.9855;645;60;13;1;0;0.9969;2421;209;114
org.apache.catalina.deploy.NamingResources.getServer();org.apache.catalina.Container;0;0;1;0.9804;342;36;13;1;0;0.9737;35;35;6
org.apache.catalina.startup.ContextConfig.getServletContainerInitializer(InputStream);org.apache.juli.logging.Log;0;0;0;0;0;0;0;0;0;0;0;0;0
org.apache.catalina.core.StandardContextValve.invoke(Request, Response);org.apache.catalina.Container;2;1;2;0.9310;97;5;3;4;0;0.9286;35;35;6
org.apache.tomcat.util.net.AprEndpoint.init();org.apache.catalina.core.AprLifecycleListener;7;0;25;0.5789;471;17;35;0;0;1.0000;111;7;14
org.apache.coyote.http11.Http11Protocol.Http11ConnectionHandler.unregister(Http11Processor);org.apache.juli.logging.Log;4;0;1;0.9444;105;5;5;3;0;0.8800;18;18;0
org.apache.jasper.compiler.AntCompiler.generateClass(String[]);org.apache.jasper.compiler.SmapUtil;2;2;4;0.8333;158;3;4;1;0;1.0000;68;4;1
org.apache.jasper.servlet.JspServletWrapper.getServlet();org.apache.jasper.compiler.JspRuntimeContext;1;1;5;0.8125;314;11;15;1;0;0.9688;187;11;10
org.apache.catalina.core.StandardContext.setAltDDName(String);org.apache.catalina.Globals;1;0;2;0.9938;2421;209;114;0;1;1.0000;0;0;39
org.apache.tomcat.util.IntrospectionUtils.callMethod0(Object, String);org.apache.juli.logging.Log;1;0;2;1.0000;595;31;4;2;0;0.8889;18;18;0
org.apache.coyote.ajp.AjpAprProtocol.AjpConnectionHandler.register(AjpAprProcessor);org.apache.juli.logging.Log;4;0;3;0.8333;82;5;4;3;0;0.8929;18;18;0
org.apache.jasper.compiler.TagFileProcessor.loadTagFile(Compiler, String, TagInfo, PageInfo);org.apache.jasper.compiler.JarResource;0;0;0;0;0;0;0;0;0;0;0;0;0
org.apache.jasper.compiler.JspUtil.checkAttributes(String, Node, ValidAttribute[], ErrorDispatcher);org.apache.jasper.compiler.Node.Nodes;2;0;0;1.0000;608;37;6;2;0;0.8889;43;5;3
org.apache.catalina.ha.deploy.FarmWarDeployer.messageReceived(ClusterMessage);org.apache.catalina.ha.deploy.UndeployMessage;3;7;2;0.8462;376;28;17;0;1;0.9600;52;0;7
org.apache.catalina.startup.Embedded.createConnector(String, int, String);org.apache.tomcat.util.IntrospectionUtils;1;0;1;1.0000;368;34;10;1;0;1.0000;595;31;4
org.apache.catalina.connector.MapperListener.containerEvent(ContainerEvent);org.apache.catalina.ContainerEvent;1;0;1;0.9474;300;10;6;2;0;0.8333;18;4;3
org.apache.jasper.compiler.Generator.GenerateVisitor.visit(Node.JspElement);org.apache.jasper.compiler.Node.JspElement;6;0;1;0.9867;1736;44;16;0;2;0.9000;21;1;2
org.apache.catalina.ssi.SSIPrintenv.process(SSIMediator, String, String[], String[], PrintWriter);org.apache.catalina.ssi.SSIMediator;1;0;0;1.0000;24;1;0;2;1;0.8846;190;16;13
org.apache.catalina.startup.ContextConfig.webConfig();org.apache.tomcat.util.scan.Constants;2;7;4;0.8364;1103;37;18;0;1;1.0000;0;0;5
org.apache.coyote.http11.Http11NioProcessor.parseHost(MessageBytes);org.apache.tomcat.util.buf.HexUtils;5;0;2;0.9474;840;14;11;1;0;1.0000;8;3;2
org.apache.catalina.session.ManagerBase.getLastAccessedTimestamp(String);org.apache.catalina.Session;0;0;1;0.9884;518;58;32;1;0;0.9697;32;32;4
org.apache.jasper.JspCompilationContext.compile();org.apache.jasper.compiler.Localizer;1;2;5;0.8971;426;31;31;1;0;1.0000;34;6;1
org.apache.catalina.connector.Response.toAbsolute(String);org.apache.tomcat.util.buf.CharChunk;0;1;3;0.9583;596;70;20;4;0;0.9298;393;39;8
org.apache.jasper.compiler.Validator.ValidateVisitor.visit(Node.ELExpression);org.apache.jasper.compiler.ELParser;4;1;2;0.9348;735;37;19;1;0;1.0000;206;12;10
org.apache.catalina.connector.RequestFacade.getHeader(String);org.apache.catalina.connector.Request;0;0;2;0.9859;450;69;2;1;0;0.9943;1203;127;53
org.apache.coyote.http11.Http11NioProcessor.action(ActionCode, Object);org.apache.tomcat.util.net.NioEndpoint.Poller;13;1;9;0.8816;840;14;11;1;1;0.9753;396;15;6
org.apache.catalina.connector.Request.changeSessionId(String);org.apache.catalina.Context;0;0;4;0.9771;1203;127;53;1;0;0.9931;139;139;1
org.apache.catalina.connector.OutputBuffer.setConverter();org.apache.coyote.Response;2;0;7;0.8500;207;25;15;0;1;0.9767;250;19;18
org.apache.catalina.core.StandardWrapperValve.invoke(Request, Response);org.apache.catalina.core.ApplicationFilterChain;4;1;5;0.8936;352;4;6;4;0;0.9231;231;9;13
org.apache.catalina.startup.Embedded.removeHost(Host);org.apache.catalina.Host;0;0;2;0.9792;368;34;10;1;0;0.9643;22;22;2
org.apache.catalina.ha.session.ReplicatedSession.log(String);org.apache.catalina.ha.session.SimpleTcpReplicationManager;1;0;1;0.9524;122;16;4;0;1;1.0000;356;17;15
org.apache.tomcat.util.bcel.classfile.FieldOrMethod.getName();org.apache.tomcat.util.bcel.Constants;2;0;2;0.8333;31;3;5;0;1;1.0000;0;0;122
org.apache.el.ExpressionFactoryImpl.createValueExpression(ELContext, String, Class<?>);org.apache.el.util.MessageFactory;0;0;0;1.0000;26;4;0;1;0;1.0000;24;7;1
org.apache.catalina.session.ManagerBase.destroyInternal();org.apache.juli.logging.Log;0;0;0;0;0;0;0;0;0;0;0;0;0
org.apache.catalina.startup.HostConfig.lifecycleEvent(LifecycleEvent);org.apache.catalina.LifecycleEvent;3;3;7;0.8519;793;36;16;2;0;0.9048;18;3;3
org.apache.jasper.compiler.Generator.generateSetJspContext(TagInfo);org.apache.jasper.compiler.ServletWriter;0;1;1;0.9773;782;28;18;7;0;0.5882;54;12;6
org.apache.jasper.compiler.WebXml.close();org.apache.jasper.compiler.Localizer;0;0;2;0.6667;53;1;6;1;0;1.0000;34;6;1
org.apache.catalina.startup.ContextConfig.processResourceJARs(Set<WebXml>);org.apache.catalina.Context;0;0;0;0;0;0;0;0;0;0;0;0;0
org.apache.catalina.session.StandardSession.passivate();org.apache.tomcat.util.res.StringManager;1;3;3;0.9367;585;58;24;1;0;0.9231;52;3;3
org.apache.coyote.http11.Http11NioProcessor.asyncDispatch(SocketStatus);org.apache.tomcat.util.res.StringManager;7;1;4;0.9024;840;14;11;1;0;0.9600;52;3;3
org.apache.catalina.deploy.NamingResources.removeService(String);org.apache.catalina.deploy.ResourceBase;1;0;3;0.9388;342;36;13;0;1;0.9444;43;9;7
org.apache.catalina.loader.WebappLoader.getObjectNameKeyProperties();org.apache.catalina.Container;0;0;0;0;0;0;0;0;0;0;0;0;0
org.apache.jasper.compiler.Parser.parseCustomTag(Node);org.apache.jasper.compiler.JspReader;1;2;5;0.9091;1185;55;13;7;0;0.8542;304;23;9
org.apache.catalina.tribes.group.interceptors.NonBlockingCoordinator.CoordinationEvent.toString();org.apache.catalina.tribes.ChannelInterceptor;0;0;7;0.4167;59;2;20;1;0;0.9600;16;16;0
org.apache.catalina.connector.CometEventImpl.close();org.apache.tomcat.util.res.StringManager;1;0;3;0.8571;54;6;5;1;0;0.9000;52;3;3
org.apache.catalina.connector.MapperListener.registerWrapper(Wrapper);org.apache.tomcat.util.http.mapper.Mapper;0;0;0;0;0;0;0;0;0;0;0;0;0
org.apache.catalina.ha.tcp.SimpleTcpCluster.getProperty(String);org.apache.juli.logging.Log;1;0;3;0.9836;368;43;29;2;0;0.8947;18;18;0
org.apache.catalina.connector.Request.parseParts();org.apache.tomcat.util.http.fileupload.FileUploadBase;0;0;0;0;0;0;0;0;0;0;0;0;0
org.apache.coyote.ajp.AjpAprProcessor.asyncDispatch(long, SocketStatus);org.apache.coyote.Response;0;0;0;0;0;0;0;0;0;0;0;0;0
org.apache.jasper.tagplugins.jstl.core.Otherwise.doTag(TagPluginContext);org.apache.jasper.compiler.tagplugin.TagPluginContext;0;0;0;1.0000;4;1;0;2;0;0.8571;14;14;0
org.apache.jasper.compiler.Node.JspOutput.accept(Visitor);org.apache.jasper.compiler.Node.Visitor;0;0;0;1.0000;6;1;0;1;0;0.9714;126;35;0
org.apache.catalina.users.MemoryUserDatabase.removeGroup(Group);org.apache.catalina.User;0;1;1;0.9394;252;22;10;1;0;0.9500;17;17;0
org.apache.jasper.servlet.JspServlet.getJspCount();org.apache.jasper.compiler.JspRuntimeContext;0;0;1;0.9333;167;10;5;1;0;0.9565;187;11;10
org.apache.coyote.http11.Http11Processor.prepareResponse();org.apache.tomcat.util.buf.MessageBytes;6;0;1;0.9804;731;12;7;3;1;0.9437;380;30;16
org.apache.catalina.tribes.group.GroupChannel.send(Member[], Serializable, int, ErrorHandler);org.apache.catalina.tribes.io.XByteBuffer;5;1;0;0.9783;268;24;9;2;0;0.9737;317;36;7
org.apache.jasper.compiler.Generator.compileTagHandlerPoolList(Node.Nodes);org.apache.jasper.compiler.Node.Visitor;4;0;1;0.9796;782;28;18;1;0;0.9787;126;35;0
org.apache.catalina.session.StandardManager.doLoad();org.apache.juli.logging.Log;2;1;2;0.9091;304;16;7;3;0;0.9032;18;18;0
org.apache.catalina.session.StandardSession.activate();org.apache.juli.logging.Log;1;3;5;0.9241;585;58;24;1;0;0.9630;18;18;0
org.apache.catalina.connector.Response.sendError(int, String);org.apache.coyote.Response;1;5;3;0.9239;596;70;20;0;2;0.9574;250;19;18
org.apache.catalina.mbeans.MBeanUtils.createMBean(Group);org.apache.tomcat.util.modeler.ManagedBean;0;2;2;1.0000;706;52;4;2;0;0.9429;252;23;13
org.apache.catalina.mbeans.MBeanUtils.createMBean(Group);org.apache.tomcat.util.modeler.Registry;0;2;2;1.0000;706;52;4;1;0;0.9756;433;33;10
org.apache.tomcat.util.net.NioEndpoint.checkParachute();org.apache.juli.logging.Log;0;1;3;0.9512;362;19;26;1;0;0.9500;18;18;0
org.apache.coyote.http11.Http11NioProcessor.event(SocketStatus);org.apache.tomcat.util.net.NioChannel;7;1;4;0.9024;840;14;11;1;0;0.9750;83;15;5
org.apache.coyote.ajp.AjpProcessor.prepareResponse();org.apache.tomcat.util.http.HttpMessages;5;0;4;0.9344;659;13;32;2;0;1.0000;56;3;5
org.apache.catalina.ha.authenticator.ClusterSingleSignOn.deregister(String, Session);org.apache.juli.logging.Log;1;1;2;0.8889;142;15;4;2;0;0.9310;18;18;0
org.apache.catalina.core.ApplicationDispatcher.doInclude(ServletRequest, ServletResponse, DispatcherType);org.apache.catalina.core.ApplicationFilterFactory;3;5;6;0.6071;421;14;11;0;2;1.0000;189;6;3
org.apache.el.lang.FunctionMapperImpl.Function.getMethod();org.apache.el.util.ReflectionUtil;0;0;4;0.6923;58;6;6;2;0;1.0000;87;7;3
org.apache.catalina.core.StandardContext.validateFilterMap(FilterMap);org.apache.catalina.deploy.FilterMap;2;2;0;0.9939;2421;209;114;3;2;0.7222;96;9;13
org.apache.naming.NamingContext.isWritable();org.apache.naming.ContextAccessController;0;0;1;0.9722;282;32;6;1;0;1.0000;25;6;2
org.apache.catalina.deploy.WebXml.mergeResourceMap(Map<String,T>, Map<String,T>, Map<String,T>, Map<String,Boolean>, WebXml);org.apache.juli.logging.Log;2;0;4;0.9733;1536;45;42;1;0;0.9545;18;18;0
org.apache.catalina.util.LifecycleBase.stop();org.apache.catalina.Lifecycle;2;3;4;0.7059;88;11;4;0;2;1.0000;6;6;11
org.apache.catalina.startup.HostConfig.deployDirectory(String, File, String);org.apache.catalina.Host;2;3;7;0.8833;793;36;16;1;0;0.9756;22;22;2
org.apache.el.parser.SimpleNode.accept(NodeVisitor);org.apache.el.parser.NodeVisitor;0;0;1;0.9583;123;19;4;1;0;0.6667;1;1;0
org.apache.catalina.startup.Bootstrap.init();org.apache.juli.logging.Log;0;3;4;0.7143;240;19;8;2;0;0.9167;18;18;0
org.apache.jasper.JspCompilationContext.createOutputDir();org.apache.jasper.compiler.Localizer;0;2;5;0.8852;426;31;31;1;0;1.0000;34;6;1
org.apache.catalina.util.InstanceSupport.fireInstanceEvent(String, Servlet);org.apache.catalina.InstanceListener;0;0;2;0.8667;81;11;3;1;0;0.6667;1;1;0
org.apache.coyote.http11.AbstractInputBuffer.doRead(ByteChunk, Request);org.apache.coyote.http11.InputFilter;0;0;3;0.8750;81;10;14;1;0;0.9091;7;7;0
org.apache.jasper.compiler.PageDataImpl.FirstPassVisitor.visit(Node.JspRoot);org.apache.jasper.compiler.Node;1;1;0;0.9167;65;4;4;0;3;0.8929;163;7;15
org.apache.catalina.core.StandardContext.getHostname();org.apache.catalina.Container;0;0;1;0.9969;2421;209;114;1;0;0.9730;35;35;6
org.apache.catalina.ha.session.SimpleTcpReplicationManager.createSession(String, boolean, boolean);org.apache.catalina.Session;1;0;1;0.9762;356;17;15;5;0;0.8718;32;32;4
org.apache.jasper.compiler.Parser.parseDeclaration(Node);org.apache.jasper.compiler.JspReader;0;1;3;0.9403;1185;55;13;3;0;0.9231;304;23;9
org.apache.naming.resources.DirContextURLConnection.getLastModified();org.apache.naming.resources.ResourceAttributes;1;1;1;0.8889;186;11;7;0;1;1.0000;515;30;30
org.apache.catalina.servlets.DefaultServlet.renderHtml(String, CacheEntry);org.apache.catalina.util.RequestUtil;3;3;2;0.9310;1001;37;20;1;0;1.0000;189;13;3
org.apache.coyote.http11.AbstractHttp11Processor.addNoCompressionUserAgent(String);org.apache.juli.logging.Log;2;0;3;0.9783;228;17;32;1;0;0.9474;18;18;0
org.apache.tomcat.util.http.fileupload.FileDeleteStrategy.ForceFileDeleteStrategy.doDelete(File);org.apache.tomcat.util.http.fileupload.FileUtils;0;0;0;1.0000;7;1;0;1;0;1.0000;97;6;0
org.apache.jasper.compiler.Node.JspRoot.accept(Visitor);org.apache.jasper.compiler.Node.Visitor;0;0;0;1.0000;6;1;0;1;0;0.9714;126;35;0
org.apache.catalina.ha.jmx.ClusterJmxHelper.registerDefaultCluster(SimpleTcpCluster);org.apache.juli.logging.Log;0;4;1;1.0000;82;7;4;1;0;0.9444;18;18;0
org.apache.catalina.mbeans.MBeanFactory.createDataSourceRealm(String, String, String, String, String, String, String);org.apache.catalina.realm.DataSourceRealm;2;1;0;0.9750;401;31;3;0;6;0.7600;244;13;11
org.apache.el.ValueExpressionLiteral.getValue(ELContext);org.apache.el.lang.ELSupport;0;0;2;0.8571;51;11;3;1;0;1.0000;406;22;1
org.apache.naming.resources.WARDirContext.setDocBase(String);org.apache.naming.StringManager;1;1;1;0.9412;199;28;3;1;0;0.8750;50;3;3
org.apache.jasper.compiler.Parser.parseBody(Node, String, String);org.apache.jasper.compiler.JspReader;0;6;6;0.8714;1185;55;13;5;0;0.8889;304;23;9
org.apache.tomcat.util.net.NioSelectorPool.open();org.apache.tomcat.util.net.NioBlockingSelector;0;1;3;0.8421;182;9;12;1;0;0.9000;111;4;4
org.apache.jasper.compiler.TagFileProcessor.loadTagFile(Compiler, String, TagInfo, PageInfo);org.apache.jasper.servlet.JspServletWrapper;3;0;1;0.9583;94;4;1;4;1;0.8889;314;11;15
org.apache.catalina.startup.ContextConfig.webConfig();org.apache.catalina.Context;2;7;4;0.8364;1103;37;18;2;0;0.9873;139;139;1
org.apache.catalina.deploy.WebXml.configureContext(Context);org.apache.catalina.deploy.NamingResources;5;0;30;0.7986;1536;45;42;7;0;0.9514;342;36;13
org.apache.catalina.core.StandardContext.removeMessageDestinationRef(String);org.apache.catalina.deploy.NamingResources;0;0;1;0.9969;2421;209;114;1;0;0.9804;342;36;13
org.apache.catalina.connector.ResponseFacade.encodeUrl(String);org.apache.tomcat.util.res.StringManager;0;0;2;0.9762;224;40;2;1;0;0.8571;52;3;3
org.apache.catalina.startup.HostConfig.manageApp(Context);org.apache.catalina.Container;0;2;3;0.9020;793;36;16;1;0;0.9767;35;35;6
org.apache.jasper.compiler.ScriptingVariabler.CustomTagCounter.visit(Node.CustomTag);org.apache.jasper.compiler.Node.CustomTag;1;0;2;0.5000;8;1;2;0;1;0.9762;218;9;26
org.apache.coyote.ajp.AjpAprProtocol.start();org.apache.tomcat.util.modeler.Registry;1;1;7;0.9016;219;40;15;2;0;0.9808;433;33;10
org.apache.tomcat.util.http.Parameters.processParameters(byte, int, int, String);org.apache.juli.logging.Log;1;2;6;0.8235;245;14;15;5;0;0.8148;18;18;0
org.apache.catalina.startup.ContextConfig.processAnnotationWebInitParams(ElementValue);org.apache.tomcat.util.bcel.classfile.ElementValue;3;0;0;1.0000;1103;37;18;1;0;0.9091;47;4;15
org.apache.tomcat.util.bcel.classfile.LocalVariable.toString();org.apache.tomcat.util.bcel.classfile.Utility;0;2;3;0.5833;43;5;6;1;0;1.0000;428;19;5
org.apache.catalina.mbeans.ServerLifecycleListener.destroyMBeans(Server);org.apache.catalina.mbeans.MBeanUtils;0;2;1;0.9444;563;31;2;1;0;1.0000;706;52;4
org.apache.catalina.tribes.io.ChannelData.generateUUID();org.apache.catalina.tribes.util.UUIDGenerator;0;0;2;0.9375;165;14;7;1;0;1.0000;26;3;6
org.apache.catalina.loader.WebappClassLoader.getResource(String);org.apache.catalina.loader.ResourceEntry;1;2;7;0.9121;1601;58;35;0;1;0.9412;0;0;7
org.apache.jasper.compiler.Validator.ValidateVisitor.getJspAttribute(TagAttributeInfo, String, String, String, String, Node, boolean);org.apache.jasper.compiler.Node;5;0;2;0.9615;735;37;19;2;1;0.9167;163;7;15
org.apache.jasper.compiler.Validator.ValidateVisitor.visit(Node.TaglibDirective);org.apache.jasper.compiler.ErrorDispatcher;0;0;2;0.9767;735;37;19;1;0;0.9565;158;22;2
org.apache.tomcat.util.net.NioSelectorPool.read(ByteBuffer, NioChannel, Selector, long, boolean);org.apache.tomcat.util.net.NioBlockingSelector;1;0;2;0.9524;182;9;12;1;0;0.9000;111;4;4
org.apache.catalina.tribes.membership.McastService.getLocalMemberName();org.apache.catalina.tribes.membership.MemberImpl;0;0;1;0.9844;353;55;13;1;0;0.9750;300;29;19
org.apache.catalina.tribes.membership.McastService.setLocalMemberProperties(String, int, int, int);org.apache.catalina.tribes.membership.MemberImpl;0;0;4;0.9437;353;55;13;8;0;0.8140;300;29;19
org.apache.catalina.tribes.tipis.AbstractReplicatedMap.accept(Serializable, Member);org.apache.juli.logging.Log;0;0;3;0.9701;741;50;17;2;0;0.9048;18;18;0
org.apache.tomcat.util.net.AprEndpoint.processSocketWithOptions(long);org.apache.juli.logging.Log;0;0;1;1.0000;471;17;35;2;0;0.9000;18;18;0
org.apache.naming.ContextBindings.getThread();org.apache.naming.StringManager;0;0;2;1.0000;112;21;6;1;0;0.8000;50;3;3
org.apache.catalina.startup.WebAnnotationSet.addResource(Context, Resource);org.apache.catalina.deploy.ContextService;5;0;0;1.0000;125;6;0;0;1;0.9756;130;19;9
org.apache.tomcat.util.net.AbstractEndpoint.shutdownExecutor();org.apache.tomcat.util.threads.TaskQueue;1;0;2;0.9714;397;29;69;0;1;0.8889;27;3;1
org.apache.coyote.http11.Http11Processor.setSocketBuffer(int);org.apache.coyote.http11.InternalOutputBuffer;0;0;1;0.9500;731;12;7;1;0;0.9333;72;8;3
org.apache.catalina.startup.ContextConfig.processAnnotationWebFilter(String, AnnotationEntry, WebXml);org.apache.catalina.deploy.FilterDef;5;2;1;0.9688;1103;37;18;2;7;0.7097;66;9;10
org.apache.jasper.compiler.TagPluginManager.TagPluginContextImpl.generateBody();org.apache.jasper.compiler.Node.CustomTag;1;0;2;0.9000;72;15;4;0;1;0.9756;218;9;26
org.apache.tomcat.util.http.MimeHeaders.getHeader(String);org.apache.tomcat.util.buf.MessageBytes;0;1;0;0.9524;129;18;3;1;0;0.9762;380;30;16
org.apache.tomcat.util.net.AbstractEndpoint.setProperty(String, String);org.apache.juli.logging.Log;0;0;2;0.9857;397;29;69;1;0;0.9474;18;18;0
org.apache.catalina.tribes.membership.McastService.stop(int);org.apache.juli.logging.Log;0;0;2;0.9846;353;55;13;1;0;0.9500;18;18;0
org.apache.catalina.core.StandardContext.getServletContext();org.apache.catalina.Globals;1;0;2;0.9938;2421;209;114;0;1;1.0000;0;0;39
org.apache.catalina.valves.ExtendedAccessLogValve.ServletContextElement.addElement(StringBuilder, Date, Request, Response, long);org.apache.catalina.valves.ExtendedAccessLogValve;0;0;1;0.7500;6;1;1;1;0;0.9231;367;10;2
org.apache.catalina.ha.session.DeltaManager.sessionExpired(String);org.apache.catalina.ha.session.SessionMessage;2;1;4;0.9620;822;41;40;0;1;1.0000;5;5;7
org.apache.catalina.mbeans.ServerLifecycleListener.createMBeans(Service);org.apache.catalina.core.StandardService;0;2;0;0.9412;563;31;2;1;0;0.9767;289;26;16
org.apache.tomcat.util.net.AprEndpoint.Poller.destroy();org.apache.tomcat.jni.Socket;1;0;7;0.4167;168;4;7;1;0;1.0000;37;37;34
org.apache.catalina.core.ContainerBase.invoke(Request, Response);org.apache.catalina.Pipeline;0;0;1;0.9873;555;53;27;1;0;0.9091;9;9;0
org.apache.tomcat.util.http.Parameters.urlDecode(ByteChunk, String);org.apache.tomcat.util.buf.UDecoder;2;0;2;0.9459;245;14;15;1;0;0.9524;152;11;1
org.apache.jasper.servlet.JspServletWrapper.destroy();org.apache.tomcat.InstanceManager;0;0;3;0.8966;314;11;15;1;0;0.8750;4;4;0
org.apache.catalina.ha.deploy.FarmWarDeployer.fileRemoved(File);org.apache.juli.logging.Log;0;2;1;0.9565;376;28;17;3;0;0.8500;18;18;0
org.apache.tomcat.util.modeler.modules.MbeansSource.save();org.apache.juli.logging.Log;0;0;4;0.8571;198;11;10;2;0;0.9091;18;18;0
org.apache.catalina.core.ApplicationContext.populateSessionTrackingModes();org.apache.catalina.Engine;0;0;3;0.9595;645;60;13;1;0;0.9286;6;6;0
org.apache.catalina.core.ApplicationContext.getFilterRegistrations();org.apache.catalina.deploy.FilterDef;0;0;1;0.9857;645;60;13;1;0;0.9500;66;9;10
org.apache.catalina.connector.Response.setDateHeader(String, long);org.apache.tomcat.util.http.FastHttpDateFormat;1;2;2;0.9540;596;70;20;1;0;1.0000;85;6;8
org.apache.coyote.http11.Http11NioProcessor.action(ActionCode, Object);org.apache.coyote.http11.AbstractInputBuffer;13;1;9;0.8816;840;14;11;1;2;0.9630;81;10;14
org.apache.jasper.compiler.Validator.ValidateVisitor.checkNamedAttributes(Node.CustomTag, Node.JspAttribute[], int, Hashtable<String,Object>);org.apache.jasper.compiler.Node.CustomTag;3;0;1;0.9825;735;37;19;0;2;0.9630;218;9;26
org.apache.catalina.deploy.WebXml.addEjbLocalRef(ContextLocalEjb);org.apache.catalina.deploy.ResourceBase;0;0;1;0.9861;1536;45;42;1;0;0.9375;43;9;7
org.apache.catalina.core.ApplicationServletRegistration.setServletSecurity(ServletSecurityElement);org.apache.catalina.Lifecycle;2;2;2;0.8750;132;14;3;0;0;1.0000;6;6;11
org.apache.catalina.connector.RequestFacade.GetParameterMapPrivilegedAction.run();org.apache.catalina.connector.RequestFacade;1;0;0;1.0000;3;1;0;0;1;0.9859;450;69;2
org.apache.jasper.servlet.JspServletWrapper.loadTagFile();org.apache.jasper.Options;0;0;7;0.7742;314;11;15;1;0;0.9744;29;29;0
org.apache.catalina.core.ApplicationContextFacade.getServletRegistrations();org.apache.catalina.security.SecurityUtil;0;1;1;0.9672;514;57;3;1;0;1.0000;146;11;17
org.apache.catalina.core.StandardEngineValve.invoke(Request, Response);org.apache.catalina.Pipeline;1;0;1;1.0000;20;3;2;2;0;0.8750;9;9;0
org.apache.catalina.realm.UserDatabaseRealm.startInternal();org.apache.juli.logging.Log;1;0;2;0.8462;92;6;4;1;0;0.9583;18;18;0
org.apache.catalina.connector.CoyoteAdapter.asyncDispatch(org.apache.coyote.Request, org.apache.coyote.Response, SocketStatus);org.apache.juli.logging.Log;7;0;4;0.9744;620;12;9;1;0;0.9787;18;18;0
org.apache.jasper.compiler.Generator.GenerateVisitor.visit(Node.JspElement);org.apache.jasper.compiler.Node;6;0;1;0.9867;1736;44;16;0;3;0.9250;163;7;15
org.apache.coyote.http11.Http11NioProcessor.action(ActionCode, Object);org.apache.coyote.Request;13;1;9;0.8816;840;14;11;1;9;0.9038;221;18;34
org.apache.catalina.connector.MapperListener.init();org.apache.catalina.Container;0;4;3;0.6250;300;10;6;0;0;1.0000;35;35;6
org.apache.jasper.compiler.Parser.parseNamedAttributes(Node);org.apache.jasper.compiler.JspReader;3;3;2;0.9306;1185;55;13;3;0;0.9333;304;23;9
org.apache.catalina.core.ApplicationContextFacade.getEffectiveMinorVersion();org.apache.catalina.security.SecurityUtil;0;1;1;0.9672;514;57;3;1;0;1.0000;146;11;17
org.apache.catalina.connector.CoyoteAdapter.postParseRequest(org.apache.coyote.Request, Request, org.apache.coyote.Response, Response);org.apache.catalina.util.URLEncoder;11;4;2;0.9583;620;12;9;1;0;0.9853;54;2;2
org.apache.catalina.servlets.DefaultServlet.findXsltInputStream(DirContext);org.apache.naming.resources.Resource;0;0;4;0.9200;1001;37;20;1;0;0.9000;23;1;2
org.apache.catalina.servlets.DefaultServlet.copy(CacheEntry, PrintWriter, Iterator<Range>, String);org.apache.naming.resources.Resource;1;1;2;0.9630;1001;37;20;1;0;0.9167;23;1;2
org.apache.catalina.connector.InputBuffer.recycle();org.apache.tomcat.util.buf.ByteChunk;1;0;10;0.7619;210;19;17;1;0;0.9844;425;43;10
org.apache.catalina.servlets.DefaultServlet.executePartialPut(HttpServletRequest, Range, String);org.apache.naming.resources.Resource;0;0;2;0.9811;1001;37;20;1;0;0.9000;23;1;2
org.apache.catalina.realm.JNDIRealm.bindAsUser(DirContext, User, String);org.apache.juli.logging.Log;0;0;2;0.9737;742;44;32;2;0;0.9091;18;18;0
org.apache.coyote.http11.AbstractHttp11Protocol.getAddress();org.apache.tomcat.util.net.AbstractEndpoint;1;0;1;0.9909;382;89;22;0;1;0.9859;397;29;69
org.apache.tomcat.util.net.NioEndpoint.Poller.processKey(SelectionKey, KeyAttachment);org.apache.tomcat.util.net.NioEndpoint.KeyAttachment;2;4;1;0.8214;396;15;6;1;2;0.9032;121;13;8
org.apache.catalina.ha.session.DeltaRequest.execute(DeltaSession, boolean);org.apache.catalina.session.StandardSession;0;1;8;0.9143;179;15;15;2;0;0.9783;585;58;24
org.apache.catalina.core.StandardHostValve.status(Request, Response);org.apache.catalina.Container;3;1;0;0.9524;160;7;3;2;0;0.9592;35;35;6
org.apache.catalina.servlets.DefaultServlet.serveResource(HttpServletRequest, HttpServletResponse, boolean);org.apache.naming.resources.CacheEntry;4;11;8;0.7419;1001;37;20;0;5;0.8529;13;2;8
org.apache.catalina.connector.CoyoteAdapter.postParseRequest(org.apache.coyote.Request, Request, org.apache.coyote.Response, Response);org.apache.tomcat.util.http.mapper.MappingData;11;4;2;0.9583;620;12;9;1;3;0.9437;11;1;9
org.apache.coyote.ajp.AjpProtocol.destroy();org.apache.juli.logging.Log;1;1;5;0.9200;201;32;16;2;0;0.9167;18;18;0
org.apache.catalina.core.StandardWrapper.getErrorCount();org.apache.catalina.core.StandardWrapperValve;1;0;1;0.9907;748;76;36;0;1;0.9091;352;4;6
org.apache.catalina.realm.RealmBase.getDigest(String, String);org.apache.juli.logging.Log;0;2;4;0.9434;672;37;22;1;0;0.9545;18;18;0
org.apache.catalina.connector.RequestFacade.getDateHeader(String);org.apache.tomcat.util.res.StringManager;0;0;2;0.9859;450;69;2;1;0;0.8571;52;3;3
org.apache.tomcat.util.bcel.classfile.ElementValuePair.getNameString();org.apache.tomcat.util.bcel.classfile.ConstantUtf8;2;0;2;0.7143;16;2;3;0;1;0.8571;14;2;1
org.apache.jasper.compiler.TagLibraryInfoImpl.createAttribute(TreeNode, String);org.apache.jasper.compiler.JspUtil;0;0;1;0.9615;528;14;6;1;0;1.0000;608;37;6
org.apache.catalina.core.ApplicationContext.getContext(String);org.apache.catalina.core.StandardContext;0;0;1;0.9863;645;60;13;2;0;0.9938;2421;209;114
org.apache.catalina.tribes.transport.nio.NioReplicationTask.drainChannel(SelectionKey, ObjectReader);org.apache.catalina.tribes.ChannelMessage;4;3;2;0.8667;197;7;5;4;0;0.8667;11;11;0
org.apache.jasper.compiler.TagPluginManager.invokePlugin(Node.CustomTag);org.apache.jasper.compiler.Node.CustomTag;1;0;2;0.7778;66;3;6;0;2;0.9524;218;9;26
org.apache.jasper.runtime.JspWriterImpl.getLocalizeMessage(String);org.apache.jasper.compiler.Localizer;0;0;0;1.0000;233;36;7;1;0;1.0000;34;6;1
org.apache.jasper.compiler.Generator.GenerateVisitor.evaluateAttribute(TagHandlerInfo, Node.JspAttribute, Node.CustomTag, String);org.apache.jasper.compiler.Generator;5;2;2;0.9634;1736;44;16;1;2;0.9841;782;28;18
org.apache.catalina.valves.AccessLogValve.HostElement.addElement(StringBuilder, Date, Request, Response, long);org.apache.catalina.connector.Request;0;0;0;1.0000;3;1;0;1;0;0.9943;1203;127;53
org.apache.catalina.tribes.transport.bio.BioReplicationTask.sendAck(byte[]);org.apache.juli.logging.Log;0;0;2;0.9091;92;6;3;3;0;0.8421;18;18;0
org.apache.catalina.realm.RealmBase.hasResourcePermission(Request, Response, SecurityConstraint[], Context);org.apache.catalina.Context;1;1;3;0.9701;672;37;22;2;0;0.9871;139;139;1
org.apache.catalina.startup.ContextConfig.fixDocBase();org.apache.catalina.core.StandardContext;1;0;1;0.9808;1103;37;18;1;1;0.9939;2421;209;114
org.apache.catalina.session.StandardSession.getServletContext();org.apache.catalina.Manager;0;0;1;0.9870;585;58;24;1;0;0.9730;35;35;0
org.apache.jasper.runtime.PageContextImpl.doForward(String);org.apache.jasper.Constants;1;1;4;0.9057;634;40;16;0;1;1.0000;0;0;33
org.apache.catalina.core.StandardWrapper.getWebModuleKeyProperties();org.apache.catalina.core.StandardContext;0;0;0;0;0;0;0;0;0;0;0;0;0
org.apache.jasper.compiler.Validator.ValidateVisitor.FVVisitor.visit(ELNode.Function);org.apache.jasper.compiler.Validator.ValidateVisitor;4;0;0;1.0000;33;1;1;1;2;0.9412;735;37;19
org.apache.catalina.connector.RequestFacade.getRealPath(String);org.apache.catalina.connector.Request;0;0;2;0.9859;450;69;2;1;0;0.9943;1203;127;53
org.apache.catalina.core.StandardHost.map(String);org.apache.catalina.Context;1;0;1;1.0000;308;36;19;1;0;0.9931;139;139;1
org.apache.jasper.compiler.JspReader.popFile();org.apache.jasper.compiler.Mark;1;2;4;0.8333;304;23;9;1;1;0.9286;95;7;11
org.apache.catalina.core.StandardContext.addServletMapping(String, String, boolean);org.apache.catalina.Wrapper;1;2;3;0.9847;2421;209;114;2;0;0.9583;39;39;0
org.apache.jasper.compiler.Generator.genPreambleImports();org.apache.jasper.compiler.PageInfo;1;0;2;0.9524;782;28;18;0;1;0.9880;341;30;46
org.apache.jasper.servlet.JspServletWrapper.getServlet();org.apache.tomcat.InstanceManager;1;1;5;0.8125;314;11;15;1;0;0.9286;4;4;0
org.apache.catalina.ha.tcp.ReplicationValve.createPrimaryIndicator(Request);org.apache.juli.logging.Log;1;0;3;0.9744;278;16;17;2;0;0.9231;18;18;0
org.apache.catalina.startup.Bootstrap.initClassLoaders();org.apache.juli.logging.Log;0;1;4;0.8000;240;19;8;1;0;0.9545;18;18;0
org.apache.catalina.servlets.WebdavServlet.generateLockDiscovery(String, XMLWriter);org.apache.catalina.util.XMLWriter;1;0;2;0.9444;1461;29;24;1;2;0.9412;79;10;5
org.apache.catalina.core.StandardHost.startInternal();org.apache.juli.logging.Log;1;2;4;0.9219;308;36;19;3;0;0.9032;18;18;0
org.apache.catalina.startup.ContextConfig.configureStop();org.apache.juli.logging.Log;0;0;5;0.9595;1103;37;18;2;0;0.9592;18;18;0
org.apache.coyote.http11.Http11AprProcessor.prepareResponse();org.apache.coyote.http11.Constants;8;2;12;0.8427;954;28;36;0;10;1.0000;0;0;44
org.apache.catalina.manager.HTMLManagerServlet.removeSessionAttribute(String, String, String);org.apache.catalina.Session;0;1;0;0.9643;686;26;19;1;0;0.9706;32;32;4
org.apache.catalina.mbeans.MBeanFactory.createAccessLoggerValve(String);org.apache.catalina.util.LifecycleMBeanBase;0;0;0;0;0;0;0;0;0;0;0;0;0
org.apache.catalina.realm.LockOutRealm.authenticate(X509Certificate[]);org.apache.juli.logging.Log;1;3;1;0.8000;140;9;6;1;0;0.9545;18;18;0
org.apache.coyote.http11.Http11AprProcessor.action(ActionCode, Object);org.apache.coyote.http11.Constants;10;1;19;0.7978;954;28;36;0;1;1.0000;0;0;44
org.apache.catalina.deploy.WebXml.mergeFilter(FilterDef, FilterDef, boolean);org.apache.catalina.deploy.FilterDef;1;0;0;1.0000;1536;45;42;3;2;0.7222;66;9;10
org.apache.catalina.core.AsyncContextImpl.setTimeout(long);org.apache.coyote.ActionCode;1;0;2;0.9412;283;23;12;0;1;1.0000;6;0;30
org.apache.jasper.compiler.PageDataImpl.SecondPassVisitor.appendText(String, boolean);org.apache.jasper.compiler.TagConstants;1;1;3;0.9149;307;41;6;0;2;1.0000;0;0;57
org.apache.catalina.core.NamingContextListener.addService(ContextService);org.apache.catalina.deploy.ResourceBase;5;0;4;0.9464;745;23;11;4;0;0.8974;43;9;7
org.apache.catalina.session.StandardSession.invalidate();org.apache.tomcat.util.res.StringManager;0;2;1;0.9737;585;58;24;1;0;0.8571;52;3;3
org.apache.catalina.connector.Request.getLocalPort();org.apache.coyote.Request;2;0;2;0.9886;1203;127;53;1;1;0.9636;221;18;34
org.apache.catalina.core.ApplicationContextFacade.getRealPath(String);org.apache.catalina.core.ApplicationContext;0;1;1;0.9672;514;57;3;1;0;0.9859;645;60;13
org.apache.coyote.http11.InternalNioOutputBuffer.recycle();org.apache.tomcat.util.net.NioChannel;2;0;2;0.8947;117;9;5;0;1;0.9600;83;15;5
org.apache.catalina.connector.Response.isClosed();org.apache.catalina.connector.OutputBuffer;1;0;1;0.9886;596;70;20;0;1;0.9756;207;25;15
org.apache.tomcat.util.http.MimeHeaders.addValue(char, int, int);org.apache.tomcat.util.buf.MessageBytes;1;1;0;0.9565;129;18;3;1;0;0.9773;380;30;16
org.apache.catalina.deploy.WebXml.toXml();org.apache.catalina.deploy.SecurityRoleRef;9;3;29;0.8373;1536;45;42;2;0;0.9840;23;3;2
org.apache.jasper.compiler.ELNode.Visitor.visit(Root);org.apache.jasper.compiler.ELNode.Nodes;0;0;0;1.0000;9;4;0;1;0;0.8889;35;5;2
org.apache.jasper.compiler.Validator.ValidateVisitor.visit(Node.JspElement);org.apache.jasper.compiler.Node.Nodes;3;1;1;0.9592;735;37;19;2;0;0.8889;43;5;3
org.apache.jasper.compiler.ParserController.hasJspRoot(JspReader);org.apache.jasper.compiler.JspReader;1;0;0;1.0000;281;12;13;3;0;0.9118;304;23;9
org.apache.catalina.core.ApplicationContextFacade.getServletRegistrations();org.apache.catalina.core.ApplicationContext;0;1;1;0.9672;514;57;3;1;0;0.9859;645;60;13
org.apache.tomcat.util.digester.AbstractRulesImpl.add(String, Rule);org.apache.tomcat.util.digester.Rule;1;1;2;0.6250;25;5;2;0;2;0.8667;31;9;2
org.apache.catalina.core.StandardWrapper.getWebModuleKeyProperties();org.apache.catalina.Context;0;0;0;0;0;0;0;0;0;0;0;0;0
org.apache.catalina.connector.RequestFacade.getRequestedSessionId();org.apache.tomcat.util.res.StringManager;0;0;2;0.9859;450;69;2;1;0;0.8571;52;3;3
org.apache.tomcat.util.http.Cookies.processCookieHeader(byte, int, int);org.apache.tomcat.util.http.ServerCookie;4;3;1;0.9474;247;12;6;0;5;0.6875;136;5;12
org.apache.catalina.startup.SetParentClassLoaderRule.begin(String, String, Attributes);org.apache.catalina.Container;1;0;1;0.8571;8;1;1;1;0;0.9756;35;35;6
org.apache.catalina.core.ApplicationServletRegistration.setAsyncSupported(boolean);org.apache.catalina.Wrapper;0;0;1;0.9412;132;14;3;1;0;0.9750;39;39;0
org.apache.jasper.compiler.JspDocumentParser.checkPrefix(String, String);org.apache.jasper.compiler.PageInfo;1;1;2;0.9545;663;28;20;1;1;0.9747;341;30;46
org.apache.coyote.http11.AbstractHttp11Processor.addInputFilter(InputFilter[], String);org.apache.tomcat.util.buf.ByteChunk;0;0;0;0;0;0;0;0;0;0;0;0;0
org.apache.coyote.ajp.AjpAprProtocol.setAddress(InetAddress);org.apache.tomcat.util.net.AbstractEndpoint;1;0;1;0.9815;219;40;15;0;1;0.9859;397;29;69
org.apache.coyote.http11.Http11NioProcessor.event(SocketStatus);org.apache.juli.logging.Log;7;1;4;0.9024;840;14;11;1;0;0.9737;18;18;0
org.apache.jasper.compiler.Validator.ValidateVisitor.visit(Node.UseBean);org.apache.jasper.compiler.BeanRepository;3;1;3;0.9388;735;37;19;1;0;0.9412;24;3;3
org.apache.catalina.ha.session.BackupManager.startInternal();org.apache.catalina.Cluster;1;2;4;0.8710;135;20;7;1;0;0.9500;11;11;0
org.apache.catalina.startup.SoapHeaderRule.body(String, String, String);org.apache.catalina.deploy.ContextHandler;0;0;0;1.0000;14;1;0;1;0;0.9474;63;12;5
org.apache.tomcat.util.bcel.classfile.PMGClass.getPMGName();org.apache.tomcat.util.bcel.Constants;2;0;1;0.9091;27;5;2;0;1;1.0000;0;0;122
org.apache.catalina.ssi.SSIConditional.process(SSIMediator, String, String[], String[], PrintWriter);org.apache.catalina.ssi.SSIConditionalState;2;1;0;0.8333;67;3;0;0;3;0.4000;0;0;3
org.apache.catalina.session.ManagerBase.getLastAccessedTime(String);org.apache.juli.logging.Log;0;0;2;0.9773;518;58;32;2;0;0.9048;18;18;0
org.apache.catalina.startup.ConnectorCreateRule._setExecutor(Connector, Executor);org.apache.catalina.connector.Connector;1;0;1;1.0000;22;3;1;1;0;0.9881;405;53;33
org.apache.jasper.compiler.Validator.ValidateVisitor.checkXmlAttributes(Node.CustomTag, Node.JspAttribute[], Hashtable<String,Object>);org.apache.jasper.el.ELContextImpl;8;1;4;0.9344;735;37;19;0;1;0.9643;35;1;4
org.apache.catalina.users.MemoryUserDatabase.open();org.apache.tomcat.util.res.StringManager;0;0;6;0.8889;252;22;10;1;0;0.9231;52;3;3
org.apache.catalina.connector.ResponseFacade.getCharacterEncoding();org.apache.tomcat.util.res.StringManager;0;0;2;0.9762;224;40;2;1;0;0.8571;52;3;3
org.apache.catalina.valves.AccessLogValve.invoke(Request, Response);org.apache.catalina.connector.Request;0;2;3;0.8913;351;21;25;1;0;0.9945;1203;127;53
org.apache.catalina.ha.jmx.ClusterJmxHelper.unregisterDefaultCluster(SimpleTcpCluster);org.apache.juli.logging.Log;0;2;1;1.0000;82;7;4;1;0;0.9444;18;18;0
org.apache.catalina.tribes.tipis.AbstractReplicatedMap.init(MapOwner, Channel, String, long, int, ClassLoader[]);org.apache.catalina.tribes.group.RpcChannel;0;2;10;0.8451;741;50;17;0;0;1.0000;98;6;9
org.apache.tomcat.util.net.AprEndpoint.allocatePoller(int, long, int);org.apache.tomcat.jni.Status;2;0;1;1.0000;471;17;35;1;0;1.0000;160;54;59
org.apache.tomcat.util.net.jsse.JSSESupport.getX509Certificates(SSLSession);org.apache.juli.logging.Log;0;0;1;1.0000;142;8;5;4;0;0.7778;18;18;0
org.apache.catalina.connector.RequestFacade.isRequestedSessionIdFromCookie();org.apache.tomcat.util.res.StringManager;0;0;2;0.9859;450;69;2;1;0;0.8571;52;3;3
org.apache.jasper.compiler.Generator.FragmentHelperClass.generatePreamble();org.apache.jasper.compiler.Generator.GenBuffer;1;0;2;0.8571;132;6;4;0;1;0.9286;47;3;4
org.apache.tomcat.util.http.mapper.Mapper.map(MessageBytes, MessageBytes, MappingData);org.apache.tomcat.util.buf.MessageBytes;1;1;1;0.9394;837;39;5;2;1;0.9318;380;30;16
org.apache.coyote.ajp.AjpProcessor.prepareRequest();org.apache.coyote.ajp.AjpMessage;7;1;8;0.8861;659;13;32;4;0;0.9420;235;23;5
org.apache.catalina.manager.ManagerServlet.init();org.apache.catalina.Service;0;0;10;0.8235;924;35;13;1;0;0.9667;15;15;0
org.apache.catalina.connector.CoyoteAdapter.event(org.apache.coyote.Request, org.apache.coyote.Response, SocketStatus);org.apache.tomcat.util.res.StringManager;7;0;4;0.9714;620;12;9;1;0;0.9667;52;3;3
org.apache.catalina.core.StandardContext.setAltDDName(String);org.apache.catalina.core.ApplicationContext;1;0;2;0.9938;2421;209;114;1;0;0.9859;645;60;13
org.apache.tomcat.util.scan.StandardJarScanner.process(JarScannerCallback, URL);org.apache.tomcat.util.scan.Constants;2;0;4;0.7778;119;3;6;0;1;1.0000;0;0;5
org.apache.el.MethodExpressionLiteral.invoke(ELContext, Object[]);org.apache.el.lang.ELSupport;0;0;2;0.8182;43;7;3;1;0;1.0000;406;22;1
org.apache.jasper.compiler.Generator.GenerateVisitor.writeDestroyInstance(String);org.apache.jasper.compiler.ServletWriter;1;0;1;0.9839;1736;44;16;3;0;0.8235;54;12;6
org.apache.catalina.connector.MapperListener.registerWrapper(Wrapper);org.apache.catalina.Wrapper;0;0;0;0;0;0;0;0;0;0;0;0;0
org.apache.el.parser.AstMult.getValue(EvaluationContext);org.apache.el.parser.Node;0;0;0;1.0000;8;1;0;1;0;0.9444;17;17;0
org.apache.jasper.compiler.Validator.ValidateVisitor.checkXmlAttributes(Node.CustomTag, Node.JspAttribute[], Hashtable<String,Object>);org.apache.jasper.compiler.ELNode.Nodes;8;1;4;0.9344;735;37;19;1;0;0.9677;35;5;2
org.apache.tomcat.util.net.AprEndpoint.Sendfile.run();org.apache.tomcat.jni.Status;5;3;5;0.7037;187;5;6;0;4;1.0000;160;54;59
org.apache.catalina.util.ExtensionValidator.addFolderList(String);org.apache.juli.logging.Log;1;1;2;1.0000;192;6;4;1;0;0.9444;18;18;0
org.apache.catalina.core.StandardEngineValve.event(Request, Response, CometEvent);org.apache.catalina.connector.Request;0;0;0;1.0000;20;3;2;1;0;0.9944;1203;127;53
org.apache.catalina.ha.session.DeltaRequest.reset();org.apache.juli.logging.Log;0;0;3;0.9091;179;15;15;1;0;0.9524;18;18;0
org.apache.catalina.connector.Response.getContentLength();org.apache.coyote.Response;0;0;1;0.9886;596;70;20;1;0;0.9737;250;19;18
org.apache.catalina.tribes.transport.nio.ParallelNioSender.sendMessage(Member[], ChannelMessage);org.apache.catalina.tribes.ChannelMessage;2;5;1;0.7500;246;12;4;1;0;0.9600;11;11;0
org.apache.catalina.core.AsyncContextImpl.complete();org.apache.coyote.ActionCode;1;1;3;0.9118;283;23;12;0;1;1.0000;6;0;30
org.apache.catalina.ha.session.SimpleTcpReplicationManager.writeSession(Session);org.apache.juli.logging.Log;0;0;1;1.0000;356;17;15;1;0;0.9500;18;18;0
org.apache.jasper.compiler.Parser.processIncludeDirective(String, Node);org.apache.jasper.compiler.ErrorDispatcher;0;0;4;0.9394;1185;55;13;2;0;0.9231;158;22;2
org.apache.catalina.core.ApplicationDispatcher.invoke(ServletRequest, ServletResponse, State);org.apache.catalina.core.StandardWrapper;3;3;4;0.8462;421;14;11;1;0;1.0000;748;76;36
org.apache.catalina.mbeans.MBeanUtils.createObjectName(String, ContextResource);org.apache.catalina.deploy.ResourceBase;1;0;0;1.0000;706;52;4;3;0;0.8421;43;9;7
org.apache.coyote.http11.InternalNioOutputBuffer.addToBB(byte[], int, int);org.apache.tomcat.util.net.NioChannel;1;1;2;0.8421;117;9;5;1;1;0.9200;83;15;5
org.apache.catalina.mbeans.ServerLifecycleListener.createMBeans(ContextResourceLink);org.apache.catalina.mbeans.MBeanUtils;0;0;1;1.0000;563;31;2;1;0;1.0000;706;52;4
org.apache.catalina.ha.session.JvmRouteBinderValve.startInternal();org.apache.juli.logging.Log;0;0;3;0.9583;165;11;7;4;0;0.8333;18;18;0
org.apache.jasper.compiler.Collector.CollectVisitor.visit(Node.JspBody);org.apache.jasper.compiler.Node.JspBody;2;0;0;1.0000;114;15;6;0;1;0.7500;13;1;1
org.apache.coyote.ajp.AjpAprProcessor.prepareResponse();org.apache.coyote.ajp.AjpMessage;5;0;4;0.9322;623;13;30;5;2;0.8372;235;23;5
org.apache.catalina.startup.VersionRule.begin(String, String, Attributes);org.apache.tomcat.util.digester.Digester;2;0;0;1.0000;9;1;0;2;1;0.9783;849;103;29
org.apache.catalina.ha.tcp.ReplicationValve.sendReplicationMessage(Request, long, boolean, ClusterManager, CatalinaCluster);org.apache.tomcat.util.res.StringManager;0;4;3;0.8438;278;16;17;1;0;0.9091;52;3;3
org.apache.coyote.http11.filters.ChunkedOutputFilter.doWrite(ByteChunk, Response);org.apache.coyote.OutputBuffer;0;0;3;0.7000;38;4;6;1;0;0.8333;1;1;0
org.apache.catalina.connector.Request.addParameter(String, String);org.apache.tomcat.util.http.Parameters;1;0;1;0.9943;1203;127;53;1;0;0.9655;245;14;15
org.apache.tomcat.util.digester.Digester.peek(String);org.apache.juli.logging.Log;0;0;2;0.9852;849;103;29;2;0;0.9048;18;18;0
org.apache.catalina.startup.AbsoluteOrderingRule.begin(String, String, Attributes);org.apache.tomcat.util.res.StringManager;2;0;0;1.0000;5;1;0;1;0;0.8750;52;3;3
org.apache.coyote.http11.Http11AprProcessor.process(long);org.apache.tomcat.util.net.AprEndpoint.Poller;6;4;22;0.7241;954;28;36;1;0;0.9831;168;4;7
org.apache.catalina.realm.JNDIRealm.getAttributeValue(String, Attributes);org.apache.juli.logging.Log;0;0;0;1.0000;742;44;32;2;0;0.8947;18;18;0
org.apache.catalina.util.DOMWriter.setWriterEncoding(String);org.apache.catalina.util.MIME2Java;0;0;1;1.0000;231;6;5;1;0;1.0000;8;2;2
org.apache.tomcat.util.modeler.modules.MbeansSource.execute();org.apache.tomcat.util.DomUtil;2;2;7;0.7308;198;11;10;6;0;1.0000;130;14;1
org.apache.catalina.connector.CoyoteAdapter.service(org.apache.coyote.Request, org.apache.coyote.Response);org.apache.catalina.Service;8;0;5;0.9792;620;12;9;0;0;1.0000;15;15;0
org.apache.catalina.startup.ContextConfig.getHostConfigPath(String);org.apache.catalina.Container;0;0;1;0.9783;1103;37;18;2;0;0.9444;35;35;6
org.apache.coyote.ajp.AjpProtocol.setExecutor(Executor);org.apache.tomcat.util.net.AbstractEndpoint;0;0;1;0.9787;201;32;16;1;0;0.9859;397;29;69
org.apache.coyote.http11.Http11NioProcessor.action(ActionCode, Object);org.apache.tomcat.util.net.SSLSupport;13;1;9;0.8816;840;14;11;4;5;0.9355;5;5;6
org.apache.catalina.ha.session.JvmRouteBinderValve.invoke(Request, Response);org.apache.catalina.Context;0;1;2;0.8636;165;11;7;1;0;0.9932;139;139;1
org.apache.coyote.http11.AbstractOutputBuffer.addActiveFilter(OutputFilter);org.apache.coyote.http11.OutputFilter;0;0;4;0.8788;200;22;11;2;0;0.8000;6;6;0
org.apache.catalina.core.ContainerBase.removeChild(Container);org.apache.catalina.Lifecycle;1;1;2;0.9756;555;53;27;2;0;0.8182;6;6;11
org.apache.coyote.http11.Http11Protocol.init();org.apache.tomcat.util.net.AbstractEndpoint;3;0;5;0.8182;78;3;5;1;1;0.9770;397;29;69
org.apache.catalina.startup.TldRuleSet.addRuleInstances(Digester);org.apache.tomcat.util.digester.Digester;0;0;1;0.7500;14;1;1;1;0;0.9925;849;103;29
org.apache.catalina.session.JDBCStore.close(Connection);org.apache.tomcat.util.ExceptionUtils;0;0;0;0;0;0;0;0;0;0;0;0;0
org.apache.catalina.connector.CoyoteAdapter.checkNormalize(MessageBytes);org.apache.tomcat.util.buf.MessageBytes;2;0;0;1.0000;620;12;9;0;1;0.9778;380;30;16
org.apache.catalina.core.ContainerBase.getLoader();org.apache.catalina.Container;0;0;2;0.9744;555;53;27;1;0;0.9730;35;35;6
org.apache.jasper.compiler.Validator.ValidateVisitor.getFunctionMapper(ELNode.Nodes);org.apache.jasper.compiler.ErrorDispatcher;2;0;2;0.9583;735;37;19;1;0;0.9655;158;22;2
org.apache.catalina.tribes.group.interceptors.TcpFailureDetector.sendMessage(Member[], ChannelMessage, InterceptorPayload);org.apache.catalina.tribes.ChannelException;1;1;0;0.9600;227;15;10;1;0;0.9286;46;5;2
org.apache.catalina.valves.ValveBase.toString();org.apache.catalina.Container;0;0;1;0.9600;137;16;11;1;0;0.9722;35;35;6
org.apache.jasper.compiler.Validator.DirectiveVisitor.visit(Node.PageDirective);org.apache.jasper.compiler.JspUtil;6;0;4;0.9268;214;7;4;1;0;1.0000;608;37;6
org.apache.catalina.mbeans.MBeanUtils.createObjectName(String, Realm);org.apache.catalina.Host;0;0;0;1.0000;706;52;4;1;0;0.9615;22;22;2
org.apache.tomcat.util.modeler.modules.MbeansDescriptorsDOMSource.execute();org.apache.tomcat.util.modeler.Registry;2;0;3;0.8889;93;2;6;2;0;0.9808;433;33;10
org.apache.catalina.connector.Response.flushBuffer();org.apache.catalina.connector.OutputBuffer;0;0;1;0.9886;596;70;20;1;0;0.9756;207;25;15
org.apache.catalina.core.StandardContext.getRealPath(String);org.apache.naming.resources.BaseDirContext;0;0;1;0.9969;2421;209;114;1;0;0.9872;272;68;9
org.apache.catalina.mbeans.GlobalResourcesLifecycleListener.createMBeans();org.apache.juli.logging.Log;0;1;1;0.8571;103;5;3;2;0;0.8947;18;18;0
org.apache.catalina.tribes.transport.bio.BioSender.waitForAck();org.apache.juli.logging.Log;2;0;5;0.8929;148;9;7;4;0;0.8750;18;18;0
org.apache.catalina.session.StandardManager.file();org.apache.catalina.Context;0;0;1;0.9545;304;16;7;1;0;0.9929;139;139;1
org.apache.jasper.compiler.Generator.GenerateVisitor.writeNewInstance(String, String);org.apache.jasper.compiler.ServletWriter;2;0;1;0.9839;1736;44;16;3;0;0.8235;54;12;6
org.apache.jasper.compiler.ELNode.Function.accept(Visitor);org.apache.jasper.compiler.ELNode.Visitor;0;0;0;1.0000;37;1;6;1;0;0.7500;9;4;0
org.apache.catalina.core.StandardContext.setLoginConfig(LoginConfig);org.apache.catalina.deploy.LoginConfig;1;1;2;0.9939;2421;209;114;4;0;0.8095;85;9;5
org.apache.catalina.tribes.membership.McastServiceImpl.RecoveryThread.init(RecoveryThread);org.apache.catalina.tribes.membership.McastServiceImpl;1;0;2;0.8333;58;4;2;0;1;0.9750;309;12;28
org.apache.catalina.tribes.tipis.AbstractReplicatedMap.MapMessage.getValue();org.apache.catalina.tribes.tipis.AbstractReplicatedMap;1;1;0;0.9583;159;12;20;0;1;1.0000;741;50;17
org.apache.catalina.mbeans.MBeanUtils.getDomain(Service);org.apache.catalina.Service;0;0;0;0;0;0;0;0;0;0;0;0;0
org.apache.catalina.core.NamingContextListener.createNamingContext();org.apache.naming.NamingContext;2;6;8;0.7391;745;23;11;1;0;0.9841;282;32;6
org.apache.tomcat.util.buf.C2BConverter.recycle();org.apache.tomcat.util.buf.WriteConvertor;0;0;2;0.8667;58;8;5;1;0;0.8889;22;4;1
org.apache.jasper.compiler.JspDocumentParser.parseStandardAction(String, String, Attributes, Attributes, Attributes, Mark);org.apache.jasper.compiler.Node.PageDirective;3;1;6;0.8444;663;28;20;1;0;0.9286;27;2;1
org.apache.coyote.http11.Http11Processor.action(ActionCode, Object);org.apache.coyote.RequestInfo;9;1;7;0.8889;731;12;7;0;1;0.9872;134;13;14
org.apache.jasper.compiler.Generator.GenerateVisitor.visit(Node.AttributeGenerator);org.apache.jasper.compiler.Node.CustomTag;4;0;1;0.9844;1736;44;16;0;1;0.9773;218;9;26
org.apache.jasper.compiler.TextOptimizer.concatenate(Compiler, Node.Nodes);org.apache.jasper.compiler.Node.Nodes;0;0;0;1.0000;5;1;0;1;0;0.9091;43;5;3
org.apache.catalina.session.ManagerBase.add(Session);org.apache.catalina.Session;0;0;3;0.9651;518;58;32;1;0;0.9714;32;32;4
org.apache.el.parser.ELParser.Compare();org.apache.el.parser.ELParserTreeConstants;2;3;4;0.9527;2270;112;22;0;4;0.9259;0;0;35
org.apache.catalina.startup.ContextConfig.init();org.apache.juli.logging.Log;1;3;5;0.9020;1103;37;18;3;0;0.8889;18;18;0
org.apache.jasper.compiler.Parser.parseParam(Node);org.apache.jasper.compiler.JspReader;0;2;3;0.9254;1185;55;13;3;0;0.9250;304;23;9
org.apache.catalina.tribes.tipis.LazyReplicatedMap.publishEntryInfo(Object, Object);org.apache.catalina.tribes.Member;1;0;1;1.0000;54;2;1;1;0;0.9615;13;13;1
org.apache.catalina.tribes.group.ChannelCoordinator.messageReceived(ChannelMessage);org.apache.juli.logging.Log;1;0;0;1.0000;164;15;5;2;0;0.9091;18;18;0
org.apache.catalina.tribes.group.interceptors.NonBlockingCoordinator.isHighest();org.apache.catalina.tribes.group.AbsoluteOrder;1;1;1;0.9600;352;38;15;0;1;1.0000;7;1;1
org.apache.catalina.servlets.WebdavServlet.parseLockNullProperties(HttpServletRequest, XMLWriter, String, int, Vector<String>);org.apache.catalina.util.RequestUtil;2;3;4;0.8974;1461;29;24;1;0;1.0000;189;13;3
org.apache.el.parser.ELParser.jj_3R_71();org.apache.el.parser.ELParserConstants;1;1;0;0.9925;2270;112;22;0;1;0.9825;0;0;56
org.apache.catalina.connector.OutputBuffer.close();org.apache.tomcat.util.buf.ByteChunk;1;1;4;0.8837;207;25;15;1;0;0.9818;425;43;10
org.apache.el.parser.ELParser.jj_3_1();org.apache.el.parser.ELParserConstants;1;2;0;0.9851;2270;112;22;0;2;0.9655;0;0;56
org.apache.catalina.ha.tcp.SimpleTcpCluster.send(ClusterMessage, Member);org.apache.catalina.tribes.Channel;0;1;3;0.9545;368;43;29;2;0;0.9130;15;15;13
org.apache.catalina.loader.WebappLoader.addRepository(String);org.apache.catalina.loader.WebappClassLoader;1;1;5;0.9259;553;36;17;1;0;0.9896;1601;58;35
org.apache.tomcat.util.net.JIoEndpoint.processSocket(Socket);org.apache.tomcat.util.net.SocketWrapper;1;0;1;1.0000;195;10;6;0;1;0.9444;60;2;11
org.apache.catalina.core.StandardHostValve.throwable(Request, Response, Throwable);org.apache.juli.logging.Log;4;3;2;0.9048;160;7;3;3;0;0.9063;18;18;0
org.apache.naming.ContextBindings.getThreadName();org.apache.naming.StringManager;0;0;2;1.0000;112;21;6;1;0;0.8000;50;3;3
org.apache.catalina.session.StandardSession.tellNew();org.apache.catalina.Manager;1;3;2;0.9500;585;58;24;1;0;0.9767;35;35;0
org.apache.catalina.connector.Response.recycle();org.apache.catalina.connector.OutputBuffer;2;0;11;0.8804;596;70;20;1;0;0.9818;207;25;15
org.apache.catalina.realm.DataSourceRealm.open();org.apache.tomcat.util.res.StringManager;0;0;2;0.9231;244;13;11;1;0;0.9091;52;3;3
org.apache.jasper.compiler.Validator.ValidateVisitor.visit(Node.IncludeDirective);org.apache.jasper.compiler.JspUtil;0;0;2;0.9762;735;37;19;1;0;1.0000;608;37;6
org.apache.catalina.mbeans.MBeanUtils.createObjectName(String, NamingResources);org.apache.catalina.Container;1;0;0;1.0000;706;52;4;1;0;0.9737;35;35;6
org.apache.catalina.startup.HostConfig.addWatchedResources(DeployedApplication, String, Context);org.apache.juli.logging.Log;0;1;1;0.9804;793;36;16;2;0;0.9048;18;18;0
org.apache.catalina.authenticator.BasicAuthenticator.authenticate(Request, HttpServletResponse, LoginConfig);org.apache.catalina.Container;5;0;1;1.0000;57;2;2;1;0;0.9836;35;35;6
org.apache.tomcat.util.net.NioEndpoint.Poller.add(NioChannel, int);org.apache.tomcat.util.net.NioEndpoint.PollerEvent;1;1;0;0.9565;396;15;6;1;0;0.9000;60;4;3
org.apache.naming.NamingContext.list(Name);org.apache.naming.StringManager;2;0;2;0.9744;282;32;6;1;0;0.8750;50;3;3
org.apache.catalina.core.AsyncContextImpl.complete();org.apache.juli.logging.Log;1;1;3;0.9118;283;23;12;0;0;1.0000;18;18;0
org.apache.coyote.ajp.AjpAprProtocol.getTcpNoDelay();org.apache.tomcat.util.net.AbstractEndpoint;0;0;1;0.9815;219;40;15;1;0;0.9859;397;29;69
org.apache.coyote.ajp.AjpProcessor.prepareRequest();org.apache.tomcat.util.buf.ByteChunk;7;1;8;0.8861;659;13;32;5;2;0.9205;425;43;10
org.apache.catalina.startup.Tomcat.initWebappDefaults(Context);org.apache.catalina.Context;0;1;1;1.0000;253;24;14;4;0;0.9718;139;139;1
org.apache.tomcat.util.modeler.BaseModelMBean.setAttribute(Attribute);org.apache.tomcat.util.modeler.ManagedBean;0;1;3;0.9189;284;28;9;1;0;0.9750;252;23;13
org.apache.tomcat.util.modeler.Registry.findManagedBean(Object, Class<?>, String);org.apache.tomcat.util.modeler.ManagedBean;0;4;1;0.9048;433;33;10;1;0;0.9756;252;23;13
org.apache.catalina.realm.RealmBase.hasResourcePermission(Request, Response, SecurityConstraint[], Context);org.apache.catalina.realm.Constants;1;1;3;0.9701;672;37;22;0;2;1.0000;0;0;6
org.apache.jasper.runtime.PageContextImpl.removeAttribute(String);org.apache.jasper.compiler.Localizer;0;1;0;0.9811;634;40;16;1;0;1.0000;34;6;1
org.apache.coyote.http11.Http11NioProtocol.start();org.apache.tomcat.util.modeler.Registry;1;0;2;0.9688;97;17;3;2;0;0.9808;433;33;10
org.apache.catalina.core.ApplicationFilterConfig.getFilterName();org.apache.catalina.deploy.FilterDef;0;0;1;0.9524;175;15;8;1;0;0.9474;66;9;10
org.apache.catalina.ha.tcp.ReplicationValve.sendSessionReplicationMessage(Request, ClusterManager, CatalinaCluster);org.apache.catalina.connector.Request;1;2;4;0.8824;278;16;17;2;0;0.9889;1203;127;53
org.apache.jasper.compiler.Parser.parseAttributeValue(String);org.apache.jasper.compiler.PageInfo;1;0;3;0.9571;1185;55;13;0;2;0.9765;341;30;46
org.apache.catalina.core.AsyncContextImpl.doInternalComplete(boolean);org.apache.catalina.core.AsyncListenerWrapper;0;3;5;0.8235;283;23;12;1;0;0.9091;15;3;1
org.apache.jasper.JspC.processFile(String);org.apache.jasper.compiler.Compiler;1;2;11;0.8737;876;35;84;2;0;0.9535;310;11;8
org.apache.catalina.core.ApplicationContextFacade.createServlet(Class<T>);org.apache.catalina.security.SecurityUtil;0;1;1;0.9672;514;57;3;1;0;1.0000;146;11;17
org.apache.el.parser.ELParser.And();org.apache.el.parser.JJTELParserState;2;3;4;0.9496;2270;112;22;4;0;0.8462;74;10;5
org.apache.jasper.compiler.Generator.GenerateVisitor.visit(Node.CustomTag);org.apache.jasper.compiler.Node;7;1;8;0.8916;1736;44;16;1;3;0.9273;163;7;15
org.apache.catalina.connector.Connector.resume();org.apache.tomcat.util.res.StringManager;0;0;3;0.9882;405;53;33;1;0;0.8750;52;3;3
org.apache.tomcat.util.net.NioBlockingSelector.BlockPoller.cancel(SelectionKey, KeyAttachment, int);org.apache.tomcat.util.net.NioEndpoint.KeyAttachment;1;1;0;0.9286;182;9;4;0;2;0.9130;121;13;8
org.apache.catalina.valves.CometConnectionManagerValve.event(Request, Response, CometEvent);org.apache.catalina.comet.CometEvent;1;0;2;0.8889;136;8;4;2;2;0.7143;6;6;2
org.apache.tomcat.util.digester.ParserFeatureSetterFactory.newSAXParser(Properties);org.apache.tomcat.util.digester.GenericParser;0;0;1;1.0000;8;1;1;1;0;1.0000;16;1;3
org.apache.catalina.ha.session.JvmRouteBinderValve.getLocalJvmRoute(Request);org.apache.catalina.session.ManagerBase;0;1;0;0.9375;165;11;7;1;0;0.9885;518;58;32
org.apache.catalina.loader.WebappLoader.getClasspath(ClassLoader);org.apache.juli.logging.Log;0;0;1;1.0000;553;36;17;5;0;0.7222;18;18;0
org.apache.catalina.servlets.WebdavServlet.LockInfo.toXML(XMLWriter);org.apache.catalina.servlets.WebdavServlet;2;0;6;0.6000;53;4;8;0;1;0.9762;1461;29;24
org.apache.catalina.session.StandardSession.activate();org.apache.catalina.Container;1;3;5;0.9241;585;58;24;1;0;0.9773;35;35;6
org.apache.catalina.startup.ContextConfig.parseWebXml(InputSource, WebXml, boolean);org.apache.catalina.startup.WebRuleSet;4;0;7;0.9444;1103;37;18;1;0;0.9600;246;4;7
org.apache.catalina.session.PersistentManagerBase.swapIn(String);org.apache.catalina.Store;1;1;3;0.9423;421;30;12;1;0;0.9630;11;11;0
org.apache.jasper.compiler.Generator.GenerateVisitor.attributeValue(Node.JspAttribute, boolean, Class<?>);org.apache.jasper.compiler.Generator;2;0;1;0.9851;1736;44;16;1;0;1.0000;782;28;18
org.apache.naming.resources.ResourceCache.lookup(String);org.apache.naming.resources.CacheEntry;1;1;4;0.7647;211;7;10;0;1;0.9286;13;2;8
org.apache.catalina.connector.Request.doGetSession(boolean);org.apache.catalina.connector.Response;0;4;6;0.9511;1203;127;53;2;0;0.9811;596;70;20
org.apache.catalina.realm.UserDatabaseRealm.getPassword(String);org.apache.catalina.User;0;0;1;0.9000;92;6;4;1;0;0.9474;17;17;0
org.apache.jasper.compiler.JspRuntimeContext.getJspForUnload(int);org.apache.jasper.util.JspQueue;0;0;0;0;0;0;0;0;0;0;0;0;0
org.apache.jasper.compiler.ParserController.doParse(String, Node, JarResource);org.apache.jasper.compiler.JspUtil;1;4;12;0.4074;281;12;13;1;0;1.0000;608;37;6
org.apache.catalina.authenticator.AuthenticatorBase.associate(String, Session);org.apache.catalina.authenticator.SingleSignOn;0;0;1;0.9655;293;17;18;1;0;0.9444;164;12;6
org.apache.catalina.realm.RealmBase.findSecurityConstraints(Request, Context);org.apache.catalina.deploy.SecurityConstraint;0;1;1;0.9836;672;37;22;2;0;0.9375;194;18;7
org.apache.catalina.connector.Response.clearEncoders();org.apache.catalina.connector.OutputBuffer;0;0;1;0.9886;596;70;20;1;0;0.9756;207;25;15
org.apache.catalina.ha.session.DeltaManager.expireAllLocalSessions();org.apache.juli.logging.Log;1;0;2;0.9880;822;41;40;2;0;0.9130;18;18;0
org.apache.tomcat.util.net.NioEndpoint.Poller.timeout(int, boolean);org.apache.tomcat.util.net.NioEndpoint;4;3;3;0.8333;396;15;6;1;1;0.9836;362;19;26
org.apache.catalina.core.StandardContextValve.event(Request, Response, CometEvent);org.apache.catalina.Pipeline;0;0;0;1.0000;97;5;3;1;0;0.9167;9;9;0
org.apache.coyote.ajp.AjpProtocol.init();org.apache.tomcat.util.net.AbstractEndpoint;3;1;4;0.9434;201;32;16;0;1;0.9873;397;29;69
org.apache.catalina.startup.Tomcat.getEngine();org.apache.catalina.Container;0;1;3;0.8889;253;24;14;1;0;0.9756;35;35;6
org.apache.jasper.compiler.Generator.GenerateVisitor.evaluateAttribute(TagHandlerInfo, Node.JspAttribute, Node.CustomTag, String);org.apache.jasper.compiler.Node;5;2;2;0.9634;1736;44;16;0;1;0.9804;163;7;15
org.apache.catalina.ha.session.DeltaManager.handleCHANGE_SESSION_ID(SessionMessage, Member);org.apache.catalina.ha.session.SessionMessage;0;0;0;0;0;0;0;0;0;0;0;0;0
org.apache.catalina.core.StandardThreadExecutor.getActiveCount();org.apache.tomcat.util.threads.ThreadPoolExecutor;0;0;1;0.9615;118;15;10;1;0;0.9091;46;5;1
org.apache.catalina.mbeans.ServerLifecycleListener.createMBeans(Context);org.apache.catalina.Context;1;1;1;0.9767;563;31;2;3;0;0.9799;139;139;1
org.apache.catalina.mbeans.MemoryUserDatabaseMBean.findGroup(String);org.apache.tomcat.util.modeler.ManagedBean;0;0;1;0.9524;168;12;6;1;0;0.9730;252;23;13
org.apache.catalina.mbeans.ServerLifecycleListener.destroyMBeans(Context);org.apache.catalina.Container;0;1;1;0.9750;563;31;2;5;0;0.8750;35;35;6
org.apache.jasper.compiler.JspUtil.getInputStream(String, JarFile, JspCompilationContext, ErrorDispatcher);org.apache.jasper.JspCompilationContext;0;0;0;1.0000;608;37;6;1;0;0.9839;426;31;31
org.apache.catalina.core.StandardHostValve.event(Request, Response, CometEvent);org.apache.catalina.connector.Request;1;2;0;0.8667;160;7;3;3;0;0.9835;1203;127;53
org.apache.catalina.mbeans.ServerLifecycleListener.processContainerPropertyChange(Container, String, Object, Object);org.apache.catalina.mbeans.MBeanUtils;0;2;1;0.9429;563;31;2;3;0;1.0000;706;52;4
org.apache.catalina.core.AprLifecycleListener.init();org.apache.tomcat.util.ExceptionUtils;0;0;0;0;0;0;0;0;0;0;0;0;0
org.apache.jasper.xmlparser.XMLEncodingDetector.scanData(String, XMLStringBuffer);org.apache.jasper.xmlparser.XMLStringBuffer;0;2;6;0.8298;798;23;29;1;0;0.9474;61;5;1
org.apache.jasper.compiler.Generator.FragmentHelperClass.toString();org.apache.jasper.compiler.Generator.GenBuffer;0;0;1;0.9000;132;6;4;1;0;0.8889;47;3;4
org.apache.coyote.http11.AbstractHttp11Protocol.resume();org.apache.juli.logging.Log;1;2;2;0.9737;382;89;22;3;0;0.8696;18;18;0
org.apache.tomcat.util.http.MimeHeaders.removeHeader(int);org.apache.tomcat.util.http.MimeHeaderField;0;0;2;0.9048;129;18;3;1;0;0.8750;13;1;4
org.apache.catalina.mbeans.ServerLifecycleListener.lifecycleEvent(LifecycleEvent);org.apache.catalina.LifecycleEvent;4;5;1;0.8649;563;31;2;2;0;0.8824;18;3;3
org.apache.catalina.startup.ContextConfig.processJarsForWebFragments();org.apache.catalina.Context;0;0;1;0.9800;1103;37;18;2;0;0.9861;139;139;1
org.apache.catalina.tribes.group.GroupChannel.setupDefaultStack();org.apache.catalina.tribes.ChannelInterceptor;0;2;0;0.9394;268;24;9;1;0;0.9444;16;16;0
org.apache.catalina.core.ApplicationContextFacade.getServletNames();org.apache.catalina.security.SecurityUtil;0;1;1;0.9672;514;57;3;1;0;1.0000;146;11;17
org.apache.jasper.compiler.ELFunctionMapper.ELFunctionVisitor.visit(Node.IncludeAction);org.apache.jasper.compiler.Node.IncludeAction;2;0;0;1.0000;151;14;1;0;1;0.8000;15;1;1
org.apache.jasper.compiler.Compiler.generateJava();org.apache.jasper.compiler.PageInfo;12;1;7;0.8621;310;11;8;3;8;0.9035;341;30;46
org.apache.tomcat.util.net.AprEndpoint.Sendfile.destroy();org.apache.tomcat.util.net.AprEndpoint;2;0;5;0.5833;187;5;6;0;1;0.9825;471;17;35
org.apache.catalina.ha.session.SerializablePrincipal.readPrincipal(ObjectInput);org.apache.tomcat.util.res.StringManager;0;0;2;1.0000;83;9;7;1;0;0.8333;52;3;3
org.apache.catalina.tribes.tipis.AbstractReplicatedMap.broadcast(int, boolean);org.apache.catalina.tribes.group.RpcChannel;2;2;5;0.9000;741;50;17;1;1;0.9545;98;6;9
org.apache.coyote.ajp.AjpProcessor.finish();org.apache.coyote.Response;1;1;5;0.8780;659;13;32;0;1;0.9762;250;19;18
org.apache.jasper.compiler.Generator.GenerateVisitor.visit(Node.UninterpretedTag);org.apache.jasper.compiler.Node;5;0;2;0.9861;1736;44;16;0;6;0.8235;163;7;15
org.apache.tomcat.util.http.MimeHeaders.clear();org.apache.tomcat.util.http.MimeHeaderField;0;0;2;0.9048;129;18;3;1;0;0.8750;13;1;4
org.apache.tomcat.util.digester.Digester.endDocument();org.apache.juli.logging.Log;0;5;2;0.9489;849;103;29;3;0;0.8889;18;18;0
org.apache.catalina.core.ApplicationContextFacade.getServerInfo();org.apache.catalina.core.ApplicationContext;0;1;1;0.9672;514;57;3;1;0;0.9859;645;60;13
org.apache.coyote.http11.InternalNioOutputBuffer.recycle();org.apache.tomcat.util.net.SecureNioChannel.ApplicationBufferHandler;2;0;2;0.8947;117;9;5;1;0;0.8750;3;3;0
org.apache.catalina.startup.TldConfig.lifecycleEvent(LifecycleEvent);org.apache.juli.logging.Log;2;2;6;0.7500;291;15;15;1;0;0.9630;18;18;0
org.apache.catalina.startup.UserConfig.lifecycleEvent(LifecycleEvent);org.apache.catalina.Lifecycle;2;2;3;0.8333;87;10;8;0;2;1.0000;6;6;11
org.apache.el.lang.ExpressionBuilder.visit(Node);org.apache.el.parser.AstFunction;2;0;2;0.8462;117;7;4;1;2;0.7273;73;4;2
org.apache.catalina.connector.Request.getRemoteAddr();org.apache.tomcat.util.buf.MessageBytes;2;0;2;0.9886;1203;127;53;1;0;0.9778;380;30;16
org.apache.catalina.mbeans.MBeanUtils.destroyMBean(ContextResource);org.apache.tomcat.util.modeler.ManagedBean;0;3;2;1.0000;706;52;4;1;0;0.9730;252;23;13
org.apache.catalina.session.StandardSession.tellNew();org.apache.catalina.Session;1;3;2;0.9500;585;58;24;0;1;1.0000;32;32;4
org.apache.catalina.realm.UserDatabaseRealm.hasRole(Principal, String);org.apache.catalina.User;0;0;1;0.9286;92;6;4;2;0;0.9091;17;17;0
org.apache.jasper.compiler.Dumper.DumpVisitor.visit(Node.UninterpretedTag);org.apache.jasper.compiler.Node;1;3;0;0.8966;122;27;1;0;2;0.9310;163;7;15
org.apache.coyote.http11.AbstractOutputBuffer.sendStatus();org.apache.coyote.Response;3;3;3;0.8182;200;22;11;0;2;0.9535;250;19;18
org.apache.jasper.compiler.Node.NamedAttribute.accept(Visitor);org.apache.jasper.compiler.Node.Visitor;0;0;0;1.0000;71;3;7;1;0;0.9714;126;35;0
org.apache.catalina.connector.ResponseFacade.getLocale();org.apache.tomcat.util.res.StringManager;0;0;2;0.9762;224;40;2;1;0;0.8571;52;3;3
org.apache.tomcat.util.buf.StringCache.toString(ByteChunk);org.apache.tomcat.util.buf.ByteChunk;1;2;10;1.0000;361;13;14;4;3;0.8654;425;43;10
org.apache.catalina.tribes.group.GroupChannel.HeartbeatThread.run();org.apache.catalina.tribes.group.GroupChannel;0;0;4;0.5714;29;3;5;1;0;0.9730;268;24;9
org.apache.catalina.session.ManagerBase.expireSession(String);org.apache.juli.logging.Log;0;0;2;0.9773;518;58;32;2;0;0.9048;18;18;0
org.apache.jasper.compiler.Validator.ValidateVisitor.visit(Node.UninterpretedTag);org.apache.jasper.compiler.Node.UninterpretedTag;4;2;2;0.9167;735;37;19;0;1;0.9231;12;1;1
org.apache.catalina.connector.CoyoteAdapter.event(org.apache.coyote.Request, org.apache.coyote.Response, SocketStatus);org.apache.catalina.Pipeline;7;0;4;0.9714;620;12;9;1;0;0.9706;9;9;0
org.apache.catalina.mbeans.MemoryUserDatabaseMBean.removeGroup(String);org.apache.catalina.UserDatabase;0;0;0;1.0000;168;12;6;2;0;0.8824;16;16;0
org.apache.jasper.compiler.Parser.parseTaglibDirective(Node);org.apache.jasper.compiler.JspReader;4;1;6;0.9103;1185;55;13;1;0;0.9818;304;23;9
org.apache.catalina.authenticator.FormAuthenticator.forwardToLoginPage(Request, HttpServletResponse, LoginConfig);org.apache.catalina.connector.Request;1;0;1;1.0000;236;8;3;2;0;0.9888;1203;127;53
org.apache.catalina.ant.jmx.JMXAccessorCondition.getJMXConnection();org.apache.catalina.ant.jmx.JMXAccessorTask;0;0;6;0.6667;164;6;14;1;0;1.0000;361;22;17
org.apache.jasper.compiler.ImplicitTagLibraryInfo.getTagFile(String);org.apache.jasper.JspCompilationContext;1;0;3;0.6250;108;2;11;1;0;0.9846;426;31;31
org.apache.catalina.mbeans.GroupMBean.addRole(String);org.apache.catalina.Group;0;0;0;1.0000;63;4;3;2;0;0.8462;11;11;0
org.apache.coyote.http11.AbstractOutputBuffer.flush();org.apache.coyote.ActionCode;1;0;2;0.9375;200;22;11;0;1;1.0000;6;0;30
org.apache.jasper.compiler.Generator.generateLocalVariables(ServletWriter, Node);org.apache.jasper.compiler.ServletWriter;4;0;0;1.0000;782;28;18;1;0;0.9565;54;12;6
org.apache.tomcat.util.http.Parameters.setQueryStringEncoding(String);org.apache.juli.logging.Log;0;0;2;0.9643;245;14;15;2;0;0.8947;18;18;0
org.apache.catalina.connector.ResponseFacade.setCharacterEncoding(String);org.apache.catalina.connector.Response;0;0;2;0.9762;224;40;2;1;0;0.9889;596;70;20
org.apache.tomcat.util.net.NioEndpoint.Poller.cometInterest(NioChannel);org.apache.tomcat.util.net.NioChannel;2;1;2;0.8696;396;15;6;1;0;0.9583;83;15;5
org.apache.tomcat.util.net.NioChannel.reset();org.apache.tomcat.util.net.SecureNioChannel.ApplicationBufferHandler;0;0;2;0.9048;83;15;5;2;0;0.6000;3;3;0
org.apache.jasper.compiler.Generator.GenerateVisitor.visit(Node.JspElement);org.apache.jasper.compiler.Node.Nodes;6;0;1;0.9867;1736;44;16;2;0;0.9200;43;5;3
org.apache.catalina.authenticator.FormAuthenticator.restoreRequest(Request, Session);org.apache.catalina.authenticator.SavedRequest;3;0;0;1.0000;236;8;3;9;0;0.8000;67;15;9
org.apache.coyote.ajp.AjpAprProcessor.prepareResponse();org.apache.tomcat.util.buf.MessageBytes;5;0;4;0.9322;623;13;30;3;0;0.9524;380;30;16
org.apache.catalina.tribes.group.interceptors.NonBlockingCoordinator.createElectionMsg(MemberImpl, MemberImpl[], MemberImpl);org.apache.catalina.tribes.util.Arrays;1;0;1;1.0000;352;38;15;1;0;1.0000;157;24;1
org.apache.jasper.compiler.Parser.parseExpression(Node);org.apache.jasper.compiler.ErrorDispatcher;0;1;3;0.9403;1185;55;13;1;0;0.9643;158;22;2
org.apache.tomcat.util.net.NioEndpoint.Poller.processSendfile(SelectionKey, KeyAttachment, boolean, boolean);org.apache.tomcat.util.net.NioEndpoint.KeyAttachment;4;3;0;0.9211;396;15;6;1;2;0.9231;121;13;8
org.apache.coyote.http11.filters.IdentityOutputFilter.setResponse(Response);org.apache.coyote.Response;1;0;2;0.7143;50;4;5;0;1;0.9744;250;19;18
org.apache.catalina.mbeans.MBeanUtils.createServer();org.apache.tomcat.util.modeler.Registry;0;0;1;1.0000;706;52;4;2;0;0.9744;433;33;10
org.apache.el.lang.ELSupport.coerceToNumber(Object, Class<?>);org.apache.el.util.MessageFactory;0;2;1;1.0000;406;22;1;1;0;1.0000;24;7;1
org.apache.tomcat.util.net.AprEndpoint.init();org.apache.juli.logging.Log;7;0;25;0.5789;471;17;35;1;0;0.9792;18;18;0
org.apache.jasper.servlet.JspServlet.setJspReloadCount(int);org.apache.jasper.compiler.JspRuntimeContext;0;0;1;0.9333;167;10;5;1;0;0.9565;187;11;10
org.apache.catalina.manager.host.HostManagerServlet.getConfigBase(String);org.apache.catalina.Container;0;0;2;0.8947;310;13;8;1;0;0.9730;35;35;6
org.apache.tomcat.util.bcel.classfile.Attribute.getName();org.apache.tomcat.util.bcel.classfile.ConstantPool;2;0;2;0.8182;98;6;5;1;0;0.9167;130;7;2
org.apache.naming.resources.ProxyDirContext.cacheLoad(CacheEntry);org.apache.naming.resources.ResourceAttributes;2;0;4;0.9551;469;64;15;1;0;0.9831;515;30;30
org.apache.catalina.startup.SetAllPropertiesRule.begin(String, String, Attributes);org.apache.tomcat.util.digester.Digester;2;0;1;0.9000;19;1;1;3;2;0.9632;849;103;29
org.apache.coyote.http11.Http11AprProcessor.event(SocketStatus);org.apache.coyote.http11.AbstractInputBuffer;4;1;9;0.8857;954;28;36;0;0;1.0000;81;10;14
org.apache.catalina.mbeans.MBeanUtils.destroyMBean(Service);org.apache.tomcat.util.modeler.ManagedBean;0;2;2;1.0000;706;52;4;1;0;0.9714;252;23;13
org.apache.coyote.ajp.AjpAprProcessor.refillReadBuffer();org.apache.tomcat.jni.Socket;0;1;4;0.8684;623;13;30;1;0;1.0000;37;37;34
org.apache.catalina.valves.RemoteIpValve.invoke(Request, Response);org.apache.catalina.Valve;3;2;9;0.7576;176;9;12;1;0;0.9714;7;7;0
org.apache.catalina.valves.AccessLogValve.ProtocolElement.addElement(StringBuilder, Date, Request, Response, long);org.apache.catalina.connector.Request;0;0;0;1.0000;3;1;0;1;0;0.9943;1203;127;53
org.apache.catalina.tribes.tipis.AbstractReplicatedMap.equals(Object);org.apache.catalina.tribes.util.Arrays;0;0;1;0.9844;741;50;17;1;0;1.0000;157;24;1
org.apache.coyote.http11.Http11NioProcessor.prepareRequest();org.apache.coyote.Response;7;3;4;0.8814;840;14;11;0;1;0.9872;250;19;18
org.apache.catalina.mbeans.ServerLifecycleListener.createMBeans(Context);org.apache.catalina.core.ContainerBase;1;1;1;0.9767;563;31;2;1;0;0.9889;555;53;27
org.apache.catalina.manager.host.HostManagerServlet.stop(PrintWriter, String);org.apache.catalina.Container;1;0;4;0.8500;310;13;8;1;0;0.9744;35;35;6
org.apache.jasper.compiler.Validator.ValidateVisitor.getJspAttribute(TagAttributeInfo, String, String, String, String, Node, boolean);org.apache.jasper.compiler.ErrorDispatcher;5;0;2;0.9615;735;37;19;1;0;0.9697;158;22;2
org.apache.catalina.core.StandardEngine.logAccess(Request, Response, long, boolean);org.apache.catalina.AccessLog;0;0;0;0;0;0;0;0;0;0;0;0;0
org.apache.catalina.ha.session.DeltaManager.sendCreateSession(String, DeltaSession);org.apache.juli.logging.Log;2;1;5;0.9512;822;41;40;2;0;0.9200;18;18;0
org.apache.jasper.compiler.Validator.ValidateVisitor.visit(Node.Scriptlet);org.apache.jasper.compiler.PageInfo;1;0;2;0.9545;735;37;19;0;1;0.9877;341;30;46
org.apache.jasper.compiler.Validator.DirectiveVisitor.visit(Node.TagDirective);org.apache.jasper.compiler.ErrorDispatcher;6;0;3;0.8800;214;7;4;2;0;0.9459;158;22;2
org.apache.catalina.core.ApplicationFilterRegistration.setInitParameter(String, String);org.apache.catalina.deploy.FilterDef;1;1;2;0.8571;110;11;3;1;0;0.9500;66;9;10
org.apache.catalina.connector.Request.isRequestedSessionIdValid();org.apache.catalina.Session;0;0;2;0.9886;1203;127;53;1;0;0.9722;32;32;4
org.apache.el.parser.AstFunction.toString();org.apache.el.parser.ELParserTreeConstants;1;1;0;0.8750;73;4;2;0;1;0.9730;0;0;35
org.apache.tomcat.util.net.AprEndpoint.processSocket(long, SocketStatus);org.apache.juli.logging.Log;0;0;1;1.0000;471;17;35;2;0;0.9000;18;18;0
org.apache.catalina.valves.CometConnectionManagerValve.event(Request, Response, CometEvent);org.apache.catalina.connector.Response;1;0;2;0.8889;136;8;4;1;0;0.9897;596;70;20
org.apache.catalina.authenticator.FormAuthenticator.authenticate(Request, HttpServletResponse, LoginConfig);org.apache.catalina.Container;3;6;2;0.7813;236;8;3;1;0;0.9846;35;35;6
org.apache.coyote.http11.Http11Protocol.init();org.apache.tomcat.util.net.JIoEndpoint;3;0;5;0.8182;78;3;5;0;2;0.9375;195;10;6
org.apache.catalina.core.NamingContextListener.addEnvironment(ContextEnvironment);org.apache.catalina.deploy.ResourceBase;2;0;3;0.9459;745;23;11;2;0;0.9048;43;9;7
org.apache.coyote.http11.Http11Protocol.Http11ConnectionHandler.process(SocketWrapper<Socket>, SocketStatus);org.apache.tomcat.util.net.SSLImplementation;4;1;3;0.8095;105;5;5;1;0;0.9474;30;6;3
org.apache.catalina.ha.session.JvmRouteBinderValve.changeRequestSessionID(Request, String, String);org.apache.catalina.connector.Request;1;0;3;0.9474;165;11;7;2;0;0.9887;1203;127;53
org.apache.catalina.servlets.WebdavServlet.parseProperties(HttpServletRequest, XMLWriter, String, int, Vector<String>);org.apache.naming.resources.CacheEntry;3;2;3;0.9592;1461;29;24;0;5;0.7826;13;2;8
org.apache.catalina.ha.tcp.ReplicationValve.sendCrossContextSession(CatalinaCluster);org.apache.catalina.Manager;1;1;5;0.8857;278;16;17;1;0;0.9767;35;35;0
org.apache.el.parser.ELParser.Unary();org.apache.el.parser.ELParserTreeConstants;2;4;4;0.9536;2270;112;22;0;3;0.9483;0;0;35
org.apache.jasper.compiler.Parser.parseXMLDeclaration(Node);org.apache.jasper.compiler.ErrorDispatcher;0;1;3;0.9429;1185;55;13;1;0;0.9677;158;22;2
org.apache.catalina.connector.RequestFacade.isSecure();org.apache.tomcat.util.res.StringManager;0;0;2;0.9859;450;69;2;1;0;0.8571;52;3;3
org.apache.catalina.manager.ManagerServlet.roles(PrintWriter);org.apache.catalina.Role;0;0;2;0.9792;924;35;13;2;0;0.7500;5;5;0
org.apache.catalina.core.NamingContextListener.lifecycleEvent(LifecycleEvent);org.apache.catalina.Context;4;2;9;0.7857;745;23;11;1;0;0.9937;139;139;1
org.apache.tomcat.util.net.NioEndpoint.Poller.cancelledKey(SelectionKey, SocketStatus, boolean);org.apache.tomcat.util.net.NioEndpoint.Handler;4;0;0;1.0000;396;15;6;2;0;0.8750;5;5;0
org.apache.jasper.compiler.ParserController.doParse(String, Node, JarResource);org.apache.jasper.compiler.ErrorDispatcher;1;4;12;0.4074;281;12;13;1;0;0.9744;158;22;2
org.apache.catalina.connector.Request.getParameterValues(String);org.apache.coyote.Request;1;1;2;0.9829;1203;127;53;0;1;0.9825;221;18;34
org.apache.catalina.realm.MemoryRealm.authenticate(String, String);org.apache.juli.logging.Log;1;0;2;0.9286;94;7;6;2;0;0.9091;18;18;0
org.apache.jasper.compiler.Generator.GenerateVisitor.visit(Node.SetProperty);org.apache.jasper.compiler.Node.SetProperty;6;0;1;0.9867;1736;44;16;0;1;0.9500;15;1;1
org.apache.coyote.ajp.AjpAprProcessor.asyncDispatch(long, SocketStatus);org.apache.juli.logging.Log;0;0;0;0;0;0;0;0;0;0;0;0;0
org.apache.jasper.compiler.CompilationUnit.getContents();org.apache.jasper.JspCompilationContext;4;0;0;1.0000;52;4;2;0;1;0.9846;426;31;31
org.apache.catalina.realm.RealmBase.hasUserDataPermission(Request, Response, SecurityConstraint[]);org.apache.catalina.realm.Constants;2;0;1;1.0000;672;37;22;0;1;1.0000;0;0;6
org.apache.catalina.tribes.io.XByteBuffer.append(byte[], int, int);org.apache.juli.logging.Log;0;2;5;0.8333;317;36;7;1;0;0.9545;18;18;0
org.apache.catalina.startup.ContextConfig.antiLocking();org.apache.juli.logging.Log;0;0;4;0.9615;1103;37;18;2;0;0.9231;18;18;0
org.apache.catalina.connector.CoyoteAdapter.asyncDispatch(org.apache.coyote.Request, org.apache.coyote.Response, SocketStatus);org.apache.coyote.RequestInfo;7;0;4;0.9744;620;12;9;0;1;0.9821;134;13;14
org.apache.tomcat.util.http.fileupload.FileUploadBase.parseRequest(RequestContext);org.apache.tomcat.util.http.fileupload.FileItemStream;0;2;1;0.9286;187;14;12;5;0;0.6429;5;5;0
org.apache.coyote.http11.AbstractHttp11Protocol.getTruststoreFile();org.apache.tomcat.util.net.AbstractEndpoint;1;0;1;0.9909;382;89;22;0;1;0.9859;397;29;69
org.apache.catalina.mbeans.MBeanUtils.destroyMBean(User);org.apache.tomcat.util.modeler.ManagedBean;0;2;2;1.0000;706;52;4;1;0;0.9714;252;23;13
org.apache.jasper.compiler.Parser.parseAttributes();org.apache.jasper.compiler.JspReader;0;1;1;0.9688;1185;55;13;1;0;0.9722;304;23;9
org.apache.catalina.core.ApplicationJspPropertyGroupDescriptor.getUrlPatterns();org.apache.catalina.deploy.JspPropertyGroup;1;0;1;0.9231;79;12;1;0;1;0.9545;72;9;12
org.apache.jasper.compiler.PageInfo.setSession(String, Node, ErrorDispatcher);org.apache.jasper.compiler.ErrorDispatcher;0;0;2;0.9740;341;30;46;1;0;0.9565;158;22;2
org.apache.catalina.startup.Embedded.startInternal();org.apache.catalina.Lifecycle;1;2;3;0.9200;368;34;10;1;1;0.9412;6;6;11
org.apache.catalina.servlets.WebdavServlet.sendReport(HttpServletRequest, HttpServletResponse, Hashtable<String,Integer>);org.apache.catalina.servlets.WebdavStatus;2;2;0;0.9459;1461;29;24;1;1;1.0000;12;2;27
org.apache.catalina.loader.WebappClassLoader.clearReferencesStopTimerThread(Thread);org.apache.juli.logging.Log;1;0;3;0.9889;1601;58;35;2;0;0.8947;18;18;0
org.apache.catalina.core.AsyncContextImpl.setTimeout(long);org.apache.catalina.connector.Request;1;0;2;0.9412;283;23;12;1;0;0.9944;1203;127;53
org.apache.el.lang.ExpressionBuilder.visit(Node);org.apache.el.parser.Node;2;0;2;0.8462;117;7;4;1;0;0.9565;17;17;0
org.apache.tomcat.util.bcel.classfile.Attribute.readAttribute(DataInputStream, ConstantPool);org.apache.tomcat.util.bcel.classfile.ConstantPool;3;0;1;1.0000;98;6;5;1;0;0.9000;130;7;2
org.apache.el.parser.ELParserTokenManager.jjMoveStringLiteralDfa7_1(long, long);org.apache.el.parser.SimpleCharStream;0;3;2;0.8837;994;32;25;1;0;0.9818;257;26;16
org.apache.catalina.realm.CombinedRealm.startInternal();org.apache.juli.logging.Log;1;0;2;0.9375;151;12;2;1;0;0.9545;18;18;0
org.apache.jasper.compiler.Parser.parseAttributeValue(String);org.apache.jasper.compiler.ErrorDispatcher;1;0;3;0.9571;1185;55;13;2;0;0.9310;158;22;2
org.apache.catalina.mbeans.MBeanFactory.createConnector(String, String, int, boolean, boolean);org.apache.catalina.connector.Connector;1;1;0;0.9744;401;31;3;4;2;0.9294;405;53;33
org.apache.catalina.authenticator.FormAuthenticator.forwardToErrorPage(Request, HttpServletResponse, LoginConfig);org.apache.juli.logging.Log;1;0;1;1.0000;236;8;3;1;0;0.9583;18;18;0
org.apache.catalina.manager.StatusManagerServlet.doGet(HttpServletRequest, HttpServletResponse);org.apache.catalina.util.ServerInfo;0;0;5;0.5556;160;4;6;1;0;1.0000;19;4;3
org.apache.jasper.compiler.ErrorDispatcher.ErrorVisitor.doVisit(Node);org.apache.jasper.compiler.Node;1;0;2;0.5000;11;1;2;0;2;0.9286;163;7;15
org.apache.catalina.valves.ValveBase.getObjectNameKeyProperties();org.apache.catalina.mbeans.MBeanUtils;0;0;0;0;0;0;0;0;0;0;0;0;0
org.apache.coyote.http11.Http11AprProtocol.setSendfileSize(int);org.apache.tomcat.util.net.AprEndpoint;1;0;1;0.9901;387;76;26;0;1;0.9808;471;17;35
org.apache.tomcat.util.buf.C2BConverter.setByteChunk(ByteChunk);org.apache.tomcat.util.buf.IntermediateOutputStream;1;0;2;0.8571;58;8;5;0;1;0.9000;25;6;2
org.apache.naming.resources.ResourceCache.unload(String);org.apache.naming.resources.CacheEntry;1;1;2;0.8235;211;7;10;0;1;0.9231;13;2;8
org.apache.jasper.compiler.Generator.GenerateVisitor.visit(Node.ForwardAction);org.apache.jasper.compiler.Node;5;3;4;0.9028;1736;44;16;0;2;0.9545;163;7;15
org.apache.catalina.core.ApplicationFilterConfig.initFilter();org.apache.catalina.Context;0;2;2;0.8095;175;15;8;1;0;0.9930;139;139;1
org.apache.coyote.http11.filters.ChunkedInputFilter.readBytes();org.apache.coyote.InputBuffer;1;0;5;0.7368;128;9;10;1;0;0.8750;1;1;0
org.apache.catalina.ha.jmx.ClusterJmxHelper.getManagedBean(Object);org.apache.tomcat.util.modeler.ManagedBean;0;0;1;1.0000;82;7;4;1;0;0.9714;252;23;13
org.apache.catalina.core.StandardWrapper.getProcessingTime();org.apache.catalina.core.StandardWrapperValve;1;0;1;0.9907;748;76;36;0;1;0.9091;352;4;6
org.apache.coyote.ajp.AjpAprProtocol.AjpConnectionHandler.register(AjpAprProcessor);org.apache.coyote.RequestInfo;4;0;3;0.8333;82;5;4;1;1;0.9474;134;13;14
org.apache.catalina.core.StandardContext.startInternal();org.apache.catalina.util.ExtensionValidator;6;27;13;0.8904;2421;209;114;1;0;1.0000;192;6;4
org.apache.catalina.valves.ExtendedAccessLogValve.DateElement.addElement(StringBuilder, Date, Request, Response, long);org.apache.catalina.valves.ExtendedAccessLogValve.ElementTimestampStruct;1;0;2;1.0000;9;1;2;0;3;0.2500;4;0;3
org.apache.jasper.xmlparser.XMLEncodingDetector.scanXMLDecl();org.apache.jasper.xmlparser.SymbolTable;1;5;4;0.8302;798;23;29;1;0;0.9600;84;6;3
org.apache.tomcat.util.http.fileupload.FileCleaningTracker.Tracker.delete();org.apache.tomcat.util.http.fileupload.FileDeleteStrategy;0;0;2;0.5000;8;1;2;1;0;0.8571;25;4;3
org.apache.catalina.startup.ServletDefCreateRule.begin(String, String, Attributes);org.apache.tomcat.util.digester.Digester;1;0;0;1.0000;11;2;0;1;1;0.9853;849;103;29
org.apache.catalina.core.ApplicationServletRegistration.setServletSecurity(ServletSecurityElement);org.apache.catalina.deploy.SecurityCollection;2;2;2;0.8750;132;14;3;1;1;0.9375;147;14;7
org.apache.coyote.http11.Http11AprProcessor.prepareRequest();org.apache.coyote.Request;7;3;13;0.8182;954;28;36;2;5;0.9205;221;18;34
org.apache.catalina.session.JDBCStore.close(Connection);org.apache.catalina.Container;1;1;7;0.8621;495;34;23;1;0;0.9783;35;35;6
org.apache.catalina.util.ManifestResource.getAvailableExtensions(Manifest);org.apache.catalina.util.Extension;1;0;0;1.0000;100;8;7;0;6;0.6667;112;10;8
org.apache.catalina.tribes.group.interceptors.GzipInterceptor.messageReceived(ChannelMessage);org.apache.juli.logging.Log;1;1;1;1.0000;47;5;2;1;0;0.9600;18;18;0
org.apache.jasper.compiler.Parser.parseCustomTag(Node);org.apache.jasper.compiler.ErrorDispatcher;1;2;5;0.9091;1185;55;13;2;0;0.9500;158;22;2
org.apache.coyote.Response.addHeader(String, String);org.apache.tomcat.util.buf.MessageBytes;0;1;1;0.9474;250;19;18;1;0;0.9773;380;30;16
org.apache.catalina.core.ApplicationDispatcher.processRequest(ServletRequest, ServletResponse, State);org.apache.catalina.core.ApplicationFilterFactory;1;2;0;0.9130;421;14;11;0;2;1.0000;189;6;3
org.apache.catalina.connector.Request.getScheme();org.apache.tomcat.util.buf.MessageBytes;1;0;1;0.9943;1203;127;53;1;0;0.9767;380;30;16
org.apache.catalina.connector.CoyoteAdapter.asyncDispatch(org.apache.coyote.Request, org.apache.coyote.Response, SocketStatus);org.apache.catalina.connector.Connector;7;0;4;0.9744;620;12;9;1;0;0.9911;405;53;33
org.apache.catalina.ssi.SSIEcho.process(SSIMediator, String, String[], String[], PrintWriter);org.apache.catalina.ssi.SSIMediator;1;1;2;0.7500;34;2;2;2;1;0.8889;190;16;13
org.apache.catalina.connector.Request.getParameterValues(String);org.apache.tomcat.util.http.Parameters;1;1;2;0.9829;1203;127;53;1;0;0.9677;245;14;15
org.apache.catalina.valves.AccessLogValve.RemoteAddrElement.addElement(StringBuilder, Date, Request, Response, long);org.apache.catalina.connector.Request;0;0;0;1.0000;3;1;0;1;0;0.9943;1203;127;53
org.apache.catalina.core.ApplicationPart.getHeader(String);org.apache.tomcat.util.http.fileupload.DiskFileItem;1;0;1;0.9231;59;9;2;0;1;0.9677;232;17;16
org.apache.coyote.memory.MemoryProtocolHandler.ByteChunkOutputBuffer.doWrite(ByteChunk, Response);org.apache.tomcat.util.buf.ByteChunk;0;0;1;0.6667;7;1;1;2;0;0.9583;425;43;10
org.apache.catalina.connector.ResponseFacade.addDateHeader(String, long);org.apache.catalina.connector.Response;1;1;1;0.9512;224;40;2;1;0;0.9889;596;70;20
org.apache.catalina.core.ApplicationContextFacade.getInitParameter(String);org.apache.catalina.security.SecurityUtil;0;1;1;0.9672;514;57;3;1;0;1.0000;146;11;17
org.apache.coyote.RequestInfo.getRequestBytesSent();org.apache.coyote.Request;2;0;1;0.9643;134;13;14;0;1;0.9818;221;18;34
org.apache.jasper.compiler.Validator.validateXmlView(PageData, Compiler);org.apache.jasper.compiler.Compiler;2;0;0;1.0000;65;3;0;0;2;0.9130;310;11;8
org.apache.catalina.startup.Catalina.load();org.apache.catalina.Lifecycle;1;2;2;0.9063;316;16;7;0;0;1.0000;6;6;11
org.apache.jasper.compiler.Parser.parseXMLTemplateText(Node);org.apache.jasper.compiler.ErrorDispatcher;0;1;3;0.9459;1185;55;13;2;0;0.9412;158;22;2
org.apache.jasper.compiler.Generator.GenerateVisitor.visit(Node.AttributeGenerator);org.apache.jasper.compiler.ServletWriter;4;0;1;0.9844;1736;44;16;1;0;0.9524;54;12;6
org.apache.jasper.compiler.Node.Root.nextTemporaryVariableName();org.apache.jasper.Constants;1;1;2;0.8000;56;2;8;0;1;1.0000;0;0;33
org.apache.catalina.core.ApplicationContextFacade.getSessionCookieConfig();org.apache.catalina.core.ApplicationContext;1;1;1;0.9672;514;57;3;0;1;0.9859;645;60;13
org.apache.catalina.tribes.group.interceptors.FragmentationInterceptor.heartbeat();org.apache.juli.logging.Log;0;1;3;0.7857;96;7;5;2;0;0.9130;18;18;0
org.apache.coyote.http11.Http11Processor.asyncDispatch(SocketStatus);org.apache.coyote.Constants;4;1;2;0.9310;731;12;7;0;2;1.0000;0;0;14
org.apache.coyote.http11.InternalInputBuffer.InputStreamInputBuffer.doRead(ByteChunk, Request);org.apache.coyote.http11.InternalInputBuffer;0;0;0;1.0000;9;1;0;1;0;0.9091;240;5;0
org.apache.catalina.loader.WebappLoader.startInternal();org.apache.juli.logging.Log;1;5;8;0.8611;553;36;17;4;0;0.9130;18;18;0
org.apache.coyote.http11.Http11Protocol.Http11ConnectionHandler.unregister(Http11Processor);org.apache.tomcat.util.modeler.Registry;4;0;1;0.9444;105;5;5;2;0;0.9792;433;33;10
org.apache.catalina.mbeans.MBeanFactory.createStandardContext(String, String, String, boolean, boolean, boolean, boolean);org.apache.catalina.util.LifecycleBase;2;3;2;0.9348;401;31;3;1;0;0.9655;88;11;4
org.apache.tomcat.util.digester.Digester.addRuleSet(RuleSet);org.apache.juli.logging.Log;0;2;1;0.9779;849;103;29;2;0;0.9130;18;18;0
org.apache.catalina.connector.Request.setCometTimeout(long);org.apache.coyote.Request;1;0;1;0.9943;1203;127;53;1;0;0.9815;221;18;34
org.apache.catalina.core.ApplicationContext.getServletRegistrations();org.apache.catalina.core.ContainerBase;0;0;1;0.9857;645;60;13;1;0;0.9875;555;53;27
org.apache.jasper.compiler.Generator.TagHandlerPoolVisitor.createTagHandlerPoolName(String, String, Attributes, Node.Nodes, boolean);org.apache.jasper.compiler.Node.Nodes;2;0;0;1.0000;37;2;1;2;0;0.8182;43;5;3
org.apache.catalina.startup.EngineConfig.lifecycleEvent(LifecycleEvent);org.apache.catalina.LifecycleEvent;2;2;3;0.5000;17;3;3;2;0;0.8333;18;3;3
org.apache.catalina.tribes.group.GroupChannel.HeartbeatThread.run();org.apache.juli.logging.Log;0;0;4;0.5714;29;3;5;1;0;0.9545;18;18;0
org.apache.naming.NamingContext.lookup(Name, boolean);org.apache.naming.StringManager;2;1;5;0.9000;282;32;6;1;0;0.9167;50;3;3
org.apache.catalina.tribes.tipis.AbstractReplicatedMap.MapMessage.getKey();org.apache.juli.logging.Log;1;1;0;0.9583;159;12;20;1;0;0.9474;18;18;0
org.apache.catalina.core.StandardEngineValve.invoke(Request, Response);org.apache.catalina.Valve;1;0;1;1.0000;20;3;2;1;0;0.9333;7;7;0
org.apache.catalina.connector.Request.getHeaderNames();org.apache.tomcat.util.http.MimeHeaders;1;0;1;0.9943;1203;127;53;1;0;0.9565;129;18;3
org.apache.tomcat.util.buf.MessageBytes.indexOf(char, int);org.apache.tomcat.util.buf.CharChunk;0;0;7;0.9048;380;30;16;1;0;0.9811;393;39;8
org.apache.el.parser.ELParserTokenManager.jjMoveStringLiteralDfa9_1(long, long);org.apache.el.parser.SimpleCharStream;0;3;2;0.8837;994;32;25;1;0;0.9818;257;26;16
org.apache.jasper.compiler.Generator.GenerateVisitor.visit(Node.PlugIn);org.apache.jasper.compiler.Node.ParamAction;10;3;1;0.9481;1736;44;16;0;1;0.9600;15;1;1
org.apache.jasper.compiler.Generator.ScriptingVarVisitor.visit(Node.CustomTag);org.apache.jasper.compiler.ServletWriter;3;0;0;1.0000;46;1;1;3;0;0.8636;54;12;6
org.apache.catalina.core.StandardContext.addConstraint(SecurityConstraint);org.apache.tomcat.util.res.StringManager;1;2;2;0.9877;2421;209;114;1;0;0.9231;52;3;3
org.apache.catalina.startup.TldConfig.tldScanResourcePaths(String);org.apache.catalina.Context;1;2;5;0.9167;291;15;15;1;0;0.9931;139;139;1
org.apache.catalina.startup.UserConfig.deploy(String, String);org.apache.juli.logging.Log;1;0;5;0.8261;87;10;8;2;0;0.9286;18;18;0
org.apache.jasper.compiler.Collector.CollectVisitor.visit(Node.IncludeAction);org.apache.jasper.compiler.Node.IncludeAction;2;0;2;0.9130;114;15;6;0;1;0.8750;15;1;1
org.apache.coyote.http11.Http11AprProtocol.Http11ConnectionHandler.asyncDispatch(long, SocketStatus);org.apache.tomcat.util.net.AbstractEndpoint.Handler;0;0;0;0;0;0;0;0;0;0;0;0;0
org.apache.jasper.util.JspQueue.pop();org.apache.jasper.util.Entry;0;0;0;0;0;0;0;0;0;0;0;0;0
org.apache.catalina.tribes.membership.McastService.getLocalMember(boolean);org.apache.catalina.tribes.membership.MemberImpl;1;0;2;0.9692;353;55;13;0;1;0.9762;300;29;19
org.apache.tomcat.util.net.AprEndpoint.Sendfile.destroy();org.apache.tomcat.jni.Socket;2;0;5;0.5833;187;5;6;1;0;1.0000;37;37;34
org.apache.catalina.tribes.membership.McastServiceImpl.send(boolean, DatagramPacket);org.apache.juli.logging.Log;0;1;6;0.8571;309;12;28;2;0;0.9231;18;18;0
org.apache.catalina.core.StandardHostValve.invoke(Request, Response);org.apache.catalina.connector.Request;1;2;1;0.9000;160;7;3;5;0;0.9730;1203;127;53
org.apache.jasper.compiler.Node.CustomTag.hasEmptyBody();org.apache.jasper.compiler.Node.Nodes;0;0;0;1.0000;218;9;26;2;0;0.8182;43;5;3
org.apache.coyote.http11.InternalAprOutputBuffer.sendAck();org.apache.tomcat.util.res.StringManager;1;0;3;0.9474;235;24;13;1;0;0.8571;52;3;3
org.apache.catalina.realm.RealmBase.hasResourcePermission(Request, Response, SecurityConstraint[], Context);org.apache.catalina.connector.Response;1;1;3;0.9701;672;37;22;1;0;0.9905;596;70;20
org.apache.catalina.ha.session.DeltaManager.sendCreateSession(String, DeltaSession);org.apache.catalina.ha.ClusterMessage;2;1;5;0.9512;822;41;40;1;0;0.9286;6;6;0
org.apache.catalina.core.ApplicationContextFacade.createServlet(Class<T>);org.apache.catalina.core.ApplicationContext;0;1;1;0.9672;514;57;3;1;0;0.9859;645;60;13
org.apache.naming.resources.ResourceCache.removeCache(String);org.apache.naming.resources.CacheEntry;1;1;1;0.9412;211;7;10;0;1;0.9091;13;2;8
org.apache.catalina.connector.ResponseFacade.encodeURL(String);org.apache.tomcat.util.res.StringManager;0;0;2;0.9762;224;40;2;1;0;0.8571;52;3;3
org.apache.coyote.http11.Http11AprProcessor.action(ActionCode, Object);org.apache.coyote.http11.InternalAprOutputBuffer;10;1;19;0.7978;954;28;36;5;0;0.9359;235;24;13
org.apache.catalina.mbeans.ServerLifecycleListener.createMBeans(Engine);org.apache.catalina.core.ContainerBase;0;1;1;0.9730;563;31;2;1;0;0.9881;555;53;27
org.apache.coyote.http11.Http11NioProtocol.setPollerThreadCount(int);org.apache.tomcat.util.net.NioEndpoint;1;0;0;1.0000;97;17;3;0;1;0.9762;362;19;26
org.apache.catalina.servlets.DefaultServlet.getReadme(DirContext);org.apache.naming.resources.Resource;0;1;2;0.9400;1001;37;20;1;0;0.8889;23;1;2
org.apache.catalina.core.StandardWrapperValve.event(Request, Response, CometEvent);org.apache.catalina.Globals;3;1;4;0.8710;352;4;6;0;1;1.0000;0;0;39
org.apache.coyote.http11.AbstractHttp11Protocol.getKeepAliveTimeout();org.apache.tomcat.util.net.AbstractEndpoint;1;0;1;0.9909;382;89;22;0;1;0.9859;397;29;69
org.apache.el.parser.ELParser.jj_3R_35();org.apache.el.parser.ELParserConstants;1;2;0;0.9850;2270;112;22;0;1;0.9828;0;0;56
org.apache.catalina.startup.WebAnnotationSet.loadClassAnnotation(Context, String);org.apache.catalina.Loader;0;1;0;1.0000;125;6;0;1;0;0.9375;14;14;0
org.apache.catalina.servlets.DefaultServlet.getRelativePath(HttpServletRequest);org.apache.catalina.Globals;1;0;0;1.0000;1001;37;20;0;3;1.0000;0;0;39
org.apache.coyote.http11.Http11AprProcessor.recycle();org.apache.coyote.http11.InternalAprInputBuffer;0;0;3;0.9531;954;28;36;1;0;0.9688;358;13;15
org.apache.catalina.session.StandardSession.expire(boolean);org.apache.juli.logging.Log;2;5;8;0.8778;585;58;24;1;0;0.9767;18;18;0
org.apache.catalina.tribes.group.interceptors.NonBlockingCoordinator.handleViewConf(CoordinationMessage, Member, Membership);org.apache.catalina.tribes.group.AbsoluteOrder;1;5;5;0.8113;352;38;15;0;1;1.0000;7;1;1
org.apache.tomcat.util.net.AbstractEndpoint.getSoLinger();org.apache.tomcat.util.net.SocketProperties;0;0;1;0.9857;397;29;69;1;0;0.9808;162;28;23
org.apache.coyote.RequestGroupInfo.getErrorCount();org.apache.coyote.RequestInfo;1;0;2;0.9091;112;15;7;0;1;0.9655;134;13;14
org.apache.catalina.manager.ManagerServlet.sessions(PrintWriter, String, int);org.apache.catalina.util.RequestUtil;1;0;3;0.9600;924;35;13;1;0;1.0000;189;13;3
org.apache.jasper.servlet.JspServletWrapper.handleJspException(Exception);org.apache.jasper.compiler.Compiler;4;1;2;0.9091;314;11;15;0;1;0.9630;310;11;8
org.apache.catalina.tribes.group.interceptors.NonBlockingCoordinator.startElection(boolean);org.apache.catalina.tribes.membership.Membership;1;5;8;0.7547;352;38;15;1;0;0.9730;137;11;6
org.apache.jasper.compiler.Generator.GenerateVisitor.visit(Node.ELExpression);org.apache.jasper.compiler.ELNode.Nodes;6;0;2;0.9710;1736;44;16;0;1;0.9474;35;5;2
org.apache.coyote.ajp.AjpMessage.appendByteChunk(ByteChunk);org.apache.juli.logging.Log;1;3;2;0.8966;235;23;5;1;0;0.9600;18;18;0
org.apache.catalina.ha.tcp.SimpleTcpCluster.setProperty(String, Object);org.apache.juli.logging.Log;1;0;3;0.9839;368;43;29;3;0;0.8421;18;18;0
org.apache.jasper.compiler.JspUtil.interpreterCall(boolean, String, Class<?>, String, boolean);org.apache.jasper.compiler.Generator;0;2;0;1.0000;608;37;6;1;0;1.0000;782;28;18
org.apache.catalina.tribes.membership.McastService.start(int);org.apache.catalina.tribes.membership.McastServiceImpl;2;1;6;0.9221;353;55;13;1;3;0.9273;309;12;28
org.apache.catalina.ha.context.ReplicatedContext.stopInternal();org.apache.catalina.tribes.tipis.AbstractReplicatedMap;0;0;0;1.0000;60;5;3;1;0;0.9853;741;50;17
org.apache.catalina.servlets.DefaultServlet.serveResource(HttpServletRequest, HttpServletResponse, boolean);org.apache.naming.resources.ProxyDirContext;4;11;8;0.7419;1001;37;20;1;0;0.9905;469;64;15
org.apache.catalina.core.NamingContextListener.addResource(ContextResource);org.apache.juli.logging.Log;2;1;4;0.9070;745;23;11;4;0;0.8667;18;18;0
org.apache.catalina.session.PersistentManagerBase.processExpires();org.apache.juli.logging.Log;0;3;2;0.9091;421;30;12;2;0;0.9231;18;18;0
org.apache.jasper.compiler.Generator.GenerateVisitor.ParamVisitor.visit(Node.ParamAction);org.apache.jasper.compiler.ServletWriter;5;0;0;1.0000;17;1;1;1;1;0.9048;54;12;6
org.apache.catalina.realm.MemoryRealm.getDigester();org.apache.tomcat.util.res.StringManager;1;0;2;1.0000;94;7;6;1;0;0.8889;52;3;3
org.apache.catalina.connector.RequestFacade.getReader();org.apache.tomcat.util.res.StringManager;0;0;2;0.9859;450;69;2;1;0;0.8571;52;3;3
org.apache.catalina.manager.ManagerServlet.list(PrintWriter);org.apache.catalina.Manager;1;0;3;0.9608;924;35;13;1;0;0.9767;35;35;0
org.apache.jasper.xmlparser.XMLEncodingDetector.createReader(InputStream, String, Boolean);org.apache.jasper.xmlparser.XMLChar;1;0;3;0.9362;798;23;29;2;0;1.0000;115;21;9
org.apache.tomcat.util.scan.StandardJarScanner.process(JarScannerCallback, URL);org.apache.juli.logging.Log;2;0;4;0.7778;119;3;6;2;0;0.9091;18;18;0
org.apache.catalina.ssi.ExpressionParseTree.StringNode.getValue();org.apache.catalina.ssi.SSIMediator;1;0;2;0.7143;13;3;2;1;0;0.9655;190;16;13
org.apache.coyote.ajp.AjpMessage.appendBytes(byte[], int, int);org.apache.juli.logging.Log;1;3;4;0.8077;235;23;5;2;0;0.9130;18;18;0
org.apache.catalina.core.AprLifecycleListener.lifecycleEvent(LifecycleEvent);org.apache.catalina.LifecycleEvent;1;3;3;1.0000;111;7;14;1;0;0.9000;18;3;3
org.apache.jasper.tagplugins.jstl.core.Remove.doTag(TagPluginContext);org.apache.jasper.tagplugins.jstl.Util;0;0;0;1.0000;11;1;0;1;0;1.0000;110;6;4
org.apache.catalina.tribes.io.BufferPool15Impl.returnBuffer(XByteBuffer);org.apache.catalina.tribes.io.XByteBuffer;0;0;3;0.5000;25;3;3;1;0;0.9630;317;36;7
org.apache.el.parser.AstIdentifier.setValue(EvaluationContext, Object);org.apache.el.lang.EvaluationContext;1;0;0;1.0000;93;7;0;3;2;0.5833;35;7;3
org.apache.catalina.tribes.membership.McastServiceImpl.RecoveryThread.startService();org.apache.catalina.tribes.Channel;2;0;1;0.8571;58;4;2;0;2;1.0000;15;15;13
org.apache.catalina.authenticator.AuthenticatorBase.register(Request, HttpServletResponse, Principal, String, String, String);org.apache.juli.logging.Log;3;1;4;0.9200;293;17;18;2;0;0.9524;18;18;0
org.apache.catalina.ha.deploy.FarmWarDeployer.start();org.apache.catalina.ha.CatalinaCluster;0;0;11;0.8077;376;28;17;1;0;0.9744;20;20;1
org.apache.naming.NamingContext.unbind(Name);org.apache.naming.StringManager;2;1;2;0.9487;282;32;6;1;0;0.8889;50;3;3
org.apache.catalina.ha.session.SimpleTcpReplicationManager.requestCompleted(String);org.apache.catalina.ha.session.ReplicatedSession;2;1;5;0.8750;356;17;15;0;2;0.9394;122;16;4
org.apache.jasper.compiler.TagFileProcessor.loadTagFile(Compiler, String, TagInfo, PageInfo);org.apache.jasper.JspCompilationContext;3;0;1;0.9583;94;4;1;4;7;0.8472;426;31;31
org.apache.catalina.manager.ManagerServlet.deploy(PrintWriter, String, String, boolean, HttpServletRequest);org.apache.catalina.Container;1;9;5;0.7391;924;35;13;1;0;0.9792;35;35;6
org.apache.catalina.ha.session.DeltaManager.createSession(String, boolean);org.apache.catalina.session.StandardSession;1;1;4;0.9639;822;41;40;1;0;0.9881;585;58;24
org.apache.tomcat.util.http.ValuesEnumerator.nextElement();org.apache.tomcat.util.buf.MessageBytes;0;1;1;0.7778;26;3;5;1;0;0.9767;380;30;16
org.apache.catalina.connector.MapperListener.init();org.apache.catalina.Lifecycle;0;4;3;0.6250;300;10;6;0;0;1.0000;6;6;11
org.apache.catalina.connector.RequestFacade.GetLocalesPrivilegedAction.run();org.apache.catalina.connector.RequestFacade;1;0;0;1.0000;3;1;0;0;1;0.9859;450;69;2
org.apache.tomcat.util.bcel.classfile.Code.copy(ConstantPool);org.apache.tomcat.util.bcel.classfile.CodeException;0;0;5;0.7826;109;10;8;1;0;0.9444;36;4;4
org.apache.jasper.compiler.ParserController.doParse(String, Node, JarResource);org.apache.jasper.compiler.Parser;1;4;12;0.4074;281;12;13;1;0;1.0000;1185;55;13
org.apache.coyote.ajp.AjpAprProcessor.read(int);org.apache.tomcat.util.res.StringManager;0;0;3;0.9487;623;13;30;1;0;0.8571;52;3;3
org.apache.jasper.compiler.Generator.ScriptingVarVisitor.visit(Node.CustomTag);org.apache.jasper.compiler.Generator;3;0;0;1.0000;46;1;1;0;1;0.9783;782;28;18
org.apache.catalina.ha.tcp.ReplicationValve.registerReplicationSession(DeltaSession);org.apache.catalina.Container;1;0;3;0.9722;278;16;17;1;0;0.9756;35;35;6
org.apache.jasper.compiler.Validator.ValidateVisitor.FVVisitor.visit(ELNode.Function);org.apache.jasper.compiler.ELNode.Function;4;0;0;1.0000;33;1;1;0;4;0.7500;37;1;6
org.apache.coyote.ajp.AjpMessage.getBytes(MessageBytes);org.apache.tomcat.util.buf.CharChunk;1;1;2;0.8929;235;23;5;1;0;0.9815;393;39;8
org.apache.el.parser.AstDiv.getValue(EvaluationContext);org.apache.el.lang.ELArithmetic;0;0;0;1.0000;8;1;0;1;0;1.0000;96;16;5
org.apache.coyote.http11.Http11AprProcessor.prepareRequest();org.apache.tomcat.util.net.AprEndpoint;7;3;13;0.8182;954;28;36;0;1;0.9891;471;17;35
org.apache.coyote.http11.Http11AprProtocol.Http11ConnectionHandler.unregister(Http11AprProcessor);org.apache.coyote.Request;4;0;1;0.9444;119;5;5;0;1;0.9839;221;18;34
org.apache.jasper.compiler.JspDocumentParser.parseCustomAction(String, String, String, Attributes, Attributes, Attributes, Mark, Node);org.apache.jasper.JspCompilationContext;0;1;2;0.9318;663;28;20;1;0;0.9846;426;31;31
org.apache.catalina.core.ApplicationHttpRequest.getSession(boolean);org.apache.catalina.Manager;0;0;3;0.9388;327;29;17;2;0;0.9524;35;35;0
org.apache.catalina.servlets.WebdavServlet.LockInfo.toXML(XMLWriter);org.apache.catalina.util.XMLWriter;2;0;6;0.6000;53;4;8;2;3;0.9000;79;10;5
org.apache.catalina.startup.SetContextPropertiesRule.begin(String, String, Attributes);org.apache.juli.logging.Log;2;0;0;1.0000;15;1;0;1;0;0.9583;18;18;0
org.apache.coyote.ajp.AjpProtocol.pause();org.apache.tomcat.util.res.StringManager;1;1;3;0.9608;201;32;16;1;0;0.9091;52;3;3
org.apache.catalina.ha.tcp.SimpleTcpCluster.stopInternal();org.apache.catalina.ha.ClusterDeployer;0;1;5;0.9242;368;43;29;2;0;0.8889;7;7;1
org.apache.catalina.authenticator.SingleSignOn.sessionEvent(SessionEvent);org.apache.juli.logging.Log;1;2;1;0.8696;164;12;6;2;0;0.9231;18;18;0
org.apache.catalina.ha.session.DeltaManager.deserializeSessions(byte[]);org.apache.juli.logging.Log;3;1;3;0.9783;822;41;40;3;0;0.9063;18;18;0
org.apache.tomcat.util.IntrospectionUtils.callMethod1(Object, String, Object, String, ClassLoader);org.apache.juli.logging.Log;1;0;1;1.0000;595;31;4;2;0;0.8889;18;18;0
org.apache.jasper.compiler.Validator.ValidateVisitor.visit(Node.JspOutput);org.apache.jasper.compiler.JspUtil;2;0;3;0.9592;735;37;19;1;0;1.0000;608;37;6
org.apache.catalina.startup.HostConfig.createDigester();org.apache.tomcat.util.digester.Digester;1;0;0;1.0000;793;36;16;2;1;0.9774;849;103;29
org.apache.jasper.servlet.JspServletWrapper.service(HttpServletRequest, HttpServletResponse, boolean);org.apache.jasper.JspCompilationContext;0;2;7;0.7000;314;11;15;2;0;0.9718;426;31;31
org.apache.catalina.startup.TldConfig.tldScanStream(InputStream);org.apache.tomcat.util.digester.Digester;0;0;1;0.9565;291;15;15;3;0;0.9776;849;103;29
org.apache.jasper.compiler.Parser.parseOptionalBody(Node, String, String);org.apache.jasper.compiler.ErrorDispatcher;0;2;2;0.9403;1185;55;13;1;0;0.9643;158;22;2
org.apache.jasper.compiler.ParserController.getJspConfigPageEncoding(String);org.apache.jasper.Options;2;0;1;0.9643;281;12;13;1;0;0.9697;29;29;0
org.apache.catalina.session.StandardSession.passivate();org.apache.juli.logging.Log;1;3;3;0.9367;585;58;24;1;0;0.9615;18;18;0
org.apache.catalina.mbeans.ServerLifecycleListener.processContainerRemoveChild(Container, Container);org.apache.catalina.Globals;1;2;1;0.9459;563;31;2;0;2;1.0000;0;0;39
org.apache.catalina.connector.Request.recycle();org.apache.catalina.connector.CometEventImpl;3;0;38;0.7923;1203;127;53;1;0;0.9828;54;6;5
org.apache.catalina.tribes.group.ChannelCoordinator.getLocalMember(boolean);org.apache.catalina.tribes.MembershipService;0;0;1;0.9545;164;15;5;1;0;0.9444;17;17;2
org.apache.jasper.compiler.Compiler.setupContextWriter(String);org.apache.jasper.Options;1;0;2;0.9091;310;11;8;1;0;0.9706;29;29;0
org.apache.tomcat.util.net.AprEndpoint.setSocketOptions(long);org.apache.tomcat.util.net.SocketProperties;1;0;2;0.9831;471;17;35;4;0;0.9298;162;28;23
org.apache.catalina.connector.RequestFacade.GetHeaderNamesPrivilegedAction.run();org.apache.catalina.connector.RequestFacade;1;0;0;1.0000;3;1;0;0;1;0.9859;450;69;2
org.apache.jasper.compiler.JspConfig.getVersion(TreeNode);org.apache.jasper.xmlparser.TreeNode;0;0;0;1.0000;304;6;13;1;0;0.9500;109;13;5
org.apache.catalina.core.ApplicationContext.addListener(String);org.apache.catalina.core.StandardContext;2;1;2;0.9714;645;60;13;0;1;0.9969;2421;209;114
org.apache.catalina.tribes.group.interceptors.MessageDispatchInterceptor.sendAsyncData(LinkObject);org.apache.catalina.tribes.transport.bio.util.LinkObject;2;1;1;0.9688;138;12;8;1;3;0.7647;31;1;5
org.apache.catalina.tribes.tipis.AbstractReplicatedMap.init(MapOwner, Channel, String, long, int, ClassLoader[]);org.apache.juli.logging.Log;0;2;10;0.8451;741;50;17;5;0;0.8387;18;18;0
org.apache.catalina.session.StandardSession.getLastAccessedTime();org.apache.tomcat.util.res.StringManager;0;1;2;0.9737;585;58;24;1;0;0.8571;52;3;3
org.apache.coyote.ajp.AjpAprProcessor.asyncDispatch(long, SocketStatus);org.apache.coyote.Constants;0;0;0;0;0;0;0;0;0;0;0;0;0
org.apache.tomcat.util.net.NioChannel.flush(boolean, Selector, long, MutableInteger);org.apache.tomcat.util.MutableInteger;1;0;0;1.0000;83;15;5;0;1;0.5000;11;0;1
org.apache.catalina.realm.DataSourceRealm.open();org.apache.juli.logging.Log;0;0;2;0.9231;244;13;11;1;0;0.9583;18;18;0
org.apache.coyote.http11.Http11NioProcessor.prepareRequest();org.apache.tomcat.util.net.NioEndpoint;7;3;4;0.8814;840;14;11;0;1;0.9878;362;19;26
org.apache.jasper.compiler.BeanRepository.addBean(Node.UseBean, String, String, String);org.apache.jasper.compiler.ErrorDispatcher;0;0;2;0.7143;24;3;3;1;0;0.9565;158;22;2
org.apache.catalina.tribes.group.interceptors.NonBlockingCoordinator.createElectionMsg(MemberImpl, MemberImpl[], MemberImpl);org.apache.catalina.tribes.group.AbsoluteOrder;1;0;1;1.0000;352;38;15;0;1;1.0000;7;1;1
org.apache.tomcat.util.net.AbstractEndpoint.setProperty(String, String);org.apache.tomcat.util.IntrospectionUtils;0;0;2;0.9857;397;29;69;2;0;1.0000;595;31;4
org.apache.catalina.mbeans.MBeanUtils.destroyMBean(Connector, Service);org.apache.catalina.Container;1;1;1;1.0000;706;52;4;1;0;0.9762;35;35;6
org.apache.coyote.http11.Http11NioProcessor.process(NioChannel);org.apache.coyote.Response;14;4;8;0.8358;840;14;11;0;2;0.9775;250;19;18
org.apache.catalina.realm.JNDIRealm.compareCredentials(DirContext, User, String);org.apache.tomcat.util.buf.CharChunk;2;0;0;1.0000;742;44;32;0;1;0.9821;393;39;8
org.apache.catalina.tribes.group.interceptors.NonBlockingCoordinator.hasHigherPriority(Member[], Member[]);org.apache.catalina.tribes.group.AbsoluteOrder.AbsoluteComparator;1;0;0;1.0000;352;38;15;1;0;0.8571;45;7;0
org.apache.jasper.compiler.Generator.compileTagHandlerPoolList(Node.Nodes);org.apache.jasper.compiler.JspUtil;4;0;1;0.9796;782;28;18;1;0;1.0000;608;37;6
org.apache.catalina.startup.Tomcat.stop();org.apache.catalina.Lifecycle;0;1;1;0.9412;253;24;14;1;0;0.8750;6;6;11
org.apache.coyote.ajp.AjpProtocol.AjpConnectionHandler.register(AjpProcessor);org.apache.coyote.ajp.AjpProcessor;4;0;3;0.8421;90;5;5;0;1;0.9811;659;13;32
org.apache.catalina.core.StandardWrapperValve.invoke(Request, Response);org.apache.catalina.Context;4;1;5;0.8936;352;4;6;2;0;0.9889;139;139;1
org.apache.jasper.compiler.Generator.GenerateVisitor.visit(Node.Scriptlet);org.apache.jasper.compiler.Node;2;0;1;0.9846;1736;44;16;0;2;0.9355;163;7;15
org.apache.catalina.servlets.WebdavServlet.doMkcol(HttpServletRequest, HttpServletResponse);org.apache.catalina.servlets.WebdavStatus;1;4;1;0.8649;1461;29;24;1;7;1.0000;12;2;27
org.apache.catalina.tribes.tipis.AbstractReplicatedMap.MapMessage.getKey();org.apache.catalina.tribes.tipis.AbstractReplicatedMap;1;1;0;0.9583;159;12;20;0;1;1.0000;741;50;17
org.apache.catalina.ha.tcp.SimpleTcpCluster.startInternal();org.apache.catalina.ha.jmx.ClusterJmxHelper;0;2;4;0.9254;368;43;29;1;0;1.0000;82;7;4
org.apache.catalina.session.StandardManager.load();org.apache.catalina.security.SecurityUtil;0;1;1;0.9091;304;16;7;1;0;1.0000;146;11;17
org.apache.catalina.core.JasperListener.lifecycleEvent(LifecycleEvent);org.apache.catalina.Lifecycle;1;0;1;1.0000;10;1;2;0;1;1.0000;6;6;11
org.apache.catalina.connector.Request.login(String, String);org.apache.tomcat.util.res.StringManager;1;4;2;0.9722;1203;127;53;1;0;0.9375;52;3;3
org.apache.coyote.Request.getHeader(String);org.apache.tomcat.util.http.MimeHeaders;0;0;1;0.9811;221;18;34;1;0;0.9545;129;18;3
org.apache.catalina.loader.WebappClassLoader.validateJarFile(File);org.apache.juli.logging.Log;0;0;3;0.9890;1601;58;35;3;0;0.8421;18;18;0
org.apache.jasper.compiler.Compiler.generateJava();org.apache.jasper.compiler.JspConfig.JspProperty;12;1;7;0.8621;310;11;8;0;9;0.8235;46;0;11
org.apache.catalina.tribes.membership.McastServiceImpl.memberDataReceived(byte[]);org.apache.catalina.tribes.membership.Membership;2;0;3;0.9556;309;12;28;2;0;0.9259;137;11;6
org.apache.tomcat.util.net.AprEndpoint.Poller.add(long);org.apache.tomcat.util.net.AprEndpoint;0;0;3;0.7273;168;4;7;1;0;0.9815;471;17;35
org.apache.catalina.ha.session.DeltaManager.handleGET_ALL_SESSIONS(SessionMessage, Member);org.apache.catalina.ha.CatalinaCluster;2;1;9;0.9024;822;41;40;1;0;0.9697;20;20;1
org.apache.catalina.connector.Request.getContextPathMB();org.apache.tomcat.util.http.mapper.MappingData;1;0;1;0.9943;1203;127;53;0;1;0.9091;11;1;9
org.apache.catalina.authenticator.AuthenticatorBase.invoke(Request, Response);org.apache.catalina.Session;2;1;6;0.9020;293;17;18;2;0;0.9655;32;32;4
org.apache.coyote.http11.Http11NioProtocol.getPollerThreadCount();org.apache.tomcat.util.net.NioEndpoint;1;0;0;1.0000;97;17;3;0;1;0.9762;362;19;26
org.apache.el.parser.ELParser.jj_3R_63();org.apache.el.parser.ELParserConstants;1;1;0;0.9925;2270;112;22;0;1;0.9825;0;0;56
org.apache.jasper.compiler.Node.ParamsAction.accept(Visitor);org.apache.jasper.compiler.Node.Visitor;0;0;0;1.0000;9;1;0;1;0;0.9714;126;35;0
org.apache.catalina.connector.ResponseFacade.isFinished();org.apache.catalina.connector.Response;0;0;2;0.9762;224;40;2;1;0;0.9889;596;70;20
org.apache.catalina.connector.RequestFacade.getServerName();org.apache.tomcat.util.res.StringManager;0;0;2;0.9859;450;69;2;1;0;0.8571;52;3;3
org.apache.catalina.core.ApplicationSessionCookieConfig.getConfiguredSessionCookieName(Context);org.apache.catalina.Context;0;0;0;0;0;0;0;0;0;0;0;0;0
org.apache.catalina.connector.Response.getStatus();org.apache.coyote.Response;1;0;1;0.9886;596;70;20;0;1;0.9737;250;19;18
org.apache.jasper.compiler.TagPluginManager.TagPluginContextImpl.dontUseTagPlugin();org.apache.jasper.compiler.Node.CustomTag;1;0;1;0.9500;72;15;4;0;1;0.9750;218;9;26
org.apache.el.parser.ELParserTokenManager.jjMoveStringLiteralDfa1_1(long);org.apache.el.parser.SimpleCharStream;0;5;2;0.8372;994;32;25;1;0;0.9825;257;26;16
org.apache.catalina.startup.HostConfig.start();org.apache.tomcat.util.modeler.Registry;1;3;4;0.9123;793;36;16;2;0;0.9811;433;33;10
org.apache.catalina.startup.Tomcat.start();org.apache.catalina.Lifecycle;0;2;1;0.9143;253;24;14;1;0;0.9000;6;6;11
org.apache.catalina.connector.OutputBuffer.write(char, int, int);org.apache.tomcat.util.buf.C2BConverter;1;0;3;0.9250;207;25;15;1;0;0.9412;58;8;5
org.apache.catalina.core.ApplicationJspPropertyGroupDescriptor.getDeferredSyntaxAllowedAsLiteral();org.apache.catalina.deploy.JspPropertyGroup;1;0;1;0.9231;79;12;1;0;1;0.9545;72;9;12
org.apache.coyote.http11.AbstractHttp11Protocol.getKeystoreProvider();org.apache.tomcat.util.net.AbstractEndpoint;1;0;1;0.9909;382;89;22;0;1;0.9859;397;29;69
org.apache.catalina.realm.JNDIRealm.authenticate(DirContext, String, String);org.apache.tomcat.util.res.StringManager;0;4;2;0.9221;742;44;32;1;0;0.9333;52;3;3
org.apache.jasper.compiler.Generator.GenerateVisitor.visit(Node.JspElement);org.apache.jasper.compiler.ServletWriter;6;0;1;0.9867;1736;44;16;3;1;0.8621;54;12;6
org.apache.catalina.session.ManagerBase.getSession(String);org.apache.catalina.Session;0;1;2;0.9659;518;58;32;1;0;0.9730;32;32;4
org.apache.coyote.http11.Http11Processor.asyncDispatch(SocketStatus);org.apache.tomcat.util.res.StringManager;4;1;2;0.9310;731;12;7;1;0;0.9412;52;3;3
org.apache.jasper.compiler.Generator.GenerateVisitor.visit(Node.TemplateText);org.apache.jasper.compiler.Generator;6;0;3;0.9605;1736;44;16;2;3;0.9455;782;28;18
org.apache.catalina.manager.ManagerServlet.deploy(PrintWriter, String, String);org.apache.catalina.Context;1;8;3;0.8043;924;35;13;1;0;0.9933;139;139;1
org.apache.tomcat.util.bcel.classfile.SimpleElementValue.stringifyValue();org.apache.tomcat.util.bcel.classfile.ConstantUtf8;6;0;1;0.9167;62;3;1;0;1;0.9167;14;2;1
org.apache.coyote.memory.MemoryProtocolHandler.process(Request, ByteChunk, Response, ByteChunk);org.apache.coyote.Response;2;0;1;0.9231;31;10;1;0;1;0.9750;250;19;18
org.apache.catalina.connector.Response.getOutputStream();org.apache.tomcat.util.res.StringManager;0;0;5;0.9545;596;70;20;1;0;0.8889;52;3;3
org.apache.jasper.compiler.AntCompiler.generateClass(String[]);org.apache.juli.logging.Log;2;2;4;0.8333;158;3;4;4;0;0.9091;18;18;0
org.apache.catalina.servlets.DefaultServlet.parseRange(HttpServletRequest, HttpServletResponse, ResourceAttributes);org.apache.naming.resources.ResourceAttributes;0;0;1;1.0000;1001;37;20;3;0;0.9362;515;30;30
org.apache.catalina.mbeans.ServerLifecycleListener.createMBeans(Host);org.apache.catalina.Container;0;1;1;0.9737;563;31;2;4;0;0.8974;35;35;6
org.apache.jasper.compiler.CompilationUnit.getContents();org.apache.jasper.compiler.Compiler;4;0;0;1.0000;52;4;2;0;1;0.9565;310;11;8
org.apache.catalina.core.StandardContext.validateFilterMap(FilterMap);org.apache.tomcat.util.res.StringManager;2;2;0;0.9939;2421;209;114;1;0;0.9167;52;3;3
org.apache.catalina.connector.RequestFacade.getCharacterEncoding();org.apache.tomcat.util.res.StringManager;1;0;2;0.9859;450;69;2;1;0;0.8571;52;3;3
org.apache.tomcat.util.bcel.classfile.PMGClass.getPMGClassName();org.apache.tomcat.util.bcel.classfile.ConstantPool;2;0;1;0.9091;27;5;2;1;0;0.9167;130;7;2
org.apache.catalina.core.ApplicationFilterConfig.release();org.apache.catalina.security.SecurityUtil;2;1;2;0.8800;175;15;8;2;0;1.0000;146;11;17
org.apache.catalina.startup.ContextConfig.processJarsForWebFragments();org.apache.tomcat.JarScanner;0;0;1;0.9800;1103;37;18;1;0;0.8571;1;1;0
org.apache.coyote.http11.Http11Processor.prepareResponse();org.apache.tomcat.util.http.FastHttpDateFormat;6;0;1;0.9804;731;12;7;1;0;1.0000;85;6;8
org.apache.jasper.compiler.Validator.ValidateVisitor.isExpression(Node, String, boolean);org.apache.jasper.compiler.Node.Root;3;0;1;0.9787;735;37;19;0;1;0.9412;56;2;8
org.apache.catalina.valves.ExtendedAccessLogValve.RequestParameterElement.addElement(StringBuilder, Date, Request, Response, long);org.apache.catalina.valves.ExtendedAccessLogValve;0;1;1;0.5000;12;2;1;1;0;0.9231;367;10;2
org.apache.coyote.ajp.AjpProcessor.SocketInputBuffer.doRead(ByteChunk, Request);org.apache.tomcat.util.buf.ByteChunk;3;0;0;1.0000;19;1;0;2;2;0.9273;425;43;10
org.apache.naming.factory.ResourceFactory.getObjectInstance(Object, Name, Context, Hashtable<?,?>);org.apache.naming.factory.Constants;1;0;0;1.0000;74;1;0;0;2;1.0000;0;0;12
org.apache.tomcat.util.net.AprEndpoint.Poller.run();org.apache.tomcat.jni.Status;4;2;6;0.6000;168;4;7;0;4;1.0000;160;54;59
org.apache.coyote.http11.Http11Processor.asyncDispatch(SocketStatus);org.apache.juli.logging.Log;4;1;2;0.9310;731;12;7;1;0;0.9667;18;18;0
org.apache.catalina.deploy.WebXml.merge(Set<WebXml>);org.apache.catalina.deploy.LoginConfig;2;11;30;0.5930;1536;45;42;1;0;0.9844;85;9;5
org.apache.catalina.startup.ClassLoaderFactory.createClassLoader(File, File, ClassLoader);org.apache.juli.logging.Log;0;0;1;1.0000;88;2;5;2;0;0.8889;18;18;0
org.apache.jasper.compiler.Parser.parseElement(Node);org.apache.jasper.compiler.JspReader;0;2;2;0.9375;1185;55;13;1;0;0.9737;304;23;9
org.apache.jasper.xmlparser.XMLEncodingDetector.scanXMLDecl();org.apache.jasper.xmlparser.XMLStringBuffer;1;5;4;0.8302;798;23;29;3;0;0.8750;61;5;1
org.apache.catalina.tribes.group.ChannelCoordinator.internalStart(int);org.apache.catalina.tribes.ChannelReceiver;3;0;4;0.8750;164;15;5;6;0;0.6471;8;8;1
org.apache.catalina.core.StandardPipeline.startInternal();org.apache.catalina.Lifecycle;0;1;2;0.8696;233;15;5;1;0;0.9091;6;6;11
org.apache.catalina.mbeans.UserMBean.removeGroup(String);org.apache.catalina.UserDatabase;0;0;0;1.0000;85;6;3;1;0;0.9474;16;16;0
org.apache.coyote.ajp.AjpAprProtocol.AjpConnectionHandler.event(long, SocketStatus);org.apache.tomcat.util.net.AbstractEndpoint.Handler;1;0;0;1.0000;82;5;4;0;1;0.0000;0;0;1
org.apache.jasper.compiler.Generator.GenerateVisitor.visit(Node.PlugIn);org.apache.jasper.compiler.ServletWriter;10;3;1;0.9481;1736;44;16;1;1;0.9444;54;12;6
org.apache.catalina.valves.AccessLogValve.ByteSentElement.addElement(StringBuilder, Date, Request, Response, long);org.apache.catalina.connector.Response;0;0;1;0.5000;12;1;1;1;0;0.9888;596;70;20
org.apache.catalina.ssi.SSISet.process(SSIMediator, String, String[], String[], PrintWriter);org.apache.catalina.ssi.SSIMediator;1;0;0;1.0000;30;1;0;3;1;0.8462;190;16;13
org.apache.tomcat.util.buf.B2CConverter.recycle();org.apache.tomcat.util.buf.ReadConvertor;0;0;1;0.8889;36;3;6;1;0;0.8000;17;3;0
org.apache.catalina.core.ApplicationContext.getResource(String);org.apache.catalina.core.ContainerBase;2;1;2;0.9861;645;60;13;3;0;0.9625;555;53;27
org.apache.catalina.deploy.WebXml.mergeMap(Map<String,T>, Map<String,T>, Map<String,T>, WebXml, String);org.apache.juli.logging.Log;1;0;4;0.9726;1536;45;42;1;0;0.9500;18;18;0
org.apache.jasper.compiler.JDTCompiler.generateClass(String[]);org.apache.jasper.Options;2;0;1;0.9565;317;1;1;6;0;0.8696;29;29;0
org.apache.jasper.compiler.Generator.generateSetDynamicAttribute();org.apache.jasper.compiler.ServletWriter;0;0;1;0.9750;782;28;18;3;0;0.8235;54;12;6
org.apache.catalina.ssi.ExpressionParseTree.parseExpression(String);org.apache.catalina.ssi.ExpressionTokenizer;1;2;3;0.6154;100;4;7;2;15;0.7143;90;3;17
org.apache.tomcat.util.http.MimeHeaders.setValue(String);org.apache.tomcat.util.buf.MessageBytes;1;2;2;0.8333;129;18;3;2;0;0.9574;380;30;16
org.apache.catalina.loader.WebappLoader.startInternal();org.apache.tomcat.util.modeler.Registry;1;5;8;0.8611;553;36;17;2;0;0.9857;433;33;10
org.apache.jasper.compiler.Generator.GenerateVisitor.generateCustomDoTag(Node.CustomTag, TagHandlerInfo, String);org.apache.jasper.compiler.Generator;5;4;3;0.9014;1736;44;16;1;0;0.9821;782;28;18
org.apache.catalina.core.ApplicationDispatcher.checkSameObjects(ServletRequest, ServletResponse);org.apache.catalina.core.ApplicationFilterChain;0;0;1;1.0000;421;14;11;2;0;1.0000;231;9;13
org.apache.catalina.loader.WebappClassLoader.findResources(String);org.apache.juli.logging.Log;0;2;7;0.9111;1601;58;35;2;0;0.9231;18;18;0
org.apache.jasper.compiler.Collector.CollectVisitor.visit(Node.ParamAction);org.apache.jasper.compiler.Node.JspAttribute;2;0;2;0.9091;114;15;6;0;1;0.9545;107;7;10
org.apache.jasper.compiler.CompilationUnit.getContents();org.apache.jasper.compiler.JDTCompiler;4;0;0;1.0000;52;4;2;0;1;0.8333;317;1;1
org.apache.tomcat.util.net.NioEndpoint.Poller.processSendfile(SelectionKey, KeyAttachment, boolean, boolean);org.apache.tomcat.util.net.NioEndpoint;4;3;0;0.9211;396;15;6;0;1;1.0000;362;19;26
org.apache.el.parser.AstMod.getValue(EvaluationContext);org.apache.el.parser.Node;0;0;0;1.0000;8;1;0;1;0;0.9444;17;17;0
org.apache.catalina.realm.JAASMemoryLoginModule.login();org.apache.juli.logging.Log;1;0;3;0.8824;124;6;8;1;0;0.9565;18;18;0
org.apache.tomcat.util.digester.CallParamRule.begin(String, String, Attributes);org.apache.juli.logging.Log;2;0;4;0.7895;61;4;5;2;0;0.9259;18;18;0
org.apache.jasper.compiler.ELFunctionMapper.ELFunctionVisitor.doMap(ELNode.Nodes);org.apache.jasper.compiler.ELFunctionMapper;5;1;1;0.9167;151;14;1;0;2;0.8462;12;1;3
org.apache.coyote.ajp.AjpAprProtocol.pause();org.apache.tomcat.util.res.StringManager;1;1;3;0.9655;219;40;15;1;0;0.9091;52;3;3
org.apache.catalina.startup.Embedded.removeEngine(Engine);org.apache.juli.logging.Log;0;0;2;0.9800;368;34;10;3;0;0.8750;18;18;0
org.apache.catalina.mbeans.MBeanFactory.createSingleSignOn(String);org.apache.catalina.core.ContainerBase;1;1;0;0.9714;401;31;3;1;0;0.9877;555;53;27
org.apache.coyote.http11.AbstractHttp11Protocol.getKeystoreType();org.apache.tomcat.util.net.AbstractEndpoint;1;0;1;0.9909;382;89;22;0;1;0.9859;397;29;69
org.apache.coyote.http11.Http11NioProtocol.getUseSendfile();org.apache.tomcat.util.net.NioEndpoint;1;0;0;1.0000;97;17;3;0;1;0.9762;362;19;26
org.apache.jasper.runtime.JspRuntimeLibrary.handleGetProperty(Object, String);org.apache.jasper.compiler.Localizer;0;1;0;1.0000;626;44;2;1;0;1.0000;34;6;1
org.apache.catalina.startup.DigesterFactory.register(String, String, SchemaResolver);org.apache.catalina.util.SchemaResolver;0;0;1;1.0000;56;5;1;1;0;0.8571;32;2;4
org.apache.tomcat.util.bcel.classfile.EnumElementValue.stringifyValue();org.apache.tomcat.util.bcel.classfile.ConstantPool;2;0;1;0.8571;15;2;2;1;0;0.9167;130;7;2
org.apache.catalina.deploy.WebXml.configureContext(Context);org.apache.catalina.deploy.FilterDef;5;0;30;0.7986;1536;45;42;0;1;0.9916;66;9;10
org.apache.jasper.compiler.Validator.ValidateVisitor.checkXmlAttributes(Node.CustomTag, Node.JspAttribute[], Hashtable<String,Object>);org.apache.jasper.compiler.ELNode.Root;8;1;4;0.9344;735;37;19;0;1;0.9630;13;1;2
org.apache.catalina.connector.MapperListener.findDefaultHost();org.apache.catalina.Host;0;0;0;0;0;0;0;0;0;0;0;0;0
org.apache.catalina.manager.HTMLManagerServlet.getSessionForPathAndId(String, String);org.apache.catalina.util.RequestUtil;1;0;0;1.0000;686;26;19;1;0;1.0000;189;13;3
org.apache.catalina.core.ApplicationJspPropertyGroupDescriptor.getIncludeCodas();org.apache.catalina.deploy.JspPropertyGroup;1;0;1;0.9231;79;12;1;0;1;0.9545;72;9;12
org.apache.el.parser.ELParser.jj_3R_57();org.apache.el.parser.ELParserConstants;1;2;0;0.9850;2270;112;22;0;1;0.9828;0;0;56
org.apache.catalina.startup.Tomcat.addContext(Host, String, String);org.apache.catalina.Container;0;2;0;0.9459;253;24;14;1;0;0.9750;35;35;6
org.apache.jasper.compiler.Generator.genPreambleStaticInitializers();org.apache.jasper.compiler.ServletWriter;1;0;2;0.9556;782;28;18;7;0;0.6316;54;12;6
org.apache.coyote.http11.AbstractOutputBuffer.sendStatus();org.apache.coyote.http11.Constants;3;3;3;0.8182;200;22;11;0;7;1.0000;0;0;44
org.apache.catalina.tribes.group.GroupChannel.checkOptionFlags();org.apache.catalina.tribes.ChannelInterceptor;0;0;1;0.9706;268;24;9;2;0;0.8824;16;16;0
org.apache.el.parser.ELParser.jj_3R_64();org.apache.el.parser.ELParserConstants;1;1;0;0.9925;2270;112;22;0;1;0.9825;0;0;56
org.apache.catalina.tribes.tipis.AbstractReplicatedMap.broadcast(int, boolean);org.apache.catalina.tribes.Channel;2;2;5;0.9000;741;50;17;3;0;0.8800;15;15;13
org.apache.jasper.compiler.ELParser.parseEL();org.apache.jasper.compiler.ELNode.Nodes;0;3;2;0.7826;206;12;10;1;0;0.9333;35;5;2
org.apache.catalina.ha.tcp.ReplicationValve.send(ClusterManager, CatalinaCluster, String);org.apache.catalina.ha.ClusterManager;0;0;2;0.9412;278;16;17;2;0;0.8947;15;15;0
org.apache.jasper.runtime.JspFactoryImpl.getJspApplicationContext(ServletContext);org.apache.jasper.runtime.JspApplicationContextImpl;1;0;0;1.0000;71;6;5;1;0;1.0000;73;5;6
org.apache.catalina.tribes.io.BufferPool15Impl.getBuffer(int, boolean);org.apache.catalina.tribes.io.XByteBuffer;1;0;2;0.7778;25;3;3;3;1;0.8462;317;36;7
org.apache.catalina.ha.backend.HeartbeatListener.lifecycleEvent(LifecycleEvent);org.apache.catalina.ha.backend.Sender;2;0;6;0.7368;82;2;10;2;0;0.8571;2;2;0
org.apache.catalina.valves.CometConnectionManagerValve.sessionDestroyed(HttpSessionEvent);org.apache.catalina.connector.Request;2;0;2;0.9565;136;8;4;2;0;0.9892;1203;127;53
org.apache.tomcat.util.buf.ByteChunk.getLong();org.apache.tomcat.util.buf.Ascii;0;0;3;0.9348;425;43;10;1;0;1.0000;91;11;7
org.apache.catalina.loader.WebappClassLoader.clearReferencesResourceBundles();org.apache.juli.logging.Log;1;0;3;0.9891;1601;58;35;4;0;0.7895;18;18;0
org.apache.catalina.servlets.DefaultServlet.checkSendfile(HttpServletRequest, HttpServletResponse, CacheEntry, long, Range);org.apache.naming.resources.Resource;2;0;1;0.9818;1001;37;20;0;1;0.9167;23;1;2
org.apache.tomcat.util.http.mapper.Mapper.internalMapWildcardWrapper(Wrapper[], int, CharChunk, MappingData);org.apache.tomcat.util.buf.MessageBytes;2;3;0;1.0000;837;39;5;2;0;0.9636;380;30;16
org.apache.jasper.compiler.Parser.parseElements(Node);org.apache.jasper.compiler.JspReader;1;16;4;0.7015;1185;55;13;2;0;0.9643;304;23;9
org.apache.catalina.valves.CometConnectionManagerValve.sessionDestroyed(HttpSessionEvent);org.apache.catalina.comet.CometEvent;2;0;2;0.9565;136;8;4;0;2;0.9000;6;6;2
org.apache.jasper.compiler.JspUtil.checkScope(String, Node, ErrorDispatcher);org.apache.jasper.compiler.ErrorDispatcher;0;0;0;1.0000;608;37;6;1;0;0.9524;158;22;2
org.apache.catalina.core.AsyncContextImpl.start(Runnable);org.apache.juli.logging.Log;1;1;5;0.8529;283;23;12;0;0;1.0000;18;18;0
org.apache.catalina.deploy.WebXml.addBeforeOrderingOthers();org.apache.tomcat.util.res.StringManager;0;0;4;0.9722;1536;45;42;1;0;0.8571;52;3;3
org.apache.catalina.mbeans.MBeanUtils.destroyMBean(Group);org.apache.tomcat.util.modeler.ManagedBean;0;2;2;1.0000;706;52;4;1;0;0.9714;252;23;13
org.apache.coyote.http11.Http11AprProcessor.process(long);org.apache.coyote.Response;6;4;22;0.7241;954;28;36;0;2;0.9762;250;19;18
org.apache.catalina.core.ApplicationContextFacade.getAttributeNames();org.apache.catalina.core.ApplicationContext;0;1;1;0.9672;514;57;3;1;0;0.9859;645;60;13
org.apache.catalina.core.ApplicationFilterConfig.setFilterDef(FilterDef);org.apache.catalina.security.SecurityUtil;2;1;3;0.8400;175;15;8;2;0;1.0000;146;11;17
org.apache.catalina.connector.Request.isAsyncDispatching();org.apache.catalina.core.AsyncContextImpl;1;0;1;0.9943;1203;127;53;1;1;0.9706;283;23;12
org.apache.catalina.ha.tcp.ReplicationValve.invoke(Request, Response);org.apache.tomcat.util.res.StringManager;0;3;5;0.8667;278;16;17;1;0;0.9600;52;3;3
org.apache.coyote.http11.Http11AprProcessor.prepareResponse();org.apache.tomcat.util.net.AprEndpoint;8;2;12;0.8427;954;28;36;0;1;0.9890;471;17;35
org.apache.coyote.http11.Http11AprProcessor.process(long);org.apache.coyote.http11.InternalAprInputBuffer;6;4;22;0.7241;954;28;36;4;1;0.9306;358;13;15
org.apache.catalina.core.ApplicationFilterConfig.getInitParameter(String);org.apache.catalina.deploy.FilterDef;0;0;1;0.9524;175;15;8;1;0;0.9474;66;9;10
org.apache.tomcat.util.net.SSLImplementation.getInstance(String);org.apache.juli.logging.Log;0;1;2;1.0000;30;6;3;2;0;0.8889;18;18;0
org.apache.catalina.deploy.NamingResources.removeLocalEjb(String);org.apache.catalina.deploy.ResourceBase;1;0;3;0.9388;342;36;13;0;1;0.9444;43;9;7
org.apache.catalina.ha.session.DeltaSession.writeObject(ObjectOutput);org.apache.catalina.ha.session.SerializablePrincipal;1;0;3;0.9844;399;42;7;1;0;1.0000;83;9;7
org.apache.jasper.compiler.JspDocumentParser.parse(ParserController, String, JarFile, Node, boolean, boolean, String, String, boolean, boolean);org.apache.jasper.compiler.ErrorDispatcher;4;2;6;0.8654;663;28;20;3;0;0.9118;158;22;2
org.apache.catalina.connector.Response.getBufferSize();org.apache.catalina.connector.OutputBuffer;0;0;1;0.9886;596;70;20;1;0;0.9756;207;25;15
org.apache.catalina.users.MemoryRoleCreationFactory.createObject(Attributes);org.apache.catalina.users.MemoryUserDatabase;1;0;1;0.7500;18;2;2;1;0;0.9697;252;22;10
org.apache.naming.NamingService.stop();org.apache.naming.NamingServiceMBean;1;0;4;0.6364;71;8;4;0;4;1.0000;6;6;7
org.apache.catalina.core.ApplicationFilterRegistration.getServletNameMappings();org.apache.catalina.deploy.FilterMap;0;0;2;0.8824;110;11;3;2;0;0.8947;96;9;13
org.apache.catalina.connector.MapperListener.containerEvent(ContainerEvent);org.apache.tomcat.util.http.mapper.Mapper;1;0;1;0.9474;300;10;6;2;0;0.9412;837;39;5
org.apache.catalina.connector.Request.login(String, String);org.apache.catalina.Realm;1;4;2;0.9722;1203;127;53;1;0;0.9600;14;14;0
org.apache.catalina.manager.JspHelper.getDisplayLastAccessedTimeForSession(Session);org.apache.catalina.Session;0;0;1;1.0000;113;12;3;1;0;0.9688;32;32;4
org.apache.catalina.connector.MapperListener.findDefaultHost();org.apache.catalina.Engine;0;0;0;0;0;0;0;0;0;0;0;0;0
org.apache.jasper.compiler.ParserController.doParse(String, Node, JarResource);org.apache.jasper.compiler.PageInfo;1;4;12;0.4074;281;12;13;1;0;0.9895;341;30;46
org.apache.catalina.tribes.membership.McastService.getMembers();org.apache.catalina.tribes.membership.Membership;1;0;2;0.9846;353;55;13;1;0;0.9545;137;11;6
org.apache.catalina.connector.CoyoteAdapter.service(org.apache.coyote.Request, org.apache.coyote.Response);org.apache.coyote.Request;8;0;5;0.9792;620;12;9;3;2;0.9425;221;18;34
org.apache.coyote.http11.Http11AprProcessor.parseHost(MessageBytes);org.apache.coyote.Response;5;0;6;0.9167;954;28;36;0;1;0.9808;250;19;18
org.apache.catalina.core.AsyncContextImpl.doInternalDispatch();org.apache.juli.logging.Log;0;1;7;0.8333;283;23;12;2;0;0.9231;18;18;0
org.apache.juli.ClassLoaderLogManager.Cleaner.run();org.apache.juli.ClassLoaderLogManager;1;0;0;1.0000;5;1;0;1;1;0.8824;319;14;3
org.apache.jasper.compiler.Generator.generateTagHandlerPreamble(JasperTagInfo, Node.Nodes);org.apache.jasper.compiler.ServletWriter;2;9;2;0.7556;782;28;18;6;0;0.7931;54;12;6
org.apache.catalina.startup.Tomcat.addWebapp(Host, String, String);org.apache.catalina.Lifecycle;1;3;1;0.8974;253;24;14;1;0;0.9333;6;6;11
org.apache.tomcat.util.http.mapper.Mapper.internalMap(CharChunk, CharChunk, MappingData);org.apache.tomcat.util.http.mapper.MappingData;2;6;2;0.9333;837;39;5;0;4;0.8400;11;1;9
org.apache.coyote.http11.InternalAprInputBuffer.setSocket(long);org.apache.tomcat.jni.Socket;0;0;2;0.9259;358;13;15;1;0;1.0000;37;37;34
org.apache.catalina.startup.ContextConfig.lifecycleEvent(LifecycleEvent);org.apache.catalina.Lifecycle;2;5;4;0.8571;1103;37;18;0;6;1.0000;6;6;11
org.apache.jasper.compiler.PageInfo.setDeferredSyntaxAllowedAsLiteral(String, Node, ErrorDispatcher, boolean);org.apache.jasper.compiler.ErrorDispatcher;0;0;2;0.9740;341;30;46;1;0;0.9565;158;22;2
org.apache.tomcat.util.modeler.modules.MbeansDescriptorsSerSource.execute();org.apache.juli.logging.Log;0;0;3;0.7778;49;2;6;2;0;0.9048;18;18;0
org.apache.tomcat.util.net.AprEndpoint.Poller.run();org.apache.juli.logging.Log;4;2;6;0.6000;168;4;7;2;0;0.9412;18;18;0
org.apache.coyote.http11.Http11AprProcessor.action(ActionCode, Object);org.apache.coyote.http11.filters.BufferedInputFilter;10;1;19;0.7978;954;28;36;1;0;0.9815;49;6;6
org.apache.catalina.connector.RequestFacade.getHeader(String);org.apache.tomcat.util.res.StringManager;0;0;2;0.9859;450;69;2;1;0;0.8571;52;3;3
org.apache.jasper.compiler.PageDataImpl.SecondPassVisitor.appendTag(Node, boolean);org.apache.jasper.compiler.Compiler;4;4;4;0.8519;307;41;6;0;1;0.9697;310;11;8
org.apache.catalina.connector.Connector.startInternal();org.apache.catalina.connector.MapperListener;2;2;9;0.9043;405;53;33;1;1;0.9412;300;10;6
org.apache.tomcat.util.bcel.classfile.AnnotationEntry.getAnnotationType();org.apache.tomcat.util.bcel.classfile.ConstantUtf8;2;0;2;0.8000;30;4;5;0;1;0.8571;14;2;1
org.apache.catalina.connector.RequestFacade.getPathInfo();org.apache.tomcat.util.res.StringManager;0;0;2;0.9859;450;69;2;1;0;0.8571;52;3;3
org.apache.catalina.connector.Request.setCometTimeout(long);org.apache.coyote.ActionCode;1;0;1;0.9943;1203;127;53;0;1;1.0000;6;0;30
org.apache.catalina.core.ApplicationFilterChain.internalDoFilterEvent(CometEvent);org.apache.catalina.comet.CometFilter;1;0;7;0.7647;231;9;13;1;0;0.8889;1;1;0
org.apache.coyote.http11.Http11AprProcessor.action(ActionCode, Object);org.apache.tomcat.jni.Socket;10;1;19;0.7978;954;28;36;0;2;1.0000;37;37;34
org.apache.coyote.ajp.AjpProcessor.action(ActionCode, Object);org.apache.tomcat.util.buf.ByteChunk;9;3;14;0.7541;659;13;32;2;1;0.9625;425;43;10
org.apache.catalina.mbeans.MemoryUserDatabaseMBean.getUsers();org.apache.catalina.User;0;1;0;0.9524;168;12;6;1;0;0.9500;17;17;0
org.apache.tomcat.util.modeler.Registry.removeManagedBean(ManagedBean);org.apache.tomcat.util.modeler.ManagedBean;0;0;2;0.9500;433;33;10;2;0;0.9444;252;23;13
org.apache.coyote.http11.Http11AprProcessor.event(SocketStatus);org.apache.coyote.Adapter;4;1;9;0.8857;954;28;36;1;0;0.9444;3;3;0
org.apache.catalina.tribes.group.interceptors.NonBlockingCoordinator.mergeOnArrive(CoordinationMessage, Member);org.apache.catalina.tribes.group.AbsoluteOrder;1;5;1;0.8800;352;38;15;0;1;1.0000;7;1;1
org.apache.jasper.compiler.Generator.GenerateVisitor.visit(Node.CustomTag);org.apache.jasper.compiler.Generator.GenBuffer;7;1;8;0.8916;1736;44;16;0;1;0.9750;47;3;4
org.apache.jasper.compiler.Validator.ValidateVisitor.visit(Node.ForwardAction);org.apache.jasper.compiler.JspUtil;1;1;2;0.9545;735;37;19;1;0;1.0000;608;37;6
org.apache.jasper.compiler.Node.AttributeDirective.accept(Visitor);org.apache.jasper.compiler.Node.Visitor;0;0;0;1.0000;9;1;0;1;0;0.9714;126;35;0
org.apache.catalina.core.StandardContext.listenerStart();org.apache.tomcat.InstanceManager;2;3;2;0.9878;2421;209;114;1;0;0.9333;4;4;0
org.apache.catalina.loader.WebappClassLoader.openJARs();org.apache.juli.logging.Log;0;0;5;0.9556;1601;58;35;2;0;0.9091;18;18;0
org.apache.coyote.http11.Http11AprProcessor.process(long);org.apache.tomcat.util.net.AprEndpoint;6;4;22;0.7241;954;28;36;2;0;0.9796;471;17;35
org.apache.catalina.core.NamingContextListener.removeLocalEjb(String);org.apache.juli.logging.Log;1;0;3;0.9375;745;23;11;1;0;0.9500;18;18;0
org.apache.jasper.compiler.TagPluginManager.TagPluginContextImpl.getConstantAttribute(String);org.apache.jasper.compiler.Node.JspAttribute;1;1;0;0.9500;72;15;4;0;1;0.9500;107;7;10
org.apache.jasper.compiler.JspDocumentParser.parseStandardAction(String, String, Attributes, Attributes, Attributes, Mark);org.apache.jasper.compiler.PageInfo;3;1;6;0.8444;663;28;20;0;1;0.9884;341;30;46
org.apache.catalina.mbeans.NamingResourcesMBean.addResource(String, String);org.apache.catalina.mbeans.MBeanUtils;1;0;1;0.9444;138;9;2;1;0;1.0000;706;52;4
org.apache.catalina.realm.RealmBase.getServer();org.apache.catalina.Service;0;0;1;0.9815;672;37;22;1;0;0.9444;15;15;0
org.apache.tomcat.util.digester.Digester.getRules();org.apache.tomcat.util.digester.Rules;0;0;1;0.9925;849;103;29;1;0;0.8889;8;8;0
org.apache.catalina.valves.RemoteIpValve.invoke(Request, Response);org.apache.catalina.connector.Request;3;2;9;0.7576;176;9;12;9;3;0.9372;1203;127;53
org.apache.catalina.tribes.transport.nio.ParallelNioSender.setupForSend(Member[]);org.apache.catalina.tribes.ChannelException;1;0;2;0.9000;246;12;4;1;0;0.9375;46;5;2
org.apache.naming.resources.ProxyDirContext.cacheLookup(String);org.apache.naming.resources.CacheEntry;1;4;3;0.9125;469;64;15;0;3;0.8333;13;2;8
org.apache.catalina.startup.Catalina.await();org.apache.catalina.Server;0;0;0;1.0000;316;16;7;1;0;0.9375;15;15;0
org.apache.jasper.compiler.Generator.generateDeclarations(Node.Nodes);org.apache.jasper.compiler.Node;4;1;1;0.9818;782;28;18;1;2;0.9286;163;7;15
org.apache.coyote.http11.InternalAprOutputBuffer.flushBuffer();org.apache.tomcat.jni.Socket;0;0;2;0.9459;235;24;13;1;0;1.0000;37;37;34
org.apache.catalina.core.ApplicationDispatcher.invoke(ServletRequest, ServletResponse, State);org.apache.catalina.Globals;3;3;4;0.8462;421;14;11;0;1;1.0000;0;0;39
org.apache.jasper.compiler.Validator.DirectiveVisitor.visit(Node.PageDirective);org.apache.jasper.compiler.Node.PageDirective;6;0;4;0.9268;214;7;4;0;1;0.9737;27;2;1
org.apache.tomcat.util.bcel.classfile.SimpleElementValue.stringifyValue();org.apache.tomcat.util.bcel.classfile.ConstantFloat;6;0;1;0.9167;62;3;1;0;1;0.9231;17;2;1
org.apache.catalina.core.StandardContext.setDistributable(boolean);org.apache.juli.logging.Log;0;0;2;0.9969;2421;209;114;2;0;0.9091;18;18;0
org.apache.jasper.compiler.Validator.ValidateVisitor.processSignature(ELNode.Function);org.apache.jasper.compiler.ELNode.Function;2;0;0;1.0000;735;37;19;0;2;0.7500;37;1;6
org.apache.catalina.mbeans.GroupMBean.getUsers();org.apache.catalina.mbeans.MBeanUtils;0;0;1;0.9000;63;4;3;1;0;1.0000;706;52;4
org.apache.tomcat.util.digester.Digester.popParams();org.apache.juli.logging.Log;0;0;2;0.9853;849;103;29;3;0;0.8571;18;18;0
org.apache.coyote.Response.sendHeaders();org.apache.coyote.ActionCode;1;1;1;0.9444;250;19;18;0;1;1.0000;6;0;30
org.apache.catalina.tribes.group.interceptors.NonBlockingCoordinator.getView();org.apache.catalina.tribes.membership.Membership;0;0;1;0.9800;352;38;15;2;0;0.9048;137;11;6
org.apache.catalina.startup.HostConfig.deployWAR(String, File, String);org.apache.catalina.Container;2;4;8;0.8548;793;36;16;1;0;0.9828;35;35;6
org.apache.tomcat.util.IntrospectionUtils.displayClassPath(String, URL[]);org.apache.juli.logging.Log;0;0;1;1.0000;595;31;4;2;0;0.8889;18;18;0
org.apache.catalina.tribes.group.interceptors.TcpPingInterceptor.sendPingMessage(Member[]);org.apache.juli.logging.Log;1;0;1;1.0000;78;6;10;1;0;0.9583;18;18;0
org.apache.catalina.core.ApplicationFilterRegistration.setAsyncSupported(boolean);org.apache.catalina.deploy.FilterDef;1;0;1;0.9286;110;11;3;0;1;0.9474;66;9;10
org.apache.tomcat.util.net.NioEndpoint.processSocket(NioChannel, SocketStatus, boolean);org.apache.tomcat.util.net.NioChannel;0;0;2;0.9792;362;19;26;1;0;0.9643;83;15;5
org.apache.coyote.ajp.AjpAprProtocol.getThreadPriority();org.apache.tomcat.util.net.AbstractEndpoint;1;0;1;0.9815;219;40;15;0;0;1.0000;397;29;69
org.apache.catalina.tribes.group.interceptors.OrderInterceptor.sendMessage(Member[], ChannelMessage, InterceptorPayload);org.apache.catalina.tribes.ChannelException;0;1;1;0.9231;141;9;8;2;0;0.9000;46;5;2
org.apache.jasper.compiler.Parser.parseTaglibDirective(Node);org.apache.jasper.JspCompilationContext;4;1;6;0.9103;1185;55;13;2;2;0.9494;426;31;31
org.apache.catalina.deploy.WebXml.setPublicId(String);org.apache.juli.logging.Log;2;0;5;0.9583;1536;45;42;1;0;0.9524;18;18;0
org.apache.coyote.http11.Http11AprProtocol.setSSLPassword(String);org.apache.tomcat.util.net.AprEndpoint;1;0;1;0.9901;387;76;26;0;1;0.9808;471;17;35
org.apache.jasper.compiler.Generator.GenerateVisitor.generateJspFragment(Node, String);org.apache.jasper.compiler.Generator.GenBuffer;3;0;7;0.8955;1736;44;16;0;1;0.9545;47;3;4
org.apache.jasper.compiler.TagLibraryInfoImpl.generateTLDLocation(String, JspCompilationContext);org.apache.jasper.JspCompilationContext;1;0;1;0.9583;528;14;6;2;0;0.9688;426;31;31
org.apache.coyote.http11.AbstractHttp11Protocol.getThreadPriority();org.apache.tomcat.util.net.AbstractEndpoint;1;0;1;0.9909;382;89;22;0;1;0.9859;397;29;69
org.apache.catalina.ssi.ResponseIncludeWrapper.addHeader(String, String);org.apache.tomcat.util.ExceptionUtils;0;0;0;0;0;0;0;0;0;0;0;0;0
org.apache.catalina.ha.session.DeltaManager.handleSESSION_CREATED(SessionMessage, Member);org.apache.catalina.ha.ClusterMessage;3;1;5;0.9570;822;41;40;1;0;0.9600;6;6;0
org.apache.catalina.deploy.WebXml.configureContext(Context);org.apache.catalina.Container;5;0;30;0.7986;1536;45;42;3;0;0.9776;35;35;6
org.apache.catalina.startup.ContextConfig.getDefaultContextXml();org.apache.catalina.startup.Constants;1;0;1;0.9773;1103;37;18;0;1;1.0000;0;0;59
org.apache.jasper.servlet.JspServletWrapper.handleJspException(Exception);org.apache.jasper.Options;4;1;2;0.9091;314;11;15;1;0;0.9730;29;29;0
org.apache.coyote.http11.InternalAprInputBuffer.parseRequestLine(boolean);org.apache.tomcat.util.buf.MessageBytes;2;1;5;0.8571;358;13;15;2;0;0.9615;380;30;16
org.apache.catalina.core.ContainerBase.setManager(Manager);org.apache.catalina.Manager;0;0;3;0.9756;555;53;27;1;0;0.9756;35;35;0
org.apache.coyote.http11.InternalAprOutputBuffer.commit();org.apache.coyote.Response;1;0;5;0.8684;235;24;13;0;1;0.9762;250;19;18
org.apache.catalina.valves.CometConnectionManagerValve.lifecycleEvent(LifecycleEvent);org.apache.catalina.connector.CometEventImpl;3;0;3;0.9200;136;8;4;1;2;0.8800;54;6;5
org.apache.coyote.http11.Http11AprProcessor.prepareRequest();org.apache.coyote.Response;7;3;13;0.8182;954;28;36;0;1;0.9872;250;19;18
org.apache.catalina.core.ApplicationFilterConfig.setFilterDef(FilterDef);org.apache.catalina.Context;2;1;3;0.8400;175;15;8;1;0;0.9932;139;139;1
org.apache.catalina.core.JasperListener.lifecycleEvent(LifecycleEvent);org.apache.juli.logging.Log;1;0;1;1.0000;10;1;2;1;0;0.9474;18;18;0
org.apache.catalina.tribes.group.ChannelCoordinator.internalStop(int);org.apache.catalina.tribes.ChannelReceiver;2;0;4;0.8462;164;15;5;2;0;0.8667;8;8;1
org.apache.el.parser.AstValue.isReadOnly(EvaluationContext);org.apache.el.util.MessageFactory;0;1;0;0.9333;148;10;1;1;0;1.0000;24;7;1
org.apache.tomcat.util.buf.CharChunk.toString();org.apache.tomcat.util.buf.StringCache;0;0;3;0.9362;393;39;8;1;0;1.0000;361;13;14
org.apache.catalina.ha.session.DeltaManager.getAllClusterSessions();org.apache.juli.logging.Log;2;3;11;0.8621;822;41;40;4;0;0.8889;18;18;0
org.apache.coyote.http11.Http11NioProtocol.setPollerThreadPriority(int);org.apache.tomcat.util.net.NioEndpoint;1;0;0;1.0000;97;17;3;0;1;0.9767;362;19;26
org.apache.coyote.http11.Http11Processor.process(SocketWrapper<Socket>);org.apache.coyote.Response;7;3;6;0.8596;731;12;7;0;2;0.9756;250;19;18
org.apache.tomcat.util.digester.PathCallParamRule.begin(String, String, Attributes);org.apache.tomcat.util.digester.Digester;1;0;1;0.8333;17;2;1;1;1;0.9853;849;103;29
org.apache.catalina.authenticator.AuthenticatorBase.register(Request, HttpServletResponse, Principal, String, String, String);org.apache.catalina.Manager;3;1;4;0.9200;293;17;18;1;0;0.9833;35;35;0
org.apache.catalina.deploy.WebXml.merge(Set<WebXml>);org.apache.catalina.deploy.FilterMap;2;11;30;0.5930;1536;45;42;0;0;1.0000;96;9;13
org.apache.catalina.connector.MapperListener.removeListeners(Container);org.apache.catalina.Container;0;0;0;0;0;0;0;0;0;0;0;0;0
org.apache.catalina.manager.ManagerServlet.init();org.apache.tomcat.util.res.StringManager;0;0;10;0.8235;924;35;13;1;0;0.9500;52;3;3
org.apache.catalina.valves.ExtendedAccessLogValve.ResponseHeaderElement.addElement(StringBuilder, Date, Request, Response, long);org.apache.catalina.connector.Response;0;0;1;0.6667;6;1;1;1;0;0.9889;596;70;20
org.apache.tomcat.util.bcel.classfile.Attribute.getName();org.apache.tomcat.util.bcel.Constants;2;0;2;0.8182;98;6;5;0;1;1.0000;0;0;122
org.apache.coyote.ajp.AjpAprProtocol.setSoTimeout(int);org.apache.tomcat.util.net.AbstractEndpoint;0;0;1;0.9815;219;40;15;1;0;0.9859;397;29;69
org.apache.jasper.compiler.ELFunctionMapper.ELFunctionVisitor.visit(Node.ParamAction);org.apache.jasper.compiler.Node.ParamAction;2;0;0;1.0000;151;14;1;0;1;0.8000;15;1;1
org.apache.el.parser.ELParser.Choice();org.apache.el.parser.ELParserTreeConstants;2;4;1;0.9712;2270;112;22;0;1;0.9778;0;0;35
org.apache.el.parser.ELParser.jj_3R_70();org.apache.el.parser.ELParserConstants;1;1;0;0.9925;2270;112;22;0;1;0.9825;0;0;56
org.apache.jasper.tagplugins.jstl.core.ForEach.doTag(TagPluginContext);org.apache.jasper.compiler.tagplugin.TagPluginContext;0;1;4;0.5833;139;3;4;6;0;0.6842;14;14;0
org.apache.catalina.session.StandardSession.passivate();org.apache.catalina.Manager;1;3;3;0.9367;585;58;24;1;0;0.9767;35;35;0
org.apache.jasper.compiler.Dumper.DumpVisitor.visit(Node.NamedAttribute);org.apache.jasper.compiler.Node;1;3;0;0.8929;122;27;1;0;1;0.9655;163;7;15
org.apache.catalina.core.AsyncContextImpl.dispatch(ServletContext, String);org.apache.juli.logging.Log;1;4;4;0.8250;283;23;12;0;0;1.0000;18;18;0
org.apache.catalina.util.ExtensionValidator.addSystemResource(File);org.apache.catalina.util.ManifestResource;1;1;1;1.0000;192;6;4;0;1;1.0000;100;8;7
org.apache.jasper.xmlparser.UTF8Reader.read(char, int, int);org.apache.juli.logging.Log;0;3;6;0.5556;356;11;7;2;0;0.9231;18;18;0
org.apache.catalina.manager.ManagerServlet.uploadWar(HttpServletRequest, File);org.apache.tomcat.util.ExceptionUtils;0;0;0;0;0;0;0;0;0;0;0;0;0
org.apache.tomcat.util.buf.MessageBytes.duplicate(MessageBytes);org.apache.tomcat.util.buf.CharChunk;0;1;7;0.8913;380;30;16;3;0;0.9464;393;39;8
org.apache.catalina.core.ApplicationDispatcher.doInclude(ServletRequest, ServletResponse, DispatcherType);org.apache.catalina.core.ApplicationHttpRequest;3;5;6;0.6071;421;14;11;1;2;0.9483;327;29;17
org.apache.catalina.connector.CoyoteAdapter.event(org.apache.coyote.Request, org.apache.coyote.Response, SocketStatus);org.apache.catalina.connector.Connector;7;0;4;0.9714;620;12;9;1;0;0.9907;405;53;33
org.apache.catalina.startup.HostConfig.stop();org.apache.tomcat.util.modeler.Registry;1;1;5;0.9231;793;36;16;2;0;0.9787;433;33;10
org.apache.catalina.session.ManagerBase.getCreationTime(String);org.apache.catalina.Session;0;0;2;0.9773;518;58;32;1;0;0.9722;32;32;4
org.apache.catalina.core.ContainerBase.backgroundProcess();org.apache.catalina.Realm;2;0;7;0.9425;555;53;27;1;0;0.9643;14;14;0
org.apache.coyote.http11.Http11Protocol.Http11ConnectionHandler.register(Http11Processor);org.apache.coyote.Request;4;0;3;0.8421;105;5;5;0;1;0.9846;221;18;34
org.apache.catalina.ha.session.SimpleTcpReplicationManager.setPrintToScreen(boolean);org.apache.juli.logging.Log;0;0;2;0.9697;356;17;15;2;0;0.8947;18;18;0
org.apache.catalina.authenticator.SingleSignOnEntry.addSession(SingleSignOn, Session);org.apache.catalina.Session;0;0;1;0.9412;49;9;6;1;0;0.9697;32;32;4
org.apache.catalina.connector.Response.addDateHeader(String, long);org.apache.tomcat.util.http.FastHttpDateFormat;1;2;2;0.9540;596;70;20;1;0;1.0000;85;6;8
org.apache.catalina.core.ApplicationContextFacade.createListener(Class<T>);org.apache.catalina.core.ApplicationContext;0;1;1;0.9672;514;57;3;1;0;0.9859;645;60;13
org.apache.jasper.compiler.Generator.generateTagHandlerAttributes(TagInfo);org.apache.jasper.JspCompilationContext;1;2;2;0.9111;782;28;18;0;1;0.9861;426;31;31
org.apache.catalina.connector.Response.reset();org.apache.catalina.connector.OutputBuffer;0;0;6;0.9326;596;70;20;1;0;0.9787;207;25;15
org.apache.jasper.compiler.Parser.parseTagDependentBody(Node, String);org.apache.jasper.compiler.JspReader;0;0;3;0.9552;1185;55;13;3;0;0.9211;304;23;9
org.apache.catalina.startup.UserConfig.deploy();org.apache.juli.logging.Log;0;1;3;0.8696;87;10;8;3;0;0.8846;18;18;0
org.apache.catalina.core.ApplicationJspPropertyGroupDescriptor.getElIgnored();org.apache.catalina.deploy.JspPropertyGroup;1;0;1;0.9231;79;12;1;0;1;0.9545;72;9;12
org.apache.catalina.connector.RequestFacade.getHeaderNames();org.apache.tomcat.util.res.StringManager;1;0;2;0.9859;450;69;2;1;0;0.8571;52;3;3
org.apache.catalina.core.StandardContext.getServlets();org.apache.catalina.Container;0;0;0;1.0000;2421;209;114;0;0;1.0000;35;35;6
org.apache.catalina.core.StandardContext.addInjectionTarget(Injectable, Map<String,Map<String,String>>);org.apache.catalina.deploy.InjectionTarget;1;0;0;1.0000;2421;209;114;0;2;0.6667;18;0;2
org.apache.catalina.valves.PersistentValve.invoke(Request, Response);org.apache.catalina.Valve;0;1;1;0.9688;80;3;2;1;0;0.9722;7;7;0
org.apache.catalina.tribes.transport.bio.BioReplicationTask.execute(ObjectReader);org.apache.juli.logging.Log;1;1;1;0.9444;92;6;3;1;0;0.9643;18;18;0
org.apache.catalina.manager.ManagerServlet.sessions(PrintWriter, String, int);org.apache.catalina.Manager;1;0;3;0.9600;924;35;13;2;0;0.9512;35;35;0
org.apache.catalina.core.StandardContext.stopInternal();org.apache.juli.logging.Log;1;7;5;0.9673;2421;209;114;3;0;0.9286;18;18;0
org.apache.catalina.mbeans.ServerLifecycleListener.destroyMBeans(Server);org.apache.juli.logging.Log;0;2;1;0.9444;563;31;2;2;0;0.9130;18;18;0
org.apache.catalina.tribes.group.interceptors.TcpPingInterceptor.sendPing();org.apache.catalina.tribes.group.interceptors.TcpFailureDetector;0;1;3;0.7333;78;6;10;1;0;0.9643;227;15;10
org.apache.tomcat.util.http.mapper.Mapper.internalMapExactWrapper(Wrapper[], CharChunk, MappingData);org.apache.tomcat.util.buf.MessageBytes;1;1;0;1.0000;837;39;5;1;0;0.9787;380;30;16
org.apache.tomcat.util.http.mapper.Mapper.internalMapExtensionWrapper(Wrapper[], CharChunk, MappingData);org.apache.tomcat.util.buf.CharChunk;2;1;0;1.0000;837;39;5;1;3;0.9259;393;39;8
org.apache.jasper.compiler.Generator.generateDeclarations(Node.Nodes);org.apache.jasper.compiler.Node.Nodes;4;1;1;0.9818;782;28;18;1;0;0.9643;43;5;3
org.apache.tomcat.util.digester.ObjectCreateRule.begin(String, String, Attributes);org.apache.juli.logging.Log;2;0;2;0.8667;43;3;2;2;0;0.9200;18;18;0
org.apache.catalina.tribes.group.interceptors.NonBlockingCoordinator.handleViewConf(CoordinationMessage, Member, Membership);org.apache.catalina.tribes.group.AbsoluteOrder.AbsoluteComparator;1;5;5;0.8113;352;38;15;1;0;0.9524;45;7;0
org.apache.catalina.startup.Embedded.createConnector(String, int, String);org.apache.catalina.connector.Connector;1;0;1;1.0000;368;34;10;2;1;0.9651;405;53;33
org.apache.coyote.http11.Http11AprProtocol.Http11ConnectionHandler.process(long);org.apache.coyote.ActionCode;3;1;3;0.7778;119;5;5;0;1;1.0000;6;0;30
org.apache.catalina.ha.jmx.ClusterJmxHelper.getManagedBean(Object);org.apache.tomcat.util.modeler.Registry;0;0;1;1.0000;82;7;4;1;0;0.9750;433;33;10
org.apache.coyote.http11.Http11NioProcessor.event(SocketStatus);org.apache.coyote.Constants;7;1;4;0.9024;840;14;11;0;2;1.0000;0;0;14
org.apache.tomcat.util.net.NioChannel.getAttachment(boolean);org.apache.tomcat.util.net.NioEndpoint.Poller;1;0;2;0.9000;83;15;5;0;1;0.9583;396;15;6
org.apache.tomcat.util.net.AprEndpoint.SocketEventProcessor.run();org.apache.tomcat.jni.Socket;2;0;2;0.6667;10;1;2;1;0;1.0000;37;37;34
org.apache.catalina.authenticator.FormAuthenticator.matchRequest(Request);org.apache.catalina.authenticator.SavedRequest;1;0;0;1.0000;236;8;3;1;0;0.9630;67;15;9
org.apache.jasper.compiler.Node.TemplateText.accept(Visitor);org.apache.jasper.compiler.Node.Visitor;0;0;0;1.0000;42;5;1;1;0;0.9714;126;35;0
org.apache.catalina.session.ManagerBase.getEntropy();org.apache.catalina.util.Base64;0;2;1;0.9647;518;58;32;0;0;1.0000;120;5;10
org.apache.el.parser.AstDeferredExpression.setValue(EvaluationContext, Object);org.apache.el.parser.Node;0;0;0;1.0000;15;4;0;1;0;0.9444;17;17;0
org.apache.catalina.connector.Request.recycle();org.apache.catalina.util.ParameterMap;3;0;38;0.7923;1203;127;53;1;1;0.9643;34;5;2
org.apache.catalina.tribes.group.interceptors.NonBlockingCoordinator.sendElectionMsgToNextInline(MemberImpl, CoordinationMessage);org.apache.juli.logging.Log;0;1;1;0.9804;352;38;15;1;0;0.9524;18;18;0
org.apache.jasper.compiler.Validator.ValidateVisitor.validateFunctions(ELNode.Nodes, Node);org.apache.jasper.compiler.ELNode.Function;4;1;2;0.9412;735;37;19;0;4;0.7647;37;1;6
org.apache.jasper.compiler.TagFileProcessor.TagFileLoaderVisitor.visit(Node.CustomTag);org.apache.jasper.compiler.PageInfo;2;0;2;0.8182;21;1;2;1;0;0.9884;341;30;46
org.apache.catalina.servlets.CGIServlet.CGIEnvironment.setupFromRequest(HttpServletRequest);org.apache.catalina.Globals;2;0;4;0.8095;303;9;11;0;5;1.0000;0;0;39
org.apache.tomcat.util.net.AprEndpoint.Sendfile.add(SendfileData);org.apache.tomcat.util.res.StringManager;4;0;1;0.9524;187;5;6;1;0;0.9375;52;3;3
org.apache.jasper.compiler.Generator.GenerateVisitor.visit(Node.PlugIn);org.apache.jasper.compiler.Generator;10;3;1;0.9481;1736;44;16;2;1;0.9831;782;28;18
org.apache.catalina.connector.Response.doIsEncodeable(Request, Session, String);org.apache.tomcat.util.net.URL;1;1;0;0.9896;596;70;20;4;0;0.8857;298;17;9
org.apache.tomcat.util.bcel.classfile.ConstantValue.toString();org.apache.tomcat.util.bcel.Constants;8;0;1;0.9333;43;3;1;0;6;1.0000;0;0;122
org.apache.catalina.connector.RequestFacade.getRealPath(String);org.apache.tomcat.util.res.StringManager;0;0;2;0.9859;450;69;2;1;0;0.8571;52;3;3
org.apache.catalina.core.ApplicationContextFacade.getJspConfigDescriptor();org.apache.catalina.core.ApplicationContext;0;1;1;0.9672;514;57;3;1;0;0.9859;645;60;13
org.apache.catalina.ha.authenticator.ClusterSingleSignOn.update(String, Principal, String, String, String);org.apache.catalina.ha.CatalinaCluster;1;1;2;0.8846;142;15;4;2;0;0.9355;20;20;1
org.apache.catalina.session.StandardSession.setAttribute(String, Object, boolean);org.apache.catalina.Container;1;4;3;0.9259;585;58;24;1;0;0.9783;35;35;6
org.apache.catalina.connector.InputBuffer.mark(int);org.apache.tomcat.util.res.StringManager;1;0;5;0.9000;210;19;17;1;0;0.9286;52;3;3
org.apache.catalina.connector.Request.doGetSession(boolean);org.apache.tomcat.util.res.StringManager;0;4;6;0.9511;1203;127;53;1;0;0.9583;52;3;3
org.apache.catalina.servlets.DefaultServlet.renderHtml(String, CacheEntry);org.apache.naming.resources.ProxyDirContext;3;3;2;0.9310;1001;37;20;2;0;0.9773;469;64;15
org.apache.tomcat.util.bcel.classfile.Field.equals(Object);org.apache.tomcat.util.bcel.util.BCELComparator;0;0;1;1.0000;37;4;1;1;0;0.5000;2;2;0
org.apache.tomcat.util.net.NioEndpoint.Poller.run();org.apache.tomcat.util.net.NioEndpoint;1;3;3;0.8182;396;15;6;2;6;0.8868;362;19;26
org.apache.catalina.ha.session.SerializablePrincipal.createPrincipal(GenericPrincipal);org.apache.catalina.realm.GenericPrincipal;0;0;0;1.0000;83;9;7;4;0;0.7500;58;7;5
org.apache.jasper.compiler.Validator.ValidateVisitor.visit(Node.ELExpression);org.apache.jasper.compiler.Node;4;1;2;0.9348;735;37;19;0;1;0.9697;163;7;15
org.apache.catalina.realm.UserDatabaseRealm.startInternal();org.apache.catalina.core.StandardServer;1;0;2;0.8462;92;6;4;1;0;0.9808;309;29;19
org.apache.catalina.ha.deploy.FarmWarDeployer.start();org.apache.catalina.Host;0;0;11;0.8077;376;28;17;1;0;0.9750;22;22;2
org.apache.jasper.compiler.Generator.GenerateVisitor.visit(Node.UseBean);org.apache.jasper.compiler.ServletWriter;7;0;1;0.9875;1736;44;16;7;1;0.7333;54;12;6
org.apache.catalina.startup.UserConfig.deploy();org.apache.tomcat.util.res.StringManager;0;1;3;0.8696;87;10;8;1;0;0.9333;52;3;3
org.apache.tomcat.util.digester.FactoryCreateRule.end(String, String);org.apache.tomcat.util.digester.ArrayStack;1;0;2;0.9310;114;5;5;2;0;0.8889;53;6;1
org.apache.catalina.tribes.transport.bio.PooledMultiSender.sendMessage(Member[], ChannelMessage);org.apache.catalina.tribes.transport.DataSender;0;0;0;1.0000;25;2;0;1;0;0.9333;11;11;0
org.apache.catalina.core.StandardWrapper.unload();org.apache.catalina.Context;4;1;10;0.9130;748;76;36;1;0;0.9936;139;139;1
org.apache.tomcat.util.net.NioEndpoint.Acceptor.run();org.apache.tomcat.util.res.StringManager;1;0;0;1.0000;52;1;0;1;0;0.9286;52;3;3
org.apache.jasper.compiler.ErrorDispatcher.jspError(Node, String, String, Exception);org.apache.jasper.compiler.Node;1;1;0;0.9524;158;22;2;0;1;0.9630;163;7;15
org.apache.catalina.startup.Embedded.addEngine(Engine);org.apache.catalina.Lifecycle;0;0;2;0.9796;368;34;10;1;0;0.9231;6;6;11
org.apache.catalina.ha.tcp.ReplicationValve.resetDeltaRequest(Session);org.apache.catalina.Container;1;0;2;1.0000;278;16;17;1;0;0.9750;35;35;6
org.apache.coyote.http11.InternalNioOutputBuffer.isWritable();org.apache.tomcat.util.MutableInteger;1;0;1;0.9375;117;9;5;0;1;0.6667;11;0;1
org.apache.catalina.tribes.group.interceptors.MessageDispatchInterceptor.addToQueue(ChannelMessage, Member[], InterceptorPayload);org.apache.catalina.tribes.transport.bio.util.FastQueue;0;0;1;0.9500;138;12;8;1;0;0.9615;172;11;14
org.apache.catalina.mbeans.ServerLifecycleListener.createMBeans(Server);org.apache.catalina.core.StandardServer;0;2;1;0.9459;563;31;2;1;0;0.9811;309;29;19
org.apache.catalina.connector.Request.getDecodedRequestURI();org.apache.tomcat.util.buf.MessageBytes;1;0;1;0.9943;1203;127;53;1;0;0.9767;380;30;16
org.apache.jasper.compiler.Generator.generateXmlProlog(Node.Nodes);org.apache.jasper.compiler.JspUtil;4;0;3;0.9400;782;28;18;1;0;1.0000;608;37;6
org.apache.coyote.http11.Http11AprProcessor.asyncDispatch(long, SocketStatus);org.apache.tomcat.util.res.StringManager;0;0;0;0;0;0;0;0;0;0;0;0;0
org.apache.catalina.tribes.group.ChannelInterceptorBase.memberAdded(Member);org.apache.catalina.tribes.MembershipListener;0;0;1;0.9444;66;14;4;1;0;0.6667;2;2;0
org.apache.catalina.realm.UserDatabaseRealm.hasRole(Principal, String);org.apache.catalina.realm.GenericPrincipal;0;0;1;0.9286;92;6;4;1;0;0.9545;58;7;5
org.apache.catalina.tribes.io.ObjectReader.append(byte[], int, int, boolean);org.apache.catalina.tribes.io.XByteBuffer;0;0;1;0.9412;71;9;5;2;0;0.9200;317;36;7
org.apache.tomcat.util.modeler.BaseModelMBean.invoke(String, Object, String);org.apache.tomcat.util.modeler.ManagedBean;0;0;3;0.9459;284;28;9;1;0;0.9744;252;23;13
org.apache.juli.logging.LogFactory.getInstance(String);org.apache.juli.logging.DirectJDKLog;0;0;0;1.0000;51;12;6;1;0;1.0000;81;21;3
org.apache.jasper.compiler.JspDocumentParser.endElement(String, String, String);org.apache.jasper.compiler.Node.Nodes;4;2;6;0.8654;663;28;20;3;0;0.8750;43;5;3
org.apache.jasper.compiler.Generator.generatePreamble(Node.Nodes);org.apache.jasper.Constants;4;6;3;0.8571;782;28;18;0;1;1.0000;0;0;33
org.apache.coyote.ajp.AjpProcessor.SocketOutputBuffer.doWrite(ByteChunk, Response);org.apache.tomcat.util.buf.ByteChunk;5;0;0;1.0000;27;1;0;2;1;0.9500;425;43;10
org.apache.catalina.core.StandardWrapper.getWebModuleKeyProperties();org.apache.catalina.Container;0;0;0;0;0;0;0;0;0;0;0;0;0
org.apache.coyote.http11.filters.SavedRequestInputFilter.available();org.apache.tomcat.util.buf.ByteChunk;0;0;1;0.8750;34;7;1;1;0;0.9792;425;43;10
org.apache.tomcat.util.net.AbstractEndpoint.getCurrentThreadsBusy();org.apache.tomcat.util.threads.ThreadPoolExecutor;0;0;1;0.9859;397;29;69;1;0;0.9167;46;5;1
org.apache.tomcat.util.net.AprEndpoint.Sendfile.remove(SendfileData);org.apache.tomcat.util.net.AprEndpoint.SendfileData;2;0;3;0.7273;187;5;6;0;1;0.9091;0;0;8
org.apache.catalina.core.StandardContext.bindThread();org.apache.catalina.Loader;0;1;0;0.9969;2421;209;114;1;0;0.9412;14;14;0
org.apache.el.parser.ELParser.jj_3R_33();org.apache.el.parser.ELParserConstants;1;1;0;0.9925;2270;112;22;0;1;0.9825;0;0;56
org.apache.catalina.tribes.group.GroupChannel.setMembershipService(MembershipService);org.apache.catalina.tribes.group.ChannelCoordinator;0;0;1;0.9697;268;24;9;1;0;0.9565;164;15;5
org.apache.catalina.filters.RequestFilter.processCometEvent(String, CometEvent, CometFilterChain);org.apache.catalina.comet.CometEvent;0;1;0;0.9375;82;10;5;2;0;0.8000;6;6;2
org.apache.catalina.session.PersistentManagerBase.PrivilegedStoreSave.run();org.apache.catalina.Store;1;0;1;0.6667;7;1;1;1;0;0.9231;11;11;0
org.apache.catalina.connector.Request.recycle();org.apache.catalina.connector.Connector;3;0;38;0.7923;1203;127;53;0;1;1.0000;405;53;33
org.apache.catalina.core.NamingContextListener.removeResourceEnvRef(String);org.apache.juli.logging.Log;1;0;3;0.9375;745;23;11;1;0;0.9500;18;18;0
org.apache.catalina.ha.authenticator.ClusterSingleSignOn.deregister(String, Session);org.apache.catalina.ha.CatalinaCluster;1;1;2;0.8889;142;15;4;2;0;0.9375;20;20;1
org.apache.catalina.tribes.transport.bio.MultipointBioSender.sendMessage(Member[], ChannelMessage);org.apache.catalina.tribes.io.XByteBuffer;1;1;0;0.9286;93;9;2;1;0;1.0000;317;36;7
org.apache.coyote.http11.Http11NioProcessor.action(ActionCode, Object);org.apache.coyote.http11.InputFilter;13;1;9;0.8816;840;14;11;1;0;0.9851;7;7;0
org.apache.tomcat.util.net.JIoEndpoint.processSocket(SocketWrapper<Socket>, SocketStatus);org.apache.catalina.Globals;0;0;2;0.9412;195;10;6;0;0;1.0000;0;0;39
org.apache.jasper.compiler.Generator.genCommonPostamble();org.apache.jasper.compiler.ServletWriter;1;0;4;0.9149;782;28;18;3;1;0.8462;54;12;6
org.apache.catalina.loader.WebappLoader.startInternal();org.apache.catalina.mbeans.MBeanUtils;1;5;8;0.8611;553;36;17;0;0;1.0000;706;52;4
org.apache.catalina.tribes.membership.McastService.setLocalMemberProperties(String, int, int, int);org.apache.catalina.tribes.util.UUIDGenerator;0;0;4;0.9437;353;55;13;1;0;1.0000;26;3;6
org.apache.tomcat.util.net.AprEndpoint.Sendfile.destroy();org.apache.tomcat.jni.Poll;2;0;5;0.5833;187;5;6;1;0;1.0000;9;9;11
org.apache.catalina.session.JDBCStore.save(Session);org.apache.catalina.Container;1;6;9;0.7692;495;34;23;1;0;0.9833;35;35;6
org.apache.catalina.loader.WebappLoader.setClassPath();org.apache.catalina.Context;2;1;4;0.9245;553;36;17;1;0;0.9931;139;139;1
org.apache.catalina.authenticator.FormAuthenticator.savedRequestURL(Session);org.apache.catalina.authenticator.SavedRequest;1;0;0;1.0000;236;8;3;2;0;0.9200;67;15;9
org.apache.catalina.core.StandardContext.setResources(DirContext);org.apache.tomcat.util.res.StringManager;2;0;8;0.9758;2421;209;114;1;0;0.9545;52;3;3
org.apache.catalina.core.StandardContext.addResourceJarUrl(URL);org.apache.juli.logging.Log;0;0;0;0;0;0;0;0;0;0;0;0;0
org.apache.jasper.compiler.Validator.ValidateVisitor.visit(Node.UninterpretedTag);org.apache.jasper.compiler.ErrorDispatcher;4;2;2;0.9167;735;37;19;1;0;0.9677;158;22;2
org.apache.catalina.mbeans.NamingResourcesMBean.getResources();org.apache.catalina.mbeans.MBeanUtils;0;0;1;0.9286;138;9;2;1;0;1.0000;706;52;4
org.apache.catalina.ha.session.DeltaManager.handleSESSION_CREATED(SessionMessage, Member);org.apache.catalina.ha.session.DeltaSession;3;1;5;0.9570;822;41;40;5;1;0.9048;399;42;7
org.apache.catalina.valves.CometConnectionManagerValve.invoke(Request, Response);org.apache.catalina.connector.Request;1;0;2;0.8667;136;8;4;1;1;0.9888;1203;127;53
org.apache.catalina.session.JDBCStore.keys();org.apache.juli.logging.Log;1;5;5;0.8276;495;34;23;1;0;0.9677;18;18;0
org.apache.jasper.compiler.JspDocumentParser.endElement(String, String, String);org.apache.jasper.compiler.TagConstants;4;2;6;0.8654;663;28;20;0;1;1.0000;0;0;57
org.apache.catalina.core.ContainerBase.backgroundProcess();org.apache.juli.logging.Log;2;0;7;0.9425;555;53;27;1;0;0.9688;18;18;0
org.apache.catalina.util.LifecycleBase.addLifecycleListener(LifecycleListener);org.apache.catalina.util.LifecycleSupport;0;0;1;0.9231;88;11;4;1;0;0.8750;38;3;3
org.apache.catalina.connector.Request.getLocalAddr();org.apache.coyote.Request;2;0;2;0.9886;1203;127;53;1;1;0.9643;221;18;34
org.apache.coyote.http11.Http11AprProtocol.setSSLCertificateChainFile(String);org.apache.tomcat.util.net.AprEndpoint;1;0;1;0.9901;387;76;26;0;1;0.9808;471;17;35
org.apache.coyote.ajp.AjpProcessor.action(ActionCode, Object);org.apache.juli.logging.Log;9;3;14;0.7541;659;13;32;1;0;0.9811;18;18;0
org.apache.catalina.tribes.group.interceptors.TwoPhaseCommitInterceptor.sendMessage(Member[], ChannelMessage, InterceptorPayload);org.apache.catalina.tribes.ChannelMessage;0;0;3;0.9286;69;3;6;5;0;0.6875;11;11;0
org.apache.jasper.compiler.Generator.GenerateVisitor.visit(Node.PlugIn);org.apache.jasper.Constants;10;3;1;0.9481;1736;44;16;0;2;1.0000;0;0;33
org.apache.catalina.session.ManagerBase.getLastAccessedTime(String);org.apache.catalina.Session;0;0;2;0.9773;518;58;32;1;0;0.9722;32;32;4
org.apache.coyote.ajp.AjpProcessor.action(ActionCode, Object);org.apache.tomcat.util.res.StringManager;9;3;14;0.7541;659;13;32;1;0;0.9750;52;3;3
org.apache.catalina.connector.RequestFacade.setAttribute(String, Object);org.apache.tomcat.util.res.StringManager;0;0;2;0.9859;450;69;2;1;0;0.8571;52;3;3
org.apache.tomcat.util.bcel.classfile.Attribute.toString();org.apache.tomcat.util.bcel.Constants;1;0;1;0.8889;98;6;5;0;1;1.0000;0;0;122
org.apache.el.parser.AstValue.getMethodInfo(EvaluationContext, Class[]);org.apache.el.util.ReflectionUtil;0;1;0;0.9167;148;10;1;1;0;1.0000;87;7;3
org.apache.naming.NamingContext.getNameInNamespace();org.apache.naming.StringManager;0;0;1;1.0000;282;32;6;1;0;0.8000;50;3;3
org.apache.jasper.compiler.PageDataImpl.SecondPassVisitor.visit(Node.ELExpression);org.apache.jasper.compiler.TagConstants;3;0;3;0.9400;307;41;6;0;2;1.0000;0;0;57
org.apache.tomcat.util.digester.ObjectCreateRule.end(String, String);org.apache.juli.logging.Log;1;0;0;1.0000;43;3;2;2;0;0.9091;18;18;0
org.apache.tomcat.util.scan.StandardJarScanner.getJarName(URL);org.apache.tomcat.util.scan.Constants;1;0;0;1.0000;119;3;6;0;1;1.0000;0;0;5
org.apache.coyote.http11.InternalInputBuffer.fill(boolean);org.apache.tomcat.util.res.StringManager;0;0;0;1.0000;240;5;0;1;0;0.9091;52;3;3
org.apache.jasper.runtime.PerThreadTagHandlerPool.init(ServletConfig);org.apache.jasper.Constants;1;0;2;0.7143;60;4;3;0;1;1.0000;0;0;33
org.apache.catalina.core.ApplicationFilterFactory.matchDispatcher(FilterMap, DispatcherType);org.apache.catalina.deploy.FilterMap;1;0;0;1.0000;189;6;3;1;5;0.9333;96;9;13
org.apache.tomcat.util.net.AprEndpoint.Acceptor.run();org.apache.tomcat.util.res.StringManager;1;0;0;1.0000;20;1;0;1;0;0.9000;52;3;3
org.apache.catalina.connector.Request.getParameterMap();org.apache.catalina.util.ParameterMap;1;2;1;0.9829;1203;127;53;1;1;0.8462;34;5;2
org.apache.catalina.manager.ManagerServlet.save(PrintWriter, String);org.apache.catalina.Service;1;0;2;0.9804;924;35;13;1;0;0.9545;15;15;0
org.apache.catalina.mbeans.MBeanFactory.createSingleSignOn(String);org.apache.catalina.Pipeline;1;1;0;0.9714;401;31;3;1;0;0.9167;9;9;0
org.apache.coyote.http11.Http11AprProcessor.prepareResponse();org.apache.coyote.http11.AbstractOutputBuffer;8;2;12;0.8427;954;28;36;0;0;1.0000;200;22;11
org.apache.catalina.connector.InputBuffer.available();org.apache.coyote.Request;2;0;6;0.8421;210;19;17;1;1;0.9672;221;18;34
org.apache.catalina.core.StandardService.setContainer(Container);org.apache.catalina.Engine;1;0;3;0.9302;289;26;16;1;0;0.9231;6;6;0
org.apache.jasper.compiler.PageDataImpl.SecondPassVisitor.visit(Node.ELExpression);org.apache.jasper.compiler.Node.Root;3;0;3;0.9400;307;41;6;0;1;0.9375;56;2;8
org.apache.tomcat.util.http.fileupload.DeferredFileOutputStream.thresholdReached();org.apache.tomcat.util.http.fileupload.ByteArrayOutputStream;0;0;6;0.5714;60;5;7;1;0;0.9583;129;11;6
org.apache.catalina.manager.host.HostManagerServlet.doGet(HttpServletRequest, HttpServletResponse);org.apache.tomcat.util.res.StringManager;2;5;1;0.7368;310;13;8;1;0;0.9000;52;3;3
org.apache.catalina.core.ApplicationDispatcher.doInclude(ServletRequest, ServletResponse, DispatcherType);org.apache.catalina.Context;3;5;6;0.6071;421;14;11;1;0;0.9935;139;139;1
org.apache.jasper.servlet.JspServlet.init(ServletConfig);org.apache.jasper.compiler.Localizer;0;0;5;0.7222;167;10;5;2;0;1.0000;34;6;1
org.apache.tomcat.util.modeler.modules.MbeansDescriptorsIntrospectionSource.createManagedBean(Registry, String, Class<?>, String);org.apache.tomcat.util.modeler.ManagedBean;4;0;1;1.0000;194;7;10;3;0;0.9333;252;23;13
org.apache.catalina.deploy.WebXml.configureContext(Context);org.apache.catalina.deploy.SessionConfig;5;0;30;0.7986;1536;45;42;0;9;0.9159;54;5;9
org.apache.catalina.tribes.transport.nio.ParallelNioSender.sendMessage(Member[], ChannelMessage);org.apache.catalina.tribes.Channel;2;5;1;0.7500;246;12;4;0;2;1.0000;15;15;13
org.apache.jasper.compiler.SmapUtil.SmapGenVisitor.visit(Node.TemplateText);org.apache.jasper.compiler.SmapUtil;3;0;2;0.9394;149;23;3;1;0;1.0000;68;4;1
org.apache.catalina.startup.ServiceQnameRule.body(String, String, String);org.apache.tomcat.util.digester.Digester;0;0;0;1.0000;15;1;0;2;0;0.9853;849;103;29
org.apache.tomcat.util.digester.CallMethodRule.setDigester(Digester);org.apache.juli.logging.Log;1;0;2;0.9200;206;7;7;1;0;0.9565;18;18;0
org.apache.tomcat.util.buf.StringCache.toString(ByteChunk);org.apache.juli.logging.Log;1;2;10;1.0000;361;13;14;2;0;0.9286;18;18;0
org.apache.catalina.tribes.transport.nio.ParallelNioSender.doLoop(long, int, boolean, ChannelMessage);org.apache.catalina.tribes.util.Logs;2;0;2;0.9722;246;12;4;0;1;1.0000;0;0;1
org.apache.coyote.http11.Http11NioProtocol.Http11ConnectionHandler.release(SocketChannel);org.apache.tomcat.util.net.NioChannel;2;1;1;0.8750;177;8;6;0;1;0.9600;83;15;5
org.apache.catalina.connector.ResponseFacade.encodeRedirectURL(String);org.apache.catalina.connector.Response;0;0;2;0.9762;224;40;2;1;0;0.9889;596;70;20
org.apache.jasper.compiler.TagHandlerPoolVisitor.createTagHandlerPoolName(String, String, Attributes, Node.Nodes, boolean);org.apache.jasper.compiler.Node.Nodes;2;0;0;1.0000;37;2;1;2;0;0.8182;43;5;3
org.apache.catalina.tribes.io.ObjectReader.append(ByteBuffer, int, boolean);org.apache.catalina.tribes.io.XByteBuffer;0;0;1;0.9412;71;9;5;2;0;0.9200;317;36;7
org.apache.catalina.connector.Request.getDecodedRequestURIMB();org.apache.coyote.Request;1;0;1;0.9943;1203;127;53;0;1;0.9815;221;18;34
org.apache.catalina.ssi.SSIExec.process(SSIMediator, String, String[], String[], PrintWriter);org.apache.catalina.util.IOTools;1;0;2;0.8000;35;1;2;1;0;1.0000;22;4;1
org.apache.tomcat.util.modeler.BaseModelMBean.removeNotificationListener(NotificationListener);org.apache.tomcat.util.modeler.BaseNotificationBroadcaster;0;0;1;0.9706;284;28;9;1;0;0.8750;54;6;1
org.apache.tomcat.util.net.AprEndpoint.allocatePoller(int, long, int);org.apache.juli.logging.Log;2;0;1;1.0000;471;17;35;2;0;0.9000;18;18;0
org.apache.catalina.connector.RequestFacade.getRequestURL();org.apache.catalina.connector.Request;0;0;2;0.9859;450;69;2;1;0;0.9943;1203;127;53
org.apache.coyote.http11.Http11AprProtocol.start();org.apache.tomcat.util.res.StringManager;1;1;7;0.9444;387;76;26;1;0;0.9444;52;3;3
org.apache.catalina.connector.Response.recycle();org.apache.catalina.connector.CoyoteOutputStream;2;0;11;0.8804;596;70;20;1;0;0.9565;24;7;1
org.apache.catalina.ha.session.DeltaManager.handleSESSION_DELTA(SessionMessage, Member);org.apache.catalina.ha.session.SessionMessage;2;1;5;0.9535;822;41;40;2;0;0.8750;5;5;7
org.apache.catalina.authenticator.FormAuthenticator.forwardToErrorPage(Request, HttpServletResponse, LoginConfig);org.apache.catalina.Globals;1;0;1;1.0000;236;8;3;0;1;1.0000;0;0;39
org.apache.coyote.http11.Http11NioProcessor.process(NioChannel);org.apache.coyote.http11.AbstractInputBuffer;14;4;8;0.8358;840;14;11;0;1;0.9868;81;10;14
org.apache.el.parser.ELParser.Function();org.apache.el.parser.ELParserTreeConstants;4;4;4;0.9484;2270;112;22;0;1;0.9846;0;0;35
org.apache.coyote.http11.Http11NioProcessor.recycle();org.apache.coyote.http11.InternalNioOutputBuffer;0;0;5;0.8438;840;14;11;1;0;0.9643;117;9;5
org.apache.catalina.connector.CometEventImpl.getHttpServletResponse();org.apache.catalina.connector.Response;0;0;1;0.9091;54;6;5;1;0;0.9888;596;70;20
org.apache.catalina.tribes.transport.nio.NioReplicationTask.registerForRead(SelectionKey, ObjectReader);org.apache.catalina.tribes.transport.nio.NioReceiver;0;0;2;0.9333;197;7;5;1;0;0.9583;269;15;8
org.apache.catalina.loader.WebappLoader.stopInternal();org.apache.catalina.Globals;1;1;4;0.9516;553;36;17;0;1;1.0000;0;0;39
org.apache.catalina.ha.session.DeltaSession.getClassLoaders();org.apache.catalina.ha.session.ClusterManagerBase;0;0;0;1.0000;399;42;7;2;0;0.8333;23;4;0
org.apache.catalina.startup.Tool.usage();org.apache.juli.logging.Log;0;0;1;1.0000;86;2;6;1;0;0.9444;18;18;0
org.apache.jasper.compiler.ELNode.ELText.accept(Visitor);org.apache.jasper.compiler.ELNode.Visitor;0;0;0;1.0000;9;1;1;1;0;0.7500;9;4;0
org.apache.tomcat.util.http.fileupload.FileUploadBase.FileItemIteratorImpl.findNextItem();org.apache.tomcat.util.http.fileupload.FileItemHeaders;1;1;8;0.6400;122;4;8;1;0;0.9583;3;3;0
org.apache.jasper.JspC.initClassLoader(JspCompilationContext);org.apache.juli.logging.Log;0;1;4;0.9518;876;35;84;1;0;0.9565;18;18;0
org.apache.catalina.core.ApplicationContextFacade.getAttribute(String);org.apache.catalina.core.ApplicationContext;0;1;1;0.9672;514;57;3;1;0;0.9859;645;60;13
org.apache.catalina.tribes.transport.bio.MultipointBioSender.sendMessage(Member[], ChannelMessage);org.apache.catalina.tribes.transport.bio.BioSender;1;1;0;0.9286;93;9;2;1;0;0.9412;148;9;7
org.apache.catalina.authenticator.SingleSignOn.register(String, Principal, String, String, String);org.apache.juli.logging.Log;0;0;1;0.9474;164;12;6;2;0;0.9000;18;18;0
org.apache.catalina.session.JDBCStore.remove(String);org.apache.catalina.Container;1;5;5;0.8333;495;34;23;1;0;0.9800;35;35;6
org.apache.catalina.connector.Request.getParameterNames();org.apache.coyote.Request;1;1;2;0.9829;1203;127;53;0;1;0.9825;221;18;34
org.apache.catalina.core.ApplicationDispatcher.PrivilegedInclude.run();org.apache.catalina.core.ApplicationDispatcher;0;0;2;0.5000;10;1;2;1;0;0.9600;421;14;11
org.apache.coyote.http11.filters.ChunkedOutputFilter.end();org.apache.coyote.OutputBuffer;0;0;2;0.8750;38;4;6;1;0;0.5000;1;1;0
org.apache.catalina.mbeans.MBeanFactory.createRemoteAddrValve(String);org.apache.catalina.util.LifecycleMBeanBase;0;0;0;0;0;0;0;0;0;0;0;0;0
org.apache.catalina.connector.Response.isSuspended();org.apache.catalina.connector.OutputBuffer;1;0;1;0.9886;596;70;20;0;1;0.9756;207;25;15
org.apache.catalina.authenticator.FormAuthenticator.saveRequest(Request, Session);org.apache.tomcat.util.buf.ByteChunk;3;0;0;1.0000;236;8;3;0;1;0.9851;425;43;10
org.apache.catalina.users.MemoryGroup.getUsers();org.apache.catalina.users.MemoryUserDatabase;0;0;1;0.9167;74;8;2;1;0;0.9706;252;22;10
org.apache.jasper.compiler.ParserController.determineSyntaxAndEncoding(String, JarFile, String);org.apache.jasper.compiler.JspUtil;3;2;8;0.6774;281;12;13;1;0;1.0000;608;37;6
org.apache.catalina.ha.tcp.ReplicationValve.invoke(Request, Response);org.apache.catalina.ha.ClusterManager;0;3;5;0.8667;278;16;17;1;0;0.9714;15;15;0
org.apache.catalina.tribes.group.interceptors.TcpFailureDetector.memberDisappeared(Member);org.apache.catalina.tribes.Member;1;2;3;0.8462;227;15;10;1;1;0.9524;13;13;1
org.apache.catalina.startup.Embedded.createHost(String, String);org.apache.juli.logging.Log;0;0;1;1.0000;368;34;10;2;0;0.9000;18;18;0
org.apache.tomcat.util.net.AprEndpoint.init();org.apache.tomcat.jni.Error;7;0;25;0.5789;471;17;35;1;0;1.0000;14;3;2
org.apache.catalina.core.ApplicationContext.log(Exception, String);org.apache.catalina.core.ContainerBase;0;0;1;0.9857;645;60;13;1;0;0.9875;555;53;27
org.apache.catalina.session.JDBCStore.save(Session);org.apache.juli.logging.Log;1;6;9;0.7692;495;34;23;3;0;0.9268;18;18;0
org.apache.tomcat.util.digester.Digester.addRuleSet(RuleSet);org.apache.tomcat.util.digester.RuleSet;0;2;1;0.9779;849;103;29;2;0;0.7143;2;2;0
org.apache.jasper.servlet.JspServletWrapper.handleJspException(Exception);org.apache.jasper.compiler.JavacErrorDetail;4;1;2;0.9091;314;11;15;0;3;0.8125;89;2;6
org.apache.catalina.startup.ContextConfig.processAnnotationWebServlet(String, AnnotationEntry, WebXml);org.apache.tomcat.util.bcel.classfile.ElementValuePair;4;2;1;0.9672;1103;37;18;1;1;0.9130;16;2;3
org.apache.coyote.http11.Http11NioProcessor.prepareResponse();org.apache.tomcat.util.net.NioEndpoint;8;1;3;0.9344;840;14;11;0;1;0.9877;362;19;26
org.apache.catalina.tribes.tipis.AbstractReplicatedMap.ping(long);org.apache.catalina.tribes.group.Response;2;2;6;0.8824;741;50;17;0;1;0.9333;18;0;2
org.apache.catalina.tribes.tipis.AbstractReplicatedMap.MapMessage.key(ClassLoader[]);org.apache.catalina.tribes.io.XByteBuffer;0;0;2;0.9130;159;12;20;1;0;1.0000;317;36;7
org.apache.tomcat.util.modeler.modules.MbeansSource.processAttribute(MBeanServer, Node, String);org.apache.juli.logging.Log;0;0;2;0.9583;198;11;10;4;0;0.8095;18;18;0
org.apache.jasper.compiler.SmapUtil.SmapGenVisitor.visit(Node.TemplateText);org.apache.jasper.compiler.SmapStratum;3;0;2;0.9394;149;23;3;2;0;0.8947;89;6;5
org.apache.jasper.compiler.Validator.ValidateVisitor.getJspAttribute(TagAttributeInfo, String, String, String, String, Node, boolean);org.apache.jasper.compiler.PageInfo;5;0;2;0.9615;735;37;19;0;3;0.9655;341;30;46
org.apache.jasper.compiler.JspReader.pushFile(String, String, InputStreamReader);org.apache.juli.logging.Log;0;3;5;0.7895;304;23;9;3;0;0.8929;18;18;0
org.apache.catalina.ha.session.DeltaManager.sendCreateSession(String, DeltaSession);org.apache.catalina.ha.CatalinaCluster;2;1;5;0.9512;822;41;40;1;0;0.9655;20;20;1
org.apache.tomcat.util.http.ServerCookie.recycle();org.apache.tomcat.util.buf.MessageBytes;0;0;8;0.2727;136;5;12;1;0;0.9796;380;30;16
org.apache.catalina.mbeans.NamingResourcesMBean.getResourceLinks();org.apache.catalina.mbeans.MBeanUtils;0;0;1;0.9286;138;9;2;1;0;1.0000;706;52;4
org.apache.catalina.core.ApplicationHttpRequest.AttributeNamesEnumerator.findNext();org.apache.catalina.core.ApplicationHttpRequest;0;0;1;0.8750;39;3;4;1;0;0.9778;327;29;17
org.apache.catalina.realm.RealmBase.findSecurityConstraints(Request, Context);org.apache.catalina.deploy.SecurityCollection;0;1;1;0.9836;672;37;22;2;0;0.9375;147;14;7
org.apache.el.parser.AstIdentifier.getMethodInfo(EvaluationContext, Class<?>[]);org.apache.el.lang.EvaluationContext;1;1;0;0.8750;93;7;0;0;1;0.9167;35;7;3
org.apache.catalina.session.StandardSession.activate();org.apache.catalina.Manager;1;3;5;0.9241;585;58;24;1;0;0.9773;35;35;0
org.apache.catalina.core.ApplicationDispatcher.include(ServletRequest, ServletResponse);org.apache.catalina.Globals;1;1;0;0.9545;421;14;11;0;1;1.0000;0;0;39
org.apache.catalina.core.ApplicationContextFacade.getServletContextName();org.apache.catalina.security.SecurityUtil;0;1;1;0.9672;514;57;3;1;0;1.0000;146;11;17
org.apache.jasper.compiler.Validator.ValidateVisitor.checkNamedAttributes(Node.CustomTag, Node.JspAttribute[], int, Hashtable<String,Object>);org.apache.jasper.compiler.Node.Nodes;3;0;1;0.9825;735;37;19;3;0;0.8750;43;5;3
org.apache.catalina.core.ApplicationContext.getResourceAsStream(String);org.apache.naming.resources.Resource;1;0;1;0.9857;645;60;13;1;0;0.8750;23;1;2
org.apache.jasper.compiler.Generator.TagHandlerPoolVisitor.visit(Node.CustomTag);org.apache.jasper.compiler.Node.CustomTag;3;0;0;1.0000;37;2;1;1;3;0.9070;218;9;26
org.apache.catalina.deploy.WebXml.configureContext(Context);org.apache.catalina.deploy.SecurityRoleRef;5;0;30;0.7986;1536;45;42;2;0;0.9810;23;3;2
org.apache.catalina.core.StandardContext.addResourceJarUrl(URL);org.apache.naming.resources.BaseDirContext;0;0;0;0;0;0;0;0;0;0;0;0;0
org.apache.catalina.ha.session.BackupManager.startInternal();org.apache.juli.logging.Log;1;2;4;0.8710;135;20;7;1;0;0.9630;18;18;0
org.apache.catalina.startup.CopyParentClassLoaderRule.begin(String, String, Attributes);org.apache.tomcat.util.digester.Digester;1;0;0;1.0000;10;1;0;1;1;0.9854;849;103;29
org.apache.tomcat.util.modeler.ManagedBean.getSetter(String, BaseModelMBean, Object);org.apache.tomcat.util.modeler.AttributeInfo;0;0;1;0.9714;252;23;13;1;0;0.9375;55;8;7
org.apache.tomcat.util.http.MimeHeaders.addValue(char, int, int);org.apache.tomcat.util.http.MimeHeaderField;1;1;0;0.9565;129;18;3;0;2;0.7500;13;1;4
org.apache.catalina.util.ExtensionValidator.validateManifestResources(String, ArrayList<ManifestResource>);org.apache.juli.logging.Log;3;1;4;1.0000;192;6;4;1;0;0.9565;18;18;0
org.apache.catalina.deploy.WebXml.setName(String);org.apache.juli.logging.Log;1;0;4;0.9861;1536;45;42;1;0;0.9474;18;18;0
org.apache.catalina.core.StandardHostValve.custom(Request, Response, ErrorPage);org.apache.catalina.Container;0;0;0;1.0000;160;7;3;1;0;0.9792;35;35;6
org.apache.tomcat.util.http.fileupload.FileUploadBase.getFieldName(String);org.apache.tomcat.util.http.fileupload.ParameterParser;1;0;1;1.0000;187;14;12;1;1;0.8750;135;9;6
org.apache.el.parser.ELParser.DotSuffix();org.apache.el.parser.SimpleNode;4;1;1;0.9856;2270;112;22;0;1;0.9677;123;19;4
org.apache.catalina.tribes.group.interceptors.NonBlockingCoordinator.memberDisappeared(Member);org.apache.catalina.tribes.membership.Membership;0;4;3;0.8846;352;38;15;1;0;0.9655;137;11;6
org.apache.juli.AsyncFileHandler.LoggerThread.run();org.apache.juli.AsyncFileHandler;1;0;1;0.6667;18;1;1;0;2;1.0000;56;4;10
org.apache.coyote.http11.AbstractOutputBuffer.sendStatus();org.apache.tomcat.util.http.HttpMessages;3;3;3;0.8182;200;22;11;2;0;1.0000;56;3;5
org.apache.catalina.core.ApplicationFilterChain.internalDoFilterEvent(CometEvent);org.apache.catalina.security.SecurityUtil;1;0;7;0.7647;231;9;13;2;0;1.0000;146;11;17
org.apache.jasper.compiler.Generator.GenerateVisitor.visit(Node.AttributeGenerator);org.apache.jasper.compiler.Node.AttributeGenerator;4;0;1;0.9844;1736;44;16;0;2;0.7500;14;1;2
org.apache.catalina.mbeans.ServerLifecycleListener.destroyMBeans(Connector, Service);org.apache.juli.logging.Log;0;0;1;1.0000;563;31;2;2;0;0.8889;18;18;0
org.apache.catalina.core.ContainerBase.PrivilegedAddChild.run();org.apache.catalina.core.ContainerBase;0;0;1;0.5000;7;1;1;1;0;0.9873;555;53;27
org.apache.catalina.core.StandardHost.MemoryLeakTrackingListener.lifecycleEvent(LifecycleEvent);org.apache.catalina.Loader;2;0;0;1.0000;8;1;0;1;0;0.9444;14;14;0
org.apache.catalina.core.ApplicationContextFacade.addFilter(String, String);org.apache.catalina.core.ApplicationContext;0;1;1;0.9672;514;57;3;1;0;0.9859;645;60;13
org.apache.tomcat.util.net.NioBlockingSelector.BlockPoller.run();org.apache.tomcat.util.net.NioBlockingSelector;2;2;4;0.6667;182;9;4;0;1;1.0000;111;4;4
org.apache.tomcat.util.net.AprEndpoint.Sendfile.add(SendfileData);org.apache.juli.logging.Log;4;0;1;0.9524;187;5;6;1;0;0.9655;18;18;0
org.apache.catalina.core.ApplicationContextFacade.addListener(String);org.apache.catalina.core.ApplicationContext;0;1;1;0.9672;514;57;3;1;0;0.9859;645;60;13
org.apache.catalina.connector.RequestFacade.getRemoteUser();org.apache.tomcat.util.res.StringManager;0;0;2;0.9859;450;69;2;1;0;0.8571;52;3;3
org.apache.catalina.connector.OutputBuffer.getBufferSize();org.apache.tomcat.util.buf.ByteChunk;1;0;1;0.9750;207;25;15;0;1;0.9792;425;43;10
org.apache.catalina.mbeans.MBeanFactory.createStandardContext(String, String, String, boolean, boolean, boolean, boolean);org.apache.catalina.Service;2;3;2;0.9348;401;31;3;1;0;0.9677;15;15;0
org.apache.jasper.xmlparser.XMLEncodingDetector.scanXMLDecl();org.apache.jasper.xmlparser.XMLString;1;5;4;0.8302;798;23;29;0;3;0.8800;52;6;3
org.apache.catalina.loader.WebappLoader.startInternal();org.apache.naming.resources.DirContextURLStreamHandler;1;5;8;0.8611;553;36;17;1;0;1.0000;91;13;3
org.apache.catalina.startup.ContextConfig.fixDocBase();org.apache.catalina.Context;1;0;1;0.9808;1103;37;18;3;0;0.9793;139;139;1
org.apache.coyote.http11.InternalNioOutputBuffer.flushBuffer();org.apache.tomcat.util.net.SocketWrapper;2;1;1;0.9048;117;9;5;1;0;0.9500;60;2;11
org.apache.tomcat.util.net.AprEndpoint.Sendfile.run();org.apache.tomcat.jni.Error;5;3;5;0.7037;187;5;6;1;0;1.0000;14;3;2
org.apache.catalina.servlets.DefaultServlet.copy(CacheEntry, PrintWriter, Iterator<Range>, String);org.apache.naming.resources.CacheEntry;1;1;2;0.9630;1001;37;20;0;1;0.9375;13;2;8
org.apache.catalina.manager.JspHelper.guessDisplayUserFromSession(Session);org.apache.catalina.manager.util.SessionUtils;0;1;0;1.0000;113;12;3;1;0;1.0000;158;6;5
org.apache.catalina.startup.Bootstrap.createClassLoader(String, ClassLoader);org.apache.catalina.startup.CatalinaProperties;1;2;3;1.0000;240;19;8;1;0;1.0000;66;6;2
org.apache.catalina.ha.session.DeltaManager.findSessionMasterMember();org.apache.juli.logging.Log;1;0;4;0.9753;822;41;40;3;0;0.8571;18;18;0
org.apache.catalina.tribes.io.ChannelData.getDataFromPackage(byte[]);org.apache.catalina.tribes.io.BufferPool;1;0;5;0.7500;165;14;7;2;0;0.9091;37;4;4
org.apache.coyote.ajp.AjpProtocol.setAttribute(String, Object);org.apache.juli.logging.Log;1;0;3;0.9792;201;32;16;2;0;0.8947;18;18;0
org.apache.catalina.mbeans.ServerLifecycleListener.destroyMBeans(Service);org.apache.catalina.Service;0;2;0;0.9412;563;31;2;2;0;0.8889;15;15;0
org.apache.jasper.compiler.ErrorDispatcher.jspError(Node, String, String, String, String);org.apache.jasper.compiler.Node;1;1;0;0.9524;158;22;2;0;1;0.9630;163;7;15
org.apache.catalina.connector.Response.doIsEncodeable(Request, Session, String);org.apache.catalina.Session;1;1;0;0.9896;596;70;20;1;0;0.9756;32;32;4
org.apache.el.parser.AstDynamicExpression.getValue(EvaluationContext);org.apache.el.parser.Node;0;0;0;1.0000;15;4;0;1;0;0.9444;17;17;0
org.apache.catalina.realm.JDBCRealm.getPassword(String);org.apache.tomcat.util.res.StringManager;0;3;1;0.8621;280;13;15;1;0;0.9167;52;3;3
org.apache.catalina.ha.session.DeltaManager.requestCompleted(String, boolean);org.apache.catalina.ha.session.DeltaSession;3;1;5;0.9556;822;41;40;4;2;0.9000;399;42;7
org.apache.jasper.xmlparser.XMLEncodingDetector.createReader(InputStream, String, Boolean);org.apache.jasper.xmlparser.EncodingMap;1;0;3;0.9362;798;23;29;1;0;1.0000;20;6;2
org.apache.catalina.connector.InputBuffer.realReadBytes(byte, int, int);org.apache.coyote.Request;0;0;6;0.8286;210;19;17;1;0;0.9831;221;18;34
org.apache.tomcat.util.http.MimeHeaders.addValue(String);org.apache.tomcat.util.http.MimeHeaderField;1;1;0;0.9565;129;18;3;0;2;0.7500;13;1;4
org.apache.tomcat.util.bcel.classfile.Utility.codeToString(byte[], ConstantPool, int, int, boolean);org.apache.tomcat.util.bcel.util.ByteSequence;0;2;0;1.0000;428;19;5;1;0;0.6667;7;1;1
org.apache.jasper.compiler.TagFileProcessor.loadTagFile(Compiler, String, TagInfo, PageInfo);org.apache.jasper.compiler.JspRuntimeContext;3;0;1;0.9583;94;4;1;2;0;0.9524;187;11;10
org.apache.catalina.tribes.tipis.AbstractReplicatedMap.transferState();org.apache.juli.logging.Log;2;3;8;0.8592;741;50;17;2;0;0.9394;18;18;0
org.apache.catalina.tribes.group.interceptors.ThroughputInterceptor.sendMessage(Member[], ChannelMessage, InterceptorPayload);org.apache.catalina.tribes.io.ChannelData;0;1;9;0.4118;88;3;14;1;0;0.9643;165;14;7
org.apache.jasper.compiler.Node.ScriptingElement.getStart();org.apache.jasper.compiler.Node.Nodes;0;0;0;1.0000;30;2;0;2;0;0.8462;43;5;3
org.apache.tomcat.util.bcel.classfile.ExceptionTable.toString();org.apache.tomcat.util.bcel.Constants;1;0;2;0.7778;44;4;2;0;1;1.0000;0;0;122
org.apache.catalina.startup.IgnoreAnnotationsRule.begin(String, String, Attributes);org.apache.juli.logging.Log;3;0;0;1.0000;15;1;0;2;0;0.9130;18;18;0
org.apache.catalina.manager.ManagerServlet.start(PrintWriter, String);org.apache.catalina.util.RequestUtil;1;0;3;0.9574;924;35;13;1;0;1.0000;189;13;3
org.apache.catalina.ha.session.DeltaManager.sessionExpired(String);org.apache.juli.logging.Log;2;1;4;0.9620;822;41;40;2;0;0.9048;18;18;0
org.apache.catalina.manager.StatusTransformer.writePageHeading(PrintWriter, Object[], int);org.apache.catalina.manager.Constants;1;0;0;1.0000;601;20;0;0;1;1.0000;0;0;11
org.apache.catalina.startup.ContextConfig.processAnnotationWebInitParams(ElementValue);org.apache.tomcat.util.bcel.classfile.AnnotationEntry;3;0;0;1.0000;1103;37;18;1;0;0.9286;30;4;5
org.apache.catalina.mbeans.NamingResourcesMBean.getEnvironments();org.apache.tomcat.util.modeler.ManagedBean;0;0;1;0.9286;138;9;2;1;0;0.9730;252;23;13
org.apache.catalina.session.ManagerBase.getDigest();org.apache.juli.logging.Log;1;0;5;0.9663;518;58;32;3;0;0.8636;18;18;0
org.apache.el.parser.AstMod.getValue(EvaluationContext);org.apache.el.lang.ELArithmetic;0;0;0;1.0000;8;1;0;1;0;1.0000;96;16;5
org.apache.tomcat.util.digester.XercesParser.configureOldXerces(SAXParser, Properties);org.apache.juli.logging.Log;1;0;3;1.0000;45;4;7;1;0;0.9444;18;18;0
org.apache.catalina.connector.ResponseFacade.setIntHeader(String, int);org.apache.catalina.connector.Response;0;1;1;0.9512;224;40;2;1;0;0.9889;596;70;20
org.apache.catalina.mbeans.MBeanUtils.createObjectName(String, NamingResources);org.apache.catalina.deploy.NamingResources;1;0;0;1.0000;706;52;4;0;1;0.9808;342;36;13
org.apache.tomcat.util.bcel.classfile.ConstantPool.constantToString(Constant);org.apache.tomcat.util.bcel.classfile.ConstantInteger;11;3;0;0.9000;130;7;2;0;1;0.9444;17;2;1
org.apache.catalina.mbeans.NamingResourcesMBean.addEnvironment(String, String, String);org.apache.tomcat.util.modeler.ManagedBean;2;0;1;0.9474;138;9;2;1;0;0.9762;252;23;13
org.apache.jasper.compiler.TagLibraryInfoImpl.createFunctionInfo(TreeNode);org.apache.juli.logging.Log;0;0;1;0.9600;528;14;6;2;0;0.9091;18;18;0
org.apache.tomcat.util.http.MimeHeaders.findHeader(String, int);org.apache.tomcat.util.buf.MessageBytes;1;0;2;0.9091;129;18;3;1;0;0.9773;380;30;16
org.apache.jasper.compiler.Generator.GenerateVisitor.printParams(Node, String, boolean);org.apache.jasper.compiler.ServletWriter;4;0;1;0.9844;1736;44;16;1;0;0.9524;54;12;6
org.apache.catalina.mbeans.MBeanFactory.createStandardContext(String, String, String, boolean, boolean, boolean, boolean);org.apache.catalina.util.LifecycleMBeanBase;0;0;0;0;0;0;0;0;0;0;0;0;0
org.apache.catalina.connector.Connector.stopInternal();org.apache.coyote.ProtocolHandler;1;1;5;0.9545;405;53;33;1;0;0.9474;10;10;0
org.apache.catalina.util.LifecycleBase.findLifecycleListeners();org.apache.catalina.util.LifecycleSupport;1;0;1;0.9231;88;11;4;0;1;0.8750;38;3;3
org.apache.jasper.runtime.JspRuntimeLibrary.getReadMethod(Class<?>, String);org.apache.jasper.compiler.Localizer;0;0;0;1.0000;626;44;2;2;0;1.0000;34;6;1
org.apache.catalina.manager.util.SessionUtils.guessUserFromSession(Session);org.apache.catalina.Session;0;0;1;1.0000;158;6;5;2;0;0.9375;32;32;4
org.apache.catalina.tribes.tipis.LazyReplicatedMap.publishEntryInfo(Object, Object);org.apache.catalina.tribes.util.Arrays;1;0;1;1.0000;54;2;1;1;0;1.0000;157;24;1
org.apache.tomcat.util.http.Cookies.processCookieHeader(byte, int, int);org.apache.juli.logging.Log;4;3;1;0.9474;247;12;6;1;0;0.9630;18;18;0
org.apache.catalina.core.StandardContext.removeErrorPage(ErrorPage);org.apache.catalina.deploy.ErrorPage;0;0;3;0.9907;2421;209;114;2;0;0.8571;49;7;4
org.apache.catalina.mbeans.MBeanUtils.destroyMBean(Server);org.apache.tomcat.util.modeler.ManagedBean;0;2;2;1.0000;706;52;4;1;0;0.9714;252;23;13
org.apache.tomcat.util.http.fileupload.FileUploadBase.parseHeaderLine(FileItemHeadersImpl, String);org.apache.tomcat.util.http.fileupload.FileItemHeadersImpl;0;0;0;1.0000;187;14;12;1;0;0.8333;29;4;3
org.apache.catalina.core.StandardServer.getServerInfo();org.apache.catalina.util.ServerInfo;0;0;0;1.0000;309;29;19;1;0;1.0000;19;4;3
org.apache.catalina.tribes.group.interceptors.NonBlockingCoordinator.createData(CoordinationMessage, MemberImpl);org.apache.catalina.tribes.io.ChannelData;2;0;0;1.0000;352;38;15;0;4;0.7895;165;14;7
org.apache.catalina.startup.ContextConfig.configureStop();org.apache.catalina.Context;0;0;5;0.9595;1103;37;18;23;0;0.8456;139;139;1
org.apache.catalina.connector.Response.generateCookieString(Cookie);org.apache.catalina.security.SecurityUtil;0;0;0;0;0;0;0;0;0;0;0;0;0
org.apache.coyote.ajp.AjpMessage.appendCharChunk(CharChunk);org.apache.juli.logging.Log;1;2;2;0.9310;235;23;5;1;0;0.9583;18;18;0
org.apache.catalina.ha.session.DeltaManager.createSession(String, boolean);org.apache.tomcat.util.res.StringManager;1;1;4;0.9639;822;41;40;1;0;0.9231;52;3;3
org.apache.catalina.tribes.group.interceptors.TcpPingInterceptor.messageReceived(ChannelMessage);org.apache.catalina.tribes.io.XByteBuffer;1;0;2;1.0000;78;6;10;1;1;0.9333;317;36;7
org.apache.catalina.ssi.SSIMediator.formatDate(Date, TimeZone);org.apache.catalina.util.Strftime;0;0;1;0.9643;190;16;13;3;0;0.7000;93;6;2
org.apache.naming.resources.DirContextURLConnection.getContentLength();org.apache.naming.resources.ResourceAttributes;1;0;0;1.0000;186;11;7;0;1;1.0000;515;30;30
org.apache.catalina.core.StandardPipeline.getValveObjectNames();org.apache.catalina.util.LifecycleMBeanBase;0;0;0;0;0;0;0;0;0;0;0;0;0
org.apache.jasper.compiler.ELFunctionMapper.ELFunctionVisitor.matchMap(ArrayList<ELNode.Function>);org.apache.jasper.compiler.ELNode.Function;1;0;1;0.9412;151;14;1;0;3;0.6667;37;1;6
org.apache.catalina.connector.CoyoteReader.read();org.apache.catalina.connector.InputBuffer;0;0;1;0.9333;102;12;4;1;0;0.9722;210;19;17
org.apache.coyote.http11.InternalNioInputBuffer.readSocket(boolean, boolean);org.apache.tomcat.util.res.StringManager;2;1;2;0.9167;396;12;12;1;0;0.9474;52;3;3
org.apache.coyote.http11.Http11NioProtocol.Http11ConnectionHandler.register(Http11NioProcessor);org.apache.coyote.http11.Http11NioProtocol;4;0;4;0.8636;177;8;6;0;1;1.0000;97;17;3
org.apache.el.parser.AstMinus.getValue(EvaluationContext);org.apache.el.parser.Node;0;0;0;1.0000;8;1;0;1;0;0.9444;17;17;0
org.apache.catalina.ssi.SSIServlet.processSSI(HttpServletRequest, HttpServletResponse, URL);org.apache.catalina.ssi.SSIProcessor;0;0;4;0.6364;80;5;6;1;0;0.9412;202;9;6
org.apache.tomcat.util.modeler.modules.MbeansSource.processArg(Node);org.apache.tomcat.util.DomUtil;0;0;0;1.0000;198;11;10;4;0;1.0000;130;14;1
org.apache.el.parser.AstIdentifier.getMethodExpression(EvaluationContext);org.apache.el.lang.EvaluationContext;1;0;0;1.0000;93;7;0;2;1;0.7500;35;7;3
org.apache.catalina.connector.CoyoteAdapter.asyncDispatch(org.apache.coyote.Request, org.apache.coyote.Response, SocketStatus);org.apache.catalina.core.AsyncContextImpl;7;0;4;0.9744;620;12;9;4;1;0.9322;283;23;12
org.apache.naming.resources.DirContextURLStreamHandler.setProtocolHandler();org.apache.naming.resources.Constants;1;0;0;1.0000;91;13;3;0;2;1.0000;0;0;3
org.apache.catalina.startup.ContextConfig.antiLocking();org.apache.catalina.Container;0;0;4;0.9615;1103;37;18;1;0;0.9773;35;35;6
org.apache.catalina.core.ApplicationServletRegistration.setServletSecurity(ServletSecurityElement);org.apache.catalina.Context;2;2;2;0.8750;132;14;3;5;0;0.9655;139;139;1
org.apache.catalina.startup.ContextConfig.processAnnotationWebFilter(String, AnnotationEntry, WebXml);org.apache.tomcat.util.bcel.classfile.AnnotationEntry;5;2;1;0.9688;1103;37;18;1;0;0.9667;30;4;5
org.apache.catalina.connector.InputBuffer.readByte();org.apache.tomcat.util.buf.ByteChunk;0;0;3;0.9444;210;19;17;1;0;0.9800;425;43;10
org.apache.catalina.ha.session.DeltaSession.isDirty();org.apache.catalina.ha.session.DeltaRequest;0;1;0;0.9796;399;42;7;1;0;0.9545;179;15;15
org.apache.catalina.core.ApplicationPart.getHeaderNames();org.apache.tomcat.util.http.fileupload.FileItemHeaders;1;0;1;0.9231;59;9;2;1;0;0.8000;3;3;0
org.apache.tomcat.util.net.AprEndpoint.Sendfile.destroy();org.apache.tomcat.jni.Pool;2;0;5;0.5833;187;5;6;1;0;1.0000;13;13;0
org.apache.jasper.runtime.JspContextWrapper.removeAttribute(String);org.apache.jasper.compiler.Localizer;0;1;2;0.9333;257;38;7;1;0;1.0000;34;6;1
org.apache.el.parser.ELParser.String();org.apache.el.parser.ELParserTreeConstants;3;1;1;0.9855;2270;112;22;0;1;0.9762;0;0;35
org.apache.catalina.servlets.DefaultServlet.doOptions(HttpServletRequest, HttpServletResponse);org.apache.catalina.connector.RequestFacade;0;0;0;1.0000;1001;37;20;1;0;0.9857;450;69;2
org.apache.catalina.connector.MapperListener.removeListeners(Container);org.apache.catalina.Lifecycle;0;0;0;0;0;0;0;0;0;0;0;0;0
org.apache.jasper.compiler.Validator.ValidateVisitor.visit(Node.UseBean);org.apache.jasper.compiler.ErrorDispatcher;3;1;3;0.9388;735;37;19;1;0;0.9677;158;22;2
org.apache.jasper.compiler.Validator.ValidateVisitor.validateFunctions(ELNode.Nodes, Node);org.apache.jasper.compiler.ELNode.Nodes;4;1;2;0.9412;735;37;19;1;0;0.9500;35;5;2
org.apache.jasper.compiler.JspDocumentParser.processChars();org.apache.jasper.compiler.Localizer;3;0;10;0.7778;663;28;20;1;0;1.0000;34;6;1
org.apache.el.parser.ELParser.MethodParameters();org.apache.el.parser.ELParserConstants;2;3;4;0.9536;2270;112;22;0;14;0.7941;0;0;56
org.apache.catalina.core.ApplicationContextFacade.setInitParameter(String, String);org.apache.catalina.core.ApplicationContext;0;1;1;0.9672;514;57;3;1;0;0.9859;645;60;13
org.apache.el.lang.FunctionMapperFactory.resolveFunction(String, String);org.apache.el.lang.FunctionMapperImpl;0;0;2;0.5000;19;1;2;1;0;0.8571;22;4;2
org.apache.catalina.connector.CoyoteAdapter.event(org.apache.coyote.Request, org.apache.coyote.Response, SocketStatus);org.apache.catalina.connector.CometEventImpl;7;0;4;0.9714;620;12;9;0;2;0.9429;54;6;5
org.apache.catalina.core.ApplicationFilterFactory.createFilterChain(ServletRequest, Wrapper, Servlet);org.apache.catalina.Container;3;3;2;0.8333;189;6;3;2;0;0.9592;35;35;6
org.apache.catalina.connector.Response.getWriter();org.apache.catalina.connector.OutputBuffer;0;2;6;0.9326;596;70;20;1;0;0.9787;207;25;15
org.apache.el.parser.ELParser.String();org.apache.el.parser.Token;3;1;1;0.9855;2270;112;22;0;1;0.9474;24;3;9
org.apache.catalina.users.MemoryUserDatabase.removeUser(User);org.apache.catalina.User;0;0;1;0.9688;252;22;10;1;0;0.9444;17;17;0
org.apache.jasper.compiler.Parser.parseExpression(Node);org.apache.jasper.compiler.JspReader;0;1;3;0.9403;1185;55;13;3;0;0.9231;304;23;9
org.apache.tomcat.util.net.AprEndpoint.SocketWithOptionsProcessor.run();org.apache.tomcat.util.net.AprEndpoint.Handler;2;0;1;0.8750;20;1;1;1;0;0.8889;2;2;0
org.apache.catalina.startup.ContextConfig.validateSecurityRoles();org.apache.catalina.Context;1;0;3;0.9811;1103;37;18;3;0;0.9795;139;139;1
org.apache.tomcat.util.net.AprEndpoint.SocketWithOptionsProcessor.run();org.apache.tomcat.jni.Socket;2;0;1;0.8750;20;1;1;1;0;1.0000;37;37;34
org.apache.tomcat.util.http.fileupload.DiskFileItem.get();org.apache.tomcat.util.http.fileupload.DeferredFileOutputStream;1;2;2;0.8667;232;17;16;1;1;0.8889;60;5;7
org.apache.tomcat.util.http.MimeHeaders.setValue(String);org.apache.tomcat.util.http.MimeHeaderField;1;2;2;0.8333;129;18;3;0;2;0.8333;13;1;4
org.apache.catalina.ant.ValidatorTask.execute();org.apache.catalina.startup.DigesterFactory;2;0;1;0.8571;38;2;1;1;0;1.0000;56;5;1
org.apache.tomcat.util.digester.Digester.endElement(String, String, String);org.apache.juli.logging.Log;0;2;7;0.9353;849;103;29;4;0;0.8667;18;18;0
org.apache.jasper.compiler.Generator.FragmentHelperClass.closeFragment(Fragment, int);org.apache.jasper.compiler.ServletWriter;1;0;0;1.0000;132;6;4;2;0;0.8889;54;12;6
org.apache.catalina.loader.WebappLoader.toString();org.apache.catalina.Container;0;0;1;0.9804;553;36;17;1;0;0.9722;35;35;6
org.apache.catalina.core.ApplicationDispatcher.invoke(ServletRequest, ServletResponse, State);org.apache.catalina.InstanceEvent;3;3;4;0.8462;421;14;11;0;2;1.0000;89;7;17
org.apache.catalina.loader.WebappLoader.stopInternal();org.apache.tomcat.util.modeler.Registry;1;1;4;0.9516;553;36;17;2;0;0.9811;433;33;10
org.apache.tomcat.util.bcel.classfile.ConstantPool.getConstantString(int, byte);org.apache.tomcat.util.bcel.classfile.ConstantClass;4;1;0;0.9091;130;7;2;0;1;0.8750;17;2;1
org.apache.catalina.startup.HostConfig.deployWAR(String, File, String);org.apache.juli.logging.Log;2;4;8;0.8548;793;36;16;4;0;0.8947;18;18;0
org.apache.catalina.deploy.WebXml.addEjbRef(ContextEjb);org.apache.catalina.deploy.ResourceBase;0;0;1;0.9861;1536;45;42;1;0;0.9375;43;9;7
org.apache.jasper.compiler.PageDataImpl.SecondPassVisitor.visit(Node.TemplateText);org.apache.jasper.compiler.Node;2;1;0;0.9800;307;41;6;1;1;0.9286;163;7;15
org.apache.coyote.http11.Http11AprProcessor.action(ActionCode, Object);org.apache.tomcat.jni.SSL;10;1;19;0.7978;954;28;36;0;6;1.0000;15;15;120
org.apache.coyote.http11.Http11Protocol.Http11ConnectionHandler.process(SocketWrapper<Socket>, SocketStatus);org.apache.tomcat.util.res.StringManager;4;1;3;0.8095;105;5;5;1;0;0.9500;52;3;3
org.apache.catalina.manager.JspHelper.getDisplayCreationTimeForSession(Session);org.apache.catalina.Session;0;0;1;1.0000;113;12;3;1;0;0.9688;32;32;4
org.apache.juli.AsyncFileHandler.LogEntry.flush();org.apache.juli.AsyncFileHandler;1;0;2;0.6000;14;1;2;1;1;0.7778;56;4;10
org.apache.catalina.startup.ContextConfig.processAnnotationsJndi(URL, WebXml);org.apache.juli.logging.Log;2;2;2;0.9792;1103;37;18;1;0;0.9545;18;18;0
org.apache.tomcat.util.http.mapper.MappingData.recycle();org.apache.tomcat.util.buf.MessageBytes;0;0;9;0.1000;11;1;9;1;0;0.9800;380;30;16
org.apache.catalina.core.ApplicationContextFacade.addFilter(String, Filter);org.apache.catalina.security.SecurityUtil;0;1;1;0.9672;514;57;3;1;0;1.0000;146;11;17
org.apache.coyote.http11.Http11AprProcessor.prepareResponse();org.apache.tomcat.util.http.FastHttpDateFormat;8;2;12;0.8427;954;28;36;1;0;1.0000;85;6;8
org.apache.catalina.core.AsyncContextImpl.start(Runnable);org.apache.coyote.Request;1;1;5;0.8529;283;23;12;1;0;0.9831;221;18;34
org.apache.catalina.manager.ManagerServlet.init();org.apache.catalina.Container;0;0;10;0.8235;924;35;13;2;0;0.9592;35;35;6
org.apache.jasper.JspCompilationContext.getTldLocation(String);org.apache.jasper.Options;0;0;1;0.9839;426;31;31;1;0;0.9677;29;29;0
org.apache.jasper.compiler.JspRuntimeContext.unloadJsp();org.apache.jasper.Options;0;0;0;0;0;0;0;0;0;0;0;0;0
org.apache.tomcat.util.bcel.classfile.ConstantPool.constantToString(Constant);org.apache.tomcat.util.bcel.classfile.ConstantLong;11;3;0;0.9000;130;7;2;0;1;0.9444;17;2;1
org.apache.el.parser.AstValue.getType(EvaluationContext);org.apache.el.util.MessageFactory;0;1;0;0.9333;148;10;1;1;0;1.0000;24;7;1
org.apache.catalina.connector.CoyoteAdapter.parsePathParameters(org.apache.coyote.Request, Request);org.apache.catalina.connector.Connector;0;0;0;0;0;0;0;0;0;0;0;0;0
org.apache.catalina.session.StandardManager.propertyChange(PropertyChangeEvent);org.apache.juli.logging.Log;1;0;1;0.9545;304;16;7;1;0;0.9500;18;18;0
org.apache.catalina.core.StandardService.addConnector(Connector);org.apache.juli.logging.Log;1;0;5;0.9091;289;26;16;1;0;0.9630;18;18;0
org.apache.jasper.JspCompilationContext.createCompiler();org.apache.jasper.Options;0;1;3;0.9365;426;31;31;2;0;0.9412;29;29;0
org.apache.catalina.valves.AccessLogValve.QueryElement.addElement(StringBuilder, Date, Request, Response, long);org.apache.catalina.connector.Request;0;0;0;1.0000;8;1;0;1;0;0.9943;1203;127;53
org.apache.coyote.ajp.AjpProcessor.action(ActionCode, Object);org.apache.coyote.Constants;9;3;14;0.7541;659;13;32;0;1;1.0000;0;0;14
org.apache.catalina.core.AsyncContextImpl.setTimeout(long);org.apache.coyote.Request;1;0;2;0.9412;283;23;12;1;0;0.9821;221;18;34
org.apache.coyote.http11.Http11NioProcessor.process(NioChannel);org.apache.tomcat.util.net.NioEndpoint.SendfileData;14;4;8;0.8358;840;14;11;0;1;0.9828;0;0;5
org.apache.catalina.valves.ExtendedAccessLogValve.getXParameterElement(PatternTokenizer);org.apache.juli.logging.Log;0;1;1;0.9286;367;10;2;1;0;0.9565;18;18;0
org.apache.catalina.deploy.SecurityConstraint.findCollection(String);org.apache.catalina.deploy.SecurityCollection;0;0;1;0.9565;194;18;7;1;0;0.9583;147;14;7
org.apache.catalina.ha.tcp.SimpleTcpCluster.backgroundProcess();org.apache.catalina.tribes.Channel;0;0;3;0.9508;368;43;29;1;0;0.9474;15;15;13
org.apache.catalina.servlets.DefaultServlet.copy(CacheEntry, ServletOutputStream, Iterator<Range>, String);org.apache.naming.resources.Resource;1;1;2;0.9630;1001;37;20;1;0;0.9167;23;1;2
org.apache.catalina.authenticator.FormAuthenticator.authenticate(Request, HttpServletResponse, LoginConfig);org.apache.tomcat.util.buf.CharChunk;3;6;2;0.7813;236;8;3;0;1;0.9872;393;39;8
org.apache.catalina.manager.ManagerServlet.resources(PrintWriter, String);org.apache.tomcat.util.res.StringManager;2;0;3;0.9556;924;35;13;1;0;0.8571;52;3;3
org.apache.catalina.connector.Request.getContextPath();org.apache.tomcat.util.buf.MessageBytes;1;0;1;0.9943;1203;127;53;1;0;0.9767;380;30;16
org.apache.catalina.connector.RequestFacade.isAsyncStarted();org.apache.catalina.connector.Request;0;0;1;0.9857;450;69;2;1;0;0.9943;1203;127;53
org.apache.coyote.http11.AbstractHttp11Protocol.setCiphers(String);org.apache.tomcat.util.net.AbstractEndpoint;0;0;1;0.9909;382;89;22;1;0;0.9859;397;29;69
org.apache.catalina.authenticator.AuthenticatorBase.register(Request, HttpServletResponse, Principal, String, String, String);org.apache.catalina.authenticator.Constants;3;1;4;0.9200;293;17;18;0;4;1.0000;0;0;19
org.apache.catalina.tribes.group.interceptors.DomainFilterInterceptor.getMember(Member);org.apache.catalina.tribes.membership.Membership;0;1;1;0.8182;52;9;2;1;0;0.9545;137;11;6
org.apache.coyote.ajp.AjpProcessor.prepareRequest();org.apache.tomcat.util.buf.MessageBytes;7;1;8;0.8861;659;13;32;6;1;0.9146;380;30;16
org.apache.catalina.connector.CoyoteAdapter.service(org.apache.coyote.Request, org.apache.coyote.Response);org.apache.catalina.Pipeline;8;0;5;0.9792;620;12;9;2;0;0.9565;9;9;0
org.apache.jasper.compiler.Generator.GenerateVisitor.visit(Node.CustomTag);org.apache.jasper.compiler.Generator;7;1;8;0.8916;1736;44;16;1;1;0.9857;782;28;18
org.apache.catalina.tribes.group.ChannelCoordinator.getMembers();org.apache.catalina.tribes.MembershipService;0;0;1;0.9545;164;15;5;1;0;0.9444;17;17;2
org.apache.catalina.startup.Bootstrap.createClassLoader(String, ClassLoader);org.apache.juli.logging.Log;1;2;3;1.0000;240;19;8;2;0;0.8889;18;18;0
org.apache.tomcat.util.modeler.modules.MbeansDescriptorsIntrospectionSource.createManagedBean(Registry, String, Class<?>, String);org.apache.tomcat.util.modeler.AttributeInfo;4;0;1;1.0000;194;7;10;0;4;0.8333;55;8;7
org.apache.catalina.valves.ExtendedAccessLogValve.ResponseHeaderElement.addElement(StringBuilder, Date, Request, Response, long);org.apache.catalina.valves.ExtendedAccessLogValve;0;0;1;0.6667;6;1;1;1;0;0.9167;367;10;2
org.apache.catalina.valves.SemaphoreValve.invoke(Request, Response);org.apache.catalina.Valve;0;2;3;0.6154;81;6;6;1;0;0.9231;7;7;0
org.apache.catalina.core.DefaultInstanceManager.loadClassMaybePrivileged(String, ClassLoader);org.apache.catalina.security.SecurityUtil;0;2;0;0.9048;316;14;9;1;0;1.0000;146;11;17
org.apache.coyote.ajp.AjpAprProtocol.AjpConnectionHandler.createProcessor();org.apache.coyote.ajp.AjpAprProtocol;2;1;1;0.8750;82;5;4;0;5;0.9153;219;40;15
org.apache.catalina.core.StandardHostValve.throwable(Request, Response, Throwable);org.apache.catalina.deploy.ErrorPage;4;3;2;0.9048;160;7;3;1;0;0.9615;49;7;4
org.apache.tomcat.util.buf.MessageBytes.equals(String);org.apache.tomcat.util.buf.ByteChunk;0;0;7;0.9048;380;30;16;1;0;0.9808;425;43;10
org.apache.jasper.compiler.Generator.GenerateVisitor.generateNamedAttributeJspFragment(Node.NamedAttribute, String);org.apache.jasper.compiler.Node.NamedAttribute;0;1;1;0.9677;1736;44;16;1;0;0.9375;71;3;7
org.apache.catalina.tribes.transport.bio.PooledMultiSender.sendMessage(Member[], ChannelMessage);org.apache.catalina.tribes.ChannelException;0;0;0;1.0000;25;2;0;1;0;0.9286;46;5;2
org.apache.tomcat.util.bcel.classfile.Utility.codeToString(ByteSequence, ConstantPool, boolean);org.apache.tomcat.util.bcel.Constants;2;1;1;1.0000;428;19;5;0;63;1.0000;0;0;122
org.apache.catalina.manager.host.HTMLHostManagerServlet.list(HttpServletRequest, HttpServletResponse, String);org.apache.catalina.Lifecycle;2;1;8;0.9375;241;8;11;0;0;1.0000;6;6;11
org.apache.catalina.connector.ResponseFacade.SetContentTypePrivilegedAction.run();org.apache.catalina.connector.Response;1;0;1;0.6667;7;1;1;1;0;0.9889;596;70;20
org.apache.catalina.ha.tcp.SimpleTcpCluster.removeManager(Manager);org.apache.catalina.ha.ClusterManager;0;1;3;0.9677;368;43;29;2;0;0.8889;15;15;0
org.apache.catalina.tribes.group.interceptors.NonBlockingCoordinator.createElectionMsg(MemberImpl, MemberImpl[], MemberImpl);org.apache.catalina.tribes.util.UUIDGenerator;1;0;1;1.0000;352;38;15;1;0;1.0000;26;3;6
org.apache.catalina.core.AsyncContextImpl.dispatch(ServletContext, String);org.apache.catalina.connector.Request;1;4;4;0.8250;283;23;12;7;0;0.9615;1203;127;53
org.apache.catalina.servlets.DefaultServlet.renderHtml(String, CacheEntry);org.apache.tomcat.util.res.StringManager;3;3;2;0.9310;1001;37;20;1;0;0.9412;52;3;3
org.apache.catalina.startup.TldConfig.createTldDigester(boolean, boolean);org.apache.catalina.startup.DigesterFactory;0;0;1;1.0000;291;15;15;1;0;1.0000;56;5;1
org.apache.coyote.http11.AbstractOutputBuffer.doWrite(ByteChunk, Response);org.apache.coyote.ActionCode;1;0;5;0.8529;200;22;11;0;1;1.0000;6;0;30
org.apache.catalina.tribes.group.interceptors.NonBlockingCoordinator.isHighest();org.apache.catalina.tribes.group.AbsoluteOrder.AbsoluteComparator;1;1;1;0.9600;352;38;15;1;0;0.9000;45;7;0
org.apache.catalina.session.JDBCStore.getName();org.apache.catalina.Manager;0;0;1;0.9828;495;34;23;1;0;0.9744;35;35;0
org.apache.jasper.compiler.Parser.parseElementsScriptless(Node);org.apache.jasper.compiler.JspReader;1;9;5;0.7941;1185;55;13;2;0;0.9608;304;23;9
org.apache.catalina.startup.ConnectorCreateRule._setExecutor(Connector, Executor);org.apache.juli.logging.Log;1;0;1;1.0000;22;3;1;1;0;0.9474;18;18;0
org.apache.catalina.connector.CoyoteAdapter.parseSessionCookiesId(org.apache.coyote.Request, Request);org.apache.catalina.Context;4;1;1;0.9643;620;12;9;1;0;0.9936;139;139;1
org.apache.jasper.compiler.Generator.GenerateVisitor.visit(Node.PlugIn);org.apache.jasper.Options;10;3;1;0.9481;1736;44;16;1;0;0.9800;29;29;0
org.apache.catalina.ha.authenticator.ClusterSingleSignOnListener.getSession(String, String);org.apache.catalina.ha.CatalinaCluster;1;0;1;0.9167;82;4;2;1;0;0.9643;20;20;1
org.apache.catalina.authenticator.FormAuthenticator.authenticate(Request, HttpServletResponse, LoginConfig);org.apache.catalina.Session;3;6;2;0.7813;236;8;3;4;0;0.9322;32;32;4
org.apache.coyote.ajp.AjpProtocol.AjpConnectionHandler.unregister(AjpProcessor);org.apache.juli.logging.Log;4;0;1;0.9444;90;5;5;3;0;0.8800;18;18;0
org.apache.catalina.core.StandardService.removeConnector(Connector);org.apache.juli.logging.Log;1;0;3;0.9535;289;26;16;1;0;0.9583;18;18;0
org.apache.coyote.ajp.AjpProtocol.destroy();org.apache.tomcat.util.modeler.Registry;1;1;5;0.9200;201;32;16;2;0;0.9783;433;33;10
org.apache.catalina.mbeans.ServerLifecycleListener.destroyMBeans(Server);org.apache.catalina.core.StandardServer;0;2;1;0.9444;563;31;2;1;0;0.9808;309;29;19
org.apache.catalina.filters.RequestFilter.processCometEvent(String, CometEvent, CometFilterChain);org.apache.catalina.comet.CometFilterChain;0;1;0;0.9375;82;10;5;1;0;0.7500;1;1;0
org.apache.catalina.core.ApplicationContext.log(String);org.apache.juli.logging.Log;0;0;1;0.9857;645;60;13;1;0;0.9500;18;18;0
org.apache.coyote.http11.InternalAprInputBuffer.parseHeader();org.apache.tomcat.util.res.StringManager;2;1;5;0.8276;358;13;15;1;0;0.9091;52;3;3
org.apache.catalina.authenticator.SingleSignOn.invoke(Request, Response);org.apache.catalina.authenticator.SingleSignOnEntry;2;1;1;0.9355;164;12;6;2;0;0.9375;49;9;6
org.apache.catalina.valves.JDBCAccessLogValve.close();org.apache.tomcat.util.ExceptionUtils;0;0;0;0;0;0;0;0;0;0;0;0;0
org.apache.catalina.core.StandardContext.addChild(Container);org.apache.catalina.Wrapper;1;3;1;0.9909;2421;209;114;3;0;0.9375;39;39;0
org.apache.catalina.tribes.tipis.AbstractReplicatedMap.mapMemberAdded(Member);org.apache.juli.logging.Log;0;1;4;0.9437;741;50;17;1;0;0.9643;18;18;0
org.apache.jasper.JspC.locateUriRoot(File);org.apache.jasper.compiler.Localizer;0;0;3;0.9759;876;35;84;1;0;1.0000;34;6;1
org.apache.jasper.xmlparser.XMLEncodingDetector.scanName();org.apache.jasper.xmlparser.SymbolTable;0;1;7;0.8298;798;23;29;1;0;0.9444;84;6;3
org.apache.catalina.servlets.DefaultServlet.copy(CacheEntry, InputStream, PrintWriter);org.apache.naming.resources.CacheEntry;1;1;1;0.9608;1001;37;20;0;1;0.9231;13;2;8
org.apache.el.parser.ELParser.Boolean();org.apache.el.parser.ELParserTreeConstants;2;2;4;0.9565;2270;112;22;0;2;0.9556;0;0;35
org.apache.catalina.core.StandardService.addConnector(Connector);org.apache.catalina.connector.Connector;1;0;5;0.9091;289;26;16;1;2;0.9667;405;53;33
org.apache.el.MethodExpressionImpl.isParmetersProvided();org.apache.el.parser.Node;0;1;0;0.9412;59;9;6;1;0;0.9444;17;17;0
org.apache.tomcat.util.bcel.classfile.CodeException.toString(ConstantPool, boolean);org.apache.tomcat.util.bcel.classfile.Utility;1;0;4;0.6000;36;4;4;1;0;1.0000;428;19;5
org.apache.catalina.mbeans.NamingResourcesMBean.addResourceLink(String, String);org.apache.catalina.deploy.NamingResources;1;0;1;0.9444;138;9;2;2;0;0.9636;342;36;13
org.apache.catalina.tribes.group.interceptors.NonBlockingCoordinator.startElection(boolean);org.apache.catalina.tribes.util.UUIDGenerator;1;5;8;0.7547;352;38;15;1;0;1.0000;26;3;6
org.apache.coyote.http11.Http11NioProtocol.start();org.apache.juli.logging.Log;1;0;2;0.9688;97;17;3;4;0;0.8571;18;18;0
org.apache.catalina.connector.Request.getDateHeader(String);org.apache.tomcat.util.http.FastHttpDateFormat;0;1;1;0.9884;1203;127;53;1;0;1.0000;85;6;8
org.apache.tomcat.util.bcel.classfile.CodeException.toString(ConstantPool, boolean);org.apache.tomcat.util.bcel.Constants;1;0;4;0.6000;36;4;4;0;1;1.0000;0;0;122
org.apache.coyote.http11.Http11Processor.process(SocketWrapper<Socket>);org.apache.coyote.Adapter;7;3;6;0.8596;731;12;7;1;0;0.9796;3;3;0
org.apache.catalina.realm.JNDIRealm.checkCredentials(DirContext, User, String);org.apache.juli.logging.Log;1;2;1;0.9605;742;44;32;2;0;0.9130;18;18;0
org.apache.catalina.startup.Tomcat.addServlet(Context, String, Servlet);org.apache.catalina.Container;0;0;0;1.0000;253;24;14;2;0;0.9429;35;35;6
org.apache.catalina.mbeans.ServerLifecycleListener.processContainerRemoveChild(Container, Container);org.apache.juli.logging.Log;1;2;1;0.9459;563;31;2;3;0;0.8696;18;18;0
org.apache.coyote.http11.Http11AprProtocol.start();org.apache.tomcat.util.net.AprEndpoint;1;1;7;0.9444;387;76;26;1;0;0.9844;471;17;35
org.apache.coyote.http11.AbstractHttp11Protocol.pause();org.apache.juli.logging.Log;1;2;2;0.9737;382;89;22;3;0;0.8696;18;18;0
org.apache.tomcat.util.bcel.classfile.ConstantUtf8.toString();org.apache.tomcat.util.bcel.classfile.Utility;0;0;1;0.7500;14;2;1;1;0;1.0000;428;19;5
org.apache.catalina.session.StandardManager.doLoad();org.apache.catalina.Container;2;1;2;0.9091;304;16;7;1;0;0.9800;35;35;6
org.apache.tomcat.util.digester.Digester.pop(String);org.apache.tomcat.util.digester.ArrayStack;0;0;2;0.9852;849;103;29;1;0;0.9167;53;6;1
org.apache.catalina.core.StandardHostValve.invoke(Request, Response);org.apache.catalina.Loader;1;2;1;0.9000;160;7;3;1;0;0.9655;14;14;0
org.apache.coyote.http11.Http11Processor.action(ActionCode, Object);org.apache.coyote.http11.AbstractOutputBuffer;9;1;7;0.8889;731;12;7;1;0;0.9880;200;22;11
org.apache.catalina.ha.tcp.SimpleTcpCluster.stopInternal();org.apache.catalina.ha.jmx.ClusterJmxHelper;0;1;5;0.9242;368;43;29;1;0;1.0000;82;7;4
org.apache.jasper.el.ExpressionEvaluatorImpl.parseExpression(String, Class, FunctionMapper);org.apache.jasper.el.ELContextImpl;1;0;1;0.6667;19;2;1;0;1;0.8333;35;1;4
org.apache.jasper.compiler.Dumper.DumpVisitor.visit(Node.Scriptlet);org.apache.jasper.compiler.Node.ScriptingElement;0;1;0;0.9643;122;27;1;1;0;0.8000;30;2;0
org.apache.catalina.session.PersistentManagerBase.unload();org.apache.juli.logging.Log;1;1;2;0.9512;421;30;12;2;0;0.9048;18;18;0
org.apache.catalina.startup.Embedded.createEngine();org.apache.juli.logging.Log;0;0;2;0.9778;368;34;10;2;0;0.9000;18;18;0
org.apache.jasper.compiler.Validator.ValidateVisitor.getJspAttribute(TagAttributeInfo, String, String, String, String, Node, boolean);org.apache.jasper.el.ELContextImpl;5;0;2;0.9615;735;37;19;0;1;0.9412;35;1;4
org.apache.catalina.ssi.SSIProcessor.process(Reader, long, PrintWriter);org.apache.catalina.ssi.SSICommand;2;4;5;0.5882;202;9;6;1;0;0.9167;1;1;0
org.apache.catalina.startup.Embedded.addEngine(Engine);org.apache.juli.logging.Log;0;0;2;0.9796;368;34;10;3;0;0.8696;18;18;0
org.apache.catalina.core.StandardWrapperValve.exception(Request, Response, Throwable);org.apache.catalina.Globals;1;0;0;1.0000;352;4;6;0;1;1.0000;0;0;39
org.apache.jasper.compiler.Validator.ValidateVisitor.visit(Node.Declaration);org.apache.jasper.compiler.Node.ScriptingElement;1;0;2;0.9545;735;37;19;1;0;0.8750;30;2;0
org.apache.catalina.session.FileStore.save(Session);org.apache.catalina.Container;1;2;0;0.9048;191;13;6;1;0;0.9767;35;35;6
org.apache.catalina.core.AprLifecycleListener.init();org.apache.tomcat.jni.Library;2;1;9;1.0000;111;7;14;0;4;1.0000;91;9;38
org.apache.catalina.core.ApplicationFilterConfig.release();org.apache.catalina.core.StandardContext;2;1;2;0.8800;175;15;8;0;1;0.9970;2421;209;114
org.apache.catalina.servlets.WebdavServlet.sendReport(HttpServletRequest, HttpServletResponse, Hashtable<String,Integer>);org.apache.catalina.util.XMLWriter;2;2;0;0.9459;1461;29;24;4;2;0.7333;79;10;5
org.apache.jasper.compiler.Generator.GenerateVisitor.visit(Node.Scriptlet);org.apache.jasper.compiler.ServletWriter;2;0;1;0.9846;1736;44;16;2;1;0.8500;54;12;6
org.apache.tomcat.util.bcel.classfile.EnumElementValue.stringifyValue();org.apache.tomcat.util.bcel.Constants;2;0;1;0.8571;15;2;2;0;1;1.0000;0;0;122
org.apache.catalina.core.ContainerBase.removeChild(Container);org.apache.catalina.Container;1;1;2;0.9756;555;53;27;1;1;0.9756;35;35;6
org.apache.catalina.connector.Request.getAttributeNames();org.apache.catalina.Globals;1;2;1;0.9827;1203;127;53;0;1;1.0000;0;0;39
org.apache.jasper.compiler.Validator.ValidateVisitor.checkNamedAttributes(Node.CustomTag, Node.JspAttribute[], int, Hashtable<String,Object>);org.apache.jasper.compiler.ErrorDispatcher;3;0;1;0.9825;735;37;19;2;0;0.9444;158;22;2
org.apache.jasper.compiler.Generator.GenerateVisitor.visit(Node.SetProperty);org.apache.jasper.compiler.Node.JspAttribute;6;0;1;0.9867;1736;44;16;1;5;0.8000;107;7;10
org.apache.catalina.ha.tcp.SimpleTcpCluster.registerManager(Manager);org.apache.catalina.Manager;0;1;4;0.9697;368;43;29;1;0;0.9767;35;35;0
org.apache.jasper.compiler.Generator.genPreambleClassVariableDeclarations();org.apache.jasper.compiler.ServletWriter;0;0;5;0.9286;782;28;18;5;0;0.7368;54;12;6
org.apache.el.lang.ExpressionBuilder.createMethodExpression(Class<?>, Class<?>[]);org.apache.el.util.MessageFactory;0;1;3;0.5000;117;7;4;0;0;1.0000;24;7;1
org.apache.catalina.connector.Request.recycle();org.apache.catalina.Globals;3;0;38;0.7923;1203;127;53;0;1;1.0000;0;0;39
org.apache.coyote.RequestGroupInfo.getBytesReceived();org.apache.coyote.RequestInfo;1;0;2;0.9091;112;15;7;0;1;0.9655;134;13;14
org.apache.catalina.connector.Response.resetBuffer(boolean);org.apache.catalina.connector.OutputBuffer;0;1;5;0.9438;596;70;20;1;0;0.9783;207;25;15
org.apache.catalina.startup.ContextConfig.getDefaultWebXml();org.apache.catalina.startup.Constants;1;0;1;0.9773;1103;37;18;0;1;1.0000;0;0;59
org.apache.catalina.core.StandardHostValve.status(Request, Response);org.apache.catalina.core.ApplicationFilterFactory;3;1;0;0.9524;160;7;3;0;2;1.0000;189;6;3
org.apache.jasper.compiler.Validator.ValidateVisitor.visit(Node.Expression);org.apache.jasper.compiler.Node.ScriptingElement;1;0;2;0.9545;735;37;19;1;0;0.8750;30;2;0
org.apache.catalina.core.ApplicationServletRegistration.addMapping(String);org.apache.catalina.Container;0;0;2;0.8947;132;14;3;1;0;0.9744;35;35;6
org.apache.catalina.authenticator.SingleSignOn.update(String, Principal, String, String, String);org.apache.catalina.authenticator.SingleSignOnEntry;0;1;0;0.9524;164;12;6;2;0;0.9048;49;9;6
org.apache.catalina.connector.Request.setServerPort(int);org.apache.coyote.Request;1;0;1;0.9943;1203;127;53;0;1;0.9815;221;18;34
org.apache.tomcat.util.modeler.modules.MbeansDescriptorsSerSource.execute();org.apache.tomcat.util.modeler.Registry;0;0;3;0.7778;49;2;6;2;0;0.9767;433;33;10
org.apache.coyote.ajp.AjpAprProcessor.process(long);org.apache.coyote.Response;5;4;14;0.7115;623;13;30;0;1;0.9846;250;19;18
org.apache.naming.resources.WARDirContext.WARResource.streamContent();org.apache.naming.resources.WARDirContext;1;0;1;0.8000;16;1;1;0;1;0.9730;199;28;3
org.apache.jasper.compiler.Node.TagDirective.accept(Visitor);org.apache.jasper.compiler.Node.Visitor;0;0;0;1.0000;27;2;1;1;0;0.9714;126;35;0
org.apache.jasper.compiler.Compiler.generateJava();org.apache.jasper.JspCompilationContext;12;1;7;0.8621;310;11;8;4;5;0.9100;426;31;31
org.apache.el.parser.AstIdentifier.isReadOnly(EvaluationContext);org.apache.el.lang.EvaluationContext;1;0;0;1.0000;93;7;0;3;2;0.5833;35;7;3
org.apache.jasper.compiler.Validator.ValidateVisitor.throwErrorIfExpression(Node, String, String);org.apache.jasper.compiler.Node;2;1;1;0.9535;735;37;19;0;1;0.9655;163;7;15
org.apache.catalina.ha.authenticator.ClusterSingleSignOn.deregister(String, Session);org.apache.catalina.Session;1;1;2;0.8889;142;15;4;2;0;0.9535;32;32;4
org.apache.tomcat.util.http.mapper.Mapper.clearWelcomeFiles(String, String);org.apache.juli.logging.Log;0;0;0;0;0;0;0;0;0;0;0;0;0
org.apache.coyote.http11.AbstractHttp11Protocol.setTcpNoDelay(boolean);org.apache.tomcat.util.net.AbstractEndpoint;0;0;1;0.9909;382;89;22;1;0;0.9859;397;29;69
org.apache.catalina.tribes.membership.MemberImpl.getMember(byte[], int, int, MemberImpl);org.apache.catalina.tribes.io.XByteBuffer;0;4;8;0.7436;300;29;19;3;0;1.0000;317;36;7
org.apache.catalina.session.FileStore.save(Session);org.apache.catalina.Manager;1;2;0;0.9048;191;13;6;1;0;0.9767;35;35;0
org.apache.catalina.realm.JNDIRealm.authenticate(String, String);org.apache.juli.logging.Log;0;4;0;0.9487;742;44;32;4;0;0.8333;18;18;0
org.apache.catalina.ha.session.JvmRouteBinderValve.handlePossibleTurnover(Request);org.apache.tomcat.util.res.StringManager;1;2;2;0.8947;165;11;7;1;0;0.9000;52;3;3
org.apache.catalina.manager.ManagerServlet.save(PrintWriter, String);org.apache.catalina.core.StandardServer;1;0;2;0.9804;924;35;13;2;0;0.9615;309;29;19
org.apache.catalina.ssi.SSIMediator.encode(String, String);org.apache.tomcat.util.http.HttpMessages;0;0;1;1.0000;190;16;13;1;0;1.0000;56;3;5
org.apache.catalina.mbeans.MBeanUtils.createMBean(UserDatabase);org.apache.tomcat.util.modeler.Registry;0;2;2;1.0000;706;52;4;1;0;0.9756;433;33;10
org.apache.catalina.core.ApplicationFilterRegistration.getInitParameters();org.apache.catalina.deploy.FilterDef;1;0;1;0.9333;110;11;3;1;0;0.9500;66;9;10
org.apache.jasper.compiler.Generator.DeclarationVisitor.visit(Node.PageDirective);org.apache.jasper.compiler.Generator;2;0;0;1.0000;36;3;1;1;1;0.9783;782;28;18
org.apache.catalina.mbeans.MBeanFactory.createRemoteHostValve(String);org.apache.catalina.util.LifecycleMBeanBase;0;0;0;0;0;0;0;0;0;0;0;0;0
org.apache.tomcat.util.modeler.modules.MbeansSource.processAttribute(MBeanServer, Node, String);org.apache.tomcat.util.DomUtil;0;0;2;0.9583;198;11;10;2;0;1.0000;130;14;1
org.apache.catalina.tribes.group.interceptors.DomainFilterInterceptor.getMembers();org.apache.catalina.tribes.membership.Membership;0;1;1;0.8182;52;9;2;1;0;0.9545;137;11;6
org.apache.coyote.ajp.AjpAprProcessor.action(ActionCode, Object);org.apache.coyote.Constants;6;3;13;0.7636;623;13;30;0;0;1.0000;0;0;14
org.apache.jasper.compiler.TagPluginManager.init(ErrorDispatcher);org.apache.jasper.xmlparser.ParserUtils;0;0;5;0.7500;66;3;6;1;0;0.9091;58;3;3
org.apache.catalina.ha.session.SimpleTcpReplicationManager.startInternal();org.apache.catalina.Cluster;1;0;4;0.9286;356;17;15;1;0;0.9583;11;11;0
org.apache.catalina.ha.session.DeltaManager.sendSessions(Member, Session[], long);org.apache.catalina.ha.ClusterMessage;2;1;5;0.9506;822;41;40;1;0;0.9231;6;6;0
org.apache.coyote.http11.filters.BufferedInputFilter.setRequest(Request);org.apache.coyote.InputBuffer;0;0;3;0.7500;49;6;6;1;0;0.8333;1;1;0
org.apache.coyote.http11.InternalAprOutputBuffer.endRequest();org.apache.coyote.http11.OutputFilter;1;1;5;0.8462;235;24;13;1;0;0.9231;6;6;0
org.apache.tomcat.util.buf.C2BConverter.flushBuffer();org.apache.tomcat.util.buf.WriteConvertor;0;0;1;0.9286;58;8;5;1;0;0.8571;22;4;1
org.apache.catalina.ha.deploy.FarmWarDeployer.remove(String);org.apache.catalina.Lifecycle;0;5;3;0.8511;376;28;17;1;0;0.9375;6;6;11
org.apache.catalina.connector.CoyoteWriter.flush();org.apache.catalina.connector.OutputBuffer;0;0;2;0.9355;141;28;3;1;0;0.9762;207;25;15
org.apache.tomcat.util.modeler.BaseModelMBean.preRegister(MBeanServer, ObjectName);org.apache.juli.logging.Log;0;0;3;0.9429;284;28;9;2;0;0.9000;18;18;0
org.apache.jasper.runtime.TagHandlerPool.get(Class<? extends Tag>);org.apache.jasper.Constants;1;0;3;0.7000;94;6;6;0;1;1.0000;0;0;33
org.apache.catalina.servlets.DefaultServlet.renderHtml(String, CacheEntry);org.apache.naming.resources.CacheEntry;3;3;2;0.9310;1001;37;20;0;4;0.7895;13;2;8
org.apache.jasper.compiler.JDTCompiler.generateClass(String[]);org.apache.jasper.JspCompilationContext;2;0;1;0.9565;317;1;1;5;2;0.9091;426;31;31
org.apache.catalina.startup.CatalinaProperties.loadProperties();org.apache.juli.logging.Log;0;2;2;1.0000;66;6;2;1;0;0.9444;18;18;0
org.apache.tomcat.util.bcel.classfile.StackMapTable.copy(ConstantPool);org.apache.tomcat.util.bcel.classfile.StackMapTableEntry;0;0;2;0.8000;43;4;2;1;0;0.9333;151;3;6
org.apache.catalina.core.ContainerBase.setCluster(Cluster);org.apache.catalina.Cluster;0;0;3;0.9756;555;53;27;1;0;0.9412;11;11;0
org.apache.catalina.tribes.transport.ReceiverBase.getBind();org.apache.juli.logging.Log;0;0;3;0.9630;320;20;33;3;0;0.8500;18;18;0
org.apache.jasper.servlet.JspServletWrapper.loadTagFilePrototype();org.apache.jasper.JspCompilationContext;1;1;1;0.9286;314;11;15;0;1;0.9841;426;31;31
org.apache.catalina.connector.MapperListener.findDefaultHost();org.apache.catalina.connector.Connector;0;0;0;0;0;0;0;0;0;0;0;0;0
org.apache.jasper.compiler.TagLibraryInfoImpl.createFunctionInfo(TreeNode);org.apache.jasper.compiler.Localizer;0;0;1;0.9600;528;14;6;1;0;1.0000;34;6;1
org.apache.catalina.ha.session.BackupManager.listSessionIdsFull();org.apache.catalina.tribes.tipis.AbstractReplicatedMap;0;0;0;1.0000;135;20;7;1;0;0.9848;741;50;17
org.apache.tomcat.util.digester.WithDefaultsRulesWrapper.getNamespaceURI();org.apache.tomcat.util.digester.Rules;0;0;1;0.9167;55;8;3;1;0;0.8889;8;8;0
org.apache.catalina.connector.CoyoteInputStream.read(byte[]);org.apache.catalina.security.SecurityUtil;0;0;1;0.8889;141;8;1;1;0;1.0000;146;11;17
org.apache.el.parser.ELParserTokenManager.jjFillToken();org.apache.el.parser.Token;1;0;3;0.9608;994;32;25;1;4;0.7895;24;3;9
org.apache.catalina.util.LifecycleMBeanBase.register(Object, String);org.apache.juli.logging.Log;0;0;0;0;0;0;0;0;0;0;0;0;0
org.apache.catalina.mbeans.MBeanUtils.createObjectName(String, Service);org.apache.catalina.Service;0;0;0;1.0000;706;52;4;1;0;0.9333;15;15;0
org.apache.catalina.authenticator.BasicAuthenticator.authenticate(Request, HttpServletResponse, LoginConfig);org.apache.juli.logging.Log;5;0;1;1.0000;57;2;2;2;0;0.9535;18;18;0
org.apache.catalina.startup.UserConfig.deploy(String, String);org.apache.catalina.Lifecycle;1;0;5;0.8261;87;10;8;1;0;0.9412;6;6;11
org.apache.tomcat.util.net.NioEndpoint.Poller.register(NioChannel);org.apache.tomcat.util.net.SocketProperties;3;1;0;0.9677;396;15;6;1;0;0.9836;162;28;23
org.apache.catalina.authenticator.FormAuthenticator.authenticate(Request, HttpServletResponse, LoginConfig);org.apache.tomcat.util.buf.MessageBytes;3;6;2;0.7813;236;8;3;1;1;0.9859;380;30;16
org.apache.jasper.compiler.JspDocumentParser.getTaglibInfo(String, String);org.apache.jasper.compiler.TagConstants;2;0;4;0.9130;663;28;20;0;2;1.0000;0;0;57
org.apache.jasper.compiler.Parser.parseJspAttributeAndBody(Node, String, String);org.apache.jasper.compiler.ErrorDispatcher;0;2;2;0.9412;1185;55;13;1;0;0.9655;158;22;2
org.apache.catalina.loader.WebappClassLoader.clearReferencesStaticFinal();org.apache.catalina.loader.ResourceEntry;1;1;2;0.9783;1601;58;35;0;1;0.9167;0;0;7
org.apache.catalina.mbeans.MBeanUtils.createObjectName(String, NamingResources);org.apache.catalina.Host;1;0;0;1.0000;706;52;4;1;0;0.9600;22;22;2
org.apache.catalina.tribes.transport.nio.NioReplicationTask.remoteEof(SelectionKey);org.apache.juli.logging.Log;0;1;1;0.9231;197;7;5;2;0;0.8947;18;18;0
org.apache.catalina.connector.ResponseFacade.containsHeader(String);org.apache.catalina.connector.Response;0;0;2;0.9762;224;40;2;1;0;0.9889;596;70;20
org.apache.catalina.startup.WebAnnotationSet.addResource(Context, Resource);org.apache.catalina.deploy.ResourceBase;5;0;0;1.0000;125;6;0;1;3;0.8462;43;9;7
org.apache.catalina.core.NamingContextListener.createNamingContext();org.apache.juli.logging.Log;2;6;8;0.7391;745;23;11;3;0;0.9286;18;18;0
org.apache.catalina.startup.ContextConfig.checkHandlesTypes(JavaClass);org.apache.tomcat.util.bcel.classfile.JavaClass;0;0;0;0;0;0;0;0;0;0;0;0;0
org.apache.catalina.manager.HTMLManagerServlet.findleaks();org.apache.tomcat.util.res.StringManager;0;0;0;1.0000;686;26;19;1;0;0.8333;52;3;3
org.apache.coyote.ajp.AjpAprProtocol.AjpConnectionHandler.process(long);org.apache.tomcat.util.res.StringManager;3;1;1;0.8571;82;5;4;1;0;0.9167;52;3;3
org.apache.coyote.ajp.AjpAprProtocol.pause();org.apache.juli.logging.Log;1;1;3;0.9655;219;40;15;3;0;0.8636;18;18;0
org.apache.catalina.realm.CombinedRealm.authenticate(X509Certificate[]);org.apache.catalina.Realm;2;0;2;0.9333;151;12;2;1;0;0.9412;14;14;0
org.apache.catalina.tribes.group.GroupChannel.memberAdded(Member);org.apache.catalina.tribes.MembershipListener;0;0;1;0.9697;268;24;9;1;0;0.6667;2;2;0
org.apache.catalina.startup.SetContextPropertiesRule.begin(String, String, Attributes);org.apache.tomcat.util.IntrospectionUtils;2;0;0;1.0000;15;1;0;1;0;1.0000;595;31;4
org.apache.jasper.compiler.Validator.TagExtraInfoVisitor.visit(Node.CustomTag);org.apache.jasper.compiler.Node;2;0;1;0.8750;27;1;1;0;1;0.9688;163;7;15
org.apache.coyote.http11.AbstractHttp11Protocol.setKeystoreFile(String);org.apache.tomcat.util.net.AbstractEndpoint;0;0;1;0.9909;382;89;22;1;0;0.9859;397;29;69
org.apache.tomcat.util.http.fileupload.FileUploadBase.getFieldName(FileItemHeaders);org.apache.tomcat.util.http.fileupload.FileItemHeaders;0;1;1;0.9412;187;14;12;1;0;0.7500;3;3;0
org.apache.catalina.ha.session.DeltaManager.stopInternal();org.apache.tomcat.util.ExceptionUtils;0;0;0;0;0;0;0;0;0;0;0;0;0
org.apache.catalina.startup.SetNextNamingRule.end(String, String);org.apache.tomcat.util.IntrospectionUtils;0;0;2;0.7500;25;2;2;1;0;1.0000;595;31;4
org.apache.catalina.realm.RealmBase.findSecurityConstraints(Request, Context);org.apache.juli.logging.Log;0;1;1;0.9836;672;37;22;2;0;0.9259;18;18;0
org.apache.catalina.session.PersistentManagerBase.processMaxIdleBackups();org.apache.catalina.session.StandardSession;1;1;2;0.9556;421;30;12;3;0;0.9634;585;58;24
org.apache.coyote.http11.Http11NioProcessor.action(ActionCode, Object);org.apache.coyote.Response;13;1;9;0.8816;840;14;11;0;2;0.9792;250;19;18
org.apache.catalina.util.RequestUtil.URLDecode(byte[], String, boolean);org.apache.juli.logging.Log;1;1;2;1.0000;189;13;3;1;0;0.9474;18;18;0
org.apache.catalina.core.StandardPipeline.addValve(Valve);org.apache.juli.logging.Log;1;1;4;0.8519;233;15;5;1;0;0.9643;18;18;0
org.apache.catalina.ssi.SSIFilter.doFilter(ServletRequest, ServletResponse, FilterChain);org.apache.catalina.ssi.ByteArrayServletOutputStream;1;0;6;0.5385;63;3;6;1;0;0.9286;9;2;1
org.apache.tomcat.util.digester.Digester.register(String, String);org.apache.juli.logging.Log;0;0;2;0.9851;849;103;29;2;0;0.9000;18;18;0
org.apache.catalina.connector.InputBuffer.read();org.apache.tomcat.util.buf.CharChunk;0;0;3;0.9444;210;19;17;1;0;0.9804;393;39;8
org.apache.catalina.manager.ManagerServlet.reload(PrintWriter, String);org.apache.catalina.Context;1;0;4;0.9375;924;35;13;2;0;0.9861;139;139;1
org.apache.el.parser.ELParser.FloatingPoint();org.apache.el.parser.ELParserConstants;4;1;1;0.9855;2270;112;22;0;1;0.9841;0;0;56
org.apache.jasper.compiler.Generator.GenerateVisitor.visit(Node.GetProperty);org.apache.jasper.compiler.BeanRepository;3;0;1;0.9853;1736;44;16;2;0;0.8667;24;3;3
org.apache.catalina.core.ApplicationFilterRegistration.getInitParameter(String);org.apache.catalina.deploy.FilterDef;0;0;1;0.9286;110;11;3;1;0;0.9474;66;9;10
org.apache.tomcat.util.digester.WithDefaultsRulesWrapper.setDigester(Digester);org.apache.tomcat.util.digester.Rule;1;0;2;0.8462;55;8;3;0;1;0.9333;31;9;2
org.apache.tomcat.util.bcel.classfile.StackMapEntry.dump(DataOutputStream);org.apache.tomcat.util.bcel.classfile.StackMapType;0;0;5;0.5000;64;3;5;1;0;0.9333;53;5;3
org.apache.jasper.compiler.Collector.CollectVisitor.checkSeen(Node.ChildInfo, Node);org.apache.jasper.compiler.Node.CustomTag;3;0;6;0.8065;114;15;6;1;2;0.9434;218;9;26
org.apache.tomcat.util.modeler.modules.MbeansSource.start();org.apache.tomcat.util.modeler.Registry;0;0;2;0.8947;198;11;10;1;0;0.9756;433;33;10
org.apache.jasper.compiler.Validator.ValidateVisitor.isExpression(Node, String, boolean);org.apache.jasper.compiler.PageInfo;3;0;1;0.9787;735;37;19;0;2;0.9756;341;30;46
org.apache.el.parser.ELParser.jj_consume_token(int);org.apache.el.parser.Token;1;1;7;0.9420;2270;112;22;0;2;0.9167;24;3;9
org.apache.catalina.authenticator.SingleSignOn.invoke(Request, Response);org.apache.catalina.connector.Response;2;1;1;0.9355;164;12;6;1;0;0.9904;596;70;20
org.apache.catalina.core.ContainerBase.ContainerBackgroundProcessor.processChildren(Container, ClassLoader);org.apache.catalina.core.ContainerBase;1;1;0;1.0000;37;2;0;0;1;1.0000;555;53;27
org.apache.catalina.connector.CoyoteAdapter.postParseRequest(org.apache.coyote.Request, Request, org.apache.coyote.Response, Response);org.apache.catalina.Container;11;4;2;0.9583;620;12;9;0;0;1.0000;35;35;6
org.apache.catalina.mbeans.MBeanFactory.createStandardServiceEngine(String, String, String);org.apache.catalina.Service;0;0;0;0;0;0;0;0;0;0;0;0;0
org.apache.catalina.ha.session.DeltaSession.removeAttribute(String, boolean, boolean);org.apache.tomcat.util.res.StringManager;0;2;1;0.9592;399;42;7;1;0;0.8571;52;3;3
org.apache.coyote.http11.Http11Protocol.Http11ConnectionHandler.createProcessor();org.apache.coyote.http11.Http11Processor;1;1;1;0.9459;105;5;5;1;0;0.9792;731;12;7
org.apache.tomcat.util.net.AprEndpoint.SocketProcessor.run();org.apache.tomcat.util.net.AprEndpoint.Handler;2;0;1;0.7500;9;1;1;1;0;0.8000;2;2;0
org.apache.catalina.manager.HTMLManagerServlet.list(HttpServletRequest, HttpServletResponse, String);org.apache.catalina.Context;1;1;12;0.9762;686;26;19;3;0;0.9804;139;139;1
org.apache.catalina.core.StandardWrapper.allocate();org.apache.tomcat.util.res.StringManager;1;2;9;0.9107;748;76;36;1;0;0.9500;52;3;3
org.apache.el.lang.ELSupport.coerceToNumber(Object, Class<?>);org.apache.el.lang.ELArithmetic;0;2;1;1.0000;406;22;1;1;0;1.0000;96;16;5
org.apache.catalina.core.StandardWrapper.incrementErrorCount();org.apache.catalina.core.StandardWrapperValve;1;0;1;0.9907;748;76;36;0;1;0.9091;352;4;6
org.apache.catalina.util.RequestUtil.URLDecode(String, String, boolean);org.apache.juli.logging.Log;1;1;2;1.0000;189;13;3;1;0;0.9444;18;18;0
org.apache.catalina.session.JDBCStore.getSize();org.apache.juli.logging.Log;1;5;5;0.8276;495;34;23;1;0;0.9677;18;18;0
org.apache.catalina.ssi.SSIMediator.log(String);org.apache.catalina.ssi.SSIExternalResolver;0;0;1;0.9615;190;16;13;1;0;0.8889;8;8;0
org.apache.catalina.startup.TldConfig.tldScanResourcePaths(String);org.apache.juli.logging.Log;1;2;5;0.9167;291;15;15;3;0;0.8571;18;18;0
org.apache.catalina.session.ManagerBase.getDigest();org.apache.tomcat.util.res.StringManager;1;0;5;0.9663;518;58;32;1;0;0.9091;52;3;3
org.apache.catalina.core.AsyncContextImpl.start(Runnable);org.apache.catalina.connector.Request;1;1;5;0.8529;283;23;12;1;0;0.9944;1203;127;53
org.apache.catalina.mbeans.MBeanUtils.createMBean(ContextResource);org.apache.tomcat.util.modeler.ManagedBean;0;2;2;1.0000;706;52;4;2;0;0.9429;252;23;13
org.apache.catalina.core.ApplicationFilterChain.internalDoFilter(ServletRequest, ServletResponse);org.apache.catalina.Wrapper;3;0;10;0.7727;231;9;13;1;0;0.9811;39;39;0
org.apache.catalina.connector.RequestFacade.isRequestedSessionIdFromURL();org.apache.tomcat.util.res.StringManager;0;0;2;0.9859;450;69;2;1;0;0.8571;52;3;3
org.apache.catalina.authenticator.FormAuthenticator.saveRequest(Request, Session);org.apache.catalina.authenticator.SavedRequest;3;0;0;1.0000;236;8;3;3;5;0.7838;67;15;9
org.apache.tomcat.util.bcel.classfile.ElementValuePair.dump(DataOutputStream);org.apache.tomcat.util.bcel.classfile.ElementValue;0;0;2;0.6667;16;2;3;1;0;0.8750;47;4;15
org.apache.catalina.core.StandardContext.setResources(DirContext);org.apache.naming.resources.FileDirContext;2;0;8;0.9758;2421;209;114;0;1;0.9787;219;25;5
org.apache.naming.ContextBindings.unbindContext(Object, Object);org.apache.naming.ContextAccessController;0;0;1;1.0000;112;21;6;1;0;1.0000;25;6;2
org.apache.coyote.ajp.AjpProcessor.readMessage(AjpMessage);org.apache.coyote.ajp.AjpMessage;1;1;0;0.9767;659;13;32;2;1;0.8846;235;23;5
org.apache.jasper.compiler.ELParser.parseFunction();org.apache.jasper.compiler.ELNode.Nodes;0;3;4;0.6957;206;12;10;1;0;0.9412;35;5;2
org.apache.jasper.compiler.JspDocumentParser.startElement(String, String, String, Attributes);org.apache.jasper.compiler.Localizer;6;5;11;0.6667;663;28;20;1;0;1.0000;34;6;1
org.apache.catalina.tribes.group.RpcChannel.messageReceived(Serializable, Member);org.apache.catalina.tribes.Channel;1;0;4;0.8421;98;6;9;1;0;0.9630;15;15;13
org.apache.jasper.tagplugins.jstl.core.Url.doTag(TagPluginContext);org.apache.jasper.tagplugins.jstl.Util;0;0;0;1.0000;45;1;0;1;0;1.0000;110;6;4
org.apache.tomcat.util.http.fileupload.DiskFileItem.writeObject(ObjectOutputStream);org.apache.tomcat.util.http.fileupload.DeferredFileOutputStream;1;1;3;0.8667;232;17;16;1;1;0.8889;60;5;7
org.apache.catalina.core.ApplicationContext.addServlet(String, String, Servlet);org.apache.catalina.core.StandardContext;2;1;2;0.9740;645;60;13;2;0;0.9939;2421;209;114
org.apache.coyote.http11.Http11Processor.action(ActionCode, Object);org.apache.tomcat.util.net.JIoEndpoint;9;1;7;0.8889;731;12;7;1;0;0.9848;195;10;6
org.apache.tomcat.util.net.NioEndpoint.Poller.register(NioChannel);org.apache.tomcat.util.net.NioChannel;3;1;0;0.9677;396;15;6;0;1;0.9667;83;15;5
org.apache.catalina.core.ApplicationContextFacade.addServlet(String, Class<? extends Servlet>);org.apache.catalina.security.SecurityUtil;0;1;1;0.9672;514;57;3;1;0;1.0000;146;11;17
org.apache.catalina.session.ManagerBase.toString();org.apache.catalina.Container;0;0;1;0.9884;518;58;32;1;0;0.9722;35;35;6
org.apache.coyote.http11.Http11Processor.process(SocketWrapper<Socket>);org.apache.coyote.http11.InternalOutputBuffer;7;3;6;0.8596;731;12;7;1;1;0.9655;72;8;3
org.apache.catalina.mbeans.ServerLifecycleListener.lifecycleEvent(LifecycleEvent);org.apache.catalina.mbeans.MBeanUtils;4;5;1;0.8649;563;31;2;2;0;1.0000;706;52;4
org.apache.tomcat.util.http.mapper.Mapper.addWrapper(String, String, String, Object, boolean);org.apache.juli.logging.Log;0;2;2;0.9394;837;39;5;1;0;0.9565;18;18;0
org.apache.catalina.valves.ValveBase.getObjectNameKeyProperties();org.apache.catalina.Pipeline;0;0;0;0;0;0;0;0;0;0;0;0;0
org.apache.coyote.http11.filters.GzipOutputFilter.doWrite(ByteChunk, Response);org.apache.tomcat.util.buf.ByteChunk;1;0;2;0.7778;26;4;5;2;1;0.9388;425;43;10
org.apache.catalina.realm.RealmBase.getServer();org.apache.catalina.Engine;0;0;1;0.9815;672;37;22;1;0;0.8889;6;6;0
org.apache.jasper.runtime.JspFactoryImpl.getPageContext(Servlet, ServletRequest, ServletResponse, String, boolean, int, boolean);org.apache.jasper.Constants;1;1;0;0.8571;71;6;5;0;1;1.0000;0;0;33
org.apache.catalina.mbeans.ServerLifecycleListener.lifecycleEvent(LifecycleEvent);org.apache.catalina.Lifecycle;4;5;1;0.8649;563;31;2;0;2;1.0000;6;6;11
org.apache.catalina.mbeans.MBeanUtils.getDomain(Service);org.apache.catalina.Container;0;0;0;0;0;0;0;0;0;0;0;0;0
org.apache.catalina.tribes.transport.bio.util.FastQueue.setAddWaitTimeout(long);org.apache.catalina.tribes.transport.bio.util.SingleRemoveSynchronizedAddLock;1;0;2;0.9200;172;11;14;0;1;0.9375;88;6;7
org.apache.jasper.compiler.Generator.GenerateVisitor.visit(Node.Expression);org.apache.jasper.compiler.Node;2;0;1;0.9848;1736;44;16;0;2;0.9375;163;7;15
org.apache.jasper.compiler.Generator.GenerateVisitor.generateSetters(Node.CustomTag, String, TagHandlerInfo, boolean);org.apache.jasper.compiler.ServletWriter;5;0;4;0.9459;1736;44;16;4;0;0.8710;54;12;6
org.apache.catalina.tribes.group.ChannelCoordinator.sendMessage(Member[], ChannelMessage, InterceptorPayload);org.apache.catalina.tribes.Channel;2;0;2;0.9286;164;15;5;0;1;1.0000;15;15;13
org.apache.coyote.http11.Http11NioProcessor.parseHost(MessageBytes);org.apache.tomcat.util.buf.MessageBytes;5;0;2;0.9474;840;14;11;2;1;0.9444;380;30;16
org.apache.catalina.startup.TldConfig.init();org.apache.catalina.Context;1;1;4;0.8462;291;15;15;3;0;0.9795;139;139;1
org.apache.catalina.loader.WebappClassLoader.findResource(String);org.apache.catalina.loader.ResourceEntry;1;1;4;0.9560;1601;58;35;0;1;0.9231;0;0;7
org.apache.catalina.tribes.transport.bio.BioReplicationTask.close();org.apache.catalina.tribes.io.ObjectReader;0;0;2;0.8182;92;6;3;1;0;0.9500;71;9;5
org.apache.jasper.compiler.Compiler.isOutDated(boolean);org.apache.jasper.servlet.JspServletWrapper;2;0;3;0.9032;310;11;8;2;1;0.9268;314;11;15
org.apache.catalina.core.StandardContext.removeFilterDef(FilterDef);org.apache.catalina.deploy.FilterDef;0;0;1;0.9969;2421;209;114;1;0;0.9500;66;9;10
org.apache.tomcat.util.http.Cookies.recycle();org.apache.tomcat.util.http.ServerCookie;0;0;3;0.7273;247;12;6;1;0;0.9286;136;5;12
org.apache.tomcat.util.bcel.classfile.LocalVariable.getSignature();org.apache.tomcat.util.bcel.Constants;2;0;2;0.8571;43;5;6;0;1;1.0000;0;0;122
org.apache.jasper.compiler.ErrorDispatcher.createJavacError(String, Node.Nodes, StringBuilder, int, JspCompilationContext);org.apache.jasper.compiler.Node;2;0;0;1.0000;158;22;2;0;2;0.9333;163;7;15
org.apache.catalina.core.StandardWrapper.setParent(Container);org.apache.catalina.core.StandardContext;0;0;2;0.9818;748;76;36;2;0;0.9938;2421;209;114
org.apache.catalina.ha.deploy.FileMessageFactory.writeMessage(FileMessage);org.apache.catalina.ha.deploy.FileMessage;1;1;6;0.7600;128;6;14;0;6;0.6842;53;2;7
org.apache.catalina.ha.session.DeltaManager.requestCompleted(String, boolean);org.apache.catalina.ha.session.DeltaRequest;3;1;5;0.9556;822;41;40;1;0;0.9730;179;15;15
org.apache.catalina.core.ApplicationContextFacade.getRequestDispatcher(String);org.apache.catalina.core.ApplicationContext;0;1;1;0.9672;514;57;3;1;0;0.9859;645;60;13
org.apache.coyote.http11.AbstractHttp11Protocol.getKeystorePass();org.apache.tomcat.util.net.AbstractEndpoint;1;0;1;0.9909;382;89;22;0;1;0.9859;397;29;69
org.apache.coyote.http11.Http11AprProtocol.getSendfileSize();org.apache.tomcat.util.net.AprEndpoint;1;0;1;0.9901;387;76;26;0;1;0.9808;471;17;35
org.apache.catalina.connector.Response.sendError(int, String);org.apache.catalina.Wrapper;1;5;3;0.9239;596;70;20;1;0;0.9800;39;39;0
org.apache.catalina.startup.Catalina.CatalinaShutdownHook.run();org.apache.catalina.startup.Catalina;1;0;0;1.0000;14;1;0;0;1;1.0000;316;16;7
org.apache.coyote.http11.InternalInputBuffer.InputStreamInputBuffer.doRead(ByteChunk, Request);org.apache.tomcat.util.buf.ByteChunk;0;0;0;1.0000;9;1;0;1;0;0.9804;425;43;10
org.apache.coyote.http11.InternalNioOutputBuffer.SocketOutputBuffer.doWrite(ByteChunk, Response);org.apache.tomcat.util.buf.ByteChunk;1;0;0;1.0000;7;1;0;1;2;0.9375;425;43;10
org.apache.catalina.core.ApplicationContextFacade.addListener(T);org.apache.catalina.core.ApplicationContext;0;1;1;0.9672;514;57;3;1;0;0.9859;645;60;13
org.apache.tomcat.util.http.fileupload.FileUploadBase.parseRequest(RequestContext);org.apache.tomcat.util.http.fileupload.FileItemFactory;0;2;1;0.9286;187;14;12;1;0;0.9286;1;1;0
org.apache.catalina.core.StandardServer.getDomainInternal();org.apache.catalina.mbeans.MBeanUtils;0;0;0;0;0;0;0;0;0;0;0;0;0
org.apache.tomcat.util.net.JIoEndpoint.Acceptor.run();org.apache.tomcat.util.net.JIoEndpoint;1;0;0;1.0000;28;1;0;1;3;0.8571;195;10;6
org.apache.catalina.connector.Request.getAttribute(String);org.apache.tomcat.util.buf.MessageBytes;2;2;5;0.9659;1203;127;53;1;0;0.9796;380;30;16
org.apache.el.parser.ELParser.ValuePrefix();org.apache.el.parser.ELParserConstants;1;4;3;0.9500;2270;112;22;0;8;0.8730;0;0;56
org.apache.catalina.core.StandardHostValve.event(Request, Response, CometEvent);org.apache.catalina.Valve;1;2;0;0.8667;160;7;3;1;0;0.9412;7;7;0
org.apache.catalina.mbeans.MemoryUserDatabaseMBean.removeGroup(String);org.apache.catalina.mbeans.MBeanUtils;0;0;0;1.0000;168;12;6;1;0;1.0000;706;52;4
org.apache.catalina.util.SchemaResolver.resolveEntity(String, String);org.apache.tomcat.util.digester.Digester;1;0;3;0.5000;32;2;4;0;1;0.9926;849;103;29
org.apache.catalina.startup.CallParamMultiRule.end(String, String);org.apache.tomcat.util.digester.Digester;0;0;0;1.0000;14;1;0;1;0;0.9928;849;103;29
org.apache.catalina.mbeans.MBeanFactory.createStandardHost(String, String, String, boolean, boolean, boolean, boolean);org.apache.catalina.Container;0;0;0;0;0;0;0;0;0;0;0;0;0
org.apache.jasper.compiler.Parser.parseDirective(Node);org.apache.jasper.compiler.JspReader;0;6;5;0.8382;1185;55;13;3;0;0.9362;304;23;9
org.apache.catalina.connector.Request.getProtocol();org.apache.tomcat.util.buf.MessageBytes;1;0;1;0.9943;1203;127;53;1;0;0.9767;380;30;16
org.apache.catalina.ha.deploy.FarmWarDeployer.copy(File, File);org.apache.juli.logging.Log;0;0;1;1.0000;376;28;17;1;0;0.9444;18;18;0
org.apache.coyote.ajp.AjpAprProtocol.getName();org.apache.tomcat.util.net.AbstractEndpoint;1;1;1;0.9630;219;40;15;0;1;0.9861;397;29;69
org.apache.catalina.startup.HomesUserDatabase.init();org.apache.catalina.startup.UserConfig;0;0;2;0.7500;27;5;2;1;0;0.9444;87;10;8
org.apache.catalina.mbeans.MBeanUtils.createObjectName(String, Loader);org.apache.catalina.Host;0;0;0;1.0000;706;52;4;1;0;0.9615;22;22;2
org.apache.catalina.connector.Request.recycle();org.apache.catalina.Session;3;0;38;0.7923;1203;127;53;1;0;0.9873;32;32;4
org.apache.catalina.ha.tcp.SimpleTcpCluster.setManagerClassName(String);org.apache.juli.logging.Log;0;0;1;1.0000;368;43;29;1;0;0.9444;18;18;0
org.apache.catalina.connector.RequestFacade.GetRequestDispatcherPrivilegedAction.run();org.apache.catalina.connector.Request;1;0;1;0.6667;6;1;1;1;0;0.9943;1203;127;53
org.apache.catalina.connector.Request.setServletPath(String);org.apache.tomcat.util.buf.MessageBytes;1;0;1;0.9943;1203;127;53;1;0;0.9767;380;30;16
org.apache.coyote.RequestGroupInfo.setMaxTime(long);org.apache.coyote.RequestInfo;1;0;2;0.9091;112;15;7;0;1;0.9655;134;13;14
org.apache.catalina.connector.CoyoteAdapter.asyncDispatch(org.apache.coyote.Request, org.apache.coyote.Response, SocketStatus);org.apache.coyote.ActionCode;7;0;4;0.9744;620;12;9;0;3;1.0000;6;0;30
org.apache.catalina.connector.ResponseFacade.encodeRedirectURL(String);org.apache.tomcat.util.res.StringManager;0;0;2;0.9762;224;40;2;1;0;0.8571;52;3;3
org.apache.catalina.util.ExtensionValidator.validateApplication(DirContext, Context);org.apache.naming.resources.Resource;1;2;1;1.0000;192;6;4;1;0;0.8750;23;1;2
org.apache.tomcat.util.bcel.classfile.Utility.classOrInterface(int);org.apache.tomcat.util.bcel.Constants;1;0;0;1.0000;428;19;5;0;1;1.0000;0;0;122
org.apache.catalina.connector.RequestFacade.isSecure();org.apache.catalina.connector.Request;0;0;2;0.9859;450;69;2;1;0;0.9943;1203;127;53
org.apache.catalina.ha.session.DeltaManager.messageReceived(SessionMessage, Member);org.apache.juli.logging.Log;2;8;4;0.8795;822;41;40;3;0;0.9032;18;18;0
org.apache.catalina.tribes.group.interceptors.FragmentationInterceptor.FragKey.hashCode();org.apache.catalina.tribes.io.XByteBuffer;0;0;1;0.7500;15;3;2;1;0;1.0000;317;36;7
org.apache.coyote.ajp.AjpAprProcessor.readt(int, boolean);org.apache.tomcat.jni.Socket;1;0;3;0.9487;623;13;30;1;0;1.0000;37;37;34
org.apache.catalina.ssi.SSIMediator.setConfigTimeFmt(String, boolean);org.apache.catalina.util.DateTool;1;1;2;0.8800;190;16;13;0;1;1.0000;0;0;11
org.apache.catalina.tribes.transport.ReplicationTransmitter.sendMessage(ChannelMessage, Member[]);org.apache.catalina.tribes.transport.MultiPointSender;0;0;1;0.8889;30;7;3;1;0;0.8750;7;7;0
org.apache.catalina.ha.session.SimpleTcpReplicationManager.messageReceived(SessionMessage, Member);org.apache.juli.logging.Log;1;2;4;0.8958;356;17;15;4;0;0.8889;18;18;0
org.apache.coyote.http11.AbstractHttp11Protocol.getSessionTimeout();org.apache.tomcat.util.net.AbstractEndpoint;1;0;1;0.9909;382;89;22;0;1;0.9859;397;29;69
org.apache.catalina.servlets.DefaultServlet.checkIfUnmodifiedSince(HttpServletRequest, HttpServletResponse, ResourceAttributes);org.apache.naming.resources.ResourceAttributes;0;0;0;1.0000;1001;37;20;1;0;0.9767;515;30;30
org.apache.jasper.compiler.Validator.ValidateVisitor.visit(Node.PlugIn);org.apache.jasper.compiler.Node.PlugIn;1;2;2;0.9362;735;37;19;0;2;0.8333;21;1;2
org.apache.catalina.connector.Request.getRemoteHost();org.apache.coyote.Request;2;1;3;0.9774;1203;127;53;1;1;0.9661;221;18;34
org.apache.catalina.startup.HostConfig.deployWAR(String, File, String);org.apache.catalina.Host;2;4;8;0.8548;793;36;16;1;0;0.9778;22;22;2
org.apache.jasper.JspCompilationContext.getServletClassName();org.apache.jasper.compiler.JspUtil;0;0;4;0.9333;426;31;31;1;0;1.0000;608;37;6
org.apache.tomcat.util.bcel.classfile.SimpleElementValue.stringifyValue();org.apache.tomcat.util.bcel.classfile.ConstantLong;6;0;1;0.9167;62;3;1;0;1;0.9231;17;2;1
org.apache.catalina.connector.Response.setLocale(Locale);org.apache.coyote.Response;0;2;4;0.9341;596;70;20;2;0;0.9556;250;19;18
org.apache.catalina.session.ManagerBase.changeSessionId(Session);org.apache.catalina.Session;0;1;0;0.9884;518;58;32;1;0;0.9697;32;32;4
org.apache.jasper.compiler.ErrorDispatcher.javacError(JavacErrorDetail[]);org.apache.jasper.compiler.ErrorHandler;0;0;1;0.9524;158;22;2;1;0;0.8000;4;4;0
org.apache.jasper.compiler.Node.Scriptlet.accept(Visitor);org.apache.jasper.compiler.Node.Visitor;0;0;0;1.0000;9;1;0;1;0;0.9714;126;35;0
org.apache.catalina.authenticator.AuthenticatorBase.startInternal();org.apache.catalina.Container;0;0;3;0.9394;293;17;18;1;0;0.9756;35;35;6
org.apache.catalina.mbeans.MBeanUtils.destroyMBean(Realm);org.apache.tomcat.util.modeler.ManagedBean;0;2;2;1.0000;706;52;4;1;0;0.9714;252;23;13
org.apache.catalina.tribes.transport.nio.NioReplicationTask.drainChannel(SelectionKey, ObjectReader);org.apache.catalina.tribes.io.ChannelData;4;3;2;0.8667;197;7;5;2;1;1.0000;165;14;7
org.apache.catalina.ha.session.SimpleTcpReplicationManager.createSession(String, boolean, boolean);org.apache.tomcat.util.res.StringManager;1;0;1;0.9762;356;17;15;1;0;0.9375;52;3;3
org.apache.catalina.ha.deploy.FarmWarDeployer.start();org.apache.tomcat.util.modeler.Registry;0;0;11;0.8077;376;28;17;2;0;0.9825;433;33;10
org.apache.catalina.connector.Connector.initInternal();org.apache.catalina.connector.MapperListener;0;0;0;0;0;0;0;0;0;0;0;0;0
org.apache.catalina.session.PersistentManagerBase.load();org.apache.catalina.Store;1;1;2;0.9545;421;30;12;1;0;0.9444;11;11;0
org.apache.coyote.ajp.AjpAprProcessor.receive();org.apache.coyote.ajp.AjpMessage;1;1;4;0.8810;623;13;30;3;1;0.8667;235;23;5
org.apache.coyote.http11.AbstractHttp11Protocol.setAllowUnsafeLegacyRenegotiation(String);org.apache.tomcat.util.net.AbstractEndpoint;1;0;1;0.9909;382;89;22;0;1;0.9859;397;29;69
org.apache.catalina.tribes.group.interceptors.TcpFailureDetector.memberDisappeared(Member);org.apache.catalina.tribes.membership.Membership;1;2;3;0.8462;227;15;10;1;0;0.9643;137;11;6
org.apache.catalina.mbeans.MBeanUtils.createMBean(ContextResourceLink);org.apache.tomcat.util.modeler.Registry;0;2;2;1.0000;706;52;4;1;0;0.9756;433;33;10
org.apache.catalina.startup.TaglibUriRule.body(String, String, String);org.apache.catalina.startup.TldConfig;1;0;1;0.9167;25;1;1;3;0;0.8966;291;15;15
org.apache.coyote.http11.Http11AprProtocol.Http11ConnectionHandler.register(Http11AprProcessor);org.apache.coyote.http11.AbstractHttp11Processor;4;0;3;0.8421;119;5;5;0;0;1.0000;228;17;32
org.apache.coyote.http11.Http11Processor.asyncDispatch(SocketStatus);org.apache.coyote.RequestInfo;4;1;2;0.9310;731;12;7;0;1;0.9744;134;13;14
org.apache.catalina.connector.MapperListener.registerHost(Host);org.apache.juli.logging.Log;0;0;0;0;0;0;0;0;0;0;0;0;0
org.apache.catalina.tribes.tipis.AbstractReplicatedMap.MapMessage.writeMembers(ObjectOutput, Member[]);org.apache.catalina.tribes.membership.MemberImpl;0;0;0;1.0000;159;12;20;1;0;0.9744;300;29;19
org.apache.catalina.authenticator.AuthenticatorBase.reauthenticateFromSSO(String, Request);org.apache.catalina.connector.Request;0;2;2;0.9143;293;17;18;3;0;0.9834;1203;127;53
org.apache.catalina.connector.CoyoteAdapter.parseSessionSslId(Request);org.apache.tomcat.util.net.SSLSupport;3;0;1;1.0000;620;12;9;0;1;1.0000;5;5;6
org.apache.catalina.connector.CoyoteAdapter.convertURI(MessageBytes, Request);org.apache.catalina.connector.Connector;4;0;2;0.9630;620;12;9;2;0;0.9798;405;53;33
org.apache.tomcat.util.net.NioEndpoint.Poller.cancelledKey(SelectionKey, SocketStatus, boolean);org.apache.tomcat.util.net.NioEndpoint.KeyAttachment;4;0;0;1.0000;396;15;6;2;2;0.8710;121;13;8
org.apache.catalina.realm.RealmBase.hasResourcePermission(Request, Response, SecurityConstraint[], Context);org.apache.catalina.connector.Request;1;1;3;0.9701;672;37;22;3;0;0.9841;1203;127;53
org.apache.jasper.servlet.JspServlet.handleMissingResource(HttpServletRequest, HttpServletResponse, String);org.apache.jasper.compiler.Localizer;0;0;1;0.9333;167;10;5;1;0;1.0000;34;6;1
org.apache.catalina.loader.WebappClassLoader.clearReferences();org.apache.tomcat.util.IntrospectionUtils;0;6;2;0.9091;1601;58;35;1;0;1.0000;595;31;4
org.apache.el.parser.JJTELParserState.openNodeScope(Node);org.apache.el.parser.Node;0;0;3;0.8125;74;10;5;1;0;0.9500;17;17;0
org.apache.jasper.compiler.TagLibraryInfoImpl.createVariable(TreeNode);org.apache.jasper.xmlparser.TreeNode;0;0;1;0.9600;528;14;6;3;0;0.8696;109;13;5
org.apache.coyote.http11.Http11Processor.action(ActionCode, Object);org.apache.coyote.http11.InternalOutputBuffer;9;1;7;0.8889;731;12;7;4;0;0.9344;72;8;3
org.apache.jasper.compiler.ImplicitTagLibraryInfo.getTagFile(String);org.apache.jasper.compiler.ParserController;1;0;3;0.6250;108;2;11;0;1;0.9655;281;12;13
org.apache.jasper.compiler.SmapUtil.SDEInstaller.copyMembers();org.apache.juli.logging.Log;0;4;1;0.8077;227;21;8;2;0;0.9130;18;18;0
org.apache.coyote.http11.filters.ChunkedInputFilter.parseChunkHeader();org.apache.coyote.http11.Constants;1;1;5;0.6250;128;9;10;0;3;1.0000;0;0;44
org.apache.catalina.util.ExtensionValidator.validateApplication(DirContext, Context);org.apache.tomcat.util.ExceptionUtils;0;0;0;0;0;0;0;0;0;0;0;0;0
org.apache.catalina.connector.Response.encodeRedirectURL(String);org.apache.catalina.Session;0;3;1;0.9551;596;70;20;1;0;0.9730;32;32;4
org.apache.naming.resources.WARDirContext.doLookup(String);org.apache.juli.logging.Log;1;1;1;0.9394;199;28;3;0;0;1.0000;18;18;0
org.apache.catalina.tribes.transport.nio.NioReceiver.createRxTask();org.apache.catalina.tribes.transport.AbstractRxTask;2;0;0;1.0000;269;15;8;0;2;0.8000;37;1;6
org.apache.jasper.runtime.PageContextImpl.getException();org.apache.jasper.runtime.JspRuntimeLibrary;0;0;1;0.9811;634;40;16;1;0;1.0000;626;44;2
org.apache.catalina.loader.WebappLoader.stopInternal();org.apache.catalina.mbeans.MBeanUtils;1;1;4;0.9516;553;36;17;0;0;1.0000;706;52;4
org.apache.tomcat.util.bcel.classfile.JavaClass.toString();org.apache.tomcat.util.bcel.classfile.Utility;1;3;12;0.3636;133;7;15;3;0;1.0000;428;19;5
org.apache.catalina.core.ApplicationFilterChain.internalDoFilter(ServletRequest, ServletResponse);org.apache.catalina.core.ApplicationDispatcher;3;0;10;0.7727;231;9;13;0;0;1.0000;421;14;11
org.apache.catalina.connector.Request.parseParts();org.apache.catalina.core.ApplicationPart;0;0;0;0;0;0;0;0;0;0;0;0;0
org.apache.catalina.startup.ContextConfig.getServletContainerInitializer(InputStream);org.apache.catalina.Container;0;0;0;0;0;0;0;0;0;0;0;0;0
org.apache.catalina.connector.Request.login(String, String);org.apache.catalina.Context;1;4;2;0.9722;1203;127;53;2;0;0.9866;139;139;1
org.apache.coyote.http11.AbstractHttp11Processor.addFilter(String);org.apache.juli.logging.Log;0;0;0;0;0;0;0;0;0;0;0;0;0
org.apache.naming.resources.DirContextURLConnection.list();org.apache.naming.resources.ProxyDirContext;1;1;3;0.7895;186;11;7;0;1;0.9877;469;64;15
org.apache.catalina.mbeans.ServerLifecycleListener.destroyMBeans(Context);org.apache.catalina.mbeans.MBeanUtils;0;1;1;0.9750;563;31;2;1;0;1.0000;706;52;4
org.apache.jasper.compiler.Node.Visitor.visitBody(Node);org.apache.jasper.compiler.Node.Nodes;1;0;0;1.0000;126;35;0;1;0;0.9091;43;5;3
org.apache.tomcat.util.http.fileupload.MultipartStream.ItemInputStream.makeAvailable();org.apache.tomcat.util.http.fileupload.MultipartStream.ProgressNotifier;1;2;3;0.7368;127;8;5;1;0;0.9474;16;3;4
org.apache.jasper.compiler.Dumper.DumpVisitor.visit(Node.Comment);org.apache.jasper.compiler.Node;1;1;0;0.9643;122;27;1;0;1;0.9630;163;7;15
org.apache.catalina.connector.CoyoteInputStream.available();org.apache.catalina.connector.InputBuffer;0;0;1;0.8889;141;8;1;1;0;0.9722;210;19;17
org.apache.tomcat.util.modeler.BaseModelMBean.getAttribute(String);org.apache.tomcat.util.modeler.ManagedBean;0;0;3;0.9412;284;28;9;1;0;0.9722;252;23;13
org.apache.naming.resources.ProxyDirContext.revalidate(CacheEntry);org.apache.naming.resources.ResourceAttributes;1;0;1;0.9877;469;64;15;2;0;0.9574;515;30;30
org.apache.catalina.mbeans.MBeanUtils.createMBean(ContextEnvironment);org.apache.tomcat.util.modeler.ManagedBean;0;2;2;1.0000;706;52;4;2;0;0.9429;252;23;13
org.apache.jasper.compiler.Parser.parseInclude(Node);org.apache.jasper.compiler.JspReader;0;2;3;0.9375;1185;55;13;1;0;0.9737;304;23;9
org.apache.jasper.compiler.Validator.ValidateVisitor.visit(Node.UseBean);org.apache.jasper.compiler.Node.UseBean;3;1;3;0.9388;735;37;19;0;1;0.9286;15;1;1
org.apache.coyote.http11.Http11NioProtocol.Http11ConnectionHandler.process(NioChannel);org.apache.tomcat.util.net.AbstractEndpoint.Handler;9;2;3;0.8438;177;8;6;0;1;0.9600;0;0;1
org.apache.catalina.tribes.tipis.AbstractReplicatedMap.get(Object);org.apache.catalina.tribes.tipis.ReplicatedMapEntry;3;2;8;0.8902;741;50;17;1;0;0.9722;10;10;0
org.apache.tomcat.util.modeler.BaseModelMBean.addAttributeChangeNotificationListener(NotificationListener, String, Object);org.apache.juli.logging.Log;0;0;2;0.9722;284;28;9;2;0;0.9000;18;18;0
org.apache.jasper.compiler.ELFunctionMapper.ELFunctionVisitor.visit(Node.JspElement);org.apache.jasper.compiler.Node.JspElement;2;0;0;1.0000;151;14;1;0;2;0.6667;21;1;2
org.apache.catalina.connector.Request.getRemoteAddr();org.apache.coyote.ActionCode;2;0;2;0.9886;1203;127;53;0;1;1.0000;6;0;30
org.apache.catalina.tribes.tipis.ReplicatedMap.publishEntryInfo(Object, Object);org.apache.catalina.tribes.Channel;1;0;0;1.0000;20;2;0;2;0;0.8947;15;15;13
org.apache.coyote.http11.Http11AprProtocol.getName();org.apache.tomcat.util.net.AbstractEndpoint;1;1;1;0.9802;387;76;26;0;1;0.9861;397;29;69
org.apache.coyote.ajp.AjpProcessor.prepareRequest();org.apache.coyote.ajp.Constants;7;1;8;0.8861;659;13;32;0;20;1.0000;5;1;105
org.apache.coyote.Response.recycle();org.apache.coyote.Constants;1;0;14;0.6486;250;19;18;0;1;1.0000;0;0;14
org.apache.tomcat.util.net.NioEndpoint.Poller.timeout(int, boolean);org.apache.tomcat.util.net.SocketWrapper;4;3;3;0.8333;396;15;6;0;4;0.8667;60;2;11
org.apache.catalina.tribes.io.ChannelData.getDataPackageLength();org.apache.catalina.tribes.io.XByteBuffer;1;0;3;0.8333;165;14;7;0;1;0.9643;317;36;7
org.apache.tomcat.util.digester.FactoryCreateRule.begin(String, String, Attributes);org.apache.juli.logging.Log;2;1;2;0.8966;114;5;5;5;0;0.8077;18;18;0
org.apache.el.parser.ELParser.FloatingPoint();org.apache.el.parser.SimpleNode;4;1;1;0.9855;2270;112;22;0;1;0.9667;123;19;4
org.apache.catalina.core.StandardService.initInternal();org.apache.juli.logging.Log;0;0;0;0;0;0;0;0;0;0;0;0;0
org.apache.coyote.http11.Http11Processor.process(SocketWrapper<Socket>);org.apache.tomcat.util.net.SocketWrapper;7;3;6;0.8596;731;12;7;1;2;0.9474;60;2;11
org.apache.jasper.compiler.Validator.ValidateVisitor.getParameters(ELNode.Function);org.apache.jasper.compiler.ErrorDispatcher;1;0;1;0.9778;735;37;19;1;0;0.9600;158;22;2
org.apache.jasper.compiler.Validator.ValidateVisitor.getJspAttribute(TagAttributeInfo, String, String, String, String, Node, boolean);org.apache.jasper.compiler.ELNode.Nodes;5;0;2;0.9615;735;37;19;1;0;0.9500;35;5;2
org.apache.coyote.http11.AbstractHttp11Protocol.getKeyAlias();org.apache.tomcat.util.net.AbstractEndpoint;1;0;1;0.9909;382;89;22;0;1;0.9859;397;29;69
org.apache.catalina.connector.Request.getPathInfoMB();org.apache.tomcat.util.http.mapper.MappingData;1;0;1;0.9943;1203;127;53;0;1;0.9091;11;1;9
org.apache.catalina.core.ApplicationDispatcher.doForward(ServletRequest, ServletResponse);org.apache.catalina.Container;2;4;7;0.7222;421;14;11;1;0;0.9828;35;35;6
org.apache.catalina.ha.tcp.ReplicationValve.sendSessionReplicationMessage(Request, ClusterManager, CatalinaCluster);org.apache.juli.logging.Log;1;2;4;0.8824;278;16;17;2;0;0.9167;18;18;0
org.apache.naming.ContextBindings.getClassLoaderName();org.apache.naming.StringManager;0;0;2;1.0000;112;21;6;1;0;0.8000;50;3;3
org.apache.catalina.connector.Response.recycle();org.apache.catalina.Globals;2;0;11;0.8804;596;70;20;0;1;1.0000;0;0;39
org.apache.jasper.compiler.TldLocationsCache.tldScanStream(String, String, InputStream);org.apache.jasper.xmlparser.ParserUtils;0;0;1;0.9231;200;9;11;1;0;0.8333;58;3;3
org.apache.catalina.tribes.group.interceptors.TcpFailureDetector.performBasicCheck();org.apache.catalina.tribes.membership.Membership;0;1;4;0.8667;227;15;10;3;0;0.9000;137;11;6
org.apache.catalina.startup.ConnectorCreateRule.begin(String, String, Attributes);org.apache.tomcat.util.digester.Digester;1;1;0;0.8333;22;3;1;2;0;0.9853;849;103;29
org.apache.catalina.ha.deploy.FarmWarDeployer.remove(String, boolean);org.apache.juli.logging.Log;0;4;2;0.9020;376;28;17;6;0;0.7600;18;18;0
org.apache.jasper.runtime.PageContextImpl.doInclude(String, boolean);org.apache.jasper.runtime.JspRuntimeLibrary;0;0;3;0.9434;634;40;16;1;0;1.0000;626;44;2
org.apache.tomcat.util.modeler.modules.MbeansDescriptorsDOMSource.execute();org.apache.tomcat.util.modeler.FeatureInfo;2;0;3;0.8889;93;2;6;1;0;0.9500;18;3;5
org.apache.coyote.ajp.AjpAprProcessor.action(ActionCode, Object);org.apache.coyote.ActionCode;6;3;13;0.7636;623;13;30;0;9;1.0000;6;0;30
org.apache.naming.resources.DirContextURLConnection.connect();org.apache.naming.resources.ProxyDirContext;1;0;6;0.7000;186;11;7;0;2;0.9759;469;64;15
org.apache.catalina.ha.tcp.SimpleTcpCluster.registerManager(Manager);org.apache.catalina.ha.ClusterManager;0;1;4;0.9697;368;43;29;4;0;0.8000;15;15;0
org.apache.catalina.ha.session.BackupManager.stopInternal();org.apache.catalina.Cluster;0;0;1;0.9655;135;20;7;1;0;0.9333;11;11;0
org.apache.jasper.compiler.Validator.ValidateVisitor.visit(Node.UseBean);org.apache.jasper.compiler.JspUtil;3;1;3;0.9388;735;37;19;2;0;1.0000;608;37;6
org.apache.el.lang.ELSupport.coerceToType(Object, Class<?>);org.apache.el.util.MessageFactory;0;5;0;1.0000;406;22;1;1;0;1.0000;24;7;1
org.apache.catalina.tribes.tipis.AbstractReplicatedMap.transferState();org.apache.catalina.tribes.group.Response;2;3;8;0.8592;741;50;17;0;2;0.8947;18;0;2
org.apache.jasper.compiler.Validator.validateXmlView(PageData, Compiler);org.apache.jasper.compiler.PageInfo;2;0;0;1.0000;65;3;0;1;1;0.9753;341;30;46
org.apache.coyote.http11.Http11Processor.parseHost(MessageBytes);org.apache.tomcat.util.net.SocketWrapper;5;0;2;0.9394;731;12;7;0;1;0.9655;60;2;11
org.apache.jasper.compiler.Validator.ValidateVisitor.visit(Node.Scriptlet);org.apache.jasper.compiler.Node.ScriptingElement;1;0;2;0.9545;735;37;19;1;0;0.8750;30;2;0
org.apache.catalina.session.PersistentManagerBase.writeSession(Session);org.apache.catalina.security.SecurityUtil;1;0;2;0.9762;421;30;12;1;0;1.0000;146;11;17
org.apache.catalina.manager.host.HostManagerServlet.remove(PrintWriter, String);org.apache.catalina.Container;1;0;4;0.8571;310;13;8;2;0;0.9487;35;35;6
org.apache.catalina.core.ApplicationContextFacade.getMimeType(String);org.apache.catalina.core.ApplicationContext;0;1;1;0.9672;514;57;3;1;0;0.9859;645;60;13
org.apache.tomcat.util.net.AprEndpoint.Sendfile.run();org.apache.tomcat.util.res.StringManager;5;3;5;0.7037;187;5;6;1;0;0.9655;52;3;3
org.apache.catalina.valves.AccessLogValve.MethodElement.addElement(StringBuilder, Date, Request, Response, long);org.apache.catalina.connector.Request;0;0;0;1.0000;5;1;0;1;0;0.9943;1203;127;53
org.apache.catalina.core.StandardWrapperValve.invoke(Request, Response);org.apache.catalina.core.AsyncContextImpl;4;1;5;0.8936;352;4;6;1;0;0.9867;283;23;12
org.apache.coyote.http11.Http11Processor.process(SocketWrapper<Socket>);org.apache.tomcat.util.res.StringManager;7;3;6;0.8596;731;12;7;1;0;0.9804;52;3;3
org.apache.tomcat.util.buf.MessageBytes.equalsIgnoreCase(String);org.apache.tomcat.util.buf.ByteChunk;0;0;7;0.9048;380;30;16;1;0;0.9808;425;43;10
org.apache.catalina.core.ApplicationFilterConfig.release();org.apache.tomcat.InstanceManager;2;1;2;0.8800;175;15;8;1;0;0.9091;4;4;0
org.apache.naming.NamingContext.unbind(Name);org.apache.naming.NamingEntry;2;1;2;0.9487;282;32;6;0;3;0.7778;16;2;7
org.apache.catalina.mbeans.ServerLifecycleListener.createMBeans(Engine);org.apache.juli.logging.Log;0;1;1;0.9730;563;31;2;2;0;0.9130;18;18;0
org.apache.coyote.http11.Http11AprProcessor.process(long);org.apache.coyote.RequestInfo;6;4;22;0.7241;954;28;36;0;1;0.9867;134;13;14
org.apache.tomcat.util.bcel.classfile.StackMapType.toString();org.apache.tomcat.util.bcel.Constants;1;1;1;0.7778;53;5;3;0;1;1.0000;0;0;122
org.apache.jasper.compiler.Node.DoBodyAction.accept(Visitor);org.apache.jasper.compiler.Node.Visitor;0;0;0;1.0000;9;1;0;1;0;0.9714;126;35;0
org.apache.catalina.tribes.group.interceptors.NonBlockingCoordinator.mergeOnArrive(CoordinationMessage, Member);org.apache.catalina.tribes.util.Arrays;1;5;1;0.8800;352;38;15;2;0;1.0000;157;24;1
org.apache.jasper.compiler.Validator.ValidateVisitor.visit(Node.UninterpretedTag);org.apache.jasper.compiler.Node;4;2;2;0.9167;735;37;19;1;1;0.9429;163;7;15
org.apache.jasper.compiler.TagLibraryInfoImpl.parseTLD(String, InputStream, JarResource);org.apache.jasper.xmlparser.TreeNode;0;4;3;0.7500;528;14;6;4;0;0.8710;109;13;5
org.apache.jasper.compiler.TagLibraryInfoImpl.createTagFileInfo(TreeNode, JarResource);org.apache.jasper.compiler.Localizer;0;0;4;0.8519;528;14;6;1;0;1.0000;34;6;1
org.apache.tomcat.util.digester.SetPropertyRule.begin(String, String, Attributes);org.apache.juli.logging.Log;2;0;2;0.8571;40;2;2;3;0;0.8846;18;18;0
org.apache.tomcat.util.net.AprEndpoint.SocketProcessor.run();org.apache.tomcat.jni.Socket;2;0;1;0.7500;9;1;1;1;0;1.0000;37;37;34
org.apache.catalina.manager.ManagerServlet.roles(PrintWriter);org.apache.catalina.UserDatabase;0;0;2;0.9792;924;35;13;1;0;0.9500;16;16;0
org.apache.catalina.core.ApplicationFilterConfig.toString();org.apache.catalina.deploy.FilterDef;0;0;1;0.9545;175;15;8;2;0;0.8947;66;9;10
org.apache.catalina.ha.session.JvmRouteBinderValve.startInternal();org.apache.catalina.Container;0;0;3;0.9583;165;11;7;2;0;0.9535;35;35;6
org.apache.catalina.connector.CoyoteAdapter.postParseRequest(org.apache.coyote.Request, Request, org.apache.coyote.Response, Response);org.apache.coyote.Response;11;4;2;0.9583;620;12;9;2;2;0.9592;250;19;18
org.apache.tomcat.util.digester.Digester.startElement(String, String, String, Attributes);org.apache.tomcat.util.digester.Rule;1;3;6;0.9343;849;103;29;1;0;0.9600;31;9;2
org.apache.coyote.ajp.AjpProtocol.AjpConnectionHandler.process(SocketWrapper<Socket>, SocketStatus);org.apache.juli.logging.Log;3;1;2;0.8125;90;5;5;2;0;0.9231;18;18;0
org.apache.catalina.connector.Request.getHeader(String);org.apache.coyote.Request;0;0;1;0.9943;1203;127;53;1;0;0.9815;221;18;34
org.apache.catalina.loader.WebappClassLoader.findResourceInternal(String, String);org.apache.naming.resources.ResourceAttributes;2;4;17;0.8081;1601;58;35;2;0;0.9718;515;30;30
org.apache.el.parser.AstValue.getTarget(EvaluationContext);org.apache.el.parser.Node;0;0;0;1.0000;148;10;1;2;0;0.9167;17;17;0
org.apache.catalina.core.StandardContextValve.invoke(Request, Response);org.apache.catalina.core.ContainerBase;2;1;2;0.9310;97;5;3;1;0;0.9902;555;53;27
org.apache.catalina.mbeans.MBeanFactory.removeHost(String);org.apache.catalina.util.LifecycleBase;0;1;0;0.9722;401;31;3;0;0;1.0000;88;11;4
org.apache.tomcat.util.digester.Digester.createSAXException(String, Exception);org.apache.juli.logging.Log;1;0;2;0.9850;849;103;29;1;0;0.9500;18;18;0
org.apache.tomcat.util.net.NioBlockingSelector.read(ByteBuffer, NioChannel, long);org.apache.tomcat.util.net.NioEndpoint.KeyAttachment;3;0;1;0.9444;111;4;4;3;1;0.8710;121;13;8
org.apache.catalina.connector.CoyoteAdapter.convertMB(MessageBytes);org.apache.tomcat.util.buf.CharChunk;3;0;0;1.0000;620;12;9;1;1;0.9636;393;39;8
org.apache.coyote.http11.Http11AprProtocol.init();org.apache.tomcat.util.net.AbstractEndpoint;3;1;4;0.9720;387;76;26;0;1;0.9873;397;29;69
org.apache.catalina.connector.InputBuffer.ready();org.apache.tomcat.util.res.StringManager;0;1;2;0.9429;210;19;17;1;0;0.8571;52;3;3
org.apache.catalina.mbeans.MBeanFactory.createStandardHost(String, String, String, boolean, boolean, boolean, boolean);org.apache.catalina.core.StandardHost;0;0;0;0;0;0;0;0;0;0;0;0;0
org.apache.catalina.core.ApplicationFilterRegistration.getClassName();org.apache.catalina.deploy.FilterDef;0;0;1;0.9286;110;11;3;1;0;0.9474;66;9;10
org.apache.catalina.connector.CoyoteAdapter.log(org.apache.coyote.Request, org.apache.coyote.Response, long);org.apache.coyote.Response;0;0;0;0;0;0;0;0;0;0;0;0;0
org.apache.catalina.util.InstanceSupport.fireInstanceEvent(String, Filter, ServletRequest, ServletResponse, Throwable);org.apache.catalina.InstanceListener;0;0;2;0.8667;81;11;3;1;0;0.6667;1;1;0
org.apache.catalina.connector.RequestFacade.getDateHeader(String);org.apache.catalina.connector.Request;0;0;2;0.9859;450;69;2;1;0;0.9943;1203;127;53
org.apache.catalina.ha.backend.TcpSender.init(HeartbeatListener);org.apache.catalina.ha.backend.HeartbeatListener;2;0;5;0.5000;138;3;6;0;1;0.9444;82;2;10
org.apache.catalina.tribes.membership.McastServiceImpl.init();org.apache.catalina.tribes.membership.MemberImpl;0;1;7;0.8250;309;12;28;2;0;0.9565;300;29;19
org.apache.coyote.http11.Http11Protocol.start();org.apache.juli.logging.Log;1;0;2;0.9500;78;3;5;4;0;0.8571;18;18;0
org.apache.catalina.tribes.transport.nio.ParallelNioSender.sendMessage(Member[], ChannelMessage);org.apache.catalina.tribes.io.XByteBuffer;2;5;1;0.7500;246;12;4;1;0;1.0000;317;36;7
org.apache.jasper.compiler.Node.Visitor.visitBody(Node);org.apache.jasper.compiler.Node;1;0;0;1.0000;126;35;0;0;1;0.9630;163;7;15
org.apache.catalina.realm.JNDIRealm.getRoles(DirContext, User);org.apache.juli.logging.Log;0;4;6;0.8718;742;44;32;2;0;0.9375;18;18;0
org.apache.tomcat.util.http.fileupload.DeferredFileOutputStream.getData();org.apache.tomcat.util.http.fileupload.ByteArrayOutputStream;0;0;1;0.9286;60;5;7;1;0;0.9474;129;11;6
org.apache.coyote.http11.Http11AprProtocol.getPort();org.apache.tomcat.util.net.AbstractEndpoint;1;0;1;0.9901;387;76;26;0;1;0.9859;397;29;69
org.apache.catalina.mbeans.MBeanUtils.destroyMBean(Connector, Service);org.apache.catalina.connector.Connector;1;1;1;1.0000;706;52;4;1;1;0.9775;405;53;33
org.apache.catalina.core.ApplicationContextFacade.getServlet(String);org.apache.catalina.core.ApplicationContext;0;1;1;0.9672;514;57;3;1;0;0.9859;645;60;13
org.apache.catalina.startup.ContextConfig.processContextConfig(URL);org.apache.catalina.Container;0;0;0;0;0;0;0;0;0;0;0;0;0
org.apache.catalina.tribes.membership.McastService.memberAdded(Member);org.apache.catalina.tribes.MembershipListener;0;0;1;0.9844;353;55;13;1;0;0.6667;2;2;0
org.apache.catalina.tribes.tipis.AbstractReplicatedMap.MapMessage.value(ClassLoader[]);org.apache.catalina.tribes.io.XByteBuffer;0;0;2;0.9130;159;12;20;1;0;1.0000;317;36;7
org.apache.jasper.compiler.PageInfo.setIsThreadSafe(String, Node, ErrorDispatcher);org.apache.jasper.compiler.ErrorDispatcher;0;0;2;0.9740;341;30;46;1;0;0.9565;158;22;2
org.apache.catalina.core.ApplicationPart.delete();org.apache.tomcat.util.http.fileupload.FileItem;0;0;1;0.9167;59;9;2;1;0;0.9375;15;15;0
org.apache.catalina.core.ApplicationContext.getContext(String);org.apache.catalina.core.ContainerBase;0;0;1;0.9863;645;60;13;1;0;0.9880;555;53;27
org.apache.catalina.core.ApplicationContext.createFilter(Class<T>);org.apache.catalina.core.StandardContext;1;0;1;0.9857;645;60;13;0;1;0.9969;2421;209;114
org.apache.catalina.connector.Request.getRemoteHost();org.apache.tomcat.util.buf.MessageBytes;2;1;3;0.9774;1203;127;53;1;0;0.9792;380;30;16
org.apache.coyote.ajp.AjpProcessor.prepareRequest();org.apache.tomcat.util.net.AbstractEndpoint;7;1;8;0.8861;659;13;32;0;3;1.0000;397;29;69
org.apache.catalina.tribes.group.interceptors.NonBlockingCoordinator.hasMembers();org.apache.catalina.tribes.membership.Membership;0;0;1;0.9796;352;38;15;1;0;0.9524;137;11;6
org.apache.catalina.mbeans.ServerLifecycleListener.destroyMBeans(NamingResources);org.apache.catalina.mbeans.MBeanUtils;0;3;1;0.9189;563;31;2;1;0;1.0000;706;52;4
org.apache.tomcat.util.net.AbstractEndpoint.createExecutor();org.apache.tomcat.util.threads.TaskQueue;1;2;5;0.9000;397;29;69;0;1;0.9286;27;3;1
org.apache.catalina.session.PersistentManagerBase.writeSession(Session);org.apache.juli.logging.Log;1;0;2;0.9762;421;30;12;1;0;0.9545;18;18;0
org.apache.catalina.mbeans.JmxRemoteLifecycleListener.createServer(String, int, int, HashMap<String,Object>, MBeanServer);org.apache.juli.logging.Log;1;0;2;1.0000;109;4;13;2;0;0.8889;18;18;0
org.apache.catalina.loader.WebappLoader.getDomainInternal();org.apache.catalina.mbeans.MBeanUtils;0;0;0;0;0;0;0;0;0;0;0;0;0
org.apache.catalina.connector.CoyoteAdapter.service(org.apache.coyote.Request, org.apache.coyote.Response);org.apache.coyote.Response;8;0;5;0.9792;620;12;9;3;0;0.9589;250;19;18
org.apache.tomcat.util.bcel.classfile.JavaClass.getAnnotationEntries();org.apache.tomcat.util.bcel.classfile.Annotations;1;0;3;0.8571;133;7;15;0;1;0.8889;23;2;2
org.apache.jasper.compiler.JDTCompiler.CompilationUnit.getContents();org.apache.jasper.JspCompilationContext;3;0;0;1.0000;52;4;2;0;1;0.9846;426;31;31
org.apache.catalina.core.ContainerBase.ContainerBackgroundProcessor.run();org.apache.catalina.core.ContainerBase;1;1;0;0.8333;37;2;0;1;2;0.9630;555;53;27
org.apache.el.parser.ELParserTokenManager.jjMoveStringLiteralDfa5_1(long, long);org.apache.el.parser.SimpleCharStream;0;3;2;0.8837;994;32;25;1;0;0.9818;257;26;16
org.apache.jasper.compiler.TagLibraryInfoImpl.getResourceAsStream(String);org.apache.jasper.JspCompilationContext;0;0;1;0.9545;528;14;6;2;0;0.9677;426;31;31
org.apache.coyote.Request.getContentLengthLong();org.apache.tomcat.util.buf.MessageBytes;0;0;2;0.9636;221;18;34;2;0;0.9545;380;30;16
org.apache.jasper.compiler.TagFileProcessor.TagFileDirectiveVisitor.visit(Node.AttributeDirective);org.apache.jasper.compiler.ErrorDispatcher;0;1;6;0.8148;204;8;24;2;0;0.9259;158;22;2
org.apache.tomcat.util.net.NioEndpoint.Poller.cometInterest(NioChannel);org.apache.tomcat.util.net.NioEndpoint;2;1;2;0.8696;396;15;6;0;1;1.0000;362;19;26
org.apache.catalina.session.StandardSession.removeAttributeInternal(String, boolean);org.apache.catalina.Container;0;2;3;0.9500;585;58;24;1;0;0.9767;35;35;6
org.apache.coyote.http11.Http11Processor.prepareRequest();org.apache.tomcat.util.buf.ByteChunk;6;2;3;0.9273;731;12;7;5;1;0.9268;425;43;10
org.apache.catalina.startup.ContextConfig.validateSecurityRoles();org.apache.catalina.Container;1;0;3;0.9811;1103;37;18;1;0;0.9773;35;35;6
org.apache.catalina.ssi.SSIServletExternalResolver.getCGIVariable(String);org.apache.catalina.connector.Request;1;1;2;0.9000;400;20;7;1;0;0.9944;1203;127;53
org.apache.jasper.compiler.Parser.parseElementsScriptless(Node);org.apache.jasper.compiler.PageInfo;1;9;5;0.7941;1185;55;13;0;2;0.9787;341;30;46
org.apache.catalina.tribes.transport.nio.NioReplicationTask.registerForRead(SelectionKey, ObjectReader);org.apache.juli.logging.Log;0;0;2;0.9333;197;7;5;2;0;0.9048;18;18;0
org.apache.catalina.startup.Catalina.initDirs();org.apache.tomcat.util.IntrospectionUtils;0;0;0;0;0;0;0;0;0;0;0;0;0
org.apache.catalina.core.StandardService.getDomainInternal();org.apache.catalina.mbeans.MBeanUtils;0;0;0;0;0;0;0;0;0;0;0;0;0
org.apache.catalina.tribes.transport.nio.NioSender.read(SelectionKey);org.apache.catalina.tribes.transport.Constants;1;0;5;0.8214;255;12;11;0;2;1.0000;0;0;5
org.apache.catalina.tribes.io.DirectByteArrayOutputStream.write(int);org.apache.catalina.tribes.io.XByteBuffer;0;0;1;0.8333;15;4;1;1;0;0.9600;317;36;7
org.apache.catalina.core.ApplicationDispatcher.invoke(ServletRequest, ServletResponse, State);org.apache.catalina.Wrapper;3;3;4;0.8462;421;14;11;6;0;0.8929;39;39;0
org.apache.catalina.mbeans.ServerLifecycleListener.createMBeans(ContextResource);org.apache.juli.logging.Log;0;0;1;1.0000;563;31;2;2;0;0.8889;18;18;0
org.apache.catalina.manager.HTMLManagerServlet.getSessionForPathAndId(String, String);org.apache.catalina.Manager;1;0;0;1.0000;686;26;19;1;0;0.9737;35;35;0
org.apache.jasper.compiler.Generator.GenerateVisitor.visit(Node.PlugIn);org.apache.jasper.compiler.Node;10;3;1;0.9481;1736;44;16;1;3;0.9091;163;7;15
org.apache.coyote.http11.AbstractHttp11Protocol.setPort(int);org.apache.tomcat.util.net.AbstractEndpoint;1;0;1;0.9909;382;89;22;0;1;0.9859;397;29;69
org.apache.catalina.startup.Tomcat.silence(String);org.apache.catalina.Host;0;1;0;0.9706;253;24;14;1;0;0.9565;22;22;2
org.apache.coyote.http11.Http11NioProcessor.prepareRequest();org.apache.tomcat.util.buf.ByteChunk;7;3;4;0.8814;840;14;11;5;1;0.9277;425;43;10
org.apache.catalina.authenticator.BasicAuthenticator.authenticate(Request, HttpServletResponse, LoginConfig);org.apache.catalina.connector.Request;5;0;1;1.0000;57;2;2;6;0;0.9692;1203;127;53
org.apache.catalina.connector.Request.changeSessionId(String);org.apache.catalina.connector.Response;0;0;4;0.9771;1203;127;53;1;0;0.9892;596;70;20
org.apache.tomcat.util.net.AbstractEndpoint.unlockAccept();org.apache.tomcat.util.net.SocketProperties;2;0;5;0.9605;397;29;69;3;1;0.9298;162;28;23
org.apache.catalina.connector.ResponseFacade.setCharacterEncoding(String);org.apache.tomcat.util.res.StringManager;0;0;2;0.9762;224;40;2;1;0;0.8571;52;3;3
org.apache.coyote.http11.Http11Processor.prepareRequest();org.apache.coyote.Request;6;2;3;0.9273;731;12;7;1;5;0.9318;221;18;34
org.apache.catalina.core.ApplicationServletRegistration.setRunAsRole(String);org.apache.catalina.Wrapper;0;0;1;0.9412;132;14;3;1;0;0.9750;39;39;0
org.apache.catalina.session.PersistentManagerBase.propertyChange(PropertyChangeEvent);org.apache.juli.logging.Log;1;0;1;1.0000;421;30;12;1;0;0.9474;18;18;0
org.apache.catalina.session.PersistentManagerBase.PrivilegedStoreClear.run();org.apache.catalina.Store;1;0;0;1.0000;6;1;0;1;0;0.9167;11;11;0
org.apache.catalina.tribes.group.interceptors.NonBlockingCoordinator.messageReceived(ChannelMessage);org.apache.catalina.tribes.util.Arrays;1;2;3;0.9630;352;38;15;2;0;1.0000;157;24;1
org.apache.coyote.http11.Http11NioProcessor.process(NioChannel);org.apache.coyote.Adapter;14;4;8;0.8358;840;14;11;1;0;0.9821;3;3;0
org.apache.catalina.authenticator.SSLAuthenticator.authenticate(Request, HttpServletResponse, LoginConfig);org.apache.catalina.Container;4;0;0;1.0000;31;2;1;1;0;0.9792;35;35;6
org.apache.naming.SelectorContext.getBoundContext();org.apache.naming.ContextBindings;0;0;3;0.9394;170;31;7;8;0;1.0000;112;21;6
org.apache.coyote.http11.Http11NioProtocol.Http11ConnectionHandler.event(NioChannel, SocketStatus);org.apache.coyote.http11.Http11NioProcessor;7;0;2;0.9286;177;8;6;2;1;0.9250;840;14;11
org.apache.jasper.compiler.Generator.declareTemporaryScriptingVars(Node.Nodes);org.apache.jasper.compiler.Node.Nodes;2;0;1;0.9783;782;28;18;1;0;0.9474;43;5;3
org.apache.el.parser.ELParser.Choice();org.apache.el.parser.ELParserConstants;2;4;1;0.9712;2270;112;22;0;2;0.9692;0;0;56
org.apache.catalina.manager.ManagerServlet.stop(PrintWriter, String);org.apache.catalina.Container;1;0;4;0.9375;924;35;13;1;0;0.9756;35;35;6
org.apache.coyote.ajp.AjpAprProcessor.prepareRequest();org.apache.coyote.Request;7;1;8;0.8831;623;13;30;2;15;0.7976;221;18;34
org.apache.catalina.startup.UserConfig.start();org.apache.catalina.Container;0;1;2;0.8947;87;10;8;1;0;0.9750;35;35;6
org.apache.jasper.compiler.Generator.GenerateVisitor.attributeValue(Node.JspAttribute, boolean, Class<?>);org.apache.jasper.compiler.JspUtil;2;0;1;0.9851;1736;44;16;1;0;1.0000;608;37;6
org.apache.coyote.RequestInfo.getRequestProcessingTime();org.apache.coyote.Request;2;0;2;0.9259;134;13;14;0;1;0.9818;221;18;34
org.apache.catalina.mbeans.MBeanFactory.removeConnector(String);org.apache.catalina.connector.Connector;0;1;0;0.9730;401;31;3;3;0;0.9651;405;53;33
org.apache.coyote.ajp.AjpAprProcessor.process(long);org.apache.tomcat.util.res.StringManager;5;4;14;0.7115;623;13;30;1;0;0.9697;52;3;3
org.apache.coyote.http11.Http11AprProtocol.Http11ConnectionHandler.asyncDispatch(long, SocketStatus);org.apache.coyote.http11.Http11AprProtocol;0;0;0;0;0;0;0;0;0;0;0;0;0
org.apache.catalina.core.StandardHostValve.throwable(Request, Response, Throwable);org.apache.catalina.Container;4;3;2;0.9048;160;7;3;2;0;0.9600;35;35;6
org.apache.jasper.compiler.DeclarationVisitor.visit(Node.CustomTag);org.apache.jasper.compiler.Node.Nodes;1;0;0;1.0000;36;3;1;1;0;0.9286;43;5;3
org.apache.coyote.http11.Http11NioProtocol.setSelectorTimeout(long);org.apache.tomcat.util.net.NioEndpoint;1;0;0;1.0000;97;17;3;0;1;0.9762;362;19;26
org.apache.catalina.mbeans.MBeanUtils.createMBean(ContextResourceLink);org.apache.tomcat.util.modeler.ManagedBean;0;2;2;1.0000;706;52;4;2;0;0.9429;252;23;13
org.apache.catalina.core.ApplicationContext.setAttribute(String, Object);org.apache.tomcat.util.res.StringManager;0;2;4;0.9306;645;60;13;1;0;0.9231;52;3;3
org.apache.catalina.core.StandardHostValve.status(Request, Response);org.apache.catalina.Context;3;1;0;0.9524;160;7;3;1;0;0.9935;139;139;1
org.apache.catalina.core.ApplicationContext.getResource(String);org.apache.catalina.util.RequestUtil;2;1;2;0.9861;645;60;13;1;0;1.0000;189;13;3
org.apache.catalina.valves.CometConnectionManagerValve.lifecycleEvent(LifecycleEvent);org.apache.catalina.LifecycleEvent;3;0;3;0.9200;136;8;4;1;0;0.9583;18;3;3
org.apache.catalina.users.MemoryUser.toString();org.apache.catalina.Group;0;0;2;0.9000;108;12;3;1;0;0.9412;11;11;0
org.apache.jasper.compiler.JspRuntimeContext.checkCompile();org.apache.jasper.servlet.JspServletWrapper;1;0;3;0.8846;187;11;10;1;1;0.9412;314;11;15
org.apache.tomcat.util.net.NioEndpoint.Poller.timeout(int, boolean);org.apache.tomcat.util.net.SocketProperties;4;3;3;0.8333;396;15;6;1;1;0.9714;162;28;23
org.apache.catalina.startup.ContextConfig.authenticatorConfig();org.apache.catalina.deploy.LoginConfig;1;0;7;0.9474;1103;37;18;1;0;0.9667;85;9;5
org.apache.jasper.security.SecurityClassLoad.securityClassLoad(ClassLoader);org.apache.juli.logging.Log;0;0;1;1.0000;41;1;1;1;0;0.9444;18;18;0
org.apache.jasper.servlet.JspServlet.periodicEvent();org.apache.jasper.compiler.JspRuntimeContext;0;0;1;0.9333;167;10;5;1;0;0.9565;187;11;10
org.apache.tomcat.util.http.MimeHeaders.getValue(String);org.apache.tomcat.util.http.MimeHeaderField;1;0;2;0.9130;129;18;3;0;2;0.7778;13;1;4
org.apache.catalina.util.HexUtils.convert2Int(byte[]);org.apache.tomcat.util.res.StringManager;0;0;2;1.0000;48;4;2;1;0;0.8000;52;3;3
org.apache.catalina.tribes.membership.McastServiceImpl.waitForMembers(int);org.apache.juli.logging.Log;0;0;2;0.9750;309;12;28;2;0;0.8947;18;18;0
org.apache.coyote.ajp.AjpProcessor.parseHost(MessageBytes);org.apache.tomcat.util.buf.MessageBytes;4;0;4;0.9259;659;13;32;4;1;0.9074;380;30;16
org.apache.catalina.tribes.transport.bio.util.FastQueue.unlockRemove();org.apache.catalina.tribes.transport.bio.util.SingleRemoveSynchronizedAddLock;0;0;1;0.9600;172;11;14;1;0;0.9333;88;6;7
org.apache.catalina.core.ApplicationContext.addListener(T);org.apache.catalina.core.StandardContext;2;1;2;0.9718;645;60;13;2;0;0.9938;2421;209;114
org.apache.tomcat.util.bcel.classfile.StackMapType.printIndex();org.apache.tomcat.util.bcel.classfile.ConstantPool;1;0;3;0.7000;53;5;3;1;0;0.9167;130;7;2
org.apache.catalina.core.StandardService.startInternal();org.apache.catalina.Lifecycle;1;1;7;0.8571;289;26;16;1;0;0.9333;6;6;11
org.apache.catalina.connector.CoyoteAdapter.postParseRequest(org.apache.coyote.Request, Request, org.apache.coyote.Response, Response);org.apache.coyote.ActionCode;11;4;2;0.9583;620;12;9;0;1;1.0000;6;0;30
org.apache.catalina.connector.ResponseFacade.setContentType(String);org.apache.catalina.security.SecurityUtil;0;1;1;0.9512;224;40;2;1;0;1.0000;146;11;17
org.apache.coyote.ajp.AjpAprProtocol.start();org.apache.juli.logging.Log;1;1;7;0.9016;219;40;15;4;0;0.8571;18;18;0
org.apache.catalina.ha.tcp.ReplicationValve.resetReplicationRequest(Request, boolean);org.apache.catalina.connector.Request;1;1;1;0.9375;278;16;17;1;0;0.9944;1203;127;53
org.apache.catalina.core.ApplicationContextFacade.getDefaultSessionTrackingModes();org.apache.catalina.core.ApplicationContext;1;1;1;0.9672;514;57;3;0;1;0.9859;645;60;13
org.apache.jasper.compiler.Generator.generateTagHandlerAttributes(TagInfo);org.apache.jasper.compiler.ServletWriter;1;2;2;0.9111;782;28;18;7;0;0.6667;54;12;6
org.apache.coyote.http11.Http11AprProcessor.process(long);org.apache.coyote.http11.AbstractOutputBuffer;6;4;22;0.7241;954;28;36;0;0;1.0000;200;22;11
org.apache.catalina.ha.session.DeltaManager.handleALL_SESSION_DATA(SessionMessage, Member);org.apache.juli.logging.Log;1;1;4;0.9625;822;41;40;2;0;0.9091;18;18;0
org.apache.jasper.compiler.Generator.compileTagHandlerPoolList(Node.Nodes);org.apache.jasper.compiler.Node;4;0;1;0.9796;782;28;18;1;3;0.8857;163;7;15
org.apache.catalina.connector.RequestFacade.getQueryString();org.apache.catalina.connector.Request;0;0;2;0.9859;450;69;2;1;0;0.9943;1203;127;53
org.apache.tomcat.util.net.AprEndpoint.SocketProcessor.run();org.apache.tomcat.util.net.AprEndpoint;2;0;1;0.7500;9;1;1;0;1;0.9815;471;17;35
org.apache.naming.resources.FileDirContext.normalize(String);org.apache.catalina.util.RequestUtil;0;0;0;1.0000;219;25;5;1;0;1.0000;189;13;3
org.apache.catalina.startup.ExpandWar.validate(Host, URL, String);org.apache.tomcat.util.ExceptionUtils;0;0;0;0;0;0;0;0;0;0;0;0;0
org.apache.catalina.ha.session.SimpleTcpReplicationManager.readSession(byte[], String);org.apache.catalina.ha.session.SerializablePrincipal;1;2;1;0.9600;356;17;15;1;0;0.9714;83;9;7
org.apache.coyote.http11.Http11AprProtocol.setAddress(InetAddress);org.apache.tomcat.util.net.AbstractEndpoint;1;0;1;0.9901;387;76;26;0;1;0.9859;397;29;69
org.apache.tomcat.util.digester.SetNextRule.end(String, String);org.apache.juli.logging.Log;1;0;2;0.8667;41;2;3;2;0;0.9200;18;18;0
org.apache.tomcat.util.net.AprEndpoint.setSocketOptions(long);org.apache.tomcat.util.res.StringManager;1;0;2;0.9831;471;17;35;1;0;0.9286;52;3;3
org.apache.catalina.manager.HTMLManagerServlet.extractFilename(String);org.apache.tomcat.util.http.fileupload.ParameterParser;1;0;0;1.0000;686;26;19;1;1;0.8750;135;9;6
org.apache.coyote.ajp.AjpProtocol.resume();org.apache.juli.logging.Log;1;1;3;0.9608;201;32;16;3;0;0.8636;18;18;0
org.apache.catalina.connector.ResponseFacade.flushBuffer();org.apache.catalina.connector.Response;1;1;1;0.9524;224;40;2;1;1;0.9778;596;70;20
org.apache.tomcat.util.digester.Digester.addRule(String, Rule);org.apache.tomcat.util.digester.Rules;1;1;0;0.9925;849;103;29;1;0;0.9000;8;8;0
org.apache.catalina.ha.tcp.SimpleTcpCluster.memberDisappeared(Member);org.apache.catalina.tribes.Channel;0;0;5;0.9688;368;43;29;1;0;0.9524;15;15;13
org.apache.catalina.core.StandardWrapperValve.event(Request, Response, CometEvent);org.apache.catalina.core.ApplicationFilterFactory;3;1;4;0.8710;352;4;6;0;2;1.0000;189;6;3
org.apache.catalina.tribes.group.GroupChannel.messageReceived(ChannelMessage);org.apache.catalina.tribes.Member;3;1;2;0.9574;268;24;9;1;0;0.9655;13;13;1
org.apache.catalina.connector.Request.setAttribute(String, Object);org.apache.catalina.Container;1;2;8;0.9497;1203;127;53;1;0;0.9796;35;35;6
org.apache.jasper.tagplugins.jstl.core.ForEach.generateIterators(TagPluginContext);org.apache.jasper.compiler.tagplugin.TagPluginContext;0;0;0;1.0000;139;3;4;1;0;0.9286;14;14;0
org.apache.catalina.valves.PersistentValve.invoke(Request, Response);org.apache.catalina.Container;0;1;1;0.9688;80;3;2;3;0;0.9516;35;35;6
org.apache.tomcat.util.threads.ThreadPoolExecutor.execute(Runnable, long, TimeUnit);org.apache.tomcat.util.threads.TaskQueue;0;0;0;1.0000;46;5;1;1;0;0.8571;27;3;1
org.apache.catalina.core.ContainerBase.setRealm(Realm);org.apache.catalina.Realm;0;0;3;0.9756;555;53;27;1;0;0.9500;14;14;0
org.apache.catalina.realm.CombinedRealm.getName();org.apache.juli.logging.Log;0;0;1;1.0000;151;12;2;1;0;0.9474;18;18;0
org.apache.tomcat.util.net.AprEndpoint.setSocketOptions(long);org.apache.tomcat.jni.SSL;1;0;2;0.9831;471;17;35;1;0;1.0000;15;15;120
org.apache.catalina.authenticator.DigestAuthenticator.authenticate(Request, HttpServletResponse, LoginConfig);org.apache.catalina.Container;1;4;1;0.8125;123;8;5;1;0;0.9787;35;35;6
org.apache.catalina.deploy.WebXml.toXml();org.apache.catalina.deploy.LoginConfig;9;3;29;0.8373;1536;45;42;4;0;0.9699;85;9;5
org.apache.catalina.valves.ExtendedAccessLogValve.getServletRequestElement(String);org.apache.juli.logging.Log;0;0;1;1.0000;367;10;2;1;0;0.9444;18;18;0
org.apache.catalina.ha.session.SessionMessageImpl.getEventTypeString();org.apache.catalina.ha.session.SessionMessage;1;0;1;0.9167;65;3;7;0;7;1.0000;5;5;7
org.apache.catalina.startup.Catalina.start();org.apache.juli.logging.Log;0;0;0;0;0;0;0;0;0;0;0;0;0
org.apache.catalina.tribes.group.ChannelCoordinator.setMembershipService(MembershipService);org.apache.catalina.tribes.MembershipService;0;0;1;0.9545;164;15;5;1;0;0.9444;17;17;2
org.apache.jasper.compiler.TagLibraryInfoImpl.createValidator(TreeNode);org.apache.jasper.compiler.ErrorDispatcher;0;1;3;0.8519;528;14;6;1;0;0.9677;158;22;2
org.apache.jasper.compiler.Generator.GenerateVisitor.generateCustomEnd(Node.CustomTag, String, String, String);org.apache.jasper.compiler.ServletWriter;3;1;5;0.9167;1736;44;16;6;0;0.7931;54;12;6
org.apache.catalina.session.FileStore.remove(String);org.apache.catalina.Manager;1;2;0;0.8947;191;13;6;1;0;0.9756;35;35;0
org.apache.catalina.session.ManagerBase.createSession(String);org.apache.catalina.Session;0;2;2;0.9556;518;58;32;5;0;0.8611;32;32;4
org.apache.jasper.compiler.SmapUtil.generateSmap(JspCompilationContext, Node.Nodes);org.apache.jasper.Options;3;1;1;1.0000;68;4;1;2;0;0.9474;29;29;0
org.apache.catalina.tribes.transport.bio.BioReplicationTask.execute(ObjectReader);org.apache.catalina.tribes.ChannelMessage;1;1;1;0.9444;92;6;3;3;0;0.8421;11;11;0
org.apache.tomcat.util.modeler.BaseNotificationBroadcaster.sendNotification(Notification);org.apache.tomcat.util.modeler.BaseNotificationBroadcasterEntry;1;0;1;0.8889;54;6;1;0;3;0.4000;5;0;3
org.apache.catalina.mbeans.MBeanFactory.createConnector(String, String, int, boolean, boolean);org.apache.catalina.Service;1;1;0;0.9744;401;31;3;1;0;0.9545;15;15;0
org.apache.catalina.ha.session.BackupManager.stopInternal();org.apache.juli.logging.Log;0;0;1;0.9655;135;20;7;0;0;1.0000;18;18;0
org.apache.tomcat.util.bcel.classfile.LocalVariableTypeTable.toString();org.apache.tomcat.util.bcel.classfile.LocalVariable;0;0;2;0.7500;34;4;2;1;0;0.9333;43;5;6
org.apache.catalina.connector.ResponseFacade.resetBuffer();org.apache.catalina.connector.Response;0;1;1;0.9512;224;40;2;1;0;0.9889;596;70;20
org.apache.coyote.http11.Http11AprProtocol.getSSLCipherSuite();org.apache.tomcat.util.net.AprEndpoint;1;0;1;0.9901;387;76;26;0;1;0.9808;471;17;35
org.apache.tomcat.util.http.fileupload.DiskFileItem.write(File);org.apache.tomcat.util.http.fileupload.IOUtils;0;3;1;0.8571;232;17;16;1;0;1.0000;29;3;1
org.apache.catalina.core.ApplicationContextFacade.log(Exception, String);org.apache.catalina.core.ApplicationContext;0;1;1;0.9672;514;57;3;1;0;0.9859;645;60;13
org.apache.tomcat.util.bcel.classfile.Method.toString();org.apache.tomcat.util.bcel.classfile.ConstantUtf8;2;2;0;0.8824;60;6;1;0;1;0.9333;14;2;1
org.apache.catalina.authenticator.AuthenticatorBase.register(Request, HttpServletResponse, Principal, String, String, String);org.apache.catalina.authenticator.SingleSignOn;3;1;4;0.9200;293;17;18;4;1;0.8684;164;12;6
org.apache.catalina.mbeans.MBeanFactory.removeConnector(String);org.apache.catalina.util.LifecycleBase;0;1;0;0.9730;401;31;3;0;0;1.0000;88;11;4
org.apache.catalina.mbeans.MBeanUtils.createObjectName(String, Manager);org.apache.catalina.Manager;0;0;0;1.0000;706;52;4;1;0;0.9744;35;35;0
org.apache.catalina.startup.HostConfig.deployDirectory(String, File, String);org.apache.catalina.startup.Constants;2;3;7;0.8833;793;36;16;0;1;1.0000;0;0;59
org.apache.jasper.runtime.PageContextImpl.include(String, boolean);org.apache.jasper.security.SecurityUtil;0;1;0;0.9811;634;40;16;1;0;1.0000;31;2;1
org.apache.catalina.core.ApplicationHttpRequest.recycle();org.apache.catalina.Session;0;0;1;0.9773;327;29;17;1;0;0.9697;32;32;4
org.apache.jasper.compiler.Parser.parseParam(Node);org.apache.jasper.compiler.ErrorDispatcher;0;2;3;0.9254;1185;55;13;1;0;0.9655;158;22;2
org.apache.catalina.connector.RequestFacade.GetLocalePrivilegedAction.run();org.apache.catalina.connector.RequestFacade;1;0;0;1.0000;3;1;0;0;1;0.9859;450;69;2
org.apache.jasper.runtime.JspFactoryImpl.getJspApplicationContext(ServletContext);org.apache.jasper.Constants;1;0;0;1.0000;71;6;5;0;1;1.0000;0;0;33
org.apache.catalina.core.StandardServer.findService(String);org.apache.catalina.Service;0;0;1;0.9783;309;29;19;1;0;0.9375;15;15;0
org.apache.catalina.tribes.group.interceptors.NonBlockingCoordinator.handleViewConf(CoordinationMessage, Member, Membership);org.apache.catalina.tribes.membership.Membership;1;5;5;0.8113;352;38;15;1;0;0.9706;137;11;6
org.apache.catalina.core.StandardContext.getAppBase();org.apache.catalina.Container;0;0;0;1.0000;2421;209;114;1;0;0.9722;35;35;6
org.apache.jasper.compiler.Generator.GenerateVisitor.generateCustomDoTag(Node.CustomTag, TagHandlerInfo, String);org.apache.jasper.compiler.JspUtil;5;4;3;0.9014;1736;44;16;1;0;1.0000;608;37;6
org.apache.catalina.mbeans.MBeanUtils.createObjectName(String, ContextResourceLink);org.apache.catalina.Container;1;0;0;1.0000;706;52;4;1;0;0.9750;35;35;6
org.apache.catalina.mbeans.MBeanFactory.getParentContainerFromParent(ObjectName);org.apache.catalina.core.ContainerBase;0;2;0;0.9429;401;31;3;1;0;0.9878;555;53;27
org.apache.catalina.mbeans.MBeanUtils.createObjectName(String, Role);org.apache.catalina.UserDatabase;0;0;0;1.0000;706;52;4;1;0;0.9444;16;16;0
org.apache.coyote.http11.Http11AprProtocol.Http11ConnectionHandler.unregister(Http11AprProcessor);org.apache.coyote.http11.AbstractHttp11Processor;4;0;1;0.9444;119;5;5;0;0;1.0000;228;17;32
org.apache.catalina.connector.Request.removeAttribute(String);org.apache.coyote.Request;2;1;5;0.9721;1203;127;53;0;1;0.9841;221;18;34
org.apache.jasper.compiler.TagFileProcessor.TagFileLoaderVisitor.visit(Node.CustomTag);org.apache.jasper.compiler.TagFileProcessor;2;0;2;0.8182;21;1;2;1;0;0.9231;94;4;1
org.apache.catalina.core.StandardContextValve.invoke(Request, Response);org.apache.juli.logging.Log;2;1;2;0.9310;97;5;3;1;0;0.9762;18;18;0
org.apache.jasper.compiler.Validator.ValidateVisitor.visit(Node.ParamsAction);org.apache.jasper.compiler.ErrorDispatcher;1;0;1;0.9773;735;37;19;1;0;0.9583;158;22;2
org.apache.catalina.tribes.transport.ReceiverBase.start();org.apache.catalina.tribes.util.ExecutorFactory;0;0;4;0.9216;320;20;33;1;0;1.0000;12;2;0
org.apache.tomcat.util.net.NioEndpoint.Poller.cancelledKey(SelectionKey, SocketStatus, boolean);org.apache.juli.logging.Log;4;0;0;1.0000;396;15;6;2;0;0.9310;18;18;0
org.apache.catalina.tribes.group.RpcChannel.breakdown();org.apache.catalina.tribes.Channel;0;0;1;0.9000;98;6;9;1;0;0.9375;15;15;13
org.apache.tomcat.util.net.JIoEndpoint.SocketProcessor.run();org.apache.tomcat.util.net.JIoEndpoint;2;0;2;0.8889;49;1;2;1;3;0.8929;195;10;6
org.apache.catalina.valves.ErrorReportValve.invoke(Request, Response);org.apache.catalina.Globals;1;1;0;0.9231;135;4;2;0;1;1.0000;0;0;39
org.apache.tomcat.util.digester.FactoryCreateRule.end(String, String);org.apache.tomcat.util.digester.Digester;1;0;2;0.9310;114;5;5;1;2;0.9789;849;103;29
org.apache.el.parser.ELParser.Boolean();org.apache.el.parser.ELParserConstants;2;2;4;0.9565;2270;112;22;0;2;0.9697;0;0;56
org.apache.coyote.Request.doRead(ByteChunk);org.apache.coyote.InputBuffer;0;0;2;0.9623;221;18;34;1;0;0.6667;1;1;0
org.apache.catalina.connector.InputBuffer.read();org.apache.tomcat.util.res.StringManager;0;0;3;0.9444;210;19;17;1;0;0.8750;52;3;3
org.apache.catalina.deploy.WebXml.configureContext(Context);org.apache.catalina.Context;5;0;30;0.7986;1536;45;42;25;0;0.8843;139;139;1
org.apache.catalina.tribes.transport.bio.BioSender.waitForAck();org.apache.catalina.tribes.io.XByteBuffer;2;0;5;0.8929;148;9;7;5;0;0.8649;317;36;7
org.apache.catalina.tribes.group.interceptors.GzipInterceptor.sendMessage(Member[], ChannelMessage, InterceptorPayload);org.apache.catalina.tribes.ChannelInterceptor;1;1;1;1.0000;47;5;2;1;0;0.9565;16;16;0
org.apache.catalina.core.StandardHost.MemoryLeakTrackingListener.lifecycleEvent(LifecycleEvent);org.apache.catalina.Lifecycle;2;0;0;1.0000;8;1;0;0;1;1.0000;6;6;11
org.apache.jasper.compiler.ParserController.determineSyntaxAndEncoding(String, JarFile, String);org.apache.jasper.compiler.JspConfig;3;2;8;0.6774;281;12;13;1;0;0.9655;304;6;13
org.apache.catalina.mbeans.UserMBean.removeGroup(String);org.apache.catalina.User;0;0;0;1.0000;85;6;3;2;0;0.8947;17;17;0
org.apache.tomcat.util.http.Parameters.setEncoding(String);org.apache.juli.logging.Log;0;0;2;0.9643;245;14;15;2;0;0.8947;18;18;0
org.apache.catalina.realm.CombinedRealm.startInternal();org.apache.catalina.Lifecycle;1;0;2;0.9375;151;12;2;1;0;0.9000;6;6;11
org.apache.catalina.ssi.SSIFsize.process(SSIMediator, String, String[], String[], PrintWriter);org.apache.catalina.ssi.SSIMediator;1;1;0;0.9000;74;4;2;5;2;0.7407;190;16;13
org.apache.jasper.compiler.JspRuntimeContext.initClassPath();org.apache.jasper.Options;1;0;4;0.8400;187;11;10;2;0;0.9429;29;29;0
org.apache.coyote.RequestGroupInfo.setBytesReceived(long);org.apache.coyote.RequestInfo;1;0;2;0.9091;112;15;7;0;1;0.9655;134;13;14
org.apache.jasper.JspCompilationContext.compile();org.apache.jasper.compiler.Compiler;1;2;5;0.8971;426;31;31;3;0;0.9032;310;11;8
org.apache.catalina.realm.MemoryUserRule.begin(String, String, Attributes);org.apache.catalina.realm.MemoryRealm;1;0;0;1.0000;12;1;0;1;0;0.9231;94;7;6
org.apache.catalina.core.ContainerBase.startInternal();org.apache.catalina.Lifecycle;0;3;7;0.8734;555;53;27;1;0;0.9412;6;6;11
org.apache.catalina.tribes.group.RpcChannel.accept(Serializable, Member);org.apache.catalina.tribes.group.RpcMessage;1;0;1;0.9000;98;6;9;0;1;0.9000;36;3;4
org.apache.el.parser.ELParser.jj_3R_61();org.apache.el.parser.ELParserConstants;1;1;0;0.9925;2270;112;22;0;1;0.9825;0;0;56
org.apache.coyote.RequestGroupInfo.setProcessingTime(long);org.apache.coyote.RequestInfo;1;0;2;0.9091;112;15;7;0;1;0.9655;134;13;14
org.apache.catalina.tribes.membership.McastServiceImpl.SenderThread.run();org.apache.juli.logging.Log;1;0;2;0.7500;25;1;2;2;0;0.9130;18;18;0
org.apache.catalina.startup.TldConfig.tldScanJar(JarURLConnection);org.apache.juli.logging.Log;0;1;0;0.9500;291;15;15;0;0;1.0000;18;18;0
org.apache.catalina.valves.JDBCAccessLogValve.log(Request, Response, long);org.apache.catalina.Container;0;0;0;0;0;0;0;0;0;0;0;0;0
org.apache.catalina.tribes.UniqueId.toString();org.apache.catalina.tribes.util.Arrays;0;0;1;0.8000;32;3;1;1;0;1.0000;157;24;1
org.apache.el.util.ReflectionUtil.getMethod(Object, Object, Class<?>[]);org.apache.el.util.MessageFactory;0;1;0;1.0000;87;7;3;1;0;1.0000;24;7;1
org.apache.jasper.compiler.Parser.parseXMLDeclaration(Node);org.apache.jasper.compiler.JspReader;0;1;3;0.9429;1185;55;13;6;0;0.8462;304;23;9
org.apache.catalina.realm.LockOutRealm.authenticate(String, String);org.apache.juli.logging.Log;1;3;1;0.8000;140;9;6;1;0;0.9545;18;18;0
org.apache.catalina.tribes.tipis.ReplicatedMap.publishEntryInfo(Object, Object);org.apache.catalina.tribes.tipis.AbstractReplicatedMap.MapMessage;1;0;0;1.0000;20;2;0;0;1;1.0000;159;12;20
org.apache.el.parser.ELParserTokenManager.jjMoveStringLiteralDfa4_1(long, long);org.apache.el.parser.SimpleCharStream;0;4;2;0.8605;994;32;25;1;0;0.9821;257;26;16
org.apache.catalina.connector.Request.setAttribute(String, Object);org.apache.catalina.Globals;1;2;8;0.9497;1203;127;53;0;4;1.0000;0;0;39
org.apache.tomcat.util.bcel.classfile.StackMapTable.dump(DataOutputStream);org.apache.tomcat.util.bcel.classfile.StackMapTableEntry;0;0;2;0.7778;43;4;2;1;0;0.9286;151;3;6
org.apache.catalina.core.ApplicationContext.getResourcePaths(String);org.apache.catalina.core.ContainerBase;1;1;2;0.9710;645;60;13;1;0;0.9875;555;53;27
org.apache.coyote.http11.filters.IdentityInputFilter.recycle();org.apache.tomcat.util.buf.ByteChunk;0;0;3;0.6667;57;5;6;1;0;0.9800;425;43;10
org.apache.catalina.util.LifecycleMBeanBase.unregister(ObjectName);org.apache.juli.logging.Log;0;0;0;0;0;0;0;0;0;0;0;0;0
org.apache.catalina.tribes.tipis.AbstractReplicatedMap.messageReceived(Serializable, Member);org.apache.catalina.tribes.Member;0;2;4;0.9425;741;50;17;1;0;0.9750;13;13;1
org.apache.catalina.session.StandardSession.fireContainerEvent(Context, String, Object);org.apache.catalina.core.ContainerBase;0;0;0;1.0000;585;58;24;1;0;0.9872;555;53;27
org.apache.jasper.compiler.JspRuntimeContext.getJspForUnload(int);org.apache.jasper.servlet.JspServletWrapper;0;0;0;0;0;0;0;0;0;0;0;0;0
org.apache.naming.NamingContext.bind(Name, Object, boolean);org.apache.naming.StringManager;2;1;3;0.9231;282;32;6;1;0;0.9000;50;3;3
org.apache.catalina.ha.tcp.SimpleTcpCluster.send(ClusterMessage, Member);org.apache.juli.logging.Log;0;1;3;0.9545;368;43;29;4;0;0.8333;18;18;0
org.apache.coyote.http11.Http11NioProtocol.setUseSendfile(boolean);org.apache.tomcat.util.net.NioEndpoint;1;0;0;1.0000;97;17;3;0;1;0.9762;362;19;26
org.apache.catalina.realm.MemoryRealm.getDigester();org.apache.tomcat.util.digester.Digester;1;0;2;1.0000;94;7;6;2;1;0.9778;849;103;29
org.apache.tomcat.util.bcel.classfile.ExceptionTable.toString();org.apache.tomcat.util.bcel.classfile.ConstantPool;1;0;2;0.7778;44;4;2;1;0;0.9167;130;7;2
org.apache.jasper.xmlparser.MyEntityResolver.resolveEntity(String, String);org.apache.juli.logging.Log;1;0;0;1.0000;18;1;0;3;0;0.8333;18;18;0
org.apache.jasper.compiler.Generator.GenerateVisitor.generateAliasMap(Node.CustomTag, String);org.apache.jasper.compiler.Node;0;0;1;0.9844;1736;44;16;1;0;0.9677;163;7;15
org.apache.catalina.mbeans.JmxRemoteLifecycleListener.destroyServer(String, JMXConnectorServer);org.apache.juli.logging.Log;1;0;2;1.0000;109;4;13;1;0;0.9444;18;18;0
org.apache.tomcat.util.buf.ByteChunk.getInt();org.apache.tomcat.util.buf.Ascii;0;0;3;0.9348;425;43;10;1;0;1.0000;91;11;7
org.apache.catalina.ha.authenticator.ClusterSingleSignOn.deregister(String);org.apache.catalina.ha.CatalinaCluster;1;1;2;0.8696;142;15;4;2;0;0.9286;20;20;1
org.apache.tomcat.util.modeler.modules.MbeansDescriptorsIntrospectionSource.initMethods(Class<?>, Method, Hashtable<String,Method>, Hashtable<String,Method>, Hashtable<String,Method>, Hashtable<String,Method>);org.apache.juli.logging.Log;0;2;2;0.9167;194;7;10;2;0;0.8947;18;18;0
org.apache.jasper.compiler.Generator.GenerateVisitor.visit(Node.PlugIn);org.apache.jasper.compiler.Node.JspAttribute;10;3;1;0.9481;1736;44;16;0;2;0.9487;107;7;10
org.apache.tomcat.util.http.mapper.Mapper.internalMapWrapper(Context, CharChunk, MappingData);org.apache.tomcat.util.buf.MessageBytes;2;3;0;0.9444;837;39;5;3;0;0.9545;380;30;16
org.apache.el.parser.ELParserTokenManager.jjMoveStringLiteralDfa3_1(long, long);org.apache.el.parser.SimpleCharStream;0;4;2;0.8605;994;32;25;1;0;0.9821;257;26;16
org.apache.jasper.compiler.SmapUtil.SmapGenVisitor.doSmap(Node, int, int, int);org.apache.jasper.compiler.SmapStratum;2;0;1;0.9688;149;23;3;2;0;0.8824;89;6;5
org.apache.jasper.compiler.Generator.generateDeclarations(Node.Nodes);org.apache.jasper.compiler.Node.ScriptingElement;4;1;1;0.9818;782;28;18;1;0;0.9545;30;2;0
org.apache.jasper.JspC.main(String);org.apache.jasper.compiler.Localizer;0;2;3;0.9634;876;35;84;1;0;1.0000;34;6;1
org.apache.catalina.tribes.membership.McastService.messageReceived(ChannelMessage);org.apache.catalina.tribes.MessageListener;0;0;1;0.9846;353;55;13;2;0;0.6000;4;4;0
org.apache.coyote.http11.Http11NioProtocol.init();org.apache.tomcat.util.net.AbstractEndpoint;3;0;2;0.9655;97;17;3;1;1;0.9747;397;29;69
org.apache.coyote.http11.Http11AprProtocol.Http11ConnectionHandler.asyncDispatch(long, SocketStatus);org.apache.tomcat.util.net.AprEndpoint;0;0;0;0;0;0;0;0;0;0;0;0;0
org.apache.catalina.core.NamingContextListener.removeEnvironment(String);org.apache.juli.logging.Log;1;0;3;0.9375;745;23;11;1;0;0.9500;18;18;0
org.apache.el.ValueExpressionImpl.getValue(ELContext);org.apache.el.parser.Node;0;1;3;0.7895;78;12;5;1;0;0.9524;17;17;0
org.apache.catalina.core.ApplicationContext.createListener(Class<T>);org.apache.tomcat.InstanceManager;2;0;2;0.9857;645;60;13;1;0;0.8333;4;4;0
org.apache.catalina.ssi.SSIServletExternalResolver.getFileText(String, boolean);org.apache.catalina.ssi.ResponseIncludeWrapper;1;1;3;0.8710;400;20;7;1;0;0.9615;108;11;11
org.apache.catalina.loader.WebappClassLoader.clearReferences();org.apache.juli.logging.LogFactory;0;6;2;0.9091;1601;58;35;1;0;1.0000;51;12;6
org.apache.jasper.compiler.Validator.ValidateVisitor.visit(Node.PlugIn);org.apache.jasper.compiler.ErrorDispatcher;1;2;2;0.9362;735;37;19;1;0;0.9655;158;22;2
org.apache.catalina.tribes.membership.McastService.hasMembers();org.apache.catalina.tribes.membership.Membership;1;0;1;0.9846;353;55;13;1;0;0.9545;137;11;6
org.apache.catalina.realm.RealmBase.hasResourcePermission(Request, Response, SecurityConstraint[], Context);org.apache.catalina.deploy.LoginConfig;1;1;3;0.9701;672;37;22;3;0;0.9000;85;9;5
org.apache.coyote.ajp.AjpAprProcessor.SocketOutputBuffer.doWrite(ByteChunk, Response);org.apache.coyote.ajp.AjpAprProcessor;4;0;0;1.0000;32;1;0;2;4;0.8605;623;13;30
org.apache.coyote.http11.AbstractHttp11Protocol.setKeyAlias(String);org.apache.tomcat.util.net.AbstractEndpoint;1;0;1;0.9909;382;89;22;0;1;0.9859;397;29;69
org.apache.coyote.http11.Http11AprProcessor.prepareResponse();org.apache.coyote.Request;8;2;12;0.8427;954;28;36;1;1;0.9783;221;18;34
org.apache.catalina.ssi.SSIServletExternalResolver.getFileText(String, boolean);org.apache.catalina.ssi.ByteArrayServletOutputStream;1;1;3;0.8710;400;20;7;1;0;0.9091;9;2;1
org.apache.catalina.connector.Response.encodeURL(String);org.apache.catalina.Session;0;3;1;0.9551;596;70;20;1;0;0.9730;32;32;4
org.apache.catalina.ssi.SSIFilter.doFilter(ServletRequest, ServletResponse, FilterChain);org.apache.catalina.Globals;1;0;6;0.5385;63;3;6;0;1;1.0000;0;0;39
org.apache.coyote.ajp.AjpProcessor.recycle();org.apache.coyote.Request;0;0;9;0.7907;659;13;32;1;0;0.9844;221;18;34
org.apache.coyote.http11.AbstractOutputBuffer.sendHeader(ByteChunk, ByteChunk);org.apache.coyote.http11.Constants;1;1;2;0.9032;200;22;11;0;4;1.0000;0;0;44
org.apache.catalina.tribes.io.ChannelData.getDataFromPackage(byte[]);org.apache.catalina.tribes.membership.MemberImpl;1;0;5;0.7500;165;14;7;1;0;1.0000;300;29;19
org.apache.catalina.valves.ExtendedAccessLogValve.ServletContextElement.addElement(StringBuilder, Date, Request, Response, long);org.apache.catalina.Context;0;0;1;0.7500;6;1;1;1;0;0.9930;139;139;1
org.apache.catalina.util.HexUtils.convert(String);org.apache.tomcat.util.res.StringManager;0;0;1;1.0000;48;4;2;1;0;0.8000;52;3;3
org.apache.catalina.loader.WebappClassLoader.findResourceInternal(String, String);org.apache.catalina.loader.ResourceEntry;2;4;17;0.8081;1601;58;35;0;6;0.8065;0;0;7
org.apache.jasper.runtime.JspWriterImpl.getLocalizeMessage(String);org.apache.jasper.security.SecurityUtil;0;0;0;1.0000;233;36;7;1;0;1.0000;31;2;1
org.apache.tomcat.util.http.fileupload.DiskFileItemFactory.createItem(String, String, boolean, String);org.apache.tomcat.util.http.fileupload.DiskFileItem;0;0;3;0.5714;33;1;4;1;0;0.9697;232;17;16
org.apache.catalina.core.ApplicationContextFacade.addServlet(String, String);org.apache.catalina.core.ApplicationContext;0;1;1;0.9672;514;57;3;1;0;0.9859;645;60;13
org.apache.coyote.ajp.AjpAprProtocol.setTcpNoDelay(boolean);org.apache.tomcat.util.net.AbstractEndpoint;0;0;1;0.9815;219;40;15;1;0;0.9859;397;29;69
org.apache.jasper.compiler.Generator.GenerateVisitor.visit(Node.GetProperty);org.apache.jasper.compiler.Generator;3;0;1;0.9853;1736;44;16;0;3;0.9565;782;28;18
org.apache.catalina.tribes.group.interceptors.TwoPhaseCommitInterceptor.messageReceived(ChannelMessage);org.apache.catalina.tribes.util.Arrays;2;0;4;0.9375;69;3;6;2;0;1.0000;157;24;1
org.apache.tomcat.util.bcel.classfile.InnerClasses.toString();org.apache.tomcat.util.bcel.classfile.InnerClass;0;0;2;0.7778;39;4;2;1;0;0.9231;47;4;4
org.apache.catalina.core.ApplicationPart.getName();org.apache.tomcat.util.http.fileupload.FileItem;0;0;1;0.9167;59;9;2;1;0;0.9375;15;15;0
org.apache.catalina.core.StandardContext.listenerStart();org.apache.catalina.core.ApplicationContext;2;3;2;0.9878;2421;209;114;0;0;1.0000;645;60;13
org.apache.catalina.connector.CoyoteAdapter.log(org.apache.coyote.Request, org.apache.coyote.Response, long);org.apache.catalina.connector.Request;0;0;0;0;0;0;0;0;0;0;0;0;0
org.apache.coyote.RequestGroupInfo.setBytesSent(long);org.apache.coyote.RequestInfo;1;0;2;0.9091;112;15;7;0;1;0.9655;134;13;14
org.apache.catalina.connector.Connector.pause();org.apache.tomcat.util.res.StringManager;0;0;3;0.9882;405;53;33;1;0;0.8750;52;3;3
org.apache.catalina.mbeans.MBeanFactory.createAccessLoggerValve(String);org.apache.catalina.Pipeline;1;1;0;0.9714;401;31;3;1;0;0.9167;9;9;0
org.apache.catalina.startup.HostConfig.undeployApps();org.apache.juli.logging.Log;1;0;4;0.9630;793;36;16;3;0;0.8750;18;18;0
org.apache.catalina.valves.ExtendedAccessLogValve.SessionAttributeElement.addElement(StringBuilder, Date, Request, Response, long);org.apache.catalina.valves.ExtendedAccessLogValve;0;0;1;0.6667;10;1;1;1;0;0.9167;367;10;2
org.apache.jasper.compiler.DeclarationVisitor.visit(Node.CustomTag);org.apache.jasper.compiler.Node.CustomTag;1;0;0;1.0000;36;3;1;0;3;0.9268;218;9;26
org.apache.tomcat.util.log.SystemLogHandler.stopCapture();org.apache.tomcat.util.log.CaptureLog;0;0;2;1.0000;128;29;3;2;0;0.6000;13;2;2
org.apache.catalina.startup.HostConfig.stop();org.apache.tomcat.util.res.StringManager;1;1;5;0.9231;793;36;16;1;0;0.9231;52;3;3
org.apache.catalina.startup.Embedded.addLifecycleListener(LifecycleListener);org.apache.catalina.util.LifecycleSupport;0;0;1;0.9767;368;34;10;1;0;0.8750;38;3;3
org.apache.catalina.connector.Response.getHeaders(String);org.apache.tomcat.util.http.MimeHeaders;1;0;1;0.9888;596;70;20;1;0;0.9565;129;18;3
org.apache.tomcat.util.net.NioEndpoint.SocketProcessor.run();org.apache.tomcat.util.net.AbstractEndpoint.Handler;5;0;2;0.9200;91;2;2;0;1;0.9565;0;0;1
org.apache.coyote.http11.AbstractOutputBuffer.endRequest();org.apache.coyote.ActionCode;1;0;5;0.8485;200;22;11;0;1;1.0000;6;0;30
org.apache.catalina.core.StandardHost.addChild(Container);org.apache.catalina.Lifecycle;0;0;0;1.0000;308;36;19;1;0;0.8750;6;6;11
org.apache.jasper.compiler.Validator.DirectiveVisitor.visit(Node.TagDirective);org.apache.jasper.compiler.Node.Root;6;0;3;0.8800;214;7;4;0;1;0.9643;56;2;8
org.apache.catalina.core.StandardHostValve.invoke(Request, Response);org.apache.catalina.Valve;1;2;1;0.9000;160;7;3;1;0;0.9545;7;7;0
org.apache.catalina.tribes.group.GroupChannel.sendNoRpcChannelReply(RpcMessage, Member);org.apache.catalina.tribes.group.RpcMessage;2;1;1;0.9714;268;24;9;0;2;0.8182;36;3;4
org.apache.coyote.http11.Http11NioProtocol.Http11ConnectionHandler.process(NioChannel);org.apache.coyote.http11.Http11NioProtocol;9;2;3;0.8438;177;8;6;0;1;1.0000;97;17;3
org.apache.coyote.ajp.AjpAprProtocol.getPort();org.apache.tomcat.util.net.AbstractEndpoint;1;0;1;0.9815;219;40;15;0;1;0.9859;397;29;69
org.apache.catalina.core.ApplicationContext.getEffectiveMajorVersion();org.apache.catalina.core.StandardContext;1;0;1;0.9855;645;60;13;0;1;0.9969;2421;209;114
org.apache.catalina.connector.CoyoteAdapter.parseSessionCookiesId(org.apache.coyote.Request, Request);org.apache.tomcat.util.http.mapper.MappingData;4;1;1;0.9643;620;12;9;0;1;0.9643;11;1;9
org.apache.naming.resources.ResourceCache.allocate(int);org.apache.naming.resources.CacheEntry;1;0;9;0.5000;211;7;10;0;2;0.8947;13;2;8
org.apache.el.ValueExpressionImpl.readExternal(ObjectInput);org.apache.el.util.ReflectionUtil;0;0;4;0.7778;78;12;5;1;0;1.0000;87;7;3
org.apache.tomcat.util.buf.C2BConverter.convert(MessageBytes);org.apache.tomcat.util.buf.CharChunk;3;3;2;0.8333;58;8;5;1;2;0.9500;393;39;8
org.apache.catalina.tribes.group.interceptors.FragmentationInterceptor.FragCollection.assemble();org.apache.catalina.tribes.ChannelMessage;1;1;2;0.7500;30;4;3;2;0;0.8824;11;11;0
org.apache.catalina.mbeans.MBeanFactory.createStandardContext(String, String, String, boolean, boolean, boolean, boolean);org.apache.juli.logging.Log;2;3;2;0.9348;401;31;3;1;0;0.9706;18;18;0
org.apache.catalina.startup.Embedded.removeEngine(Engine);org.apache.catalina.connector.Connector;0;0;2;0.9800;368;34;10;1;0;0.9890;405;53;33
org.apache.jasper.compiler.Generator.GenerateVisitor.syncScriptingVars(Node.CustomTag, int);org.apache.jasper.compiler.ServletWriter;1;0;2;0.9692;1736;44;16;3;0;0.8571;54;12;6
org.apache.catalina.connector.MapperListener.registerHost(Host);org.apache.catalina.Container;0;0;0;0;0;0;0;0;0;0;0;0;0
org.apache.catalina.core.ApplicationContext.getClassLoader();org.apache.catalina.Globals;1;0;1;0.9857;645;60;13;0;1;1.0000;0;0;39
org.apache.catalina.connector.Request.changeSessionId(String);org.apache.catalina.core.ApplicationSessionCookieConfig;0;0;4;0.9771;1203;127;53;1;0;1.0000;85;2;7
org.apache.catalina.core.StandardPipeline.isAsyncSupported();org.apache.catalina.Valve;0;0;2;0.9091;233;15;5;2;0;0.7778;7;7;0
org.apache.coyote.http11.Http11Protocol.Http11ConnectionHandler.register(Http11Processor);org.apache.coyote.http11.AbstractHttp11Processor;4;0;3;0.8421;105;5;5;0;1;0.9828;228;17;32
org.apache.catalina.core.ApplicationFilterRegistration.addMappingForUrlPatterns(EnumSet<DispatcherType>, boolean, String);org.apache.catalina.Context;0;0;1;0.9412;110;11;3;2;0;0.9859;139;139;1
org.apache.catalina.tribes.membership.McastService.getMember(Member);org.apache.catalina.tribes.membership.McastServiceImpl;1;0;1;0.9846;353;55;13;0;1;0.9756;309;12;28
org.apache.catalina.connector.RequestFacade.getUserPrincipal();org.apache.tomcat.util.res.StringManager;0;0;2;0.9859;450;69;2;1;0;0.8571;52;3;3
org.apache.catalina.tribes.transport.bio.BioReplicationTask.execute(ObjectReader);org.apache.catalina.tribes.io.BufferPool;1;1;1;0.9444;92;6;3;2;0;0.9286;37;4;4
org.apache.jasper.compiler.TagPluginManager.TagPluginContextImpl.isScriptless();org.apache.jasper.compiler.Node.CustomTag;2;0;1;0.9524;72;15;4;0;1;0.9756;218;9;26
org.apache.coyote.ajp.AjpMessage.appendBytes(MessageBytes);org.apache.tomcat.util.res.StringManager;1;5;2;0.8333;235;23;5;1;0;0.9333;52;3;3
org.apache.tomcat.util.http.mapper.Mapper.internalMapWrapper(Context, CharChunk, MappingData);org.apache.tomcat.util.http.mapper.MappingData;2;3;0;0.9444;837;39;5;0;6;0.8125;11;1;9
org.apache.catalina.startup.WebAnnotationSet.addResource(Context, Resource);org.apache.catalina.Context;5;0;0;1.0000;125;6;0;1;0;0.9935;139;139;1
org.apache.catalina.core.ContainerBase.backgroundProcess();org.apache.catalina.Cluster;2;0;7;0.9425;555;53;27;1;0;0.9600;11;11;0
org.apache.jasper.runtime.JspRuntimeLibrary.getValueFromBeanInfoPropertyEditor(Class<?>, String, String, Class<?>);org.apache.jasper.compiler.Localizer;0;0;0;1.0000;626;44;2;1;0;1.0000;34;6;1
org.apache.tomcat.util.scan.StandardJarScanner.process(JarScannerCallback, URL);org.apache.tomcat.JarScannerCallback;2;0;4;0.7778;119;3;6;2;0;0.6667;2;2;0
org.apache.catalina.startup.EngineConfig.stop();org.apache.catalina.Container;0;0;2;0.8571;17;3;3;1;0;0.9744;35;35;6
org.apache.catalina.core.StandardContext.createWrapper();org.apache.catalina.Container;0;0;8;0.9784;2421;209;114;1;0;0.9778;35;35;6
org.apache.catalina.connector.ResponseFacade.isFinished();org.apache.tomcat.util.res.StringManager;0;0;2;0.9762;224;40;2;1;0;0.8571;52;3;3
org.apache.catalina.core.ApplicationContextFacade.removeAttribute(String);org.apache.catalina.core.ApplicationContext;0;1;1;0.9672;514;57;3;1;0;0.9859;645;60;13
org.apache.catalina.core.ApplicationContextFacade.addFilter(String, Class<? extends Filter>);org.apache.catalina.security.SecurityUtil;0;1;1;0.9672;514;57;3;1;0;1.0000;146;11;17
org.apache.jasper.compiler.Generator.generate(ServletWriter, Compiler, Node.Nodes);org.apache.jasper.JspCompilationContext;2;2;4;0.8605;782;28;18;0;3;0.9565;426;31;31
org.apache.catalina.util.LifecycleBase.init();org.apache.catalina.Lifecycle;0;0;0;0;0;0;0;0;0;0;0;0;0
org.apache.el.parser.AstDiv.getValue(EvaluationContext);org.apache.el.parser.Node;0;0;0;1.0000;8;1;0;1;0;0.9444;17;17;0
org.apache.catalina.mbeans.ContextResourceMBean.setAttribute(Attribute);org.apache.catalina.deploy.ResourceBase;2;0;0;1.0000;76;2;0;3;3;0.7000;43;9;7
org.apache.tomcat.util.bcel.classfile.ConstantPool.getConstantString(int, byte);org.apache.tomcat.util.bcel.classfile.ConstantString;4;1;0;0.9091;130;7;2;0;1;0.8750;17;2;1
org.apache.catalina.tribes.tipis.AbstractReplicatedMap.finalize();org.apache.catalina.tribes.group.RpcChannel;0;1;5;0.9104;741;50;17;1;0;0.9444;98;6;9
org.apache.juli.AsyncFileHandler.LoggerThread.run();org.apache.juli.AsyncFileHandler.LogEntry;1;0;1;0.6667;18;1;1;1;0;0.8000;14;1;2
org.apache.catalina.ha.tcp.SimpleTcpCluster.lifecycleEvent(LifecycleEvent);org.apache.juli.logging.Log;1;0;2;1.0000;368;43;29;2;0;0.9000;18;18;0
org.apache.el.parser.ELParser.String();org.apache.el.parser.ELParserConstants;3;1;1;0.9855;2270;112;22;0;1;0.9841;0;0;56
org.apache.catalina.realm.RealmBase.hasUserDataPermission(Request, Response, SecurityConstraint[]);org.apache.catalina.connector.Connector;2;0;1;1.0000;672;37;22;1;0;0.9895;405;53;33
org.apache.jasper.compiler.Collector.CollectVisitor.visit(Node.ParamAction);org.apache.jasper.compiler.Node.ParamAction;2;0;2;0.9091;114;15;6;0;1;0.8571;15;1;1
org.apache.catalina.startup.ContextConfig.validateSecurityRoles();org.apache.catalina.Wrapper;1;0;3;0.9811;1103;37;18;3;0;0.9348;39;39;0
org.apache.tomcat.util.buf.ByteChunk.toString();org.apache.tomcat.util.buf.StringCache;0;0;3;0.9348;425;43;10;1;0;1.0000;361;13;14
org.apache.catalina.core.StandardServer.removeService(Service);org.apache.catalina.Lifecycle;0;0;2;0.9565;309;29;19;1;0;0.8750;6;6;11
org.apache.coyote.http11.AbstractHttp11Protocol.getTruststorePass();org.apache.tomcat.util.net.AbstractEndpoint;1;0;1;0.9909;382;89;22;0;1;0.9859;397;29;69
org.apache.jasper.compiler.TagPluginManager.TagPluginContextImpl.getTemporaryVariableName();org.apache.jasper.compiler.Node.Root;0;0;1;0.9524;72;15;4;1;0;0.9231;56;2;8
org.apache.catalina.tribes.group.RpcChannel.send(Member[], Serializable, int, int, long);org.apache.catalina.tribes.Channel;1;0;4;0.7500;98;6;9;1;1;0.9500;15;15;13
org.apache.catalina.deploy.WebXml.toXml();org.apache.catalina.deploy.ResourceBase;9;3;29;0.8373;1536;45;42;4;1;0.9621;43;9;7
org.apache.coyote.http11.Http11AprProtocol.getThreadPriority();org.apache.tomcat.util.net.AbstractEndpoint;1;0;1;0.9901;387;76;26;0;0;1.0000;397;29;69
org.apache.catalina.deploy.LoginConfig.setLoginPage(String);org.apache.catalina.util.RequestUtil;0;0;1;0.9286;85;9;5;1;0;1.0000;189;13;3
org.apache.catalina.ssi.SSIFilter.doFilter(ServletRequest, ServletResponse, FilterChain);org.apache.catalina.ssi.SSIProcessor;1;0;6;0.5385;63;3;6;1;0;0.9565;202;9;6
org.apache.coyote.http11.AbstractInputBuffer.endRequest();org.apache.coyote.http11.InputFilter;0;0;4;0.8261;81;10;14;1;0;0.9091;7;7;0
org.apache.catalina.manager.ManagerServlet.start(PrintWriter, String);org.apache.catalina.Container;1;0;3;0.9574;924;35;13;1;0;0.9744;35;35;6
org.apache.tomcat.util.net.JIoEndpoint.SocketProcessor.run();org.apache.tomcat.util.net.JIoEndpoint.Handler;2;0;2;0.8889;49;1;2;2;0;0.8750;2;2;0
org.apache.catalina.tribes.group.GroupChannel.setChannelReceiver(ChannelReceiver);org.apache.catalina.tribes.group.ChannelCoordinator;0;0;1;0.9697;268;24;9;1;0;0.9565;164;15;5
org.apache.el.parser.ELParser.DotSuffix();org.apache.el.parser.JJTELParserState;4;1;1;0.9856;2270;112;22;2;0;0.9130;74;10;5
org.apache.jasper.servlet.JspServlet.handleMissingResource(HttpServletRequest, HttpServletResponse, String);org.apache.jasper.security.SecurityUtil;0;0;1;0.9333;167;10;5;1;0;1.0000;31;2;1
org.apache.catalina.core.AsyncContextImpl.dispatch(String);org.apache.catalina.connector.Request;0;1;1;0.9394;283;23;12;1;0;0.9943;1203;127;53
org.apache.catalina.mbeans.UserMBean.removeRole(String);org.apache.catalina.UserDatabase;0;0;0;1.0000;85;6;3;1;0;0.9474;16;16;0
org.apache.catalina.connector.Request.getServletPathMB();org.apache.tomcat.util.http.mapper.MappingData;1;0;1;0.9943;1203;127;53;0;1;0.9091;11;1;9
org.apache.catalina.authenticator.AuthenticatorBase.register(Request, HttpServletResponse, Principal, String, String, String);org.apache.catalina.Container;3;1;4;0.9200;293;17;18;1;0;0.9833;35;35;6
org.apache.catalina.startup.TldConfig.tldScanJar(JarURLConnection);org.apache.tomcat.util.ExceptionUtils;0;0;0;0;0;0;0;0;0;0;0;0;0
org.apache.coyote.http11.Http11AprProtocol.Http11ConnectionHandler.createProcessor();org.apache.coyote.http11.AbstractHttp11Processor;2;1;1;0.9429;119;5;5;0;0;1.0000;228;17;32
org.apache.coyote.http11.Http11AprProtocol.Http11ConnectionHandler.process(long);org.apache.coyote.http11.Http11AprProtocol;3;1;3;0.7778;119;5;5;0;3;0.9912;387;76;26
org.apache.catalina.manager.util.SessionUtils.guessLocaleFromSession(Session);org.apache.catalina.Session;0;1;0;1.0000;158;6;5;1;0;0.9688;32;32;4
org.apache.catalina.tribes.transport.bio.BioReceiver.listen();org.apache.catalina.tribes.transport.RxTaskPool;1;0;2;0.9630;94;7;2;2;0;0.9355;89;5;7
org.apache.catalina.valves.CometConnectionManagerValve.sessionDestroyed(HttpSessionEvent);org.apache.catalina.Wrapper;2;0;2;0.9565;136;8;4;1;0;0.9808;39;39;0
org.apache.jasper.xmlparser.MyEntityResolver.resolveEntity(String, String);org.apache.jasper.compiler.Localizer;1;0;0;1.0000;18;1;0;1;0;1.0000;34;6;1
org.apache.catalina.tribes.group.ChannelInterceptorBase.start(int);org.apache.catalina.tribes.ChannelInterceptor;0;0;1;0.9444;66;14;4;1;0;0.9412;16;16;0
org.apache.catalina.core.JreMemoryLeakPreventionListener.lifecycleEvent(LifecycleEvent);org.apache.catalina.LifecycleEvent;1;0;6;0.5000;83;1;6;1;0;0.9333;18;3;3
org.apache.tomcat.util.bcel.classfile.LocalVariable.getSignature();org.apache.tomcat.util.bcel.classfile.ConstantUtf8;2;0;2;0.8571;43;5;6;0;1;0.8571;14;2;1
org.apache.catalina.ha.tcp.ReplicationValve.updateStats(long, long);org.apache.juli.logging.Log;1;0;9;0.7813;278;16;17;2;0;0.9200;18;18;0
org.apache.catalina.core.ApplicationContextFacade.getServlet(String);org.apache.catalina.security.SecurityUtil;0;1;1;0.9672;514;57;3;1;0;1.0000;146;11;17
org.apache.catalina.core.StandardService.removeExecutor(Executor);org.apache.juli.logging.Log;0;0;2;0.9756;289;26;16;1;0;0.9524;18;18;0
org.apache.catalina.startup.ContextConfig.authenticatorConfig();org.apache.tomcat.util.res.StringManager;1;0;7;0.9474;1103;37;18;1;0;0.9500;52;3;3
org.apache.catalina.session.StandardSession.removeAttribute(String, boolean);org.apache.tomcat.util.res.StringManager;0;2;1;0.9737;585;58;24;1;0;0.8571;52;3;3
org.apache.el.parser.ELParser.Math();org.apache.el.parser.ELParserTreeConstants;2;3;4;0.9500;2270;112;22;0;2;0.9583;0;0;35
org.apache.catalina.mbeans.MemoryUserDatabaseMBean.findGroup(String);org.apache.catalina.mbeans.MBeanUtils;0;0;1;0.9524;168;12;6;1;0;1.0000;706;52;4
org.apache.jasper.compiler.Validator.validateXmlView(PageData, Compiler);org.apache.jasper.compiler.Localizer;2;0;0;1.0000;65;3;0;1;0;1.0000;34;6;1
org.apache.catalina.core.ApplicationContext.addListener(T);org.apache.catalina.util.LifecycleBase;2;1;2;0.9718;645;60;13;0;1;0.9412;88;11;4
org.apache.catalina.manager.JspHelper.getDisplayTTLForSession(Session);org.apache.catalina.manager.util.SessionUtils;0;1;0;1.0000;113;12;3;1;0;1.0000;158;6;5
org.apache.catalina.deploy.WebXml.addResourceRef(ContextResource);org.apache.catalina.deploy.ResourceBase;1;0;2;0.9861;1536;45;42;1;0;0.9375;43;9;7
org.apache.catalina.session.StandardSession.getServletContext();org.apache.catalina.Context;0;0;1;0.9870;585;58;24;1;0;0.9929;139;139;1
org.apache.catalina.core.ApplicationContextFacade.getRealPath(String);org.apache.catalina.security.SecurityUtil;0;1;1;0.9672;514;57;3;1;0;1.0000;146;11;17
org.apache.catalina.startup.Embedded.removeContext(Context);org.apache.catalina.Context;0;0;2;0.9792;368;34;10;1;0;0.9931;139;139;1
org.apache.catalina.startup.WebAnnotationSet.loadApplicationServletAnnotations(Context);org.apache.catalina.core.StandardWrapper;0;1;0;1.0000;125;6;0;2;0;0.9818;748;76;36
org.apache.el.parser.AstMethodParameters.getParameters(EvaluationContext);org.apache.el.parser.Node;0;0;0;1.0000;17;2;0;1;0;0.9474;17;17;0
org.apache.coyote.ajp.AjpAprProcessor.parseHost(MessageBytes);org.apache.tomcat.util.buf.HexUtils;4;0;4;0.9231;623;13;30;1;0;1.0000;8;3;2
org.apache.catalina.core.StandardEngineValve.event(Request, Response, CometEvent);org.apache.catalina.Pipeline;0;0;0;1.0000;20;3;2;1;0;0.9167;9;9;0
org.apache.catalina.authenticator.NonLoginAuthenticator.authenticate(Request, HttpServletResponse, LoginConfig);org.apache.juli.logging.Log;0;0;0;1.0000;7;2;1;2;0;0.8947;18;18;0
org.apache.catalina.core.StandardHost.startInternal();org.apache.catalina.Pipeline;1;2;4;0.9219;308;36;19;2;0;0.9130;9;9;0
org.apache.catalina.manager.host.HTMLHostManagerServlet.list(HttpServletRequest, HttpServletResponse, String);org.apache.tomcat.util.res.StringManager;2;1;8;0.9375;241;8;11;1;0;0.9231;52;3;3
org.apache.catalina.startup.SetAuthConstraintRule.begin(String, String, Attributes);org.apache.tomcat.util.digester.Digester;2;0;0;1.0000;9;1;0;1;1;0.9854;849;103;29
org.apache.tomcat.util.modeler.modules.MbeansSource.save();org.apache.tomcat.util.DomUtil;0;0;4;0.8571;198;11;10;1;0;1.0000;130;14;1
org.apache.catalina.connector.RequestFacade.getRemoteUser();org.apache.catalina.connector.Request;0;0;2;0.9859;450;69;2;1;0;0.9943;1203;127;53
org.apache.catalina.connector.Request.clearEncoders();org.apache.catalina.connector.InputBuffer;0;0;1;0.9943;1203;127;53;1;0;0.9722;210;19;17
org.apache.catalina.core.ApplicationContext.getEffectiveMinorVersion();org.apache.catalina.core.StandardContext;1;0;1;0.9855;645;60;13;0;1;0.9969;2421;209;114
org.apache.catalina.connector.MapperListener.init();org.apache.catalina.Service;0;4;3;0.6250;300;10;6;0;0;1.0000;15;15;0
org.apache.catalina.mbeans.ContextResourceLinkMBean.setAttribute(Attribute);org.apache.catalina.deploy.ResourceBase;0;0;0;1.0000;19;1;0;2;0;0.8947;43;9;7
org.apache.catalina.valves.ErrorReportValve.invoke(Request, Response);org.apache.catalina.connector.Request;1;1;0;0.9231;135;4;2;2;0;0.9890;1203;127;53
org.apache.catalina.mbeans.MBeanUtils.destroyMBean(Context);org.apache.catalina.Container;0;1;1;1.0000;706;52;4;2;0;0.9429;35;35;6
org.apache.coyote.http11.AbstractHttp11Protocol.setSslProtocol(String);org.apache.tomcat.util.net.AbstractEndpoint;1;0;1;0.9909;382;89;22;0;1;0.9859;397;29;69
org.apache.catalina.session.StandardSession.setAttribute(String, Object, boolean);org.apache.juli.logging.Log;1;4;3;0.9259;585;58;24;1;0;0.9655;18;18;0
org.apache.catalina.mbeans.MBeanUtils.destroyMBean(Role);org.apache.tomcat.util.modeler.ManagedBean;0;2;2;1.0000;706;52;4;1;0;0.9714;252;23;13
org.apache.jasper.compiler.Validator.ValidateVisitor.getMethod(ELNode.Function);org.apache.jasper.compiler.ErrorDispatcher;1;0;1;0.9778;735;37;19;1;0;0.9600;158;22;2
org.apache.el.parser.ELParser.jj_3_2();org.apache.el.parser.ELParserConstants;1;2;1;0.9776;2270;112;22;0;2;0.9661;0;0;56
org.apache.catalina.mbeans.MBeanUtils.destroyMBean(Valve, Container);org.apache.tomcat.util.modeler.ManagedBean;0;2;2;1.0000;706;52;4;1;0;0.9722;252;23;13
org.apache.jasper.runtime.JspContextWrapper.setAttribute(String, Object);org.apache.jasper.compiler.Localizer;0;1;1;0.9556;257;38;7;1;0;1.0000;34;6;1
org.apache.tomcat.util.net.NioEndpoint.Poller.events();org.apache.tomcat.util.net.NioEndpoint.PollerEvent;1;0;1;0.9583;396;15;6;1;0;0.9091;60;4;3
org.apache.coyote.http11.Http11NioProcessor.process(NioChannel);org.apache.tomcat.util.net.AbstractEndpoint;14;4;8;0.8358;840;14;11;1;1;0.9836;397;29;69
org.apache.catalina.ha.session.DeltaSession.expire(boolean, boolean);org.apache.catalina.ha.CatalinaCluster;2;0;3;0.9836;399;42;7;2;0;0.9394;20;20;1
org.apache.catalina.ha.tcp.SimpleTcpCluster.startInternal();org.apache.juli.logging.Log;0;2;4;0.9254;368;43;29;3;0;0.8929;18;18;0
org.apache.jasper.compiler.Generator.FragmentHelperClass.openFragment(Node, int);org.apache.jasper.compiler.Node;2;0;3;0.8333;132;6;4;0;1;0.9730;163;7;15
org.apache.catalina.core.ApplicationContext.setAttribute(String, Object);org.apache.catalina.core.ContainerBase;0;2;4;0.9306;645;60;13;1;0;0.9884;555;53;27
org.apache.jasper.compiler.Generator.GenerateVisitor.visit(Node.SetProperty);org.apache.jasper.compiler.ServletWriter;6;0;1;0.9867;1736;44;16;4;1;0.8214;54;12;6
org.apache.coyote.ajp.AjpAprProcessor.process(long);org.apache.coyote.RequestInfo;5;4;14;0.7115;623;13;30;0;1;0.9818;134;13;14
org.apache.tomcat.util.buf.MessageBytes.startsWithIgnoreCase(String, int);org.apache.tomcat.util.buf.Ascii;0;0;7;0.9048;380;30;16;1;0;1.0000;91;11;7
org.apache.tomcat.util.buf.MessageBytes.isNull();org.apache.tomcat.util.buf.CharChunk;0;0;3;0.9286;380;30;16;1;0;0.9808;393;39;8
org.apache.naming.factory.EjbFactory.getObjectInstance(Object, Name, Context, Hashtable<?,?>);org.apache.naming.factory.Constants;2;0;0;1.0000;67;1;0;0;2;1.0000;0;0;12
org.apache.catalina.connector.RequestFacade.getLocalName();org.apache.tomcat.util.res.StringManager;0;0;2;0.9859;450;69;2;1;0;0.8571;52;3;3
org.apache.tomcat.util.buf.MessageBytes.toChars();org.apache.tomcat.util.buf.CharChunk;0;1;4;0.9048;380;30;16;2;0;0.9615;393;39;8
org.apache.catalina.deploy.WebXml.toXml();org.apache.catalina.deploy.ContextLocalEjb;9;3;29;0.8373;1536;45;42;3;0;0.9762;45;4;4
org.apache.jasper.compiler.Generator.GenerateVisitor.generateSetters(Node.CustomTag, String, TagHandlerInfo, boolean);org.apache.jasper.compiler.Node.CustomTag;5;0;4;0.9459;1736;44;16;1;1;0.9643;218;9;26
org.apache.catalina.startup.ContextConfig.configureStart();org.apache.catalina.Container;1;5;4;0.8833;1103;37;18;2;0;0.9643;35;35;6
org.apache.jasper.compiler.Parser.parseForward(Node);org.apache.jasper.compiler.JspReader;0;2;3;0.9375;1185;55;13;1;0;0.9737;304;23;9
org.apache.coyote.http11.Http11AprProcessor.action(ActionCode, Object);org.apache.tomcat.util.net.AprEndpoint;10;1;19;0.7978;954;28;36;0;1;0.9895;471;17;35
org.apache.catalina.tribes.transport.ReplicationTransmitter.heartbeat();org.apache.catalina.tribes.transport.DataSender;0;0;1;0.8889;30;7;3;1;0;0.9167;11;11;0
org.apache.coyote.ajp.AjpAprProcessor.recycle();org.apache.coyote.Request;0;0;10;0.7561;623;13;30;1;0;0.9846;221;18;34
org.apache.catalina.session.JDBCStore.save(Session);org.apache.catalina.Manager;1;6;9;0.7692;495;34;23;1;0;0.9833;35;35;0
org.apache.catalina.authenticator.FormAuthenticator.restoreRequest(Request, Session);org.apache.tomcat.util.http.Parameters;3;0;0;1.0000;236;8;3;2;0;0.9636;245;14;15
org.apache.coyote.http11.Http11AprProtocol.Http11ConnectionHandler.process(long);org.apache.tomcat.util.net.AprEndpoint;3;1;3;0.7778;119;5;5;1;0;0.9841;471;17;35
org.apache.catalina.core.StandardPipeline.removeValve(Valve);org.apache.catalina.Lifecycle;1;1;4;0.8519;233;15;5;1;0;0.9375;6;6;11
org.apache.catalina.realm.MemoryRealm.getPassword(String);org.apache.catalina.realm.GenericPrincipal;0;0;1;0.9000;94;7;6;1;0;0.9412;58;7;5
org.apache.el.parser.AstDynamicExpression.isReadOnly(EvaluationContext);org.apache.el.parser.Node;0;0;0;1.0000;15;4;0;1;0;0.9444;17;17;0
org.apache.catalina.util.ParameterMap.putAll(Map<? extends K,? extends V>);org.apache.tomcat.util.res.StringManager;0;0;2;0.9000;34;5;2;1;0;0.8333;52;3;3
org.apache.jasper.compiler.Generator.GenerateVisitor.generateCustomEnd(Node.CustomTag, String, String, String);org.apache.jasper.compiler.Generator;3;1;5;0.9167;1736;44;16;0;1;0.9821;782;28;18
org.apache.coyote.ajp.AjpProcessor.asyncDispatch(SocketStatus);org.apache.coyote.RequestInfo;4;1;9;0.8298;659;13;32;0;1;0.9756;134;13;14
org.apache.catalina.connector.CoyoteAdapter.service(org.apache.coyote.Request, org.apache.coyote.Response);org.apache.tomcat.util.res.StringManager;8;0;5;0.9792;620;12;9;1;0;0.9767;52;3;3
org.apache.tomcat.util.net.AbstractEndpoint.getCurrentThreadsBusy();org.apache.tomcat.util.threads.ResizableExecutor;0;0;1;0.9859;397;29;69;1;0;0.8571;5;5;0
org.apache.jasper.compiler.Validator.ValidateVisitor.checkXmlAttributes(Node.CustomTag, Node.JspAttribute[], Hashtable<String,Object>);org.apache.jasper.compiler.Node.JspAttribute;8;1;4;0.9344;735;37;19;1;0;0.9762;107;7;10
org.apache.catalina.core.StandardHostValve.event(Request, Response, CometEvent);org.apache.catalina.Loader;1;2;0;0.8667;160;7;3;1;0;0.9583;14;14;0
org.apache.tomcat.util.bcel.classfile.LocalVariableTable.copy(ConstantPool);org.apache.tomcat.util.bcel.classfile.LocalVariable;0;0;2;0.8182;50;5;2;1;0;0.9412;43;5;6
org.apache.catalina.connector.Response.getReporter();org.apache.catalina.connector.OutputBuffer;0;0;2;0.9775;596;70;20;2;0;0.9524;207;25;15
org.apache.catalina.core.NamingContextListener.addService(ContextService);org.apache.naming.ServiceRef;5;0;4;0.9464;745;23;11;1;2;0.9714;71;5;9
org.apache.coyote.http11.Http11NioProcessor.action(ActionCode, Object);org.apache.coyote.Constants;13;1;9;0.8816;840;14;11;0;1;1.0000;0;0;14
org.apache.coyote.Request.isProcessing();org.apache.coyote.RequestInfo;2;0;1;0.9811;221;18;34;0;1;0.9643;134;13;14
org.apache.catalina.core.ContainerBase.logName();org.apache.catalina.Container;0;0;1;0.9873;555;53;27;2;0;0.9444;35;35;6
org.apache.coyote.ajp.AjpAprProcessor.prepareResponse();org.apache.coyote.Response;5;0;4;0.9322;623;13;30;1;6;0.8727;250;19;18
org.apache.jasper.compiler.Node.IncludeAction.accept(Visitor);org.apache.jasper.compiler.Node.Visitor;0;0;0;1.0000;15;1;1;1;0;0.9714;126;35;0
org.apache.catalina.mbeans.MBeanUtils.createObjectName(String, Manager);org.apache.catalina.Host;0;0;0;1.0000;706;52;4;1;0;0.9615;22;22;2
org.apache.catalina.core.ApplicationContextFacade.addServlet(String, Servlet);org.apache.catalina.core.ApplicationContext;0;1;1;0.9672;514;57;3;1;0;0.9859;645;60;13
org.apache.catalina.connector.Request.isUserInRole(String);org.apache.catalina.Container;0;0;3;0.9830;1203;127;53;1;0;0.9750;35;35;6
org.apache.catalina.tribes.group.interceptors.ThroughputInterceptor.messageReceived(ChannelMessage);org.apache.catalina.tribes.io.XByteBuffer;0;1;5;0.6471;88;3;14;1;0;1.0000;317;36;7
org.apache.jasper.compiler.Collector.CollectVisitor.updatePageInfo(PageInfo);org.apache.jasper.compiler.PageInfo;1;0;1;0.9524;114;15;6;0;1;0.9872;341;30;46
org.apache.jasper.compiler.Node.Expression.accept(Visitor);org.apache.jasper.compiler.Node.Visitor;0;0;0;1.0000;9;1;0;1;0;0.9714;126;35;0
org.apache.catalina.core.ApplicationFilterConfig.release();org.apache.catalina.Container;2;1;2;0.8800;175;15;8;1;0;0.9762;35;35;6
org.apache.catalina.mbeans.MBeanFactory.removeContext(String);org.apache.catalina.core.StandardService;0;2;2;0.9487;401;31;3;1;0;0.9787;289;26;16
org.apache.catalina.deploy.WebXml.addAfterOrderingOthers();org.apache.tomcat.util.res.StringManager;0;0;4;0.9722;1536;45;42;1;0;0.8571;52;3;3
org.apache.catalina.core.ApplicationFilterConfig.setFilterDef(FilterDef);org.apache.catalina.Container;2;1;3;0.8400;175;15;8;1;0;0.9767;35;35;6
org.apache.naming.NamingContext.bind(Name, Object, boolean);org.apache.naming.NamingEntry;2;1;3;0.9231;282;32;6;0;6;0.8000;16;2;7
org.apache.catalina.tribes.membership.Membership.removeMember(MemberImpl);org.apache.catalina.tribes.membership.MemberImpl;0;0;3;0.8500;137;11;6;1;0;0.9762;300;29;19
org.apache.catalina.tribes.group.interceptors.NonBlockingCoordinator.getMembers();org.apache.catalina.tribes.membership.Membership;0;0;1;0.9796;352;38;15;1;0;0.9524;137;11;6
org.apache.tomcat.util.bcel.classfile.Code.toString(boolean);org.apache.tomcat.util.bcel.classfile.Utility;0;0;8;0.6364;109;10;8;1;0;1.0000;428;19;5
org.apache.catalina.core.StandardContext.bindThread();org.apache.naming.resources.DirContextURLStreamHandler;0;1;0;0.9969;2421;209;114;1;0;1.0000;91;13;3
org.apache.tomcat.util.digester.WithDefaultsRulesWrapper.setDigester(Digester);org.apache.tomcat.util.digester.Rules;1;0;2;0.8462;55;8;3;1;0;0.9091;8;8;0
org.apache.catalina.core.StandardContext.findMessageDestinationRefs();org.apache.catalina.deploy.NamingResources;0;0;1;0.9969;2421;209;114;1;0;0.9800;342;36;13
org.apache.catalina.core.ApplicationHttpRequest.AttributeNamesEnumerator.nextElement();org.apache.catalina.core.ApplicationHttpRequest;1;1;3;0.5000;39;3;4;1;1;0.9792;327;29;17
org.apache.jasper.compiler.TagFileProcessor.TagFileDirectiveVisitor.checkUniqueName(String, String, Node, TagAttributeInfo);org.apache.jasper.compiler.Mark;2;0;5;0.8966;204;8;24;0;1;0.9643;95;7;11
org.apache.catalina.startup.Tomcat.DefaultWebXmlListener.lifecycleEvent(LifecycleEvent);org.apache.catalina.LifecycleEvent;1;0;0;1.0000;5;1;0;2;0;0.7500;18;3;3
org.apache.tomcat.util.modeler.BaseNotificationBroadcaster.addNotificationListener(NotificationListener, NotificationFilter, Object);org.apache.tomcat.util.modeler.BaseAttributeFilter;1;0;1;0.9167;54;6;1;3;0;0.7273;34;5;1
org.apache.el.parser.AstValue.invoke(EvaluationContext, Class[], Object[]);org.apache.el.parser.AstMethodParameters;0;1;0;0.9167;148;10;1;0;0;1.0000;17;2;0
org.apache.jasper.compiler.Generator.GenerateVisitor.visit(Node.Expression);org.apache.jasper.compiler.ServletWriter;2;0;1;0.9848;1736;44;16;3;1;0.8000;54;12;6
org.apache.coyote.http11.Http11Processor.action(ActionCode, Object);org.apache.coyote.Request;9;1;7;0.8889;731;12;7;1;8;0.9063;221;18;34
org.apache.catalina.authenticator.FormAuthenticator.restoreRequest(Request, Session);org.apache.tomcat.util.buf.MessageBytes;3;0;0;1.0000;236;8;3;2;0;0.9857;380;30;16
org.apache.coyote.ajp.AjpProcessor.process(SocketWrapper<Socket>);org.apache.juli.logging.Log;6;4;15;0.6981;659;13;32;4;0;0.9070;18;18;0
org.apache.naming.NamingService.preRegister(MBeanServer, ObjectName);org.apache.naming.NamingServiceMBean;1;0;0;1.0000;71;8;4;0;1;1.0000;6;6;7
org.apache.jasper.runtime.PageContextImpl.removeAttribute(String, int);org.apache.jasper.security.SecurityUtil;0;1;0;0.9811;634;40;16;1;0;1.0000;31;2;1
org.apache.jasper.compiler.Validator.ValidateVisitor.visit(Node.CustomTag);org.apache.jasper.compiler.ErrorDispatcher;4;0;1;0.9825;735;37;19;3;0;0.9143;158;22;2
org.apache.catalina.session.StandardManager.doLoad();org.apache.catalina.Loader;2;1;2;0.9091;304;16;7;1;0;0.9655;14;14;0
org.apache.jasper.compiler.Validator.DirectiveVisitor.visit(Node.TagDirective);org.apache.jasper.compiler.Node.TagDirective;6;0;3;0.8800;214;7;4;0;1;0.9545;27;2;1
org.apache.tomcat.util.modeler.modules.MbeansDescriptorsIntrospectionSource.execute();org.apache.juli.logging.Log;0;1;4;0.6923;194;7;10;1;0;0.9583;18;18;0
org.apache.coyote.http11.AbstractOutputBuffer.sendHeader(MessageBytes, MessageBytes);org.apache.coyote.http11.Constants;1;1;2;0.9032;200;22;11;0;4;1.0000;0;0;44
org.apache.jasper.compiler.Validator.ValidateVisitor.visit(Node.JspRoot);org.apache.jasper.compiler.ErrorDispatcher;0;0;2;0.9773;735;37;19;1;0;0.9583;158;22;2
org.apache.jasper.compiler.Generator.GenerateVisitor.getTagHandlerInfo(Node.CustomTag);org.apache.jasper.compiler.Node;3;0;1;0.9841;1736;44;16;0;1;0.9667;163;7;15
org.apache.el.parser.ELParser.Choice();org.apache.el.parser.JJTELParserState;2;4;1;0.9712;2270;112;22;4;0;0.8261;74;10;5
org.apache.catalina.ha.tcp.ReplicationValve.registerReplicationSession(DeltaSession);org.apache.juli.logging.Log;1;0;3;0.9722;278;16;17;2;0;0.9130;18;18;0
org.apache.jasper.runtime.PageContextImpl.getAttributeNamesInScope(int);org.apache.jasper.security.SecurityUtil;0;1;0;0.9811;634;40;16;1;0;1.0000;31;2;1
org.apache.jasper.compiler.Generator.GenerateVisitor.visit(Node.PlugIn);org.apache.jasper.compiler.Node.PlugIn;10;3;1;0.9481;1736;44;16;0;2;0.9200;21;1;2
org.apache.coyote.ajp.AjpProtocol.getName();org.apache.tomcat.util.net.AbstractEndpoint;1;1;1;0.9574;201;32;16;0;1;0.9861;397;29;69
org.apache.jasper.compiler.Generator.generateTagHandlerPostamble(TagInfo);org.apache.jasper.compiler.ServletWriter;0;2;3;0.9091;782;28;18;7;0;0.6500;54;12;6
org.apache.coyote.http11.Http11AprProcessor.action(ActionCode, Object);org.apache.coyote.Constants;10;1;19;0.7978;954;28;36;0;0;1.0000;0;0;14
org.apache.jasper.compiler.ScriptingVariabler.set(Node.Nodes, ErrorDispatcher);org.apache.jasper.compiler.Node.Nodes;0;0;0;1.0000;4;1;1;1;0;0.9000;43;5;3
org.apache.catalina.tribes.tipis.AbstractReplicatedMap.heartbeat();org.apache.juli.logging.Log;0;1;2;0.9692;741;50;17;1;0;0.9500;18;18;0
org.apache.jasper.compiler.Validator.DirectiveVisitor.visit(Node.PageDirective);org.apache.jasper.compiler.Node;6;0;4;0.9268;214;7;4;1;1;0.9655;163;7;15
org.apache.catalina.mbeans.ServerLifecycleListener.containerEvent(ContainerEvent);org.apache.juli.logging.Log;1;2;1;0.9429;563;31;2;1;0;0.9565;18;18;0
org.apache.jasper.compiler.Validator.ValidateVisitor.visit(Node.ForwardAction);org.apache.jasper.compiler.Node.ForwardAction;1;1;2;0.9545;735;37;19;0;1;0.8750;15;1;1
org.apache.coyote.ajp.AjpProtocol.init();org.apache.juli.logging.Log;3;1;4;0.9434;201;32;16;3;0;0.8800;18;18;0
org.apache.tomcat.util.net.AprEndpoint.Sendfile.run();org.apache.tomcat.util.net.AprEndpoint.SendfileData;5;3;5;0.7037;187;5;6;0;6;0.7778;0;0;8
org.apache.coyote.RequestInfo.getCurrentUri();org.apache.tomcat.util.buf.MessageBytes;1;0;1;0.9643;134;13;14;1;0;0.9767;380;30;16
org.apache.catalina.core.ApplicationContextFacade.getClassLoader();org.apache.catalina.core.ApplicationContext;0;1;1;0.9672;514;57;3;1;0;0.9859;645;60;13
org.apache.coyote.http11.Http11AprProtocol.getTcpNoDelay();org.apache.tomcat.util.net.AbstractEndpoint;0;0;1;0.9901;387;76;26;1;0;0.9859;397;29;69
org.apache.catalina.core.ApplicationContextFacade.addFilter(String, String);org.apache.catalina.security.SecurityUtil;0;1;1;0.9672;514;57;3;1;0;1.0000;146;11;17
org.apache.tomcat.util.net.AprEndpoint.allocatePoller(int, long, int);org.apache.tomcat.jni.Poll;2;0;1;1.0000;471;17;35;1;0;1.0000;9;9;11
org.apache.jasper.compiler.TagFileProcessor.parseTagFileDirectives(ParserController, String, String, JarResource, TagLibraryInfo);org.apache.jasper.compiler.Compiler;2;0;0;1.0000;94;4;1;0;1;0.9600;310;11;8
org.apache.el.parser.AstIdentifier.getType(EvaluationContext);org.apache.el.util.MessageFactory;1;0;0;1.0000;93;7;0;1;0;1.0000;24;7;1
org.apache.coyote.ajp.AjpProcessor.SocketInputBuffer.doRead(ByteChunk, Request);org.apache.tomcat.util.buf.MessageBytes;3;0;0;1.0000;19;1;0;0;1;0.9808;380;30;16
org.apache.catalina.connector.Request.removeAttribute(String);org.apache.catalina.Container;2;1;5;0.9721;1203;127;53;1;0;0.9778;35;35;6
org.apache.el.parser.AstGreaterThanEqual.getValue(EvaluationContext);org.apache.el.parser.Node;0;0;0;1.0000;14;1;0;1;0;0.9444;17;17;0
org.apache.tomcat.util.digester.Digester.addRule(String, Rule);org.apache.tomcat.util.digester.Rule;1;1;0;0.9925;849;103;29;0;1;0.9286;31;9;2
org.apache.el.parser.ELParserTokenManager.jjMoveStringLiteralDfa2_1(long, long);org.apache.el.parser.SimpleCharStream;0;4;2;0.8605;994;32;25;1;0;0.9821;257;26;16
org.apache.coyote.ajp.AjpProcessor.prepareResponse();org.apache.tomcat.util.http.MimeHeaders;5;0;4;0.9344;659;13;32;3;1;0.9048;129;18;3
org.apache.catalina.tribes.membership.Membership.getMember(Member);org.apache.catalina.tribes.membership.MemberImpl;0;1;1;0.9000;137;11;6;1;0;0.9756;300;29;19
org.apache.jasper.compiler.Validator.ValidateVisitor.getMethod(ELNode.Function);org.apache.jasper.compiler.ELNode.Function;1;0;1;0.9778;735;37;19;0;3;0.7000;37;1;6
org.apache.coyote.ajp.AjpAprProcessor.SocketInputBuffer.doRead(ByteChunk, Request);org.apache.coyote.Request;3;0;0;1.0000;19;1;0;1;0;0.9844;221;18;34
org.apache.catalina.ha.session.ClusterManagerBase.getClassLoaders(Container);org.apache.catalina.Container;0;0;0;1.0000;23;4;0;1;0;0.9722;35;35;6
org.apache.jasper.compiler.ErrorDispatcher.javacError(String, Exception);org.apache.jasper.compiler.ErrorHandler;0;0;1;0.9524;158;22;2;1;0;0.8000;4;4;0
org.apache.catalina.ha.session.BackupManager.getClassLoaders();org.apache.catalina.ha.session.ClusterManagerBase;0;0;0;1.0000;135;20;7;1;0;1.0000;23;4;0
org.apache.jasper.xmlparser.XMLEncodingDetector.scanData(String, XMLStringBuffer);org.apache.jasper.xmlparser.XMLChar;0;2;6;0.8298;798;23;29;1;0;1.0000;115;21;9
org.apache.tomcat.util.http.Cookies.processCookies(MimeHeaders);org.apache.tomcat.util.buf.ByteChunk;3;0;1;1.0000;247;12;6;2;1;0.9474;425;43;10
org.apache.jasper.compiler.JspDocumentParser.startElement(String, String, String, Attributes);org.apache.jasper.compiler.TagConstants;6;5;11;0.6667;663;28;20;0;4;1.0000;0;0;57
org.apache.jasper.compiler.Parser.parseTaglibDirective(Node);org.apache.jasper.compiler.TagConstants;4;1;6;0.9103;1185;55;13;0;1;1.0000;0;0;57
org.apache.catalina.startup.Embedded.removeContext(Context);org.apache.catalina.Container;0;0;2;0.9792;368;34;10;3;0;0.9231;35;35;6
org.apache.catalina.startup.Embedded.initDirs();org.apache.juli.logging.Log;1;0;2;1.0000;368;34;10;1;0;0.9444;18;18;0
org.apache.coyote.ajp.AjpAprProtocol.pause();org.apache.tomcat.util.net.AprEndpoint;1;1;3;0.9655;219;40;15;1;0;0.9825;471;17;35
org.apache.catalina.ha.deploy.FarmWarDeployer.start();org.apache.catalina.Container;0;0;11;0.8077;376;28;17;2;0;0.9615;35;35;6
org.apache.catalina.ha.session.DeltaManager.handleGET_ALL_SESSIONS(SessionMessage, Member);org.apache.catalina.ha.ClusterMessage;2;1;9;0.9024;822;41;40;1;0;0.9444;6;6;0
org.apache.catalina.session.JDBCStore.remove(String);org.apache.catalina.Manager;1;5;5;0.8333;495;34;23;1;0;0.9800;35;35;0
org.apache.catalina.core.ContainerBase.setCluster(Cluster);org.apache.juli.logging.Log;0;0;3;0.9756;555;53;27;1;0;0.9583;18;18;0
org.apache.jasper.compiler.TagFileProcessor.TagFileDirectiveVisitor.checkConflict(Node, String, String);org.apache.jasper.compiler.ErrorDispatcher;0;0;1;0.9615;204;8;24;1;0;0.9565;158;22;2
org.apache.catalina.ha.tcp.SimpleTcpCluster.checkDefaults();org.apache.catalina.tribes.group.GroupChannel;0;2;4;0.9032;368;43;29;1;0;0.9756;268;24;9
org.apache.jasper.compiler.ELFunctionMapper.ELFunctionVisitor.doMap(ELNode.Nodes);org.apache.jasper.compiler.ELNode.Nodes;5;1;1;0.9167;151;14;1;1;1;0.8889;35;5;2
org.apache.catalina.authenticator.AuthenticatorBase.invoke(Request, Response);org.apache.catalina.deploy.SecurityConstraint;2;1;6;0.9020;293;17;18;3;0;0.9375;194;18;7
org.apache.tomcat.util.http.fileupload.FileUploadBase.FileItemIteratorImpl.FileItemStreamImpl.openStream();org.apache.tomcat.util.http.fileupload.Closeable;0;0;2;0.8000;53;2;7;1;0;0.7500;2;2;0
org.apache.tomcat.util.net.AprEndpoint.Acceptor.run();org.apache.tomcat.util.net.AprEndpoint;1;0;0;1.0000;20;1;0;1;2;0.9636;471;17;35
org.apache.catalina.session.StandardManager.doLoad();org.apache.catalina.session.StandardSession;2;1;2;0.9091;304;16;7;3;1;0.9545;585;58;24
org.apache.catalina.core.StandardWrapperValve.event(Request, Response, CometEvent);org.apache.juli.logging.Log;3;1;4;0.8710;352;4;6;2;0;0.9524;18;18;0
org.apache.jasper.compiler.Generator.GenerateVisitor.generateSetters(Node.CustomTag, String, TagHandlerInfo, boolean);org.apache.jasper.compiler.Mark;5;0;4;0.9459;1736;44;16;0;3;0.9189;95;7;11
org.apache.coyote.http11.Http11AprProcessor.process(long);org.apache.coyote.Constants;6;4;22;0.7241;954;28;36;0;5;1.0000;0;0;14
org.apache.tomcat.util.bcel.classfile.Method.getLocalVariableTable();org.apache.tomcat.util.bcel.classfile.Code;0;1;0;0.8750;60;6;1;1;0;0.9524;109;10;8
org.apache.catalina.mbeans.ServerLifecycleListener.createMBeans(ContextResourceLink);org.apache.juli.logging.Log;0;0;1;1.0000;563;31;2;2;0;0.8889;18;18;0
org.apache.catalina.ha.session.SimpleTcpReplicationManager.messageReceived(SessionMessage, Member);org.apache.catalina.ha.session.SessionMessage;1;2;4;0.8958;356;17;15;4;5;0.8261;5;5;7
org.apache.el.parser.ELParser.DeferredExpression();org.apache.el.parser.JJTELParserState;2;2;1;0.9784;2270;112;22;4;0;0.8182;74;10;5
org.apache.coyote.http11.Http11AprProtocol.Http11ConnectionHandler.register(Http11AprProcessor);org.apache.tomcat.util.modeler.Registry;4;0;3;0.8421;119;5;5;2;0;0.9804;433;33;10
org.apache.catalina.loader.WebappClassLoader.findClass(String);org.apache.catalina.Globals;1;1;4;0.9574;1601;58;35;0;1;1.0000;0;0;39
org.apache.jasper.compiler.TagLibraryInfoImpl.createTagInfo(TreeNode, String);org.apache.jasper.compiler.Localizer;0;2;3;0.8214;528;14;6;1;0;1.0000;34;6;1
org.apache.jasper.compiler.Validator.ValidateVisitor.getFunctionMapper(ELNode.Nodes);org.apache.jasper.compiler.ELNode.Function;2;0;2;0.9583;735;37;19;0;5;0.5833;37;1;6
org.apache.catalina.core.StandardHostValve.event(Request, Response, CometEvent);org.apache.catalina.connector.Response;1;2;0;0.8667;160;7;3;1;0;0.9898;596;70;20
org.apache.tomcat.util.net.NioEndpoint.SocketProcessor.run();org.apache.tomcat.util.net.NioEndpoint.KeyAttachment;5;0;2;0.9200;91;2;2;0;2;0.9535;121;13;8
org.apache.tomcat.util.bcel.classfile.SourceFile.getSourceFileName();org.apache.tomcat.util.bcel.classfile.ConstantPool;2;0;1;0.8889;21;4;1;1;0;0.9167;130;7;2
org.apache.catalina.session.StandardManager.startInternal();org.apache.juli.logging.Log;0;1;1;0.9286;304;16;7;3;0;0.8800;18;18;0
org.apache.coyote.ajp.AjpProtocol.getPort();org.apache.tomcat.util.net.AbstractEndpoint;1;0;1;0.9787;201;32;16;0;1;0.9859;397;29;69
org.apache.catalina.tribes.group.interceptors.FragmentationInterceptor.frag(Member[], ChannelMessage, InterceptorPayload);org.apache.catalina.tribes.io.XByteBuffer;1;0;1;0.9474;96;7;5;4;2;0.7857;317;36;7
org.apache.jasper.runtime.TagHandlerPool.reuse(Tag);org.apache.tomcat.InstanceManager;0;0;4;0.6000;94;6;6;1;0;0.8889;4;4;0
org.apache.tomcat.util.net.jsse.JSSESocketFactory.getTrustStore(String, String);org.apache.tomcat.util.net.AbstractEndpoint;1;1;1;0.9667;440;20;17;0;4;1.0000;397;29;69
org.apache.catalina.mbeans.MBeanUtils.createObjectName(String, Context);org.apache.catalina.Context;0;0;0;1.0000;706;52;4;1;0;0.9929;139;139;1
org.apache.catalina.tribes.io.XByteBuffer.append(ByteBuffer, int);org.apache.juli.logging.Log;0;2;5;0.8333;317;36;7;1;0;0.9545;18;18;0
org.apache.jasper.compiler.Parser.parseElementsTemplateText(Node);org.apache.jasper.compiler.PageInfo;1;6;4;0.8529;1185;55;13;0;2;0.9778;341;30;46
org.apache.tomcat.util.modeler.Registry.addManagedBean(ManagedBean);org.apache.tomcat.util.modeler.ManagedBean;0;0;2;0.9500;433;33;10;2;0;0.9444;252;23;13
org.apache.jasper.compiler.Generator.GenerateVisitor.generateAliasMap(Node.CustomTag, String);org.apache.jasper.compiler.Generator;0;0;1;0.9844;1736;44;16;1;0;1.0000;782;28;18
org.apache.catalina.core.StandardWrapper.getRequestCount();org.apache.catalina.core.StandardWrapperValve;1;0;1;0.9907;748;76;36;0;1;0.9091;352;4;6
org.apache.coyote.http11.Http11AprProtocol.getPollerSize();org.apache.tomcat.util.net.AprEndpoint;1;0;1;0.9901;387;76;26;0;1;0.9808;471;17;35
org.apache.coyote.Request.recycle();org.apache.tomcat.util.http.Parameters;0;0;23;0.5893;221;18;34;1;0;0.9811;245;14;15
org.apache.jasper.compiler.Collector.CollectVisitor.visit(Node.PlugIn);org.apache.jasper.compiler.Node.JspAttribute;2;0;1;0.9583;114;15;6;0;1;0.9565;107;7;10
org.apache.coyote.http11.InternalAprInputBuffer.available();org.apache.coyote.http11.InputFilter;0;0;4;0.8571;358;13;15;1;0;0.9091;7;7;0
org.apache.jasper.compiler.Dumper.DumpVisitor.visit(Node.PlugIn);org.apache.jasper.compiler.Node;1;3;0;0.8929;122;27;1;0;1;0.9655;163;7;15
org.apache.catalina.mbeans.MBeanUtils.createObjectName(String, ContextResourceLink);org.apache.catalina.Context;1;0;0;1.0000;706;52;4;1;0;0.9931;139;139;1
org.apache.catalina.util.ManifestResource.isFulfilled();org.apache.catalina.util.Extension;1;0;1;0.9231;100;8;7;0;1;0.9474;112;10;8
org.apache.jasper.compiler.PageDataImpl.FirstPassVisitor.visit(Node.TaglibDirective);org.apache.jasper.compiler.TagConstants;4;0;1;0.8889;65;4;4;0;2;1.0000;0;0;57
org.apache.catalina.servlets.DefaultServlet.renderXml(String, CacheEntry, InputStream);org.apache.naming.resources.CacheEntry;1;3;3;0.8966;1001;37;20;0;5;0.7500;13;2;8
org.apache.catalina.core.StandardPipeline.addValve(Valve);org.apache.catalina.Lifecycle;1;1;4;0.8519;233;15;5;1;0;0.9375;6;6;11
org.apache.catalina.core.StandardContext.resourcesStop();org.apache.juli.logging.Log;0;2;3;0.9878;2421;209;114;1;0;0.9643;18;18;0
org.apache.jasper.compiler.Validator.ValidateVisitor.FVVisitor.visit(ELNode.Function);org.apache.jasper.compiler.Node;4;0;0;1.0000;33;1;1;1;0;0.9730;163;7;15
org.apache.catalina.ssi.SSIServletExternalResolver.getAbsolutePath(String);org.apache.catalina.ssi.SSIServletRequestUtil;0;1;1;0.9259;400;20;7;1;0;1.0000;16;1;0
org.apache.catalina.tribes.tipis.AbstractReplicatedMap.get(Object);org.apache.catalina.tribes.group.Response;3;2;8;0.8902;741;50;17;0;1;0.9667;18;0;2
org.apache.coyote.http11.Http11NioProcessor.prepareRequest();org.apache.tomcat.util.http.MimeHeaders;7;3;4;0.8814;840;14;11;2;0;0.9672;129;18;3
org.apache.catalina.valves.ExtendedAccessLogValve.RequestAttributeElement.addElement(StringBuilder, Date, Request, Response, long);org.apache.catalina.valves.ExtendedAccessLogValve;0;0;1;0.6667;6;1;1;1;0;0.9167;367;10;2
org.apache.tomcat.util.net.AprEndpoint.init();org.apache.tomcat.jni.Address;7;0;25;0.5789;471;17;35;2;0;1.0000;8;8;1
org.apache.catalina.ha.authenticator.ClusterSingleSignOnListener.messageReceived(ClusterMessage);org.apache.catalina.ha.authenticator.SingleSignOnMessage;1;1;1;0.9000;82;4;2;0;13;0.6957;76;2;16
org.apache.catalina.startup.Catalina.stopServer(String[]);org.apache.tomcat.util.res.StringManager;3;2;1;0.9333;316;16;7;1;0;0.9375;52;3;3
org.apache.catalina.ha.session.DeltaRequest.execute(DeltaSession, boolean);org.apache.catalina.ha.session.SerializablePrincipal;0;1;8;0.9143;179;15;15;1;0;0.9688;83;9;7
org.apache.coyote.http11.Http11AprProtocol.Http11ConnectionHandler.asyncDispatch(long, SocketStatus);org.apache.tomcat.util.net.AprEndpoint.Poller;0;0;0;0;0;0;0;0;0;0;0;0;0
org.apache.el.parser.ELParser.Identifier();org.apache.el.parser.JJTELParserState;4;1;1;0.9855;2270;112;22;2;0;0.9091;74;10;5
org.apache.jasper.compiler.Generator.GenerateVisitor.writeNewInstance(String, String);org.apache.jasper.Constants;2;0;1;0.9839;1736;44;16;0;1;1.0000;0;0;33
org.apache.catalina.connector.RequestFacade.getLocalName();org.apache.catalina.connector.Request;0;0;2;0.9859;450;69;2;1;0;0.9943;1203;127;53
org.apache.coyote.http11.Http11NioProtocol.Http11ConnectionHandler.register(Http11NioProcessor);org.apache.coyote.http11.AbstractHttp11Processor;4;0;4;0.8636;177;8;6;0;1;0.9828;228;17;32
org.apache.catalina.servlets.DefaultServlet.init();org.apache.catalina.Globals;1;0;14;0.7347;1001;37;20;0;1;1.0000;0;0;39
org.apache.el.lang.ELSupport.coerceToCharacter(Object);org.apache.el.lang.ELArithmetic;0;0;0;1.0000;406;22;1;1;0;1.0000;96;16;5
org.apache.catalina.connector.MapperListener.unregisterContext(Context);org.apache.juli.logging.Log;0;0;0;0;0;0;0;0;0;0;0;0;0
org.apache.jasper.compiler.TagLibraryInfoImpl.createTagFileInfo(TreeNode, JarResource);org.apache.jasper.compiler.ErrorDispatcher;0;0;4;0.8519;528;14;6;1;0;0.9677;158;22;2
org.apache.jasper.tagplugins.jstl.core.Set.doTag(TagPluginContext);org.apache.jasper.compiler.tagplugin.TagPluginContext;0;0;0;1.0000;99;1;0;6;0;0.5714;14;14;0
org.apache.jasper.compiler.TldLocationsCache.tldScanWebXml();org.apache.jasper.compiler.WebXml;1;1;4;0.8824;200;9;11;1;2;0.7500;53;1;6
org.apache.catalina.startup.Embedded.initNaming();org.apache.juli.logging.Log;0;0;2;0.9778;368;34;10;3;0;0.8421;18;18;0
org.apache.el.parser.ELParser.Function();org.apache.el.parser.Token;4;4;4;0.9484;2270;112;22;0;1;0.9762;24;3;9
org.apache.catalina.startup.ExpandWar.expand(Host, URL, String);org.apache.tomcat.util.ExceptionUtils;0;0;0;0;0;0;0;0;0;0;0;0;0
org.apache.catalina.tribes.group.GroupChannel.send(Member[], Serializable, int, ErrorHandler);org.apache.catalina.tribes.io.BufferPool;5;1;0;0.9783;268;24;9;3;0;0.8824;37;4;4
org.apache.catalina.session.FileStore.remove(String);org.apache.catalina.Container;1;2;0;0.8947;191;13;6;1;0;0.9756;35;35;6
org.apache.catalina.connector.CoyoteAdapter.parsePathParameters(org.apache.coyote.Request, Request);org.apache.tomcat.util.buf.MessageBytes;0;0;0;0;0;0;0;0;0;0;0;0;0
org.apache.catalina.manager.StatusTransformer.writeFooter(PrintWriter, int);org.apache.catalina.manager.Constants;1;0;0;1.0000;601;20;0;0;1;1.0000;0;0;11
org.apache.catalina.manager.ManagerServlet.serverinfo(PrintWriter);org.apache.catalina.util.ServerInfo;1;0;2;0.9773;924;35;13;1;0;1.0000;19;4;3
org.apache.jasper.runtime.ProtectedFunctionMapper.getInstance();org.apache.jasper.security.SecurityUtil;0;0;1;0.8000;83;4;2;1;0;1.0000;31;2;1
org.apache.coyote.http11.InternalNioOutputBuffer.SocketOutputBuffer.doWrite(ByteChunk, Response);org.apache.coyote.http11.InternalNioOutputBuffer;1;0;0;1.0000;7;1;0;1;0;0.9474;117;9;5
org.apache.el.parser.ELParser.jj_3_3();org.apache.el.parser.ELParserConstants;1;1;0;0.9925;2270;112;22;0;2;0.9649;0;0;56
org.apache.coyote.ajp.AjpAprProcessor.asyncDispatch(long, SocketStatus);org.apache.tomcat.util.res.StringManager;0;0;0;0;0;0;0;0;0;0;0;0;0
org.apache.catalina.connector.InputBuffer.reset();org.apache.tomcat.util.buf.ByteChunk;1;0;7;0.8421;210;19;17;1;0;0.9821;425;43;10
org.apache.coyote.http11.Http11NioProtocol.Http11ConnectionHandler.event(NioChannel, SocketStatus);org.apache.juli.logging.Log;7;0;2;0.9286;177;8;6;4;0;0.8750;18;18;0
org.apache.catalina.mbeans.ServerLifecycleListener.destroyMBeans(ContextResource);org.apache.catalina.mbeans.MBeanUtils;0;0;1;1.0000;563;31;2;1;0;1.0000;706;52;4
org.apache.catalina.core.ApplicationHttpRequest.setAttribute(String, Object);org.apache.catalina.Globals;1;1;2;0.9302;327;29;17;0;2;1.0000;0;0;39
org.apache.tomcat.util.bcel.classfile.Method.toString();org.apache.tomcat.util.bcel.classfile.Utility;2;2;0;0.8824;60;6;1;2;0;1.0000;428;19;5
org.apache.jasper.compiler.Generator.FragmentHelperClass.generatePostamble();org.apache.jasper.compiler.Generator.GenBuffer;2;0;2;0.8889;132;6;4;2;1;0.8125;47;3;4
org.apache.catalina.ha.session.DeltaRequest.setPrincipal(Principal);org.apache.catalina.ha.session.SerializablePrincipal;1;1;7;0.9130;179;15;15;1;0;1.0000;83;9;7
org.apache.tomcat.util.net.jsse.JSSESocketFactory.getParameters(String, String, KeyStore);org.apache.juli.logging.Log;1;1;1;0.9655;440;20;17;1;0;0.9500;18;18;0
org.apache.catalina.manager.ManagerServlet.doPut(HttpServletRequest, HttpServletResponse);org.apache.tomcat.util.res.StringManager;2;1;1;0.9778;924;35;13;1;0;0.8333;52;3;3
org.apache.coyote.http11.Http11AprProcessor.process(long);org.apache.coyote.Request;6;4;22;0.7241;954;28;36;1;2;0.9697;221;18;34
org.apache.catalina.startup.Tomcat.getServer();org.apache.catalina.Service;0;1;2;0.9167;253;24;14;1;0;0.9500;15;15;0
org.apache.coyote.http11.Http11AprProtocol.Http11ConnectionHandler.unregister(Http11AprProcessor);org.apache.coyote.RequestInfo;4;0;1;0.9444;119;5;5;1;1;0.9429;134;13;14
org.apache.catalina.session.JDBCStore.getSize();org.apache.catalina.Manager;1;5;5;0.8276;495;34;23;1;0;0.9792;35;35;0
org.apache.tomcat.util.http.fileupload.DeferredFileOutputStream.writeTo(OutputStream);org.apache.tomcat.util.http.fileupload.IOUtils;0;1;3;0.7143;60;5;7;2;0;1.0000;29;3;1
org.apache.catalina.connector.RequestFacade.getContentType();org.apache.tomcat.util.res.StringManager;0;0;2;0.9859;450;69;2;1;0;0.8571;52;3;3
org.apache.catalina.startup.ContextConfig.getContextWebXmlSource();org.apache.catalina.Context;4;0;3;0.9796;1103;37;18;1;0;0.9931;139;139;1
org.apache.catalina.servlets.WebdavServlet.getRelativePath(HttpServletRequest);org.apache.catalina.Globals;1;0;0;1.0000;1461;29;24;0;2;1.0000;0;0;39
org.apache.tomcat.util.http.mapper.Mapper.compareIgnoreCase(CharChunk, int, int, String);org.apache.tomcat.util.buf.Ascii;1;0;0;1.0000;837;39;5;1;0;1.0000;91;11;7
org.apache.coyote.ajp.AjpProcessor.process(SocketWrapper<Socket>);org.apache.tomcat.util.res.StringManager;6;4;15;0.6981;659;13;32;1;0;0.9697;52;3;3
org.apache.catalina.ha.session.DeltaManager.handleSESSION_EXPIRED(SessionMessage, Member);org.apache.catalina.ha.session.DeltaSession;1;0;5;0.9634;822;41;40;1;0;0.9821;399;42;7
org.apache.tomcat.util.bcel.classfile.StackMapTableEntry.dump(DataOutputStream);org.apache.tomcat.util.bcel.Constants;1;0;6;0.4545;151;3;6;0;9;1.0000;0;0;122
org.apache.catalina.startup.TldConfig.tldScanJar(JarURLConnection);org.apache.catalina.startup.XmlErrorHandler;0;0;0;0;0;0;0;0;0;0;0;0;0
org.apache.catalina.startup.Tomcat.DefaultWebXmlListener.lifecycleEvent(LifecycleEvent);org.apache.catalina.startup.Tomcat;1;0;0;1.0000;5;1;0;1;0;1.0000;253;24;14
org.apache.tomcat.util.net.JIoEndpoint.init();org.apache.tomcat.util.net.ServerSocketFactory;0;0;3;0.9286;195;10;6;4;0;0.9189;23;8;2
org.apache.tomcat.util.net.AprEndpoint.Sendfile.run();org.apache.tomcat.jni.Socket;5;3;5;0.7037;187;5;6;3;0;1.0000;37;37;34
org.apache.catalina.loader.WebappClassLoader.findResourceInternal(File, String);org.apache.catalina.loader.ResourceEntry;1;2;0;0.9778;1601;58;35;0;2;0.7778;0;0;7
org.apache.jasper.compiler.Validator.ValidateVisitor.getParameters(ELNode.Function);org.apache.jasper.compiler.ELNode.Function;1;0;1;0.9778;735;37;19;0;3;0.7000;37;1;6
org.apache.catalina.tribes.group.ChannelCoordinator.sendMessage(Member[], ChannelMessage, InterceptorPayload);org.apache.catalina.tribes.ChannelSender;2;0;2;0.9286;164;15;5;1;0;0.9286;6;6;0
org.apache.catalina.tribes.transport.nio.ParallelNioSender.remove(Member);org.apache.catalina.tribes.transport.nio.NioSender;0;0;1;0.9375;246;12;4;1;0;0.9583;255;12;11
org.apache.catalina.session.FileStore.save(Session);org.apache.catalina.session.StandardSession;1;2;0;0.9048;191;13;6;1;0;0.9881;585;58;24
org.apache.coyote.ajp.AjpAprProtocol.AjpConnectionHandler.register(AjpAprProcessor);org.apache.coyote.Request;4;0;3;0.8333;82;5;4;0;1;0.9846;221;18;34
org.apache.jasper.compiler.TextOptimizer.TextCatVisitor.collectText();org.apache.jasper.compiler.Node.TemplateText;1;0;3;0.8125;41;9;6;0;1;1.0000;42;5;1
org.apache.jasper.compiler.Validator.validateXmlView(PageData, Compiler);org.apache.jasper.compiler.TagLibraryInfoImpl;2;0;0;1.0000;65;3;0;1;0;0.9615;528;14;6
org.apache.catalina.tribes.membership.MemberImpl.setPayload(byte[]);org.apache.catalina.tribes.membership.McastServiceImpl;1;1;1;0.9474;300;29;19;0;1;1.0000;309;12;28
org.apache.catalina.core.StandardWrapper.unload();org.apache.catalina.util.InstanceSupport;4;1;10;0.9130;748;76;36;2;0;0.9375;81;11;3
org.apache.catalina.servlets.DefaultServlet.render(String, CacheEntry);org.apache.naming.resources.CacheEntry;1;3;0;0.9400;1001;37;20;0;1;0.9231;13;2;8
org.apache.catalina.startup.ContextConfig.FragmentJarScannerCallback.scan(JarURLConnection);org.apache.catalina.startup.ContextConfig;2;0;2;0.8571;76;2;2;1;0;0.9800;1103;37;18
org.apache.tomcat.util.net.AprEndpoint.Sendfile.destroy();org.apache.tomcat.util.net.AprEndpoint.SendfileData;2;0;5;0.5833;187;5;6;0;1;0.9286;0;0;8
org.apache.catalina.core.StandardWrapperValve.invoke(Request, Response);org.apache.juli.logging.Log;4;1;5;0.8936;352;4;6;3;0;0.9483;18;18;0
org.apache.catalina.realm.RealmBase.hasResourcePermission(Request, Response, SecurityConstraint[], Context);org.apache.catalina.deploy.SecurityConstraint;1;1;3;0.9701;672;37;22;3;0;0.9211;194;18;7
org.apache.catalina.realm.RealmBase.authenticate(String, String, String, String, String, String, String, String);org.apache.juli.logging.Log;0;2;4;0.9455;672;37;22;3;0;0.8636;18;18;0
org.apache.catalina.connector.ResponseFacade.setStatus(int);org.apache.catalina.connector.Response;0;1;1;0.9512;224;40;2;1;0;0.9889;596;70;20
org.apache.catalina.session.StandardManager.doUnload();org.apache.catalina.session.StandardSession;1;1;2;0.8929;304;16;7;4;0;0.9518;585;58;24
org.apache.catalina.deploy.WebXml.toXml();org.apache.catalina.deploy.SecurityConstraint;9;3;29;0.8373;1536;45;42;4;0;0.9716;194;18;7
org.apache.catalina.core.ApplicationFilterConfig.unregisterJMX();org.apache.tomcat.util.modeler.Registry;1;2;3;0.8750;175;15;8;2;0;0.9778;433;33;10
org.apache.tomcat.util.bcel.classfile.AnnotationElementValue.dump(DataOutputStream);org.apache.tomcat.util.bcel.classfile.AnnotationEntry;0;0;1;0.8333;20;3;1;1;0;0.9091;30;4;5
org.apache.catalina.connector.Request.getAttribute(String);org.apache.catalina.Globals;2;2;5;0.9659;1203;127;53;0;8;1.0000;0;0;39
org.apache.catalina.manager.host.HostManagerServlet.init();org.apache.tomcat.util.res.StringManager;0;0;4;0.8421;310;13;8;1;0;0.8750;52;3;3
org.apache.coyote.ajp.AjpProcessor.action(ActionCode, Object);org.apache.coyote.Request;9;3;14;0.7541;659;13;32;1;6;0.9146;221;18;34
org.apache.catalina.connector.RequestFacade.getCookies();org.apache.catalina.security.SecurityUtil;0;0;2;0.9859;450;69;2;1;0;1.0000;146;11;17
org.apache.tomcat.util.net.NioEndpoint.Poller.cometInterest(NioChannel);org.apache.tomcat.util.net.NioEndpoint.KeyAttachment;2;1;2;0.8696;396;15;6;0;1;0.9615;121;13;8
org.apache.catalina.ha.tcp.SimpleTcpCluster.addClusterListener(ClusterListener);org.apache.catalina.ha.ClusterListener;0;0;1;0.9833;368;43;29;1;0;0.9000;27;7;3
org.apache.catalina.ha.tcp.SimpleTcpCluster.send(ClusterMessage, Member);org.apache.catalina.ha.ClusterMessage;0;1;3;0.9545;368;43;29;1;0;0.9333;6;6;0
org.apache.catalina.ha.tcp.SimpleTcpCluster.registerManager(Manager);org.apache.juli.logging.Log;0;1;4;0.9697;368;43;29;1;0;0.9615;18;18;0
org.apache.catalina.connector.MapperListener.registerHost(Host);org.apache.catalina.Host;0;0;0;0;0;0;0;0;0;0;0;0;0
org.apache.tomcat.util.buf.MessageBytes.setChars(char[], int, int);org.apache.tomcat.util.buf.CharChunk;0;0;7;0.8537;380;30;16;1;0;0.9815;393;39;8
org.apache.catalina.core.StandardPipeline.setBasic(Valve);org.apache.catalina.Lifecycle;0;1;4;0.8519;233;15;5;2;0;0.8667;6;6;11
org.apache.catalina.manager.HTMLManagerServlet.invalidateSessions(String, String[]);org.apache.catalina.Session;0;1;0;0.9643;686;26;19;1;0;0.9706;32;32;4
org.apache.jasper.compiler.Parser.parseAttribute(AttributesImpl);org.apache.jasper.compiler.ErrorDispatcher;1;2;3;0.9286;1185;55;13;2;0;0.9355;158;22;2
org.apache.catalina.tribes.group.ChannelCoordinator.internalStop(int);org.apache.catalina.tribes.Channel;2;0;4;0.8462;164;15;5;0;5;1.0000;15;15;13
org.apache.jasper.compiler.Generator.DeclarationVisitor.visit(Node.Declaration);org.apache.jasper.compiler.Generator;3;0;0;1.0000;36;3;1;0;1;0.9773;782;28;18
org.apache.catalina.core.ApplicationFilterConfig.registerJMX();org.apache.juli.logging.Log;2;2;5;0.8148;175;15;8;1;0;0.9655;18;18;0
org.apache.jasper.compiler.SmapUtil.SmapGenVisitor.doSmapText(Node);org.apache.jasper.compiler.Node;1;1;0;0.9630;149;23;3;0;1;0.9630;163;7;15
org.apache.coyote.http11.AbstractHttp11Protocol.setKeystoreProvider(String);org.apache.tomcat.util.net.AbstractEndpoint;1;0;1;0.9909;382;89;22;0;1;0.9859;397;29;69
org.apache.coyote.ajp.AjpAprProcessor.prepareRequest();org.apache.tomcat.util.buf.MessageBytes;7;1;8;0.8831;623;13;30;6;1;0.9146;380;30;16
org.apache.catalina.connector.InputBuffer.realReadChars(char, int, int);org.apache.tomcat.util.buf.CharChunk;3;1;7;0.8140;210;19;17;1;3;0.9344;393;39;8
org.apache.coyote.http11.InternalNioOutputBuffer.recycle();org.apache.tomcat.util.MutableInteger;2;0;2;0.8947;117;9;5;0;1;0.8571;11;0;1
org.apache.coyote.http11.Http11AprProtocol.Http11ConnectionHandler.register(Http11AprProcessor);org.apache.coyote.Request;4;0;3;0.8421;119;5;5;0;1;0.9846;221;18;34
org.apache.catalina.session.StandardSession.passivate();org.apache.catalina.Container;1;3;3;0.9367;585;58;24;1;0;0.9767;35;35;6
org.apache.catalina.mbeans.MBeanFactory.createWebappLoader(String);org.apache.catalina.mbeans.MBeanUtils;0;1;0;0.9697;401;31;3;1;0;1.0000;706;52;4
org.apache.catalina.ha.session.JvmRouteBinderValve.sendSessionIDClusterBackup(ClusterManager, Request, String, String);org.apache.catalina.ha.CatalinaCluster;1;0;1;0.9615;165;11;7;2;0;0.9355;20;20;1
org.apache.catalina.connector.Request.getContentLength();org.apache.coyote.Request;0;0;1;0.9943;1203;127;53;1;0;0.9815;221;18;34
org.apache.jasper.compiler.Parser.parseJspBody(Node, String);org.apache.jasper.compiler.ErrorDispatcher;0;1;2;0.9552;1185;55;13;1;0;0.9630;158;22;2
org.apache.tomcat.util.net.NioEndpoint.Poller.events();org.apache.juli.logging.Log;1;0;1;0.9583;396;15;6;1;0;0.9524;18;18;0
org.apache.coyote.ajp.AjpMessage.dump(String);org.apache.juli.logging.Log;1;0;4;0.8846;235;23;5;2;0;0.9048;18;18;0
org.apache.catalina.ha.session.DeltaManager.handleALL_SESSION_TRANSFERCOMPLETE(SessionMessage, Member);org.apache.juli.logging.Log;1;0;6;0.9512;822;41;40;2;0;0.9200;18;18;0
org.apache.el.ValueExpressionImpl.isReadOnly(ELContext);org.apache.el.parser.Node;0;1;2;0.8421;78;12;5;1;0;0.9500;17;17;0
org.apache.jasper.runtime.TagHandlerPool.release();org.apache.tomcat.InstanceManager;0;0;4;0.6000;94;6;6;1;0;0.8889;4;4;0
org.apache.catalina.mbeans.MBeanUtils.createObjectName(String, User);org.apache.catalina.User;0;0;0;1.0000;706;52;4;2;0;0.8889;17;17;0
org.apache.catalina.session.PersistentManagerBase.clearStore();org.apache.catalina.security.SecurityUtil;0;0;2;0.9750;421;30;12;1;0;1.0000;146;11;17
org.apache.jasper.compiler.SmapGenerator.main(String);org.apache.jasper.compiler.SmapStratum;0;3;1;0.6667;58;5;5;3;0;0.8125;89;6;5
org.apache.coyote.http11.Http11AprProtocol.setBacklog(int);org.apache.tomcat.util.net.AbstractEndpoint;0;0;1;0.9901;387;76;26;1;0;0.9859;397;29;69
org.apache.el.parser.AstMult.getValue(EvaluationContext);org.apache.el.lang.ELArithmetic;0;0;0;1.0000;8;1;0;1;0;1.0000;96;16;5
org.apache.coyote.http11.AbstractHttp11Protocol.setTruststoreFile(String);org.apache.tomcat.util.net.AbstractEndpoint;0;0;1;0.9909;382;89;22;1;0;0.9859;397;29;69
org.apache.coyote.http11.Http11Protocol.Http11ConnectionHandler.unregister(Http11Processor);org.apache.coyote.RequestInfo;4;0;1;0.9444;105;5;5;1;1;0.9429;134;13;14
org.apache.catalina.mbeans.MBeanUtils.destroyMBean(Realm);org.apache.tomcat.util.modeler.Registry;0;2;2;1.0000;706;52;4;1;0;0.9750;433;33;10
org.apache.catalina.mbeans.JmxRemoteLifecycleListener.lifecycleEvent(LifecycleEvent);org.apache.catalina.LifecycleEvent;1;3;11;0.0667;109;4;13;1;0;0.9545;18;3;3
org.apache.catalina.tribes.membership.McastService.setPayload(byte[]);org.apache.catalina.tribes.membership.McastServiceImpl;0;0;4;0.9552;353;55;13;1;0;0.9778;309;12;28
org.apache.jasper.compiler.JDTCompiler.generateClass(String[]);org.apache.jasper.compiler.ErrorDispatcher;2;0;1;0.9565;317;1;1;1;0;0.9767;158;22;2
org.apache.catalina.realm.CombinedRealm.getPrincipal(String);org.apache.tomcat.util.res.StringManager;0;0;1;1.0000;151;12;2;1;0;0.8333;52;3;3
org.apache.tomcat.util.net.AprEndpoint.Poller.add(long);org.apache.tomcat.jni.Socket;0;0;3;0.7273;168;4;7;1;0;1.0000;37;37;34
org.apache.catalina.session.FileStore.save(Session);org.apache.juli.logging.Log;1;2;0;0.9048;191;13;6;2;0;0.9200;18;18;0
org.apache.catalina.core.StandardPipeline.setBasic(Valve);org.apache.catalina.Valve;0;1;4;0.8519;233;15;5;2;0;0.8750;7;7;0
org.apache.catalina.tribes.group.interceptors.NonBlockingCoordinator.hasHigherPriority(Member[], Member[]);org.apache.catalina.tribes.group.AbsoluteOrder;1;0;0;1.0000;352;38;15;1;1;1.0000;7;1;1
org.apache.catalina.core.StandardWrapper.removeInstanceListener(InstanceListener);org.apache.catalina.util.InstanceSupport;0;0;1;0.9907;748;76;36;1;0;0.9375;81;11;3
org.apache.jasper.runtime.JspContextWrapper.setAttribute(String, Object, int);org.apache.jasper.compiler.Localizer;0;1;2;0.9333;257;38;7;1;0;1.0000;34;6;1
org.apache.jasper.compiler.Validator.ValidateVisitor.checkXmlAttributes(Node.CustomTag, Node.JspAttribute[], Hashtable<String,Object>);org.apache.jasper.compiler.Node;8;1;4;0.9344;735;37;19;1;4;0.8889;163;7;15
org.apache.catalina.ha.tcp.ReplicationValve.send(ClusterManager, CatalinaCluster, String);org.apache.catalina.ha.CatalinaCluster;0;0;2;0.9412;278;16;17;2;0;0.9200;20;20;1
org.apache.coyote.Response.acknowledge();org.apache.coyote.ActionCode;1;1;0;0.9722;250;19;18;0;1;1.0000;6;0;30
org.apache.catalina.ha.tcp.SimpleTcpCluster.messageReceived(Serializable, Member);org.apache.catalina.ha.ClusterMessage;0;1;0;0.9833;368;43;29;1;0;0.8571;6;6;0
org.apache.catalina.tribes.membership.Constants.main(String[]);org.apache.catalina.tribes.util.Arrays;0;0;0;1.0000;4;1;1;1;0;1.0000;157;24;1
org.apache.catalina.tribes.transport.bio.util.FastQueue.getRemoveWaitTimeout();org.apache.catalina.tribes.transport.bio.util.SingleRemoveSynchronizedAddLock;1;0;2;0.9200;172;11;14;0;1;0.9375;88;6;7
org.apache.catalina.realm.DataSourceRealm.open();org.apache.naming.ContextBindings;0;0;2;0.9231;244;13;11;1;0;1.0000;112;21;6
org.apache.jasper.compiler.TagPluginManager.TagPluginContextImpl.getParentContext();org.apache.jasper.compiler.Node;2;0;1;0.9524;72;15;4;0;1;0.9643;163;7;15
org.apache.coyote.ajp.AjpProcessor.process(SocketWrapper<Socket>);org.apache.coyote.Constants;6;4;15;0.6981;659;13;32;0;5;1.0000;0;0;14
org.apache.jasper.compiler.Generator.GenerateVisitor.visit(Node.IncludeAction);org.apache.jasper.compiler.Node.JspAttribute;5;3;1;0.9420;1736;44;16;1;2;0.9000;107;7;10
org.apache.jasper.xmlparser.XMLEncodingDetector.RewindableInputStream.available();org.apache.jasper.xmlparser.XMLEncodingDetector;1;0;4;0.7778;116;9;7;0;2;0.9608;798;23;29
org.apache.catalina.tribes.tipis.AbstractReplicatedMap.MapEntry.apply(byte[], int, int, boolean);org.apache.catalina.tribes.io.XByteBuffer;0;1;2;0.8500;93;11;6;1;0;1.0000;317;36;7
org.apache.catalina.realm.CombinedRealm.startInternal();org.apache.catalina.Realm;1;0;2;0.9375;151;12;2;1;0;0.9444;14;14;0
org.apache.catalina.tribes.group.interceptors.TcpFailureDetector.hasMembers();org.apache.catalina.tribes.membership.Membership;0;1;1;0.9091;227;15;10;1;0;0.9545;137;11;6
org.apache.catalina.startup.Tomcat.addServlet(String, String, Servlet);org.apache.catalina.Container;0;2;0;0.9706;253;24;14;1;0;0.9722;35;35;6
org.apache.coyote.Response.setHeader(String, String);org.apache.tomcat.util.http.MimeHeaders;0;1;1;0.9474;250;19;18;1;0;0.9583;129;18;3
org.apache.catalina.ha.session.BackupManager.objectMadePrimay(Object, Object);org.apache.catalina.session.StandardSession;0;0;0;1.0000;135;20;7;1;0;0.9870;585;58;24
org.apache.coyote.http11.Http11NioProtocol.Http11ConnectionHandler.event(NioChannel, SocketStatus);org.apache.tomcat.util.net.NioEndpoint.Poller;7;0;2;0.9286;177;8;6;2;0;0.9474;396;15;6
org.apache.coyote.ajp.AjpAprProtocol.AjpConnectionHandler.asyncDispatch(long, SocketStatus);org.apache.tomcat.util.net.AprEndpoint.Poller;0;0;0;0;0;0;0;0;0;0;0;0;0
org.apache.jasper.compiler.Parser.parseScriptlet(Node);org.apache.jasper.compiler.JspReader;0;1;3;0.9403;1185;55;13;3;0;0.9231;304;23;9
org.apache.catalina.mbeans.MBeanUtils.createObjectName(String, Loader);org.apache.catalina.Loader;0;0;0;1.0000;706;52;4;1;0;0.9444;14;14;0
org.apache.el.parser.ELParser.jj_scan_token(int);org.apache.el.parser.ELParserTokenManager;1;1;7;0.9407;2270;112;22;1;0;0.9811;994;32;25
org.apache.catalina.core.ApplicationContextFacade.setSessionTrackingModes(Set<SessionTrackingMode>);org.apache.catalina.security.SecurityUtil;0;1;1;0.9672;514;57;3;1;0;1.0000;146;11;17
org.apache.catalina.ha.tcp.ReplicationValve.invoke(Request, Response);org.apache.catalina.connector.Request;0;3;5;0.8667;278;16;17;1;0;0.9948;1203;127;53
org.apache.catalina.authenticator.FormAuthenticator.restoreRequest(Request, Session);org.apache.coyote.Request;3;0;0;1.0000;236;8;3;1;6;0.9079;221;18;34
org.apache.catalina.tribes.membership.McastServiceImpl.start(int);org.apache.catalina.tribes.Channel;1;2;9;0.7436;309;12;28;0;2;1.0000;15;15;13
org.apache.catalina.valves.RemoteIpValve.invoke(Request, Response);org.apache.coyote.Request;3;2;9;0.7576;176;9;12;0;2;0.9750;221;18;34
org.apache.catalina.session.PersistentManagerBase.clearStore();org.apache.catalina.Store;0;0;2;0.9750;421;30;12;1;0;0.9231;11;11;0
org.apache.coyote.ajp.AjpAprProtocol.AjpConnectionHandler.process(long);org.apache.coyote.ActionCode;3;1;1;0.8571;82;5;4;0;2;1.0000;6;0;30
org.apache.catalina.core.NamingContextListener.createObjectName(ContextResource);org.apache.catalina.util.LifecycleMBeanBase;0;0;0;0;0;0;0;0;0;0;0;0;0
org.apache.catalina.ssi.SSIMediator.getVariableValue(String, String);org.apache.catalina.ssi.SSIExternalResolver;0;2;2;0.8462;190;16;13;1;0;0.9167;8;8;0
org.apache.catalina.authenticator.DigestAuthenticator.findPrincipal(Request, String, Realm);org.apache.catalina.Realm;0;2;2;1.0000;123;8;5;1;0;0.9375;14;14;0
org.apache.tomcat.util.net.JIoEndpoint.AsyncTimeout.run();org.apache.tomcat.util.net.SocketWrapper;2;0;0;1.0000;25;1;0;0;2;0.8824;60;2;11
org.apache.jasper.compiler.Generator.GenerateVisitor.visit(Node.InvokeAction);org.apache.jasper.compiler.Generator;2;1;1;0.9714;1736;44;16;2;0;0.9800;782;28;18
org.apache.catalina.startup.TldConfig.TldJarScannerCallback.scan(JarURLConnection);org.apache.catalina.startup.TldConfig;0;0;0;1.0000;9;2;0;1;0;0.9524;291;15;15
org.apache.tomcat.util.bcel.classfile.PMGClass.getPMGClassName();org.apache.tomcat.util.bcel.Constants;2;0;1;0.9091;27;5;2;0;1;1.0000;0;0;122
org.apache.catalina.ha.session.JvmRouteSessionIDBinderListener.messageReceived(ClusterMessage);org.apache.catalina.Cluster;3;0;0;1.0000;54;5;3;1;0;0.9643;11;11;0
org.apache.catalina.manager.ManagerServlet.init();org.apache.catalina.Engine;0;0;10;0.8235;924;35;13;1;0;0.9524;6;6;0
org.apache.catalina.tribes.membership.McastService.memberDisappeared(Member);org.apache.catalina.tribes.MembershipListener;0;0;1;0.9844;353;55;13;1;0;0.6667;2;2;0
org.apache.el.parser.AstIdentifier.getValue(EvaluationContext);org.apache.el.lang.EvaluationContext;1;0;0;1.0000;93;7;0;3;2;0.5833;35;7;3
org.apache.jasper.compiler.Validator.ValidateVisitor.findUri(String, Node);org.apache.jasper.compiler.Node;2;0;0;1.0000;735;37;19;0;2;0.9231;163;7;15
org.apache.jasper.compiler.Generator.generatePreamble(Node.Nodes);org.apache.jasper.Options;4;6;3;0.8571;782;28;18;1;0;0.9818;29;29;0
org.apache.catalina.mbeans.MBeanUtils.createMBean(MBeanFactory);org.apache.tomcat.util.modeler.Registry;0;2;2;1.0000;706;52;4;1;0;0.9756;433;33;10
org.apache.coyote.http11.AbstractOutputBuffer.doWrite(ByteChunk, Response);org.apache.coyote.Response;1;0;5;0.8529;200;22;11;1;0;0.9773;250;19;18
org.apache.catalina.ha.session.SimpleTcpReplicationManager.messageReceived(SessionMessage, Member);org.apache.catalina.Session;1;2;4;0.8958;356;17;15;4;0;0.9200;32;32;4
org.apache.catalina.tribes.io.ChannelData.sendAckSync(int);org.apache.catalina.tribes.Channel;1;0;0;1.0000;165;14;7;0;2;1.0000;15;15;13
org.apache.catalina.tribes.group.interceptors.StaticMembershipInterceptor.start(int);org.apache.catalina.tribes.Channel;1;0;1;0.9000;56;7;2;0;2;1.0000;15;15;13
org.apache.catalina.core.ApplicationContext.getResource(String);org.apache.catalina.Container;2;1;2;0.9861;645;60;13;1;0;0.9744;35;35;6
org.apache.catalina.servlets.DefaultServlet.renderHtml(String, CacheEntry);org.apache.catalina.util.ServerInfo;3;3;2;0.9310;1001;37;20;1;0;1.0000;19;4;3
org.apache.tomcat.util.buf.StringCache.compare(ByteChunk, byte[]);org.apache.tomcat.util.buf.ByteChunk;1;0;0;1.0000;361;13;14;0;3;0.9362;425;43;10
org.apache.jasper.compiler.TagFileProcessor.loadTagFile(Compiler, String, TagInfo, PageInfo);org.apache.jasper.compiler.Compiler;3;0;1;0.9583;94;4;1;0;1;0.9750;310;11;8
org.apache.coyote.http11.Http11Processor.parseHost(MessageBytes);org.apache.coyote.Request;5;0;2;0.9394;731;12;7;0;2;0.9706;221;18;34
org.apache.catalina.realm.CombinedRealm.authenticate(String, String, String, String, String, String, String, String);org.apache.juli.logging.Log;1;0;2;0.9375;151;12;2;2;0;0.9048;18;18;0
org.apache.catalina.startup.Catalina.stopServer(String[]);org.apache.juli.logging.Log;3;2;1;0.9333;316;16;7;2;0;0.9286;18;18;0
org.apache.catalina.connector.Response.getHeader(String);org.apache.tomcat.util.http.MimeHeaders;1;0;1;0.9888;596;70;20;1;0;0.9565;129;18;3
org.apache.catalina.core.ApplicationJspPropertyGroupDescriptor.getDefaultContentType();org.apache.catalina.deploy.JspPropertyGroup;1;0;1;0.9231;79;12;1;0;1;0.9545;72;9;12
org.apache.catalina.loader.WebappLoader.modified();org.apache.catalina.loader.WebappClassLoader;0;0;1;0.9804;553;36;17;1;0;0.9889;1601;58;35
org.apache.jasper.compiler.Parser.parseNamedAttributes(Node);org.apache.jasper.compiler.Node.NamedAttribute;3;3;2;0.9306;1185;55;13;0;1;0.9600;71;3;7
org.apache.catalina.connector.CoyoteAdapter.postParseRequest(org.apache.coyote.Request, Request, org.apache.coyote.Response, Response);org.apache.tomcat.util.http.mapper.Mapper;11;4;2;0.9583;620;12;9;1;0;0.9894;837;39;5
org.apache.catalina.tribes.group.interceptors.FragmentationInterceptor.frag(Member[], ChannelMessage, InterceptorPayload);org.apache.catalina.tribes.ChannelMessage;1;0;1;0.9474;96;7;5;2;0;0.8947;11;11;0
org.apache.catalina.startup.EngineConfig.stop();org.apache.juli.logging.Log;0;0;2;0.8571;17;3;3;2;0;0.9048;18;18;0
org.apache.coyote.http11.filters.GzipOutputFilter.FakeOutputStream.write(int);org.apache.tomcat.util.buf.ByteChunk;1;0;2;0.7500;13;4;2;1;0;0.9804;425;43;10
org.apache.el.parser.ELParser.Null();org.apache.el.parser.ELParserConstants;2;1;1;0.9853;2270;112;22;0;1;0.9836;0;0;56
org.apache.catalina.ha.deploy.FarmWarDeployer.getFactory(FileMessage);org.apache.catalina.ha.deploy.FileMessageFactory;1;0;2;0.9545;376;28;17;1;0;1.0000;128;6;14
org.apache.tomcat.util.http.fileupload.MultipartStream.ItemInputStream.read(byte[], int, int);org.apache.tomcat.util.http.fileupload.MultipartStream;1;2;2;0.7143;127;8;5;0;2;0.9231;166;11;19
org.apache.catalina.core.StandardContext.resourcesStop();org.apache.tomcat.util.modeler.Registry;0;2;3;0.9878;2421;209;114;2;0;0.9796;433;33;10
org.apache.catalina.tribes.tipis.AbstractReplicatedMap.ping(long);org.apache.catalina.tribes.group.RpcChannel;2;2;6;0.8824;741;50;17;1;1;0.9524;98;6;9
org.apache.el.lang.FunctionMapperImpl.Function.writeExternal(ObjectOutput);org.apache.el.util.ReflectionUtil;0;1;6;0.4615;58;6;6;1;0;1.0000;87;7;3
org.apache.catalina.ha.session.DeltaManager.registerSessionAtReplicationValve(DeltaSession);org.apache.catalina.ha.CatalinaCluster;0;0;3;0.9759;822;41;40;1;0;0.9643;20;20;1
org.apache.jasper.compiler.Compiler.init(JspCompilationContext, JspServletWrapper);org.apache.jasper.JspCompilationContext;1;0;3;0.8421;310;11;8;0;1;0.9844;426;31;31
org.apache.jasper.servlet.JspServletWrapper.getServlet();org.apache.jasper.runtime.InstanceManagerFactory;1;1;5;0.8125;314;11;15;1;0;1.0000;9;1;0
org.apache.catalina.users.MemoryGroup.toString();org.apache.catalina.Role;0;0;1;0.9231;74;8;2;1;0;0.8750;5;5;0
org.apache.coyote.http11.Http11AprProtocol.init();org.apache.tomcat.util.net.AprEndpoint;3;1;4;0.9720;387;76;26;1;1;0.9661;471;17;35
org.apache.tomcat.util.bcel.classfile.Constant.toString();org.apache.tomcat.util.bcel.Constants;1;0;1;0.8000;48;6;2;0;1;1.0000;0;0;122
org.apache.catalina.tribes.tipis.AbstractReplicatedMap.remove(Object, boolean);org.apache.juli.logging.Log;0;1;4;0.9403;741;50;17;1;0;0.9583;18;18;0
org.apache.catalina.core.StandardThreadExecutor.startInternal();org.apache.tomcat.util.threads.TaskQueue;1;0;9;0.6667;118;15;10;0;1;0.9412;27;3;1
org.apache.catalina.session.PersistentManagerBase.removeSession(String);org.apache.catalina.Store;0;0;2;0.9750;421;30;12;1;0;0.9231;11;11;0
org.apache.coyote.http11.Http11AprProcessor.endRequest();org.apache.coyote.http11.InternalAprOutputBuffer;1;0;6;0.9403;954;28;36;1;0;0.9783;235;24;13
org.apache.coyote.http11.Http11AprProtocol.setPollerThreadCount(int);org.apache.tomcat.util.net.AprEndpoint;1;0;1;0.9901;387;76;26;0;1;0.9808;471;17;35
org.apache.catalina.startup.UserConfig.lifecycleEvent(LifecycleEvent);org.apache.juli.logging.Log;2;2;3;0.8333;87;10;8;1;0;0.9565;18;18;0
org.apache.jasper.compiler.Parser.parseElementsTemplateText(Node);org.apache.jasper.compiler.ErrorDispatcher;1;6;4;0.8529;1185;55;13;1;0;0.9714;158;22;2
org.apache.catalina.tribes.transport.bio.BioReceiver.run();org.apache.juli.logging.Log;0;1;1;0.8889;94;7;2;1;0;0.9474;18;18;0
org.apache.catalina.session.PersistentManagerBase.load();org.apache.juli.logging.Log;1;1;2;0.9545;421;30;12;4;0;0.8182;18;18;0
org.apache.catalina.startup.ContextConfig.FragmentJarScannerCallback.scan(File);org.apache.catalina.startup.ContextConfig;2;0;2;0.8333;76;2;2;1;0;0.9796;1103;37;18
org.apache.catalina.connector.MapperListener.unregisterWrapper(Wrapper);org.apache.catalina.Wrapper;0;0;0;0;0;0;0;0;0;0;0;0;0
org.apache.tomcat.util.bcel.classfile.LocalVariable.getName();org.apache.tomcat.util.bcel.classfile.ConstantUtf8;2;0;2;0.8571;43;5;6;0;1;0.8571;14;2;1
org.apache.tomcat.util.http.Cookies.processCookies(MimeHeaders);org.apache.juli.logging.Log;3;0;1;1.0000;247;12;6;3;0;0.8929;18;18;0
org.apache.jasper.compiler.Node.JspBody.accept(Visitor);org.apache.jasper.compiler.Node.Visitor;0;0;0;1.0000;13;1;1;1;0;0.9714;126;35;0
org.apache.catalina.servlets.DefaultServlet.serveResource(HttpServletRequest, HttpServletResponse, boolean);org.apache.naming.resources.ResourceAttributes;4;11;8;0.7419;1001;37;20;3;1;0.9412;515;30;30
org.apache.catalina.authenticator.SingleSignOn.deregister(String);org.apache.juli.logging.Log;0;0;2;0.9130;164;12;6;4;0;0.8261;18;18;0
org.apache.catalina.core.NamingContextListener.createObjectName(ContextResource);org.apache.catalina.deploy.ResourceBase;1;0;1;0.9737;745;23;11;2;0;0.9048;43;9;7
org.apache.catalina.ha.context.ReplicatedContext.getServletContext();org.apache.catalina.core.ApplicationContext;1;0;0;1.0000;60;5;3;1;0;0.9861;645;60;13
org.apache.catalina.connector.CoyoteAdapter.parseSessionCookiesId(org.apache.coyote.Request, Request);org.apache.catalina.connector.Request;4;1;1;0.9643;620;12;9;4;3;0.9624;1203;127;53
org.apache.catalina.connector.RequestFacade.isUserInRole(String);org.apache.tomcat.util.res.StringManager;0;0;2;0.9859;450;69;2;1;0;0.8571;52;3;3
org.apache.catalina.servlets.CGIServlet.CGIEnvironment.setCGIEnvironment(HttpServletRequest);org.apache.catalina.servlets.CGIServlet;1;3;8;0.4762;303;9;11;0;2;0.9500;195;4;8
org.apache.coyote.ajp.AjpProcessor.prepareResponse();org.apache.coyote.ajp.Constants;5;0;4;0.9344;659;13;32;1;1;1.0000;5;1;105
org.apache.catalina.session.PersistentManagerBase.processMaxActiveSwaps();org.apache.catalina.session.StandardSession;2;2;2;0.9333;421;30;12;2;1;0.9639;585;58;24
org.apache.catalina.startup.SetPublicIdRule.begin(String, String, Attributes);org.apache.juli.logging.Log;1;0;1;0.8750;20;1;1;3;0;0.8696;18;18;0
org.apache.jasper.compiler.Validator.ValidateVisitor.checkNamedAttributes(Node.CustomTag, Node.JspAttribute[], int, Hashtable<String,Object>);org.apache.jasper.compiler.Node.NamedAttribute;3;0;1;0.9825;735;37;19;1;3;0.8400;71;3;7
org.apache.catalina.session.ManagerBase.getEntropy();org.apache.tomcat.util.ExceptionUtils;0;0;0;0;0;0;0;0;0;0;0;0;0
org.apache.jasper.compiler.JspUtil.getInputStream(String, JarFile, JspCompilationContext, ErrorDispatcher);org.apache.jasper.compiler.ErrorDispatcher;0;0;0;1.0000;608;37;6;1;0;0.9545;158;22;2
org.apache.catalina.mbeans.ServerLifecycleListener.destroyMBeans(Engine);org.apache.catalina.Container;0;1;1;0.9722;563;31;2;3;0;0.9211;35;35;6
org.apache.jasper.compiler.Collector.CollectVisitor.visit(Node.JspElement);org.apache.jasper.compiler.Node.JspAttribute;2;0;1;0.9583;114;15;6;0;1;0.9565;107;7;10
org.apache.catalina.ha.tcp.SimpleTcpCluster.unregisterClusterValve();org.apache.catalina.ha.ClusterValve;1;1;2;0.9677;368;43;29;1;0;0.8333;2;2;0
org.apache.catalina.tribes.group.interceptors.MessageDispatchInterceptor.startQueue();org.apache.catalina.tribes.transport.bio.util.FastQueue;0;0;3;0.8500;138;12;8;1;0;0.9643;172;11;14
org.apache.coyote.ajp.AjpAprProtocol.AjpConnectionHandler.asyncDispatch(long, SocketStatus);org.apache.tomcat.util.net.AbstractEndpoint.Handler;0;0;0;0;0;0;0;0;0;0;0;0;0
org.apache.catalina.core.StandardContext.addConstraint(SecurityConstraint);org.apache.catalina.deploy.SecurityCollection;1;2;2;0.9877;2421;209;114;3;0;0.8966;147;14;7
org.apache.catalina.ha.session.JvmRouteBinderValve.invoke(Request, Response);org.apache.catalina.connector.Request;0;1;2;0.8636;165;11;7;1;0;0.9945;1203;127;53
org.apache.catalina.tribes.group.interceptors.NonBlockingCoordinator.CoordinationMessage.write();org.apache.catalina.tribes.group.interceptors.NonBlockingCoordinator;2;0;6;0.7143;90;8;7;0;1;1.0000;352;38;15
org.apache.catalina.deploy.WebXml.toXml();org.apache.catalina.deploy.ContextEnvironment;9;3;29;0.8373;1536;45;42;1;0;0.9921;33;3;3
org.apache.jasper.compiler.Generator.GenerateVisitor.generateNamedAttributeValue(Node.NamedAttribute);org.apache.jasper.compiler.ServletWriter;1;0;1;0.9848;1736;44;16;1;0;0.9565;54;12;6
org.apache.catalina.ha.session.JvmRouteBinderValve.getManager(Request);org.apache.juli.logging.Log;1;0;2;1.0000;165;11;7;2;0;0.9048;18;18;0
org.apache.catalina.connector.RequestFacade.getLocalPort();org.apache.tomcat.util.res.StringManager;0;0;2;0.9859;450;69;2;1;0;0.8571;52;3;3
org.apache.catalina.connector.Response.getHeaderNames();org.apache.tomcat.util.buf.MessageBytes;2;0;1;0.9890;596;70;20;1;0;0.9778;380;30;16
org.apache.catalina.mbeans.MBeanFactory.removeHost(String);org.apache.catalina.Container;0;1;0;0.9722;401;31;3;2;0;0.9474;35;35;6
org.apache.catalina.session.StandardSession.getAttribute(String);org.apache.tomcat.util.res.StringManager;0;1;2;0.9737;585;58;24;1;0;0.8571;52;3;3
org.apache.jasper.servlet.JspServlet.destroy();org.apache.juli.logging.Log;0;0;2;0.8824;167;10;5;2;0;0.9048;18;18;0
org.apache.catalina.authenticator.FormAuthenticator.authenticate(Request, HttpServletResponse, LoginConfig);org.apache.tomcat.util.res.StringManager;3;6;2;0.7813;236;8;3;1;0;0.9714;52;3;3
org.apache.jasper.compiler.Validator.validateXmlView(PageData, Compiler);org.apache.jasper.compiler.ErrorDispatcher;2;0;0;1.0000;65;3;0;1;0;0.9615;158;22;2
org.apache.catalina.startup.ContextConfig.processServletContainerInitializers(Set<WebXml>);org.apache.catalina.Context;0;0;0;0;0;0;0;0;0;0;0;0;0
org.apache.catalina.connector.RequestFacade.getAsyncContext();org.apache.catalina.connector.Request;1;0;1;0.9857;450;69;2;0;1;0.9943;1203;127;53
org.apache.catalina.tribes.group.interceptors.NonBlockingCoordinator.memberAdded(Member, boolean);org.apache.catalina.tribes.membership.Membership;0;3;3;0.9038;352;38;15;1;0;0.9643;137;11;6
org.apache.jasper.compiler.Dumper.DumpVisitor.dumpBody(Node);org.apache.jasper.compiler.Node;1;0;0;1.0000;122;27;1;0;1;0.9630;163;7;15
org.apache.coyote.http11.Http11Protocol.init();org.apache.juli.logging.Log;3;0;5;0.8182;78;3;5;3;0;0.9118;18;18;0
org.apache.tomcat.util.digester.Digester.setRules(Rules);org.apache.tomcat.util.digester.Rules;0;0;1;0.9925;849;103;29;1;0;0.8889;8;8;0
org.apache.jasper.compiler.Parser.parseNamedAttributes(Node);org.apache.jasper.compiler.Node.TemplateText;3;3;2;0.9306;1185;55;13;1;0;0.9500;42;5;1
org.apache.catalina.startup.ContextConfig.getHostWebXmlSource();org.apache.tomcat.util.res.StringManager;1;3;2;0.9348;1103;37;18;1;0;0.8889;52;3;3
org.apache.tomcat.util.bcel.classfile.StackMapType.setType(byte);org.apache.tomcat.util.bcel.Constants;1;0;1;0.8889;53;5;3;0;2;1.0000;0;0;122
org.apache.catalina.tribes.group.ChannelCoordinator.heartbeat();org.apache.catalina.tribes.ChannelSender;0;0;1;0.9565;164;15;5;1;0;0.8750;6;6;0
org.apache.catalina.startup.ContextConfig.webConfig();org.apache.tomcat.util.res.StringManager;2;7;4;0.8364;1103;37;18;1;0;0.9583;52;3;3
org.apache.catalina.tribes.group.RpcChannel.send(Member[], Serializable, int, int, long);org.apache.catalina.tribes.util.UUIDGenerator;1;0;4;0.7500;98;6;9;1;0;1.0000;26;3;6
org.apache.jasper.compiler.Generator.GenerateVisitor.visit(Node.GetProperty);org.apache.jasper.compiler.JspUtil;3;0;1;0.9853;1736;44;16;1;0;1.0000;608;37;6
org.apache.catalina.servlets.WebdavServlet.doProppatch(HttpServletRequest, HttpServletResponse);org.apache.catalina.servlets.WebdavStatus;1;1;0;0.9706;1461;29;24;0;2;1.0000;12;2;27
org.apache.catalina.core.StandardServer.storeConfig();org.apache.juli.logging.Log;0;0;2;0.9783;309;29;19;1;0;0.9474;18;18;0
org.apache.catalina.connector.CoyoteAdapter.postParseRequest(org.apache.coyote.Request, Request, org.apache.coyote.Response, Response);org.apache.catalina.Wrapper;11;4;2;0.9583;620;12;9;1;0;0.9903;39;39;0
org.apache.catalina.ha.tcp.SimpleTcpCluster.stopInternal();org.apache.catalina.tribes.Channel;0;1;5;0.9242;368;43;29;3;0;0.8750;15;15;13
org.apache.catalina.tribes.transport.nio.NioReplicationTask.cancelKey(SelectionKey);org.apache.catalina.tribes.transport.nio.NioReceiver;1;0;2;0.9375;197;7;5;1;0;0.9600;269;15;8
org.apache.catalina.realm.JDBCRealm.close(Connection);org.apache.juli.logging.Log;0;0;3;0.8929;280;13;15;1;0;0.9565;18;18;0
org.apache.catalina.mbeans.MemoryUserDatabaseMBean.findRole(String);org.apache.tomcat.util.modeler.ManagedBean;0;0;1;0.9524;168;12;6;1;0;0.9730;252;23;13
org.apache.coyote.http11.InternalAprOutputBuffer.SocketOutputBuffer.doWrite(ByteChunk, Response);org.apache.coyote.http11.InternalAprOutputBuffer;2;0;0;1.0000;18;1;0;1;1;0.9512;235;24;13
org.apache.jasper.compiler.Validator.ValidateVisitor.getFunctionMapper(ELNode.Nodes);org.apache.jasper.compiler.ELNode.Nodes;2;0;2;0.9583;735;37;19;1;0;0.9375;35;5;2
org.apache.catalina.mbeans.GroupMBean.getUsers();org.apache.catalina.Group;0;0;1;0.9000;63;4;3;1;0;0.9286;11;11;0
org.apache.jasper.compiler.TagPluginManager.TagPluginContextImpl.getTemporaryVariableName();org.apache.jasper.compiler.Node;0;0;1;0.9524;72;15;4;1;0;0.9643;163;7;15
org.apache.jasper.compiler.ParserController.doParse(String, Node, JarResource);org.apache.jasper.compiler.JspDocumentParser;1;4;12;0.4074;281;12;13;1;0;1.0000;663;28;20
org.apache.coyote.RequestInfo.getMethod();org.apache.tomcat.util.buf.MessageBytes;1;0;1;0.9643;134;13;14;1;0;0.9767;380;30;16
org.apache.catalina.mbeans.MBeanFactory.createStandardHost(String, String, String, boolean, boolean, boolean, boolean);org.apache.catalina.Service;0;0;0;0;0;0;0;0;0;0;0;0;0
org.apache.catalina.mbeans.GroupMBean.getRoles();org.apache.catalina.Group;0;0;1;0.9000;63;4;3;1;0;0.9286;11;11;0
org.apache.catalina.mbeans.GroupMBean.getUsers();org.apache.tomcat.util.modeler.ManagedBean;0;0;1;0.9000;63;4;3;1;0;0.9730;252;23;13
org.apache.tomcat.util.net.NioEndpoint.Poller.processSendfile(SelectionKey, KeyAttachment, boolean, boolean);org.apache.juli.logging.Log;4;3;0;0.9211;396;15;6;4;0;0.8824;18;18;0
org.apache.jasper.servlet.JspServletWrapper.service(HttpServletRequest, HttpServletResponse, boolean);org.apache.jasper.Options;0;2;7;0.7000;314;11;15;1;0;0.9750;29;29;0
org.apache.jasper.compiler.Validator.ValidateVisitor.MapperELVisitor.visit(ELNode.Function);org.apache.jasper.compiler.ELNode.Function;3;0;0;1.0000;30;1;1;0;5;0.5455;37;1;6
org.apache.catalina.tribes.transport.nio.ParallelNioSender.sendMessage(Member[], ChannelMessage);org.apache.catalina.tribes.transport.nio.NioSender;2;5;1;0.7500;246;12;4;0;1;0.9730;255;12;11
org.apache.tomcat.util.net.AprEndpoint.SocketWithOptionsProcessor.run();org.apache.tomcat.util.net.AprEndpoint;2;0;1;0.8750;20;1;1;2;2;0.9273;471;17;35
org.apache.tomcat.util.bcel.classfile.ConstantPool.getConstant(int, byte);org.apache.tomcat.util.bcel.classfile.Constant;2;1;0;0.8889;130;7;2;0;1;0.8571;48;6;2
org.apache.tomcat.util.net.NioEndpoint.destroy();org.apache.juli.logging.Log;0;2;4;0.8936;362;19;26;2;0;0.9286;18;18;0
org.apache.catalina.ha.session.SimpleTcpReplicationManager.startInternal();org.apache.catalina.ha.CatalinaCluster;1;0;4;0.9286;356;17;15;2;0;0.9394;20;20;1
org.apache.jasper.compiler.Generator.GenerateVisitor.visit(Node.TemplateText);org.apache.jasper.compiler.ServletWriter;6;0;3;0.9605;1736;44;16;6;1;0.7586;54;12;6
org.apache.catalina.ssi.SSIConditional.process(SSIMediator, String, String[], String[], PrintWriter);org.apache.catalina.ssi.SSIMediator;2;1;0;0.8333;67;3;0;0;1;0.9667;190;16;13
org.apache.catalina.mbeans.ServerLifecycleListener.createMBeans(Context);org.apache.catalina.mbeans.MBeanUtils;1;1;1;0.9767;563;31;2;2;0;1.0000;706;52;4
org.apache.jasper.compiler.ParserController.hasJspRoot(JspReader);org.apache.jasper.compiler.TagConstants;1;0;0;1.0000;281;12;13;0;1;1.0000;0;0;57
org.apache.catalina.authenticator.AuthenticatorBase.reauthenticateFromSSO(String, Request);org.apache.catalina.authenticator.SingleSignOn;0;2;2;0.9143;293;17;18;1;0;0.9615;164;12;6
org.apache.coyote.Response.containsHeader(String);org.apache.tomcat.util.http.MimeHeaders;0;0;1;0.9730;250;19;18;1;0;0.9545;129;18;3
org.apache.catalina.tribes.transport.nio.NioReplicationTask.run();org.apache.catalina.tribes.ChannelReceiver;1;2;4;0.7619;197;7;5;0;1;1.0000;8;8;1
org.apache.catalina.core.ApplicationContextFacade.addServlet(String, String);org.apache.catalina.security.SecurityUtil;0;1;1;0.9672;514;57;3;1;0;1.0000;146;11;17
org.apache.catalina.connector.InputBuffer.setConverter();org.apache.coyote.Request;0;0;6;0.8571;210;19;17;1;0;0.9828;221;18;34
org.apache.catalina.manager.HTMLManagerServlet.list(HttpServletRequest, HttpServletResponse, String);org.apache.tomcat.util.res.StringManager;1;1;12;0.9762;686;26;19;1;0;0.9524;52;3;3
org.apache.catalina.ssi.SSIServletRequestUtil.getRelativePath(HttpServletRequest);org.apache.catalina.util.RequestUtil;0;0;0;1.0000;16;1;0;1;0;1.0000;189;13;3
org.apache.catalina.startup.ContextConfig.processAnnotationWebServlet(String, AnnotationEntry, WebXml);org.apache.tomcat.util.bcel.classfile.ElementValue;4;2;1;0.9672;1103;37;18;1;0;0.9583;47;4;15
org.apache.catalina.ha.session.DeltaManager.changeSessionId(Session, boolean);org.apache.juli.logging.Log;0;0;0;0;0;0;0;0;0;0;0;0;0
org.apache.catalina.connector.Response.addSessionCookieInternal(Cookie);org.apache.tomcat.util.http.MimeHeaders;0;0;0;0;0;0;0;0;0;0;0;0;0
org.apache.catalina.manager.host.HostManagerServlet.start(PrintWriter, String);org.apache.catalina.Lifecycle;1;0;4;0.8500;310;13;8;1;0;0.9000;6;6;11
org.apache.catalina.core.ApplicationContext.addFilter(String, String, Filter);org.apache.catalina.deploy.FilterDef;3;1;2;0.9737;645;60;13;2;3;0.7826;66;9;10
org.apache.jasper.compiler.Parser.parseElementsTemplateText(Node);org.apache.jasper.compiler.JspReader;1;6;4;0.8529;1185;55;13;2;0;0.9574;304;23;9
org.apache.catalina.mbeans.MBeanUtils.createObjectName(String, Host);org.apache.catalina.Host;0;0;0;1.0000;706;52;4;1;0;0.9545;22;22;2
org.apache.jasper.compiler.ELFunctionMapper.ELFunctionVisitor.getMapName();org.apache.jasper.compiler.ELFunctionMapper;1;0;0;1.0000;151;14;1;0;1;0.6667;12;1;3
org.apache.naming.SelectorContext.list(Name);org.apache.juli.logging.Log;1;2;2;0.9429;170;31;7;2;0;0.9000;18;18;0
org.apache.coyote.http11.Http11AprProcessor.prepareRequest();org.apache.coyote.http11.Constants;7;3;13;0.8182;954;28;36;0;8;1.0000;0;0;44
org.apache.catalina.deploy.WebXml.toXml();org.apache.catalina.deploy.FilterMap;9;3;29;0.8373;1536;45;42;4;2;0.9542;96;9;13
org.apache.tomcat.util.digester.Digester.endDocument();org.apache.tomcat.util.digester.Rule;0;5;2;0.9489;849;103;29;1;0;0.9565;31;9;2
org.apache.catalina.connector.ResponseFacade.setHeader(String, String);org.apache.catalina.connector.Response;0;1;1;0.9512;224;40;2;1;0;0.9889;596;70;20
org.apache.catalina.tribes.group.GroupChannel.sendNoRpcChannelReply(RpcMessage, Member);org.apache.juli.logging.Log;2;1;1;0.9714;268;24;9;1;0;0.9524;18;18;0
org.apache.tomcat.util.digester.SetNextRule.end(String, String);org.apache.tomcat.util.digester.Digester;1;0;2;0.8667;41;2;3;2;2;0.9710;849;103;29
org.apache.catalina.core.ContainerBase.getAccessLog();org.apache.catalina.Pipeline;0;0;0;0;0;0;0;0;0;0;0;0;0
org.apache.jasper.runtime.PageContextImpl.getAttributesScope(String);org.apache.jasper.compiler.Localizer;0;1;0;0.9811;634;40;16;1;0;1.0000;34;6;1
org.apache.jasper.xmlparser.XMLEncodingDetector.reportFatalError(String, String);org.apache.jasper.compiler.ErrorDispatcher;0;0;1;0.9787;798;23;29;1;0;0.9545;158;22;2
org.apache.catalina.loader.WebappLoader.stopInternal();org.apache.catalina.Context;1;1;4;0.9516;553;36;17;1;0;0.9935;139;139;1
org.apache.coyote.http11.Http11NioProcessor.prepareResponse();org.apache.tomcat.util.buf.MessageBytes;8;1;3;0.9344;840;14;11;3;1;0.9487;380;30;16
org.apache.catalina.core.StandardContext.startInternal();org.apache.catalina.loader.WebappLoader;6;27;13;0.8904;2421;209;114;2;0;0.9839;553;36;17
org.apache.coyote.memory.MemoryProtocolHandler.ByteChunkInputBuffer.doRead(ByteChunk, Request);org.apache.tomcat.util.buf.ByteChunk;0;0;1;0.5000;6;1;1;1;0;0.9792;425;43;10
org.apache.el.parser.AstDeferredExpression.getType(EvaluationContext);org.apache.el.parser.Node;0;0;0;1.0000;15;4;0;1;0;0.9444;17;17;0
org.apache.catalina.core.StandardWrapper.loadServlet();org.apache.catalina.Wrapper;3;4;11;0.8824;748;76;36;3;0;0.9524;39;39;0
org.apache.coyote.http11.Http11NioProcessor.asyncDispatch(SocketStatus);org.apache.coyote.Request;7;1;4;0.9024;840;14;11;1;1;0.9722;221;18;34
org.apache.jasper.compiler.Generator.generatePostamble();org.apache.jasper.compiler.ServletWriter;0;1;1;0.9500;782;28;18;3;0;0.8333;54;12;6
org.apache.jasper.compiler.Generator.DeclarationVisitor.visit(Node.Declaration);org.apache.jasper.compiler.Node.ScriptingElement;3;0;0;1.0000;36;3;1;1;0;0.9000;30;2;0
org.apache.catalina.startup.RelativeOrderingRule.begin(String, String, Attributes);org.apache.tomcat.util.res.StringManager;2;0;0;1.0000;5;1;0;1;0;0.8750;52;3;3
org.apache.coyote.http11.Http11NioProcessor.asyncDispatch(SocketStatus);org.apache.tomcat.util.net.AbstractEndpoint;7;1;4;0.9024;840;14;11;1;1;0.9775;397;29;69
org.apache.catalina.realm.JNDIRealm.compareCredentials(DirContext, User, String);org.apache.juli.logging.Log;2;0;0;1.0000;742;44;32;3;0;0.8750;18;18;0
org.apache.catalina.core.ApplicationDispatcher.PrivilegedForward.run();org.apache.catalina.core.ApplicationDispatcher;0;0;2;0.5000;8;1;2;1;0;0.9600;421;14;11
org.apache.jasper.compiler.TagFileProcessor.TagFileDirectiveVisitor.postCheck();org.apache.jasper.compiler.Node;2;0;3;0.9000;204;8;24;0;1;0.9706;163;7;15
org.apache.catalina.tribes.group.interceptors.TwoPhaseCommitInterceptor.messageReceived(ChannelMessage);org.apache.catalina.tribes.UniqueId;2;0;4;0.9375;69;3;6;0;1;0.9412;32;3;1
org.apache.coyote.http11.AbstractHttp11Protocol.getCiphers();org.apache.tomcat.util.net.AbstractEndpoint;1;0;1;0.9909;382;89;22;0;1;0.9859;397;29;69
org.apache.catalina.loader.WebappClassLoader.clearReferencesThreads();org.apache.juli.logging.Log;1;2;5;0.9556;1601;58;35;2;0;0.9091;18;18;0
org.apache.catalina.tribes.group.interceptors.DomainFilterInterceptor.memberAdded(Member);org.apache.catalina.tribes.Member;0;1;2;0.7692;52;9;2;1;0;0.9444;13;13;1
org.apache.el.parser.AstBracketSuffix.getValue(EvaluationContext);org.apache.el.parser.Node;0;0;0;1.0000;6;1;0;1;0;0.9444;17;17;0
org.apache.catalina.connector.Response.getContentCountLong();org.apache.catalina.connector.OutputBuffer;0;0;1;0.9886;596;70;20;1;0;0.9756;207;25;15
org.apache.catalina.startup.Embedded.createContext(String, String);org.apache.catalina.startup.ContextConfig;2;0;2;0.9792;368;34;10;0;1;0.9804;1103;37;18
org.apache.catalina.startup.ContextConfig.processAnnotationsJar(URL, WebXml);org.apache.juli.logging.Log;1;1;2;0.9778;1103;37;18;1;0;0.9474;18;18;0
org.apache.catalina.servlets.WebdavServlet.parseProperties(HttpServletRequest, XMLWriter, String, int, Vector<String>);org.apache.catalina.util.XMLWriter;3;2;3;0.9592;1461;29;24;4;3;0.8519;79;10;5
org.apache.tomcat.util.http.Cookies.processCookies(MimeHeaders);org.apache.tomcat.util.buf.MessageBytes;3;0;1;1.0000;247;12;6;3;3;0.8980;380;30;16
org.apache.jasper.compiler.TagPluginManager.TagPluginContextImpl.isScriptless();org.apache.jasper.compiler.Node.ChildInfo;2;0;1;0.9524;72;15;4;0;1;0.8750;36;0;6
org.apache.el.parser.ELParser.Function();org.apache.el.parser.JJTELParserState;4;4;4;0.9484;2270;112;22;4;0;0.9070;74;10;5
org.apache.catalina.core.StandardHost.MemoryLeakTrackingListener.lifecycleEvent(LifecycleEvent);org.apache.catalina.LifecycleEvent;2;0;0;1.0000;8;1;0;1;0;0.9167;18;3;3
org.apache.coyote.http11.filters.IdentityInputFilter.end();org.apache.coyote.InputBuffer;0;0;3;0.6667;57;5;6;1;0;0.7500;1;1;0
org.apache.catalina.loader.WebappLoader.setRepositories();org.apache.catalina.Container;2;2;5;0.9180;553;36;17;1;0;0.9800;35;35;6
org.apache.catalina.authenticator.BasicAuthenticator.authenticate(Request, HttpServletResponse, LoginConfig);org.apache.tomcat.util.http.MimeHeaders;5;0;1;1.0000;57;2;2;1;0;0.9787;129;18;3
org.apache.catalina.startup.ContextConfig.processAnnotationsStream(InputStream, WebXml);org.apache.tomcat.util.bcel.classfile.JavaClass;1;2;0;0.9592;1103;37;18;1;1;0.9231;133;7;15
org.apache.jasper.compiler.Generator.generateTagHandlerAttributes(TagInfo);org.apache.jasper.compiler.JspUtil;1;2;2;0.9111;782;28;18;1;0;1.0000;608;37;6
org.apache.jasper.compiler.SmapUtil.SmapGenVisitor.visit(Node.TemplateText);org.apache.jasper.compiler.Mark;3;0;2;0.9394;149;23;3;0;2;0.9286;95;7;11
org.apache.jasper.JspC.processFile(String);org.apache.jasper.JspCompilationContext;1;2;11;0.8737;876;35;84;1;4;0.9390;426;31;31
org.apache.jasper.compiler.Validator.DirectiveVisitor.comparePageEncodings(String, Node.PageDirective);org.apache.jasper.compiler.Node;1;0;1;0.9412;214;7;4;1;0;0.9697;163;7;15
org.apache.catalina.tribes.group.interceptors.NonBlockingCoordinator.handleViewConf(CoordinationMessage, Member, Membership);org.apache.catalina.tribes.util.Arrays;1;5;5;0.8113;352;38;15;1;0;1.0000;157;24;1
org.apache.jasper.compiler.DeclarationVisitor.visit(Node.PageDirective);org.apache.jasper.compiler.ServletWriter;2;0;0;1.0000;36;3;1;7;0;0.6111;54;12;6
org.apache.coyote.http11.AbstractHttp11Processor.isCompressable();org.apache.coyote.Request;3;0;6;0.8846;228;17;32;0;1;0.9846;221;18;34
org.apache.catalina.tribes.group.interceptors.NonBlockingCoordinator.stop(int);org.apache.catalina.tribes.membership.Membership;0;3;8;0.7800;352;38;15;1;0;0.9688;137;11;6
org.apache.jasper.compiler.TagLibraryInfoImpl.createValidator(TreeNode);org.apache.juli.logging.Log;0;1;3;0.8519;528;14;6;2;0;0.9259;18;18;0
org.apache.catalina.mbeans.GlobalResourcesLifecycleListener.createMBeans(String, UserDatabase);org.apache.catalina.mbeans.MBeanUtils;0;0;1;1.0000;103;5;3;4;0;1.0000;706;52;4
org.apache.catalina.realm.JNDIRealm.close(DirContext);org.apache.tomcat.util.res.StringManager;0;0;1;0.9870;742;44;32;1;0;0.9000;52;3;3
org.apache.catalina.authenticator.AuthenticatorBase.invoke(Request, Response);org.apache.catalina.Context;2;1;6;0.9020;293;17;18;2;0;0.9879;139;139;1
org.apache.catalina.connector.RequestFacade.removeAttribute(String);org.apache.tomcat.util.res.StringManager;0;0;2;0.9859;450;69;2;1;0;0.8571;52;3;3
org.apache.catalina.tribes.transport.nio.NioReplicationTask.serviceChannel(SelectionKey);org.apache.catalina.tribes.io.ObjectReader;1;0;2;0.9286;197;7;5;0;1;0.9474;71;9;5
org.apache.catalina.tribes.tipis.AbstractReplicatedMap.replicate(Object, boolean);org.apache.juli.logging.Log;0;0;4;0.9625;741;50;17;3;0;0.9118;18;18;0
org.apache.jasper.compiler.PageDataImpl.SecondPassVisitor.appendPageDirective(Node.PageDirective);org.apache.jasper.compiler.Node.PageDirective;3;0;3;0.9400;307;41;6;0;1;0.9000;27;2;1
org.apache.coyote.http11.Http11AprProcessor.prepareResponse();org.apache.coyote.Response;8;2;12;0.8427;954;28;36;1;4;0.9315;250;19;18
org.apache.catalina.core.AsyncContextImpl.complete();org.apache.coyote.Request;1;1;3;0.9118;283;23;12;1;0;0.9825;221;18;34
org.apache.catalina.valves.ValveBase.getDomainInternal();org.apache.catalina.mbeans.MBeanUtils;0;0;0;0;0;0;0;0;0;0;0;0;0
org.apache.catalina.session.PersistentManagerBase.findSession(String);org.apache.catalina.Session;0;1;0;0.9762;421;30;12;3;0;0.9118;32;32;4
org.apache.coyote.http11.Http11NioProcessor.endRequest();org.apache.coyote.Adapter;1;0;3;0.9355;840;14;11;0;0;1.0000;3;3;0
org.apache.catalina.connector.ResponseFacade.addCookie(Cookie);org.apache.catalina.connector.Response;0;1;1;0.9512;224;40;2;1;0;0.9889;596;70;20
org.apache.catalina.ha.tcp.ReplicationValve.resetDeltaRequest(Session);org.apache.catalina.ha.session.DeltaSession;1;0;2;1.0000;278;16;17;1;0;0.9815;399;42;7
org.apache.catalina.servlets.DefaultServlet.executePartialPut(HttpServletRequest, Range, String);org.apache.naming.resources.ProxyDirContext;0;0;2;0.9811;1001;37;20;1;0;0.9877;469;64;15
org.apache.catalina.startup.Embedded.removeHost(Host);org.apache.catalina.Container;0;0;2;0.9792;368;34;10;3;0;0.9231;35;35;6
org.apache.catalina.tribes.group.interceptors.NonBlockingCoordinator.setupMembership();org.apache.catalina.tribes.group.AbsoluteOrder;1;0;1;0.9796;352;38;15;0;1;1.0000;7;1;1
org.apache.tomcat.util.bcel.classfile.ConstantValue.toString();org.apache.tomcat.util.bcel.classfile.ConstantString;8;0;1;0.9333;43;3;1;0;1;0.9333;17;2;1
org.apache.coyote.http11.Http11AprProtocol.setSoLinger(int);org.apache.tomcat.util.net.AbstractEndpoint;0;0;1;0.9901;387;76;26;1;0;0.9859;397;29;69
org.apache.catalina.ha.authenticator.ClusterSingleSignOn.register(String, Principal, String, String, String);org.apache.catalina.ha.authenticator.SingleSignOnMessage;1;1;2;0.8846;142;15;4;0;5;0.8095;76;2;16
org.apache.coyote.http11.Http11AprProtocol.destroy();org.apache.tomcat.util.modeler.Registry;1;1;5;0.9615;387;76;26;2;0;0.9783;433;33;10
org.apache.coyote.http11.filters.GzipOutputFilter.FakeOutputStream.write(int);org.apache.coyote.OutputBuffer;1;0;2;0.7500;13;4;2;1;0;0.8000;1;1;0
org.apache.jasper.compiler.WebXml.close();org.apache.juli.logging.Log;0;0;2;0.6667;53;1;6;1;0;0.9500;18;18;0
org.apache.catalina.connector.Response.reset();org.apache.coyote.Response;0;0;6;0.9326;596;70;20;1;0;0.9773;250;19;18
org.apache.catalina.authenticator.FormAuthenticator.saveRequest(Request, Session);org.apache.catalina.authenticator.Constants;3;0;0;1.0000;236;8;3;0;1;1.0000;0;0;19
org.apache.el.parser.ELParser.Multiplication();org.apache.el.parser.ELParserTreeConstants;2;3;4;0.9514;2270;112;22;0;3;0.9412;0;0;35
org.apache.catalina.core.NamingContextListener.lifecycleEvent(LifecycleEvent);org.apache.naming.factory.ResourceLinkFactory;4;2;9;0.7857;745;23;11;0;1;1.0000;16;1;1
org.apache.catalina.servlets.WebdavServlet.parseProperties(HttpServletRequest, XMLWriter, String, int, Vector<String>);org.apache.tomcat.util.http.FastHttpDateFormat;3;2;3;0.9592;1461;29;24;1;0;1.0000;85;6;8
org.apache.catalina.mbeans.MBeanFactory.createDataSourceRealm(String, String, String, String, String, String, String);org.apache.catalina.util.LifecycleMBeanBase;0;0;0;0;0;0;0;0;0;0;0;0;0
org.apache.coyote.http11.Http11AprProcessor.action(ActionCode, Object);org.apache.coyote.Request;10;1;19;0.7978;954;28;36;1;8;0.8989;221;18;34
org.apache.jasper.runtime.JspContextWrapper.removeAttribute(String, int);org.apache.jasper.compiler.Localizer;0;0;2;0.9556;257;38;7;1;0;1.0000;34;6;1
org.apache.jasper.compiler.Generator.GenerateVisitor.attributeValue(Node.JspAttribute, boolean, Class<?>);org.apache.jasper.compiler.Node.JspAttribute;2;0;1;0.9851;1736;44;16;1;5;0.7273;107;7;10
org.apache.catalina.startup.ContextConfig.configureStop();org.apache.tomcat.util.res.StringManager;0;0;5;0.9595;1103;37;18;1;0;0.9730;52;3;3
org.apache.coyote.http11.Http11Protocol.Http11ConnectionHandler.register(Http11Processor);org.apache.juli.logging.Log;4;0;3;0.8421;105;5;5;3;0;0.8929;18;18;0
org.apache.catalina.connector.InputBuffer.mark(int);org.apache.tomcat.util.buf.CharChunk;1;0;5;0.9000;210;19;17;1;4;0.9057;393;39;8
org.apache.jasper.compiler.Generator.GenerateVisitor.visit(Node.JspElement);org.apache.jasper.compiler.Node.JspAttribute;6;0;1;0.9867;1736;44;16;0;3;0.9091;107;7;10
org.apache.catalina.core.ApplicationFilterChain.doFilterEvent(CometEvent);org.apache.catalina.Globals;1;1;0;0.9167;231;9;13;0;1;1.0000;0;0;39
org.apache.catalina.startup.HostConfig.appBase();org.apache.catalina.Host;0;1;2;0.9375;793;36;16;1;0;0.9600;22;22;2
org.apache.catalina.core.NamingContextListener.addService(ContextService);org.apache.naming.HandlerRef;5;0;4;0.9464;745;23;11;0;6;1.0000;50;2;9
org.apache.tomcat.util.bcel.classfile.ConstantPool.constantToString(Constant);org.apache.tomcat.util.bcel.Constants;11;3;0;0.9000;130;7;2;0;11;1.0000;0;0;122
org.apache.coyote.http11.InternalNioInputBuffer.parseRequestLine(boolean);org.apache.tomcat.util.res.StringManager;2;2;5;0.8108;396;12;12;1;0;0.9583;52;3;3
org.apache.coyote.http11.Http11NioProtocol.Http11ConnectionHandler.event(NioChannel, SocketStatus);org.apache.tomcat.util.net.SocketWrapper;7;0;2;0.9286;177;8;6;0;1;0.9667;60;2;11
org.apache.catalina.core.StandardWrapper.unload();org.apache.tomcat.util.modeler.Registry;4;1;10;0.9130;748;76;36;0;0;1.0000;433;33;10
org.apache.catalina.connector.Request.parseParameters();org.apache.coyote.Request;4;5;9;0.9351;1203;127;53;1;1;0.9733;221;18;34
org.apache.jasper.compiler.Dumper.DumpVisitor.visit(Node.IncludeDirective);org.apache.jasper.compiler.Node;1;2;0;0.9286;122;27;1;0;1;0.9643;163;7;15
org.apache.jasper.compiler.TagPluginManager.TagPluginContextImpl.generateDeclaration(String, String);org.apache.jasper.compiler.PageInfo;1;0;3;0.8636;72;15;4;1;0;0.9878;341;30;46
org.apache.coyote.ajp.AjpProcessor.process(SocketWrapper<Socket>);org.apache.coyote.ajp.Constants;6;4;15;0.6981;659;13;32;0;2;1.0000;5;1;105
org.apache.tomcat.util.digester.Digester.setRuleNamespaceURI(String);org.apache.tomcat.util.digester.Rules;0;1;0;0.9925;849;103;29;1;0;0.8889;8;8;0
org.apache.jasper.compiler.ParserController.getPageEncodingForJspSyntax(JspReader, Mark);org.apache.jasper.compiler.Parser;0;1;0;0.9643;281;12;13;1;0;1.0000;1185;55;13
org.apache.catalina.startup.ContextConfig.processAnnotationWebServlet(String, AnnotationEntry, WebXml);org.apache.catalina.deploy.ServletDef;4;2;1;0.9672;1103;37;18;4;6;0.7500;93;17;15
org.apache.catalina.core.ContainerBase.getRealm();org.apache.catalina.Container;0;0;2;0.9744;555;53;27;1;0;0.9730;35;35;6
org.apache.catalina.deploy.NamingResources.getServer();org.apache.catalina.Service;0;0;1;0.9804;342;36;13;1;0;0.9444;15;15;0
org.apache.jasper.runtime.PageContextImpl.release();org.apache.jasper.compiler.Localizer;0;0;14;0.7455;634;40;16;1;0;1.0000;34;6;1
org.apache.jasper.compiler.Node.Declaration.accept(Visitor);org.apache.jasper.compiler.Node.Visitor;0;0;0;1.0000;9;1;0;1;0;0.9714;126;35;0
org.apache.catalina.startup.WebRuleSet.recycle();org.apache.catalina.startup.SetSessionConfig;3;0;3;0.8000;246;4;7;0;1;0.8750;8;1;1
org.apache.jasper.compiler.Parser.parse(ParserController, JspReader, Node, boolean, boolean, JarResource, String, String, boolean, boolean);org.apache.jasper.compiler.ParserController;4;3;0;0.9595;1185;55;13;0;1;0.9730;281;12;13
org.apache.catalina.loader.WebappLoader.startInternal();org.apache.catalina.core.StandardContext;1;5;8;0.8611;553;36;17;5;0;0.9856;2421;209;114
org.apache.catalina.users.MemoryUserDatabase.save();org.apache.juli.logging.Log;1;5;5;0.7647;252;22;10;2;0;0.9259;18;18;0
org.apache.catalina.realm.JAASMemoryLoginModule.load();org.apache.juli.logging.Log;1;0;2;0.9500;124;6;8;2;0;0.9167;18;18;0
org.apache.coyote.http11.AbstractHttp11Protocol.setSSLEnabled(boolean);org.apache.tomcat.util.net.AbstractEndpoint;1;0;1;0.9909;382;89;22;0;1;0.9859;397;29;69
org.apache.catalina.servlets.WebdavServlet.doPut(HttpServletRequest, HttpServletResponse);org.apache.catalina.servlets.WebdavStatus;1;2;1;0.9118;1461;29;24;0;1;1.0000;12;2;27
org.apache.catalina.connector.CoyoteAdapter.normalize(MessageBytes);org.apache.tomcat.util.buf.MessageBytes;2;1;1;1.0000;620;12;9;0;1;0.9778;380;30;16
org.apache.jasper.runtime.PageContextImpl.setAttribute(String, Object, int);org.apache.jasper.security.SecurityUtil;0;1;0;0.9811;634;40;16;1;0;1.0000;31;2;1
org.apache.coyote.http11.AbstractHttp11Protocol.setKeyPass(String);org.apache.tomcat.util.net.AbstractEndpoint;1;0;1;0.9909;382;89;22;0;1;0.9859;397;29;69
org.apache.catalina.util.ParameterMap.remove(Object);org.apache.tomcat.util.res.StringManager;0;0;2;0.9000;34;5;2;1;0;0.8333;52;3;3
org.apache.tomcat.util.bcel.classfile.InnerClass.toString(ConstantPool);org.apache.tomcat.util.bcel.classfile.Utility;2;0;4;0.6667;47;4;4;2;0;1.0000;428;19;5
org.apache.jasper.compiler.DeclarationVisitor.visit(Node.Declaration);org.apache.jasper.compiler.Generator;3;0;0;1.0000;36;3;1;0;1;0.9773;782;28;18
org.apache.catalina.core.StandardWrapper.initServlet(Servlet);org.apache.catalina.util.InstanceSupport;5;2;7;0.9369;748;76;36;2;0;0.9200;81;11;3
org.apache.jasper.compiler.TagPluginManager.TagPluginContextImpl.generateAttribute(String);org.apache.jasper.compiler.Node;1;0;2;0.9048;72;15;4;0;1;0.9655;163;7;15
org.apache.jasper.compiler.JspRuntimeContext.destroy();org.apache.jasper.servlet.JspServletWrapper;0;0;1;0.9545;187;11;10;1;0;0.9655;314;11;15
org.apache.catalina.tribes.group.interceptors.MessageDispatchInterceptor.stop(int);org.apache.catalina.tribes.Channel;1;1;1;0.9000;138;12;8;0;1;1.0000;15;15;13
org.apache.catalina.connector.CoyoteAdapter.parseSessionCookiesId(org.apache.coyote.Request, Request);org.apache.tomcat.util.http.Cookies;4;1;1;0.9643;620;12;9;2;0;0.9286;247;12;6
org.apache.catalina.ha.context.ReplicatedContext.startInternal();org.apache.catalina.core.ApplicationContext;2;1;3;0.8824;60;5;3;1;0;0.9753;645;60;13
org.apache.catalina.tribes.transport.nio.ParallelNioSender.setupForSend(Member[]);org.apache.catalina.tribes.transport.nio.NioSender;1;0;2;0.9000;246;12;4;1;1;0.9286;255;12;11
org.apache.tomcat.util.IntrospectionUtils.addToolsJar(Vector<URL>);org.apache.juli.logging.Log;0;0;1;1.0000;595;31;4;2;0;0.8889;18;18;0
org.apache.coyote.http11.AbstractHttp11Protocol.setTrustMaxCertLength(String);org.apache.tomcat.util.net.AbstractEndpoint;1;0;1;0.9909;382;89;22;0;1;0.9859;397;29;69
org.apache.catalina.loader.WebappLoader.stopInternal();org.apache.catalina.Lifecycle;1;1;4;0.9516;553;36;17;1;0;0.9500;6;6;11
org.apache.catalina.deploy.ServletDef.addSecurityRoleRef(String, String);org.apache.catalina.deploy.SecurityRoleRef;1;0;1;0.9688;93;17;15;0;2;0.6667;23;3;2
org.apache.jasper.compiler.JspUtil.checkAttributes(String, Node, ValidAttribute[], ErrorDispatcher);org.apache.jasper.compiler.Node;2;0;0;1.0000;608;37;6;1;3;0.8750;163;7;15
org.apache.coyote.http11.Http11NioProtocol.Http11ConnectionHandler.deregister(Http11NioProcessor);org.apache.tomcat.util.modeler.Registry;4;0;2;0.9048;177;8;6;2;0;0.9796;433;33;10
org.apache.jasper.compiler.Generator.TagHandlerPoolVisitor.createTagHandlerPoolName(String, String, Attributes, Node.Nodes, boolean);org.apache.jasper.compiler.Node;2;0;0;1.0000;37;2;1;0;1;0.9643;163;7;15
org.apache.catalina.connector.CoyoteAdapter.event(org.apache.coyote.Request, org.apache.coyote.Response, SocketStatus);org.apache.coyote.Request;7;0;4;0.9714;620;12;9;1;1;0.9740;221;18;34
org.apache.catalina.startup.TldConfig.tldScanDir(File);org.apache.juli.logging.Log;1;2;3;0.9565;291;15;15;3;0;0.8421;18;18;0
org.apache.catalina.startup.HostConfig.deployDirectory(String, File, String);org.apache.catalina.Container;2;3;7;0.8833;793;36;16;1;0;0.9815;35;35;6
org.apache.catalina.deploy.WebXml.toXml();org.apache.catalina.deploy.ContextResource;9;3;29;0.8373;1536;45;42;2;0;0.9840;35;3;3
org.apache.catalina.deploy.WebXml.addResourceEnvRef(ContextResourceEnvRef);org.apache.catalina.deploy.ResourceBase;1;0;2;0.9861;1536;45;42;1;0;0.9375;43;9;7
org.apache.catalina.users.MemoryUserDatabase.open();org.apache.tomcat.util.ExceptionUtils;0;0;0;0;0;0;0;0;0;0;0;0;0
org.apache.jasper.runtime.PageContextImpl.getAttribute(String, int);org.apache.jasper.security.SecurityUtil;0;1;0;0.9811;634;40;16;1;0;1.0000;31;2;1
org.apache.coyote.http11.AbstractHttp11Processor.isCompressable();org.apache.tomcat.util.buf.MessageBytes;3;0;6;0.8846;228;17;32;2;0;0.9615;380;30;16
org.apache.coyote.http11.AbstractHttp11Protocol.setProperty(String, String);org.apache.tomcat.util.net.AbstractEndpoint;0;1;1;0.9818;382;89;22;1;0;0.9861;397;29;69
org.apache.jasper.compiler.Node.NamedAttribute.getText();org.apache.jasper.compiler.Node.Nodes;1;0;0;1.0000;71;3;7;1;0;0.9167;43;5;3
org.apache.catalina.realm.JDBCRealm.authenticate(Connection, String, String);org.apache.juli.logging.Log;1;2;0;0.9333;280;13;15;2;0;0.9130;18;18;0
org.apache.catalina.ha.tcp.SimpleTcpCluster.getManagerName(String, Manager);org.apache.catalina.Manager;0;1;0;0.9839;368;43;29;1;0;0.9737;35;35;0
org.apache.coyote.http11.Http11AprProcessor.process(long);org.apache.tomcat.util.net.AbstractEndpoint;6;4;22;0.7241;954;28;36;1;0;0.9915;397;29;69
org.apache.catalina.connector.OutputBuffer.doFlush(boolean);org.apache.coyote.ActionCode;2;0;5;0.8889;207;25;15;0;1;1.0000;6;0;30
org.apache.jasper.compiler.Generator.GenerateVisitor.generateJspFragment(Node, String);org.apache.jasper.compiler.Generator.FragmentHelperClass.Fragment;3;0;7;0.8955;1736;44;16;0;2;0.8750;10;0;2
org.apache.catalina.loader.WebappClassLoader.findLoadedResource(String);org.apache.catalina.loader.ResourceEntry;1;0;1;0.9888;1601;58;35;0;1;0.8750;0;0;7
org.apache.jasper.compiler.SmapUtil.generateSmap(JspCompilationContext, Node.Nodes);org.apache.jasper.JspCompilationContext;3;1;1;1.0000;68;4;1;2;1;0.9565;426;31;31
org.apache.catalina.ha.tcp.ReplicationValve.setFilter(String);org.apache.juli.logging.Log;1;0;4;0.9429;278;16;17;5;0;0.7500;18;18;0
org.apache.coyote.http11.AbstractHttp11Protocol.getKeyPass();org.apache.tomcat.util.net.AbstractEndpoint;1;0;1;0.9909;382;89;22;0;1;0.9859;397;29;69
org.apache.jasper.compiler.Generator.GenerateVisitor.visit(Node.Scriptlet);org.apache.jasper.compiler.Node.ScriptingElement;2;0;1;0.9846;1736;44;16;1;0;0.9000;30;2;0
org.apache.catalina.core.ApplicationServletRegistration.setLoadOnStartup(int);org.apache.catalina.Wrapper;0;0;1;0.9412;132;14;3;1;0;0.9750;39;39;0
org.apache.catalina.loader.WebappLoader.stopInternal();org.apache.naming.resources.DirContextURLStreamHandler;1;1;4;0.9516;553;36;17;1;0;1.0000;91;13;3
org.apache.catalina.session.PersistentManagerBase.load();org.apache.catalina.security.SecurityUtil;1;1;2;0.9545;421;30;12;1;0;1.0000;146;11;17
org.apache.catalina.tribes.group.interceptors.DomainFilterInterceptor.setDomain(String);org.apache.catalina.tribes.util.Arrays;0;0;1;0.9000;52;9;2;2;0;1.0000;157;24;1
org.apache.catalina.core.ApplicationFilterRegistration.addMappingForServletNames(EnumSet<DispatcherType>, boolean, String);org.apache.catalina.deploy.FilterMap;1;0;2;0.8947;110;11;3;2;1;0.8500;96;9;13
org.apache.catalina.manager.StatusTransformer.writeProcessorState(PrintWriter, ObjectName, MBeanServer, int);org.apache.catalina.util.RequestUtil;0;3;0;1.0000;601;20;0;1;0;1.0000;189;13;3
org.apache.catalina.connector.RequestFacade.getScheme();org.apache.tomcat.util.res.StringManager;0;0;2;0.9859;450;69;2;1;0;0.8571;52;3;3
org.apache.jasper.runtime.PageContextImpl.proprietaryEvaluate(String, Class<?>, PageContext, ProtectedFunctionMapper, boolean);org.apache.jasper.security.SecurityUtil;1;1;1;1.0000;634;40;16;1;0;1.0000;31;2;1
org.apache.catalina.connector.Response.setLocale(Locale);org.apache.catalina.Context;0;2;4;0.9341;596;70;20;1;0;0.9932;139;139;1
org.apache.tomcat.util.bcel.classfile.ConstantPool.constantToString(Constant);org.apache.tomcat.util.bcel.classfile.Utility;11;3;0;0.9000;130;7;2;1;0;1.0000;428;19;5
org.apache.tomcat.util.buf.MessageBytes.hash();org.apache.tomcat.util.buf.ByteChunk;0;0;7;0.9048;380;30;16;1;0;0.9808;425;43;10
org.apache.catalina.deploy.SecurityConstraint.createConstraints(ServletSecurityElement, String);org.apache.catalina.deploy.SecurityCollection;0;2;0;0.9600;194;18;7;2;0;0.9167;147;14;7
org.apache.jasper.xmlparser.XMLEncodingDetector.scanLiteral(int, XMLString);org.apache.jasper.xmlparser.XMLChar;0;2;7;0.8085;798;23;29;1;0;1.0000;115;21;9
org.apache.tomcat.util.http.fileupload.DiskFileItem.isInMemory();org.apache.tomcat.util.http.fileupload.DeferredFileOutputStream;0;0;2;0.9310;232;17;16;1;0;0.9375;60;5;7
org.apache.coyote.http11.Http11AprProtocol.getSSLCARevocationPath();org.apache.tomcat.util.net.AprEndpoint;1;0;1;0.9901;387;76;26;0;1;0.9808;471;17;35
org.apache.catalina.core.ContainerBase.setRealm(Realm);org.apache.catalina.Lifecycle;0;0;3;0.9756;555;53;27;2;0;0.8182;6;6;11
org.apache.tomcat.util.net.NioBlockingSelector.BlockPoller.run();org.apache.juli.logging.Log;2;2;4;0.6667;182;9;4;3;0;0.8889;18;18;0
org.apache.catalina.manager.ManagerServlet.deploy(PrintWriter, String, String, String, boolean);org.apache.catalina.Context;1;9;4;0.7660;924;35;13;2;0;0.9868;139;139;1
org.apache.catalina.ha.tcp.SimpleTcpCluster.lifecycleEvent(LifecycleEvent);org.apache.catalina.LifecycleEvent;1;0;2;1.0000;368;43;29;2;0;0.8000;18;3;3
org.apache.jasper.compiler.Parser.parseDoBody(Node);org.apache.jasper.compiler.JspReader;0;2;2;0.9375;1185;55;13;1;0;0.9737;304;23;9
org.apache.jasper.compiler.ErrorDispatcher.createJavacError(String, Node.Nodes, StringBuilder, int, JspCompilationContext);org.apache.jasper.compiler.Node.Nodes;2;0;0;1.0000;158;22;2;1;0;0.9333;43;5;3
org.apache.naming.SelectorContext.lookupLink(Name);org.apache.juli.logging.Log;1;2;2;0.9429;170;31;7;2;0;0.9000;18;18;0
org.apache.catalina.ha.session.DeltaManager.requestCompleted(String, boolean);org.apache.juli.logging.Log;3;1;5;0.9556;822;41;40;3;0;0.9063;18;18;0
org.apache.catalina.connector.CoyoteReader.ready();org.apache.catalina.connector.InputBuffer;0;0;1;0.9333;102;12;4;1;0;0.9722;210;19;17
org.apache.catalina.ha.session.BackupManager.requestCompleted(String);org.apache.catalina.tribes.tipis.AbstractReplicatedMap;0;0;0;1.0000;135;20;7;1;0;0.9851;741;50;17
org.apache.catalina.core.ApplicationContextFacade.getMimeType(String);org.apache.catalina.security.SecurityUtil;0;1;1;0.9672;514;57;3;1;0;1.0000;146;11;17
org.apache.catalina.startup.WebRuleSet.configureNamingRules(Digester);org.apache.tomcat.util.digester.Digester;0;1;1;0.8824;246;4;7;5;0;0.9630;849;103;29
org.apache.catalina.connector.CoyoteAdapter.service(org.apache.coyote.Request, org.apache.coyote.Response);org.apache.coyote.ActionCode;8;0;5;0.9792;620;12;9;0;3;1.0000;6;0;30
org.apache.el.ExpressionFactoryImpl.coerceToType(Object, Class<?>);org.apache.el.lang.ELSupport;0;0;0;1.0000;26;4;0;1;0;1.0000;406;22;1
org.apache.catalina.connector.MapperListener.unregisterContext(Context);org.apache.tomcat.util.http.mapper.Mapper;0;0;0;0;0;0;0;0;0;0;0;0;0
org.apache.catalina.realm.RealmBase.hasRole(Principal, String);org.apache.juli.logging.Log;1;0;2;1.0000;672;37;22;2;0;0.8947;18;18;0
org.apache.catalina.startup.ContextConfig.applicationAnnotationsConfig();org.apache.catalina.startup.WebAnnotationSet;1;0;1;0.9778;1103;37;18;1;0;1.0000;125;6;0
org.apache.catalina.ha.session.JvmRouteSessionIDBinderListener.messageReceived(ClusterMessage);org.apache.juli.logging.Log;3;0;0;1.0000;54;5;3;6;0;0.8000;18;18;0
org.apache.jasper.compiler.Generator.GenerateVisitor.generateCustomEnd(Node.CustomTag, String, String, String);org.apache.jasper.compiler.Node.CustomTag;3;1;5;0.9167;1736;44;16;1;5;0.8846;218;9;26
org.apache.tomcat.util.modeler.ManagedBean.getSetter(String, BaseModelMBean, Object);org.apache.tomcat.util.modeler.BaseModelMBean;0;0;1;0.9714;252;23;13;1;0;1.0000;284;28;9
org.apache.jasper.runtime.JspFactoryImpl.PageContextPool.put(PageContext);org.apache.jasper.runtime.JspFactoryImpl;1;0;2;0.5000;17;2;2;0;1;1.0000;71;6;5
org.apache.jasper.compiler.PageDataImpl.SecondPassVisitor.printAttributes(Node, boolean);org.apache.jasper.compiler.JspUtil;2;0;2;0.9600;307;41;6;1;0;1.0000;608;37;6
org.apache.coyote.http11.Http11AprProcessor.endRequest();org.apache.tomcat.util.res.StringManager;1;0;6;0.9403;954;28;36;1;0;0.9231;52;3;3
org.apache.catalina.connector.RequestFacade.getAllowTrace();org.apache.catalina.connector.Request;0;0;1;0.9859;450;69;2;1;0;0.9943;1203;127;53
org.apache.tomcat.util.bcel.classfile.ClassElementValue.stringifyValue();org.apache.tomcat.util.bcel.classfile.ConstantPool;2;0;1;0.8333;12;2;1;1;0;0.9167;130;7;2
org.apache.coyote.ajp.AjpProcessor.process(SocketWrapper<Socket>);org.apache.coyote.Response;6;4;15;0.6981;659;13;32;0;1;0.9846;250;19;18
org.apache.catalina.ha.deploy.FarmWarDeployer.getAppBase();org.apache.catalina.Host;0;0;2;0.9545;376;28;17;1;0;0.9583;22;22;2
org.apache.el.parser.ELParser.LiteralExpression();org.apache.el.parser.AstLiteralExpression;3;1;1;0.9855;2270;112;22;1;0;0.9091;30;3;0
org.apache.coyote.RequestGroupInfo.getProcessingTime();org.apache.coyote.RequestInfo;1;0;2;0.9091;112;15;7;0;1;0.9655;134;13;14
org.apache.catalina.startup.HostConfig.start();org.apache.catalina.Container;1;3;4;0.9123;793;36;16;1;0;0.9796;35;35;6
org.apache.catalina.session.StandardSession.tellNew();org.apache.catalina.Context;1;3;2;0.9500;585;58;24;1;0;0.9932;139;139;1
org.apache.catalina.startup.ContextConfig.webConfig();org.apache.catalina.deploy.WebXml;2;7;4;0.8364;1103;37;18;5;2;0.9302;1536;45;42
org.apache.catalina.tribes.transport.nio.NioReplicationTask.drainChannel(SelectionKey, ObjectReader);org.apache.catalina.tribes.io.ObjectReader;4;3;2;0.8667;197;7;5;6;1;0.7813;71;9;5
org.apache.catalina.core.ApplicationContextFacade.addServlet(String, Class<? extends Servlet>);org.apache.catalina.core.ApplicationContext;0;1;1;0.9672;514;57;3;1;0;0.9859;645;60;13
org.apache.catalina.core.ApplicationContext.getResources();org.apache.catalina.core.ContainerBase;0;0;1;0.9855;645;60;13;1;0;0.9873;555;53;27
org.apache.catalina.ha.session.ReplicatedSession.setId(String, boolean);org.apache.catalina.Manager;0;0;0;1.0000;122;16;4;2;0;0.9474;35;35;0
org.apache.catalina.realm.JAASRealm.createPrincipal(String, Subject, LoginContext);org.apache.tomcat.util.res.StringManager;1;0;3;0.9091;195;14;9;1;0;0.8889;52;3;3
org.apache.catalina.loader.WebappLoader.stopInternal();org.apache.tomcat.util.res.StringManager;1;1;4;0.9516;553;36;17;1;0;0.9474;52;3;3
org.apache.catalina.valves.PersistentValve.invoke(Request, Response);org.apache.catalina.Session;0;1;1;0.9688;80;3;2;7;0;0.8727;32;32;4
org.apache.tomcat.util.buf.MessageBytes.getLength();org.apache.tomcat.util.buf.CharChunk;0;1;7;0.8810;380;30;16;1;0;0.9815;393;39;8
org.apache.catalina.startup.ContextConfig.authenticatorConfig();org.apache.juli.logging.Log;1;0;7;0.9474;1103;37;18;4;0;0.8667;18;18;0
org.apache.catalina.servlets.DefaultServlet.checkIfNoneMatch(HttpServletRequest, HttpServletResponse, ResourceAttributes);org.apache.naming.resources.ResourceAttributes;0;0;0;1.0000;1001;37;20;1;0;0.9767;515;30;30
org.apache.catalina.ha.session.DeltaManager.handleGET_ALL_SESSIONS(SessionMessage, Member);org.apache.juli.logging.Log;2;1;9;0.9024;822;41;40;2;0;0.9310;18;18;0
org.apache.catalina.startup.HostConfig.deployWAR(String, File, String);org.apache.tomcat.util.digester.Digester;2;4;8;0.8548;793;36;16;2;0;0.9871;849;103;29
org.apache.catalina.deploy.WebXml.addServlet(ServletDef);org.apache.catalina.deploy.ServletDef;0;0;1;0.9861;1536;45;42;1;0;0.9688;93;17;15
org.apache.coyote.http11.AbstractOutputBuffer.doWrite(ByteChunk, Response);org.apache.coyote.OutputBuffer;1;0;5;0.8529;200;22;11;1;0;0.8750;1;1;0
org.apache.catalina.mbeans.MBeanUtils.destroyMBean(NamingResources);org.apache.tomcat.util.modeler.ManagedBean;0;2;2;1.0000;706;52;4;1;0;0.9714;252;23;13
org.apache.coyote.http11.AbstractInputBuffer.recycle();org.apache.coyote.Request;0;0;7;0.6957;81;10;14;1;0;0.9833;221;18;34
org.apache.catalina.core.ApplicationPart.getHeader(String);org.apache.tomcat.util.http.fileupload.FileItemHeaders;1;0;1;0.9231;59;9;2;1;0;0.8000;3;3;0
org.apache.jasper.compiler.Generator.GenerateVisitor.generateCustomDoTag(Node.CustomTag, TagHandlerInfo, String);org.apache.jasper.compiler.Node;5;4;3;0.9014;1736;44;16;0;3;0.9286;163;7;15
org.apache.coyote.http11.Http11Processor.process(SocketWrapper<Socket>);org.apache.coyote.http11.AbstractInputBuffer;7;3;6;0.8596;731;12;7;1;2;0.9552;81;10;14
org.apache.catalina.connector.RequestFacade.getServletPath();org.apache.catalina.connector.Request;0;0;2;0.9859;450;69;2;1;0;0.9943;1203;127;53
org.apache.catalina.connector.RequestFacade.GetCookiesPrivilegedAction.run();org.apache.catalina.connector.Request;1;0;0;1.0000;3;1;0;1;0;0.9943;1203;127;53
org.apache.jasper.compiler.Parser.parseTaglibDirective(Node);org.apache.jasper.compiler.Mark;4;1;6;0.9103;1185;55;13;0;2;0.9512;95;7;11
org.apache.catalina.tribes.membership.McastServiceImpl.stop(int);org.apache.catalina.tribes.Channel;3;1;8;0.7805;309;12;28;0;2;1.0000;15;15;13
org.apache.catalina.connector.Request.getContentType();org.apache.coyote.Request;0;0;1;0.9943;1203;127;53;1;0;0.9815;221;18;34
org.apache.catalina.connector.CoyoteAdapter.event(org.apache.coyote.Request, org.apache.coyote.Response, SocketStatus);org.apache.catalina.comet.CometEvent;7;0;4;0.9714;620;12;9;0;2;0.9375;6;6;2
org.apache.catalina.startup.RelativeOrderingRule.begin(String, String, Attributes);org.apache.juli.logging.Log;2;0;0;1.0000;5;1;0;1;0;0.9524;18;18;0
org.apache.coyote.ajp.AjpAprProtocol.AjpConnectionHandler.process(long);org.apache.coyote.ajp.AjpAprProcessor;3;1;1;0.8571;82;5;4;2;0;0.9556;623;13;30
org.apache.el.lang.ELSupport.coerceToCharacter(Object);org.apache.el.util.MessageFactory;0;0;0;1.0000;406;22;1;1;0;1.0000;24;7;1
org.apache.tomcat.util.digester.Digester.peek(int);org.apache.tomcat.util.digester.ArrayStack;0;0;2;0.9851;849;103;29;1;0;0.9091;53;6;1
org.apache.catalina.ha.session.JvmRouteSessionIDBinderListener.stop();org.apache.tomcat.util.res.StringManager;0;0;1;0.9167;54;5;3;1;0;0.9000;52;3;3
org.apache.jasper.compiler.Generator.GenerateVisitor.visit(Node.InvokeAction);org.apache.jasper.compiler.Node;2;1;1;0.9714;1736;44;16;1;2;0.9167;163;7;15
org.apache.coyote.ajp.AjpProtocol.setSoTimeout(int);org.apache.tomcat.util.net.AbstractEndpoint;0;0;1;0.9787;201;32;16;1;0;0.9859;397;29;69
org.apache.catalina.realm.JNDIRealm.authenticate(String, String);org.apache.tomcat.util.res.StringManager;0;4;0;0.9487;742;44;32;1;0;0.9286;52;3;3
org.apache.tomcat.util.http.fileupload.DeferredFileOutputStream.writeTo(OutputStream);org.apache.tomcat.util.http.fileupload.ByteArrayOutputStream;0;1;3;0.7143;60;5;7;1;0;0.9545;129;11;6
org.apache.catalina.tribes.transport.bio.BioReceiver.listen();org.apache.catalina.tribes.transport.bio.BioReplicationTask;1;0;2;0.9630;94;7;2;1;0;0.9643;92;6;3
org.apache.catalina.connector.Request.setAttribute(String, Object);org.apache.catalina.Context;1;2;8;0.9497;1203;127;53;2;0;0.9868;139;139;1
org.apache.catalina.tribes.membership.McastServiceImpl.ReceiverThread.run();org.apache.juli.logging.Log;1;0;1;0.8750;33;1;1;3;0;0.8636;18;18;0
org.apache.catalina.mbeans.ServerLifecycleListener.createMBeans(Context);org.apache.catalina.Globals;1;1;1;0.9767;563;31;2;0;2;1.0000;0;0;39
org.apache.jasper.compiler.ELFunctionMapper.map(Node.Nodes);org.apache.jasper.compiler.Node.Nodes;1;0;2;0.6000;12;1;3;1;1;0.8333;43;5;3
org.apache.jasper.runtime.PageContextImpl.findAttribute(String);org.apache.jasper.compiler.Localizer;0;1;0;0.9811;634;40;16;1;0;1.0000;34;6;1
org.apache.catalina.authenticator.SingleSignOn.reauthenticate(String, Realm, Request);org.apache.catalina.connector.Request;1;1;0;0.9565;164;12;6;1;1;0.9889;1203;127;53
org.apache.coyote.memory.MemoryProtocolHandler.process(Request, ByteChunk, Response, ByteChunk);org.apache.coyote.Request;2;0;1;0.9231;31;10;1;0;1;0.9821;221;18;34
org.apache.catalina.core.StandardHostValve.event(Request, Response, CometEvent);org.apache.catalina.Container;1;2;0;0.8667;160;7;3;2;0;0.9545;35;35;6
org.apache.catalina.session.ManagerBase.expireSession(String);org.apache.catalina.Session;0;0;2;0.9773;518;58;32;1;0;0.9722;32;32;4
org.apache.coyote.http11.Http11NioProcessor.action(ActionCode, Object);org.apache.coyote.http11.Constants;13;1;9;0.8816;840;14;11;0;1;1.0000;0;0;44
org.apache.coyote.http11.AbstractOutputBuffer.sendHeader(String, String);org.apache.coyote.http11.Constants;1;1;2;0.9032;200;22;11;0;4;1.0000;0;0;44
org.apache.catalina.core.StandardContext.createWrapper();org.apache.catalina.Wrapper;0;0;8;0.9784;2421;209;114;1;0;0.9796;39;39;0
org.apache.catalina.core.NamingContextListener.containerEvent(ContainerEvent);org.apache.naming.ContextAccessController;0;15;3;0.5500;745;23;11;2;0;1.0000;25;6;2
org.apache.catalina.connector.Request.removeAttribute(String);org.apache.tomcat.util.res.StringManager;2;1;5;0.9721;1203;127;53;1;0;0.9333;52;3;3
org.apache.catalina.connector.RequestFacade.getAuthType();org.apache.tomcat.util.res.StringManager;0;0;2;0.9859;450;69;2;1;0;0.8571;52;3;3
org.apache.catalina.deploy.NamingResources.getServer();org.apache.catalina.Engine;0;0;1;0.9804;342;36;13;1;0;0.8889;6;6;0
org.apache.tomcat.util.scan.StandardJarScanner.scan(ServletContext, ClassLoader, JarScannerCallback, Set<String>);org.apache.tomcat.util.res.StringManager;2;2;4;0.6667;119;3;6;1;0;0.9091;52;3;3
org.apache.tomcat.util.modeler.modules.MbeansDescriptorsDigesterSource.execute();org.apache.tomcat.util.modeler.Registry;0;1;4;0.8182;77;3;7;2;0;0.9778;433;33;10
org.apache.catalina.ha.session.BackupManager.getActiveSessionsFull();org.apache.catalina.tribes.tipis.AbstractReplicatedMap;0;0;0;1.0000;135;20;7;1;0;0.9848;741;50;17
org.apache.jasper.compiler.Node.ScriptingElement.getText();org.apache.jasper.compiler.Node.Nodes;0;0;0;1.0000;30;2;0;2;0;0.8333;43;5;3
org.apache.catalina.tribes.group.interceptors.NonBlockingCoordinator.getMember(Member);org.apache.catalina.tribes.membership.Membership;0;0;1;0.9796;352;38;15;1;0;0.9524;137;11;6
org.apache.catalina.deploy.NamingResources.addEnvironment(ContextEnvironment);org.apache.catalina.Server;1;5;3;0.8519;342;36;13;1;0;0.9643;15;15;0
org.apache.jasper.runtime.JspRuntimeLibrary.getValueFromPropertyEditorManager(Class<?>, String, String);org.apache.jasper.compiler.Localizer;0;0;0;1.0000;626;44;2;2;0;1.0000;34;6;1
org.apache.catalina.tribes.tipis.AbstractReplicatedMap.messageReceived(Serializable, Member);org.apache.catalina.tribes.tipis.ReplicatedMapEntry;0;2;4;0.9425;741;50;17;4;0;0.8824;10;10;0
org.apache.jasper.compiler.Validator.ValidateVisitor.visit(Node.InvokeAction);org.apache.jasper.compiler.JspUtil;0;0;2;0.9767;735;37;19;2;0;1.0000;608;37;6
org.apache.el.lang.ExpressionBuilder.build();org.apache.el.parser.Node;0;2;1;0.7778;117;7;4;1;0;0.9474;17;17;0
org.apache.catalina.realm.CombinedRealm.getPassword(String);org.apache.tomcat.util.res.StringManager;0;0;1;1.0000;151;12;2;1;0;0.8333;52;3;3
org.apache.coyote.http11.Http11AprProtocol.setSSLVerifyClient(String);org.apache.tomcat.util.net.AprEndpoint;1;0;1;0.9901;387;76;26;0;1;0.9808;471;17;35
org.apache.coyote.ajp.AjpAprProtocol.setMaxThreads(int);org.apache.tomcat.util.net.AbstractEndpoint;0;0;1;0.9815;219;40;15;1;0;0.9859;397;29;69
org.apache.coyote.ajp.AjpAprProcessor.SocketOutputBuffer.doWrite(ByteChunk, Response);org.apache.coyote.ajp.Constants;4;0;0;1.0000;32;1;0;0;4;1.0000;5;1;105
org.apache.jasper.compiler.Generator.GenerateVisitor.printParams(Node, String, boolean);org.apache.jasper.compiler.Node;4;0;1;0.9844;1736;44;16;1;1;0.9333;163;7;15
org.apache.catalina.loader.WebappLoader.backgroundProcess();org.apache.catalina.core.StandardContext;0;2;2;0.9245;553;36;17;1;0;0.9969;2421;209;114
org.apache.catalina.core.ApplicationFilterRegistration.getUrlPatternMappings();org.apache.catalina.Context;0;0;2;0.8824;110;11;3;1;0;0.9931;139;139;1
org.apache.catalina.session.StandardSession.activate();org.apache.catalina.Session;1;3;5;0.9241;585;58;24;0;1;1.0000;32;32;4
org.apache.catalina.mbeans.NamingResourcesMBean.addResourceLink(String, String);org.apache.catalina.mbeans.MBeanUtils;1;0;1;0.9444;138;9;2;1;0;1.0000;706;52;4
org.apache.jasper.runtime.JspRuntimeLibrary.PrivilegedIntrospectHelper.run();org.apache.jasper.runtime.JspRuntimeLibrary;0;0;6;0.1429;12;1;6;1;0;1.0000;626;44;2
org.apache.catalina.valves.CometConnectionManagerValve.lifecycleEvent(LifecycleEvent);org.apache.tomcat.util.res.StringManager;3;0;3;0.9200;136;8;4;1;0;0.9524;52;3;3
org.apache.catalina.connector.Request.parseCookies();org.apache.coyote.Request;2;1;3;0.9781;1203;127;53;0;1;0.9848;221;18;34
org.apache.coyote.ajp.AjpAprProcessor.prepareResponse();org.apache.coyote.ajp.Constants;5;0;4;0.9322;623;13;30;1;1;1.0000;5;1;105
org.apache.tomcat.util.net.NioEndpoint.PollerEvent.run();org.apache.tomcat.util.net.SocketWrapper;4;0;3;0.8125;60;4;3;1;0;0.9583;60;2;11
org.apache.coyote.ajp.AjpAprProcessor.process(long);org.apache.tomcat.jni.Socket;5;4;14;0.7115;623;13;30;3;0;1.0000;37;37;34
org.apache.jasper.compiler.Mark.getURL();org.apache.jasper.JspCompilationContext;0;0;2;0.9048;95;7;11;1;0;0.9841;426;31;31
org.apache.jasper.compiler.Generator.generatePageScopedVariables(JasperTagInfo);org.apache.jasper.compiler.ServletWriter;1;2;2;0.9574;782;28;18;8;0;0.6000;54;12;6
org.apache.tomcat.util.net.NioEndpoint.SocketProcessor.run();org.apache.tomcat.util.net.NioEndpoint;5;0;2;0.9200;91;2;2;1;8;0.8772;362;19;26
org.apache.jasper.compiler.Collector.CollectVisitor.visit(Node.IncludeAction);org.apache.jasper.compiler.Node.JspAttribute;2;0;2;0.9130;114;15;6;0;1;0.9565;107;7;10
org.apache.catalina.connector.Connector.resume();org.apache.juli.logging.Log;0;0;3;0.9882;405;53;33;1;0;0.9524;18;18;0
org.apache.el.parser.AstValue.setValue(EvaluationContext, Object);org.apache.el.util.MessageFactory;0;2;1;0.8667;148;10;1;1;0;1.0000;24;7;1
org.apache.coyote.http11.AbstractHttp11Protocol.setClientAuth(String);org.apache.tomcat.util.net.AbstractEndpoint;1;0;1;0.9909;382;89;22;0;1;0.9859;397;29;69
org.apache.catalina.mbeans.MemoryUserDatabaseMBean.getUsers();org.apache.catalina.UserDatabase;0;1;0;0.9524;168;12;6;1;0;0.9474;16;16;0
org.apache.el.parser.ELParserTokenManager.SwitchTo(int);org.apache.el.parser.TokenMgrError;1;0;1;0.9762;994;32;25;0;1;1.0000;59;3;6
org.apache.catalina.loader.WebappLoader.setRepositories();org.apache.juli.logging.Log;2;2;5;0.9180;553;36;17;3;0;0.9032;18;18;0
org.apache.tomcat.util.buf.MessageBytes.recycle();org.apache.tomcat.util.buf.ByteChunk;0;0;9;0.8095;380;30;16;1;0;0.9821;425;43;10
org.apache.catalina.manager.HTMLManagerServlet.list(HttpServletRequest, HttpServletResponse, String);org.apache.catalina.Host;1;1;12;0.9762;686;26;19;1;0;0.9737;22;22;2
org.apache.catalina.filters.RemoteIpFilter.doFilter(HttpServletRequest, HttpServletResponse, FilterChain);org.apache.juli.logging.Log;1;2;9;0.6522;198;10;18;2;0;0.9412;18;18;0
org.apache.catalina.connector.RequestFacade.GetSessionPrivilegedAction.run();org.apache.catalina.connector.RequestFacade;1;0;1;0.6667;6;1;1;0;1;0.9861;450;69;2
org.apache.catalina.connector.RequestFacade.GetCharacterEncodingPrivilegedAction.run();org.apache.catalina.connector.Request;1;0;0;1.0000;3;1;0;1;0;0.9943;1203;127;53
org.apache.catalina.core.ApplicationContextFacade.log(String);org.apache.catalina.core.ApplicationContext;0;1;1;0.9672;514;57;3;1;0;0.9859;645;60;13
org.apache.coyote.ajp.AjpProcessor.action(ActionCode, Object);org.apache.coyote.ActionCode;9;3;14;0.7541;659;13;32;0;13;1.0000;6;0;30
org.apache.coyote.http11.Http11NioProtocol.Http11ConnectionHandler.deregister(Http11NioProcessor);org.apache.coyote.Request;4;0;2;0.9048;177;8;6;0;1;0.9841;221;18;34
org.apache.catalina.core.ContainerBase.getDomainInternal();org.apache.catalina.mbeans.MBeanUtils;0;0;0;0;0;0;0;0;0;0;0;0;0
org.apache.catalina.core.StandardContext.listenerStart();org.apache.tomcat.util.res.StringManager;2;3;2;0.9878;2421;209;114;1;0;0.9375;52;3;3
org.apache.tomcat.util.bcel.classfile.CodeException.toString(ConstantPool, boolean);org.apache.tomcat.util.bcel.classfile.ConstantPool;1;0;4;0.6000;36;4;4;1;0;0.9231;130;7;2
org.apache.catalina.core.ApplicationFilterChain.internalDoFilter(ServletRequest, ServletResponse);org.apache.catalina.InstanceEvent;3;0;10;0.7727;231;9;13;0;4;1.0000;89;7;17
org.apache.catalina.connector.CoyoteAdapter.convertMB(MessageBytes);org.apache.tomcat.util.buf.MessageBytes;3;0;0;1.0000;620;12;9;1;4;0.9130;380;30;16
org.apache.catalina.ha.tcp.ReplicationValve.registerReplicationSession(DeltaSession);org.apache.catalina.Manager;1;0;3;0.9722;278;16;17;1;0;0.9756;35;35;0
org.apache.catalina.servlets.WebdavServlet.doDelete(HttpServletRequest, HttpServletResponse);org.apache.catalina.servlets.WebdavStatus;1;2;0;0.9412;1461;29;24;0;2;1.0000;12;2;27
org.apache.catalina.core.ApplicationFilterChain.doFilter(ServletRequest, ServletResponse);org.apache.catalina.Globals;1;1;0;0.9167;231;9;13;0;1;1.0000;0;0;39
org.apache.coyote.ajp.AjpAprProtocol.AjpConnectionHandler.unregister(AjpAprProcessor);org.apache.coyote.RequestInfo;4;0;1;0.9412;82;5;4;1;1;0.9429;134;13;14
org.apache.catalina.authenticator.AuthenticatorBase.invoke(Request, Response);org.apache.catalina.connector.Request;2;1;6;0.9020;293;17;18;6;1;0.9641;1203;127;53
org.apache.jasper.compiler.Validator.ValidateVisitor.visit(Node.UninterpretedTag);org.apache.jasper.compiler.PageInfo;4;2;2;0.9167;735;37;19;0;1;0.9885;341;30;46
org.apache.catalina.core.StandardWrapperValve.invoke(Request, Response);org.apache.catalina.connector.Request;4;1;5;0.8936;352;4;6;8;2;0.9517;1203;127;53
org.apache.catalina.mbeans.NamingResourcesMBean.addEnvironment(String, String, String);org.apache.tomcat.util.modeler.Registry;2;0;1;0.9474;138;9;2;1;0;0.9787;433;33;10
org.apache.naming.ContextBindings.bindClassLoader(Object, Object, ClassLoader);org.apache.naming.ContextAccessController;1;0;4;1.0000;112;21;6;1;0;1.0000;25;6;2
org.apache.coyote.ajp.AjpAprProcessor.action(ActionCode, Object);org.apache.coyote.Request;6;3;13;0.7636;623;13;30;1;5;0.9221;221;18;34
org.apache.catalina.core.ApplicationDispatcher.doForward(ServletRequest, ServletResponse);org.apache.juli.logging.Log;2;4;7;0.7222;421;14;11;2;0;0.9500;18;18;0
org.apache.catalina.loader.WebappLoader.setPermissions();org.apache.catalina.loader.WebappClassLoader;1;0;2;0.9630;553;36;17;3;0;0.9674;1601;58;35
org.apache.catalina.ha.tcp.ReplicationValve.invoke(Request, Response);org.apache.juli.logging.Log;0;3;5;0.8667;278;16;17;4;0;0.8857;18;18;0
org.apache.catalina.ha.authenticator.ClusterSingleSignOnListener.getSession(String, String);org.apache.catalina.ha.authenticator.ClusterSingleSignOn;1;0;1;0.9167;82;4;2;0;1;0.9600;142;15;4
org.apache.catalina.tribes.group.interceptors.TcpFailureDetector.sendMessage(Member[], ChannelMessage, InterceptorPayload);org.apache.catalina.tribes.ChannelException.FaultyMember;1;1;0;0.9600;227;15;10;0;2;0.7778;20;3;2
org.apache.catalina.manager.HTMLManagerServlet.setSessionMaxInactiveInterval(String, String, int);org.apache.catalina.Session;0;1;0;0.9643;686;26;19;1;0;0.9706;32;32;4
org.apache.coyote.http11.Http11AprProcessor.action(ActionCode, Object);org.apache.juli.logging.Log;10;1;19;0.7978;954;28;36;1;0;0.9839;18;18;0
org.apache.tomcat.util.bcel.classfile.ConstantValue.toString();org.apache.tomcat.util.bcel.classfile.ConstantDouble;8;0;1;0.9333;43;3;1;0;1;0.9333;17;2;1
org.apache.coyote.http11.AbstractOutputBuffer.doWrite(ByteChunk, Response);org.apache.coyote.http11.OutputFilter;1;0;5;0.8529;200;22;11;1;0;0.9231;6;6;0
org.apache.jasper.compiler.TagLibraryInfoImpl.createTagFileInfo(TreeNode, JarResource);org.apache.juli.logging.Log;0;0;4;0.8519;528;14;6;2;0;0.9259;18;18;0
org.apache.catalina.authenticator.SingleSignOn.deregister(String, Session);org.apache.catalina.authenticator.SingleSignOnEntry;0;1;2;0.8333;164;12;6;2;0;0.9000;49;9;6
org.apache.catalina.valves.CometConnectionManagerValve.invoke(Request, Response);org.apache.catalina.Valve;1;0;2;0.8667;136;8;4;1;0;0.9231;7;7;0
org.apache.coyote.ajp.AjpAprProcessor.action(ActionCode, Object);org.apache.tomcat.util.net.AprEndpoint.Poller;6;3;13;0.7636;623;13;30;0;0;1.0000;168;4;7
org.apache.jasper.JspCompilationContext.getJspLoader();org.apache.jasper.compiler.JspRuntimeContext;1;1;3;0.9344;426;31;31;0;1;0.9615;187;11;10
org.apache.jasper.compiler.Validator.ValidateVisitor.visit(Node.IncludeAction);org.apache.jasper.compiler.JspUtil;1;1;2;0.9545;735;37;19;1;0;1.0000;608;37;6
org.apache.coyote.http11.AbstractHttp11Protocol.destroy();org.apache.tomcat.util.modeler.Registry;1;2;4;0.9558;382;89;22;2;0;0.9787;433;33;10
org.apache.coyote.http11.AbstractHttp11Protocol.setSessionTimeout(String);org.apache.tomcat.util.net.AbstractEndpoint;1;0;1;0.9909;382;89;22;0;1;0.9859;397;29;69
org.apache.catalina.mbeans.MBeanFactory.getParentContainerFromChild(ObjectName);org.apache.catalina.Service;0;2;0;0.9412;401;31;3;1;0;0.9444;15;15;0
org.apache.catalina.tribes.transport.bio.MultipointBioSender.sendMessage(Member[], ChannelMessage);org.apache.catalina.tribes.ChannelException;1;1;0;0.9286;93;9;2;1;0;0.9231;46;5;2
org.apache.tomcat.util.bcel.classfile.ElementValuePair.getNameString();org.apache.tomcat.util.bcel.classfile.ConstantPool;2;0;2;0.7143;16;2;3;1;0;0.9167;130;7;2
org.apache.el.lang.ExpressionBuilder.createMethodExpression(Class<?>, Class<?>[]);org.apache.el.parser.Node;0;1;3;0.5000;117;7;4;0;0;1.0000;17;17;0
org.apache.jasper.compiler.Generator.GenerateVisitor.visit(Node.IncludeAction);org.apache.jasper.compiler.Node.IncludeAction;5;3;1;0.9420;1736;44;16;0;1;0.9412;15;1;1
org.apache.jasper.runtime.PageContextImpl.getELContext();org.apache.jasper.runtime.JspApplicationContextImpl;0;0;2;0.9630;634;40;16;1;0;0.9091;73;5;6
org.apache.catalina.deploy.WebXml.toXml();org.apache.catalina.deploy.SecurityCollection;9;3;29;0.8373;1536;45;42;5;0;0.9643;147;14;7
org.apache.catalina.connector.OutputBuffer.doFlush(boolean);org.apache.coyote.Response;2;0;5;0.8889;207;25;15;3;1;0.9091;250;19;18
org.apache.catalina.ha.jmx.ClusterJmxHelper.getDefaultClusterName(SimpleTcpCluster);org.apache.catalina.util.LifecycleMBeanBase;0;0;0;0;0;0;0;0;0;0;0;0;0
org.apache.catalina.session.PersistentManagerBase.PrivilegedStoreKeys.run();org.apache.catalina.session.PersistentManagerBase;1;0;0;1.0000;5;1;0;0;1;0.9750;421;30;12
org.apache.catalina.connector.Request.setCharacterEncoding(String);org.apache.coyote.Request;1;0;2;0.9885;1203;127;53;0;1;0.9818;221;18;34
org.apache.jasper.compiler.Validator.ValidateVisitor.visit(Node.JspElement);org.apache.jasper.compiler.Node;3;1;1;0.9592;735;37;19;1;1;0.9412;163;7;15
org.apache.catalina.tribes.transport.ReceiverBase.bind(ServerSocket, int, int);org.apache.juli.logging.Log;0;2;2;0.9615;320;20;33;1;0;0.9500;18;18;0
org.apache.coyote.ajp.AjpAprProtocol.AjpConnectionHandler.asyncDispatch(long, SocketStatus);org.apache.tomcat.util.res.StringManager;0;0;0;0;0;0;0;0;0;0;0;0;0
org.apache.catalina.connector.RequestFacade.GetAttributePrivilegedAction.run();org.apache.catalina.connector.RequestFacade;1;0;0;1.0000;3;1;0;0;1;0.9859;450;69;2
org.apache.catalina.connector.Request.getLocalAddr();org.apache.tomcat.util.buf.MessageBytes;2;0;2;0.9886;1203;127;53;1;0;0.9778;380;30;16
org.apache.catalina.ha.jmx.ClusterJmxHelper.getDefaultClusterName(SimpleTcpCluster);org.apache.catalina.Container;1;1;0;1.0000;82;7;4;1;0;0.9722;35;35;6
org.apache.catalina.core.NamingContextListener.lifecycleEvent(LifecycleEvent);org.apache.catalina.Container;4;2;9;0.7857;745;23;11;1;0;0.9815;35;35;6
org.apache.catalina.core.ApplicationFilterConfig.registerJMX();org.apache.catalina.Container;2;2;5;0.8148;175;15;8;2;0;0.9556;35;35;6
org.apache.catalina.connector.CoyoteAdapter.postParseRequest(org.apache.coyote.Request, Request, org.apache.coyote.Response, Response);org.apache.catalina.connector.Request;11;4;2;0.9583;620;12;9;8;6;0.9378;1203;127;53
org.apache.catalina.mbeans.UserMBean.getRoles();org.apache.catalina.mbeans.MBeanUtils;0;0;1;0.9167;85;6;3;1;0;1.0000;706;52;4
org.apache.tomcat.util.http.fileupload.FileUploadBase.FileItemIteratorImpl.findNextItem();org.apache.tomcat.util.http.fileupload.MultipartStream.ProgressNotifier;1;1;8;0.6400;122;4;8;1;0;0.9655;16;3;4
org.apache.el.lang.ExpressionBuilder.visit(Node);org.apache.el.util.MessageFactory;2;0;2;0.8462;117;7;4;3;0;1.0000;24;7;1
org.apache.el.parser.ELParser.ValueSuffix();org.apache.el.parser.ELParserConstants;1;5;3;0.9407;2270;112;22;0;3;0.9531;0;0;56
org.apache.catalina.connector.ResponseFacade.addDateHeader(String, long);org.apache.catalina.Globals;1;1;1;0.9512;224;40;2;0;1;1.0000;0;0;39
org.apache.jasper.compiler.Parser.parseStandardAction(Node);org.apache.jasper.compiler.ErrorDispatcher;1;9;3;0.8209;1185;55;13;2;0;0.9429;158;22;2
org.apache.jasper.tagplugins.jstl.core.Remove.doTag(TagPluginContext);org.apache.jasper.compiler.tagplugin.TagPluginContext;0;0;0;1.0000;11;1;0;3;0;0.7857;14;14;0
org.apache.coyote.http11.Http11NioProtocol.Http11ConnectionHandler.process(NioChannel);org.apache.tomcat.util.res.StringManager;9;2;3;0.8438;177;8;6;1;0;0.9655;52;3;3
org.apache.coyote.http11.Http11NioProcessor.event(SocketStatus);org.apache.tomcat.util.net.AbstractEndpoint;7;1;4;0.9024;840;14;11;1;1;0.9775;397;29;69
org.apache.coyote.http11.Http11NioProcessor.endRequest();org.apache.coyote.http11.InternalNioOutputBuffer;1;0;3;0.9355;840;14;11;1;0;0.9583;117;9;5
org.apache.coyote.http11.Http11AprProtocol.setSSLCACertificateFile(String);org.apache.tomcat.util.net.AprEndpoint;1;0;1;0.9901;387;76;26;0;1;0.9808;471;17;35
org.apache.catalina.loader.WebappLoader.startInternal();org.apache.catalina.core.ContainerBase;1;5;8;0.8611;553;36;17;1;0;0.9908;555;53;27
org.apache.el.parser.ELParser.Equality();org.apache.el.parser.ELParserConstants;2;3;4;0.9507;2270;112;22;0;4;0.9420;0;0;56
org.apache.catalina.core.StandardService.removeConnector(Connector);org.apache.catalina.connector.Connector;1;0;3;0.9535;289;26;16;0;2;0.9773;405;53;33
org.apache.catalina.authenticator.SingleSignOn.deregister(String);org.apache.catalina.authenticator.SingleSignOnEntry;0;0;2;0.9130;164;12;6;1;0;0.9600;49;9;6
org.apache.tomcat.util.http.mapper.Mapper.nthSlash(CharChunk, int);org.apache.tomcat.util.buf.CharChunk;1;0;0;1.0000;837;39;5;0;3;0.9375;393;39;8
org.apache.catalina.startup.HostConfig.deployDescriptor(String, File, String);org.apache.catalina.Lifecycle;1;3;7;0.8923;793;36;16;1;0;0.9667;6;6;11
org.apache.catalina.core.ContainerBase.setLoader(Loader);org.apache.catalina.Loader;0;0;3;0.9756;555;53;27;1;0;0.9500;14;14;0
org.apache.coyote.http11.Http11AprProcessor.endRequest();org.apache.coyote.Adapter;1;0;6;0.9403;954;28;36;0;0;1.0000;3;3;0
org.apache.tomcat.util.http.fileupload.FileUploadBase.getFileName(String);org.apache.tomcat.util.http.fileupload.ParameterParser;1;0;2;1.0000;187;14;12;1;1;0.8750;135;9;6
org.apache.coyote.http11.Http11NioProcessor.action(ActionCode, Object);org.apache.juli.logging.Log;13;1;9;0.8816;840;14;11;1;0;0.9872;18;18;0
org.apache.catalina.core.StandardContext.getDeploymentDescriptor();org.apache.catalina.startup.Constants;1;1;0;0.9969;2421;209;114;0;1;1.0000;0;0;59
org.apache.juli.logging.LogFactory.release();org.apache.juli.logging.DirectJDKLog;0;0;0;1.0000;51;12;6;1;0;1.0000;81;21;3
org.apache.coyote.http11.Http11AprProtocol.getSSLCACertificatePath();org.apache.tomcat.util.net.AprEndpoint;1;0;1;0.9901;387;76;26;0;1;0.9808;471;17;35
org.apache.el.parser.ELParser.Function();org.apache.el.parser.ELParserConstants;4;4;4;0.9484;2270;112;22;0;15;0.7917;0;0;56
org.apache.catalina.startup.WebAnnotationSet.loadApplicationListenerAnnotations(Context);org.apache.catalina.Context;0;1;0;1.0000;125;6;0;1;0;0.9928;139;139;1
org.apache.jasper.tagplugins.jstl.core.If.doTag(TagPluginContext);org.apache.jasper.compiler.tagplugin.TagPluginContext;0;0;0;1.0000;27;1;0;6;0;0.5714;14;14;0
org.apache.coyote.http11.AbstractHttp11Protocol.getSslProtocol();org.apache.tomcat.util.net.AbstractEndpoint;1;0;1;0.9909;382;89;22;0;1;0.9859;397;29;69
org.apache.catalina.core.StandardHostValve.custom(Request, Response, ErrorPage);org.apache.catalina.connector.Response;0;0;0;1.0000;160;7;3;4;0;0.9592;596;70;20
org.apache.catalina.tribes.membership.MemberImpl.isFailing();org.apache.catalina.tribes.transport.SenderState;0;0;0;1.0000;300;29;19;2;0;0.8750;45;9;5
org.apache.catalina.connector.Request.setPathInfo(String);org.apache.tomcat.util.http.mapper.MappingData;1;0;1;0.9943;1203;127;53;0;1;0.9167;11;1;9
org.apache.catalina.session.ManagerBase.getThisAccessedTimestamp(String);org.apache.catalina.Session;0;0;1;0.9884;518;58;32;1;0;0.9697;32;32;4
org.apache.catalina.ha.ClusterListener.setCluster(CatalinaCluster);org.apache.juli.logging.Log;0;0;2;0.9000;27;7;3;2;0;0.8947;18;18;0
org.apache.catalina.ha.session.SimpleTcpReplicationManager.setCluster(CatalinaCluster);org.apache.juli.logging.Log;0;0;2;0.9697;356;17;15;2;0;0.8947;18;18;0
org.apache.catalina.connector.Connector.stopInternal();org.apache.catalina.connector.MapperListener;1;1;5;0.9545;405;53;33;1;0;0.9583;300;10;6
org.apache.catalina.mbeans.ServerLifecycleListener.destroyMBeans(Engine);org.apache.juli.logging.Log;0;1;1;0.9722;563;31;2;2;0;0.9091;18;18;0
org.apache.catalina.loader.WebappClassLoader.findResourceInternal(String, String);org.apache.naming.resources.Resource;2;4;17;0.8081;1601;58;35;1;0;0.9714;23;1;2
org.apache.coyote.http11.Http11NioProcessor.action(ActionCode, Object);org.apache.coyote.http11.AbstractOutputBuffer;13;1;9;0.8816;840;14;11;1;0;0.9891;200;22;11
org.apache.el.parser.ELParser.getToken(int);org.apache.el.parser.Token;1;0;2;0.9851;2270;112;22;0;1;0.9333;24;3;9
org.apache.tomcat.util.bcel.classfile.AnnotationEntry.read(DataInputStream, ConstantPool, boolean);org.apache.tomcat.util.bcel.classfile.ElementValue;0;0;2;0.7778;30;4;5;1;0;1.0000;47;4;15
org.apache.catalina.connector.RequestFacade.getPathTranslated();org.apache.catalina.connector.Request;0;0;2;0.9859;450;69;2;1;0;0.9943;1203;127;53
org.apache.el.ExpressionFactoryImpl.createMethodExpression(ELContext, String, Class<?>, Class<?>[]);org.apache.el.lang.ExpressionBuilder;0;0;0;1.0000;26;4;0;1;0;0.8889;117;7;4
org.apache.catalina.mbeans.MBeanUtils.createObjectName(String, Realm);org.apache.catalina.Realm;0;0;0;1.0000;706;52;4;1;0;0.9444;14;14;0
org.apache.catalina.loader.WebappClassLoader.clearReferencesJdbc();org.apache.juli.logging.Log;1;1;3;0.9778;1601;58;35;2;0;0.9000;18;18;0
org.apache.jasper.compiler.PageDataImpl.SecondPassVisitor.visit(Node.ELExpression);org.apache.jasper.compiler.Node;3;0;3;0.9400;307;41;6;1;1;0.9333;163;7;15
org.apache.coyote.http11.Http11AprProcessor.asyncDispatch(long, SocketStatus);org.apache.coyote.Adapter;0;0;0;0;0;0;0;0;0;0;0;0;0
org.apache.catalina.authenticator.SSLAuthenticator.authenticate(Request, HttpServletResponse, LoginConfig);org.apache.catalina.connector.Request;4;0;0;1.0000;31;2;1;5;0;0.9727;1203;127;53
org.apache.coyote.ajp.AjpAprProcessor.flush();org.apache.tomcat.util.res.StringManager;0;0;3;0.9487;623;13;30;1;0;0.8571;52;3;3
org.apache.catalina.authenticator.FormAuthenticator.restoreRequest(Request, Session);org.apache.coyote.ActionCode;3;0;0;1.0000;236;8;3;0;1;1.0000;6;0;30
org.apache.el.MethodExpressionImpl.getMethodInfo(ELContext);org.apache.el.parser.Node;0;1;3;0.7647;59;9;6;1;0;0.9524;17;17;0
org.apache.catalina.connector.Request.isProcessing();org.apache.coyote.Request;0;0;1;0.9943;1203;127;53;1;0;0.9815;221;18;34
org.apache.catalina.mbeans.UserMBean.getRoles();org.apache.tomcat.util.modeler.ManagedBean;0;0;1;0.9167;85;6;3;1;0;0.9730;252;23;13
org.apache.catalina.tribes.tipis.AbstractReplicatedMap.MapMessage.setValue(Serializable);org.apache.catalina.tribes.io.XByteBuffer;0;0;2;0.9130;159;12;20;1;0;1.0000;317;36;7
org.apache.catalina.realm.RealmBase.hasRole(Principal, String);org.apache.catalina.realm.GenericPrincipal;1;0;2;1.0000;672;37;22;1;0;0.9444;58;7;5
org.apache.catalina.startup.TaglibLocationRule.begin(String, String, Attributes);org.apache.catalina.deploy.WebXml;1;0;1;0.8000;10;1;1;0;1;0.9868;1536;45;42
org.apache.catalina.authenticator.FormAuthenticator.restoreRequest(Request, Session);org.apache.catalina.connector.Connector;3;0;0;1.0000;236;8;3;1;0;0.9911;405;53;33
org.apache.jasper.JspCompilationContext.load();org.apache.jasper.compiler.Localizer;0;2;3;0.9167;426;31;31;1;0;1.0000;34;6;1
org.apache.catalina.core.AprLifecycleListener.lifecycleEvent(LifecycleEvent);org.apache.catalina.Lifecycle;1;3;3;1.0000;111;7;14;0;2;1.0000;6;6;11
org.apache.coyote.http11.Http11AprProtocol.getSSLPassword();org.apache.tomcat.util.net.AprEndpoint;1;0;1;0.9901;387;76;26;0;1;0.9808;471;17;35
org.apache.catalina.core.StandardWrapper.isSingleThreadModel();org.apache.tomcat.util.ExceptionUtils;0;0;0;0;0;0;0;0;0;0;0;0;0
org.apache.catalina.tribes.group.interceptors.NonBlockingCoordinator.CoordinationMessage.write();org.apache.catalina.tribes.UniqueId;2;0;6;0.7143;90;8;7;0;1;0.9375;32;3;1
org.apache.jasper.JspCompilationContext.createCompiler(String);org.apache.juli.logging.Log;0;0;1;0.9841;426;31;31;3;0;0.8421;18;18;0
org.apache.jasper.compiler.TextOptimizer.TextCatVisitor.visit(Node.TemplateText);org.apache.jasper.compiler.Node;3;0;6;0.6842;41;9;6;0;1;0.9714;163;7;15
org.apache.tomcat.util.net.NioSelectorPool.read(ByteBuffer, NioChannel, Selector, long, boolean);org.apache.tomcat.util.net.NioChannel;1;0;2;0.9524;182;9;12;1;1;0.9091;83;15;5
org.apache.coyote.http11.Http11Protocol.Http11ConnectionHandler.process(SocketWrapper<Socket>, SocketStatus);org.apache.coyote.ActionCode;4;1;3;0.8095;105;5;5;0;2;1.0000;6;0;30
org.apache.catalina.core.StandardWrapperValve.event(Request, Response, CometEvent);org.apache.catalina.core.StandardWrapper;3;1;4;0.8710;352;4;6;7;0;0.9528;748;76;36
org.apache.naming.resources.ProxyDirContext.lookup(Name);org.apache.naming.resources.CacheEntry;1;2;2;0.9494;469;64;15;0;3;0.7857;13;2;8
org.apache.catalina.connector.CoyoteReader.read(char[]);org.apache.catalina.connector.InputBuffer;0;0;1;0.9333;102;12;4;1;0;0.9722;210;19;17
org.apache.catalina.mbeans.MBeanUtils.destroyMBean(Group);org.apache.tomcat.util.modeler.Registry;0;2;2;1.0000;706;52;4;1;0;0.9750;433;33;10
org.apache.jasper.compiler.TagFileProcessor.loadTagFile(Compiler, String, TagInfo, PageInfo);org.apache.jasper.runtime.JspSourceDependent;3;0;1;0.9583;94;4;1;1;0;0.9545;1;1;0
org.apache.el.parser.ELParser.Unary();org.apache.el.parser.JJTELParserState;2;4;4;0.9536;2270;112;22;4;0;0.8947;74;10;5
org.apache.naming.NamingContext.listBindings(Name);org.apache.naming.NamingEntry;2;0;2;0.9744;282;32;6;0;3;0.7500;16;2;7
org.apache.catalina.startup.SetContextPropertiesRule.begin(String, String, Attributes);org.apache.tomcat.util.digester.Digester;2;0;0;1.0000;15;1;0;3;2;0.9630;849;103;29
org.apache.coyote.http11.Http11Protocol.Http11ConnectionHandler.register(Http11Processor);org.apache.coyote.RequestInfo;4;0;3;0.8421;105;5;5;1;1;0.9474;134;13;14
org.apache.catalina.core.ApplicationFilterFactory.createFilterChain(ServletRequest, Wrapper, Servlet);org.apache.catalina.deploy.FilterMap;3;3;2;0.8333;189;6;3;1;0;0.9667;96;9;13
org.apache.catalina.session.FileStore.load(String);org.apache.catalina.Loader;2;2;0;0.9167;191;13;6;1;0;0.9600;14;14;0
org.apache.jasper.compiler.Dumper.DumpVisitor.visit(Node.CustomTag);org.apache.jasper.compiler.Node;1;3;0;0.8966;122;27;1;0;2;0.9310;163;7;15
org.apache.catalina.connector.RequestFacade.getHeaders(String);org.apache.catalina.connector.Request;1;0;2;0.9859;450;69;2;1;0;0.9943;1203;127;53
org.apache.coyote.ajp.AjpProcessor.action(ActionCode, Object);org.apache.tomcat.util.net.JIoEndpoint;9;3;14;0.7541;659;13;32;1;0;0.9800;195;10;6
org.apache.catalina.core.ApplicationContextFacade.getMinorVersion();org.apache.catalina.core.ApplicationContext;0;0;1;0.9836;514;57;3;1;0;0.9857;645;60;13
org.apache.catalina.session.JDBCStore.remove(String);org.apache.juli.logging.Log;1;5;5;0.8333;495;34;23;3;0;0.9032;18;18;0
org.apache.jasper.compiler.Generator.GenerateVisitor.visit(Node.UninterpretedTag);org.apache.jasper.compiler.Node.UninterpretedTag;5;0;2;0.9861;1736;44;16;0;1;0.9375;12;1;1
org.apache.tomcat.util.net.NioEndpoint.Poller.events();org.apache.tomcat.util.net.NioEndpoint;1;0;1;0.9583;396;15;6;0;2;0.9773;362;19;26
org.apache.catalina.mbeans.MBeanUtils.createObjectName(String, ContextResource);org.apache.catalina.Context;1;0;0;1.0000;706;52;4;1;0;0.9931;139;139;1
org.apache.coyote.http11.Http11Processor.action(ActionCode, Object);org.apache.coyote.ActionCode;9;1;7;0.8889;731;12;7;0;21;1.0000;6;0;30
org.apache.coyote.ajp.AjpProcessor.process(SocketWrapper<Socket>);org.apache.coyote.RequestInfo;6;4;15;0.6981;659;13;32;0;1;0.9818;134;13;14
org.apache.catalina.mbeans.ServerLifecycleListener.createMBeans(Context);org.apache.catalina.Container;1;1;1;0.9767;563;31;2;5;0;0.8837;35;35;6
org.apache.catalina.tribes.membership.McastServiceImpl.memberDataReceived(byte[]);org.apache.juli.logging.Log;2;0;3;0.9556;309;12;28;4;0;0.8261;18;18;0
org.apache.catalina.startup.HostConfig.lifecycleEvent(LifecycleEvent);org.apache.catalina.Lifecycle;3;3;7;0.8519;793;36;16;0;3;1.0000;6;6;11
org.apache.naming.NamingContextBindingsEnumeration.nextElementInternal();org.apache.naming.NamingEntry;1;0;2;0.8182;40;6;2;0;5;0.6250;16;2;7
org.apache.catalina.mbeans.MBeanFactory.createStandardContext(String, String, String, boolean, boolean, boolean, boolean);org.apache.catalina.core.StandardContext;2;3;2;0.9348;401;31;3;2;6;0.9758;2421;209;114
org.apache.catalina.mbeans.NamingResourcesMBean.addEnvironment(String, String, String);org.apache.catalina.deploy.NamingResources;2;0;1;0.9474;138;9;2;2;0;0.9643;342;36;13
org.apache.catalina.core.StandardContext.addConstraint(SecurityConstraint);org.apache.catalina.deploy.SecurityConstraint;1;2;2;0.9877;2421;209;114;1;0;0.9677;194;18;7
org.apache.coyote.RequestInfo.getVirtualHost();org.apache.tomcat.util.buf.MessageBytes;1;0;1;0.9643;134;13;14;1;0;0.9767;380;30;16
org.apache.coyote.RequestGroupInfo.getBytesSent();org.apache.coyote.RequestInfo;1;0;2;0.9091;112;15;7;0;1;0.9655;134;13;14
org.apache.catalina.connector.RequestFacade.getContextPath();org.apache.catalina.connector.Request;0;0;2;0.9859;450;69;2;1;0;0.9943;1203;127;53
org.apache.catalina.connector.Connector.startInternal();org.apache.coyote.ProtocolHandler;2;2;9;0.9043;405;53;33;1;0;0.9667;10;10;0
org.apache.catalina.connector.Response.setContentLength(int);org.apache.coyote.Response;1;1;3;0.9545;596;70;20;0;1;0.9756;250;19;18
org.apache.coyote.http11.InternalAprInputBuffer.SocketInputBuffer.doRead(ByteChunk, Request);org.apache.tomcat.util.buf.ByteChunk;1;0;0;1.0000;9;1;0;1;0;0.9804;425;43;10
org.apache.catalina.mbeans.ConnectorMBean.getAttribute(String);org.apache.tomcat.util.IntrospectionUtils;0;0;0;1.0000;34;2;0;1;0;1.0000;595;31;4
org.apache.catalina.valves.ErrorReportValve.report(Request, Response, Throwable);org.apache.catalina.Container;2;1;1;0.9333;135;4;2;1;0;0.9783;35;35;6
org.apache.catalina.session.ManagerBase.getObjectNameKeyProperties();org.apache.catalina.Context;0;0;0;0;0;0;0;0;0;0;0;0;0
org.apache.jasper.runtime.JspContextWrapper.findAttribute(String);org.apache.jasper.compiler.Localizer;0;1;2;0.9333;257;38;7;1;0;1.0000;34;6;1
org.apache.catalina.connector.RequestFacade.getRemoteAddr();org.apache.tomcat.util.res.StringManager;0;0;2;0.9859;450;69;2;1;0;0.8571;52;3;3
org.apache.catalina.tribes.membership.McastServiceImpl.getServiceStartTime();org.apache.catalina.tribes.membership.MemberImpl;1;0;1;0.9744;309;12;28;0;1;0.9750;300;29;19
org.apache.catalina.core.ApplicationDispatcher.invoke(ServletRequest, ServletResponse, State);org.apache.catalina.core.ApplicationFilterChain;3;3;4;0.8462;421;14;11;2;0;0.9412;231;9;13
org.apache.catalina.tribes.group.interceptors.ThroughputInterceptor.report(double);org.apache.juli.logging.Log;0;0;9;0.5294;88;3;14;2;0;0.9231;18;18;0
org.apache.catalina.manager.ManagerServlet.list(PrintWriter);org.apache.catalina.Host;1;0;3;0.9608;924;35;13;1;0;0.9667;22;22;2
org.apache.catalina.tribes.group.ChannelInterceptorBase.sendMessage(Member[], ChannelMessage, InterceptorPayload);org.apache.catalina.tribes.ChannelInterceptor;0;0;1;0.9444;66;14;4;1;0;0.9412;16;16;0
org.apache.catalina.session.PersistentManagerBase.writeSession(Session);org.apache.catalina.Session;1;0;2;0.9762;421;30;12;2;0;0.9429;32;32;4
org.apache.naming.resources.FileDirContext.setDocBase(String);org.apache.naming.StringManager;1;0;2;0.9355;219;25;5;1;0;0.8750;50;3;3
org.apache.catalina.startup.TldConfig.addApplicationListener(String);org.apache.juli.logging.Log;0;0;2;0.9545;291;15;15;2;0;0.8947;18;18;0
org.apache.coyote.ajp.AjpAprProtocol.getAttribute(String);org.apache.juli.logging.Log;1;0;3;0.9818;219;40;15;2;0;0.8947;18;18;0
org.apache.catalina.startup.Catalina.initDirs();org.apache.juli.logging.Log;0;0;0;0;0;0;0;0;0;0;0;0;0
org.apache.coyote.ajp.AjpAprProtocol.init();org.apache.tomcat.util.net.AprEndpoint;3;1;4;0.9508;219;40;15;1;2;0.9492;471;17;35
org.apache.coyote.http11.InternalNioInputBuffer.readSocket(boolean, boolean);org.apache.tomcat.util.net.NioSelectorPool;2;1;2;0.9167;396;12;12;3;0;0.9032;182;9;12
org.apache.jasper.compiler.Validator.ValidateVisitor.isExpression(Node, String, boolean);org.apache.jasper.compiler.Node;3;0;1;0.9787;735;37;19;1;0;0.9688;163;7;15
org.apache.jasper.compiler.TldLocationsCache.TldJarScannerCallback.scan(JarURLConnection);org.apache.jasper.compiler.TldLocationsCache;0;0;0;1.0000;9;2;0;1;0;0.9091;200;9;11
org.apache.catalina.session.PersistentManagerBase.PrivilegedStoreRemove.run();org.apache.catalina.Store;1;0;1;0.6667;7;1;1;1;0;0.9231;11;11;0
org.apache.tomcat.util.bcel.classfile.ConstantValue.toString();org.apache.tomcat.util.bcel.classfile.ConstantUtf8;8;0;1;0.9333;43;3;1;0;1;0.9286;14;2;1
org.apache.jasper.compiler.Validator.ValidateVisitor.visit(Node.Expression);org.apache.jasper.compiler.PageInfo;1;0;2;0.9545;735;37;19;0;1;0.9877;341;30;46
org.apache.jasper.compiler.Generator.GenerateVisitor.evaluateAttribute(TagHandlerInfo, Node.JspAttribute, Node.CustomTag, String);org.apache.jasper.compiler.Generator.TagHandlerInfo;5;2;2;0.9634;1736;44;16;2;0;0.9333;27;2;3
org.apache.catalina.tribes.tipis.AbstractReplicatedMap.get(Object);org.apache.catalina.tribes.Channel;3;2;8;0.8902;741;50;17;2;1;0.9500;15;15;13
org.apache.catalina.tribes.tipis.LazyReplicatedMap.publishEntryInfo(Object, Object);org.apache.catalina.tribes.tipis.AbstractReplicatedMap.MapMessage;1;0;1;1.0000;54;2;1;0;2;1.0000;159;12;20
org.apache.coyote.http11.AbstractOutputBuffer.write(CharChunk);org.apache.tomcat.util.buf.CharChunk;1;0;2;0.9412;200;22;11;0;3;0.9400;393;39;8
org.apache.jasper.compiler.TagLibraryInfoImpl.createTagInfo(TreeNode, String);org.apache.jasper.compiler.JspUtil;0;2;3;0.8214;528;14;6;1;0;1.0000;608;37;6
org.apache.catalina.core.ApplicationServletRegistration.addMapping(String);org.apache.catalina.Context;0;0;2;0.8947;132;14;3;2;0;0.9859;139;139;1
org.apache.catalina.startup.ContextConfig.processAnnotationsJndi(URL, WebXml);org.apache.naming.resources.DirContextURLConnection;2;2;2;0.9792;1103;37;18;3;0;0.8571;186;11;7
org.apache.catalina.connector.MapperListener.registerContext(Context);org.apache.catalina.Container;0;0;0;0;0;0;0;0;0;0;0;0;0
org.apache.catalina.ha.session.JvmRouteSessionIDBinderListener.messageReceived(ClusterMessage);org.apache.catalina.Manager;3;0;0;1.0000;54;5;3;1;0;0.9808;35;35;0
org.apache.catalina.connector.CoyoteInputStream.read();org.apache.catalina.connector.InputBuffer;0;0;1;0.8889;141;8;1;1;0;0.9722;210;19;17
org.apache.jasper.compiler.Compiler.generateJava();org.apache.jasper.compiler.ParserController;12;1;7;0.8621;310;11;8;2;0;0.9718;281;12;13
org.apache.coyote.http11.Http11NioProcessor.parseHost(MessageBytes);org.apache.tomcat.util.buf.ByteChunk;5;0;2;0.9474;840;14;11;2;1;0.9500;425;43;10
org.apache.catalina.mbeans.GroupMBean.getRoles();org.apache.catalina.mbeans.MBeanUtils;0;0;1;0.9000;63;4;3;1;0;1.0000;706;52;4
org.apache.coyote.ajp.AjpAprProtocol.resume();org.apache.juli.logging.Log;1;1;3;0.9655;219;40;15;3;0;0.8636;18;18;0
org.apache.coyote.ajp.AjpMessage.appendString(String);org.apache.juli.logging.Log;0;2;2;0.9231;235;23;5;1;0;0.9524;18;18;0
org.apache.catalina.connector.RequestFacade.getRequestDispatcher(String);org.apache.catalina.connector.Request;1;0;2;0.9859;450;69;2;1;0;0.9943;1203;127;53
org.apache.coyote.http11.Http11AprProtocol.Http11ConnectionHandler.event(long, SocketStatus);org.apache.tomcat.util.net.AbstractEndpoint.Handler;2;0;3;0.8333;119;5;5;0;1;0.9167;0;0;1
org.apache.tomcat.util.bcel.classfile.Method.toString();org.apache.tomcat.util.bcel.classfile.Attribute;2;2;0;0.8824;60;6;1;1;0;0.9524;98;6;5
org.apache.tomcat.util.digester.Digester.pushParams(Object);org.apache.juli.logging.Log;1;0;2;0.9851;849;103;29;2;0;0.9000;18;18;0
org.apache.catalina.connector.Request.doGetSession(boolean);org.apache.catalina.core.ApplicationSessionCookieConfig;0;4;6;0.9511;1203;127;53;1;0;1.0000;85;2;7
org.apache.catalina.core.ApplicationContext.getRequestDispatcher(String);org.apache.tomcat.util.http.mapper.Mapper;3;1;3;0.9639;645;60;13;1;0;0.9787;837;39;5
org.apache.jasper.compiler.JspDocumentParser.getTaglibInfo(String, String);org.apache.jasper.Options;2;0;4;0.9130;663;28;20;2;0;0.9429;29;29;0
org.apache.catalina.core.ApplicationContextFacade.getEffectiveSessionTrackingModes();org.apache.catalina.core.ApplicationContext;0;1;1;0.9672;514;57;3;1;0;0.9859;645;60;13
org.apache.catalina.tribes.transport.nio.NioReplicationTask.cancelKey(SelectionKey);org.apache.juli.logging.Log;1;0;2;0.9375;197;7;5;2;0;0.9091;18;18;0
org.apache.catalina.mbeans.MBeanFactory.createMemoryRealm(String);org.apache.catalina.core.ContainerBase;1;1;0;0.9706;401;31;3;1;0;0.9875;555;53;27
org.apache.catalina.core.StandardContext.reload();org.apache.juli.logging.Log;1;1;2;0.9939;2421;209;114;3;0;0.8800;18;18;0
org.apache.jasper.compiler.Validator.DirectiveVisitor.comparePageEncodings(String, Node.PageDirective);org.apache.jasper.compiler.Node.Root;1;0;1;0.9412;214;7;4;0;5;0.6429;56;2;8
org.apache.jasper.compiler.Validator.ValidateVisitor.visit(Node.ParamAction);org.apache.jasper.compiler.Node.ParamAction;1;2;2;0.9318;735;37;19;0;1;0.8889;15;1;1
org.apache.catalina.loader.WebappClassLoader.findResourceInternal(String, String);org.apache.juli.logging.Log;2;4;17;0.8081;1601;58;35;2;0;0.9565;18;18;0
org.apache.catalina.mbeans.MBeanUtils.destroyMBean(ContextResourceLink);org.apache.tomcat.util.modeler.Registry;0;2;2;1.0000;706;52;4;1;0;0.9750;433;33;10
org.apache.catalina.mbeans.MBeanUtils.createObjectName(String, Group);org.apache.catalina.Group;0;0;0;1.0000;706;52;4;2;0;0.8333;11;11;0
org.apache.catalina.manager.HTMLManagerServlet.getSessionsForPath(String);org.apache.catalina.util.RequestUtil;1;0;0;1.0000;686;26;19;1;0;1.0000;189;13;3
org.apache.tomcat.util.http.Cookies.processCookies(MimeHeaders);org.apache.tomcat.util.http.MimeHeaders;3;0;1;1.0000;247;12;6;2;0;0.9375;129;18;3
org.apache.catalina.startup.TldConfig.lifecycleEvent(LifecycleEvent);org.apache.catalina.Context;2;2;6;0.7500;291;15;15;1;0;0.9932;139;139;1
org.apache.catalina.core.StandardWrapper.load();org.apache.tomcat.util.modeler.Registry;0;1;1;0.9811;748;76;36;0;0;1.0000;433;33;10
org.apache.tomcat.util.bcel.classfile.Code.dump(DataOutputStream);org.apache.tomcat.util.bcel.classfile.CodeException;0;0;8;0.6190;109;10;8;1;0;0.9474;36;4;4
org.apache.naming.resources.ProxyDirContext.getAttributes(String);org.apache.naming.resources.CacheEntry;1;2;2;0.9487;469;64;15;0;2;0.8571;13;2;8
org.apache.catalina.core.StandardHost.addChild(Container);org.apache.tomcat.util.res.StringManager;0;0;0;1.0000;308;36;19;1;0;0.8571;52;3;3
org.apache.coyote.http11.filters.ChunkedInputFilter.doRead(ByteChunk, Request);org.apache.tomcat.util.buf.ByteChunk;0;4;6;0.4118;128;9;10;1;0;0.9825;425;43;10
org.apache.jasper.compiler.Generator.FragmentHelperClass.generatePostamble();org.apache.jasper.compiler.ServletWriter;2;0;2;0.8889;132;6;4;4;1;0.7727;54;12;6
org.apache.catalina.startup.HostConfig.configBase();org.apache.catalina.Host;0;1;2;0.9412;793;36;16;2;0;0.9259;22;22;2
org.apache.tomcat.util.bcel.classfile.Attribute.getName();org.apache.tomcat.util.bcel.classfile.ConstantUtf8;2;0;2;0.8182;98;6;5;0;1;0.8571;14;2;1
org.apache.coyote.http11.Http11AprProtocol.Http11ConnectionHandler.asyncDispatch(long, SocketStatus);org.apache.juli.logging.Log;0;0;0;0;0;0;0;0;0;0;0;0;0
org.apache.catalina.connector.Request.recycle();org.apache.catalina.connector.InputBuffer;3;0;38;0.7923;1203;127;53;1;0;0.9878;210;19;17
org.apache.jasper.compiler.DefaultErrorHandler.javacError(JavacErrorDetail[]);org.apache.jasper.compiler.Localizer;1;0;0;1.0000;36;4;0;2;0;1.0000;34;6;1
org.apache.tomcat.util.buf.MessageBytes.getLong();org.apache.tomcat.util.buf.ByteChunk;0;1;5;0.8780;380;30;16;1;0;0.9808;425;43;10
org.apache.catalina.authenticator.AuthenticatorBase.reauthenticateFromSSO(String, Request);org.apache.catalina.Container;0;2;2;0.9143;293;17;18;1;0;0.9773;35;35;6
org.apache.catalina.startup.ContextConfig.antiLocking();org.apache.catalina.Context;0;0;4;0.9615;1103;37;18;3;0;0.9795;139;139;1
org.apache.catalina.realm.RealmBase.hasResourcePermission(Request, Response, SecurityConstraint[], Context);org.apache.tomcat.util.res.StringManager;1;1;3;0.9701;672;37;22;1;0;0.9545;52;3;3
org.apache.naming.factory.ResourceLinkFactory.getObjectInstance(Object, Name, Context, Hashtable<?,?>);org.apache.naming.ResourceLinkRef;1;0;1;1.0000;16;1;1;0;1;1.0000;26;1;2
org.apache.catalina.mbeans.UserMBean.getGroups();org.apache.tomcat.util.modeler.ManagedBean;0;0;1;0.9167;85;6;3;1;0;0.9730;252;23;13
org.apache.jasper.compiler.ELFunctionMapper.ELFunctionVisitor.Fvisitor.visit(ELNode.Function);org.apache.jasper.compiler.ELNode.Function;2;0;0;1.0000;7;1;2;0;2;0.7500;37;1;6
org.apache.coyote.ajp.AjpAprProtocol.setExecutor(Executor);org.apache.tomcat.util.net.AbstractEndpoint;0;0;1;0.9815;219;40;15;1;0;0.9859;397;29;69
org.apache.jasper.compiler.Parser.parseJspBody(Node, String);org.apache.jasper.compiler.JspReader;0;1;2;0.9552;1185;55;13;3;0;0.9211;304;23;9
org.apache.tomcat.util.buf.MessageBytes.startsWith(String);org.apache.tomcat.util.buf.CharChunk;0;0;7;0.9048;380;30;16;1;0;0.9811;393;39;8
org.apache.catalina.startup.ExpandWar.delete(File, boolean);org.apache.juli.logging.Log;1;1;2;1.0000;244;9;2;1;0;0.9444;18;18;0
org.apache.catalina.core.ApplicationContext.log(String, Throwable);org.apache.juli.logging.Log;0;0;1;0.9857;645;60;13;1;0;0.9500;18;18;0
org.apache.catalina.core.NamingContextListener.addResourceLink(ContextResourceLink);org.apache.juli.logging.Log;3;0;5;0.9250;745;23;11;3;0;0.8889;18;18;0
org.apache.coyote.http11.Http11NioProcessor.asyncDispatch(SocketStatus);org.apache.tomcat.util.net.SocketWrapper;7;1;4;0.9024;840;14;11;0;1;0.9697;60;2;11
org.apache.coyote.http11.Http11NioProcessor.action(ActionCode, Object);org.apache.tomcat.util.net.NioEndpoint;13;1;9;0.8816;840;14;11;1;1;0.9901;362;19;26
org.apache.catalina.servlets.DefaultServlet.doPut(HttpServletRequest, HttpServletResponse);org.apache.naming.resources.ProxyDirContext;0;3;2;0.9038;1001;37;20;3;0;0.9634;469;64;15
org.apache.catalina.startup.ContextConfig.destroy();org.apache.catalina.startup.ExpandWar;0;0;3;0.9792;1103;37;18;1;0;1.0000;244;9;2
org.apache.catalina.ha.session.ClusterSessionListener.messageReceived(ClusterMessage);org.apache.catalina.ha.session.SessionMessage;0;0;0;1.0000;32;3;1;1;0;0.9167;5;5;7
org.apache.jasper.compiler.Parser.parseEmptyBody(Node, String);org.apache.jasper.compiler.JspReader;0;1;2;0.9559;1185;55;13;4;0;0.8947;304;23;9
org.apache.catalina.servlets.CGIServlet.CGIRunner.run();org.apache.catalina.servlets.CGIServlet;1;3;7;0.4444;250;8;7;0;3;0.8421;195;4;8
org.apache.catalina.ha.backend.HeartbeatListener.lifecycleEvent(LifecycleEvent);org.apache.catalina.Lifecycle;2;0;6;0.7368;82;2;10;0;1;1.0000;6;6;11
org.apache.coyote.http11.Http11Processor.parseHost(MessageBytes);org.apache.tomcat.util.buf.MessageBytes;5;0;2;0.9394;731;12;7;3;1;0.9259;380;30;16
org.apache.jasper.runtime.JspRuntimeLibrary.internalIntrospecthelper(Object, String, String, ServletRequest, String, boolean);org.apache.jasper.compiler.Localizer;0;2;0;1.0000;626;44;2;3;0;1.0000;34;6;1
org.apache.jasper.xmlparser.XMLEncodingDetector.scanName();org.apache.jasper.xmlparser.XMLChar;0;1;7;0.8298;798;23;29;2;0;1.0000;115;21;9
org.apache.catalina.core.StandardService.removeExecutor(Executor);org.apache.catalina.Lifecycle;0;0;2;0.9756;289;26;16;1;0;0.8889;6;6;11
org.apache.catalina.core.StandardContext.addWelcomeFile(String);org.apache.catalina.Context;0;2;3;0.9844;2421;209;114;0;0;1.0000;139;139;1
org.apache.catalina.core.ApplicationContextFacade.getNamedDispatcher(String);org.apache.catalina.security.SecurityUtil;0;1;1;0.9672;514;57;3;1;0;1.0000;146;11;17
org.apache.tomcat.util.net.NioEndpoint.Poller.cancelledKey(SelectionKey, SocketStatus, boolean);org.apache.tomcat.util.net.NioEndpoint.SendfileData;4;0;0;1.0000;396;15;6;0;1;0.9412;0;0;5
org.apache.catalina.core.StandardHostValve.throwable(Request, Response, Throwable);org.apache.catalina.connector.Request;4;3;2;0.9048;160;7;3;4;0;0.9786;1203;127;53
org.apache.catalina.core.DefaultInstanceManager.preDestroy(Object, Class<?>);org.apache.catalina.Globals;1;1;0;1.0000;316;14;9;0;1;1.0000;0;0;39
org.apache.catalina.core.StandardThreadExecutor.execute(Runnable);org.apache.tomcat.util.threads.TaskQueue;0;0;1;0.9630;118;15;10;1;0;0.8889;27;3;1
org.apache.catalina.core.StandardHost.map(String);org.apache.juli.logging.Log;1;0;1;1.0000;308;36;19;5;0;0.7500;18;18;0
org.apache.catalina.connector.Request.getSession(boolean);org.apache.catalina.Session;0;1;0;0.9943;1203;127;53;1;0;0.9697;32;32;4
org.apache.catalina.connector.Request.getHeaders(String);org.apache.tomcat.util.http.MimeHeaders;1;0;1;0.9943;1203;127;53;1;0;0.9565;129;18;3
org.apache.jasper.compiler.Parser.parseXMLScriptlet(Node);org.apache.jasper.compiler.JspReader;0;1;3;0.9429;1185;55;13;6;0;0.8462;304;23;9
org.apache.catalina.core.ApplicationContext.log(Exception, String);org.apache.juli.logging.Log;0;0;1;0.9857;645;60;13;1;0;0.9500;18;18;0
org.apache.catalina.core.ContainerBase.ContainerBackgroundProcessor.processChildren(Container, ClassLoader);org.apache.juli.logging.Log;1;1;0;1.0000;37;2;0;1;0;0.9565;18;18;0
org.apache.tomcat.util.net.jsse.JSSESupport.getKeySize();org.apache.tomcat.util.net.SSLSupport;2;0;2;0.9231;142;8;5;0;1;1.0000;5;5;6
org.apache.jasper.xmlparser.ParserUtils.convert(TreeNode, Node);org.apache.jasper.xmlparser.TreeNode;5;1;0;1.0000;58;3;3;1;1;0.9000;109;13;5
org.apache.tomcat.util.bcel.classfile.LocalVariable.getSignature();org.apache.tomcat.util.bcel.classfile.ConstantPool;2;0;2;0.8571;43;5;6;1;0;0.9167;130;7;2
org.apache.catalina.realm.JAASRealm.getPrincipal(String);org.apache.catalina.authenticator.Constants;1;1;0;0.9474;195;14;9;0;1;1.0000;0;0;19
org.apache.jasper.compiler.AntCompiler.generateClass(String[]);org.apache.jasper.compiler.Localizer;2;2;4;0.8333;158;3;4;2;0;1.0000;34;6;1
org.apache.catalina.tribes.group.ChannelCoordinator.internalStop(int);org.apache.catalina.tribes.ChannelSender;2;0;4;0.8462;164;15;5;1;0;0.9286;6;6;0
org.apache.catalina.core.StandardServer.addService(Service);org.apache.catalina.Service;0;0;4;0.9400;309;29;19;2;0;0.9048;15;15;0
org.apache.jasper.compiler.PageDataImpl.SecondPassVisitor.printAttributes(Node, boolean);org.apache.jasper.compiler.Node;2;0;2;0.9600;307;41;6;0;3;0.8929;163;7;15
org.apache.jasper.compiler.Validator.ValidateVisitor.visit(Node.UseBean);org.apache.jasper.compiler.PageInfo;3;1;3;0.9388;735;37;19;0;2;0.9767;341;30;46
org.apache.jasper.compiler.ErrorDispatcher.dispatch(Mark, String, Object[], Exception);org.apache.jasper.compiler.Mark;2;0;2;0.9231;158;22;2;1;3;0.8400;95;7;11
org.apache.jasper.compiler.Generator.DeclarationVisitor.visit(Node.PageDirective);org.apache.jasper.compiler.ServletWriter;2;0;0;1.0000;36;3;1;7;0;0.6111;54;12;6
org.apache.coyote.http11.Http11NioProcessor.endRequest();org.apache.coyote.Response;1;0;3;0.9355;840;14;11;0;1;0.9778;250;19;18
org.apache.catalina.core.NamingContextListener.removeResource(String);org.apache.tomcat.util.modeler.Registry;1;0;4;0.9091;745;23;11;2;0;0.9767;433;33;10
org.apache.catalina.core.ApplicationContextFacade.getAttributeNames();org.apache.catalina.security.SecurityUtil;0;1;1;0.9672;514;57;3;1;0;1.0000;146;11;17
org.apache.tomcat.util.net.AbstractEndpoint.setSoLinger(int);org.apache.tomcat.util.net.SocketProperties;0;0;1;0.9859;397;29;69;2;0;0.9615;162;28;23
org.apache.jasper.compiler.Validator.ValidateVisitor.visit(Node.InvokeAction);org.apache.jasper.compiler.Node;0;0;2;0.9767;735;37;19;1;0;0.9643;163;7;15
org.apache.catalina.core.StandardWrapperValve.event(Request, Response, CometEvent);org.apache.catalina.Context;3;1;4;0.8710;352;4;6;2;0;0.9877;139;139;1
org.apache.catalina.tribes.membership.McastService.main(String);org.apache.juli.logging.Log;0;2;1;0.9697;353;55;13;2;0;0.9000;18;18;0
org.apache.coyote.http11.InternalNioOutputBuffer.commit();org.apache.coyote.Response;1;1;0;0.9500;117;9;5;0;1;0.9762;250;19;18
org.apache.jasper.compiler.Generator.genPreambleImports();org.apache.jasper.compiler.ServletWriter;1;0;2;0.9524;782;28;18;4;0;0.7895;54;12;6
org.apache.catalina.ha.authenticator.ClusterSingleSignOn.update(String, Principal, String, String, String);org.apache.juli.logging.Log;1;1;2;0.8846;142;15;4;2;0;0.9286;18;18;0
org.apache.catalina.ssi.ResponseIncludeWrapper.setHeader(String, String);org.apache.tomcat.util.ExceptionUtils;0;0;0;0;0;0;0;0;0;0;0;0;0
org.apache.catalina.startup.Tomcat.FixContextListener.lifecycleEvent(LifecycleEvent);org.apache.catalina.LifecycleEvent;1;0;0;1.0000;11;1;0;2;0;0.7778;18;3;3
org.apache.jasper.compiler.Dumper.DumpVisitor.visit(Node.SetProperty);org.apache.jasper.compiler.Node;1;3;0;0.8929;122;27;1;0;1;0.9655;163;7;15
org.apache.catalina.core.ApplicationContext.setSessionTrackingModes(Set<SessionTrackingMode>);org.apache.catalina.util.LifecycleBase;2;1;4;0.9420;645;60;13;0;1;0.9412;88;11;4
org.apache.catalina.session.PersistentManagerBase.stopInternal();org.apache.catalina.Lifecycle;0;2;2;0.9375;421;30;12;1;0;0.9444;6;6;11
org.apache.catalina.connector.RequestFacade.isRequestedSessionIdValid();org.apache.tomcat.util.res.StringManager;0;0;2;0.9859;450;69;2;1;0;0.8571;52;3;3
org.apache.tomcat.util.net.JIoEndpoint.setSocketOptions(Socket);org.apache.juli.logging.Log;0;0;2;0.9524;195;10;6;3;0;0.8696;18;18;0
org.apache.catalina.realm.JAASMemoryLoginModule.commit();org.apache.catalina.realm.GenericPrincipal;0;0;4;0.8000;124;6;8;1;0;0.9500;58;7;5
org.apache.jasper.JspC.initClassLoader(JspCompilationContext);org.apache.jasper.JspCompilationContext;0;1;4;0.9518;876;35;84;1;0;0.9848;426;31;31
org.apache.tomcat.util.bcel.classfile.Unknown.toString();org.apache.tomcat.util.bcel.classfile.Utility;0;0;2;0.7143;46;3;3;1;0;1.0000;428;19;5
org.apache.tomcat.util.buf.MessageBytes.equals(MessageBytes);org.apache.tomcat.util.buf.ByteChunk;0;2;7;0.8605;380;30;16;2;0;0.9630;425;43;10
org.apache.catalina.manager.HTMLManagerServlet.list(HttpServletRequest, HttpServletResponse, String);org.apache.catalina.util.URLEncoder;1;1;12;0.9762;686;26;19;1;0;0.9500;54;2;2
org.apache.catalina.startup.ContextConfig.processAnnotationsStream(InputStream, WebXml);org.apache.catalina.deploy.WebXml;1;2;0;0.9592;1103;37;18;1;0;0.9872;1536;45;42
org.apache.catalina.manager.ManagerServlet.start(PrintWriter, String);org.apache.catalina.Context;1;0;3;0.9574;924;35;13;1;0;0.9930;139;139;1
org.apache.catalina.ha.session.BackupManager.stopInternal();org.apache.catalina.tribes.tipis.AbstractReplicatedMap;0;0;1;0.9655;135;20;7;1;0;0.9855;741;50;17
org.apache.catalina.session.ManagerBase.initInternal();org.apache.catalina.Context;0;0;0;0;0;0;0;0;0;0;0;0;0
org.apache.catalina.tribes.group.GroupChannel.messageReceived(ChannelMessage);org.apache.catalina.tribes.ChannelListener;3;1;2;0.9574;268;24;9;2;0;0.8947;4;4;0
org.apache.jasper.compiler.TagFileProcessor.parseTagFileDirectives(ParserController, String, String, JarResource, TagLibraryInfo);org.apache.jasper.compiler.ParserController;2;0;0;1.0000;94;4;1;1;1;0.9333;281;12;13
org.apache.catalina.connector.RequestFacade.getRequestedSessionId();org.apache.catalina.connector.Request;0;0;2;0.9859;450;69;2;1;0;0.9943;1203;127;53
org.apache.tomcat.util.bcel.classfile.Method.toString();org.apache.tomcat.util.bcel.classfile.ExceptionTable;2;2;0;0.8824;60;6;1;1;0;0.9474;44;4;2
org.apache.catalina.session.PersistentManagerBase.writeSession(Session);org.apache.catalina.Store;1;0;2;0.9762;421;30;12;1;0;0.9333;11;11;0
org.apache.jasper.el.ExpressionEvaluatorImpl.parseExpression(String, Class, FunctionMapper);org.apache.jasper.el.ELResolverImpl;1;0;1;0.6667;19;2;1;1;0;1.0000;89;7;2
org.apache.catalina.connector.Request.setUserPrincipal(Principal);org.apache.catalina.Globals;1;1;2;0.9827;1203;127;53;0;2;1.0000;0;0;39
org.apache.tomcat.util.http.MimeHeaders.getUniqueValue(String);org.apache.tomcat.util.buf.MessageBytes;1;0;2;0.9130;129;18;3;1;0;0.9778;380;30;16
org.apache.tomcat.util.digester.Digester.characters(char, int, int);org.apache.juli.logging.Log;0;0;2;0.9851;849;103;29;2;0;0.9000;18;18;0
org.apache.catalina.manager.HTMLManagerServlet.list(HttpServletRequest, HttpServletResponse, String);org.apache.catalina.util.RequestUtil;1;1;12;0.9762;686;26;19;1;0;1.0000;189;13;3
org.apache.catalina.tribes.transport.nio.NioSender.read(SelectionKey);org.apache.catalina.tribes.io.XByteBuffer;1;0;5;0.8214;255;12;11;4;0;0.8710;317;36;7
org.apache.catalina.tribes.transport.ReceiverBase.bindUdp(DatagramSocket, int, int);org.apache.juli.logging.Log;0;2;2;0.9615;320;20;33;1;0;0.9500;18;18;0
org.apache.catalina.mbeans.MBeanUtils.createMBean(Loader);org.apache.tomcat.util.modeler.ManagedBean;0;2;2;1.0000;706;52;4;2;0;0.9429;252;23;13
org.apache.catalina.startup.ContextConfig.processAnnotationsStream(InputStream, WebXml);org.apache.tomcat.util.bcel.classfile.ClassParser;1;2;0;0.9592;1103;37;18;1;0;0.9677;106;9;16
org.apache.jasper.compiler.Generator.generatePreamble(Node.Nodes);org.apache.jasper.compiler.PageInfo;4;6;3;0.8571;782;28;18;1;7;0.9167;341;30;46
org.apache.jasper.xmlparser.XMLEncodingDetector.scanSurrogates(XMLStringBuffer);org.apache.jasper.xmlparser.XMLChar;0;2;1;0.9375;798;23;29;3;0;1.0000;115;21;9
org.apache.catalina.core.NamingContextListener.addService(ContextService);org.apache.catalina.deploy.ContextHandler;5;0;4;0.9464;745;23;11;7;0;0.8108;63;12;5
org.apache.catalina.connector.ResponseFacade.encodeURL(String);org.apache.catalina.connector.Response;0;0;2;0.9762;224;40;2;1;0;0.9889;596;70;20
org.apache.coyote.http11.Http11AprProcessor.prepareRequest();org.apache.tomcat.util.buf.ByteChunk;7;3;13;0.8182;954;28;36;5;1;0.9277;425;43;10
org.apache.tomcat.util.digester.NodeCreateRule.begin(String, String, Attributes);org.apache.tomcat.util.digester.Digester;5;0;2;0.8000;44;2;2;2;0;0.9853;849;103;29
org.apache.coyote.ajp.AjpProcessor.parseHost(MessageBytes);org.apache.coyote.Response;4;0;4;0.9259;659;13;32;0;1;0.9815;250;19;18
org.apache.coyote.http11.Http11NioProcessor.asyncDispatch(SocketStatus);org.apache.coyote.RequestInfo;7;1;4;0.9024;840;14;11;0;1;0.9787;134;13;14
org.apache.catalina.session.StandardSession.writeObject(ObjectOutputStream);org.apache.catalina.Manager;1;3;11;0.8500;585;58;24;1;0;0.9804;35;35;0
org.apache.coyote.http11.Http11AprProtocol.setSendfileThreadCount(int);org.apache.tomcat.util.net.AprEndpoint;1;0;1;0.9901;387;76;26;0;1;0.9808;471;17;35
org.apache.tomcat.util.bcel.classfile.Constant.equals(Object);org.apache.tomcat.util.bcel.util.BCELComparator;0;0;1;1.0000;48;6;2;1;0;0.5000;2;2;0
org.apache.catalina.tribes.transport.bio.PooledMultiSender.sendMessage(Member[], ChannelMessage);org.apache.catalina.tribes.transport.MultiPointSender;0;0;0;1.0000;25;2;0;1;0;0.9091;7;7;0
org.apache.coyote.http11.Http11AprProtocol.Http11ConnectionHandler.process(long);org.apache.juli.logging.Log;3;1;3;0.7778;119;5;5;2;0;0.9310;18;18;0
org.apache.catalina.deploy.NamingResources.removeEnvironment(String);org.apache.catalina.deploy.ResourceBase;1;0;3;0.9388;342;36;13;0;1;0.9444;43;9;7
org.apache.catalina.tribes.group.interceptors.NonBlockingCoordinator.handleMyToken(MemberImpl, CoordinationMessage, Member, Membership);org.apache.catalina.tribes.membership.MemberImpl;1;3;3;0.9107;352;38;15;1;0;0.9804;300;29;19
org.apache.catalina.session.JDBCStore.getConnection();org.apache.catalina.Container;1;2;1;0.9500;495;34;23;1;0;0.9767;35;35;6
org.apache.catalina.manager.ManagerServlet.init();org.apache.tomcat.util.ExceptionUtils;0;0;0;0;0;0;0;0;0;0;0;0;0
org.apache.jasper.compiler.Generator.generateXmlProlog(Node.Nodes);org.apache.jasper.compiler.ServletWriter;4;0;3;0.9400;782;28;18;4;0;0.8571;54;12;6
org.apache.tomcat.util.net.AprEndpoint.SocketEventProcessor.run();org.apache.tomcat.util.net.AprEndpoint;2;0;2;0.6667;10;1;2;0;1;0.9818;471;17;35
org.apache.tomcat.util.buf.ByteChunk.equals(CharChunk);org.apache.tomcat.util.buf.CharChunk;2;0;0;1.0000;425;43;10;2;1;0.9375;393;39;8
org.apache.catalina.connector.ResponseFacade.finish();org.apache.catalina.connector.Response;0;0;2;0.9762;224;40;2;1;0;0.9889;596;70;20
org.apache.catalina.mbeans.ServerLifecycleListener.createMBeans(Host);org.apache.juli.logging.Log;0;1;1;0.9737;563;31;2;2;0;0.9167;18;18;0
org.apache.catalina.startup.Embedded.createContext(String, String);org.apache.catalina.core.StandardContext;2;0;2;0.9792;368;34;10;1;1;0.9939;2421;209;114
org.apache.catalina.valves.PersistentValve.invoke(Request, Response);org.apache.catalina.Manager;0;1;1;0.9688;80;3;2;2;0;0.9683;35;35;0
org.apache.catalina.authenticator.FormAuthenticator.forwardToErrorPage(Request, HttpServletResponse, LoginConfig);org.apache.catalina.connector.Request;1;0;1;1.0000;236;8;3;2;0;0.9888;1203;127;53
org.apache.el.parser.AstGreaterThan.getValue(EvaluationContext);org.apache.el.parser.Node;0;0;0;1.0000;14;1;0;1;0;0.9444;17;17;0
org.apache.catalina.core.StandardContext.findStatusPage(int);org.apache.catalina.deploy.ErrorPage;0;0;1;0.9969;2421;209;114;1;0;0.9091;49;7;4
org.apache.catalina.valves.ExtendedAccessLogValve.ResponseAllHeaderElement.addElement(StringBuilder, Date, Request, Response, long);org.apache.catalina.valves.ExtendedAccessLogValve;0;0;1;0.6667;21;1;1;1;0;0.9167;367;10;2
org.apache.catalina.core.ApplicationFilterConfig.setFilterDef(FilterDef);org.apache.catalina.core.StandardContext;2;1;3;0.8400;175;15;8;0;1;0.9970;2421;209;114
org.apache.catalina.startup.SetParentClassLoaderRule.begin(String, String, Attributes);org.apache.tomcat.util.digester.Digester;1;0;1;0.8571;8;1;1;1;1;0.9855;849;103;29
org.apache.catalina.mbeans.MBeanUtils.destroyMBean(ContextResource);org.apache.catalina.deploy.ResourceBase;0;3;2;1.0000;706;52;4;2;0;0.8824;43;9;7
org.apache.catalina.startup.CatalinaProperties.loadProperties();org.apache.tomcat.util.ExceptionUtils;0;0;0;0;0;0;0;0;0;0;0;0;0
org.apache.catalina.core.ApplicationJspPropertyGroupDescriptor.getScriptingInvalid();org.apache.catalina.deploy.JspPropertyGroup;1;0;1;0.9231;79;12;1;0;1;0.9545;72;9;12
org.apache.coyote.http11.Http11NioProcessor.process(NioChannel);org.apache.tomcat.util.net.SocketWrapper;14;4;8;0.8358;840;14;11;1;1;0.9692;60;2;11
org.apache.tomcat.util.http.Cookies.processCookieHeader(byte, int, int);org.apache.tomcat.util.http.CookieSupport;4;3;1;0.9474;247;12;6;2;2;1.0000;50;5;9
org.apache.catalina.connector.RequestFacade.login(String, String);org.apache.catalina.connector.Request;0;0;1;0.9857;450;69;2;1;0;0.9943;1203;127;53
org.apache.catalina.tribes.membership.McastServiceImpl.RecoveryThread.stopService();org.apache.catalina.tribes.membership.McastServiceImpl;2;0;1;0.8333;58;4;2;1;1;0.9756;309;12;28
org.apache.catalina.core.ApplicationContext.addFilter(String, String, Filter);org.apache.catalina.util.LifecycleBase;3;1;2;0.9737;645;60;13;0;1;0.9545;88;11;4
org.apache.tomcat.util.bcel.classfile.LineNumberTable.dump(DataOutputStream);org.apache.tomcat.util.bcel.classfile.LineNumber;0;0;2;0.7778;50;4;2;1;0;0.9000;22;3;2
org.apache.catalina.startup.TaglibListenerRule.body(String, String, String);org.apache.tomcat.util.digester.Digester;1;0;1;0.8333;9;1;1;2;0;0.9854;849;103;29
org.apache.jasper.runtime.ProtectedFunctionMapper.getMapForFunction(String, Class<?>, String, Class<?>[]);org.apache.jasper.security.SecurityUtil;0;0;1;0.8000;83;4;2;1;0;1.0000;31;2;1
org.apache.tomcat.util.modeler.modules.MbeansSource.destroy();org.apache.tomcat.util.modeler.Registry;0;0;2;0.8947;198;11;10;1;0;0.9756;433;33;10
org.apache.catalina.mbeans.NamingResourcesMBean.removeEnvironment(String);org.apache.catalina.deploy.NamingResources;0;0;0;1.0000;138;9;2;2;0;0.9600;342;36;13
org.apache.coyote.ajp.AjpAprProtocol.resume();org.apache.tomcat.util.net.AprEndpoint;1;1;3;0.9655;219;40;15;1;0;0.9825;471;17;35
org.apache.coyote.http11.Http11NioProtocol.Http11ConnectionHandler.process(NioChannel);org.apache.tomcat.util.net.NioEndpoint.Poller;9;2;3;0.8438;177;8;6;2;0;0.9556;396;15;6
org.apache.catalina.tribes.transport.bio.MultipointBioSender.sendMessage(Member[], ChannelMessage);org.apache.catalina.tribes.Channel;1;1;0;0.9286;93;9;2;0;1;1.0000;15;15;13
org.apache.el.parser.ELParser.Value();org.apache.el.parser.ELParserTreeConstants;2;3;4;0.9500;2270;112;22;0;1;0.9796;0;0;35
org.apache.catalina.filters.RemoteHostFilter.doFilterEvent(CometEvent, CometFilterChain);org.apache.catalina.comet.CometEvent;0;0;0;1.0000;9;2;1;1;0;0.8889;6;6;2
org.apache.jasper.compiler.Generator.generate(ServletWriter, Compiler, Node.Nodes);org.apache.jasper.compiler.Node.Nodes;2;2;4;0.8605;782;28;18;1;0;0.9500;43;5;3
org.apache.catalina.startup.Embedded.removeContext(Context);org.apache.juli.logging.Log;0;0;2;0.9792;368;34;10;2;0;0.9130;18;18;0
org.apache.catalina.realm.RealmBase.hasResourcePermission(Request, Response, SecurityConstraint[], Context);org.apache.juli.logging.Log;1;1;3;0.9701;672;37;22;2;0;0.9412;18;18;0
org.apache.jasper.compiler.Validator.TagExtraInfoVisitor.visit(Node.CustomTag);org.apache.jasper.compiler.ErrorDispatcher;2;0;1;0.8750;27;1;1;2;0;0.9231;158;22;2
org.apache.tomcat.util.net.NioEndpoint.Acceptor.run();org.apache.tomcat.util.net.NioEndpoint;1;0;0;1.0000;52;1;0;2;4;0.9149;362;19;26
org.apache.catalina.mbeans.MemoryUserDatabaseMBean.createGroup(String, String);org.apache.catalina.mbeans.MBeanUtils;0;1;0;0.9500;168;12;6;1;0;1.0000;706;52;4
org.apache.tomcat.util.modeler.modules.MbeansDescriptorsIntrospectionSource.createManagedBean(Registry, String, Class<?>, String);org.apache.tomcat.util.modeler.OperationInfo;4;0;1;1.0000;194;7;10;1;1;0.9600;53;8;4
org.apache.jasper.compiler.Generator.GenerateVisitor.generateAliasMap(Node.CustomTag, String);org.apache.jasper.compiler.ServletWriter;0;0;1;0.9844;1736;44;16;3;0;0.8421;54;12;6
org.apache.tomcat.util.net.AprEndpoint.unlockAccept();org.apache.tomcat.util.net.SocketProperties;0;0;0;0;0;0;0;0;0;0;0;0;0
org.apache.jasper.xmlparser.MyErrorHandler.warning(SAXParseException);org.apache.juli.logging.LogFactory;0;0;0;1.0000;10;3;0;1;0;1.0000;51;12;6
org.apache.catalina.session.StandardSession.setAttribute(String, Object, boolean);org.apache.catalina.Manager;1;4;3;0.9259;585;58;24;2;0;0.9556;35;35;0
org.apache.catalina.util.ResourceSet.remove(Object);org.apache.tomcat.util.res.StringManager;0;0;2;0.8889;30;4;2;1;0;0.8333;52;3;3
org.apache.coyote.http11.AbstractHttp11Processor.addInputFilter(InputFilter[], String);org.apache.coyote.http11.InputFilter;0;0;0;0;0;0;0;0;0;0;0;0;0
org.apache.coyote.http11.AbstractHttp11Processor.isCompressable();org.apache.tomcat.util.http.MimeHeaders;3;0;6;0.8846;228;17;32;1;0;0.9697;129;18;3
org.apache.tomcat.util.http.mapper.Mapper.internalMapWildcardWrapper(Wrapper[], int, CharChunk, MappingData);org.apache.tomcat.util.http.mapper.MappingData;2;3;0;1.0000;837;39;5;0;5;0.7619;11;1;9
org.apache.catalina.ha.tcp.SimpleTcpCluster.removeClusterListener(ClusterListener);org.apache.catalina.ha.ClusterListener;0;0;1;0.9833;368;43;29;1;0;0.9000;27;7;3
org.apache.tomcat.util.IntrospectionUtils.callMethodN(Object, String, Object, Class<?>);org.apache.juli.logging.Log;1;0;1;1.0000;595;31;4;2;0;0.8889;18;18;0
org.apache.coyote.http11.Http11AprProtocol.Http11ConnectionHandler.event(long, SocketStatus);org.apache.coyote.http11.Http11AprProtocol;2;0;3;0.8333;119;5;5;0;3;0.9911;387;76;26
org.apache.catalina.startup.HostConfig.deployDescriptor(String, File, String);org.apache.tomcat.util.digester.Digester;1;3;7;0.8923;793;36;16;2;0;0.9872;849;103;29
org.apache.jasper.compiler.ErrorDispatcher.dispatch(Mark, String, Object[], Exception);org.apache.jasper.compiler.Localizer;2;0;2;0.9231;158;22;2;1;0;1.0000;34;6;1
org.apache.catalina.authenticator.FormAuthenticator.savedRequestURL(Session);org.apache.catalina.authenticator.Constants;1;0;0;1.0000;236;8;3;0;1;1.0000;0;0;19
org.apache.catalina.session.FileStore.directory();org.apache.catalina.Manager;0;0;2;0.8824;191;13;6;1;0;0.9744;35;35;0
org.apache.catalina.mbeans.ServerLifecycleListener.lifecycleEvent(LifecycleEvent);org.apache.catalina.Context;4;5;1;0.8649;563;31;2;0;1;1.0000;139;139;1
org.apache.catalina.tribes.transport.ReplicationTransmitter.remove(Member);org.apache.catalina.tribes.transport.MultiPointSender;0;0;1;0.8889;30;7;3;1;0;0.8750;7;7;0
org.apache.catalina.mbeans.MBeanFactory.createStandardServiceEngine(String, String, String);org.apache.catalina.core.ContainerBase;0;0;0;0;0;0;0;0;0;0;0;0;0
org.apache.jasper.compiler.Parser.checkUnbalancedEndTag();org.apache.jasper.compiler.PageInfo;0;0;4;0.9412;1185;55;13;1;0;0.9882;341;30;46
org.apache.catalina.manager.ManagerServlet.save(PrintWriter, String);org.apache.tomcat.util.res.StringManager;1;0;2;0.9804;924;35;13;1;0;0.9167;52;3;3
org.apache.tomcat.util.modeler.modules.MbeansDescriptorsIntrospectionSource.createManagedBean(Registry, String, Class<?>, String);org.apache.tomcat.util.modeler.FeatureInfo;4;0;1;1.0000;194;7;10;0;3;0.8333;18;3;5
org.apache.tomcat.util.net.AprEndpoint.init();org.apache.tomcat.jni.Library;7;0;25;0.5789;471;17;35;0;2;1.0000;91;9;38
org.apache.catalina.tribes.group.interceptors.TcpFailureDetector.memberAlive(Member, byte[], boolean, boolean, long, long, int);org.apache.catalina.tribes.io.ChannelData;3;0;1;1.0000;227;15;10;0;4;0.8095;165;14;7
org.apache.catalina.connector.OutputBuffer.realWriteBytes(byte, int, int);org.apache.coyote.Response;0;0;3;0.9268;207;25;15;1;0;0.9756;250;19;18
org.apache.coyote.ajp.AjpProcessor.parseHost(MessageBytes);org.apache.coyote.Request;4;0;4;0.9259;659;13;32;0;5;0.9242;221;18;34
org.apache.catalina.connector.RequestFacade.getAttribute(String);org.apache.tomcat.util.res.StringManager;0;0;2;0.9859;450;69;2;1;0;0.8571;52;3;3
org.apache.jasper.xmlparser.ParserUtils.parseXMLDocument(String, InputSource);org.apache.jasper.compiler.Localizer;2;1;3;0.5000;58;3;3;2;0;1.0000;34;6;1
org.apache.catalina.connector.InputBuffer.available();org.apache.coyote.ActionCode;2;0;6;0.8421;210;19;17;0;1;1.0000;6;0;30
org.apache.coyote.Request.recycle();org.apache.tomcat.util.http.MimeHeaders;0;0;23;0.5893;221;18;34;1;0;0.9787;129;18;3
org.apache.catalina.authenticator.BasicAuthenticator.authenticate(Request, HttpServletResponse, LoginConfig);org.apache.catalina.util.Base64;5;0;1;1.0000;57;2;2;1;0;1.0000;120;5;10
org.apache.el.parser.AstOr.getValue(EvaluationContext);org.apache.el.parser.Node;0;0;0;1.0000;13;1;0;1;0;0.9444;17;17;0
org.apache.catalina.manager.ManagerServlet.doPut(HttpServletRequest, HttpServletResponse);org.apache.catalina.manager.Constants;2;1;1;0.9778;924;35;13;0;1;1.0000;0;0;11
org.apache.catalina.authenticator.SingleSignOn.deregister(String);org.apache.catalina.Session;0;0;2;0.9130;164;12;6;1;0;0.9750;32;32;4
org.apache.catalina.tribes.group.interceptors.TwoPhaseCommitInterceptor.messageReceived(ChannelMessage);org.apache.catalina.tribes.io.XByteBuffer;2;0;4;0.9375;69;3;6;0;2;0.9412;317;36;7
org.apache.catalina.ssi.SSIFilter.doFilter(ServletRequest, ServletResponse, FilterChain);org.apache.catalina.ssi.ResponseIncludeWrapper;1;0;6;0.5385;63;3;6;3;0;0.8889;108;11;11
org.apache.catalina.connector.RequestFacade.getServletContext();org.apache.catalina.connector.Request;0;0;2;0.9859;450;69;2;1;0;0.9943;1203;127;53
org.apache.catalina.session.PersistentManagerBase.clearStore();org.apache.juli.logging.Log;0;0;2;0.9750;421;30;12;1;0;0.9500;18;18;0
org.apache.coyote.ajp.AjpMessage.getBytes(MessageBytes);org.apache.tomcat.util.buf.MessageBytes;1;1;2;0.8929;235;23;5;2;1;0.9333;380;30;16
org.apache.catalina.startup.EngineConfig.start();org.apache.catalina.Container;0;0;2;0.8571;17;3;3;1;0;0.9744;35;35;6
org.apache.catalina.connector.Request.parseCookies();org.apache.tomcat.util.http.ServerCookie;2;1;3;0.9781;1203;127;53;0;6;0.6842;136;5;12
org.apache.catalina.connector.RequestFacade.getRemoteHost();org.apache.tomcat.util.res.StringManager;0;0;2;0.9859;450;69;2;1;0;0.8571;52;3;3
org.apache.coyote.http11.Http11Processor.asyncDispatch(SocketStatus);org.apache.coyote.Adapter;4;1;2;0.9310;731;12;7;1;0;0.9333;3;3;0
org.apache.jasper.JspCompilationContext.createOutputDir();org.apache.jasper.Options;0;2;5;0.8852;426;31;31;1;0;0.9722;29;29;0
org.apache.tomcat.util.buf.C2BConverter.convert(MessageBytes);org.apache.tomcat.util.buf.ByteChunk;3;3;2;0.8333;58;8;5;2;0;0.9667;425;43;10
org.apache.coyote.ajp.AjpAprProcessor.parseHost(MessageBytes);org.apache.tomcat.util.buf.ByteChunk;4;0;4;0.9231;623;13;30;2;1;0.9516;425;43;10
org.apache.tomcat.util.net.JIoEndpoint.setSocketOptions(Socket);org.apache.tomcat.util.net.SocketProperties;0;0;2;0.9524;195;10;6;1;0;0.9828;162;28;23
org.apache.catalina.tribes.transport.bio.BioReplicationTask.run();org.apache.catalina.tribes.io.ObjectReader;0;1;3;0.7500;92;6;3;1;0;0.9545;71;9;5
org.apache.catalina.tribes.group.interceptors.NonBlockingCoordinator.alive(Member);org.apache.catalina.tribes.group.interceptors.TcpFailureDetector;0;0;2;0.9796;352;38;15;1;0;1.0000;227;15;10
org.apache.jasper.compiler.Compiler.compile(boolean, boolean);org.apache.jasper.compiler.TagFileProcessor;1;2;7;0.6400;310;11;8;1;0;0.9474;94;4;1
org.apache.naming.resources.WARDirContext.list(Entry);org.apache.naming.NamingEntry;1;0;1;0.9714;199;28;3;0;1;1.0000;16;2;7
org.apache.catalina.ha.deploy.FileMessageFactory.writeMessage(FileMessage);org.apache.juli.logging.Log;1;1;6;0.7600;128;6;14;3;0;0.9000;18;18;0
org.apache.jasper.compiler.Generator.compileTagHandlerPoolList(Node.Nodes);org.apache.jasper.compiler.Node.CustomTag;4;0;1;0.9796;782;28;18;1;3;0.9167;218;9;26
org.apache.catalina.core.ApplicationContext.getServletRegistration(String);org.apache.catalina.core.ContainerBase;0;0;1;0.9855;645;60;13;1;0;0.9873;555;53;27
org.apache.catalina.core.StandardContextValve.invoke(Request, Response);org.apache.catalina.Globals;2;1;2;0.9310;97;5;3;0;1;1.0000;0;0;39
org.apache.tomcat.util.buf.UEncoder.urlEncode(Writer, String);org.apache.tomcat.util.buf.ByteChunk;2;0;5;0.7647;84;5;5;2;2;0.9273;425;43;10
org.apache.catalina.core.StandardWrapper.setRequestCount(int);org.apache.catalina.core.StandardWrapperValve;1;0;1;0.9907;748;76;36;0;1;0.9091;352;4;6
org.apache.coyote.http11.Http11NioProcessor.action(ActionCode, Object);org.apache.coyote.http11.InternalNioInputBuffer;13;1;9;0.8816;840;14;11;1;0;0.9882;396;12;12
org.apache.coyote.http11.AbstractHttp11Protocol.setCrlFile(String);org.apache.tomcat.util.net.AbstractEndpoint;1;0;1;0.9909;382;89;22;0;1;0.9859;397;29;69
org.apache.catalina.startup.HostConfig.addWatchedResources(DeployedApplication, String, Context);org.apache.catalina.Context;0;1;1;0.9804;793;36;16;1;0;0.9930;139;139;1
org.apache.el.parser.ELParserTokenManager.jjMoveStringLiteralDfa8_1(long, long);org.apache.el.parser.SimpleCharStream;0;3;2;0.8837;994;32;25;1;0;0.9818;257;26;16
org.apache.catalina.authenticator.FormAuthenticator.restoreRequest(Request, Session);org.apache.catalina.Session;3;0;0;1.0000;236;8;3;2;0;0.9667;32;32;4
org.apache.catalina.connector.Request.doGetSession(boolean);org.apache.catalina.Context;0;4;6;0.9511;1203;127;53;2;0;0.9873;139;139;1
org.apache.catalina.core.ApplicationContextFacade.addListener(Class<? extends EventListener>);org.apache.catalina.security.SecurityUtil;0;1;1;0.9672;514;57;3;1;0;1.0000;146;11;17
org.apache.catalina.tribes.transport.nio.ParallelNioSender.doLoop(long, int, boolean, ChannelMessage);org.apache.catalina.tribes.ChannelMessage;2;0;2;0.9722;246;12;4;1;0;0.9688;11;11;0
org.apache.coyote.http11.Http11NioProcessor.prepareResponse();org.apache.tomcat.util.net.NioEndpoint.SendfileData;8;1;3;0.9344;840;14;11;0;3;0.9302;0;0;5
org.apache.catalina.core.ApplicationHttpRequest.mergeParameters();org.apache.catalina.util.RequestUtil;0;1;2;0.9302;327;29;17;1;0;1.0000;189;13;3
org.apache.catalina.valves.CometConnectionManagerValve.sessionDestroyed(HttpSessionEvent);org.apache.catalina.Container;2;0;2;0.9565;136;8;4;2;0;0.9574;35;35;6
org.apache.catalina.startup.WebAnnotationSet.addResource(Context, Resource);org.apache.catalina.deploy.MessageDestinationRef;5;0;0;1.0000;125;6;0;0;1;0.9474;35;3;3
org.apache.tomcat.util.modeler.Registry.registerComponent(Object, ObjectName, String);org.apache.tomcat.util.modeler.ManagedBean;0;2;1;0.9535;433;33;10;1;0;0.9750;252;23;13
org.apache.catalina.connector.ResponseFacade.isCommitted();org.apache.tomcat.util.res.StringManager;0;0;2;0.9762;224;40;2;1;0;0.8571;52;3;3
org.apache.catalina.startup.Tomcat.getHost();org.apache.catalina.Host;0;1;2;0.9143;253;24;14;1;0;0.9615;22;22;2
org.apache.tomcat.util.net.AbstractEndpoint.getTcpNoDelay();org.apache.tomcat.util.net.SocketProperties;0;0;1;0.9857;397;29;69;1;0;0.9808;162;28;23
org.apache.jasper.JspCompilationContext.compile();org.apache.jasper.Options;1;2;5;0.8971;426;31;31;2;0;0.9524;29;29;0
org.apache.coyote.http11.InternalInputBuffer.parseHeader();org.apache.tomcat.util.buf.MessageBytes;2;1;0;0.9167;240;5;0;1;0;0.9787;380;30;16
org.apache.naming.resources.ResourceCache.find(CacheEntry[], String);org.apache.naming.resources.CacheEntry;1;0;0;1.0000;211;7;10;0;1;0.9000;13;2;8
org.apache.tomcat.util.digester.ObjectParamRule.begin(String, String, Attributes);org.apache.tomcat.util.digester.Digester;1;0;3;0.6250;32;2;3;1;0;0.9927;849;103;29
org.apache.catalina.session.PersistentManagerBase.PrivilegedStoreLoad.run();org.apache.catalina.Store;1;0;1;0.6667;6;1;1;1;0;0.9231;11;11;0
org.apache.catalina.core.ApplicationContext.getClassLoader();org.apache.catalina.core.ContainerBase;1;0;1;0.9857;645;60;13;1;0;0.9875;555;53;27
org.apache.naming.resources.VirtualDirContext.getVirtualNamingEntries();org.apache.naming.NamingEntry;1;0;1;0.8889;86;7;3;0;1;1.0000;16;2;7
org.apache.coyote.http11.Http11AprProcessor.prepareRequest();org.apache.coyote.http11.AbstractInputBuffer;7;3;13;0.8182;954;28;36;0;0;1.0000;81;10;14
org.apache.catalina.connector.Response.setDateHeader(String, long);org.apache.catalina.util.DateTool;1;2;2;0.9540;596;70;20;0;1;1.0000;0;0;11
org.apache.coyote.http11.Http11NioProcessor.process(NioChannel);org.apache.tomcat.util.net.NioEndpoint.Poller;14;4;8;0.8358;840;14;11;1;1;0.9730;396;15;6
org.apache.jasper.compiler.Parser.parseTemplateText(Node);org.apache.jasper.compiler.PageInfo;1;0;3;0.9559;1185;55;13;0;1;0.9881;341;30;46
org.apache.jasper.compiler.TagPluginManager.TagPluginContextImpl.isConstantAttribute(String);org.apache.jasper.compiler.Node.JspAttribute;0;1;0;0.9500;72;15;4;1;0;0.9500;107;7;10
org.apache.catalina.authenticator.FormAuthenticator.matchRequest(Request);org.apache.catalina.Session;1;0;0;1.0000;236;8;3;1;0;0.9714;32;32;4
org.apache.catalina.manager.ManagerServlet.init();org.apache.catalina.core.StandardServer;0;0;10;0.8235;924;35;13;1;0;0.9836;309;29;19
org.apache.catalina.authenticator.SSLAuthenticator.authenticate(Request, HttpServletResponse, LoginConfig);org.apache.tomcat.util.res.StringManager;4;0;0;1.0000;31;2;1;1;0;0.9444;52;3;3
org.apache.catalina.core.StandardEngineValve.invoke(Request, Response);org.apache.catalina.connector.Request;1;0;1;1.0000;20;3;2;4;0;0.9777;1203;127;53
org.apache.catalina.ha.session.DeltaManager.sendSessions(Member, Session[], long);org.apache.catalina.ha.session.SessionMessage;2;1;5;0.9506;822;41;40;0;1;1.0000;5;5;7
org.apache.coyote.http11.InternalAprInputBuffer.SocketInputBuffer.doRead(ByteChunk, Request);org.apache.coyote.http11.InternalAprInputBuffer;1;0;0;1.0000;9;1;0;1;3;0.8621;358;13;15
org.apache.catalina.ha.session.JvmRouteBinderValve.sendSessionIDClusterBackup(ClusterManager, Request, String, String);org.apache.catalina.connector.Request;1;0;1;0.9615;165;11;7;1;0;0.9946;1203;127;53
org.apache.catalina.connector.Response.getHeader(String);org.apache.coyote.Response;1;0;1;0.9888;596;70;20;0;1;0.9744;250;19;18
org.apache.tomcat.util.modeler.ManagedBean.addAttribute(AttributeInfo);org.apache.tomcat.util.modeler.FeatureInfo;0;0;1;0.9706;252;23;13;1;0;0.8750;18;3;5
org.apache.catalina.deploy.NamingResources.addService(ContextService);org.apache.catalina.deploy.ResourceBase;1;0;3;0.9412;342;36;13;2;1;0.8333;43;9;7
org.apache.catalina.startup.Tomcat.initWebappDefaults(Context);org.apache.catalina.Wrapper;0;1;1;1.0000;253;24;14;2;0;0.9545;39;39;0
org.apache.catalina.ha.session.DeltaManager.deserializeDeltaRequest(DeltaSession, byte[]);org.apache.catalina.tribes.io.ReplicationStream;1;0;0;1.0000;822;41;40;1;0;0.9167;74;6;1
org.apache.jasper.compiler.ELFunctionMapper.ELFunctionVisitor.doMap(ELNode.Nodes);org.apache.jasper.compiler.ELNode.Function;5;1;1;0.9167;151;14;1;0;6;0.5714;37;1;6
org.apache.coyote.ajp.AjpAprProtocol.start();org.apache.tomcat.util.net.AprEndpoint;1;1;7;0.9016;219;40;15;1;0;0.9844;471;17;35
org.apache.catalina.startup.ContextConfig.destroy();org.apache.juli.logging.Log;0;0;3;0.9792;1103;37;18;2;0;0.9048;18;18;0
org.apache.catalina.loader.WebappClassLoader.PrivilegedFindResourceByName.run();org.apache.catalina.loader.WebappClassLoader;0;0;2;0.5000;7;1;2;1;0;0.9890;1601;58;35
org.apache.catalina.ha.tcp.SimpleTcpCluster.toString();org.apache.catalina.Container;0;0;1;0.9833;368;43;29;1;0;0.9722;35;35;6
org.apache.catalina.util.ManifestResource.getRequiredExtensions(Manifest);org.apache.catalina.util.Extension;1;0;0;1.0000;100;8;7;0;5;0.7222;112;10;8
org.apache.catalina.servlets.DefaultServlet.copy(CacheEntry, PrintWriter, Range);org.apache.naming.resources.Resource;1;1;1;0.9623;1001;37;20;1;0;0.9091;23;1;2
org.apache.coyote.http11.Http11AprProtocol.Http11ConnectionHandler.asyncDispatch(long, SocketStatus);org.apache.tomcat.util.res.StringManager;0;0;0;0;0;0;0;0;0;0;0;0;0
org.apache.catalina.core.ApplicationFilterChain.internalDoFilterEvent(CometEvent);org.apache.tomcat.util.res.StringManager;1;0;7;0.7647;231;9;13;1;0;0.9231;52;3;3
org.apache.tomcat.util.modeler.OperationInfo.getMBeanParameterInfo();org.apache.tomcat.util.modeler.ParameterInfo;0;1;0;0.9167;53;8;4;1;0;0.6667;9;1;1
org.apache.catalina.mbeans.NamingResourcesMBean.removeResourceLink(String);org.apache.catalina.deploy.NamingResources;0;0;0;1.0000;138;9;2;2;0;0.9600;342;36;13
org.apache.catalina.core.StandardContextValve.event(Request, Response, CometEvent);org.apache.catalina.Container;0;0;0;1.0000;97;5;3;1;0;0.9737;35;35;6
org.apache.catalina.mbeans.GlobalResourcesLifecycleListener.lifecycleEvent(LifecycleEvent);org.apache.catalina.Lifecycle;1;2;1;0.5714;103;5;3;0;2;1.0000;6;6;11
org.apache.catalina.realm.RealmBase.authenticate(String, String, String, String, String, String, String, String);org.apache.catalina.util.MD5Encoder;0;2;4;0.9455;672;37;22;1;0;0.8571;11;1;1
org.apache.catalina.connector.Connector.pause();org.apache.coyote.ProtocolHandler;0;0;3;0.9882;405;53;33;1;0;0.9231;10;10;0
org.apache.catalina.connector.CoyoteAdapter.event(org.apache.coyote.Request, org.apache.coyote.Response, SocketStatus);org.apache.catalina.Globals;7;0;4;0.9714;620;12;9;0;1;1.0000;0;0;39
org.apache.catalina.connector.Response.encodeRedirectURL(String);org.apache.catalina.connector.Request;0;3;1;0.9551;596;70;20;1;0;0.9944;1203;127;53
org.apache.catalina.util.LifecycleBase.destroy();org.apache.catalina.Lifecycle;0;0;0;0;0;0;0;0;0;0;0;0;0
org.apache.jasper.compiler.TagLibraryInfoImpl.createValidator(TreeNode);org.apache.jasper.compiler.Localizer;0;1;3;0.8519;528;14;6;1;0;1.0000;34;6;1
org.apache.tomcat.util.modeler.Registry.registerComponent(Object, ObjectName, String);org.apache.juli.logging.Log;0;2;1;0.9535;433;33;10;4;0;0.8095;18;18;0
org.apache.el.parser.ELParser.Identifier();org.apache.el.parser.SimpleNode;4;1;1;0.9855;2270;112;22;0;1;0.9667;123;19;4
org.apache.tomcat.util.modeler.BaseModelMBean.addNotificationListener(NotificationListener, NotificationFilter, Object);org.apache.juli.logging.Log;0;0;3;0.9444;284;28;9;2;0;0.9048;18;18;0
org.apache.tomcat.util.net.AbstractEndpoint.unlockAccept();org.apache.juli.logging.Log;2;0;5;0.9605;397;29;69;3;0;0.8800;18;18;0
org.apache.catalina.mbeans.MBeanFactory.createStandardContext(String, String, String, boolean, boolean, boolean, boolean);org.apache.catalina.Container;2;3;2;0.9348;401;31;3;2;0;0.9600;35;35;6
org.apache.jasper.runtime.PageContextImpl._initialize(Servlet, ServletRequest, ServletResponse, String, boolean, int, boolean);org.apache.jasper.runtime.JspWriterImpl;0;1;12;0.7593;634;40;16;1;0;0.9825;233;36;7
org.apache.el.parser.ELParser.Null();org.apache.el.parser.JJTELParserState;2;1;1;0.9853;2270;112;22;2;0;0.9000;74;10;5
org.apache.catalina.startup.TaglibUriRule.body(String, String, String);org.apache.juli.logging.Log;1;0;1;0.9167;25;1;1;3;0;0.8846;18;18;0
org.apache.catalina.loader.WebappLoader.setSearchExternalFirst(boolean);org.apache.catalina.loader.WebappClassLoader;0;0;0;0;0;0;0;0;0;0;0;0;0
org.apache.el.parser.ELParser.Identifier();org.apache.el.parser.Token;4;1;1;0.9855;2270;112;22;0;1;0.9474;24;3;9
org.apache.catalina.core.StandardEngine.logAccess(Request, Response, long, boolean);org.apache.catalina.Container;0;0;0;0;0;0;0;0;0;0;0;0;0
org.apache.jasper.compiler.Parser.parseTagDependentBody(Node, String);org.apache.jasper.compiler.ErrorDispatcher;0;0;3;0.9552;1185;55;13;1;0;0.9630;158;22;2
org.apache.catalina.session.PersistentManagerBase.setContainer(Container);org.apache.catalina.Container;0;0;0;1.0000;421;30;12;2;0;0.9487;35;35;6
org.apache.catalina.core.ApplicationDispatcher.forward(ServletRequest, ServletResponse);org.apache.catalina.Globals;1;1;0;0.9545;421;14;11;0;1;1.0000;0;0;39
org.apache.catalina.connector.RequestFacade.getLocalAddr();org.apache.catalina.connector.Request;0;0;2;0.9859;450;69;2;1;0;0.9943;1203;127;53
org.apache.jasper.compiler.Parser.checkUnbalancedEndTag();org.apache.jasper.compiler.JspReader;0;0;4;0.9412;1185;55;13;3;0;0.9250;304;23;9
org.apache.coyote.http11.Http11Processor.prepareRequest();org.apache.tomcat.util.buf.MessageBytes;6;2;3;0.9273;731;12;7;5;1;0.9211;380;30;16
org.apache.catalina.tribes.group.interceptors.TcpPingInterceptor.sendPing();org.apache.catalina.tribes.group.interceptors.StaticMembershipInterceptor;0;1;3;0.7333;78;6;10;1;0;0.9375;56;7;2
org.apache.catalina.core.ApplicationContext.populateSessionTrackingModes();org.apache.catalina.core.ContainerBase;0;0;3;0.9595;645;60;13;1;0;0.9884;555;53;27
org.apache.jasper.compiler.Collector.CollectVisitor.checkSeen(Node.ChildInfo, Node);org.apache.jasper.compiler.Node.ChildInfo;3;0;6;0.8065;114;15;6;0;6;0.6471;36;0;6
org.apache.tomcat.util.http.Cookies.toString();org.apache.tomcat.util.http.ServerCookie;0;2;0;0.8182;247;12;6;1;0;0.9231;136;5;12
org.apache.jasper.compiler.Parser.parseComment(Node);org.apache.jasper.compiler.JspReader;0;0;3;0.9552;1185;55;13;3;0;0.9211;304;23;9
org.apache.catalina.startup.ContextConfig.processAnnotationWebServlet(String, AnnotationEntry, WebXml);org.apache.tomcat.util.bcel.classfile.AnnotationEntry;4;2;1;0.9672;1103;37;18;1;0;0.9630;30;4;5
org.apache.catalina.mbeans.NamingResourcesMBean.addResource(String, String);org.apache.catalina.deploy.ResourceBase;1;0;1;0.9444;138;9;2;0;2;0.9048;43;9;7
org.apache.catalina.connector.Request.getPathTranslated();org.apache.catalina.Context;0;1;1;0.9885;1203;127;53;1;0;0.9929;139;139;1
org.apache.tomcat.util.http.mapper.Mapper.compareIgnoreCase(CharChunk, int, int, String);org.apache.tomcat.util.buf.CharChunk;1;0;0;1.0000;837;39;5;0;1;0.9792;393;39;8
org.apache.tomcat.util.net.JIoEndpoint.processSocket(Socket);org.apache.tomcat.util.res.StringManager;1;0;1;1.0000;195;10;6;1;0;0.9000;52;3;3
org.apache.tomcat.util.buf.MessageBytes.setInt(int);org.apache.tomcat.util.buf.ByteChunk;1;0;8;0.8409;380;30;16;2;2;0.9259;425;43;10
org.apache.jasper.compiler.Node.ParamAction.accept(Visitor);org.apache.jasper.compiler.Node.Visitor;0;0;0;1.0000;15;1;1;1;0;0.9714;126;35;0
org.apache.coyote.RequestInfo.getProtocol();org.apache.tomcat.util.buf.MessageBytes;1;0;1;0.9643;134;13;14;1;0;0.9767;380;30;16
org.apache.tomcat.util.net.AprEndpoint.Sendfile.add(SendfileData);org.apache.tomcat.util.net.AprEndpoint;4;0;1;0.9524;187;5;6;0;1;1.0000;471;17;35
org.apache.jasper.compiler.TagLibraryInfoImpl.createAttribute(TreeNode, String);org.apache.juli.logging.Log;0;0;1;0.9615;528;14;6;2;0;0.9130;18;18;0
org.apache.catalina.realm.CombinedRealm.authenticate(X509Certificate[]);org.apache.juli.logging.Log;2;0;2;0.9333;151;12;2;2;0;0.9000;18;18;0
org.apache.catalina.tribes.group.interceptors.TwoPhaseCommitInterceptor.sendMessage(Member[], ChannelMessage, InterceptorPayload);org.apache.catalina.tribes.util.UUIDGenerator;0;0;3;0.9286;69;3;6;1;0;1.0000;26;3;6
org.apache.catalina.session.ManagerBase.processExpires();org.apache.juli.logging.Log;0;2;2;0.9545;518;58;32;2;0;0.9130;18;18;0
org.apache.tomcat.util.http.fileupload.FileUploadBase.FileItemIteratorImpl.findNextItem();org.apache.tomcat.util.http.fileupload.FileUploadBase;1;1;8;0.6400;122;4;8;4;2;0.8857;187;14;12
org.apache.catalina.tribes.transport.bio.BioReplicationTask.run();org.apache.catalina.tribes.transport.RxTaskPool;0;1;3;0.7500;92;6;3;1;0;0.9474;89;5;7
org.apache.jasper.compiler.Dumper.DumpVisitor.visit(Node.ParamsAction);org.apache.jasper.compiler.Node;1;3;0;0.8929;122;27;1;0;1;0.9655;163;7;15
org.apache.catalina.ssi.SSIFlastmod.formatDate(Date, String);org.apache.catalina.util.Strftime;1;0;0;1.0000;31;2;0;1;0;0.8889;93;6;2
org.apache.coyote.http11.AbstractOutputBuffer.nextRequest();org.apache.coyote.Response;0;0;6;0.8182;200;22;11;1;0;0.9773;250;19;18
org.apache.catalina.core.ApplicationContextFacade.getFilterRegistrations();org.apache.catalina.security.SecurityUtil;0;1;1;0.9672;514;57;3;1;0;1.0000;146;11;17
org.apache.catalina.manager.ManagerServlet.stop(PrintWriter, String);org.apache.catalina.Lifecycle;1;0;4;0.9375;924;35;13;1;0;0.9167;6;6;11
org.apache.jasper.compiler.JspReader.hasMoreInput();org.apache.jasper.compiler.Mark;1;1;2;0.9143;304;23;9;0;2;0.9167;95;7;11
org.apache.coyote.Request.getCharacterEncoding();org.apache.tomcat.util.http.ContentType;0;1;1;0.9615;221;18;34;1;0;1.0000;28;2;0
org.apache.coyote.ajp.AjpAprProtocol.getAddress();org.apache.tomcat.util.net.AbstractEndpoint;1;0;1;0.9815;219;40;15;0;1;0.9859;397;29;69
org.apache.catalina.ha.tcp.ReplicationValve.sendCrossContextSession(CatalinaCluster);org.apache.catalina.Session;1;1;5;0.8857;278;16;17;1;0;0.9750;32;32;4
org.apache.el.parser.ELParser.jj_ntk();org.apache.el.parser.Token;1;0;4;0.9704;2270;112;22;0;2;0.8824;24;3;9
org.apache.tomcat.util.net.NioEndpoint.SocketProcessor.run();org.apache.tomcat.util.net.NioEndpoint.Poller;5;0;2;0.9200;91;2;2;2;1;0.9286;396;15;6
org.apache.catalina.deploy.WebXml.mergeServlet(ServletDef, ServletDef, boolean);org.apache.catalina.deploy.ServletDef;1;1;0;1.0000;1536;45;42;10;5;0.5161;93;17;15
org.apache.jasper.compiler.Validator.DirectiveVisitor.visit(Node.PageDirective);org.apache.jasper.compiler.Node.Root;6;0;4;0.9268;214;7;4;0;1;0.9773;56;2;8
org.apache.catalina.connector.Response.doIsEncodeable(Request, Session, String);org.apache.catalina.connector.Request;1;1;0;0.9896;596;70;20;3;0;0.9834;1203;127;53
org.apache.coyote.http11.AbstractHttp11Protocol.getCrlFile();org.apache.tomcat.util.net.AbstractEndpoint;1;0;1;0.9909;382;89;22;0;1;0.9859;397;29;69
org.apache.catalina.session.StandardSession.removeAttributeInternal(String, boolean);org.apache.tomcat.util.res.StringManager;0;2;3;0.9500;585;58;24;1;0;0.9231;52;3;3
org.apache.catalina.valves.CometConnectionManagerValve.lifecycleEvent(LifecycleEvent);org.apache.catalina.comet.CometEvent;3;0;3;0.9200;136;8;4;0;2;0.9130;6;6;2
org.apache.tomcat.util.digester.Digester.popParams();org.apache.tomcat.util.digester.ArrayStack;0;0;2;0.9853;849;103;29;1;0;0.9231;53;6;1
org.apache.catalina.core.ContainerBase.setCluster(Cluster);org.apache.catalina.Lifecycle;0;0;3;0.9756;555;53;27;2;0;0.8182;6;6;11
org.apache.catalina.core.StandardContext.addInjectionTarget(Injectable, Map<String,Map<String,String>>);org.apache.catalina.deploy.Injectable;1;0;0;1.0000;2421;209;114;2;0;0.6000;3;3;0
org.apache.tomcat.util.digester.Digester.pop();org.apache.tomcat.util.digester.ArrayStack;0;0;2;0.9851;849;103;29;1;0;0.9091;53;6;1
org.apache.catalina.tribes.transport.bio.util.FastQueue.setEnabled(boolean);org.apache.catalina.tribes.transport.bio.util.SingleRemoveSynchronizedAddLock;0;0;4;0.8400;172;11;14;1;0;0.9444;88;6;7
org.apache.jasper.compiler.Collector.collect(Compiler, Node.Nodes);org.apache.jasper.compiler.Compiler;1;0;0;1.0000;5;1;0;0;1;0.9524;310;11;8
org.apache.tomcat.util.bcel.classfile.FieldOrMethod.getName();org.apache.tomcat.util.bcel.classfile.ConstantPool;2;0;2;0.8333;31;3;5;1;0;0.9167;130;7;2
org.apache.catalina.mbeans.MBeanUtils.createObjectName(String, Valve);org.apache.catalina.Context;1;1;0;1.0000;706;52;4;1;0;0.9931;139;139;1
org.apache.catalina.connector.CoyoteAdapter.convertURI(MessageBytes, Request);org.apache.catalina.connector.Request;4;0;2;0.9630;620;12;9;0;1;0.9948;1203;127;53
org.apache.catalina.tribes.membership.McastServiceImpl.checkExpired();org.apache.catalina.tribes.membership.Membership;0;0;5;0.9048;309;12;28;1;0;0.9630;137;11;6
org.apache.catalina.core.ApplicationContextFacade.getClassLoader();org.apache.catalina.security.SecurityUtil;0;1;1;0.9672;514;57;3;1;0;1.0000;146;11;17
org.apache.catalina.tribes.membership.Membership.MemberComparator.compare(Member, Member);org.apache.catalina.tribes.Member;0;0;0;1.0000;6;1;0;1;0;0.9231;13;13;1
org.apache.catalina.core.NamingContextListener.lifecycleEvent(LifecycleEvent);org.apache.catalina.deploy.NamingResources;4;2;9;0.7857;745;23;11;2;0;0.9701;342;36;13
org.apache.catalina.mbeans.MBeanUtils.destroyMBean(Connector, Service);org.apache.catalina.Service;1;1;1;1.0000;706;52;4;1;0;0.9545;15;15;0
org.apache.catalina.ha.deploy.FarmWarDeployer.remove(String);org.apache.catalina.Container;0;5;3;0.8511;376;28;17;1;0;0.9778;35;35;6
org.apache.catalina.servlets.WebdavServlet.parseProperties(HttpServletRequest, XMLWriter, String, int, Vector<String>);org.apache.naming.resources.ResourceAttributes;3;2;3;0.9592;1461;29;24;4;0;0.9298;515;30;30
org.apache.naming.NamingContextEnumeration.nextElement();org.apache.naming.NamingEntry;1;0;1;0.8571;18;5;1;0;2;0.7143;16;2;7
org.apache.tomcat.util.digester.CallMethodRule.end(String, String);org.apache.tomcat.util.IntrospectionUtils;2;1;5;0.8065;206;7;7;1;0;1.0000;595;31;4
org.apache.jasper.JspCompilationContext.getResource(String);org.apache.jasper.compiler.JarResource;0;0;0;0;0;0;0;0;0;0;0;0;0
org.apache.coyote.http11.AbstractHttp11Protocol.setKeystorePass(String);org.apache.tomcat.util.net.AbstractEndpoint;1;0;1;0.9909;382;89;22;0;1;0.9859;397;29;69
org.apache.catalina.connector.Response.sendError(int, String);org.apache.catalina.connector.Request;1;5;3;0.9239;596;70;20;1;0;0.9946;1203;127;53
org.apache.catalina.mbeans.MBeanUtils.destroyMBean(Manager);org.apache.tomcat.util.modeler.ManagedBean;0;2;2;1.0000;706;52;4;1;0;0.9714;252;23;13
org.apache.tomcat.util.bcel.classfile.Constant.hashCode();org.apache.tomcat.util.bcel.util.BCELComparator;0;0;1;1.0000;48;6;2;1;0;0.5000;2;2;0
org.apache.catalina.users.MemoryUserDatabase.removeRole(Role);org.apache.catalina.Group;0;2;1;0.9118;252;22;10;1;0;0.9375;11;11;0
org.apache.jasper.compiler.Node.PlugIn.accept(Visitor);org.apache.jasper.compiler.Node.Visitor;0;0;0;1.0000;21;1;2;1;0;0.9714;126;35;0
org.apache.catalina.realm.RealmBase.findSecurityConstraints(Request, Context);org.apache.tomcat.util.buf.MessageBytes;0;1;1;0.9836;672;37;22;1;0;0.9804;380;30;16
org.apache.catalina.ssi.SSIMediator.getFileLastModified(String, boolean);org.apache.catalina.ssi.SSIExternalResolver;0;0;1;0.9615;190;16;13;1;0;0.8889;8;8;0
org.apache.coyote.http11.Http11NioProcessor.action(ActionCode, Object);org.apache.tomcat.util.net.NioEndpoint.KeyAttachment;13;1;9;0.8816;840;14;11;0;2;0.9753;121;13;8
org.apache.tomcat.util.http.mapper.Mapper.internalMapWrapper(Context, CharChunk, MappingData);org.apache.tomcat.util.buf.CharChunk;2;3;0;0.9444;837;39;5;4;3;0.8986;393;39;8
org.apache.el.parser.ELParserTokenManager.jjMoveStringLiteralDfa1_0(long);org.apache.el.parser.SimpleCharStream;0;3;2;0.8837;994;32;25;1;0;0.9818;257;26;16
org.apache.coyote.RequestInfo.getRequestBytesSent();org.apache.coyote.Response;2;0;1;0.9643;134;13;14;0;1;0.9744;250;19;18
org.apache.catalina.session.PersistentManagerBase.stopInternal();org.apache.catalina.session.StandardSession;0;2;2;0.9375;421;30;12;2;0;0.9770;585;58;24
org.apache.jasper.compiler.JspDocumentParser.parseCustomAction(String, String, String, Attributes, Attributes, Attributes, Mark, Node);org.apache.jasper.compiler.Localizer;0;1;2;0.9318;663;28;20;1;0;1.0000;34;6;1
org.apache.coyote.http11.InternalNioOutputBuffer.sendAck();org.apache.tomcat.util.net.NioChannel;2;1;1;0.8889;117;9;5;0;1;0.9583;83;15;5
org.apache.jasper.compiler.Generator.GenerateVisitor.generateNamedAttributeValue(Node.NamedAttribute);org.apache.jasper.compiler.Generator;1;0;1;0.9848;1736;44;16;1;0;1.0000;782;28;18
org.apache.jasper.compiler.Validator.ValidateVisitor.visit(Node.JspRoot);org.apache.jasper.compiler.JspUtil;0;0;2;0.9773;735;37;19;1;0;1.0000;608;37;6
org.apache.catalina.tribes.group.interceptors.GzipInterceptor.messageReceived(ChannelMessage);org.apache.catalina.tribes.ChannelMessage;1;1;1;1.0000;47;5;2;1;0;0.9444;11;11;0
org.apache.catalina.connector.RequestFacade.GetHeaderNamesPrivilegedAction.run();org.apache.catalina.connector.Request;1;0;0;1.0000;3;1;0;1;0;0.9943;1203;127;53
org.apache.tomcat.util.net.AprEndpoint.SocketWithOptionsProcessor.run();org.apache.tomcat.util.net.AprEndpoint.Poller;2;0;1;0.8750;20;1;1;1;0;0.9444;168;4;7
org.apache.jasper.compiler.Validator.ValidateVisitor.validateFunctions(ELNode.Nodes, Node);org.apache.jasper.compiler.ErrorDispatcher;4;1;2;0.9412;735;37;19;1;0;0.9697;158;22;2
org.apache.catalina.ha.backend.TcpSender.send(String);org.apache.juli.logging.Log;2;1;6;0.5000;138;3;6;1;0;0.9643;18;18;0
org.apache.catalina.servlets.DefaultServlet.renderHtml(String, CacheEntry);org.apache.catalina.util.TomcatCSS;3;3;2;0.9310;1001;37;20;0;1;1.0000;0;0;1
org.apache.coyote.http11.Http11NioProcessor.action(ActionCode, Object);org.apache.tomcat.util.buf.MessageBytes;13;1;9;0.8816;840;14;11;2;0;0.9800;380;30;16
org.apache.el.parser.ELParserTokenManager.getNextToken();org.apache.el.parser.TokenMgrError;1;3;7;0.8333;994;32;25;0;1;1.0000;59;3;6
org.apache.catalina.valves.ErrorReportValve.report(Request, Response, Throwable);org.apache.tomcat.util.res.StringManager;2;1;1;0.9333;135;4;2;1;0;0.9375;52;3;3
org.apache.tomcat.util.net.AprEndpoint.Acceptor.run();org.apache.tomcat.jni.Socket;1;0;0;1.0000;20;1;0;2;0;1.0000;37;37;34
org.apache.coyote.http11.AbstractOutputBuffer.write(MessageBytes);org.apache.tomcat.util.buf.MessageBytes;1;3;0;0.9143;200;22;11;1;5;0.9091;380;30;16
org.apache.catalina.core.StandardContext.adjustURLPattern(String);org.apache.juli.logging.Log;1;1;1;0.9969;2421;209;114;2;0;0.8947;18;18;0
org.apache.catalina.tribes.group.interceptors.NonBlockingCoordinator.CoordinationMessage.getHeader();org.apache.catalina.tribes.group.interceptors.NonBlockingCoordinator;1;0;0;1.0000;90;8;7;0;1;1.0000;352;38;15
org.apache.catalina.core.StandardContext.startInternal();org.apache.catalina.Cluster;6;27;13;0.8904;2421;209;114;2;0;0.9762;11;11;0
org.apache.el.parser.ELParser.DotSuffix();org.apache.el.parser.ELParserTreeConstants;4;1;1;0.9856;2270;112;22;0;1;0.9767;0;0;35
org.apache.el.parser.AstEqual.getValue(EvaluationContext);org.apache.el.parser.Node;0;0;0;1.0000;8;1;0;1;0;0.9444;17;17;0
org.apache.catalina.ha.session.JvmRouteSessionIDBinderListener.start();org.apache.tomcat.util.res.StringManager;0;0;1;0.9167;54;5;3;1;0;0.9000;52;3;3
org.apache.catalina.core.StandardWrapper.loadServlet();org.apache.catalina.Container;3;4;11;0.8824;748;76;36;1;0;0.9836;35;35;6
org.apache.catalina.core.ApplicationContextFacade.getServletRegistration(String);org.apache.catalina.core.ApplicationContext;0;1;1;0.9672;514;57;3;1;0;0.9859;645;60;13
org.apache.coyote.ajp.AjpAprProtocol.setThreadPriority(int);org.apache.tomcat.util.net.AbstractEndpoint;1;0;1;0.9815;219;40;15;0;0;1.0000;397;29;69
org.apache.catalina.core.NamingContextListener.createObjectName(ContextResource);org.apache.catalina.Container;1;0;1;0.9737;745;23;11;1;0;0.9762;35;35;6
org.apache.coyote.http11.Http11AprProcessor.parseHost(MessageBytes);org.apache.tomcat.util.buf.MessageBytes;5;0;6;0.9167;954;28;36;2;1;0.9444;380;30;16
org.apache.catalina.authenticator.AuthenticatorBase.invoke(Request, Response);org.apache.catalina.Container;2;1;6;0.9020;293;17;18;1;0;0.9839;35;35;6
org.apache.el.parser.AstValue.getValue(EvaluationContext);org.apache.el.lang.EvaluationContext;0;0;0;1.0000;148;10;1;3;0;0.8125;35;7;3
org.apache.tomcat.util.http.mapper.Mapper.map(MessageBytes, MessageBytes, MappingData);org.apache.tomcat.util.buf.CharChunk;1;1;1;0.9394;837;39;5;1;0;0.9811;393;39;8
org.apache.el.parser.ELParser.ReInit(java.io.Reader);org.apache.el.parser.JJTELParserState;1;0;8;0.9403;2270;112;22;1;0;0.9600;74;10;5
org.apache.catalina.ha.tcp.ReplicationValve.sendInvalidSessions(ClusterManager, CatalinaCluster);org.apache.catalina.ha.ClusterManager;1;1;2;0.9688;278;16;17;1;0;0.9412;15;15;0
org.apache.jasper.compiler.Validator.ValidateVisitor.checkNamedAttributes(Node.CustomTag, Node.JspAttribute[], int, Hashtable<String,Object>);org.apache.jasper.compiler.Node;3;0;1;0.9825;735;37;19;1;3;0.8974;163;7;15
org.apache.tomcat.util.http.fileupload.MultipartStream.ItemInputStream.skip(long);org.apache.tomcat.util.http.fileupload.MultipartStream;1;2;1;0.7692;127;8;5;0;1;0.9600;166;11;19
org.apache.catalina.core.ApplicationContext.getRealPath(String);org.apache.catalina.core.StandardContext;0;0;1;0.9855;645;60;13;1;0;0.9969;2421;209;114
org.apache.tomcat.util.net.JIoEndpoint.SocketProcessor.run();org.apache.tomcat.util.net.SocketWrapper;2;0;2;0.8889;49;1;2;1;4;0.7917;60;2;11
org.apache.el.parser.ELParser.jj_3R_69();org.apache.el.parser.ELParserConstants;1;1;0;0.9925;2270;112;22;0;1;0.9825;0;0;56
org.apache.jasper.compiler.ParserController.parse(String);org.apache.jasper.JspCompilationContext;1;1;3;0.8462;281;12;13;0;2;0.9692;426;31;31
org.apache.jasper.compiler.Generator.GenerateVisitor.visit(Node.UseBean);org.apache.jasper.compiler.Node;7;0;1;0.9875;1736;44;16;1;2;0.9333;163;7;15
org.apache.catalina.connector.Response.hasScheme(String);org.apache.tomcat.util.net.URL;0;0;0;1.0000;596;70;20;1;0;1.0000;298;17;9
org.apache.catalina.loader.WebappClassLoader.getResourceAsStream(String);org.apache.juli.logging.Log;0;2;5;0.9333;1601;58;35;2;0;0.9167;18;18;0
org.apache.catalina.connector.ResponseFacade.SetContentTypePrivilegedAction.run();org.apache.catalina.connector.ResponseFacade;1;0;1;0.6667;7;1;1;0;1;0.9767;224;40;2
org.apache.catalina.ha.session.JvmRouteBinderValve.changeSessionID(Request, String, String, Session);org.apache.juli.logging.Log;1;2;3;0.8571;165;11;7;2;0;0.9200;18;18;0
org.apache.catalina.startup.TldConfig.tldScanWebXml();org.apache.tomcat.util.res.StringManager;1;1;6;0.8519;291;15;15;1;0;0.9333;52;3;3
org.apache.catalina.mbeans.ServerLifecycleListener.destroyMBeans(ContextResource);org.apache.juli.logging.Log;0;0;1;1.0000;563;31;2;2;0;0.8889;18;18;0
org.apache.catalina.connector.Response.getWriter();org.apache.tomcat.util.res.StringManager;0;2;6;0.9326;596;70;20;1;0;0.9167;52;3;3
org.apache.jasper.compiler.Generator.TagHandlerPoolVisitor.createTagHandlerPoolName(String, String, Attributes, Node.Nodes, boolean);org.apache.jasper.compiler.JspUtil;2;0;0;1.0000;37;2;1;1;0;1.0000;608;37;6
org.apache.coyote.http11.AbstractHttp11Protocol.getExecutor();org.apache.tomcat.util.net.AbstractEndpoint;1;0;1;0.9909;382;89;22;0;1;0.9859;397;29;69
org.apache.jasper.compiler.Generator.GenerateVisitor.prepareParams(Node);org.apache.jasper.compiler.Node;2;0;0;1.0000;1736;44;16;0;1;0.9643;163;7;15
org.apache.tomcat.util.net.NioEndpoint.Poller.register(NioChannel);org.apache.tomcat.util.net.NioEndpoint.KeyAttachment;3;1;0;0.9677;396;15;6;2;0;0.9355;121;13;8
org.apache.catalina.realm.RealmBase.hasUserDataPermission(Request, Response, SecurityConstraint[]);org.apache.juli.logging.Log;2;0;1;1.0000;672;37;22;2;0;0.9310;18;18;0
org.apache.catalina.startup.HostConfig.deployDirectory(String, File, String);org.apache.juli.logging.Log;2;3;7;0.8833;793;36;16;4;0;0.8824;18;18;0
org.apache.el.parser.AstChoice.getValue(EvaluationContext);org.apache.el.parser.Node;0;0;0;1.0000;12;2;0;1;0;0.9444;17;17;0
org.apache.tomcat.util.bcel.classfile.ConstantValue.toString();org.apache.tomcat.util.bcel.classfile.Constant;8;0;1;0.9333;43;3;1;0;1;0.9375;48;6;2
org.apache.catalina.tribes.transport.nio.NioReceiver.stopListening();org.apache.juli.logging.Log;0;1;2;0.9048;269;15;8;1;0;0.9524;18;18;0
org.apache.catalina.valves.ExtendedAccessLogValve.RequestHeaderElement.addElement(StringBuilder, Date, Request, Response, long);org.apache.catalina.connector.Request;0;0;1;0.6667;6;1;1;1;0;0.9943;1203;127;53
org.apache.catalina.mbeans.MBeanFactory.getParentContainerFromChild(ObjectName);org.apache.catalina.core.ContainerBase;0;2;0;0.9412;401;31;3;1;0;0.9877;555;53;27
org.apache.tomcat.util.net.AbstractEndpoint.adjustRelativePath(String, String);org.apache.juli.logging.Log;0;0;1;1.0000;397;29;69;1;0;0.9444;18;18;0
org.apache.tomcat.util.modeler.modules.MbeansDescriptorsDigesterSource.createDigester(Registry);org.apache.tomcat.util.digester.Digester;1;0;0;1.0000;77;3;7;5;2;0.9474;849;103;29
org.apache.tomcat.util.modeler.BaseModelMBean.addNotificationListener(NotificationListener, NotificationFilter, Object);org.apache.tomcat.util.modeler.BaseNotificationBroadcaster;0;0;3;0.9444;284;28;9;1;0;0.9091;54;6;1
org.apache.tomcat.util.bcel.classfile.ClassParser.readAttributes();org.apache.tomcat.util.bcel.classfile.Attribute;0;0;3;0.8750;106;9;16;1;0;1.0000;98;6;5
org.apache.catalina.startup.Tomcat.initWebappDefaults(Context);org.apache.catalina.Container;0;1;1;1.0000;253;24;14;1;0;0.9756;35;35;6
org.apache.coyote.http11.Http11Processor.process(SocketWrapper<Socket>);org.apache.coyote.http11.InternalInputBuffer;7;3;6;0.8596;731;12;7;2;0;0.9615;240;5;0
org.apache.coyote.http11.Http11AprProcessor.asyncDispatch(long, SocketStatus);org.apache.coyote.Request;0;0;0;0;0;0;0;0;0;0;0;0;0
org.apache.jasper.compiler.TagLibraryInfoImpl.createTagFileInfo(TreeNode, JarResource);org.apache.jasper.xmlparser.TreeNode;0;0;4;0.8519;528;14;6;3;0;0.8929;109;13;5
org.apache.catalina.core.StandardPipeline.addValve(Valve);org.apache.catalina.Container;1;1;4;0.8519;233;15;5;1;1;0.9778;35;35;6
org.apache.catalina.servlets.WebdavServlet.copyResource(HttpServletRequest, HttpServletResponse);org.apache.catalina.util.RequestUtil;1;4;1;0.8611;1461;29;24;2;0;1.0000;189;13;3
org.apache.catalina.ha.tcp.SimpleTcpCluster.startInternal();org.apache.catalina.ha.ClusterDeployer;0;2;4;0.9254;368;43;29;1;0;0.9500;7;7;1
org.apache.catalina.startup.UserConfig.start();org.apache.tomcat.util.res.StringManager;0;1;2;0.8947;87;10;8;1;0;0.9000;52;3;3
org.apache.jasper.compiler.Parser.parseUseBean(Node);org.apache.jasper.compiler.JspReader;0;2;2;0.9375;1185;55;13;1;0;0.9737;304;23;9
org.apache.catalina.ha.session.DeltaSession.expire(boolean, boolean);org.apache.catalina.ha.ClusterManager;2;0;3;0.9836;399;42;7;1;0;0.9643;15;15;0
org.apache.catalina.valves.PersistentValve.invoke(Request, Response);org.apache.catalina.connector.Request;0;1;1;0.9688;80;3;2;3;0;0.9851;1203;127;53
org.apache.catalina.core.StandardPipeline.addValve(Valve);org.apache.catalina.Contained;1;1;4;0.8519;233;15;5;1;0;0.9167;2;2;0
org.apache.catalina.connector.CoyoteAdapter.log(org.apache.coyote.Request, org.apache.coyote.Response, long);org.apache.catalina.Service;0;0;0;0;0;0;0;0;0;0;0;0;0
org.apache.jasper.compiler.Validator.ValidateVisitor.getJspAttribute(TagAttributeInfo, String, String, String, String, Node, boolean);org.apache.jasper.compiler.ELParser;5;0;2;0.9615;735;37;19;1;0;1.0000;206;12;10
org.apache.catalina.startup.SetParentClassLoaderRule.begin(String, String, Attributes);org.apache.juli.logging.Log;1;0;1;0.8571;8;1;1;2;0;0.9130;18;18;0
org.apache.el.parser.ELParser.Unary();org.apache.el.parser.ELParserConstants;2;4;4;0.9536;2270;112;22;0;12;0.8286;0;0;56
org.apache.catalina.servlets.WebdavServlet.parseLockNullProperties(HttpServletRequest, XMLWriter, String, int, Vector<String>);org.apache.catalina.servlets.WebdavStatus;2;3;4;0.8974;1461;29;24;1;2;1.0000;12;2;27
org.apache.coyote.ajp.AjpMessage.appendByteChunk(ByteChunk);org.apache.tomcat.util.res.StringManager;1;3;2;0.8966;235;23;5;1;0;0.9167;52;3;3
org.apache.jasper.compiler.Node.VariableDirective.accept(Visitor);org.apache.jasper.compiler.Node.Visitor;0;0;0;1.0000;9;1;0;1;0;0.9714;126;35;0
org.apache.catalina.connector.CoyoteAdapter.postParseRequest(org.apache.coyote.Request, Request, org.apache.coyote.Response, Response);org.apache.catalina.core.ApplicationSessionCookieConfig;11;4;2;0.9583;620;12;9;0;0;1.0000;85;2;7
org.apache.tomcat.util.bcel.classfile.JavaClass.hashCode();org.apache.tomcat.util.bcel.util.BCELComparator;0;0;1;1.0000;133;7;15;1;0;0.5000;2;2;0
org.apache.tomcat.util.digester.Digester.startElement(String, String, String, Attributes);org.apache.juli.logging.Log;1;3;6;0.9343;849;103;29;3;0;0.8966;18;18;0
org.apache.catalina.tribes.io.ChannelData.getDataFromPackage(byte[]);org.apache.catalina.tribes.io.XByteBuffer;1;0;5;0.7500;165;14;7;3;1;0.9333;317;36;7
org.apache.jasper.compiler.JspDocumentParser.checkScriptingBody(Node.ScriptingElement);org.apache.jasper.compiler.TagConstants;2;0;0;1.0000;663;28;20;0;3;1.0000;0;0;57
org.apache.tomcat.util.buf.MessageBytes.getInt();org.apache.tomcat.util.buf.ByteChunk;0;1;5;0.8780;380;30;16;1;0;0.9808;425;43;10
org.apache.catalina.core.StandardContext.removeServletMapping(String);org.apache.catalina.Wrapper;0;0;3;0.9907;2421;209;114;1;0;0.9778;39;39;0
org.apache.tomcat.util.buf.MessageBytes.startsWithIgnoreCase(String, int);org.apache.tomcat.util.buf.CharChunk;0;0;7;0.9048;380;30;16;1;0;0.9811;393;39;8
org.apache.el.parser.AstIdentifier.invoke(EvaluationContext, Class<?>[], Object[]);org.apache.el.lang.EvaluationContext;1;1;0;0.8750;93;7;0;0;1;0.9167;35;7;3
org.apache.catalina.session.ManagerBase.getObjectNameKeyProperties();org.apache.catalina.Container;0;0;0;0;0;0;0;0;0;0;0;0;0
org.apache.catalina.startup.HostConfig.lifecycleEvent(LifecycleEvent);org.apache.juli.logging.Log;3;3;7;0.8519;793;36;16;1;0;0.9688;18;18;0
org.apache.catalina.connector.RequestFacade.getCookies();org.apache.tomcat.util.res.StringManager;0;0;2;0.9859;450;69;2;1;0;0.8571;52;3;3
org.apache.catalina.manager.ManagerServlet.start(PrintWriter, String);org.apache.catalina.Lifecycle;1;0;3;0.9574;924;35;13;1;0;0.9000;6;6;11
org.apache.coyote.ajp.AjpProtocol.AjpConnectionHandler.register(AjpProcessor);org.apache.coyote.ajp.AjpProtocol;4;0;3;0.8421;90;5;5;1;2;0.9655;201;32;16
org.apache.catalina.core.StandardContext.getAuthenticator();org.apache.catalina.Pipeline;0;0;0;1.0000;2421;209;114;2;0;0.8000;9;9;0
org.apache.tomcat.util.digester.CallMethodRule.end(String, String);org.apache.juli.logging.Log;2;1;5;0.8065;206;7;7;4;0;0.8667;18;18;0
org.apache.jasper.compiler.Generator.GenBuffer.adjustJavaLines(int);org.apache.jasper.compiler.Node.Nodes;0;1;2;0.7500;47;3;4;1;0;0.9167;43;5;3
org.apache.naming.NamingService.start();org.apache.naming.Constants;2;0;4;0.6364;71;8;4;0;1;1.0000;0;0;2
org.apache.catalina.core.ApplicationContext.createFilter(Class<T>);org.apache.tomcat.InstanceManager;1;0;1;0.9857;645;60;13;1;0;0.8333;4;4;0
org.apache.coyote.http11.Http11NioProtocol.Http11ConnectionHandler.release(NioChannel);org.apache.coyote.http11.Http11NioProcessor;0;0;2;0.8462;177;8;6;1;0;0.9630;840;14;11
org.apache.tomcat.util.buf.MessageBytes.getLength();org.apache.tomcat.util.buf.ByteChunk;0;1;7;0.8810;380;30;16;1;0;0.9811;425;43;10
org.apache.catalina.connector.RequestFacade.logout();org.apache.catalina.connector.Request;0;0;1;0.9857;450;69;2;1;0;0.9943;1203;127;53
org.apache.coyote.http11.Http11AprProtocol.getSSLVerifyDepth();org.apache.tomcat.util.net.AprEndpoint;1;0;1;0.9901;387;76;26;0;1;0.9808;471;17;35
org.apache.catalina.startup.WebRuleSet.recycle();org.apache.catalina.startup.SetLoginConfig;3;0;3;0.8000;246;4;7;0;1;0.8750;8;1;1
org.apache.catalina.core.StandardContext.checkUnusualURLPattern(String);org.apache.juli.logging.Log;0;0;1;1.0000;2421;209;114;2;0;0.8947;18;18;0
org.apache.catalina.session.PersistentManagerBase.setContainer(Container);org.apache.catalina.Context;0;0;0;1.0000;421;30;12;1;0;0.9931;139;139;1
org.apache.tomcat.util.http.mapper.Mapper.map(MessageBytes, MappingData);org.apache.tomcat.util.buf.CharChunk;2;1;1;0.9375;837;39;5;0;1;0.9808;393;39;8
org.apache.catalina.servlets.DefaultServlet.copy(CacheEntry, ServletOutputStream, Range);org.apache.naming.resources.Resource;1;1;1;0.9623;1001;37;20;1;0;0.9091;23;1;2
org.apache.el.parser.AstMinus.getValue(EvaluationContext);org.apache.el.lang.ELArithmetic;0;0;0;1.0000;8;1;0;1;0;1.0000;96;16;5
org.apache.tomcat.util.http.Cookies.getTokenEndPosition(byte, int, int, int, boolean);org.apache.tomcat.util.http.CookieSupport;1;0;0;1.0000;247;12;6;2;2;1.0000;50;5;9
org.apache.catalina.connector.CoyoteAdapter.convertURI(MessageBytes, Request);org.apache.tomcat.util.buf.CharChunk;4;0;2;0.9630;620;12;9;3;3;0.9000;393;39;8
org.apache.catalina.core.ContainerBase.setResources(DirContext);org.apache.naming.resources.ProxyDirContext;1;2;2;0.9487;555;53;27;0;2;1.0000;469;64;15
org.apache.catalina.core.ApplicationJspPropertyGroupDescriptor.getBuffer();org.apache.catalina.deploy.JspPropertyGroup;1;0;1;0.9231;79;12;1;0;1;0.9545;72;9;12
org.apache.catalina.tribes.tipis.AbstractReplicatedMap.replyRequest(Serializable, Member);org.apache.catalina.tribes.Channel;0;1;3;0.9459;741;50;17;1;0;0.9643;15;15;13
org.apache.catalina.connector.OutputBuffer.setBufferSize(int);org.apache.tomcat.util.buf.ByteChunk;1;0;1;0.9750;207;25;15;0;1;0.9792;425;43;10
org.apache.catalina.connector.Request.getRequestDispatcher(String);org.apache.catalina.Globals;1;3;1;0.9770;1203;127;53;0;1;1.0000;0;0;39
org.apache.naming.ContextBindings.bindContext(Object, Context, Object);org.apache.naming.ContextAccessController;0;0;1;1.0000;112;21;6;1;0;1.0000;25;6;2
org.apache.catalina.connector.RequestFacade.getServerName();org.apache.catalina.connector.Request;0;0;2;0.9859;450;69;2;1;0;0.9943;1203;127;53
org.apache.naming.resources.FileDirContext.list(File);org.apache.juli.logging.Log;2;1;2;0.9355;219;25;5;1;0;0.9524;18;18;0
org.apache.catalina.startup.HostConfig.undeployApps();org.apache.tomcat.util.res.StringManager;1;0;4;0.9630;793;36;16;1;0;0.9231;52;3;3
org.apache.catalina.core.ApplicationServletRegistration.getName();org.apache.catalina.Container;0;0;1;0.9412;132;14;3;1;0;0.9722;35;35;6
org.apache.jasper.compiler.TagLibraryInfoImpl.createTagInfo(TreeNode, String);org.apache.jasper.xmlparser.TreeNode;0;2;3;0.8214;528;14;6;4;0;0.8621;109;13;5
org.apache.jasper.compiler.TagFileProcessor.loadTagFile(Compiler, String, TagInfo, PageInfo);org.apache.jasper.compiler.TldLocation;0;0;0;0;0;0;0;0;0;0;0;0;0
org.apache.jasper.compiler.PageDataImpl.FirstPassVisitor.visit(Node.Root);org.apache.jasper.compiler.PageInfo;4;0;4;0.6667;65;4;4;1;1;0.9759;341;30;46
org.apache.coyote.http11.Http11AprProcessor.action(ActionCode, Object);org.apache.tomcat.util.net.AbstractEndpoint;10;1;19;0.7978;954;28;36;0;4;1.0000;397;29;69
org.apache.catalina.startup.ContextConfig.configureStart();org.apache.catalina.Context;1;5;4;0.8833;1103;37;18;5;0;0.9682;139;139;1
org.apache.jasper.compiler.TldLocationsCache.init();org.apache.jasper.compiler.JarScannerFactory;0;2;4;0.6364;200;9;11;1;0;1.0000;10;1;0
org.apache.jasper.compiler.TagFileProcessor.TagFileDirectiveVisitor.visit(Node.AttributeDirective);org.apache.jasper.compiler.JspUtil;0;1;6;0.8148;204;8;24;2;0;1.0000;608;37;6
org.apache.catalina.ha.tcp.ReplicationValve.createPrimaryIndicator(Request);org.apache.catalina.ha.ClusterSession;1;0;3;0.9744;278;16;17;1;0;0.9091;2;2;0
org.apache.catalina.mbeans.ContextResourceLinkMBean.setAttribute(Attribute);org.apache.catalina.deploy.ContextResourceLink;0;0;0;1.0000;19;1;0;0;0;1.0000;27;2;3
org.apache.catalina.core.ApplicationDispatcher.doForward(ServletRequest, ServletResponse);org.apache.catalina.Globals;2;4;7;0.7222;421;14;11;0;6;1.0000;0;0;39
org.apache.coyote.ajp.AjpAprProcessor.prepareRequest();org.apache.coyote.ajp.Constants;7;1;8;0.8831;623;13;30;0;20;1.0000;5;1;105
org.apache.coyote.http11.Http11Processor.endRequest();org.apache.coyote.Response;1;0;3;0.9200;731;12;7;0;1;0.9778;250;19;18
org.apache.catalina.mbeans.ContextResourceLinkMBean.getAttribute(String);org.apache.catalina.deploy.ResourceBase;0;0;0;0;0;0;0;0;0;0;0;0;0
org.apache.catalina.core.NamingContextListener.containerEvent(ContainerEvent);org.apache.catalina.ContainerEvent;0;15;3;0.5500;745;23;11;2;0;0.9394;18;4;3
org.apache.jasper.compiler.Validator.ValidateVisitor.validateFunctions(ELNode.Nodes, Node);org.apache.jasper.compiler.Node;4;1;2;0.9412;735;37;19;1;0;0.9737;163;7;15
org.apache.jasper.compiler.Generator.GenerateVisitor.prepareParams(Node);org.apache.jasper.compiler.Node.Nodes;2;0;0;1.0000;1736;44;16;2;0;0.8182;43;5;3
org.apache.tomcat.util.modeler.Registry.findManagedBeans(String);org.apache.tomcat.util.modeler.ManagedBean;0;0;1;0.9750;433;33;10;2;0;0.9429;252;23;13
org.apache.tomcat.util.net.AprEndpoint.SocketEventProcessor.run();org.apache.tomcat.util.net.AprEndpoint.Handler;2;0;2;0.6667;10;1;2;1;0;0.8333;2;2;0
org.apache.catalina.connector.ResponseFacade.setStatus(int, String);org.apache.catalina.connector.Response;0;1;1;0.9512;224;40;2;1;0;0.9889;596;70;20
org.apache.el.parser.AstValue.getTarget(EvaluationContext);org.apache.el.util.MessageFactory;0;0;0;1.0000;148;10;1;1;0;1.0000;24;7;1
org.apache.catalina.tribes.group.GroupChannel.InterceptorIterator.next();org.apache.catalina.tribes.ChannelInterceptor;0;1;1;0.6667;17;3;2;1;0;0.9444;16;16;0
org.apache.catalina.tribes.tipis.AbstractReplicatedMap.MapMessage.readMembers(ObjectInput);org.apache.catalina.tribes.membership.MemberImpl;0;0;0;1.0000;159;12;20;1;0;1.0000;300;29;19
org.apache.catalina.connector.RequestFacade.getAttributeNames();org.apache.tomcat.util.res.StringManager;1;0;2;0.9859;450;69;2;1;0;0.8571;52;3;3
org.apache.catalina.tribes.group.GroupChannel.send(Member[], Serializable, int, ErrorHandler);org.apache.catalina.tribes.util.Arrays;5;1;0;0.9783;268;24;9;1;0;1.0000;157;24;1
org.apache.catalina.valves.ExtendedAccessLogValve.open();org.apache.catalina.util.ServerInfo;0;0;0;1.0000;367;10;2;1;0;1.0000;19;4;3
org.apache.catalina.ha.deploy.FarmWarDeployer.install(String, URL);org.apache.catalina.ha.CatalinaCluster;0;0;2;0.9796;376;28;17;3;0;0.8800;20;20;1
org.apache.coyote.http11.Http11NioProcessor.prepareRequest();org.apache.coyote.http11.Constants;7;3;4;0.8814;840;14;11;0;8;1.0000;0;0;44
org.apache.tomcat.util.modeler.ManagedBean.getMBeanInfo();org.apache.tomcat.util.modeler.AttributeInfo;0;5;1;0.8333;252;23;13;1;0;0.9545;55;8;7
org.apache.coyote.ajp.AjpProtocol.getAddress();org.apache.tomcat.util.net.AbstractEndpoint;1;0;1;0.9787;201;32;16;0;1;0.9859;397;29;69
org.apache.catalina.manager.ManagerServlet.reload(PrintWriter, String);org.apache.catalina.util.RequestUtil;1;0;4;0.9375;924;35;13;1;0;1.0000;189;13;3
org.apache.catalina.connector.Request.removeAttribute(String);org.apache.catalina.Globals;2;1;5;0.9721;1203;127;53;0;1;1.0000;0;0;39
org.apache.catalina.mbeans.ServerLifecycleListener.destroyMBeans(ContextResourceLink);org.apache.juli.logging.Log;0;0;1;1.0000;563;31;2;2;0;0.8889;18;18;0
org.apache.jasper.compiler.Validator.DirectiveVisitor.compareTagEncodings(String, Node.TagDirective);org.apache.jasper.compiler.Node.Root;1;0;1;0.9375;214;7;4;0;4;0.7143;56;2;8
org.apache.tomcat.util.bcel.classfile.StackMapTableEntry.dump(DataOutputStream);org.apache.tomcat.util.bcel.classfile.StackMapType;1;0;6;0.4545;151;3;6;1;0;0.9375;53;5;3
org.apache.jasper.servlet.JspServletWrapper.getServlet();org.apache.jasper.JspCompilationContext;1;1;5;0.8125;314;11;15;2;1;0.9565;426;31;31
org.apache.naming.resources.ProxyDirContext.cacheLookup(String);org.apache.naming.resources.ResourceCache;1;4;3;0.9125;469;64;15;1;0;0.9630;211;7;10
org.apache.catalina.session.StoreBase.processExpires();org.apache.juli.logging.Log;0;1;1;0.9200;86;10;5;3;0;0.9032;18;18;0
org.apache.tomcat.util.http.mapper.Mapper.internalMapExtensionWrapper(Wrapper[], CharChunk, MappingData);org.apache.tomcat.util.http.mapper.MappingData;2;1;0;1.0000;837;39;5;0;3;0.8235;11;1;9
org.apache.coyote.ajp.AjpAprProcessor.asyncDispatch(long, SocketStatus);org.apache.coyote.Adapter;0;0;0;0;0;0;0;0;0;0;0;0;0
org.apache.naming.factory.webservices.ServiceRefFactory.getObjectInstance(Object, Name, Context, Hashtable<?,?>);org.apache.naming.HandlerRef;3;2;0;0.6000;218;3;0;0;7;1.0000;50;2;9
org.apache.catalina.core.ApplicationContext.getRequestDispatcher(String);org.apache.tomcat.util.http.mapper.MappingData;3;1;3;0.9639;645;60;13;1;3;0.8333;11;1;9
org.apache.jasper.compiler.Dumper.dump(Node.Nodes);org.apache.jasper.compiler.Node.Nodes;0;0;0;1.0000;16;2;0;1;0;0.9000;43;5;3
org.apache.catalina.startup.ContextConfig.parseWebXml(InputSource, WebXml, boolean);org.apache.tomcat.util.digester.Digester;4;0;7;0.9444;1103;37;18;3;1;0.9718;849;103;29
org.apache.tomcat.util.net.NioEndpoint.Poller.processSendfile(SelectionKey, KeyAttachment, boolean, boolean);org.apache.tomcat.util.net.SocketWrapper;4;3;0;0.9211;396;15;6;1;0;0.9688;60;2;11
org.apache.catalina.deploy.WebXml.toXml();org.apache.catalina.deploy.ContextEjb;9;3;29;0.8373;1536;45;42;3;0;0.9762;45;4;4
org.apache.catalina.servlets.DefaultServlet.copy(CacheEntry, InputStream, ServletOutputStream);org.apache.naming.resources.Resource;2;1;1;0.9615;1001;37;20;1;1;0.7778;23;1;2
org.apache.catalina.core.NamingContextListener.addEnvironment(ContextEnvironment);org.apache.catalina.deploy.ContextEnvironment;2;0;3;0.9459;745;23;11;1;0;0.9167;33;3;3
org.apache.catalina.startup.ServiceQnameRule.body(String, String, String);org.apache.catalina.deploy.ContextService;0;0;0;1.0000;15;1;0;2;0;0.9333;130;19;9
org.apache.catalina.core.ApplicationContextFacade.addFilter(String, Filter);org.apache.catalina.core.ApplicationContext;0;1;1;0.9672;514;57;3;1;0;0.9859;645;60;13
org.apache.catalina.connector.Request.recycle();org.apache.catalina.connector.CoyoteReader;3;0;38;0.7923;1203;127;53;1;0;0.9839;102;12;4
org.apache.catalina.valves.ErrorReportValve.invoke(Request, Response);org.apache.tomcat.util.ExceptionUtils;0;0;0;0;0;0;0;0;0;0;0;0;0
org.apache.catalina.startup.SetPublicIdRule.begin(String, String, Attributes);org.apache.tomcat.util.digester.Digester;1;0;1;0.8750;20;1;1;2;1;0.9783;849;103;29
org.apache.jasper.compiler.ParserController.getJspConfigPageEncoding(String);org.apache.jasper.compiler.JspConfig.JspProperty;2;0;1;0.9643;281;12;13;0;1;0.9375;46;0;11
org.apache.catalina.loader.WebappLoader.stopInternal();org.apache.catalina.core.StandardContext;1;1;4;0.9516;553;36;17;2;0;0.9940;2421;209;114
org.apache.jasper.compiler.PageDataImpl.SecondPassVisitor.appendTagDirective(Node.TagDirective);org.apache.jasper.compiler.Node;2;1;0;0.9792;307;41;6;0;1;0.9630;163;7;15
org.apache.catalina.core.ApplicationFilterRegistration.addMappingForUrlPatterns(EnumSet<DispatcherType>, boolean, String);org.apache.catalina.deploy.FilterDef;0;0;1;0.9412;110;11;3;0;0;1.0000;66;9;10
org.apache.jasper.compiler.Generator.GenerateVisitor.createTagVarName(String, String, String);org.apache.jasper.compiler.JspUtil;0;0;1;0.9831;1736;44;16;1;0;1.0000;608;37;6
org.apache.coyote.http11.AbstractHttp11Protocol.setExecutor(Executor);org.apache.tomcat.util.net.AbstractEndpoint;0;0;1;0.9909;382;89;22;1;0;0.9859;397;29;69
org.apache.catalina.connector.InputBuffer.skip(long);org.apache.tomcat.util.buf.CharChunk;2;0;3;0.9487;210;19;17;2;2;0.9216;393;39;8
org.apache.jasper.compiler.Generator.GenerateVisitor.generateCustomStart(Node.CustomTag, TagHandlerInfo, String, String, String);org.apache.jasper.compiler.Node.CustomTag;6;1;2;0.9615;1736;44;16;1;5;0.8909;218;9;26
org.apache.catalina.users.MemoryUser.toString();org.apache.catalina.Role;0;0;2;0.9000;108;12;3;1;0;0.9091;5;5;0
org.apache.catalina.startup.ContextConfig.getWebXmlSource(String, String);org.apache.juli.logging.Log;2;0;3;0.9783;1103;37;18;1;0;0.9500;18;18;0
org.apache.el.parser.AstNot.getValue(EvaluationContext);org.apache.el.parser.Node;0;0;0;1.0000;11;2;0;1;0;0.9444;17;17;0
org.apache.catalina.core.ApplicationContextFacade.getJspConfigDescriptor();org.apache.catalina.security.SecurityUtil;0;1;1;0.9672;514;57;3;1;0;1.0000;146;11;17
org.apache.catalina.startup.ContextConfig.FragmentJarScannerCallback.scan(JarURLConnection);org.apache.tomcat.util.ExceptionUtils;0;0;0;0;0;0;0;0;0;0;0;0;0
org.apache.catalina.core.ApplicationPart.getHeaderNames();org.apache.tomcat.util.http.fileupload.DiskFileItem;1;0;1;0.9231;59;9;2;0;1;0.9677;232;17;16
org.apache.coyote.http11.Http11AprProtocol.setSSLProtocol(String);org.apache.tomcat.util.net.AprEndpoint;1;0;1;0.9901;387;76;26;0;1;0.9808;471;17;35
org.apache.catalina.core.ApplicationFilterConfig.setFilterDef(FilterDef);org.apache.juli.logging.Log;2;1;3;0.8400;175;15;8;1;0;0.9615;18;18;0
org.apache.catalina.connector.Response.getLocale();org.apache.coyote.Response;1;0;1;0.9886;596;70;20;0;1;0.9737;250;19;18
org.apache.catalina.tribes.transport.bio.BioReceiver.getReplicationThread();org.apache.catalina.tribes.transport.AbstractRxTask;1;0;0;1.0000;94;7;2;0;2;0.7500;37;1;6
org.apache.tomcat.util.bcel.classfile.ConstantPool.constantToString(Constant);org.apache.tomcat.util.bcel.classfile.Constant;11;3;0;0.9000;130;7;2;0;1;0.9474;48;6;2
org.apache.catalina.valves.AccessLogValve.SessionAttributeElement.addElement(StringBuilder, Date, Request, Response, long);org.apache.catalina.connector.Request;0;0;1;0.5000;24;1;1;1;0;0.9943;1203;127;53
org.apache.catalina.connector.CoyoteAdapter.service(org.apache.coyote.Request, org.apache.coyote.Response);org.apache.coyote.RequestInfo;8;0;5;0.9792;620;12;9;0;1;0.9846;134;13;14
org.apache.jasper.compiler.Generator.genPreamblePackage(String);org.apache.jasper.compiler.ServletWriter;0;0;1;0.9744;782;28;18;2;0;0.8824;54;12;6
org.apache.catalina.util.ExtensionValidator.getManifest(InputStream);org.apache.tomcat.util.ExceptionUtils;0;0;0;0;0;0;0;0;0;0;0;0;0
org.apache.catalina.startup.Embedded.createConnector(String, int, String);org.apache.juli.logging.Log;1;0;1;1.0000;368;34;10;3;0;0.8571;18;18;0
org.apache.jasper.runtime.BodyContentImpl.clear();org.apache.jasper.Constants;1;0;4;0.9231;249;35;6;0;1;1.0000;0;0;33
org.apache.coyote.http11.Http11Processor.action(ActionCode, Object);org.apache.coyote.http11.InputFilter;9;1;7;0.8889;731;12;7;1;0;0.9828;7;7;0
org.apache.catalina.core.ApplicationContext.populateSessionTrackingModes();org.apache.catalina.connector.Connector;0;0;3;0.9595;645;60;13;1;0;0.9890;405;53;33
org.apache.catalina.connector.InputBuffer.recycle();org.apache.tomcat.util.buf.B2CConverter;1;0;10;0.7619;210;19;17;1;0;0.9615;36;3;6
org.apache.catalina.mbeans.ServerLifecycleListener.containerEvent(ContainerEvent);org.apache.catalina.ContainerEvent;1;2;1;0.9429;563;31;2;3;0;0.7273;18;4;3
org.apache.coyote.ajp.AjpProtocol.resume();org.apache.tomcat.util.net.JIoEndpoint;1;1;3;0.9608;201;32;16;1;0;0.9524;195;10;6
org.apache.tomcat.util.net.SecureNioChannel.flush(boolean, Selector, long, MutableInteger);org.apache.tomcat.util.net.NioSelectorPool;0;1;2;0.8750;255;15;8;1;0;0.9545;182;9;12
org.apache.catalina.util.RequestUtil.URLDecode(byte[], String, boolean);org.apache.tomcat.util.res.StringManager;1;1;2;1.0000;189;13;3;1;0;0.8333;52;3;3
org.apache.catalina.core.ApplicationServletRegistration.getRunAsRole();org.apache.catalina.Wrapper;0;0;1;0.9412;132;14;3;1;0;0.9750;39;39;0
org.apache.catalina.core.StandardWrapper.loadServlet();org.apache.tomcat.util.log.SystemLogHandler;3;4;11;0.8824;748;76;36;2;0;1.0000;128;29;3
org.apache.tomcat.util.modeler.Registry.unregisterComponent(String);org.apache.juli.logging.Log;0;1;1;0.9744;433;33;10;1;0;0.9474;18;18;0
org.apache.catalina.ssi.SSIProcessor.process(Reader, long, PrintWriter);org.apache.catalina.util.IOTools;2;4;5;0.5882;202;9;6;1;0;1.0000;22;4;1
org.apache.catalina.core.NamingContextListener.addResource(ContextResource);org.apache.catalina.deploy.ResourceBase;2;1;4;0.9070;745;23;11;5;0;0.8077;43;9;7
org.apache.catalina.connector.Request.getParameterNames();org.apache.tomcat.util.http.Parameters;1;1;2;0.9829;1203;127;53;1;0;0.9677;245;14;15
org.apache.catalina.core.ApplicationFilterConfig.getFilter();org.apache.tomcat.InstanceManager;0;2;2;0.8182;175;15;8;1;0;0.8889;4;4;0
org.apache.catalina.deploy.WebXml.toXml();org.apache.catalina.deploy.SessionConfig;9;3;29;0.8373;1536;45;42;0;9;0.9291;54;5;9
org.apache.catalina.mbeans.ServerLifecycleListener.destroyMBeans(Context);org.apache.catalina.core.ContainerBase;0;1;1;0.9750;563;31;2;1;0;0.9885;555;53;27
org.apache.tomcat.util.net.AprEndpoint.init();org.apache.tomcat.jni.Pool;7;0;25;0.5789;471;17;35;1;0;1.0000;13;13;0
org.apache.tomcat.util.digester.Digester.unparsedEntityDecl(String, String, String, String);org.apache.juli.logging.Log;0;0;1;0.9925;849;103;29;2;0;0.8947;18;18;0
org.apache.catalina.connector.InputBuffer.realWriteChars(char, int, int);org.apache.tomcat.util.buf.CharChunk;1;0;2;0.9444;210;19;17;0;2;0.9600;393;39;8
org.apache.coyote.http11.Http11AprProcessor.process(long);org.apache.coyote.http11.AbstractInputBuffer;6;4;22;0.7241;954;28;36;0;0;1.0000;81;10;14
org.apache.catalina.mbeans.MBeanFactory.removeContext(String);org.apache.catalina.util.LifecycleBase;0;2;2;0.9487;401;31;3;0;0;1.0000;88;11;4
org.apache.jasper.compiler.Parser.parseCustomTag(Node);org.apache.jasper.compiler.PageInfo;1;2;5;0.9091;1185;55;13;3;1;0.9574;341;30;46
org.apache.catalina.session.StandardSession.removeAttributeInternal(String, boolean);org.apache.catalina.Manager;0;2;3;0.9500;585;58;24;1;0;0.9767;35;35;0
org.apache.catalina.realm.CombinedRealm.addRealm(Realm);org.apache.catalina.Realm;1;0;2;0.9286;151;12;2;1;0;0.9375;14;14;0
org.apache.catalina.tribes.group.interceptors.TwoPhaseCommitInterceptor.messageReceived(ChannelMessage);org.apache.juli.logging.Log;2;0;4;0.9375;69;3;6;1;0;0.9655;18;18;0
org.apache.tomcat.util.bcel.classfile.ConstantValue.toString();org.apache.tomcat.util.bcel.classfile.Utility;8;0;1;0.9333;43;3;1;1;0;1.0000;428;19;5
org.apache.coyote.http11.Http11NioProcessor.process(NioChannel);org.apache.coyote.Request;14;4;8;0.8358;840;14;11;2;2;0.9612;221;18;34
org.apache.catalina.session.ManagerBase.getThisAccessedTime(String);org.apache.catalina.Session;0;0;2;0.9773;518;58;32;1;0;0.9722;32;32;4
org.apache.catalina.ha.jmx.ClusterJmxHelper.initMetaData(Class<?>);org.apache.juli.logging.Log;0;0;2;1.0000;82;7;4;1;0;0.9474;18;18;0
org.apache.catalina.tribes.tipis.AbstractReplicatedMap.printMap(String);org.apache.catalina.tribes.Member;0;1;2;0.9538;741;50;17;1;0;0.9375;13;13;1
org.apache.el.parser.AstNegative.getValue(EvaluationContext);org.apache.el.parser.Node;0;0;0;1.0000;44;2;0;1;0;0.9444;17;17;0
org.apache.catalina.valves.AccessLogValve.invoke(Request, Response);org.apache.catalina.Valve;0;2;3;0.8913;351;21;25;1;0;0.9375;7;7;0
org.apache.catalina.session.StandardManager.stopInternal();org.apache.tomcat.util.ExceptionUtils;0;0;0;0;0;0;0;0;0;0;0;0;0
org.apache.coyote.http11.AbstractHttp11Protocol.getKeepAlive();org.apache.tomcat.util.net.AbstractEndpoint;1;0;1;0.9909;382;89;22;0;1;0.9859;397;29;69
org.apache.catalina.ssi.SSIServletExternalResolver.getAbsolutePath(String);org.apache.catalina.util.RequestUtil;0;1;1;0.9259;400;20;7;1;0;1.0000;189;13;3
org.apache.catalina.startup.ContextConfig.parseWebXml(InputSource, WebXml, boolean);org.apache.catalina.startup.XmlErrorHandler;0;0;0;0;0;0;0;0;0;0;0;0;0
org.apache.jasper.xmlparser.XMLEncodingDetector.scanSurrogates(XMLStringBuffer);org.apache.jasper.xmlparser.XMLStringBuffer;0;2;1;0.9375;798;23;29;1;0;0.9333;61;5;1
org.apache.jasper.runtime.PageContextImpl.doGetAttribute(String, int);org.apache.jasper.compiler.Localizer;0;0;4;0.9245;634;40;16;1;0;1.0000;34;6;1
org.apache.catalina.mbeans.MBeanFactory.removeValve(String);org.apache.catalina.core.ContainerBase;1;1;0;0.9722;401;31;3;1;0;0.9878;555;53;27
org.apache.catalina.connector.Request.cometClose();org.apache.coyote.ActionCode;1;1;1;0.9885;1203;127;53;0;1;1.0000;6;0;30
org.apache.tomcat.util.modeler.Registry.getMBeanServer();org.apache.juli.logging.Log;0;0;2;0.9750;433;33;10;2;0;0.8947;18;18;0
org.apache.catalina.ha.authenticator.ClusterSingleSignOn.register(String, Principal, String, String, String);org.apache.juli.logging.Log;1;1;2;0.8846;142;15;4;2;0;0.9286;18;18;0
org.apache.coyote.ajp.AjpProcessor.prepareResponse();org.apache.coyote.ajp.AjpMessage;5;0;4;0.9344;659;13;32;5;2;0.8372;235;23;5
org.apache.tomcat.util.http.fileupload.FileUploadBase.parseRequest(RequestContext);org.apache.tomcat.util.http.fileupload.FileItem;0;2;1;0.9286;187;14;12;1;0;0.9643;15;15;0
org.apache.catalina.valves.RemoteAddrValve.invoke(Request, Response);org.apache.catalina.connector.Request;0;0;0;1.0000;6;2;1;1;0;0.9943;1203;127;53
org.apache.tomcat.util.net.AprEndpoint.setSocketOptions(long);org.apache.juli.logging.Log;1;0;2;0.9831;471;17;35;3;0;0.8800;18;18;0
org.apache.tomcat.util.bcel.classfile.SimpleElementValue.stringifyValue();org.apache.tomcat.util.bcel.classfile.ConstantDouble;6;0;1;0.9167;62;3;1;0;1;0.9231;17;2;1
org.apache.catalina.mbeans.NamingResourcesMBean.getResources();org.apache.catalina.deploy.NamingResources;0;0;1;0.9286;138;9;2;1;0;0.9808;342;36;13
org.apache.coyote.http11.Http11AprProtocol.Http11ConnectionHandler.asyncDispatch(long, SocketStatus);org.apache.coyote.http11.Http11AprProcessor;0;0;0;0;0;0;0;0;0;0;0;0;0
org.apache.catalina.mbeans.MemoryUserDatabaseMBean.findRole(String);org.apache.catalina.UserDatabase;0;0;1;0.9524;168;12;6;1;0;0.9474;16;16;0
org.apache.tomcat.util.bcel.classfile.ConstantPool.constantToString(Constant);org.apache.tomcat.util.bcel.classfile.ConstantCP;11;3;0;0.9000;130;7;2;0;2;0.8889;22;2;2
org.apache.catalina.manager.HTMLManagerServlet.upload(HttpServletRequest);org.apache.tomcat.util.res.StringManager;1;1;0;0.9714;686;26;19;1;0;0.9286;52;3;3
org.apache.catalina.tribes.transport.nio.NioReceiver.start();org.apache.juli.logging.Log;0;1;1;0.9600;269;15;8;1;0;0.9583;18;18;0
org.apache.catalina.core.StandardContext.loadOnStartup(Container);org.apache.catalina.Wrapper;1;0;0;1.0000;2421;209;114;2;0;0.9524;39;39;0
org.apache.catalina.ha.session.DeltaSession.recycle();org.apache.catalina.ha.session.DeltaRequest;0;2;1;0.9400;399;42;7;1;0;0.9600;179;15;15
org.apache.catalina.connector.RequestFacade.getCharacterEncoding();org.apache.catalina.Globals;1;0;2;0.9859;450;69;2;0;1;1.0000;0;0;39
org.apache.tomcat.util.buf.CharChunk.equalsIgnoreCase(String);org.apache.tomcat.util.buf.Ascii;0;0;3;0.9362;393;39;8;1;0;1.0000;91;11;7
org.apache.coyote.http11.AbstractHttp11Processor.findBytes(ByteChunk, byte[]);org.apache.tomcat.util.buf.ByteChunk;1;0;0;1.0000;228;17;32;0;3;0.9362;425;43;10
org.apache.catalina.startup.ContextConfig.validateSecurityRoles();org.apache.catalina.deploy.SecurityConstraint;1;0;3;0.9811;1103;37;18;1;0;0.9688;194;18;7
org.apache.tomcat.util.digester.SetTopRule.end(String, String);org.apache.tomcat.util.IntrospectionUtils;1;0;2;0.8667;41;2;3;1;0;1.0000;595;31;4
org.apache.catalina.mbeans.ServerLifecycleListener.createMBeans(ContextEnvironment);org.apache.juli.logging.Log;0;0;1;1.0000;563;31;2;2;0;0.8889;18;18;0
org.apache.catalina.tribes.group.RpcChannel.messageReceived(Serializable, Member);org.apache.juli.logging.Log;1;0;4;0.8421;98;6;9;1;0;0.9667;18;18;0
org.apache.coyote.http11.Http11AprProcessor.action(ActionCode, Object);org.apache.tomcat.util.res.StringManager;10;1;19;0.7978;954;28;36;1;0;0.9796;52;3;3
org.apache.catalina.tribes.group.interceptors.MessageDispatchInterceptor.stopQueue();org.apache.catalina.tribes.transport.bio.util.FastQueue;0;1;3;0.8000;138;12;8;1;0;0.9655;172;11;14
org.apache.tomcat.util.buf.UDecoder.convert(MessageBytes, boolean);org.apache.tomcat.util.buf.MessageBytes;1;3;0;0.7692;152;11;1;2;6;0.8864;380;30;16
org.apache.jasper.compiler.Generator.ScriptingVarVisitor.visit(Node.CustomTag);org.apache.jasper.compiler.Node.CustomTag;3;0;0;1.0000;46;1;1;1;3;0.9091;218;9;26
org.apache.catalina.valves.ErrorReportValve.report(Request, Response, Throwable);org.apache.juli.logging.Log;2;1;1;0.9333;135;4;2;2;0;0.9286;18;18;0
org.apache.catalina.core.ApplicationContextFacade.getMajorVersion();org.apache.catalina.core.ApplicationContext;0;0;1;0.9836;514;57;3;1;0;0.9857;645;60;13
org.apache.coyote.http11.Http11NioProcessor.action(ActionCode, Object);org.apache.coyote.ActionCode;13;1;9;0.8816;840;14;11;0;24;1.0000;6;0;30
org.apache.catalina.tribes.membership.Membership.memberAlive(MemberImpl);org.apache.catalina.tribes.membership.MemberImpl;1;1;4;0.8148;137;11;6;3;3;0.8696;300;29;19
org.apache.catalina.core.StandardEngineValve.event(Request, Response, CometEvent);org.apache.catalina.Container;0;0;0;1.0000;20;3;2;1;0;0.9737;35;35;6
org.apache.jasper.compiler.Node.ForwardAction.accept(Visitor);org.apache.jasper.compiler.Node.Visitor;0;0;0;1.0000;15;1;1;1;0;0.9714;126;35;0
org.apache.jasper.compiler.Collector.collect(Compiler, Node.Nodes);org.apache.jasper.compiler.Node.Nodes;1;0;0;1.0000;5;1;0;1;0;0.9167;43;5;3
org.apache.catalina.connector.Request.recycle();org.apache.catalina.core.AsyncContextImpl;3;0;38;0.7923;1203;127;53;1;0;0.9875;283;23;12
org.apache.catalina.valves.CometConnectionManagerValve.lifecycleEvent(LifecycleEvent);org.apache.catalina.Valve;3;0;3;0.9200;136;8;4;1;0;0.9565;7;7;0
org.apache.coyote.http11.Http11NioProcessor.action(ActionCode, Object);org.apache.tomcat.util.res.StringManager;13;1;9;0.8816;840;14;11;1;0;0.9846;52;3;3
org.apache.coyote.http11.Http11Processor.action(ActionCode, Object);org.apache.tomcat.util.buf.MessageBytes;9;1;7;0.8889;731;12;7;2;0;0.9780;380;30;16
org.apache.coyote.http11.Http11AprProtocol.start();org.apache.juli.logging.Log;1;1;7;0.9444;387;76;26;4;0;0.8571;18;18;0
org.apache.catalina.ha.session.JvmRouteBinderValve.changeSessionID(Request, String, String, Session);org.apache.catalina.ha.session.DeltaSession;1;2;3;0.8571;165;11;7;1;0;0.9825;399;42;7
org.apache.catalina.session.StandardSession.writeObject(ObjectOutputStream);org.apache.catalina.Container;1;3;11;0.8500;585;58;24;1;0;0.9804;35;35;6
org.apache.catalina.core.StandardWrapper.getMinTime();org.apache.catalina.core.StandardWrapperValve;1;0;1;0.9907;748;76;36;0;1;0.9091;352;4;6
org.apache.catalina.ha.session.DeltaManager.handleSESSION_DELTA(SessionMessage, Member);org.apache.catalina.ha.session.DeltaRequest;2;1;5;0.9535;822;41;40;1;0;0.9697;179;15;15
org.apache.jasper.compiler.Validator.validateExDirectives(Compiler, Node.Nodes);org.apache.jasper.compiler.Node.Root;4;1;0;1.0000;65;3;0;0;3;0.8000;56;2;8
org.apache.jasper.compiler.Validator.ValidateVisitor.visit(Node.DoBodyAction);org.apache.jasper.compiler.JspUtil;0;0;2;0.9767;735;37;19;2;0;1.0000;608;37;6
org.apache.catalina.startup.IgnoreAnnotationsRule.begin(String, String, Attributes);org.apache.tomcat.util.digester.Digester;3;0;0;1.0000;15;1;0;2;1;0.9781;849;103;29
org.apache.el.lang.ExpressionBuilder.createNodeInternal(String);org.apache.el.util.MessageFactory;1;0;1;1.0000;117;7;4;2;0;1.0000;24;7;1
org.apache.catalina.tribes.group.interceptors.TcpFailureDetector.getMember(Member);org.apache.catalina.tribes.membership.Membership;0;1;1;0.9091;227;15;10;1;0;0.9545;137;11;6
org.apache.jasper.compiler.Compiler.isOutDated(boolean);org.apache.juli.logging.Log;2;0;3;0.9032;310;11;8;3;0;0.9032;18;18;0
org.apache.jasper.runtime.PageContextImpl.removeAttribute(String, int);org.apache.jasper.compiler.Localizer;0;1;0;0.9811;634;40;16;1;0;1.0000;34;6;1
org.apache.catalina.realm.MemoryRealm.startInternal();org.apache.juli.logging.Log;1;1;2;0.8750;94;7;6;2;0;0.9200;18;18;0
org.apache.catalina.authenticator.AuthenticatorBase.invoke(Request, Response);org.apache.catalina.Valve;2;1;6;0.9020;293;17;18;1;0;0.9706;7;7;0
org.apache.tomcat.util.modeler.ManagedBean.createMBean(Object);org.apache.tomcat.util.modeler.BaseModelMBean;1;1;1;0.9714;252;23;13;1;1;0.9429;284;28;9
org.apache.catalina.ha.session.DeltaManager.serializeDeltaRequest(DeltaSession, DeltaRequest);org.apache.catalina.ha.session.DeltaSession;0;0;0;1.0000;822;41;40;2;0;0.9600;399;42;7
org.apache.catalina.ha.session.DeltaSession.getClassLoaders();org.apache.catalina.session.ManagerBase;0;0;0;1.0000;399;42;7;1;0;0.9888;518;58;32
org.apache.catalina.manager.host.HTMLHostManagerServlet.list(HttpServletRequest, HttpServletResponse, String);org.apache.catalina.manager.host.Constants;2;1;8;0.9375;241;8;11;0;7;1.0000;0;0;9
org.apache.catalina.loader.WebappLoader.setRepositories();org.apache.naming.resources.Resource;2;2;5;0.9180;553;36;17;1;0;0.9524;23;1;2
org.apache.naming.SelectorContext.parseName(String);org.apache.naming.StringManager;0;0;4;0.9706;170;31;7;1;0;0.8333;50;3;3
org.apache.jasper.compiler.PageInfo.setAutoFlush(String, Node, ErrorDispatcher);org.apache.jasper.compiler.ErrorDispatcher;0;0;2;0.9740;341;30;46;1;0;0.9565;158;22;2
org.apache.coyote.ajp.AjpProtocol.AjpConnectionHandler.register(AjpProcessor);org.apache.juli.logging.Log;4;0;3;0.8421;90;5;5;3;0;0.8929;18;18;0
org.apache.catalina.tribes.group.interceptors.NonBlockingCoordinator.handleMyToken(MemberImpl, CoordinationMessage, Member, Membership);org.apache.catalina.tribes.membership.Membership;1;3;3;0.9107;352;38;15;1;0;0.9688;137;11;6
org.apache.catalina.tribes.group.ChannelInterceptorBase.stop(int);org.apache.catalina.tribes.ChannelInterceptor;0;0;1;0.9444;66;14;4;1;0;0.9412;16;16;0
org.apache.catalina.deploy.WebXml.toXml();org.apache.catalina.deploy.InjectionTarget;9;3;29;0.8373;1536;45;42;0;2;0.9839;18;0;2
org.apache.jasper.compiler.Parser.parseGetProperty(Node);org.apache.jasper.compiler.JspReader;0;2;2;0.9375;1185;55;13;1;0;0.9737;304;23;9
org.apache.tomcat.util.net.AprEndpoint.Sendfile.run();org.apache.tomcat.jni.Poll;5;3;5;0.7037;187;5;6;3;3;1.0000;9;9;11
org.apache.catalina.mbeans.MBeanUtils.createMBean(UserDatabase);org.apache.tomcat.util.modeler.ManagedBean;0;2;2;1.0000;706;52;4;2;0;0.9429;252;23;13
org.apache.catalina.tribes.tipis.LazyReplicatedMap.getStateMessageType();org.apache.catalina.tribes.tipis.AbstractReplicatedMap.MapMessage;1;0;0;1.0000;54;2;1;0;1;1.0000;159;12;20
org.apache.catalina.connector.Request.setContextPath(String);org.apache.tomcat.util.buf.MessageBytes;1;0;1;0.9943;1203;127;53;1;0;0.9767;380;30;16
org.apache.catalina.session.JDBCStore.getSize();org.apache.catalina.Container;1;5;5;0.8276;495;34;23;1;0;0.9792;35;35;6
org.apache.coyote.ajp.AjpProtocol.setAddress(InetAddress);org.apache.tomcat.util.net.AbstractEndpoint;1;0;1;0.9787;201;32;16;0;1;0.9859;397;29;69
org.apache.catalina.mbeans.MemoryUserDatabaseMBean.createUser(String, String, String);org.apache.catalina.mbeans.MBeanUtils;0;1;0;0.9500;168;12;6;1;0;1.0000;706;52;4
org.apache.catalina.core.StandardEngine.startInternal();org.apache.juli.logging.Log;0;1;4;0.8857;234;19;9;4;0;0.8519;18;18;0
org.apache.catalina.core.ApplicationHttpRequest.getSession(boolean);org.apache.catalina.Container;0;0;3;0.9388;327;29;17;1;0;0.9767;35;35;6
org.apache.catalina.tribes.group.GroupChannel.heartbeat();org.apache.catalina.tribes.Heartbeat;0;0;2;0.9412;268;24;9;1;0;0.7500;1;1;0
org.apache.jasper.compiler.Generator.GenerateVisitor.generateNamedAttributeValue(Node.NamedAttribute);org.apache.jasper.compiler.Node.Nodes;1;0;1;0.9848;1736;44;16;2;0;0.8750;43;5;3
org.apache.tomcat.util.bcel.classfile.SimpleElementValue.stringifyValue();org.apache.tomcat.util.bcel.classfile.ConstantPool;6;0;1;0.9167;62;3;1;1;0;0.9412;130;7;2
org.apache.catalina.connector.RequestFacade.getDispatcherType();org.apache.catalina.connector.Request;0;0;1;0.9857;450;69;2;1;0;0.9943;1203;127;53
org.apache.jasper.compiler.ParserController.doParse(String, Node, JarResource);org.apache.jasper.compiler.JarResource;0;0;0;0;0;0;0;0;0;0;0;0;0
org.apache.catalina.valves.PersistentValve.isSessionStale(Session, long);org.apache.catalina.Session;0;0;0;1.0000;80;3;2;2;0;0.9375;32;32;4
org.apache.catalina.ha.deploy.WarWatcher.check();org.apache.juli.logging.Log;0;1;4;0.6923;49;3;4;2;0;0.9231;18;18;0
org.apache.catalina.core.ApplicationFilterRegistration.getInitParameters();org.apache.catalina.util.ParameterMap;1;0;1;0.9333;110;11;3;0;1;0.9167;34;5;2
org.apache.tomcat.util.digester.FactoryCreateRule.end(String, String);org.apache.juli.logging.Log;1;0;2;0.9310;114;5;5;4;0;0.8462;18;18;0
org.apache.catalina.tribes.io.XByteBuffer.createDataPackage(ChannelData);org.apache.catalina.tribes.io.ChannelData;0;2;2;1.0000;317;36;7;2;0;0.8824;165;14;7
org.apache.coyote.http11.Http11AprProcessor.event(SocketStatus);org.apache.coyote.Response;4;1;9;0.8857;954;28;36;0;1;0.9808;250;19;18
org.apache.coyote.http11.Http11NioProcessor.process(NioChannel);org.apache.tomcat.util.net.NioChannel;14;4;8;0.8358;840;14;11;1;2;0.9577;83;15;5
org.apache.catalina.core.ContainerBase.ContainerBackgroundProcessor.processChildren(Container, ClassLoader);org.apache.catalina.Loader;1;1;0;1.0000;37;2;0;1;0;0.9474;14;14;0
org.apache.coyote.http11.Http11Processor.prepareRequest();org.apache.coyote.http11.AbstractInputBuffer;6;2;3;0.9273;731;12;7;1;2;0.9508;81;10;14
org.apache.jasper.compiler.TagFileProcessor.TagFileDirectiveVisitor.postCheck();org.apache.jasper.compiler.Mark;2;0;3;0.9000;204;8;24;0;1;0.9655;95;7;11
org.apache.jasper.compiler.JspRuntimeContext.checkCompile();org.apache.jasper.JspCompilationContext;1;0;3;0.8846;187;11;10;2;0;0.9701;426;31;31
org.apache.coyote.ajp.AjpProcessor.parseHost(MessageBytes);org.apache.tomcat.util.buf.ByteChunk;4;0;4;0.9259;659;13;32;2;1;0.9516;425;43;10
org.apache.catalina.ha.session.JvmRouteBinderValve.handlePossibleTurnover(Request);org.apache.catalina.connector.Request;1;2;2;0.8947;165;11;7;1;0;0.9944;1203;127;53
org.apache.catalina.valves.PersistentValve.invoke(Request, Response);org.apache.catalina.connector.Response;0;1;1;0.9688;80;3;2;1;0;0.9915;596;70;20
org.apache.coyote.http11.Http11NioProtocol.setAcceptorThreadPriority(int);org.apache.tomcat.util.net.NioEndpoint;1;0;0;1.0000;97;17;3;0;1;0.9767;362;19;26
org.apache.coyote.http11.Http11AprProcessor.action(ActionCode, Object);org.apache.coyote.http11.InputFilter;10;1;19;0.7978;954;28;36;1;0;0.9804;7;7;0
org.apache.coyote.http11.filters.GzipOutputFilter.FakeOutputStream.write(byte[], int, int);org.apache.tomcat.util.buf.ByteChunk;1;0;1;0.8750;13;4;2;1;0;0.9800;425;43;10
org.apache.jasper.compiler.TagPluginManager.init(ErrorDispatcher);org.apache.jasper.xmlparser.TreeNode;0;0;5;0.7500;66;3;6;4;0;0.8400;109;13;5
org.apache.catalina.ha.session.DeltaManager.sendSessions(Member, Session[], long);org.apache.juli.logging.Log;2;1;5;0.9506;822;41;40;2;0;0.9167;18;18;0
org.apache.catalina.core.StandardWrapper.setServletClass(String);org.apache.catalina.core.Constants;1;0;2;0.9813;748;76;36;0;1;1.0000;0;0;6
org.apache.catalina.valves.CometConnectionManagerValve.lifecycleEvent(LifecycleEvent);org.apache.catalina.connector.Request;3;0;3;0.9200;136;8;4;3;0;0.9840;1203;127;53
org.apache.catalina.startup.Catalina.stopServer(String[]);org.apache.catalina.Server;3;2;1;0.9333;316;16;7;3;0;0.8750;15;15;0
org.apache.catalina.session.StandardManager.startInternal();org.apache.tomcat.util.res.StringManager;0;1;1;0.9286;304;16;7;1;0;0.9286;52;3;3
org.apache.catalina.core.StandardContext.addChild(Container);org.apache.juli.logging.Log;1;3;1;0.9909;2421;209;114;2;0;0.9286;18;18;0
org.apache.catalina.core.ContainerBase.getCluster();org.apache.catalina.Container;0;0;2;0.9744;555;53;27;1;0;0.9730;35;35;6
org.apache.catalina.core.ApplicationDispatcher.invoke(ServletRequest, ServletResponse, State);org.apache.juli.logging.Log;3;3;4;0.8462;421;14;11;2;0;0.9487;18;18;0
org.apache.jasper.runtime.ProtectedFunctionMapper.mapFunction(String, Class<?>, String, Class<?>[]);org.apache.jasper.security.SecurityUtil;0;0;1;0.7500;83;4;2;1;0;1.0000;31;2;1
org.apache.coyote.http11.InternalAprOutputBuffer.endRequest();org.apache.coyote.ActionCode;1;1;5;0.8462;235;24;13;0;1;1.0000;6;0;30
org.apache.catalina.core.ContainerBase.setResources(DirContext);org.apache.catalina.Container;1;2;2;0.9487;555;53;27;1;0;0.9744;35;35;6
org.apache.catalina.realm.JNDIRealm.startInternal();org.apache.tomcat.util.res.StringManager;0;1;0;0.9865;742;44;32;1;0;0.8571;52;3;3
org.apache.jasper.compiler.ELFunctionMapper.ELFunctionVisitor.visit(Node.SetProperty);org.apache.jasper.compiler.Node.SetProperty;2;0;0;1.0000;151;14;1;0;1;0.8000;15;1;1
org.apache.catalina.tribes.tipis.AbstractReplicatedMap.transferState();org.apache.catalina.tribes.group.RpcChannel;2;3;8;0.8592;741;50;17;1;1;0.9615;98;6;9
org.apache.coyote.ajp.AjpAprProtocol.AjpConnectionHandler.unregister(AjpAprProcessor);org.apache.coyote.Request;4;0;1;0.9412;82;5;4;0;1;0.9839;221;18;34
org.apache.catalina.core.StandardContext.unbindThread(ClassLoader);org.apache.naming.resources.DirContextURLStreamHandler;0;1;0;0.9969;2421;209;114;1;0;1.0000;91;13;3
org.apache.catalina.core.StandardContextValve.invoke(Request, Response);org.apache.catalina.Pipeline;2;1;2;0.9310;97;5;3;2;0;0.9375;9;9;0
org.apache.catalina.connector.Request.login(String, String);org.apache.catalina.Container;1;4;2;0.9722;1203;127;53;1;0;0.9783;35;35;6
org.apache.catalina.connector.Request.isUserInRole(String);org.apache.catalina.Wrapper;0;0;3;0.9830;1203;127;53;1;0;0.9773;39;39;0
org.apache.tomcat.util.net.JIoEndpoint.setProperty(String, String);org.apache.juli.logging.Log;0;0;1;1.0000;195;10;6;1;0;0.9500;18;18;0
org.apache.catalina.valves.ErrorReportValve.report(Request, Response, Throwable);org.apache.catalina.util.RequestUtil;2;1;1;0.9333;135;4;2;1;0;1.0000;189;13;3
org.apache.catalina.manager.StatusTransformer.writeManager(PrintWriter, Object[], int);org.apache.catalina.manager.Constants;1;0;0;1.0000;601;20;0;0;1;1.0000;0;0;11
org.apache.jasper.compiler.Generator.GenerateVisitor.generateCustomDoTag(Node.CustomTag, TagHandlerInfo, String);org.apache.jasper.compiler.ServletWriter;5;4;3;0.9014;1736;44;16;3;1;0.8710;54;12;6
org.apache.jasper.compiler.TagFileProcessor.loadTagFile(Compiler, String, TagInfo, PageInfo);org.apache.jasper.compiler.PageInfo;3;0;1;0.9583;94;4;1;1;0;0.9898;341;30;46
org.apache.jasper.runtime.JspRuntimeLibrary.introspecthelper(Object, String, String, ServletRequest, String, boolean);org.apache.jasper.Constants;1;1;0;1.0000;626;44;2;0;1;1.0000;0;0;33
org.apache.tomcat.util.net.AprEndpoint.Sendfile.run();org.apache.tomcat.jni.Pool;5;3;5;0.7037;187;5;6;1;0;1.0000;13;13;0
org.apache.coyote.http11.InternalNioInputBuffer.readSocket(boolean, boolean);org.apache.tomcat.util.net.SecureNioChannel.ApplicationBufferHandler;2;1;2;0.9167;396;12;12;1;0;0.9412;3;3;0
org.apache.tomcat.util.buf.C2BConverter.convert(MessageBytes);org.apache.tomcat.util.buf.MessageBytes;3;3;2;0.8333;58;8;5;0;7;0.9231;380;30;16
org.apache.catalina.tribes.transport.bio.BioSender.pushMessage(byte[], boolean, boolean);org.apache.catalina.tribes.transport.SenderState;0;3;1;0.7647;148;9;7;2;0;0.9333;45;9;5
org.apache.catalina.ssi.SSIServletExternalResolver.getServletContextAndPathFromVirtualPath(String);org.apache.catalina.util.RequestUtil;0;3;2;0.8148;400;20;7;1;0;1.0000;189;13;3
org.apache.catalina.connector.MapperListener.registerHost(Host);org.apache.tomcat.util.http.mapper.Mapper;0;0;0;0;0;0;0;0;0;0;0;0;0
org.apache.jasper.compiler.Generator.GenerateVisitor.visit(Node.PlugIn);org.apache.jasper.JspCompilationContext;10;3;1;0.9481;1736;44;16;0;1;0.9878;426;31;31
org.apache.catalina.realm.JAASMemoryLoginModule.load();org.apache.tomcat.util.digester.Digester;1;0;2;0.9500;124;6;8;4;1;0.9632;849;103;29
org.apache.catalina.session.JDBCStore.clear();org.apache.catalina.Container;1;5;4;0.8448;495;34;23;1;0;0.9787;35;35;6
org.apache.jasper.compiler.Generator.GenerateVisitor.visit(Node.UseBean);org.apache.jasper.compiler.Node.JspAttribute;7;0;1;0.9875;1736;44;16;0;2;0.9487;107;7;10
org.apache.catalina.valves.ExtendedAccessLogValve.RequestAttributeElement.addElement(StringBuilder, Date, Request, Response, long);org.apache.catalina.connector.Request;0;0;1;0.6667;6;1;1;1;0;0.9943;1203;127;53
org.apache.jasper.compiler.Compiler.generateJava();org.apache.jasper.compiler.ServletWriter;12;1;7;0.8621;310;11;8;1;0;0.9841;54;12;6
org.apache.catalina.ha.session.DeltaManager.stopInternal();org.apache.catalina.ha.session.DeltaSession;1;0;6;0.9551;822;41;40;2;0;0.9683;399;42;7
org.apache.catalina.ha.deploy.FarmWarDeployer.remove(String, boolean);org.apache.catalina.ha.CatalinaCluster;0;4;2;0.9020;376;28;17;2;0;0.9375;20;20;1
org.apache.jasper.compiler.Parser.parsePluginTags(Node);org.apache.jasper.compiler.JspReader;0;2;1;0.9538;1185;55;13;2;0;0.9459;304;23;9
org.apache.coyote.http11.Http11NioProcessor.parseHost(MessageBytes);org.apache.coyote.Request;5;0;2;0.9474;840;14;11;0;2;0.9701;221;18;34
org.apache.jasper.compiler.JspRuntimeContext.checkCompile();org.apache.jasper.Options;1;0;3;0.8846;187;11;10;1;0;0.9722;29;29;0
org.apache.el.parser.ELParser.Value();org.apache.el.parser.ELParserConstants;2;3;4;0.9500;2270;112;22;0;2;0.9710;0;0;56
org.apache.catalina.util.ResourceSet.add(T);org.apache.tomcat.util.res.StringManager;0;0;2;0.8889;30;4;2;1;0;0.8333;52;3;3
org.apache.catalina.mbeans.MBeanFactory.createJDBCRealm(String, String, String, String, String);org.apache.catalina.realm.JDBCRealm;2;1;0;0.9737;401;31;3;0;4;0.8621;280;13;15
org.apache.jasper.compiler.Generator.GenerateVisitor.visit(Node.GetProperty);org.apache.jasper.compiler.ServletWriter;3;0;1;0.9853;1736;44;16;1;1;0.9167;54;12;6
org.apache.catalina.loader.WebappClassLoader.loadClass(String, boolean);org.apache.juli.logging.Log;1;3;7;0.9121;1601;58;35;3;0;0.8846;18;18;0
org.apache.catalina.connector.Response.setStatus(int, String);org.apache.coyote.Response;1;1;2;0.9663;596;70;20;0;2;0.9500;250;19;18
org.apache.catalina.realm.UserDatabaseRealm.getPrincipal(String);org.apache.catalina.User;0;0;1;0.9231;92;6;4;3;0;0.8500;17;17;0
org.apache.catalina.tribes.group.interceptors.NonBlockingCoordinator.getCoordinator();org.apache.catalina.tribes.membership.Membership;0;0;1;0.9800;352;38;15;2;0;0.9048;137;11;6
org.apache.tomcat.util.modeler.BaseModelMBean.invoke(String, Object, String);org.apache.juli.logging.Log;0;0;3;0.9459;284;28;9;3;0;0.8571;18;18;0
org.apache.catalina.connector.RequestFacade.GetParameterValuePrivilegedAction.run();org.apache.catalina.connector.RequestFacade;1;0;1;0.6667;6;1;1;0;1;0.9861;450;69;2
org.apache.jasper.compiler.PageInfo.setIsErrorPage(String, Node, ErrorDispatcher);org.apache.jasper.compiler.ErrorDispatcher;0;0;2;0.9740;341;30;46;1;0;0.9565;158;22;2
org.apache.tomcat.util.net.jsse.JSSESocketFactory.getStore(String, String, String, String);org.apache.juli.logging.Log;1;0;2;1.0000;440;20;17;1;0;0.9444;18;18;0
org.apache.catalina.authenticator.AuthenticatorBase.invoke(Request, Response);org.apache.catalina.authenticator.Constants;2;1;6;0.9020;293;17;18;0;1;1.0000;0;0;19
org.apache.naming.resources.ProxyDirContext.lookup(String);org.apache.naming.resources.CacheEntry;1;2;2;0.9494;469;64;15;0;3;0.7857;13;2;8
org.apache.catalina.connector.RequestFacade.getParameterMap();org.apache.tomcat.util.res.StringManager;1;0;2;0.9859;450;69;2;1;0;0.8571;52;3;3
org.apache.catalina.session.FileStore.load(String);org.apache.catalina.Container;2;2;0;0.9167;191;13;6;2;0;0.9556;35;35;6
org.apache.coyote.http11.Http11Protocol.Http11ConnectionHandler.process(SocketWrapper<Socket>, SocketStatus);org.apache.juli.logging.Log;4;1;3;0.8095;105;5;5;2;0;0.9375;18;18;0
org.apache.jasper.compiler.SmapUtil.evaluateNodes(Node.Nodes, SmapStratum, HashMap<String,SmapStratum>, boolean);org.apache.jasper.compiler.Node.Nodes;0;0;0;1.0000;68;4;1;1;0;0.9000;43;5;3
org.apache.catalina.core.StandardHostValve.throwable(Request, Response, Throwable);org.apache.catalina.core.ApplicationFilterFactory;4;3;2;0.9048;160;7;3;0;2;1.0000;189;6;3
org.apache.catalina.connector.InputBuffer.skip(long);org.apache.tomcat.util.res.StringManager;2;0;3;0.9487;210;19;17;1;0;0.9091;52;3;3
org.apache.catalina.connector.Request.getServletContext();org.apache.catalina.Context;0;0;1;0.9943;1203;127;53;1;0;0.9929;139;139;1
org.apache.catalina.connector.MapperListener.containerEvent(ContainerEvent);org.apache.catalina.Context;1;0;1;0.9474;300;10;6;0;0;1.0000;139;139;1
org.apache.coyote.http11.Http11NioProcessor.findBytes(ByteChunk, byte[]);org.apache.tomcat.util.buf.Ascii;1;0;0;1.0000;840;14;11;1;0;1.0000;91;11;7
org.apache.catalina.connector.Request.setCoyoteRequest(org.apache.coyote.Request);org.apache.catalina.connector.InputBuffer;1;0;2;0.9885;1203;127;53;0;1;0.9730;210;19;17
org.apache.tomcat.util.net.AprEndpoint.Poller.run();org.apache.tomcat.jni.Poll;4;2;6;0.6000;168;4;7;3;3;1.0000;9;9;11
org.apache.coyote.ajp.AjpProcessor.SocketOutputBuffer.doWrite(ByteChunk, Response);org.apache.coyote.Response;5;0;0;1.0000;27;1;0;0;1;0.9808;250;19;18
org.apache.el.parser.ELParserTokenManager.jjMoveNfa_0(int, int);org.apache.el.parser.SimpleCharStream;0;5;7;0.7442;994;32;25;1;0;0.9836;257;26;16
org.apache.jasper.compiler.Collector.CollectVisitor.visit(Node.UseBean);org.apache.jasper.compiler.Node.JspAttribute;2;0;2;0.9130;114;15;6;0;1;0.9565;107;7;10
org.apache.catalina.mbeans.MBeanUtils.destroyMBean(UserDatabase);org.apache.tomcat.util.modeler.Registry;0;2;2;1.0000;706;52;4;1;0;0.9750;433;33;10
org.apache.catalina.core.NamingContextListener.addResourceLink(ContextResourceLink);org.apache.catalina.deploy.ContextResourceLink;3;0;5;0.9250;745;23;11;1;1;0.8571;27;2;3
org.apache.catalina.tribes.tipis.AbstractReplicatedMap.MapMessage.setKey(Serializable);org.apache.catalina.tribes.io.XByteBuffer;0;0;2;0.9130;159;12;20;1;0;1.0000;317;36;7
org.apache.catalina.ssi.SSIMediator.setVariableValue(String, String);org.apache.catalina.ssi.SSIExternalResolver;0;1;1;0.9231;190;16;13;1;0;0.9000;8;8;0
org.apache.el.parser.SimpleNode.toString();org.apache.el.parser.ELParserTreeConstants;1;0;2;0.9130;123;19;4;0;1;0.9730;0;0;35
org.apache.catalina.session.JDBCStore.keys();org.apache.catalina.Container;1;5;5;0.8276;495;34;23;1;0;0.9792;35;35;6
org.apache.catalina.mbeans.ServerLifecycleListener.createMBeans(Context);org.apache.juli.logging.Log;1;1;1;0.9767;563;31;2;2;0;0.9310;18;18;0
org.apache.catalina.core.ApplicationContextFacade.getEffectiveMajorVersion();org.apache.catalina.core.ApplicationContext;0;1;1;0.9672;514;57;3;1;0;0.9859;645;60;13
org.apache.tomcat.util.buf.MessageBytes.toBytes();org.apache.tomcat.util.buf.ByteChunk;0;1;4;0.9048;380;30;16;2;0;0.9608;425;43;10
org.apache.catalina.mbeans.MBeanFactory.removeValve(String);org.apache.catalina.util.LifecycleMBeanBase;0;0;0;0;0;0;0;0;0;0;0;0;0
org.apache.catalina.tribes.membership.McastServiceImpl.memberDataReceived(byte[]);org.apache.catalina.tribes.Member;2;0;3;0.9556;309;12;28;0;1;1.0000;13;13;1
org.apache.jasper.compiler.Generator.GenerateVisitor.declareScriptingVars(Node.CustomTag, int);org.apache.jasper.compiler.Node.CustomTag;1;0;2;0.9688;1736;44;16;1;1;0.9545;218;9;26
org.apache.catalina.mbeans.NamingResourcesMBean.addResource(String, String);org.apache.catalina.deploy.NamingResources;1;0;1;0.9444;138;9;2;2;0;0.9636;342;36;13
org.apache.catalina.ha.session.DeltaManager.changeSessionId(Session, boolean);org.apache.catalina.Session;0;0;0;0;0;0;0;0;0;0;0;0;0
org.apache.jasper.compiler.Generator.generatePreamble(Node.Nodes);org.apache.jasper.compiler.ServletWriter;4;6;3;0.8571;782;28;18;7;0;0.8056;54;12;6
org.apache.catalina.ha.authenticator.ClusterSingleSignOn.deregister(String, Session);org.apache.catalina.ha.authenticator.SingleSignOnMessage;1;1;2;0.8889;142;15;4;0;3;0.9167;76;2;16
org.apache.jasper.xmlparser.XMLEncodingDetector.scanPIData(String, XMLString);org.apache.jasper.xmlparser.XMLStringBuffer;0;6;2;0.8431;798;23;29;1;0;0.9565;61;5;1
org.apache.catalina.realm.JNDIRealm.compareCredentials(DirContext, User, String);org.apache.catalina.util.Base64;2;0;0;1.0000;742;44;32;2;0;1.0000;120;5;10
org.apache.catalina.tribes.transport.nio.NioReplicationTask.registerForRead(SelectionKey, ObjectReader);org.apache.catalina.tribes.io.ObjectReader;0;0;2;0.9333;197;7;5;1;0;0.9500;71;9;5
org.apache.catalina.core.StandardWrapper.initServlet(Servlet);org.apache.catalina.Globals;5;2;7;0.9369;748;76;36;0;1;1.0000;0;0;39
org.apache.coyote.http11.Http11NioProtocol.start();org.apache.tomcat.util.net.AbstractEndpoint;1;0;2;0.9688;97;17;3;1;0;0.9880;397;29;69
org.apache.tomcat.util.net.AprEndpoint.Poller.destroy();org.apache.tomcat.jni.Poll;1;0;7;0.4167;168;4;7;1;0;1.0000;9;9;11
org.apache.catalina.core.StandardContext.listenerStop();org.apache.tomcat.InstanceManager;2;3;2;0.9877;2421;209;114;1;0;0.9231;4;4;0
org.apache.coyote.http11.InternalOutputBuffer.sendAck();org.apache.coyote.http11.Constants;1;0;1;0.9231;72;8;3;0;1;1.0000;0;0;44
org.apache.catalina.startup.HostConfig.lifecycleEvent(LifecycleEvent);org.apache.catalina.core.StandardHost;3;3;7;0.8519;793;36;16;2;2;0.9385;308;36;19
org.apache.catalina.tribes.group.interceptors.NonBlockingCoordinator.messageReceived(ChannelMessage);org.apache.catalina.tribes.ChannelMessage;1;2;3;0.9630;352;38;15;2;0;0.8824;11;11;0
org.apache.catalina.session.PersistentManagerBase.isLoaded(String);org.apache.juli.logging.Log;0;0;1;1.0000;421;30;12;1;0;0.9474;18;18;0
org.apache.catalina.mbeans.GlobalResourcesLifecycleListener.createMBeans(String, UserDatabase);org.apache.catalina.UserDatabase;0;0;1;1.0000;103;5;3;3;0;0.8333;16;16;0
org.apache.catalina.mbeans.ServerLifecycleListener.createMBeans(Service);org.apache.catalina.Service;0;2;0;0.9412;563;31;2;2;0;0.8889;15;15;0
org.apache.tomcat.util.http.fileupload.DiskFileItem.getCharSet();org.apache.tomcat.util.http.fileupload.ParameterParser;1;0;1;0.9667;232;17;16;1;1;0.8824;135;9;6
org.apache.catalina.tribes.group.interceptors.NonBlockingCoordinator.CoordinationEvent.toString();org.apache.catalina.tribes.Member;0;0;7;0.4167;59;2;20;1;0;0.9545;13;13;1
org.apache.jasper.compiler.Validator.ValidateVisitor.getJspAttribute(TagAttributeInfo, String, String, String, String, Node, boolean);org.apache.jasper.compiler.Node.JspAttribute;5;0;2;0.9615;735;37;19;1;0;0.9677;107;7;10
org.apache.catalina.tribes.group.RpcChannel.RpcCollector.hashCode();org.apache.catalina.tribes.group.RpcChannel.RpcCollectorKey;0;0;1;0.9091;39;5;5;1;0;0.7500;13;2;1
org.apache.catalina.core.ApplicationContext.mergeParameters();org.apache.catalina.core.StandardContext;0;0;2;0.9730;645;60;13;3;0;0.9908;2421;209;114
org.apache.catalina.servlets.WebdavServlet.getDocumentBuilder();org.apache.tomcat.util.res.StringManager;0;0;0;1.0000;1461;29;24;1;0;0.8000;52;3;3
org.apache.jasper.compiler.Validator.ValidateVisitor.getFunctionMapper(ELNode.Nodes);org.apache.jasper.compiler.JspUtil;2;0;2;0.9583;735;37;19;1;0;1.0000;608;37;6
org.apache.catalina.connector.Response.toEncoded(String, String);org.apache.catalina.core.ApplicationSessionCookieConfig;1;0;0;1.0000;596;70;20;0;0;1.0000;85;2;7
org.apache.catalina.core.StandardPipeline.setBasic(Valve);org.apache.juli.logging.Log;0;1;4;0.8519;233;15;5;1;0;0.9643;18;18;0
org.apache.catalina.valves.AccessLogValve.ThreadNameElement.addElement(StringBuilder, Date, Request, Response, long);org.apache.catalina.connector.Request;2;0;0;1.0000;9;1;0;1;0;0.9943;1203;127;53
org.apache.coyote.http11.Http11NioProtocol.Http11ConnectionHandler.process(NioChannel);org.apache.juli.logging.Log;9;2;3;0.8438;177;8;6;2;0;0.9512;18;18;0
org.apache.jasper.compiler.Node.IncludeDirective.accept(Visitor);org.apache.jasper.compiler.Node.Visitor;0;0;0;1.0000;9;1;0;1;0;0.9714;126;35;0
org.apache.jasper.compiler.Node.AttributeGenerator.accept(Visitor);org.apache.jasper.compiler.Node.Visitor;0;0;0;1.0000;14;1;2;1;0;0.9714;126;35;0
org.apache.coyote.http11.AbstractHttp11Protocol.getTruststoreType();org.apache.tomcat.util.net.AbstractEndpoint;1;0;1;0.9909;382;89;22;0;1;0.9859;397;29;69
org.apache.catalina.users.MemoryGroupCreationFactory.createObject(Attributes);org.apache.catalina.users.MemoryUserDatabase;1;0;1;0.8571;40;2;2;3;0;0.9118;252;22;10
org.apache.catalina.connector.Response.doIsEncodeable(Request, Session, String);org.apache.catalina.Context;1;1;0;0.9896;596;70;20;1;0;0.9932;139;139;1
org.apache.catalina.core.StandardContextValve.invoke(Request, Response);org.apache.catalina.Wrapper;2;1;2;0.9310;97;5;3;1;0;0.9841;39;39;0
org.apache.tomcat.util.net.JIoEndpoint.Acceptor.run();org.apache.juli.logging.Log;1;0;0;1.0000;28;1;0;1;0;0.9615;18;18;0
org.apache.catalina.connector.CoyoteAdapter.service(org.apache.coyote.Request, org.apache.coyote.Response);org.apache.catalina.connector.Request;8;0;5;0.9792;620;12;9;6;4;0.9507;1203;127;53
org.apache.catalina.tribes.util.Arrays.toNameString(Member[], int, int);org.apache.catalina.tribes.Member;0;0;0;1.0000;157;24;1;1;0;0.9231;13;13;1
org.apache.catalina.mbeans.ServerLifecycleListener.processContainerAddChild(Container, Container);org.apache.juli.logging.Log;0;3;1;0.9118;563;31;2;3;0;0.8571;18;18;0
org.apache.jasper.compiler.Validator.ValidateVisitor.checkXmlAttributes(Node.CustomTag, Node.JspAttribute[], Hashtable<String,Object>);org.apache.jasper.compiler.JspUtil;8;1;4;0.9344;735;37;19;1;0;1.0000;608;37;6
org.apache.catalina.core.StandardContext.setPublicId(String);org.apache.juli.logging.Log;0;0;2;0.9969;2421;209;114;2;0;0.9000;18;18;0
org.apache.catalina.connector.Request.getAttribute(String);org.apache.coyote.ActionCode;2;2;5;0.9659;1203;127;53;0;1;1.0000;6;0;30
org.apache.catalina.realm.JAASCallbackHandler.handle(Callback);org.apache.catalina.realm.RealmBase;1;0;11;0.3750;69;1;11;1;0;0.9846;672;37;22
org.apache.catalina.session.StandardManager.PrivilegedDoLoad.run();org.apache.catalina.session.StandardManager;0;0;0;1.0000;6;1;0;1;0;0.9524;304;16;7
org.apache.catalina.tribes.group.interceptors.ThroughputInterceptor.sendMessage(Member[], ChannelMessage, InterceptorPayload);org.apache.catalina.tribes.io.XByteBuffer;0;1;9;0.4118;88;3;14;1;0;1.0000;317;36;7
org.apache.catalina.core.NamingContextListener.addEjb(ContextEjb);org.apache.catalina.deploy.ResourceBase;2;0;3;0.9487;745;23;11;4;0;0.8095;43;9;7
org.apache.catalina.valves.AccessLogValve.LocalPortElement.addElement(StringBuilder, Date, Request, Response, long);org.apache.catalina.connector.Request;0;0;0;1.0000;3;1;0;1;0;0.9943;1203;127;53
org.apache.catalina.core.StandardWrapper.loadServlet();org.apache.tomcat.InstanceManager;3;4;11;0.8824;748;76;36;1;0;0.9667;4;4;0
org.apache.jasper.compiler.Node.UninterpretedTag.accept(Visitor);org.apache.jasper.compiler.Node.Visitor;0;0;0;1.0000;12;1;1;1;0;0.9714;126;35;0
org.apache.catalina.valves.PersistentValve.invoke(Request, Response);org.apache.catalina.Store;0;1;1;0.9688;80;3;2;3;0;0.9211;11;11;0
org.apache.catalina.tribes.group.interceptors.FragmentationInterceptor.FragCollection.assemble();org.apache.catalina.tribes.io.XByteBuffer;1;1;2;0.7500;30;4;3;1;2;0.8966;317;36;7
org.apache.catalina.startup.ContextConfig.getGlobalWebXmlSource();org.apache.catalina.core.StandardContext;1;3;2;0.8889;1103;37;18;0;1;0.9969;2421;209;114
org.apache.catalina.startup.WebAnnotationSet.addResource(Context, Resource);org.apache.catalina.deploy.ContextEnvironment;5;0;0;1.0000;125;6;0;0;1;0.9474;33;3;3
org.apache.jasper.JspC.execute();org.apache.juli.logging.Log;0;7;6;0.8588;876;35;84;4;0;0.8667;18;18;0
org.apache.jasper.compiler.Generator.GenerateVisitor.findJspBody(Node);org.apache.jasper.compiler.Node.Nodes;1;0;0;1.0000;1736;44;16;2;0;0.8182;43;5;3
org.apache.catalina.servlets.WebdavServlet.copyResource(HttpServletRequest, HttpServletResponse);org.apache.naming.resources.ProxyDirContext;1;4;1;0.8611;1461;29;24;1;0;0.9881;469;64;15
org.apache.catalina.ha.authenticator.ClusterSingleSignOn.removeSession(String, Session);org.apache.catalina.ha.ClusterManager;1;1;2;0.8889;142;15;4;1;0;0.9630;15;15;0
org.apache.catalina.core.StandardWrapperValve.invoke(Request, Response);org.apache.tomcat.util.log.SystemLogHandler;4;1;5;0.8936;352;4;6;2;0;1.0000;128;29;3
org.apache.tomcat.util.net.NioEndpoint.SocketProcessor.run();org.apache.juli.logging.Log;5;0;2;0.9200;91;2;2;3;0;0.9211;18;18;0
org.apache.jasper.compiler.Generator.declareTemporaryScriptingVars(Node.Nodes);org.apache.jasper.compiler.Node.CustomTag;2;0;1;0.9783;782;28;18;1;3;0.9111;218;9;26
org.apache.catalina.core.NamingContextListener.addEjb(ContextEjb);org.apache.catalina.deploy.ContextEjb;2;0;3;0.9487;745;23;11;3;0;0.7857;45;4;4
org.apache.jasper.compiler.Generator.GenerateVisitor.declareScriptingVars(Node.CustomTag, int);org.apache.jasper.compiler.ServletWriter;1;0;2;0.9688;1736;44;16;3;0;0.8500;54;12;6
org.apache.coyote.RequestInfo.getCurrentQueryString();org.apache.coyote.Request;1;0;1;0.9643;134;13;14;0;1;0.9818;221;18;34
org.apache.catalina.ha.context.ReplicatedContext.startInternal();org.apache.catalina.Globals;2;1;3;0.8824;60;5;3;0;1;1.0000;0;0;39
org.apache.catalina.ha.deploy.FarmWarDeployer.getFactory(FileMessage);org.apache.catalina.ha.deploy.FileMessage;1;0;2;0.9545;376;28;17;0;1;0.9167;53;2;7
org.apache.el.parser.ELParser.Integer();org.apache.el.parser.SimpleNode;4;1;1;0.9855;2270;112;22;0;1;0.9667;123;19;4
org.apache.catalina.deploy.WebXml.configureContext(Context);org.apache.catalina.deploy.ServletDef;5;0;30;0.7986;1536;45;42;7;3;0.9187;93;17;15
org.apache.jasper.compiler.PageInfo.setTrimDirectiveWhitespaces(String, Node, ErrorDispatcher, boolean);org.apache.jasper.compiler.ErrorDispatcher;0;0;2;0.9740;341;30;46;1;0;0.9565;158;22;2
org.apache.tomcat.util.net.NioEndpoint.Poller.cancelledKey(SelectionKey, SocketStatus, boolean);org.apache.tomcat.util.net.NioEndpoint;4;0;0;1.0000;396;15;6;1;2;0.9615;362;19;26
org.apache.naming.NamingContext.checkWritable();org.apache.naming.StringManager;0;1;1;0.9730;282;32;6;1;0;0.8333;50;3;3
org.apache.catalina.manager.ManagerServlet.doGet(HttpServletRequest, HttpServletResponse);org.apache.tomcat.util.res.StringManager;2;13;1;0.7111;924;35;13;1;0;0.9444;52;3;3
org.apache.catalina.ha.session.JvmRouteBinderValve.getManager(Request);org.apache.catalina.Container;1;0;2;1.0000;165;11;7;2;0;0.9474;35;35;6
org.apache.coyote.http11.AbstractOutputBuffer.endHeaders();org.apache.coyote.http11.Constants;1;0;2;0.9355;200;22;11;0;2;1.0000;0;0;44
org.apache.catalina.connector.RequestFacade.getContentLength();org.apache.tomcat.util.res.StringManager;0;0;2;0.9859;450;69;2;1;0;0.8571;52;3;3
org.apache.catalina.startup.ContextConfig.fixDocBase();org.apache.catalina.startup.ExpandWar;1;0;1;0.9808;1103;37;18;2;0;1.0000;244;9;2
org.apache.jasper.compiler.Generator.GenerateVisitor.visit(Node.GetProperty);org.apache.jasper.runtime.JspRuntimeLibrary;3;0;1;0.9853;1736;44;16;1;0;1.0000;626;44;2
org.apache.coyote.http11.AbstractHttp11Protocol.setThreadPriority(int);org.apache.tomcat.util.net.AbstractEndpoint;1;0;1;0.9909;382;89;22;0;1;0.9859;397;29;69
org.apache.coyote.http11.AbstractOutputBuffer.sendStatus();org.apache.coyote.Constants;3;3;3;0.8182;200;22;11;0;2;1.0000;0;0;14
org.apache.tomcat.util.bcel.classfile.Method.equals(Object);org.apache.tomcat.util.bcel.util.BCELComparator;0;0;1;1.0000;60;6;1;1;0;0.5000;2;2;0
org.apache.jasper.compiler.DefaultErrorHandler.javacError(String, Exception);org.apache.jasper.compiler.Localizer;0;0;0;1.0000;36;4;0;1;0;1.0000;34;6;1
org.apache.tomcat.util.net.AprEndpoint.processSocket(long, SocketStatus);org.apache.catalina.Globals;0;0;1;1.0000;471;17;35;0;0;1.0000;0;0;39
org.apache.coyote.http11.filters.GzipOutputFilter.FakeOutputStream.write(byte[], int, int);org.apache.coyote.OutputBuffer;1;0;1;0.8750;13;4;2;1;0;0.7500;1;1;0
org.apache.catalina.startup.ContextConfig.processJarsForWebFragments();org.apache.catalina.Loader;0;0;1;0.9800;1103;37;18;1;0;0.9500;14;14;0
org.apache.coyote.http11.Http11AprProcessor.action(ActionCode, Object);org.apache.tomcat.jni.SSLSocket;10;1;19;0.7978;954;28;36;5;0;1.0000;7;7;0
org.apache.catalina.connector.Request.getLocalName();org.apache.coyote.ActionCode;2;0;2;0.9886;1203;127;53;0;1;1.0000;6;0;30
org.apache.jasper.compiler.Parser.parseCustomTag(Node);org.apache.jasper.JspCompilationContext;1;2;5;0.9091;1185;55;13;1;0;0.9877;426;31;31
org.apache.catalina.core.ApplicationContext.getResourceAsStream(String);org.apache.catalina.util.RequestUtil;1;0;1;0.9857;645;60;13;1;0;1.0000;189;13;3
org.apache.catalina.core.ApplicationServletRegistration.getClassName();org.apache.catalina.Wrapper;0;0;1;0.9412;132;14;3;1;0;0.9750;39;39;0
org.apache.jasper.compiler.Node.Comment.accept(Visitor);org.apache.jasper.compiler.Node.Visitor;0;0;0;1.0000;6;1;0;1;0;0.9714;126;35;0
org.apache.jasper.compiler.Parser.parseStandardAction(Node);org.apache.jasper.compiler.TagConstants;1;9;3;0.8209;1185;55;13;0;15;1.0000;0;0;57
org.apache.tomcat.util.net.AprEndpoint.Poller.destroy();org.apache.tomcat.jni.Pool;1;0;7;0.4167;168;4;7;1;0;1.0000;13;13;0
org.apache.catalina.core.AsyncContextImpl.dispatch(ServletContext, String);org.apache.coyote.ActionCode;1;4;4;0.8250;283;23;12;0;1;1.0000;6;0;30
org.apache.catalina.startup.AbsoluteOrderingRule.begin(String, String, Attributes);org.apache.juli.logging.Log;2;0;0;1.0000;5;1;0;1;0;0.9524;18;18;0
org.apache.catalina.ha.authenticator.ClusterSingleSignOn.associate(String, Session);org.apache.catalina.Session;1;1;2;0.8889;142;15;4;2;0;0.9535;32;32;4
org.apache.catalina.ha.session.DeltaManager.serializeSessions(Session[]);org.apache.catalina.ha.session.DeltaSession;1;0;2;1.0000;822;41;40;1;0;0.9800;399;42;7
org.apache.catalina.util.InstanceSupport.fireInstanceEvent(String, Servlet, ServletRequest, ServletResponse, Throwable);org.apache.catalina.InstanceListener;0;0;2;0.8667;81;11;3;1;0;0.6667;1;1;0
org.apache.el.parser.ELParser.DynamicExpression();org.apache.el.parser.JJTELParserState;2;2;1;0.9784;2270;112;22;4;0;0.8182;74;10;5
org.apache.catalina.startup.TldConfig.tldScanWebXml();org.apache.catalina.Context;1;1;6;0.8519;291;15;15;2;0;0.9865;139;139;1
org.apache.catalina.core.ApplicationContextFacade.declareRoles(String);org.apache.catalina.security.SecurityUtil;1;1;1;0.9667;514;57;3;1;0;1.0000;146;11;17
org.apache.catalina.ha.session.DeltaSession.applyDiff(byte[], int, int);org.apache.catalina.ha.ClusterManager;1;4;0;0.9231;399;42;7;2;0;0.9048;15;15;0
org.apache.catalina.ha.session.DeltaManager.sendCreateSession(String, DeltaSession);org.apache.catalina.session.StandardSession;2;1;5;0.9512;822;41;40;1;0;0.9881;585;58;24
org.apache.jasper.compiler.Generator.DeclarationVisitor.visit(Node.Declaration);org.apache.jasper.compiler.Node;3;0;0;1.0000;36;3;1;0;2;0.9355;163;7;15
org.apache.jasper.compiler.Node.SetProperty.accept(Visitor);org.apache.jasper.compiler.Node.Visitor;0;0;0;1.0000;15;1;1;1;0;0.9714;126;35;0
org.apache.catalina.core.StandardServer.startInternal();org.apache.catalina.Lifecycle;0;0;1;0.9787;309;29;19;1;0;0.8750;6;6;11
org.apache.tomcat.util.http.mapper.Mapper.internalMapWildcardWrapper(Wrapper[], int, CharChunk, MappingData);org.apache.tomcat.util.buf.CharChunk;2;3;0;1.0000;837;39;5;3;3;0.8966;393;39;8
org.apache.catalina.realm.CombinedRealm.addRealm(Realm);org.apache.juli.logging.Log;1;0;2;0.9286;151;12;2;1;0;0.9500;18;18;0
org.apache.tomcat.util.net.NioBlockingSelector.KeyReference.finalize();org.apache.tomcat.util.net.NioBlockingSelector;1;0;1;0.5000;11;1;1;0;1;1.0000;111;4;4
org.apache.coyote.http11.Http11Processor.recycle();org.apache.coyote.http11.AbstractInputBuffer;0;0;5;0.7500;731;12;7;1;0;0.9655;81;10;14
org.apache.jasper.tagplugins.jstl.core.Import.doTag(TagPluginContext);org.apache.jasper.compiler.tagplugin.TagPluginContext;0;0;0;1.0000;243;1;0;6;0;0.5714;14;14;0
org.apache.coyote.ajp.AjpProcessor.action(ActionCode, Object);org.apache.coyote.Response;9;3;14;0.7541;659;13;32;0;1;0.9861;250;19;18
org.apache.coyote.http11.Http11NioProtocol.Http11ConnectionHandler.event(NioChannel, SocketStatus);org.apache.coyote.http11.AbstractHttp11Processor;7;0;2;0.9286;177;8;6;0;1;0.9841;228;17;32
org.apache.catalina.core.ApplicationContextFacade.getServletContextName();org.apache.catalina.core.ApplicationContext;0;1;1;0.9672;514;57;3;1;0;0.9859;645;60;13
org.apache.catalina.core.StandardContext.buildInjectionMap(NamingResources);org.apache.catalina.deploy.NamingResources;0;1;0;0.9969;2421;209;114;7;0;0.8600;342;36;13
org.apache.catalina.connector.Request.setPathInfo(String);org.apache.tomcat.util.buf.MessageBytes;1;0;1;0.9943;1203;127;53;1;0;0.9767;380;30;16
org.apache.catalina.loader.WebappLoader.startInternal();org.apache.tomcat.util.res.StringManager;1;5;8;0.8611;553;36;17;1;0;0.9722;52;3;3
org.apache.catalina.connector.RequestFacade.getParameterValues(String);org.apache.catalina.security.SecurityUtil;0;0;2;0.9859;450;69;2;1;0;1.0000;146;11;17
org.apache.catalina.startup.Embedded.removeEngine(Engine);org.apache.catalina.Lifecycle;0;0;2;0.9800;368;34;10;1;0;0.9286;6;6;11
org.apache.coyote.http11.InternalOutputBuffer.setSocketBuffer(int);org.apache.tomcat.util.buf.ByteChunk;0;0;2;0.8462;72;8;3;1;0;0.9796;425;43;10
org.apache.catalina.connector.RequestFacade.getRequestDispatcher(String);org.apache.catalina.Globals;1;0;2;0.9859;450;69;2;0;1;1.0000;0;0;39
org.apache.catalina.manager.ManagerServlet.sessions(PrintWriter, String, int);org.apache.catalina.Session;1;0;3;0.9600;924;35;13;2;0;0.9474;32;32;4
org.apache.catalina.connector.RequestFacade.getAuthType();org.apache.catalina.connector.Request;0;0;2;0.9859;450;69;2;1;0;0.9943;1203;127;53
org.apache.catalina.core.ApplicationContext.populateSessionTrackingModes();org.apache.catalina.core.StandardContext;0;0;3;0.9595;645;60;13;1;0;0.9970;2421;209;114
org.apache.catalina.startup.ContextConfig.processAnnotationWebFilter(String, AnnotationEntry, WebXml);org.apache.tomcat.util.bcel.classfile.ElementValue;5;2;1;0.9688;1103;37;18;1;0;0.9630;47;4;15
org.apache.jasper.tagplugins.jstl.core.Catch.doTag(TagPluginContext);org.apache.jasper.compiler.tagplugin.TagPluginContext;0;0;0;1.0000;24;1;0;5;0;0.6429;14;14;0
org.apache.catalina.startup.ContextConfig.createContextDigester();org.apache.tomcat.util.digester.Digester;1;0;0;1.0000;1103;37;18;1;1;0.9850;849;103;29
org.apache.catalina.tribes.transport.nio.NioReceiver.events();org.apache.juli.logging.Log;0;0;2;0.9545;269;15;8;3;0;0.8421;18;18;0
org.apache.catalina.session.StandardSession.getSession();org.apache.catalina.security.SecurityUtil;0;0;1;0.9867;585;58;24;1;0;1.0000;146;11;17
org.apache.catalina.tribes.group.interceptors.NonBlockingCoordinator.startElection(boolean);org.apache.catalina.tribes.group.AbsoluteOrder.AbsoluteComparator;1;5;8;0.7547;352;38;15;1;0;0.9583;45;7;0
org.apache.catalina.core.ApplicationContext.mergeParameters();org.apache.catalina.deploy.ApplicationParameter;0;0;2;0.9730;645;60;13;3;0;0.7857;39;5;5
org.apache.catalina.ha.session.DeltaManager.getAllClusterSessions();org.apache.catalina.ha.CatalinaCluster;2;3;11;0.8621;822;41;40;2;0;0.9512;20;20;1
org.apache.catalina.ha.session.SimpleTcpReplicationManager.startInternal();org.apache.juli.logging.Log;1;0;4;0.9286;356;17;15;6;0;0.7692;18;18;0
org.apache.jasper.compiler.Compiler.removeGeneratedClassFiles();org.apache.juli.logging.Log;0;0;2;0.9048;310;11;8;2;0;0.9048;18;18;0
org.apache.catalina.startup.ContextConfig.contextConfig();org.apache.juli.logging.Log;2;5;2;0.8511;1103;37;18;0;0;1.0000;18;18;0
org.apache.catalina.valves.ExtendedAccessLogValve.ServletContextElement.addElement(StringBuilder, Date, Request, Response, long);org.apache.catalina.connector.Request;0;0;1;0.7500;6;1;1;1;0;0.9944;1203;127;53
org.apache.catalina.ha.session.DeltaSession.setAttribute(String, Object, boolean, boolean);org.apache.tomcat.util.res.StringManager;0;2;2;0.9423;399;42;7;1;0;0.9091;52;3;3
org.apache.catalina.startup.HostConfig.deployWAR(String, File, String);org.apache.tomcat.util.ExceptionUtils;0;0;0;0;0;0;0;0;0;0;0;0;0
org.apache.coyote.http11.Http11NioProtocol.Http11ConnectionHandler.process(NioChannel);org.apache.tomcat.util.net.SecureNioChannel;9;2;3;0.8438;177;8;6;0;1;0.9792;255;15;8
org.apache.catalina.users.MemoryUserDatabase.removeRole(Role);org.apache.catalina.User;0;2;1;0.9118;252;22;10;1;0;0.9545;17;17;0
org.apache.catalina.connector.CoyoteAdapter.log(org.apache.coyote.Request, org.apache.coyote.Response, long);org.apache.catalina.connector.Connector;0;0;0;0;0;0;0;0;0;0;0;0;0
org.apache.catalina.core.JreMemoryLeakPreventionListener.lifecycleEvent(LifecycleEvent);org.apache.tomcat.util.res.StringManager;1;0;6;0.5000;83;1;6;1;0;0.9167;52;3;3
org.apache.naming.SelectorContext.lookupLink(String);org.apache.juli.logging.Log;1;2;2;0.9429;170;31;7;2;0;0.9000;18;18;0
org.apache.catalina.deploy.WebXml.merge(Set<WebXml>);org.apache.catalina.deploy.SessionConfig;2;11;30;0.5930;1536;45;42;4;9;0.7451;54;5;9
org.apache.catalina.ha.tcp.ReplicationValve.invoke(Request, Response);org.apache.catalina.core.StandardContext;0;3;5;0.8667;278;16;17;1;0;0.9971;2421;209;114
org.apache.jasper.compiler.TagLibraryInfoImpl.parseTLD(String, InputStream, JarResource);org.apache.jasper.compiler.ErrorDispatcher;0;4;3;0.7500;528;14;6;1;0;0.9714;158;22;2
org.apache.catalina.connector.Request.getLocalAddr();org.apache.coyote.ActionCode;2;0;2;0.9886;1203;127;53;0;1;1.0000;6;0;30
org.apache.catalina.connector.Request.isSSLAttribute(String);org.apache.catalina.Globals;1;0;0;1.0000;1203;127;53;0;5;1.0000;0;0;39
org.apache.catalina.tribes.membership.MemberImpl.getMember(byte[], int, int, MemberImpl);org.apache.catalina.tribes.util.Arrays;0;4;8;0.7436;300;29;19;1;0;1.0000;157;24;1
org.apache.catalina.tribes.transport.bio.util.FastQueue.add(ChannelMessage, Member[], InterceptorPayload);org.apache.juli.logging.Log;1;0;10;0.7273;172;11;14;6;0;0.8000;18;18;0
org.apache.el.parser.ELParser.jj_3R_37();org.apache.el.parser.ELParserConstants;1;2;0;0.9850;2270;112;22;0;1;0.9828;0;0;56
org.apache.jasper.compiler.ELFunctionMapper.ELFunctionVisitor.doMap(Node.JspAttribute);org.apache.jasper.compiler.Node.JspAttribute;2;0;0;1.0000;151;14;1;0;1;0.9474;107;7;10
org.apache.tomcat.util.net.NioEndpoint.init();org.apache.tomcat.util.net.NioSelectorPool;1;2;7;0.8475;362;19;26;1;0;0.9783;182;9;12
org.apache.tomcat.util.buf.C2BConverter.convert(MessageBytes);org.apache.juli.logging.Log;3;3;2;0.8333;58;8;5;2;0;0.9355;18;18;0
org.apache.catalina.servlets.WebdavServlet.parseProperties(HttpServletRequest, XMLWriter, String, int, Vector<String>);org.apache.naming.resources.ProxyDirContext;3;2;3;0.9592;1461;29;24;1;0;0.9894;469;64;15
org.apache.jasper.compiler.Dumper.DumpVisitor.visit(Node.ForwardAction);org.apache.jasper.compiler.Node;1;3;0;0.8929;122;27;1;0;1;0.9655;163;7;15
org.apache.catalina.startup.ServletDefCreateRule.begin(String, String, Attributes);org.apache.juli.logging.Log;1;0;0;1.0000;11;2;0;2;0;0.9048;18;18;0
org.apache.jasper.compiler.Generator.GenerateVisitor.generateCustomStart(Node.CustomTag, TagHandlerInfo, String, String, String);org.apache.jasper.compiler.Generator.TagHandlerInfo;6;1;2;0.9615;1736;44;16;0;1;0.9630;27;2;3
org.apache.catalina.core.NamingContextListener.lifecycleEvent(LifecycleEvent);org.apache.juli.logging.Log;4;2;9;0.7857;745;23;11;3;0;0.9143;18;18;0
org.apache.catalina.core.StandardContext.loadOnStartup(Container);org.apache.catalina.core.StandardWrapper;1;0;0;1.0000;2421;209;114;1;0;1.0000;748;76;36
org.apache.catalina.realm.RealmBase.digest(String);org.apache.juli.logging.Log;1;1;4;0.9434;672;37;22;1;0;0.9545;18;18;0
org.apache.catalina.startup.UserConfig.deploy();org.apache.catalina.startup.UserDatabase;0;1;3;0.8696;87;10;8;3;0;0.7500;4;4;0
org.apache.catalina.startup.CopyParentClassLoaderRule.begin(String, String, Attributes);org.apache.juli.logging.Log;1;0;0;1.0000;10;1;0;2;0;0.9091;18;18;0
org.apache.catalina.startup.IgnoreAnnotationsRule.begin(String, String, Attributes);org.apache.catalina.deploy.WebXml;3;0;0;1.0000;15;1;0;0;1;0.9872;1536;45;42
org.apache.catalina.connector.RequestFacade.getSession(boolean);org.apache.catalina.connector.Request;0;0;2;0.9859;450;69;2;1;0;0.9943;1203;127;53
org.apache.coyote.http11.InternalNioInputBuffer.SocketInputBuffer.doRead(ByteChunk, Request);org.apache.tomcat.util.buf.ByteChunk;0;0;0;1.0000;9;1;0;1;0;0.9804;425;43;10
org.apache.catalina.core.NamingContextListener.lifecycleEvent(LifecycleEvent);org.apache.naming.ContextBindings;4;2;9;0.7857;745;23;11;4;0;1.0000;112;21;6
org.apache.catalina.core.ApplicationContext.log(String, Throwable);org.apache.catalina.core.ContainerBase;0;0;1;0.9857;645;60;13;1;0;0.9875;555;53;27
org.apache.coyote.Response.doWrite(ByteChunk);org.apache.coyote.OutputBuffer;0;0;2;0.9474;250;19;18;1;0;0.7500;1;1;0
org.apache.catalina.tribes.transport.ReplicationTransmitter.add(Member);org.apache.catalina.tribes.transport.MultiPointSender;0;0;1;0.8889;30;7;3;1;0;0.8750;7;7;0
org.apache.jasper.xmlparser.UTF8Reader.expectedByte(int, int);org.apache.jasper.compiler.Localizer;0;0;0;1.0000;356;11;7;1;0;1.0000;34;6;1
org.apache.catalina.ant.ValidatorTask.execute();org.apache.tomcat.util.digester.Digester;2;0;1;0.8571;38;2;1;1;0;0.9928;849;103;29
org.apache.jasper.compiler.Generator.GenerateVisitor.visit(Node.CustomTag);org.apache.jasper.compiler.ServletWriter;7;1;8;0.8916;1736;44;16;7;0;0.8333;54;12;6
org.apache.catalina.tribes.group.interceptors.NonBlockingCoordinator.messageReceived(ChannelMessage);org.apache.juli.logging.Log;1;2;3;0.9630;352;38;15;1;0;0.9600;18;18;0
org.apache.jasper.compiler.JDTCompiler.CompilationUnit.getContents();org.apache.juli.logging.Log;3;0;0;1.0000;52;4;2;1;0;0.9545;18;18;0
org.apache.coyote.http11.Http11NioProcessor.event(SocketStatus);org.apache.coyote.Request;7;1;4;0.9024;840;14;11;1;1;0.9722;221;18;34
org.apache.catalina.tribes.transport.bio.BioReceiver.start();org.apache.juli.logging.Log;0;1;1;0.9286;94;7;2;1;0;0.9583;18;18;0
org.apache.tomcat.util.digester.SetPropertyRule.begin(String, String, Attributes);org.apache.tomcat.util.digester.Digester;2;0;2;0.8571;40;2;2;3;2;0.9640;849;103;29
org.apache.jasper.compiler.JarScannerFactory.getJarScanner(ServletContext);org.apache.jasper.compiler.Localizer;0;0;0;1.0000;10;1;0;1;0;1.0000;34;6;1
org.apache.catalina.core.ApplicationContextFacade.setInitParameter(String, String);org.apache.catalina.security.SecurityUtil;0;1;1;0.9672;514;57;3;1;0;1.0000;146;11;17
org.apache.tomcat.util.http.mapper.Mapper.map(MessageBytes, MappingData);org.apache.tomcat.util.buf.MessageBytes;2;1;1;0.9375;837;39;5;1;1;0.9545;380;30;16
org.apache.catalina.realm.UserDatabaseRealm.getPrincipal(String);org.apache.catalina.Group;0;0;1;0.9231;92;6;4;1;0;0.9375;11;11;0
org.apache.catalina.loader.WebappLoader.startInternal();org.apache.catalina.Lifecycle;1;5;8;0.8611;553;36;17;1;0;0.9730;6;6;11
org.apache.catalina.tribes.group.interceptors.MessageDispatchInterceptor.sendAsyncData(LinkObject);org.apache.catalina.tribes.io.XByteBuffer;2;1;1;0.9688;138;12;8;0;1;0.9730;317;36;7
org.apache.catalina.authenticator.FormAuthenticator.forwardToErrorPage(Request, HttpServletResponse, LoginConfig);org.apache.catalina.Context;1;0;1;1.0000;236;8;3;1;0;0.9931;139;139;1
org.apache.catalina.ha.session.JvmRouteSessionIDBinderListener.messageReceived(ClusterMessage);org.apache.catalina.Session;3;0;0;1.0000;54;5;3;1;0;0.9796;32;32;4
org.apache.catalina.core.StandardHostValve.throwable(Request, Response, Throwable);org.apache.catalina.Globals;4;3;2;0.9048;160;7;3;0;6;1.0000;0;0;39
org.apache.jasper.compiler.Node.FallBackAction.accept(Visitor);org.apache.jasper.compiler.Node.Visitor;0;0;0;1.0000;9;1;0;1;0;0.9714;126;35;0
org.apache.jasper.el.ELResolverImpl.getDefaultResolver();org.apache.jasper.Constants;1;0;1;1.0000;89;7;2;0;1;1.0000;0;0;33
org.apache.catalina.ha.session.DeltaManager.requestCompleted(String, boolean);org.apache.catalina.ha.ClusterMessage;3;1;5;0.9556;822;41;40;1;0;0.9545;6;6;0
org.apache.naming.ContextBindings.bindThread(Object, Object);org.apache.naming.ContextAccessController;1;0;4;1.0000;112;21;6;1;0;1.0000;25;6;2
org.apache.coyote.http11.Http11NioProcessor.parseHost(MessageBytes);org.apache.coyote.Response;5;0;2;0.9474;840;14;11;0;1;0.9808;250;19;18
org.apache.catalina.tribes.group.interceptors.TcpFailureDetector.performForcedCheck();org.apache.catalina.tribes.membership.Membership;0;1;3;0.8519;227;15;10;3;0;0.8889;137;11;6
org.apache.tomcat.util.bcel.classfile.EnumElementValue.stringifyValue();org.apache.tomcat.util.bcel.classfile.ConstantUtf8;2;0;1;0.8571;15;2;2;0;1;0.8571;14;2;1
org.apache.catalina.tribes.io.ObjectReader.hasPackage();org.apache.catalina.tribes.io.XByteBuffer;0;0;1;0.9375;71;9;5;1;0;0.9600;317;36;7
org.apache.catalina.servlets.WebdavServlet.parseProperties(HttpServletRequest, XMLWriter, String, int, Vector<String>);org.apache.catalina.servlets.WebdavStatus;3;2;3;0.9592;1461;29;24;1;2;1.0000;12;2;27
org.apache.catalina.connector.Request.getRemoteAddr();org.apache.coyote.Request;2;0;2;0.9886;1203;127;53;1;1;0.9643;221;18;34
org.apache.catalina.realm.JDBCRealm.credentials(Connection, String);org.apache.juli.logging.Log;0;0;4;0.8571;280;13;15;2;0;0.9130;18;18;0
org.apache.coyote.http11.Http11NioProtocol.Http11ConnectionHandler.release(SocketChannel);org.apache.coyote.http11.Http11NioProcessor;2;1;1;0.8750;177;8;6;1;0;0.9667;840;14;11
org.apache.jasper.compiler.JspDocumentParser.parse(ParserController, String, JarFile, Node, boolean, boolean, String, String, boolean, boolean);org.apache.jasper.compiler.JspUtil;4;2;6;0.8654;663;28;20;1;0;1.0000;608;37;6
org.apache.tomcat.util.http.NamesEnumerator.findNext();org.apache.tomcat.util.buf.MessageBytes;0;0;4;0.6000;30;3;4;2;0;0.9565;380;30;16
org.apache.coyote.RequestInfo.getCurrentUri();org.apache.coyote.Request;1;0;1;0.9643;134;13;14;0;1;0.9818;221;18;34
org.apache.catalina.connector.Connector.pause();org.apache.juli.logging.Log;0;0;3;0.9882;405;53;33;1;0;0.9524;18;18;0
org.apache.jasper.compiler.Generator.GenerateVisitor.visit(Node.TemplateText);org.apache.jasper.compiler.Generator.GenBuffer;6;0;3;0.9605;1736;44;16;0;1;0.9630;47;3;4
org.apache.catalina.realm.RealmBase.getDigest(String, String);org.apache.catalina.util.MD5Encoder;0;2;4;0.9434;672;37;22;1;0;0.8000;11;1;1
org.apache.catalina.session.StandardSession.expire(boolean);org.apache.catalina.Context;2;5;8;0.8778;585;58;24;1;0;0.9939;139;139;1
org.apache.catalina.ssi.SSIExec.process(SSIMediator, String, String[], String[], PrintWriter);org.apache.catalina.ssi.SSIMediator;1;0;2;0.8000;35;1;2;2;1;0.8929;190;16;13
org.apache.catalina.loader.WebappLoader.setRepositories();org.apache.tomcat.util.res.StringManager;2;2;5;0.9180;553;36;17;1;0;0.9500;52;3;3
org.apache.jasper.compiler.Generator.generateTagHandlerPreamble(JasperTagInfo, Node.Nodes);org.apache.jasper.JspCompilationContext;2;9;2;0.7556;782;28;18;0;1;0.9873;426;31;31
org.apache.catalina.core.JreMemoryLeakPreventionListener.lifecycleEvent(LifecycleEvent);org.apache.catalina.Lifecycle;1;0;6;0.5000;83;1;6;0;1;1.0000;6;6;11
org.apache.coyote.http11.Http11NioProtocol.Http11ConnectionHandler.deregister(Http11NioProcessor);org.apache.coyote.http11.Http11NioProtocol;4;0;2;0.9048;177;8;6;0;1;1.0000;97;17;3
org.apache.coyote.http11.filters.VoidOutputFilter.doWrite(ByteChunk, Response);org.apache.tomcat.util.buf.ByteChunk;0;0;0;1.0000;16;4;3;1;0;0.9787;425;43;10
org.apache.catalina.core.ApplicationFilterConfig.registerJMX();org.apache.catalina.deploy.FilterDef;2;2;5;0.8148;175;15;8;1;0;0.9655;66;9;10
org.apache.catalina.connector.CoyoteReader.mark(int);org.apache.catalina.connector.InputBuffer;0;0;1;0.9333;102;12;4;1;0;0.9722;210;19;17
org.apache.catalina.ha.session.JvmRouteBinderValve.invoke(Request, Response);org.apache.catalina.Valve;0;1;2;0.8636;165;11;7;1;0;0.9375;7;7;0
org.apache.catalina.session.ManagerBase.getJvmRoute();org.apache.catalina.Engine;0;1;0;0.9884;518;58;32;1;0;0.8571;6;6;0
org.apache.catalina.ha.session.SimpleTcpReplicationManager.readSession(byte[], String);org.apache.catalina.Session;1;2;1;0.9600;356;17;15;6;0;0.8723;32;32;4
org.apache.jasper.compiler.Validator.ValidateVisitor.visit(Node.PlugIn);org.apache.jasper.compiler.JspUtil;1;2;2;0.9362;735;37;19;1;0;1.0000;608;37;6
org.apache.catalina.tribes.transport.ReplicationTransmitter.stop();org.apache.catalina.tribes.transport.DataSender;0;0;1;0.8889;30;7;3;1;0;0.9167;11;11;0
org.apache.coyote.RequestInfo.getRemoteAddr();org.apache.coyote.Request;2;0;1;0.9655;134;13;14;1;1;0.9636;221;18;34
org.apache.catalina.tribes.group.GroupChannel.getChannelReceiver();org.apache.catalina.tribes.group.ChannelCoordinator;1;0;1;0.9697;268;24;9;0;1;0.9565;164;15;5
org.apache.catalina.connector.CoyoteAdapter.parsePathParameters(org.apache.coyote.Request, Request);org.apache.tomcat.util.buf.ByteChunk;0;0;0;0;0;0;0;0;0;0;0;0;0
org.apache.catalina.connector.Request.parseParameters();org.apache.tomcat.util.http.Parameters;4;5;9;0.9351;1203;127;53;3;0;0.9375;245;14;15
org.apache.el.ValueExpressionImpl.getType(ELContext);org.apache.el.parser.Node;0;1;2;0.8421;78;12;5;1;0;0.9500;17;17;0
org.apache.jasper.xmlparser.UCSReader.read();org.apache.juli.logging.Log;0;0;5;0.8000;100;8;9;2;0;0.9048;18;18;0
org.apache.catalina.tribes.group.interceptors.NonBlockingCoordinator.handleViewConf(CoordinationMessage, Member, Membership);org.apache.catalina.tribes.UniqueId;1;5;5;0.8113;352;38;15;1;0;0.9500;32;3;1
org.apache.tomcat.util.digester.ObjectCreateRule.end(String, String);org.apache.tomcat.util.digester.Digester;1;0;0;1.0000;43;3;2;1;2;0.9779;849;103;29
org.apache.catalina.core.StandardWrapper.getMaxTime();org.apache.catalina.core.StandardWrapperValve;1;0;1;0.9907;748;76;36;0;1;0.9091;352;4;6
org.apache.coyote.RequestInfo.updateCounters();org.apache.tomcat.util.buf.MessageBytes;2;0;9;0.7273;134;13;14;1;0;0.9821;380;30;16
org.apache.catalina.servlets.WebdavServlet.doMove(HttpServletRequest, HttpServletResponse);org.apache.catalina.servlets.WebdavStatus;1;4;0;0.8824;1461;29;24;0;2;1.0000;12;2;27
org.apache.catalina.tribes.tipis.AbstractReplicatedMap.memberDisappeared(Member);org.apache.catalina.tribes.Channel;0;2;4;0.9342;741;50;17;1;0;0.9677;15;15;13
org.apache.jasper.JspC.scanFiles(File);org.apache.jasper.compiler.JspConfig;0;1;4;0.9390;876;35;84;1;0;0.9444;304;6;13
org.apache.catalina.core.ApplicationContext.addListener(String);org.apache.tomcat.InstanceManager;2;1;2;0.9714;645;60;13;1;0;0.8571;4;4;0
org.apache.tomcat.util.digester.Digester.ignorableWhitespace(char, int, int);org.apache.juli.logging.Log;0;0;1;0.9925;849;103;29;2;0;0.8947;18;18;0
org.apache.coyote.http11.AbstractOutputBuffer.nextRequest();org.apache.coyote.http11.OutputFilter;0;0;6;0.8182;200;22;11;1;0;0.9231;6;6;0
org.apache.catalina.mbeans.NamingResourcesMBean.addEnvironment(String, String, String);org.apache.catalina.deploy.ContextEnvironment;2;0;1;0.9474;138;9;2;0;1;0.9231;33;3;3
org.apache.catalina.servlets.DefaultServlet.renderXml(String, CacheEntry, InputStream);org.apache.naming.resources.ResourceAttributes;1;3;3;0.8966;1001;37;20;2;0;0.9643;515;30;30
org.apache.catalina.core.StandardContextValve.invoke(Request, Response);org.apache.tomcat.util.buf.MessageBytes;2;1;2;0.9310;97;5;3;2;0;0.9688;380;30;16
org.apache.jasper.compiler.Generator.GenerateVisitor.generateCustomDoTag(Node.CustomTag, TagHandlerInfo, String);org.apache.jasper.compiler.Generator.TagHandlerInfo;5;4;3;0.9014;1736;44;16;0;1;0.9583;27;2;3
org.apache.coyote.http11.AbstractHttp11Protocol.getTrustMaxCertLength();org.apache.tomcat.util.net.AbstractEndpoint;1;0;1;0.9909;382;89;22;0;1;0.9859;397;29;69
org.apache.coyote.http11.Http11NioProcessor.endRequest();org.apache.coyote.http11.AbstractInputBuffer;1;0;3;0.9355;840;14;11;1;0;0.9677;81;10;14
org.apache.tomcat.util.bcel.classfile.LocalVariableTable.getLocalVariable(int);org.apache.tomcat.util.bcel.classfile.LocalVariable;1;0;2;0.7778;50;5;2;0;1;0.9333;43;5;6
org.apache.catalina.tribes.group.interceptors.OrderInterceptor.sendMessage(Member[], ChannelMessage, InterceptorPayload);org.apache.catalina.tribes.ChannelInterceptor;0;1;1;0.9231;141;9;8;1;0;0.9630;16;16;0
org.apache.coyote.http11.Http11AprProcessor.prepareRequest();org.apache.tomcat.util.buf.MessageBytes;7;3;13;0.8182;954;28;36;5;1;0.9221;380;30;16
org.apache.el.parser.ELParserTokenManager.getNextToken();org.apache.el.parser.SimpleCharStream;1;3;7;0.8333;994;32;25;6;0;0.8966;257;26;16
org.apache.catalina.core.ApplicationFilterRegistration.getUrlPatternMappings();org.apache.catalina.deploy.FilterDef;0;0;2;0.8824;110;11;3;1;0;0.9565;66;9;10
org.apache.jasper.compiler.Generator.DeclarationVisitor.visit(Node.Declaration);org.apache.jasper.compiler.ServletWriter;3;0;0;1.0000;36;3;1;2;1;0.8500;54;12;6
org.apache.jasper.compiler.PageDataImpl.SecondPassVisitor.appendPageDirective(Node.PageDirective);org.apache.jasper.compiler.Node;3;0;3;0.9400;307;41;6;0;2;0.9333;163;7;15
org.apache.catalina.deploy.WebXml.setPublicId(String);org.apache.catalina.startup.Constants;2;0;5;0.9583;1536;45;42;0;6;1.0000;0;0;59
org.apache.jasper.compiler.Validator.DirectiveVisitor.compareTagEncodings(String, Node.TagDirective);org.apache.jasper.compiler.Node;1;0;1;0.9375;214;7;4;1;0;0.9688;163;7;15
org.apache.tomcat.util.net.jsse.JSSEImplementation.getSSLSupport(SSLSession);org.apache.tomcat.util.net.jsse.JSSEFactory;0;0;1;0.8333;19;4;3;1;0;0.7500;9;3;0
org.apache.catalina.core.NamingContextListener.addResource(ContextResource);org.apache.catalina.deploy.ContextResource;2;1;4;0.9070;745;23;11;2;0;0.8947;35;3;3
org.apache.catalina.valves.SSLValve.invoke(Request, Response);org.apache.catalina.Valve;0;1;0;0.8000;45;2;0;1;0;0.9000;7;7;0
org.apache.catalina.servlets.CGIServlet.CGIRunner.run();org.apache.catalina.util.IOTools;1;3;7;0.4444;250;8;7;1;0;1.0000;22;4;1
org.apache.catalina.mbeans.MBeanUtils.createObjectName(String, Loader);org.apache.catalina.Context;0;0;0;1.0000;706;52;4;1;0;0.9930;139;139;1
org.apache.el.parser.SimpleNode.accept(NodeVisitor);org.apache.el.parser.Node;0;0;1;0.9583;123;19;4;1;0;0.9474;17;17;0
org.apache.catalina.session.StandardSession.writeObject(ObjectOutputStream);org.apache.juli.logging.Log;1;3;11;0.8500;585;58;24;3;0;0.9063;18;18;0
org.apache.catalina.authenticator.FormAuthenticator.forwardToLoginPage(Request, HttpServletResponse, LoginConfig);org.apache.catalina.Globals;1;0;1;1.0000;236;8;3;0;1;1.0000;0;0;39
org.apache.catalina.startup.Tomcat.getConnector();org.apache.catalina.Service;0;1;3;0.8857;253;24;14;1;0;0.9500;15;15;0
org.apache.catalina.core.ContainerBase.backgroundProcess();org.apache.catalina.Manager;2;0;7;0.9425;555;53;27;1;0;0.9796;35;35;0
org.apache.catalina.manager.StatusManagerServlet.init();org.apache.tomcat.util.modeler.Registry;0;0;5;0.4444;160;4;6;2;0;0.9773;433;33;10
org.apache.catalina.tribes.membership.McastService.getLocalMember(boolean);org.apache.catalina.tribes.membership.McastServiceImpl;1;0;2;0.9692;353;55;13;1;0;0.9762;309;12;28
org.apache.catalina.startup.ContextConfig.authenticatorConfig();org.apache.catalina.Container;1;0;7;0.9474;1103;37;18;1;0;0.9800;35;35;6
org.apache.catalina.manager.host.HostManagerServlet.setWrapper(Wrapper);org.apache.tomcat.util.modeler.Registry;0;0;5;0.7500;310;13;8;2;0;0.9778;433;33;10
org.apache.el.parser.ELParser.And();org.apache.el.parser.ELParserConstants;2;3;4;0.9496;2270;112;22;0;2;0.9706;0;0;56
org.apache.jasper.compiler.Dumper.DumpVisitor.visit(Node.TemplateText);org.apache.jasper.compiler.Node;1;1;0;0.9643;122;27;1;0;1;0.9630;163;7;15
org.apache.coyote.http11.InternalNioInputBuffer.fill(boolean, boolean);org.apache.tomcat.util.res.StringManager;0;1;1;0.9310;396;12;12;1;0;0.9091;52;3;3
org.apache.coyote.ajp.AjpProcessor.asyncDispatch(SocketStatus);org.apache.coyote.Adapter;4;1;9;0.8298;659;13;32;1;0;0.9412;3;3;0
org.apache.el.lang.ELSupport.coerceToNumber(String, Class<?>);org.apache.el.util.MessageFactory;0;0;0;1.0000;406;22;1;1;0;1.0000;24;7;1
org.apache.catalina.connector.Request.isRequestedSessionIdValid();org.apache.catalina.Manager;0;0;2;0.9886;1203;127;53;1;0;0.9744;35;35;0
org.apache.catalina.authenticator.DigestAuthenticator.findPrincipal(Request, String, Realm);org.apache.catalina.util.MD5Encoder;0;2;2;1.0000;123;8;5;1;0;0.6667;11;1;1
org.apache.coyote.ajp.AjpProtocol.getExecutor();org.apache.tomcat.util.net.AbstractEndpoint;1;0;1;0.9787;201;32;16;0;1;0.9859;397;29;69
org.apache.catalina.startup.CallParamMultiRule.end(String, String);org.apache.tomcat.util.digester.ArrayStack;0;0;0;1.0000;14;1;0;2;0;0.8333;53;6;1
org.apache.catalina.ha.tcp.SimpleTcpCluster.getMembers();org.apache.catalina.tribes.Channel;0;0;1;0.9833;368;43;29;1;0;0.9375;15;15;13
org.apache.catalina.realm.RealmBase.digest(String);org.apache.tomcat.util.res.StringManager;1;1;4;0.9434;672;37;22;1;0;0.8889;52;3;3
org.apache.tomcat.util.bcel.classfile.ElementValue.readElementValue(DataInputStream, ConstantPool);org.apache.tomcat.util.bcel.classfile.AnnotationEntry;0;1;13;1.0000;47;4;15;1;0;1.0000;30;4;5
org.apache.el.parser.ELParser.jj_3R_65();org.apache.el.parser.ELParserConstants;1;1;0;0.9925;2270;112;22;0;1;0.9825;0;0;56
org.apache.coyote.RequestInfo.getContentLength();org.apache.coyote.Request;0;0;1;0.9630;134;13;14;1;0;0.9815;221;18;34
org.apache.catalina.connector.CoyoteAdapter.event(org.apache.coyote.Request, org.apache.coyote.Response, SocketStatus);org.apache.catalina.connector.Response;7;0;4;0.9714;620;12;9;2;0;0.9821;596;70;20
org.apache.coyote.http11.Http11AprProtocol.getSoLinger();org.apache.tomcat.util.net.AbstractEndpoint;0;0;1;0.9901;387;76;26;1;0;0.9859;397;29;69
org.apache.catalina.tribes.group.GroupChannel.send(Member[], Serializable, int, ErrorHandler);org.apache.juli.logging.Log;5;1;0;0.9783;268;24;9;2;0;0.9355;18;18;0
org.apache.catalina.core.NamingContextListener.addService(ContextService);org.apache.catalina.Context;5;0;4;0.9464;745;23;11;1;0;0.9940;139;139;1
org.apache.catalina.tribes.transport.nio.NioReplicationTask.cancelKey(SelectionKey);org.apache.catalina.tribes.io.ObjectReader;1;0;2;0.9375;197;7;5;1;1;0.9000;71;9;5
org.apache.catalina.connector.ResponseFacade.DateHeaderPrivilegedAction.run();org.apache.catalina.connector.Response;1;0;3;0.5714;14;1;3;2;0;0.9783;596;70;20
org.apache.catalina.startup.ContextConfig.antiLocking();org.apache.catalina.Host;0;0;4;0.9615;1103;37;18;1;0;0.9677;22;22;2
org.apache.jasper.compiler.Generator.GenerateVisitor.visit(Node.InvokeAction);org.apache.jasper.compiler.ServletWriter;2;1;1;0.9714;1736;44;16;6;1;0.6818;54;12;6
org.apache.catalina.ha.authenticator.ClusterSingleSignOn.removeSession(String, Session);org.apache.catalina.Session;1;1;2;0.8889;142;15;4;2;0;0.9535;32;32;4
org.apache.coyote.http11.InternalAprInputBuffer.parseRequestLine(boolean);org.apache.coyote.http11.Constants;2;1;5;0.8571;358;13;15;0;5;1.0000;0;0;44
org.apache.tomcat.util.buf.CharChunk.getInt();org.apache.tomcat.util.buf.Ascii;0;0;3;0.9362;393;39;8;1;0;1.0000;91;11;7
org.apache.coyote.ajp.AjpAprProtocol.setBacklog(int);org.apache.tomcat.util.net.AbstractEndpoint;0;0;1;0.9815;219;40;15;1;0;0.9859;397;29;69
org.apache.catalina.ha.session.DeltaSession.expire(boolean, boolean);org.apache.catalina.ha.session.DeltaManager;2;0;3;0.9836;399;42;7;2;2;0.9545;822;41;40
org.apache.coyote.http11.AbstractHttp11Processor.findBytes(ByteChunk, byte[]);org.apache.tomcat.util.buf.Ascii;1;0;0;1.0000;228;17;32;1;0;1.0000;91;11;7
org.apache.catalina.connector.RequestFacade.getAttributeNames();org.apache.catalina.connector.Request;1;0;2;0.9859;450;69;2;1;0;0.9943;1203;127;53
org.apache.tomcat.util.net.AprEndpoint.Poller.run();org.apache.tomcat.util.net.AprEndpoint;4;2;6;0.6000;168;4;7;2;2;0.9545;471;17;35
org.apache.catalina.session.JDBCStore.keys();org.apache.catalina.Manager;1;5;5;0.8276;495;34;23;1;0;0.9792;35;35;0
org.apache.catalina.core.StandardWrapper.setMaxTime(long);org.apache.catalina.core.StandardWrapperValve;1;0;1;0.9907;748;76;36;0;1;0.9091;352;4;6
org.apache.el.parser.ELParserTokenManager.jjMoveStringLiteralDfa6_1(long, long);org.apache.el.parser.SimpleCharStream;0;3;2;0.8837;994;32;25;1;0;0.9818;257;26;16
org.apache.tomcat.util.bcel.classfile.Method.toString();org.apache.tomcat.util.bcel.Constants;2;2;0;0.8824;60;6;1;0;1;1.0000;0;0;122
org.apache.catalina.authenticator.DigestAuthenticator.findPrincipal(Request, String, Realm);org.apache.catalina.connector.Request;0;2;2;1.0000;123;8;5;1;0;0.9943;1203;127;53
org.apache.catalina.core.StandardContextValve.invoke(Request, Response);org.apache.catalina.Loader;2;1;2;0.9310;97;5;3;1;0;0.9737;14;14;0
org.apache.catalina.core.StandardWrapper.setErrorCount(int);org.apache.catalina.core.StandardWrapperValve;1;0;1;0.9907;748;76;36;0;1;0.9091;352;4;6
org.apache.jasper.compiler.Generator.GenerateVisitor.visit(Node.JspBody);org.apache.jasper.compiler.ServletWriter;1;1;3;0.9375;1736;44;16;3;0;0.8636;54;12;6
org.apache.coyote.http11.AbstractHttp11Protocol.setTruststoreAlgorithm(String);org.apache.tomcat.util.net.AbstractEndpoint;1;0;1;0.9909;382;89;22;0;1;0.9859;397;29;69
org.apache.catalina.connector.CoyoteAdapter.log(org.apache.coyote.Request, org.apache.coyote.Response, long);org.apache.catalina.connector.Response;0;0;0;0;0;0;0;0;0;0;0;0;0
org.apache.jasper.compiler.Validator.TagExtraInfoVisitor.visit(Node.CustomTag);org.apache.jasper.compiler.Node.CustomTag;2;0;1;0.8750;27;1;1;0;2;0.9545;218;9;26
org.apache.catalina.connector.Request.getServerName();org.apache.coyote.Request;1;0;1;0.9943;1203;127;53;0;1;0.9818;221;18;34
org.apache.catalina.realm.MemoryRealm.startInternal();org.apache.tomcat.util.digester.Digester;1;1;2;0.8750;94;7;6;3;0;0.9784;849;103;29
org.apache.catalina.valves.ValveBase.getObjectNameKeyProperties();org.apache.catalina.Container;0;0;0;0;0;0;0;0;0;0;0;0;0
org.apache.catalina.connector.InputBuffer.available();org.apache.tomcat.util.buf.ByteChunk;2;0;6;0.8421;210;19;17;1;0;0.9821;425;43;10
org.apache.catalina.connector.RequestFacade.getParts();org.apache.catalina.connector.Request;0;0;1;0.9857;450;69;2;1;0;0.9943;1203;127;53
org.apache.catalina.connector.MapperListener.containerEvent(ContainerEvent);org.apache.catalina.Host;1;0;1;0.9474;300;10;6;1;2;0.9630;22;22;2
org.apache.catalina.core.ContainerBase.backgroundProcess();org.apache.catalina.Lifecycle;2;0;7;0.9425;555;53;27;0;1;1.0000;6;6;11
org.apache.coyote.http11.AbstractHttp11Processor.addInputFilter(InputFilter[], String);org.apache.coyote.http11.Constants;0;0;0;0;0;0;0;0;0;0;0;0;0
org.apache.jasper.compiler.Generator.GenerateVisitor.ParamVisitor.visit(Node.ParamAction);org.apache.jasper.compiler.Node.ParamAction;5;0;0;1.0000;17;1;1;0;1;0.9000;15;1;1
org.apache.catalina.valves.CometConnectionManagerValve.lifecycleEvent(LifecycleEvent);org.apache.juli.logging.Log;3;0;3;0.9200;136;8;4;1;0;0.9706;18;18;0
org.apache.catalina.tribes.group.ChannelCoordinator.sendMessage(Member[], ChannelMessage, InterceptorPayload);org.apache.catalina.tribes.util.Arrays;2;0;2;0.9286;164;15;5;1;0;1.0000;157;24;1
org.apache.tomcat.util.http.MimeHeaders.addValue(byte, int, int);org.apache.tomcat.util.buf.MessageBytes;1;1;0;0.9565;129;18;3;1;0;0.9773;380;30;16
org.apache.catalina.tribes.group.GroupChannel.send(Member[], Serializable, int, ErrorHandler);org.apache.catalina.tribes.util.Logs;5;1;0;0.9783;268;24;9;0;1;1.0000;0;0;1
org.apache.coyote.http11.AbstractHttp11Protocol.setTruststorePass(String);org.apache.tomcat.util.net.AbstractEndpoint;1;0;1;0.9909;382;89;22;0;1;0.9859;397;29;69
org.apache.el.parser.AstNotEqual.getValue(EvaluationContext);org.apache.el.parser.Node;0;0;0;1.0000;8;1;0;1;0;0.9444;17;17;0
org.apache.catalina.connector.Response.setHeader(String, String);org.apache.coyote.Response;0;1;2;0.9659;596;70;20;1;0;0.9750;250;19;18
org.apache.catalina.startup.HostConfig.checkResources(DeployedApplication);org.apache.juli.logging.Log;1;2;4;0.9344;793;36;16;5;0;0.8387;18;18;0
org.apache.coyote.http11.filters.GzipOutputFilter.FakeOutputStream.write(int);org.apache.coyote.http11.filters.GzipOutputFilter;1;0;2;0.7500;13;4;2;0;1;0.9091;26;4;5
org.apache.catalina.tribes.tipis.ReplicatedMap.getStateMessageType();org.apache.catalina.tribes.tipis.AbstractReplicatedMap.MapMessage;1;0;0;1.0000;20;2;0;0;1;1.0000;159;12;20
org.apache.catalina.ssi.SSIMediator.setDateVariables(boolean);org.apache.catalina.ssi.SSIExternalResolver;0;2;3;0.8148;190;16;13;2;0;0.8462;8;8;0
org.apache.catalina.connector.RequestFacade.GetParameterPrivilegedAction.run();org.apache.catalina.connector.RequestFacade;1;0;1;0.6667;6;1;1;0;1;0.9861;450;69;2
org.apache.catalina.session.StandardManager.setContainer(Container);org.apache.catalina.Container;0;0;0;1.0000;304;16;7;2;0;0.9487;35;35;6
org.apache.catalina.startup.Catalina.CatalinaShutdownHook.run();org.apache.juli.logging.Log;1;0;0;1.0000;14;1;0;1;0;0.9545;18;18;0
org.apache.coyote.ajp.AjpAprProcessor.process(long);org.apache.coyote.ajp.AjpMessage;5;4;14;0.7115;623;13;30;1;0;0.9811;235;23;5
org.apache.catalina.tribes.tipis.AbstractReplicatedMap.MapMessage.getValue();org.apache.juli.logging.Log;1;1;0;0.9583;159;12;20;1;0;0.9474;18;18;0
org.apache.catalina.mbeans.NamingResourcesMBean.removeResource(String);org.apache.catalina.deploy.NamingResources;0;0;0;1.0000;138;9;2;2;0;0.9600;342;36;13
org.apache.catalina.tribes.group.interceptors.TcpFailureDetector.messageReceived(ChannelMessage);org.apache.catalina.tribes.io.XByteBuffer;1;0;2;1.0000;227;15;10;1;1;0.9333;317;36;7
org.apache.catalina.connector.CoyoteAdapter.postParseRequest(org.apache.coyote.Request, Request, org.apache.coyote.Response, Response);org.apache.catalina.connector.Response;11;4;2;0.9583;620;12;9;1;0;0.9934;596;70;20
org.apache.coyote.http11.Http11AprProtocol.Http11ConnectionHandler.register(Http11AprProcessor);org.apache.coyote.http11.Http11AprProtocol;4;0;3;0.8421;119;5;5;1;2;0.9821;387;76;26
org.apache.coyote.http11.Http11AprProtocol.Http11ConnectionHandler.register(Http11AprProcessor);org.apache.coyote.RequestInfo;4;0;3;0.8421;119;5;5;1;1;0.9474;134;13;14
org.apache.catalina.tribes.group.interceptors.TcpFailureDetector.checkMembers(boolean);org.apache.juli.logging.Log;0;3;2;0.8182;227;15;10;1;0;0.9545;18;18;0
org.apache.naming.resources.ResourceCache.load(CacheEntry);org.apache.naming.resources.CacheEntry;1;1;2;0.8421;211;7;10;0;3;0.7692;13;2;8
org.apache.catalina.tribes.tipis.AbstractReplicatedMap.MapEntry.apply(byte[], int, int, boolean);org.apache.catalina.tribes.tipis.ReplicatedMapEntry;0;1;2;0.8500;93;11;6;3;0;0.7692;10;10;0
org.apache.catalina.core.StandardHostValve.throwable(Request, Response, Throwable);org.apache.catalina.connector.Response;4;3;2;0.9048;160;7;3;3;1;0.9604;596;70;20
org.apache.naming.NamingContext.list(Name);org.apache.naming.NamingEntry;2;0;2;0.9744;282;32;6;0;3;0.7500;16;2;7
org.apache.catalina.mbeans.UserMBean.addRole(String);org.apache.catalina.UserDatabase;0;0;0;1.0000;85;6;3;1;0;0.9474;16;16;0
org.apache.catalina.connector.Response.isCommitted();org.apache.coyote.Response;1;0;1;0.9886;596;70;20;0;1;0.9737;250;19;18
org.apache.jasper.runtime.JspContextWrapper.getAttribute(String, int);org.apache.jasper.compiler.Localizer;0;0;2;0.9556;257;38;7;1;0;1.0000;34;6;1
org.apache.catalina.mbeans.MBeanUtils.createMBean(NamingResources);org.apache.tomcat.util.modeler.ManagedBean;0;2;2;1.0000;706;52;4;2;0;0.9429;252;23;13
org.apache.catalina.core.StandardContext.addApplicationParameter(ApplicationParameter);org.apache.catalina.deploy.ApplicationParameter;0;0;2;0.9938;2421;209;114;2;0;0.8333;39;5;5
org.apache.catalina.tribes.group.GroupChannel.messageReceived(ChannelMessage);org.apache.catalina.tribes.Channel;3;1;2;0.9574;268;24;9;0;1;1.0000;15;15;13
org.apache.jasper.compiler.TagPluginManager.invokePlugin(Node.CustomTag);org.apache.jasper.compiler.tagplugin.TagPlugin;1;0;2;0.7778;66;3;6;1;0;0.8000;1;1;0
org.apache.tomcat.util.http.MimeHeaders.findHeader(String, int);org.apache.tomcat.util.http.MimeHeaderField;1;0;2;0.9091;129;18;3;0;1;0.8889;13;1;4
org.apache.catalina.mbeans.ServerLifecycleListener.createMBeans(MBeanFactory);org.apache.juli.logging.Log;0;0;1;1.0000;563;31;2;2;0;0.8889;18;18;0
org.apache.jasper.compiler.JspDocumentParser.processChars();org.apache.jasper.compiler.PageInfo;3;0;10;0.7778;663;28;20;0;1;0.9888;341;30;46
org.apache.catalina.startup.Embedded.createEngine();org.apache.catalina.core.ContainerBase;0;0;2;0.9778;368;34;10;1;0;0.9877;555;53;27
org.apache.catalina.startup.WebRuleSet.recycle();org.apache.catalina.startup.SetJspConfig;3;0;3;0.8000;246;4;7;0;1;0.8750;8;1;1
org.apache.catalina.valves.JDBCAccessLogValve.close();org.apache.juli.logging.Log;0;0;3;0.9394;201;7;24;1;0;0.9565;18;18;0
org.apache.coyote.http11.InternalNioInputBuffer.parseRequestLine(boolean);org.apache.coyote.Request;2;2;5;0.8108;396;12;12;0;5;0.9265;221;18;34
org.apache.tomcat.util.bcel.classfile.ConstantValue.toString();org.apache.tomcat.util.bcel.classfile.ConstantLong;8;0;1;0.9333;43;3;1;0;1;0.9333;17;2;1
org.apache.catalina.session.StandardManager.PrivilegedDoUnload.run();org.apache.catalina.session.StandardManager;0;0;0;1.0000;6;1;0;1;0;0.9524;304;16;7
org.apache.catalina.session.StandardManager.stopInternal();org.apache.tomcat.util.res.StringManager;0;1;1;0.9375;304;16;7;1;0;0.9444;52;3;3
org.apache.catalina.manager.StatusTransformer.writeServerInfo(PrintWriter, Object[], int);org.apache.catalina.manager.Constants;1;0;0;1.0000;601;20;0;0;1;1.0000;0;0;11
org.apache.jasper.compiler.SmapGenerator.addStratum(SmapStratum, boolean);org.apache.jasper.compiler.SmapStratum;1;0;2;0.7778;58;5;5;0;1;0.9286;89;6;5
org.apache.jasper.compiler.ImplicitTagLibraryInfo.getTagLibraryInfos();org.apache.jasper.compiler.PageInfo;0;0;1;0.8571;108;2;11;1;0;0.9872;341;30;46
org.apache.tomcat.util.digester.SetPropertiesRule.begin(String, String, Attributes);org.apache.juli.logging.Log;2;0;2;0.8824;92;3;2;3;0;0.8846;18;18;0
org.apache.catalina.core.StandardContext.removeServletMapping(String);org.apache.tomcat.util.http.mapper.Mapper;0;0;3;0.9907;2421;209;114;1;0;0.9722;837;39;5
org.apache.catalina.session.StandardManager.stopInternal();org.apache.juli.logging.Log;0;1;1;0.9375;304;16;7;3;0;0.8966;18;18;0
org.apache.tomcat.util.net.AprEndpoint.processSocket(long, SocketStatus);org.apache.tomcat.util.res.StringManager;0;0;1;1.0000;471;17;35;1;0;0.8750;52;3;3
org.apache.catalina.ha.session.ReplicatedSession.expire();org.apache.catalina.ha.session.SimpleTcpReplicationManager;0;0;1;0.9583;122;16;4;1;0;0.9722;356;17;15
org.apache.catalina.tribes.group.interceptors.TcpFailureDetector.memberAlive(Member, byte[], boolean, boolean, long, long, int);org.apache.catalina.tribes.io.XByteBuffer;3;0;1;1.0000;227;15;10;1;0;1.0000;317;36;7
org.apache.catalina.ha.session.JvmRouteSessionIDBinderListener.messageReceived(ClusterMessage);org.apache.catalina.core.StandardEngine;3;0;0;1.0000;54;5;3;0;1;0.9773;234;19;9
org.apache.jasper.compiler.Generator.GenerateVisitor.visit(Node.UninterpretedTag);org.apache.jasper.compiler.ServletWriter;5;0;2;0.9861;1736;44;16;3;1;0.8462;54;12;6
org.apache.el.lang.ExpressionBuilder.prepare(Node);org.apache.el.lang.VariableMapperFactory;2;0;2;0.8182;117;7;4;0;1;0.8889;22;2;2
org.apache.catalina.session.PersistentManagerBase.processMaxIdleSwaps();org.apache.catalina.session.StandardSession;2;1;3;0.9348;421;30;12;3;1;0.9518;585;58;24
org.apache.catalina.tribes.membership.McastServiceImpl.RecoveryThread.run();org.apache.catalina.tribes.membership.McastServiceImpl;1;2;2;0.5714;58;4;2;0;2;0.9773;309;12;28
org.apache.jasper.servlet.JspServlet.serviceJspFile(HttpServletRequest, HttpServletResponse, String, Throwable, boolean);org.apache.jasper.servlet.JspServletWrapper;0;1;4;0.7059;167;10;5;1;0;0.9714;314;11;15
org.apache.coyote.ajp.AjpAprProtocol.AjpConnectionHandler.register(AjpAprProcessor);org.apache.coyote.ajp.AjpAprProtocol;4;0;3;0.8333;82;5;4;1;2;0.9692;219;40;15
org.apache.jasper.compiler.ELFunctionMapper.ELFunctionVisitor.visit(Node.ELExpression);org.apache.jasper.compiler.Node.ELExpression;2;0;0;1.0000;151;14;1;0;1;0.7500;16;1;2
org.apache.catalina.ha.session.DeltaManager.handleSESSION_CREATED(SessionMessage, Member);org.apache.catalina.ha.session.SessionMessage;3;1;5;0.9570;822;41;40;1;0;0.9583;5;5;7
org.apache.catalina.session.PersistentManagerBase.swapIn(String);org.apache.catalina.Session;1;1;3;0.9423;421;30;12;5;0;0.8864;32;32;4
org.apache.catalina.ha.backend.MultiCastSender.send(String);org.apache.juli.logging.Log;1;0;4;0.6250;41;1;4;1;0;0.9600;18;18;0
org.apache.catalina.core.ApplicationContextFacade.getServletRegistration(String);org.apache.catalina.security.SecurityUtil;0;1;1;0.9672;514;57;3;1;0;1.0000;146;11;17
org.apache.jasper.compiler.Node.JspText.accept(Visitor);org.apache.jasper.compiler.Node.Visitor;0;0;0;1.0000;6;1;0;1;0;0.9714;126;35;0
org.apache.catalina.filters.CsrfPreventionFilter.doFilter(ServletRequest, ServletResponse, FilterChain);org.apache.catalina.filters.Constants;0;0;0;0;0;0;0;0;0;0;0;0;0
org.apache.coyote.http11.Http11NioProcessor.action(ActionCode, Object);org.apache.tomcat.util.net.NioChannel;13;1;9;0.8816;840;14;11;1;2;0.9615;83;15;5
org.apache.catalina.startup.TldConfig.execute();org.apache.catalina.Context;2;3;5;0.8621;291;15;15;3;0;0.9799;139;139;1
org.apache.catalina.ha.session.JvmRouteBinderValve.getManager(Request);org.apache.catalina.connector.Request;1;0;2;1.0000;165;11;7;1;0;0.9944;1203;127;53
org.apache.catalina.realm.RealmBase.Digest(String, String, String);org.apache.juli.logging.Log;1;0;1;1.0000;672;37;22;1;0;0.9444;18;18;0
org.apache.catalina.connector.CoyoteInputStream.read(byte[], int, int);org.apache.catalina.security.SecurityUtil;0;0;1;0.8889;141;8;1;1;0;1.0000;146;11;17
org.apache.catalina.manager.host.HostManagerServlet.remove(PrintWriter, String);org.apache.catalina.util.LifecycleBase;1;0;4;0.8571;310;13;8;0;0;1.0000;88;11;4
org.apache.catalina.valves.RemoteIpValve.invoke(Request, Response);org.apache.juli.logging.Log;3;2;9;0.7576;176;9;12;2;0;0.9556;18;18;0
org.apache.catalina.startup.HostConfig.deployDescriptor(String, File, String);org.apache.juli.logging.Log;1;3;7;0.8923;793;36;16;5;0;0.8684;18;18;0
org.apache.catalina.core.ContainerBase.backgroundProcess();org.apache.catalina.Loader;2;0;7;0.9425;555;53;27;1;0;0.9643;14;14;0
org.apache.jasper.compiler.Validator.ValidateVisitor.visit(Node.NamedAttribute);org.apache.jasper.compiler.JspUtil;0;0;2;0.9762;735;37;19;1;0;1.0000;608;37;6
org.apache.catalina.ha.session.DeltaSession.applyDiff(byte[], int, int);org.apache.catalina.ha.session.DeltaRequest;1;4;0;0.9231;399;42;7;1;0;0.9643;179;15;15
org.apache.catalina.realm.CombinedRealm.getName();org.apache.tomcat.util.res.StringManager;0;0;1;1.0000;151;12;2;1;0;0.8333;52;3;3
org.apache.jasper.xmlparser.XMLEncodingDetector.scanPseudoAttribute(boolean, XMLString);org.apache.jasper.xmlparser.XMLChar;0;8;2;0.8039;798;23;29;2;0;1.0000;115;21;9
org.apache.catalina.startup.EngineRuleSet.addRuleInstances(Digester);org.apache.tomcat.util.digester.Digester;0;0;1;0.8750;24;1;1;5;0;0.9627;849;103;29
org.apache.catalina.startup.ContextConfig.processAnnotationWebFilter(String, AnnotationEntry, WebXml);org.apache.catalina.deploy.WebXml;5;2;1;0.9688;1103;37;18;2;1;0.9670;1536;45;42
org.apache.coyote.http11.filters.ChunkedInputFilter.parseCRLF();org.apache.coyote.http11.Constants;1;1;3;0.7500;128;9;10;0;2;1.0000;0;0;44
org.apache.catalina.startup.ContextConfig.checkHandlesTypes(JavaClass);org.apache.catalina.Loader;0;0;0;0;0;0;0;0;0;0;0;0;0
org.apache.jasper.compiler.Generator.TagHandlerPoolVisitor.visit(Node.CustomTag);org.apache.jasper.compiler.Node;3;0;0;1.0000;37;2;1;1;2;0.9032;163;7;15
org.apache.catalina.mbeans.MBeanUtils.destroyMBean(Engine);org.apache.catalina.Container;0;1;1;1.0000;706;52;4;1;0;0.9714;35;35;6
org.apache.catalina.connector.CoyoteAdapter.asyncDispatch(org.apache.coyote.Request, org.apache.coyote.Response, SocketStatus);org.apache.coyote.Request;7;0;4;0.9744;620;12;9;2;1;0.9625;221;18;34
org.apache.catalina.realm.JAASRealm.authenticate(String, CallbackHandler);org.apache.juli.logging.Log;1;1;3;0.8750;195;14;9;4;0;0.8182;18;18;0
org.apache.coyote.ajp.AjpProcessor.process(SocketWrapper<Socket>);org.apache.coyote.ajp.AjpMessage;6;4;15;0.6981;659;13;32;1;0;0.9811;235;23;5
org.apache.coyote.RequestInfo.getRequestProcessingTime();org.apache.coyote.Constants;2;0;2;0.9259;134;13;14;0;1;1.0000;0;0;14
org.apache.catalina.connector.RequestFacade.isRequestedSessionIdFromUrl();org.apache.tomcat.util.res.StringManager;0;0;2;0.9859;450;69;2;1;0;0.8571;52;3;3
org.apache.catalina.connector.CoyoteAdapter.service(org.apache.coyote.Request, org.apache.coyote.Response);org.apache.catalina.core.AsyncContextImpl;8;0;5;0.9792;620;12;9;1;1;0.9859;283;23;12
org.apache.catalina.mbeans.MBeanFactory.createConnector(String, String, int, boolean, boolean);org.apache.catalina.util.LifecycleMBeanBase;0;0;0;0;0;0;0;0;0;0;0;0;0
org.apache.catalina.valves.AccessLogValve.LocalServerNameElement.addElement(StringBuilder, Date, Request, Response, long);org.apache.catalina.connector.Request;0;0;0;1.0000;3;1;0;1;0;0.9943;1203;127;53
org.apache.catalina.mbeans.MBeanUtils.createObjectName(String, Valve);org.apache.catalina.Host;1;1;0;1.0000;706;52;4;1;0;0.9630;22;22;2
org.apache.catalina.servlets.CGIServlet.CGIEnvironment.setupFromRequest(HttpServletRequest);org.apache.catalina.servlets.CGIServlet;2;0;4;0.8095;303;9;11;0;1;0.9231;195;4;8
org.apache.catalina.valves.JDBCAccessLogValve.log(Request, Response, long);org.apache.tomcat.util.res.StringManager;0;0;0;0;0;0;0;0;0;0;0;0;0
org.apache.tomcat.util.digester.GenericParser.newSAXParser(Properties);org.apache.juli.logging.Log;1;0;3;1.0000;16;1;3;1;0;0.9444;18;18;0
org.apache.catalina.core.ApplicationContextFacade.log(Exception, String);org.apache.catalina.security.SecurityUtil;0;1;1;0.9672;514;57;3;1;0;1.0000;146;11;17
org.apache.tomcat.util.scan.StandardJarScanner.scan(ServletContext, ClassLoader, JarScannerCallback, Set<String>);org.apache.tomcat.util.scan.Constants;2;2;4;0.6667;119;3;6;0;2;1.0000;0;0;5
org.apache.catalina.util.ExtensionValidator.validateApplication(DirContext, Context);org.apache.catalina.Context;1;2;1;1.0000;192;6;4;1;0;0.9929;139;139;1
org.apache.catalina.startup.Catalina.createStartDigester();org.apache.tomcat.util.digester.Digester;1;0;2;0.9688;316;16;7;6;4;0.9265;849;103;29
org.apache.catalina.core.ApplicationContextFacade.getResourcePaths(String);org.apache.catalina.security.SecurityUtil;0;1;1;0.9672;514;57;3;1;0;1.0000;146;11;17
org.apache.jasper.compiler.TagLibraryInfoImpl.createFunctionInfo(TreeNode);org.apache.jasper.xmlparser.TreeNode;0;0;1;0.9600;528;14;6;3;0;0.8696;109;13;5
org.apache.catalina.manager.HTMLManagerServlet.upload(HttpServletRequest);org.apache.catalina.Container;1;1;0;0.9714;686;26;19;1;0;0.9773;35;35;6
org.apache.tomcat.util.bcel.classfile.Field.getConstantValue();org.apache.tomcat.util.bcel.Constants;2;0;0;1.0000;37;4;1;0;1;1.0000;0;0;122
org.apache.catalina.realm.JNDIRealm.addAttributeValues(String, Attributes, ArrayList<String>);org.apache.juli.logging.Log;0;0;1;0.9867;742;44;32;2;0;0.9000;18;18;0
org.apache.tomcat.util.bcel.classfile.LocalVariableTypeTable.copy(ConstantPool);org.apache.tomcat.util.bcel.classfile.LocalVariable;0;0;2;0.8000;34;4;2;1;0;0.9412;43;5;6
org.apache.catalina.valves.AccessLogValve.DateAndTimeElement.addElement(StringBuilder, Date, Request, Response, long);org.apache.catalina.valves.AccessLogValve.AccessDateStruct;2;0;0;1.0000;19;1;0;0;5;0.4444;7;0;6
org.apache.catalina.ssi.SSIMediator.getVariableNames();org.apache.catalina.ssi.SSIExternalResolver;0;1;1;0.9231;190;16;13;1;0;0.9000;8;8;0
org.apache.catalina.startup.ContextConfig.destroy();org.apache.tomcat.util.res.StringManager;0;0;3;0.9792;1103;37;18;1;0;0.8889;52;3;3
org.apache.tomcat.util.http.fileupload.FileUploadBase.parseRequest(RequestContext);org.apache.tomcat.util.http.fileupload.FileItemHeadersSupport;0;2;1;0.9286;187;14;12;2;0;0.8571;2;2;0
org.apache.coyote.RequestGroupInfo.getRequestCount();org.apache.coyote.RequestInfo;1;0;2;0.9091;112;15;7;0;1;0.9655;134;13;14
org.apache.catalina.connector.Request.startAsync(ServletRequest, ServletResponse);org.apache.catalina.core.AsyncContextImpl;1;4;1;0.9719;1203;127;53;3;1;0.8974;283;23;12
org.apache.catalina.core.ApplicationContext.removeAttribute(String);org.apache.catalina.core.StandardContext;0;1;4;0.9444;645;60;13;2;0;0.9939;2421;209;114
org.apache.catalina.valves.JDBCAccessLogValve.close();org.apache.tomcat.util.res.StringManager;0;0;3;0.9394;201;7;24;1;0;0.9000;52;3;3
org.apache.catalina.core.AsyncContextImpl.setErrorState(Throwable);org.apache.catalina.connector.Request;0;0;0;0;0;0;0;0;0;0;0;0;0
org.apache.catalina.ssi.SSIFlastmod.process(SSIMediator, String, String[], String[], PrintWriter);org.apache.catalina.ssi.SSIMediator;1;1;0;0.8571;31;2;0;4;2;0.7778;190;16;13
org.apache.catalina.core.ApplicationServletRegistration.setServletSecurity(ServletSecurityElement);org.apache.catalina.deploy.SecurityConstraint;2;2;2;0.8750;132;14;3;2;0;0.9697;194;18;7
org.apache.catalina.ha.session.DeltaRequest.addAction(int, int, String, Object);org.apache.juli.logging.Log;0;0;4;0.8636;179;15;15;1;0;0.9545;18;18;0
org.apache.tomcat.util.buf.MessageBytes.startsWith(String);org.apache.tomcat.util.buf.ByteChunk;0;0;7;0.9048;380;30;16;1;0;0.9808;425;43;10
org.apache.catalina.startup.TldConfig.execute();org.apache.catalina.Container;2;3;5;0.8621;291;15;15;1;0;0.9787;35;35;6
org.apache.coyote.http11.Http11AprProtocol.setThreadPriority(int);org.apache.tomcat.util.net.AbstractEndpoint;1;0;1;0.9901;387;76;26;0;0;1.0000;397;29;69
org.apache.catalina.ha.session.JvmRouteBinderValve.invoke(Request, Response);org.apache.catalina.ha.ClusterManager;0;1;2;0.8636;165;11;7;1;0;0.9583;15;15;0
org.apache.catalina.ha.session.DeltaSession.readObject(ObjectInput);org.apache.juli.logging.Log;1;0;3;0.9841;399;42;7;2;0;0.9375;18;18;0
org.apache.jasper.tagplugins.jstl.core.Choose.doTag(TagPluginContext);org.apache.jasper.compiler.tagplugin.TagPluginContext;0;0;0;1.0000;4;1;0;2;0;0.8571;14;14;0
org.apache.coyote.ajp.AjpProcessor.SocketOutputBuffer.doWrite(ByteChunk, Response);org.apache.coyote.ajp.AjpMessage;5;0;0;1.0000;27;1;0;4;2;0.8286;235;23;5
org.apache.catalina.util.ParameterMap.put(K, V);org.apache.tomcat.util.res.StringManager;0;0;2;0.9000;34;5;2;1;0;0.8333;52;3;3
org.apache.catalina.servlets.WebdavServlet.doLock(HttpServletRequest, HttpServletResponse);org.apache.catalina.util.DOMWriter;6;4;11;0.8302;1461;29;24;1;1;0.9444;231;6;5
org.apache.catalina.core.StandardWrapper.load();org.apache.juli.logging.Log;0;1;1;0.9811;748;76;36;0;0;1.0000;18;18;0
org.apache.tomcat.util.bcel.classfile.Signature.getSignature();org.apache.tomcat.util.bcel.classfile.ConstantUtf8;2;0;1;0.8889;22;4;1;0;1;0.8571;14;2;1
org.apache.catalina.authenticator.AuthenticatorBase.startInternal();org.apache.catalina.Pipeline;0;0;3;0.9394;293;17;18;1;0;0.9333;9;9;0
org.apache.catalina.startup.Catalina.stop();org.apache.catalina.Lifecycle;0;0;0;0;0;0;0;0;0;0;0;0;0
org.apache.catalina.startup.TaglibLocationRule.begin(String, String, Attributes);org.apache.tomcat.util.digester.Digester;1;0;1;0.8000;10;1;1;2;0;0.9853;849;103;29
org.apache.catalina.session.JDBCStore.save(Session);org.apache.catalina.Session;1;6;9;0.7692;495;34;23;4;0;0.9259;32;32;4
org.apache.tomcat.util.bcel.classfile.ConstantPool.getConstantString(int, byte);org.apache.tomcat.util.bcel.Constants;4;1;0;0.9091;130;7;2;0;3;1.0000;0;0;122
org.apache.coyote.http11.AbstractHttp11Processor.addFilter(String);org.apache.coyote.http11.AbstractOutputBuffer;0;0;0;0;0;0;0;0;0;0;0;0;0
org.apache.coyote.http11.Http11NioProcessor.findBytes(ByteChunk, byte[]);org.apache.tomcat.util.buf.ByteChunk;1;0;0;1.0000;840;14;11;0;3;0.9362;425;43;10
org.apache.catalina.ha.session.DeltaSession.writeObject(ObjectOutput);org.apache.juli.logging.Log;1;0;3;0.9844;399;42;7;4;0;0.8710;18;18;0
org.apache.catalina.startup.ContextConfig.processContextConfig(URL);org.apache.catalina.Context;0;0;0;0;0;0;0;0;0;0;0;0;0
org.apache.catalina.ha.session.JvmRouteBinderValve.changeSessionID(Request, String, String, Session);org.apache.catalina.Session;1;2;3;0.8571;165;11;7;2;0;0.9487;32;32;4
org.apache.catalina.startup.ContextConfig.processAnnotations(Set<WebXml>);org.apache.catalina.deploy.WebXml;1;1;0;0.9783;1103;37;18;0;2;0.9726;1536;45;42
org.apache.coyote.http11.Http11NioProcessor.event(SocketStatus);org.apache.tomcat.util.net.SocketWrapper;7;1;4;0.9024;840;14;11;0;1;0.9697;60;2;11
org.apache.jasper.compiler.Node.PageDirective.accept(Visitor);org.apache.jasper.compiler.Node.Visitor;0;0;0;1.0000;27;2;1;1;0;0.9714;126;35;0
org.apache.catalina.connector.CoyoteAdapter.convertURI(MessageBytes, Request);org.apache.tomcat.util.buf.ByteChunk;4;0;2;0.9630;620;12;9;1;2;0.9516;425;43;10
org.apache.catalina.realm.RealmBase.getServer();org.apache.catalina.Container;0;0;1;0.9815;672;37;22;1;0;0.9737;35;35;6
org.apache.tomcat.util.net.NioEndpoint.Poller.timeout(int, boolean);org.apache.juli.logging.Log;4;3;3;0.8333;396;15;6;2;0;0.9459;18;18;0
org.apache.tomcat.util.bcel.classfile.StackMap.copy(ConstantPool);org.apache.tomcat.util.bcel.classfile.StackMapEntry;0;0;2;0.8000;43;4;2;1;0;0.9286;64;3;5
org.apache.catalina.core.NamingContextListener.containerEvent(ContainerEvent);org.apache.catalina.deploy.NamingResources;0;15;3;0.5500;745;23;11;7;0;0.8986;342;36;13
org.apache.catalina.servlets.WebdavServlet.deleteResource(String, HttpServletRequest, HttpServletResponse, boolean);org.apache.naming.resources.ProxyDirContext;1;3;0;0.9167;1461;29;24;2;0;0.9753;469;64;15
org.apache.catalina.authenticator.FormAuthenticator.authenticate(Request, HttpServletResponse, LoginConfig);org.apache.juli.logging.Log;3;6;2;0.7813;236;8;3;2;0;0.9574;18;18;0
org.apache.catalina.authenticator.SingleSignOn.reauthenticate(String, Realm, Request);org.apache.catalina.Realm;1;1;0;0.9565;164;12;6;1;0;0.9524;14;14;0
org.apache.jasper.compiler.Validator.DirectiveVisitor.compareTagEncodings(String, Node.TagDirective);org.apache.jasper.compiler.ErrorDispatcher;1;0;1;0.9375;214;7;4;1;0;0.9630;158;22;2
org.apache.catalina.connector.MapperListener.registerContext(Context);org.apache.juli.logging.Log;0;0;0;0;0;0;0;0;0;0;0;0;0
org.apache.tomcat.util.buf.MessageBytes.startsWithIgnoreCase(String, int);org.apache.tomcat.util.buf.ByteChunk;0;0;7;0.9048;380;30;16;1;0;0.9808;425;43;10
org.apache.catalina.valves.ErrorReportValve.invoke(Request, Response);org.apache.catalina.Valve;1;1;0;0.9231;135;4;2;1;0;0.9375;7;7;0
org.apache.coyote.http11.Http11Processor.action(ActionCode, Object);org.apache.coyote.http11.filters.BufferedInputFilter;9;1;7;0.8889;731;12;7;1;0;0.9836;49;6;6
org.apache.catalina.mbeans.MBeanFactory.getService(ObjectName);org.apache.catalina.util.LifecycleMBeanBase;0;0;0;0;0;0;0;0;0;0;0;0;0
org.apache.catalina.startup.HostConfig.deployWAR(String, File, String);org.apache.catalina.Lifecycle;2;4;8;0.8548;793;36;16;1;0;0.9655;6;6;11
org.apache.catalina.ha.authenticator.ClusterSingleSignOnListener.getSession(String, String);org.apache.catalina.Manager;1;0;1;0.9167;82;4;2;1;0;0.9762;35;35;0
org.apache.coyote.Request.isProcessing();org.apache.coyote.Constants;2;0;1;0.9811;221;18;34;0;1;1.0000;0;0;14
org.apache.tomcat.util.net.NioEndpoint.Poller.cancelledKey(SelectionKey, SocketStatus, boolean);org.apache.tomcat.util.net.SocketWrapper;4;0;0;1.0000;396;15;6;0;1;0.9600;60;2;11
org.apache.jasper.xmlparser.XMLEncodingDetector.createReader(InputStream, String, Boolean);org.apache.jasper.xmlparser.UCSReader;1;0;3;0.9362;798;23;29;0;4;1.0000;100;8;9
org.apache.catalina.manager.JspHelper.getDisplayUsedTimeForSession(Session);org.apache.catalina.manager.util.SessionUtils;0;1;0;1.0000;113;12;3;1;0;1.0000;158;6;5
org.apache.catalina.core.ApplicationContextFacade.createFilter(Class<T>);org.apache.catalina.security.SecurityUtil;0;1;1;0.9672;514;57;3;1;0;1.0000;146;11;17
org.apache.catalina.ha.session.JvmRouteBinderValve.invoke(Request, Response);org.apache.catalina.ha.CatalinaCluster;0;1;2;0.8636;165;11;7;1;0;0.9667;20;20;1
org.apache.jasper.compiler.Generator.GenerateVisitor.visit(Node.ELExpression);org.apache.jasper.compiler.Generator;6;0;2;0.9710;1736;44;16;1;1;0.9796;782;28;18
org.apache.catalina.authenticator.DigestAuthenticator.generateNOnce(Request);org.apache.catalina.util.MD5Encoder;0;0;3;0.8750;123;8;5;1;0;0.6667;11;1;1
org.apache.coyote.ajp.AjpAprProcessor.parseHost(MessageBytes);org.apache.coyote.Request;4;0;4;0.9231;623;13;30;0;5;0.9242;221;18;34
org.apache.catalina.connector.Request.getServletPath();org.apache.tomcat.util.buf.MessageBytes;1;0;1;0.9943;1203;127;53;1;0;0.9767;380;30;16
org.apache.tomcat.util.bcel.classfile.ClassParser.readClassInfo();org.apache.tomcat.util.bcel.Constants;1;0;5;0.7917;106;9;16;0;3;1.0000;0;0;122
org.apache.catalina.deploy.FilterMap.addURLPattern(String);org.apache.catalina.util.RequestUtil;0;0;2;0.8571;96;9;13;1;0;1.0000;189;13;3
org.apache.coyote.RequestGroupInfo.getMaxTime();org.apache.coyote.RequestInfo;1;0;2;0.9091;112;15;7;0;1;0.9655;134;13;14
org.apache.catalina.connector.ResponseFacade.getBufferSize();org.apache.tomcat.util.res.StringManager;0;0;2;0.9762;224;40;2;1;0;0.8571;52;3;3
org.apache.coyote.http11.Http11AprProcessor.asyncDispatch(long, SocketStatus);org.apache.coyote.Response;0;0;0;0;0;0;0;0;0;0;0;0;0
org.apache.catalina.users.MemoryGroupCreationFactory.createObject(Attributes);org.apache.catalina.Group;1;0;1;0.8571;40;2;2;1;0;0.9333;11;11;0
org.apache.catalina.ha.deploy.FarmWarDeployer.install(String, URL);org.apache.catalina.ha.deploy.FileMessageFactory;0;0;2;0.9796;376;28;17;2;0;0.9565;128;6;14
org.apache.catalina.connector.Response.sendError(int, String);org.apache.tomcat.util.res.StringManager;1;5;3;0.9239;596;70;20;1;0;0.9375;52;3;3
org.apache.catalina.startup.SetAllPropertiesRule.begin(String, String, Attributes);org.apache.juli.logging.Log;2;0;1;0.9000;19;1;1;1;0;0.9600;18;18;0
org.apache.catalina.core.StandardWrapperValve.event(Request, Response, CometEvent);org.apache.catalina.connector.Request;3;1;4;0.8710;352;4;6;5;0;0.9744;1203;127;53
org.apache.jasper.compiler.TagLibraryInfoImpl.createTagInfo(TreeNode, String);org.apache.juli.logging.Log;0;2;3;0.8214;528;14;6;2;0;0.9310;18;18;0
org.apache.catalina.tribes.tipis.AbstractReplicatedMap.leftOver(Serializable, Member);org.apache.juli.logging.Log;0;2;2;0.9559;741;50;17;1;0;0.9583;18;18;0
org.apache.catalina.core.StandardContext.startInternal();org.apache.juli.logging.Log;6;27;13;0.8904;2421;209;114;4;0;0.9551;18;18;0
org.apache.catalina.core.StandardContext.resourcesStart();org.apache.juli.logging.Log;3;3;7;0.9731;2421;209;114;1;0;0.9756;18;18;0
org.apache.jasper.compiler.Parser.checkUnbalancedEndTag();org.apache.jasper.compiler.ErrorDispatcher;0;0;4;0.9412;1185;55;13;1;0;0.9655;158;22;2
org.apache.catalina.mbeans.ContextResourceMBean.getAttribute(String);org.apache.catalina.deploy.ContextResource;0;0;0;1.0000;76;2;0;2;0;0.8000;35;3;3
org.apache.tomcat.util.digester.CallParamRule.end(String, String);org.apache.tomcat.util.digester.ArrayStack;0;0;2;0.8750;61;4;5;2;0;0.8333;53;6;1
org.apache.catalina.manager.ManagerServlet.save(PrintWriter, String);org.apache.catalina.Engine;1;0;2;0.9804;924;35;13;1;0;0.9231;6;6;0
org.apache.coyote.http11.InternalInputBuffer.parseRequestLine(boolean);org.apache.tomcat.util.res.StringManager;2;1;0;0.9444;240;5;0;1;0;0.9412;52;3;3
org.apache.catalina.ha.tcp.SimpleTcpCluster.messageReceived(ClusterMessage);org.apache.catalina.ha.ClusterMessage;0;0;4;0.9701;368;43;29;3;0;0.7692;6;6;0
org.apache.tomcat.util.modeler.modules.MbeansDescriptorsDigesterSource.createDigester(Registry);org.apache.tomcat.util.modeler.Registry;1;0;0;1.0000;77;3;7;1;0;1.0000;433;33;10
org.apache.catalina.manager.host.HostManagerServlet.add(PrintWriter, String, String, String, boolean, boolean, boolean, boolean, boolean);org.apache.catalina.util.LifecycleBase;0;0;0;0;0;0;0;0;0;0;0;0;0
org.apache.catalina.connector.CoyoteAdapter.convertURI(MessageBytes, Request);org.apache.tomcat.util.buf.MessageBytes;4;0;2;0.9630;620;12;9;1;2;0.9464;380;30;16
org.apache.coyote.RequestInfo.getServerPort();org.apache.coyote.Request;1;0;1;0.9630;134;13;14;0;1;0.9815;221;18;34
org.apache.catalina.connector.RequestFacade.GetParameterValuePrivilegedAction.run();org.apache.catalina.connector.Request;1;0;1;0.6667;6;1;1;1;0;0.9943;1203;127;53
org.apache.catalina.startup.Embedded.removeHost(Host);org.apache.juli.logging.Log;0;0;2;0.9792;368;34;10;2;0;0.9130;18;18;0
org.apache.catalina.core.ApplicationContextFacade.createListener(Class<T>);org.apache.catalina.security.SecurityUtil;0;1;1;0.9672;514;57;3;1;0;1.0000;146;11;17
org.apache.catalina.core.NamingContextListener.lifecycleEvent(LifecycleEvent);org.apache.naming.ContextAccessController;4;2;9;0.7857;745;23;11;4;0;1.0000;25;6;2
org.apache.catalina.ha.session.SimpleTcpReplicationManager.readSession(byte[], String);org.apache.juli.logging.Log;1;2;1;0.9600;356;17;15;3;0;0.9167;18;18;0
org.apache.coyote.ajp.AjpMessage.getBytes(byte[]);org.apache.juli.logging.Log;1;1;4;0.8800;235;23;5;1;0;0.9524;18;18;0
org.apache.tomcat.util.bcel.classfile.Code.toString(boolean);org.apache.tomcat.util.bcel.classfile.CodeException;0;0;8;0.6364;109;10;8;1;0;0.9500;36;4;4
org.apache.catalina.startup.EngineConfig.lifecycleEvent(LifecycleEvent);org.apache.catalina.Lifecycle;2;2;3;0.5000;17;3;3;0;2;1.0000;6;6;11
org.apache.catalina.authenticator.FormAuthenticator.authenticate(Request, HttpServletResponse, LoginConfig);org.apache.catalina.authenticator.Constants;3;6;2;0.7813;236;8;3;0;8;1.0000;0;0;19
org.apache.catalina.mbeans.MBeanUtils.destroyMBean(Valve, Container);org.apache.tomcat.util.ExceptionUtils;0;0;0;0;0;0;0;0;0;0;0;0;0
org.apache.catalina.ha.session.JvmRouteBinderValve.invoke(Request, Response);org.apache.catalina.Container;0;1;2;0.8636;165;11;7;1;0;0.9773;35;35;6
org.apache.coyote.ajp.AjpProcessor.action(ActionCode, Object);org.apache.tomcat.util.net.SocketWrapper;9;3;14;0.7541;659;13;32;0;1;0.9792;60;2;11
org.apache.coyote.http11.Http11Protocol.start();org.apache.tomcat.util.net.AbstractEndpoint;1;0;2;0.9500;78;3;5;1;0;0.9880;397;29;69
org.apache.jasper.compiler.TagLibraryInfoImpl.createAttribute(TreeNode, String);org.apache.jasper.compiler.Localizer;0;0;1;0.9615;528;14;6;1;0;1.0000;34;6;1
org.apache.coyote.http11.Http11Processor.asyncDispatch(SocketStatus);org.apache.coyote.Request;4;1;2;0.9310;731;12;7;0;1;0.9846;221;18;34
org.apache.catalina.core.ApplicationContext.getMinorVersion();org.apache.catalina.core.Constants;1;0;0;1.0000;645;60;13;0;1;1.0000;0;0;6
org.apache.catalina.ha.backend.TcpSender.init(HeartbeatListener);org.apache.catalina.ha.backend.Proxy;2;0;5;0.5000;138;3;6;0;2;0.8000;0;0;4
org.apache.tomcat.util.http.NamesEnumerator.findNext();org.apache.tomcat.util.http.MimeHeaders;0;0;4;0.6000;30;3;4;1;0;0.9630;129;18;3
org.apache.catalina.tribes.group.interceptors.DomainFilterInterceptor.memberDisappeared(Member);org.apache.catalina.tribes.Member;0;1;2;0.7692;52;9;2;1;0;0.9444;13;13;1
org.apache.catalina.mbeans.MBeanUtils.createObjectName(String, ContextEnvironment);org.apache.catalina.Host;1;0;0;1.0000;706;52;4;1;0;0.9630;22;22;2
org.apache.jasper.compiler.Validator.ValidateVisitor.visit(Node.JspElement);org.apache.jasper.compiler.Node.JspElement;3;1;1;0.9592;735;37;19;0;2;0.8462;21;1;2
org.apache.jasper.compiler.Parser.parseXMLScriptlet(Node);org.apache.jasper.compiler.ErrorDispatcher;0;1;3;0.9429;1185;55;13;1;0;0.9677;158;22;2
org.apache.catalina.authenticator.DigestAuthenticator.generateNOnce(Request);org.apache.catalina.connector.Request;0;0;3;0.8750;123;8;5;1;0;0.9943;1203;127;53
org.apache.catalina.core.ApplicationDispatcher.checkSameObjects(ServletRequest, ServletResponse);org.apache.tomcat.util.res.StringManager;0;0;1;1.0000;421;14;11;1;0;0.8000;52;3;3
org.apache.tomcat.util.net.AprEndpoint.init();org.apache.tomcat.jni.SSL;7;0;25;0.5789;471;17;35;2;11;1.0000;15;15;120
org.apache.catalina.core.ApplicationContextFacade.removeAttribute(String);org.apache.catalina.security.SecurityUtil;0;1;1;0.9672;514;57;3;1;0;1.0000;146;11;17
org.apache.catalina.ha.tcp.ReplicationValve.resetReplicationRequest(Request, boolean);org.apache.catalina.ha.session.DeltaSession;1;1;1;0.9375;278;16;17;0;1;0.9808;399;42;7
org.apache.jasper.compiler.PageDataImpl.SecondPassVisitor.appendPageDirective();org.apache.jasper.compiler.Compiler;3;0;4;0.9184;307;41;6;0;1;0.9583;310;11;8
org.apache.catalina.tribes.group.RpcChannel.messageReceived(Serializable, Member);org.apache.catalina.tribes.group.RpcMessage;1;0;4;0.8421;98;6;9;0;3;0.8421;36;3;4
org.apache.tomcat.util.digester.Digester.peekParams(int);org.apache.tomcat.util.digester.ArrayStack;0;0;2;0.9851;849;103;29;1;0;0.9091;53;6;1
org.apache.catalina.tribes.io.ChannelData.getDataPackage(byte[], int);org.apache.catalina.tribes.io.XByteBuffer;1;0;5;0.7368;165;14;7;2;2;0.9333;317;36;7
org.apache.catalina.core.StandardHost.getValveNames();org.apache.catalina.Pipeline;1;0;0;1.0000;308;36;19;1;0;0.9091;9;9;0
org.apache.catalina.valves.ValveBase.initInternal();org.apache.catalina.Container;0;0;0;0;0;0;0;0;0;0;0;0;0
org.apache.catalina.startup.UserConfig.stop();org.apache.juli.logging.Log;0;0;2;0.9474;87;10;8;2;0;0.9048;18;18;0
org.apache.catalina.connector.RequestFacade.getParameterMap();org.apache.catalina.Globals;1;0;2;0.9859;450;69;2;0;1;1.0000;0;0;39
org.apache.catalina.tribes.membership.McastServiceImpl.stop(int);org.apache.catalina.tribes.membership.MemberImpl;3;1;8;0.7805;309;12;28;2;1;0.9375;300;29;19
org.apache.catalina.core.AsyncContextImpl.complete();org.apache.catalina.connector.Request;1;1;3;0.9118;283;23;12;1;0;0.9944;1203;127;53
org.apache.coyote.http11.filters.SavedRequestInputFilter.setRequest(org.apache.coyote.Request);org.apache.coyote.Request;1;0;1;0.8889;34;7;1;0;1;0.9818;221;18;34
org.apache.naming.factory.webservices.ServiceRefFactory.getObjectInstance(Object, Name, Context, Hashtable<?,?>);org.apache.naming.ServiceRef;3;2;0;0.6000;218;3;0;2;6;0.8182;71;5;9
org.apache.catalina.mbeans.MBeanUtils.createObjectName(String, ContextEnvironment);org.apache.catalina.Container;1;0;0;1.0000;706;52;4;1;0;0.9750;35;35;6
org.apache.catalina.core.StandardContext.resourcesStart();org.apache.tomcat.util.res.StringManager;3;3;7;0.9731;2421;209;114;1;0;0.9643;52;3;3
org.apache.tomcat.util.bcel.classfile.Annotations.writeAnnotations(DataOutputStream);org.apache.tomcat.util.bcel.classfile.AnnotationEntry;0;0;2;0.6667;23;2;2;1;0;0.9091;30;4;5
org.apache.tomcat.util.buf.MessageBytes.equalsIgnoreCase(String);org.apache.tomcat.util.buf.CharChunk;0;0;7;0.9048;380;30;16;1;0;0.9811;393;39;8
org.apache.catalina.ha.session.ReplicatedSession.log(String);org.apache.juli.logging.Log;1;0;1;0.9524;122;16;4;1;0;0.9474;18;18;0
org.apache.catalina.tribes.group.GroupChannel.send(Member[], Serializable, int, ErrorHandler);org.apache.catalina.tribes.group.InterceptorPayload;5;1;0;0.9783;268;24;9;0;1;0.9333;6;0;1
org.apache.jasper.compiler.Generator.GenerateVisitor.generateSetters(Node.CustomTag, String, TagHandlerInfo, boolean);org.apache.jasper.compiler.Node.JspAttribute;5;0;4;0.9459;1736;44;16;0;4;0.8824;107;7;10
org.apache.catalina.tribes.transport.bio.BioSender.closeSocket();org.apache.juli.logging.Log;1;0;5;0.8421;148;9;7;2;0;0.9200;18;18;0
org.apache.catalina.tribes.membership.McastService.start(int);org.apache.catalina.tribes.util.UUIDGenerator;2;1;6;0.9221;353;55;13;1;0;1.0000;26;3;6
org.apache.jasper.compiler.PageDataImpl.SecondPassVisitor.visit(Node.ELExpression);org.apache.jasper.compiler.JspUtil;3;0;3;0.9400;307;41;6;1;0;1.0000;608;37;6
org.apache.jasper.compiler.Generator.generateDeclarations(Node.Nodes);org.apache.jasper.compiler.Node.Visitor;4;1;1;0.9818;782;28;18;1;0;0.9811;126;35;0
org.apache.catalina.connector.RequestFacade.getHeaders(String);org.apache.catalina.Globals;1;0;2;0.9859;450;69;2;0;1;1.0000;0;0;39
org.apache.tomcat.util.net.NioEndpoint.getWriteBufSize();org.apache.tomcat.util.net.SocketProperties;0;0;0;1.0000;362;19;26;1;0;0.9808;162;28;23
org.apache.catalina.connector.CoyoteInputStream.available();org.apache.catalina.security.SecurityUtil;0;0;1;0.8889;141;8;1;1;0;1.0000;146;11;17
org.apache.catalina.authenticator.BasicAuthenticator.authenticate(Request, HttpServletResponse, LoginConfig);org.apache.coyote.Request;5;0;1;1.0000;57;2;2;0;1;0.9873;221;18;34
org.apache.catalina.realm.MemoryUserRule.begin(String, String, Attributes);org.apache.tomcat.util.digester.Digester;1;0;0;1.0000;12;1;0;2;0;0.9852;849;103;29
org.apache.catalina.connector.RequestFacade.getParameter(String);org.apache.catalina.Globals;1;0;2;0.9859;450;69;2;0;1;1.0000;0;0;39
org.apache.catalina.ha.session.DeltaManager.handleSESSION_EXPIRED(SessionMessage, Member);org.apache.catalina.ha.session.SessionMessage;1;0;5;0.9634;822;41;40;1;0;0.9167;5;5;7
org.apache.catalina.tribes.transport.nio.NioSender.reset();org.apache.catalina.tribes.io.XByteBuffer;0;1;6;0.7500;255;12;11;1;0;0.9722;317;36;7
org.apache.jasper.servlet.JasperLoader.loadClass(String, boolean);org.apache.jasper.Constants;1;0;2;0.7143;55;4;3;0;1;1.0000;0;0;33
org.apache.catalina.connector.Response.getContentCount();org.apache.catalina.connector.OutputBuffer;0;0;1;0.9886;596;70;20;1;0;0.9756;207;25;15
org.apache.catalina.tribes.transport.nio.NioReceiver.readDataFromSocket(SelectionKey);org.apache.catalina.tribes.transport.nio.NioReplicationTask;0;0;1;1.0000;269;15;8;1;0;0.9412;197;7;5
org.apache.catalina.authenticator.FormAuthenticator.restoreRequest(Request, Session);org.apache.catalina.connector.Request;3;0;0;1.0000;236;8;3;6;0;0.9697;1203;127;53
org.apache.catalina.session.ManagerBase.getCreationTimestamp(String);org.apache.catalina.Session;0;0;1;0.9884;518;58;32;1;0;0.9697;32;32;4
org.apache.catalina.startup.HostConfig.stop();org.apache.juli.logging.Log;1;1;5;0.9231;793;36;16;3;0;0.8750;18;18;0
org.apache.jasper.compiler.Validator.TagExtraInfoVisitor.visit(Node.CustomTag);org.apache.jasper.compiler.Localizer;2;0;1;0.8750;27;1;1;1;0;1.0000;34;6;1
org.apache.catalina.valves.AccessLogValve.ResponseHeaderElement.addElement(StringBuilder, Date, Request, Response, long);org.apache.catalina.connector.Response;0;0;1;0.5000;17;1;1;1;0;0.9888;596;70;20
org.apache.coyote.http11.AbstractInputBuffer.addActiveFilter(InputFilter);org.apache.coyote.http11.InputFilter;0;0;4;0.8333;81;10;14;2;0;0.8182;7;7;0
org.apache.catalina.valves.AccessLogValve.HttpStatusCodeElement.addElement(StringBuilder, Date, Request, Response, long);org.apache.catalina.connector.Response;0;0;0;1.0000;8;1;0;1;0;0.9886;596;70;20
org.apache.catalina.connector.Request.login(String, String);org.apache.catalina.deploy.LoginConfig;1;4;2;0.9722;1203;127;53;1;0;0.9615;85;9;5
org.apache.naming.resources.WARDirContext.getAttributes(Name, String[]);org.apache.naming.resources.ResourceAttributes;1;1;1;0.9487;199;28;3;5;0;0.8936;515;30;30
org.apache.catalina.core.ApplicationContextFacade.getSessionCookieConfig();org.apache.catalina.security.SecurityUtil;1;1;1;0.9672;514;57;3;1;0;1.0000;146;11;17
org.apache.catalina.connector.CoyoteAdapter.checkNormalize(MessageBytes);org.apache.tomcat.util.buf.CharChunk;2;0;0;1.0000;620;12;9;2;2;0.9184;393;39;8
org.apache.tomcat.util.digester.CallMethodRule.setDigester(Digester);org.apache.tomcat.util.digester.Digester;1;0;2;0.9200;206;7;7;1;1;0.9854;849;103;29
org.apache.coyote.ajp.AjpAprProcessor.prepareResponse();org.apache.coyote.Constants;5;0;4;0.9322;623;13;30;0;1;1.0000;0;0;14
org.apache.catalina.valves.CometConnectionManagerValve.event(Request, Response, CometEvent);org.apache.catalina.connector.Request;1;0;2;0.8889;136;8;4;1;0;0.9945;1203;127;53
org.apache.catalina.ha.backend.HeartbeatListener.lifecycleEvent(LifecycleEvent);org.apache.catalina.LifecycleEvent;2;0;6;0.7368;82;2;10;1;0;0.9524;18;3;3
org.apache.coyote.ajp.AjpAprProtocol.AjpConnectionHandler.asyncDispatch(long, SocketStatus);org.apache.juli.logging.Log;0;0;0;0;0;0;0;0;0;0;0;0;0
org.apache.coyote.http11.Http11AprProtocol.Http11ConnectionHandler.process(long);org.apache.tomcat.util.net.AprEndpoint.Poller;3;1;3;0.7778;119;5;5;1;0;0.9565;168;4;7
org.apache.catalina.mbeans.MBeanUtils.createObjectName(String, Realm);org.apache.catalina.Container;0;0;0;1.0000;706;52;4;2;0;0.9474;35;35;6
org.apache.naming.resources.WARDirContext.release();org.apache.juli.logging.Log;0;0;3;0.9412;199;28;3;1;0;0.9524;18;18;0
org.apache.coyote.http11.Http11NioProtocol.init();org.apache.tomcat.util.res.StringManager;3;0;2;0.9655;97;17;3;1;0;0.9333;52;3;3
org.apache.catalina.connector.MapperListener.registerWrapper(Wrapper);org.apache.juli.logging.Log;0;0;0;0;0;0;0;0;0;0;0;0;0
org.apache.tomcat.util.digester.NodeCreateRule.end(String, String);org.apache.tomcat.util.digester.Digester;0;0;0;1.0000;44;2;2;1;0;0.9925;849;103;29
org.apache.catalina.realm.RealmBase.hasUserDataPermission(Request, Response, SecurityConstraint[]);org.apache.catalina.connector.Response;2;0;1;1.0000;672;37;22;2;0;0.9798;596;70;20
org.apache.catalina.connector.RequestFacade.getCookies();org.apache.catalina.connector.Request;0;0;2;0.9859;450;69;2;1;0;0.9943;1203;127;53
org.apache.tomcat.util.bcel.classfile.ClassElementValue.stringifyValue();org.apache.tomcat.util.bcel.classfile.ConstantUtf8;2;0;1;0.8333;12;2;1;0;1;0.8571;14;2;1
org.apache.catalina.connector.CoyoteInputStream.read(byte[]);org.apache.catalina.connector.InputBuffer;0;0;1;0.8889;141;8;1;1;0;0.9722;210;19;17
org.apache.jasper.compiler.Generator.GenerateVisitor.evaluateAttribute(TagHandlerInfo, Node.JspAttribute, Node.CustomTag, String);org.apache.jasper.compiler.Node.CustomTag;5;2;2;0.9634;1736;44;16;1;0;0.9844;218;9;26
org.apache.catalina.session.StoreBase.processExpires();org.apache.catalina.Container;0;1;1;0.9200;86;10;5;1;0;0.9800;35;35;6
org.apache.catalina.ha.deploy.WarWatcher.check();org.apache.catalina.ha.deploy.FileChangeListener;0;1;4;0.6923;49;3;4;2;0;0.8000;2;2;0
org.apache.catalina.core.ApplicationDispatcher.wrapRequest(State);org.apache.catalina.Globals;1;0;1;0.9615;421;14;11;0;1;1.0000;0;0;39
org.apache.coyote.http11.Http11AprProcessor.process(long);org.apache.tomcat.util.net.AprEndpoint.Sendfile;6;4;22;0.7241;954;28;36;1;0;0.9831;187;5;6
org.apache.tomcat.util.net.NioChannel.getBufferSize();org.apache.tomcat.util.net.SecureNioChannel.ApplicationBufferHandler;0;0;1;0.9524;83;15;5;2;0;0.5000;3;3;0
org.apache.coyote.http11.Http11Protocol.Http11ConnectionHandler.process(SocketWrapper<Socket>, SocketStatus);org.apache.tomcat.util.net.SocketWrapper;4;1;3;0.8095;105;5;5;0;2;0.9259;60;2;11
org.apache.el.lang.ExpressionBuilder.prepare(Node);org.apache.el.parser.Node;2;0;2;0.8182;117;7;4;1;0;0.9524;17;17;0
org.apache.catalina.connector.RequestFacade.getHeaders(String);org.apache.tomcat.util.res.StringManager;1;0;2;0.9859;450;69;2;1;0;0.8571;52;3;3
org.apache.catalina.tribes.transport.nio.NioReceiver.listen();org.apache.catalina.tribes.ChannelReceiver;1;5;4;0.7838;269;15;8;0;1;1.0000;8;8;1
org.apache.tomcat.util.net.NioEndpoint.setSocketOptions(SocketChannel);org.apache.tomcat.util.net.SecureNioChannel;2;2;4;0.9000;362;19;26;1;0;0.9737;255;15;8
org.apache.catalina.core.ContainerBase.logAccess(Request, Response, long, boolean);org.apache.catalina.AccessLog;0;0;0;0;0;0;0;0;0;0;0;0;0
org.apache.el.parser.AstValue.isReadOnly(EvaluationContext);org.apache.el.lang.EvaluationContext;0;1;0;0.9333;148;10;1;3;0;0.7857;35;7;3
org.apache.jasper.compiler.Compiler.compile(boolean, boolean);org.apache.jasper.JspCompilationContext;1;2;7;0.6400;310;11;8;1;2;0.9595;426;31;31
org.apache.tomcat.util.http.fileupload.FileCleaningTracker.Reaper.run();org.apache.tomcat.util.http.fileupload.FileCleaningTracker;1;0;0;1.0000;21;1;0;0;3;0.7500;39;7;4
org.apache.jasper.runtime.PageContextImpl.doGetAttributeNamesInScope(int);org.apache.jasper.compiler.Localizer;0;0;4;0.9245;634;40;16;1;0;1.0000;34;6;1
org.apache.catalina.ha.session.DeltaManager.registerSessionAtReplicationValve(DeltaSession);org.apache.juli.logging.Log;0;0;3;0.9759;822;41;40;2;0;0.9167;18;18;0
org.apache.catalina.loader.WebappClassLoader.findLoadedClass0(String);org.apache.catalina.loader.ResourceEntry;1;0;1;0.9888;1601;58;35;0;1;0.8750;0;0;7
org.apache.coyote.ajp.AjpAprProcessor.action(ActionCode, Object);org.apache.tomcat.util.net.AbstractEndpoint;6;3;13;0.7636;623;13;30;0;1;1.0000;397;29;69
org.apache.catalina.startup.Embedded.setSecurityProtection();org.apache.catalina.security.SecurityConfig;0;0;0;1.0000;368;34;10;3;0;0.6667;42;4;6
org.apache.catalina.deploy.WebXml.toXml();org.apache.catalina.deploy.ServletDef;9;3;29;0.8373;1536;45;42;8;3;0.9225;93;17;15
org.apache.catalina.core.ApplicationContext.addServlet(String, String, Servlet);org.apache.catalina.Wrapper;2;1;2;0.9740;645;60;13;3;0;0.9362;39;39;0
org.apache.jasper.xmlparser.MyErrorHandler.warning(SAXParseException);org.apache.juli.logging.Log;0;0;0;1.0000;10;3;0;2;0;0.8889;18;18;0
org.apache.catalina.authenticator.AuthenticatorBase.startInternal();org.apache.juli.logging.Log;0;0;3;0.9394;293;17;18;2;0;0.9130;18;18;0
org.apache.catalina.mbeans.ServerLifecycleListener.processNamingResourcesPropertyChange(NamingResources, String, Object, Object);org.apache.juli.logging.Log;0;6;1;0.8182;563;31;2;2;0;0.9167;18;18;0
org.apache.catalina.valves.JDBCAccessLogValve.log(Request, Response, long);org.apache.juli.logging.Log;0;0;0;0;0;0;0;0;0;0;0;0;0
org.apache.catalina.ha.session.DeltaManager.send(SessionMessage);org.apache.catalina.ha.CatalinaCluster;0;0;2;0.9747;822;41;40;2;0;0.9130;20;20;1
org.apache.catalina.startup.ContextConfig.getHostWebXmlSource();org.apache.catalina.startup.Constants;1;3;2;0.9348;1103;37;18;0;1;1.0000;0;0;59
org.apache.catalina.startup.ContextConfig.lifecycleEvent(LifecycleEvent);org.apache.juli.logging.Log;2;5;4;0.8571;1103;37;18;1;0;0.9655;18;18;0
org.apache.catalina.connector.Request.getMethod();org.apache.tomcat.util.buf.MessageBytes;1;0;1;0.9943;1203;127;53;1;0;0.9767;380;30;16
org.apache.catalina.manager.ManagerServlet.reload(PrintWriter, String);org.apache.tomcat.util.res.StringManager;1;0;4;0.9375;924;35;13;1;0;0.9091;52;3;3
org.apache.catalina.mbeans.ServerLifecycleListener.destroyMBeans(Service);org.apache.catalina.core.StandardService;0;2;0;0.9412;563;31;2;1;0;0.9767;289;26;16
org.apache.catalina.mbeans.ServerLifecycleListener.createMBeans(NamingResources);org.apache.catalina.deploy.NamingResources;0;3;1;0.9189;563;31;2;4;0;0.9259;342;36;13
org.apache.jasper.compiler.JspRuntimeContext.initClassPath();org.apache.juli.logging.Log;1;0;4;0.8400;187;11;10;2;0;0.9167;18;18;0
org.apache.catalina.core.ApplicationJspPropertyGroupDescriptor.getPageEncoding();org.apache.catalina.deploy.JspPropertyGroup;1;0;1;0.9231;79;12;1;0;1;0.9545;72;9;12
org.apache.catalina.connector.MapperListener.unregisterWrapper(Wrapper);org.apache.tomcat.util.http.mapper.Mapper;0;0;0;0;0;0;0;0;0;0;0;0;0
org.apache.coyote.http11.Http11NioProcessor.asyncDispatch(SocketStatus);org.apache.tomcat.util.net.NioEndpoint.KeyAttachment;7;1;4;0.9024;840;14;11;0;1;0.9762;121;13;8
org.apache.coyote.http11.InternalNioInputBuffer.readSocket(boolean, boolean);org.apache.tomcat.util.net.SocketWrapper;2;1;2;0.9167;396;12;12;0;1;0.9630;60;2;11
org.apache.catalina.core.StandardContext.postWorkDirectory();org.apache.catalina.core.ApplicationContext;0;5;0;0.9846;2421;209;114;1;0;0.9872;645;60;13
org.apache.jasper.compiler.SmapUtil.generateSmap(JspCompilationContext, Node.Nodes);org.apache.jasper.compiler.SmapStratum;3;1;1;1.0000;68;4;1;1;0;0.9545;89;6;5
org.apache.jasper.compiler.Generator.GenerateVisitor.printParams(Node, String, boolean);org.apache.jasper.compiler.Node.Nodes;4;0;1;0.9844;1736;44;16;1;0;0.9333;43;5;3
org.apache.catalina.ha.session.DeltaSession.getClassLoaders();org.apache.catalina.ha.session.BackupManager;0;0;0;1.0000;399;42;7;1;0;0.9655;135;20;7
org.apache.catalina.tribes.io.ChannelData.getDataFromPackage(XByteBuffer);org.apache.catalina.tribes.membership.MemberImpl;1;0;5;0.7368;165;14;7;1;0;1.0000;300;29;19
org.apache.catalina.core.ApplicationFilterChain.internalDoFilter(ServletRequest, ServletResponse);org.apache.tomcat.util.res.StringManager;3;0;10;0.7727;231;9;13;1;0;0.9474;52;3;3
org.apache.catalina.ha.session.DeltaManager.handleGET_ALL_SESSIONS(SessionMessage, Member);org.apache.catalina.ha.session.SessionMessage;2;1;9;0.9024;822;41;40;0;1;1.0000;5;5;7
org.apache.catalina.core.ApplicationHttpRequest.getAttribute(String);org.apache.catalina.Globals;1;1;3;0.9070;327;29;17;0;2;1.0000;0;0;39
org.apache.catalina.manager.host.HTMLHostManagerServlet.doPost(HttpServletRequest, HttpServletResponse);org.apache.catalina.manager.host.Constants;2;6;2;0.2500;241;8;11;0;1;1.0000;0;0;9
org.apache.catalina.session.StandardSession.tellNew();org.apache.catalina.Container;1;3;2;0.9500;585;58;24;1;0;0.9767;35;35;6
org.apache.catalina.realm.RealmBase.hasUserDataPermission(Request, Response, SecurityConstraint[]);org.apache.catalina.deploy.SecurityConstraint;2;0;1;1.0000;672;37;22;1;0;0.9714;194;18;7
org.apache.catalina.ha.session.DeltaSession.resetDeltaRequest();org.apache.catalina.ha.session.DeltaRequest;0;2;1;0.9412;399;42;7;2;0;0.9200;179;15;15
org.apache.catalina.core.AsyncContextImpl.dispatch(ServletContext, String);org.apache.coyote.Request;1;4;4;0.8250;283;23;12;1;0;0.9851;221;18;34
org.apache.catalina.connector.MapperListener.init();org.apache.catalina.connector.Connector;0;4;3;0.6250;300;10;6;0;0;1.0000;405;53;33
org.apache.catalina.connector.CoyoteOutputStream.flush();org.apache.catalina.connector.OutputBuffer;0;0;1;0.8750;24;7;1;1;0;0.9756;207;25;15
org.apache.jasper.compiler.TagLibraryInfoImpl.createTagFileInfo(TreeNode, JarResource);org.apache.jasper.JspCompilationContext;0;0;4;0.8519;528;14;6;1;0;0.9859;426;31;31
org.apache.catalina.mbeans.MBeanUtils.destroyMBean(Role);org.apache.tomcat.util.modeler.Registry;0;2;2;1.0000;706;52;4;1;0;0.9750;433;33;10
org.apache.catalina.manager.ManagerServlet.list(PrintWriter);org.apache.catalina.Container;1;0;3;0.9608;924;35;13;2;0;0.9524;35;35;6
org.apache.catalina.mbeans.MemoryUserDatabaseMBean.removeRole(String);org.apache.catalina.UserDatabase;0;0;0;1.0000;168;12;6;2;0;0.8824;16;16;0
org.apache.coyote.http11.AbstractHttp11Processor.addInputFilter(InputFilter[], String);org.apache.coyote.http11.AbstractInputBuffer;0;0;0;0;0;0;0;0;0;0;0;0;0
org.apache.catalina.realm.JAASCallbackHandler.handle(Callback);org.apache.juli.logging.Log;1;0;11;0.3750;69;1;11;2;0;0.9333;18;18;0
org.apache.tomcat.util.http.fileupload.FileUploadBase.parseRequest(RequestContext);org.apache.tomcat.util.http.fileupload.Streams;0;2;1;0.9286;187;14;12;1;0;1.0000;62;4;1
org.apache.tomcat.util.buf.StringCache.toString(CharChunk);org.apache.tomcat.util.buf.CharChunk;1;2;10;1.0000;361;13;14;3;3;0.8846;393;39;8
org.apache.catalina.session.StandardManager.load();org.apache.juli.logging.Log;0;1;1;0.9091;304;16;7;2;0;0.9000;18;18;0
org.apache.catalina.core.StandardWrapper.loadServlet();org.apache.catalina.core.Constants;3;4;11;0.8824;748;76;36;0;1;1.0000;0;0;6
org.apache.tomcat.util.buf.ByteChunk.equalsIgnoreCase(String);org.apache.tomcat.util.buf.Ascii;0;0;3;0.9348;425;43;10;1;0;1.0000;91;11;7
org.apache.catalina.core.StandardWrapper.unload();org.apache.catalina.security.SecurityUtil;4;1;10;0.9130;748;76;36;2;0;1.0000;146;11;17
org.apache.coyote.ajp.AjpAprProtocol.getSoTimeout();org.apache.tomcat.util.net.AbstractEndpoint;0;0;1;0.9815;219;40;15;1;0;0.9859;397;29;69
org.apache.catalina.deploy.WebXml.mergeResourceMap(Map<String,T>, Map<String,T>, Map<String,T>, Map<String,Boolean>, WebXml);org.apache.catalina.deploy.ResourceBase;2;0;4;0.9733;1536;45;42;1;1;0.8889;43;9;7
org.apache.jasper.compiler.Generator.GenerateVisitor.visit(Node.ELExpression);org.apache.jasper.compiler.Node.ELExpression;6;0;2;0.9710;1736;44;16;0;2;0.8571;16;1;2
org.apache.jasper.compiler.Generator.GenerateVisitor.ParamVisitor.visit(Node.ParamAction);org.apache.jasper.compiler.Generator;5;0;0;1.0000;17;1;1;1;0;1.0000;782;28;18
org.apache.catalina.mbeans.MBeanFactory.createRemoteAddrValve(String);org.apache.catalina.core.ContainerBase;1;1;0;0.9714;401;31;3;1;0;0.9877;555;53;27
org.apache.coyote.http11.Http11AprProcessor.parseHost(MessageBytes);org.apache.coyote.Request;5;0;6;0.9167;954;28;36;0;2;0.9701;221;18;34
org.apache.coyote.http11.filters.IdentityOutputFilter.doWrite(ByteChunk, Response);org.apache.tomcat.util.buf.ByteChunk;1;0;3;0.7500;50;4;5;4;1;0.9020;425;43;10
org.apache.catalina.core.ApplicationContext.getRequestDispatcher(String);org.apache.tomcat.util.buf.CharChunk;3;1;3;0.9639;645;60;13;2;0;0.9688;393;39;8
org.apache.jasper.compiler.ParserController.determineSyntaxAndEncoding(String, JarFile, String);org.apache.jasper.JspCompilationContext;3;2;8;0.6774;281;12;13;0;1;0.9870;426;31;31
org.apache.coyote.ajp.AjpAprProtocol.AjpConnectionHandler.unregister(AjpAprProcessor);org.apache.coyote.ajp.AjpAprProcessor;4;0;1;0.9412;82;5;4;0;1;0.9792;623;13;30
org.apache.catalina.connector.Response.encodeURL(String);org.apache.catalina.connector.Request;0;3;1;0.9551;596;70;20;1;0;0.9944;1203;127;53
org.apache.el.MethodExpressionLiteral.writeExternal(ObjectOutput);org.apache.el.util.ReflectionUtil;0;0;3;0.7273;43;7;3;1;0;1.0000;87;7;3
org.apache.coyote.ajp.AjpProtocol.setMaxThreads(int);org.apache.tomcat.util.net.AbstractEndpoint;0;0;1;0.9787;201;32;16;1;0;0.9859;397;29;69
org.apache.catalina.realm.JDBCRealm.close(Connection);org.apache.tomcat.util.ExceptionUtils;0;0;0;0;0;0;0;0;0;0;0;0;0
org.apache.catalina.core.ApplicationContext.setAttribute(String, Object);org.apache.catalina.core.StandardContext;0;2;4;0.9306;645;60;13;2;0;0.9939;2421;209;114
org.apache.coyote.ajp.AjpMessage.appendCharChunk(CharChunk);org.apache.tomcat.util.buf.CharChunk;1;2;2;0.9310;235;23;5;0;3;0.9423;393;39;8
org.apache.jasper.compiler.Parser.parseAttributeValue(String);org.apache.jasper.compiler.AttributeParser;1;0;3;0.9571;1185;55;13;1;0;1.0000;185;7;11
org.apache.catalina.valves.PersistentValve.invoke(Request, Response);org.apache.juli.logging.Log;0;1;1;0.9688;80;3;2;3;0;0.9333;18;18;0
org.apache.catalina.connector.Request.getMethod();org.apache.coyote.Request;1;0;1;0.9943;1203;127;53;0;1;0.9818;221;18;34
org.apache.catalina.deploy.WebXml.addMessageDestinationRef(MessageDestinationRef);org.apache.catalina.deploy.ResourceBase;1;0;2;0.9861;1536;45;42;1;0;0.9375;43;9;7
org.apache.catalina.connector.Response.setBufferSize(int);org.apache.catalina.connector.OutputBuffer;0;1;2;0.9778;596;70;20;2;0;0.9535;207;25;15
org.apache.naming.ContextBindings.getClassLoader();org.apache.naming.StringManager;0;0;2;1.0000;112;21;6;1;0;0.8000;50;3;3
org.apache.coyote.http11.Http11NioProcessor.action(ActionCode, Object);org.apache.coyote.http11.filters.BufferedInputFilter;13;1;9;0.8816;840;14;11;1;0;0.9857;49;6;6
org.apache.jasper.compiler.JspDocumentParser.processIncludeDirective(String, Node);org.apache.jasper.compiler.Localizer;0;0;2;0.9535;663;28;20;1;0;1.0000;34;6;1
org.apache.tomcat.util.bcel.classfile.ConstantPool.constantToString(Constant);org.apache.tomcat.util.bcel.classfile.ConstantDouble;11;3;0;0.9000;130;7;2;0;1;0.9444;17;2;1
org.apache.catalina.core.ApplicationDispatcher.invoke(ServletRequest, ServletResponse, State);org.apache.catalina.Container;3;3;4;0.8462;421;14;11;3;0;0.9455;35;35;6
org.apache.el.parser.ELParser.Compare();org.apache.el.parser.ELParserConstants;2;3;4;0.9527;2270;112;22;0;8;0.8873;0;0;56
org.apache.catalina.connector.MapperListener.findDefaultHost();org.apache.juli.logging.Log;0;0;0;0;0;0;0;0;0;0;0;0;0
org.apache.catalina.connector.RequestFacade.getRemoteHost();org.apache.catalina.connector.Request;0;0;2;0.9859;450;69;2;1;0;0.9943;1203;127;53
org.apache.catalina.ha.tcp.SimpleTcpCluster.getClusterName();org.apache.catalina.Container;0;0;2;0.9667;368;43;29;1;0;0.9730;35;35;6
org.apache.tomcat.util.modeler.BaseModelMBean.removeAttributeChangeNotificationListener(NotificationListener, String);org.apache.tomcat.util.modeler.BaseNotificationBroadcaster;0;0;1;0.9706;284;28;9;1;0;0.8750;54;6;1
org.apache.catalina.ha.session.SimpleTcpReplicationManager.writeSession(Session);org.apache.catalina.ha.session.SerializablePrincipal;0;0;1;1.0000;356;17;15;1;0;1.0000;83;9;7
org.apache.catalina.ha.session.DeltaManager.handleSESSION_ACCESSED(SessionMessage, Member);org.apache.catalina.ha.session.DeltaSession;2;0;4;0.9762;822;41;40;1;1;0.9643;399;42;7
org.apache.jasper.compiler.Generator.GenerateVisitor.visit(Node.JspElement);org.apache.jasper.compiler.Node.NamedAttribute;6;0;1;0.9867;1736;44;16;0;1;0.9643;71;3;7
org.apache.catalina.startup.Tomcat.DefaultWebXmlListener.lifecycleEvent(LifecycleEvent);org.apache.catalina.Lifecycle;1;0;0;1.0000;5;1;0;0;1;1.0000;6;6;11
org.apache.coyote.ajp.AjpProcessor.asyncDispatch(SocketStatus);org.apache.juli.logging.Log;4;1;9;0.8298;659;13;32;1;0;0.9688;18;18;0
org.apache.catalina.ha.authenticator.ClusterSingleSignOn.stopInternal();org.apache.catalina.ha.CatalinaCluster;0;0;2;0.8947;142;15;4;1;0;0.9583;20;20;1
org.apache.catalina.connector.Request.setServerName(String);org.apache.coyote.Request;1;0;1;0.9943;1203;127;53;0;1;0.9818;221;18;34
org.apache.coyote.http11.InternalNioInputBuffer.parseHeader();org.apache.tomcat.util.buf.MessageBytes;2;1;4;0.8529;396;12;12;1;0;0.9818;380;30;16
org.apache.catalina.mbeans.MemoryUserDatabaseMBean.findUser(String);org.apache.tomcat.util.modeler.ManagedBean;0;0;1;0.9524;168;12;6;1;0;0.9730;252;23;13
org.apache.el.parser.ELParser.FloatingPoint();org.apache.el.parser.JJTELParserState;4;1;1;0.9855;2270;112;22;2;0;0.9091;74;10;5
org.apache.catalina.util.Base64.decode(ByteChunk, CharChunk);org.apache.tomcat.util.buf.CharChunk;2;0;3;1.0000;120;5;10;2;2;0.9216;393;39;8
org.apache.tomcat.util.modeler.ManagedBean.getMBeanInfo();org.apache.tomcat.util.modeler.OperationInfo;0;5;1;0.8333;252;23;13;1;0;0.9500;53;8;4
org.apache.catalina.connector.Request.getParameter(String);org.apache.coyote.Request;1;1;2;0.9829;1203;127;53;0;1;0.9825;221;18;34
org.apache.tomcat.util.buf.CharChunk.startsWithIgnoreCase(String, int);org.apache.tomcat.util.buf.Ascii;0;0;3;0.9362;393;39;8;1;0;1.0000;91;11;7
org.apache.jasper.servlet.JspServlet.init(ServletConfig);org.apache.juli.logging.Log;0;0;5;0.7222;167;10;5;3;0;0.8750;18;18;0
org.apache.coyote.http11.Http11AprProtocol.setSSLCARevocationPath(String);org.apache.tomcat.util.net.AprEndpoint;1;0;1;0.9901;387;76;26;0;1;0.9808;471;17;35
org.apache.catalina.valves.RequestFilterValve.process(String, Request, Response);org.apache.catalina.Valve;0;0;2;0.8667;63;8;6;1;0;0.9091;7;7;0
org.apache.coyote.http11.Http11NioProcessor.process(NioChannel);org.apache.coyote.http11.InternalNioInputBuffer;14;4;8;0.8358;840;14;11;3;3;0.9178;396;12;12
org.apache.catalina.startup.TldConfig.execute();org.apache.tomcat.JarScanner;2;3;5;0.8621;291;15;15;1;0;0.9231;1;1;0
org.apache.catalina.tribes.group.interceptors.NonBlockingCoordinator.createElectionMsg(MemberImpl, MemberImpl[], MemberImpl);org.apache.catalina.tribes.membership.Membership;1;0;1;1.0000;352;38;15;2;0;0.9000;137;11;6
org.apache.catalina.connector.RequestFacade.getRequestURL();org.apache.tomcat.util.res.StringManager;0;0;2;0.9859;450;69;2;1;0;0.8571;52;3;3
org.apache.catalina.valves.AccessLogValve.rotate(String);org.apache.juli.logging.Log;0;2;4;0.8810;351;21;25;1;0;0.9565;18;18;0
org.apache.catalina.tribes.group.interceptors.NonBlockingCoordinator.CoordinationMessage.write();org.apache.catalina.tribes.io.XByteBuffer;2;0;6;0.7143;90;8;7;3;0;0.9063;317;36;7
org.apache.catalina.core.StandardContext.addChild(Container);org.apache.catalina.Container;1;3;1;0.9909;2421;209;114;1;0;0.9783;35;35;6
org.apache.coyote.http11.AbstractHttp11Protocol.getBacklog();org.apache.tomcat.util.net.AbstractEndpoint;1;0;1;0.9909;382;89;22;0;1;0.9859;397;29;69
org.apache.catalina.tribes.group.interceptors.NonBlockingCoordinator.CoordinationEvent.toString();org.apache.catalina.tribes.membership.Membership;0;0;7;0.4167;59;2;20;1;0;0.9655;137;11;6
org.apache.jasper.compiler.Validator.ValidateVisitor.visit(Node.SetProperty);org.apache.jasper.compiler.ErrorDispatcher;1;1;2;0.9565;735;37;19;1;0;0.9630;158;22;2
org.apache.jasper.compiler.Generator.GenerateVisitor.visit(Node.ELExpression);org.apache.jasper.compiler.PageInfo;6;0;2;0.9710;1736;44;16;0;1;0.9886;341;30;46
org.apache.tomcat.util.net.NioEndpoint.Poller.run();org.apache.juli.logging.Log;1;3;3;0.8182;396;15;6;3;0;0.9091;18;18;0
org.apache.tomcat.util.net.AprEndpoint.Poller.init();org.apache.tomcat.jni.Pool;1;0;6;0.6471;168;4;7;1;0;1.0000;13;13;0
org.apache.coyote.http11.Http11NioProcessor.process(NioChannel);org.apache.coyote.RequestInfo;14;4;8;0.8358;840;14;11;0;1;0.9875;134;13;14
org.apache.coyote.http11.Http11AprProtocol.getBacklog();org.apache.tomcat.util.net.AbstractEndpoint;1;0;1;0.9901;387;76;26;0;1;0.9859;397;29;69
org.apache.jasper.compiler.SmapUtil.generateSmap(JspCompilationContext, Node.Nodes);org.apache.jasper.compiler.SmapGenerator;3;1;1;1.0000;68;4;1;2;1;0.8235;58;5;5
org.apache.coyote.ajp.AjpAprProcessor.flush();org.apache.tomcat.jni.Socket;0;0;3;0.9487;623;13;30;1;0;1.0000;37;37;34
org.apache.el.parser.ELParser.DotSuffix();org.apache.el.parser.ELParserConstants;4;1;1;0.9856;2270;112;22;0;2;0.9683;0;0;56
org.apache.catalina.tribes.transport.nio.ParallelNioSender.keepalive();org.apache.juli.logging.Log;0;0;3;0.9000;246;12;4;1;0;0.9583;18;18;0
org.apache.catalina.tribes.transport.bio.BioReplicationTask.execute(ObjectReader);org.apache.catalina.tribes.io.ObjectReader;1;1;1;0.9444;92;6;3;2;0;0.9200;71;9;5
org.apache.el.parser.JJTELParserState.closeNodeScope(Node, int);org.apache.el.parser.Node;0;2;3;0.7222;74;10;5;3;0;0.8636;17;17;0
org.apache.tomcat.util.digester.FactoryCreateRule.getFactory(Attributes);org.apache.juli.logging.Log;2;0;3;0.8846;114;5;5;2;0;0.9231;18;18;0
org.apache.catalina.startup.SetNextNamingRule.end(String, String);org.apache.catalina.Context;0;0;2;0.7500;25;2;2;1;0;0.9931;139;139;1
org.apache.catalina.tribes.transport.nio.ParallelNioSender.doLoop(long, int, boolean, ChannelMessage);org.apache.catalina.tribes.Member;2;0;2;0.9722;246;12;4;1;0;0.9706;13;13;1
org.apache.jasper.compiler.AntCompiler.getProject();org.apache.juli.logging.Log;0;0;3;0.6667;158;3;4;2;0;0.9130;18;18;0
org.apache.catalina.startup.ContextConfig.processAnnotationWebFilter(String, AnnotationEntry, WebXml);org.apache.catalina.deploy.FilterMap;5;2;1;0.9688;1103;37;18;3;1;0.8788;96;9;13
org.apache.catalina.core.StandardContext.resourcesStart();org.apache.tomcat.util.modeler.Registry;3;3;7;0.9731;2421;209;114;2;0;0.9839;433;33;10
org.apache.coyote.http11.Http11Processor.parseHost(MessageBytes);org.apache.coyote.Response;5;0;2;0.9394;731;12;7;0;1;0.9811;250;19;18
org.apache.catalina.manager.ManagerServlet.reload(PrintWriter, String);org.apache.catalina.Container;1;0;4;0.9375;924;35;13;1;0;0.9756;35;35;6
org.apache.jasper.compiler.ErrorDispatcher.jspError(Node, String, String, String);org.apache.jasper.compiler.Node;1;1;0;0.9524;158;22;2;0;1;0.9630;163;7;15
org.apache.catalina.tribes.transport.nio.NioReceiver.readDataFromSocket(SelectionKey);org.apache.juli.logging.Log;0;0;1;1.0000;269;15;8;2;0;0.9091;18;18;0
org.apache.coyote.http11.Http11AprProtocol.start();org.apache.tomcat.util.modeler.Registry;1;1;7;0.9444;387;76;26;2;0;0.9808;433;33;10
org.apache.coyote.http11.AbstractHttp11Protocol.getSessionCacheSize();org.apache.tomcat.util.net.AbstractEndpoint;1;0;1;0.9909;382;89;22;0;1;0.9859;397;29;69
org.apache.coyote.http11.InternalOutputBuffer.flush();org.apache.tomcat.util.buf.ByteChunk;0;0;2;0.8571;72;8;3;1;0;0.9800;425;43;10
org.apache.catalina.core.StandardContext.getBasePath();org.apache.catalina.Container;0;2;0;0.9938;2421;209;114;1;0;0.9737;35;35;6
org.apache.catalina.ssi.SSIServletExternalResolver.getCGIVariable(String);org.apache.catalina.connector.Connector;1;1;2;0.9000;400;20;7;2;0;0.9770;405;53;33
org.apache.coyote.http11.Http11AprProtocol.Http11ConnectionHandler.process(long);org.apache.tomcat.util.net.AbstractEndpoint.Handler;3;1;3;0.7778;119;5;5;0;1;0.9231;0;0;1
org.apache.catalina.core.ContainerBase.addChildInternal(Container);org.apache.catalina.Container;1;1;3;0.9643;555;53;27;2;1;0.9535;35;35;6
org.apache.coyote.http11.AbstractHttp11Protocol.pause();org.apache.tomcat.util.res.StringManager;1;2;2;0.9737;382;89;22;1;0;0.9167;52;3;3
org.apache.catalina.manager.HTMLManagerServlet.doPost(HttpServletRequest, HttpServletResponse);org.apache.catalina.manager.Constants;2;10;2;0.6154;686;26;19;0;1;1.0000;0;0;11
org.apache.coyote.http11.Http11AprProcessor.action(ActionCode, Object);org.apache.coyote.http11.InternalAprInputBuffer;10;1;19;0.7978;954;28;36;2;2;0.9420;358;13;15
org.apache.coyote.http11.Http11NioProcessor.prepareResponse();org.apache.coyote.Response;8;1;3;0.9344;840;14;11;1;4;0.9315;250;19;18
org.apache.catalina.tribes.transport.bio.util.FastQueue.add(ChannelMessage, Member[], InterceptorPayload);org.apache.catalina.tribes.transport.bio.util.LinkObject;1;0;10;0.7273;172;11;14;0;1;0.9583;31;1;5
org.apache.coyote.http11.Http11AprProtocol.Http11ConnectionHandler.createProcessor();org.apache.coyote.http11.Http11AprProtocol;2;1;1;0.9429;119;5;5;0;14;0.8783;387;76;26
org.apache.catalina.tribes.transport.bio.MultipointBioSender.close();org.apache.catalina.tribes.ChannelException;0;0;1;0.9231;93;9;2;1;0;0.9167;46;5;2
org.apache.coyote.RequestInfo.setGlobalProcessor(RequestGroupInfo);org.apache.coyote.RequestGroupInfo;0;0;1;0.9643;134;13;14;2;0;0.9130;112;15;7
org.apache.catalina.session.JDBCStore.getConnection();org.apache.catalina.Manager;1;2;1;0.9500;495;34;23;1;0;0.9767;35;35;0
org.apache.catalina.ha.session.ReplicatedSession.log(String, Throwable);org.apache.catalina.ha.session.SimpleTcpReplicationManager;1;0;1;0.9524;122;16;4;0;1;1.0000;356;17;15
org.apache.coyote.Response.action(ActionCode, Object);org.apache.coyote.ActionHook;0;0;1;0.9730;250;19;18;1;0;0.5000;1;1;0
org.apache.jasper.compiler.JspDocumentParser.parse(ParserController, String, JarFile, Node, boolean, boolean, String, String, boolean, boolean);org.apache.jasper.compiler.Node.Root;4;2;6;0.8654;663;28;20;0;4;0.8261;56;2;8
org.apache.catalina.connector.Request.getRequestURI();org.apache.tomcat.util.buf.MessageBytes;1;0;1;0.9943;1203;127;53;1;0;0.9767;380;30;16
org.apache.jasper.compiler.Validator.DirectiveVisitor.visit(Node.TagDirective);org.apache.jasper.compiler.Node;6;0;3;0.8800;214;7;4;1;1;0.9524;163;7;15
org.apache.tomcat.util.net.AprEndpoint.setSocketOptions(long);org.apache.tomcat.jni.SSLSocket;1;0;2;0.9831;471;17;35;2;0;1.0000;7;7;0
org.apache.catalina.connector.ResponseFacade.setDateHeader(String, long);org.apache.catalina.Globals;1;1;1;0.9512;224;40;2;0;1;1.0000;0;0;39
org.apache.catalina.core.StandardHostValve.findErrorPage(Context, Throwable);org.apache.catalina.Context;0;0;0;1.0000;160;7;3;1;0;0.9928;139;139;1
org.apache.coyote.http11.Http11NioProtocol.Http11ConnectionHandler.register(Http11NioProcessor);org.apache.juli.logging.Log;4;0;4;0.8636;177;8;6;3;0;0.8929;18;18;0
org.apache.tomcat.util.IntrospectionUtils.setProperty(Object, String, String, boolean);org.apache.juli.logging.Log;0;2;1;1.0000;595;31;4;4;0;0.7778;18;18;0
org.apache.tomcat.util.http.fileupload.DiskFileItem.finalize();org.apache.tomcat.util.http.fileupload.DeferredFileOutputStream;1;0;1;0.9655;232;17;16;0;1;0.9333;60;5;7
org.apache.tomcat.util.net.AprEndpoint.unlockAccept();org.apache.juli.logging.Log;0;0;0;0;0;0;0;0;0;0;0;0;0
org.apache.jasper.compiler.Generator.generateXmlProlog(Node.Nodes);org.apache.jasper.compiler.Node.Root;4;0;3;0.9400;782;28;18;0;1;0.9615;56;2;8
org.apache.coyote.http11.Http11AprProtocol.setPollerSize(int);org.apache.tomcat.util.net.AprEndpoint;1;0;1;0.9901;387;76;26;0;1;0.9808;471;17;35
org.apache.tomcat.util.bcel.classfile.ConstantPool.constantToString(Constant);org.apache.tomcat.util.bcel.classfile.ConstantNameAndType;11;3;0;0.9000;130;7;2;0;2;0.8889;22;2;2
org.apache.catalina.valves.RemoteIpValve.invoke(Request, Response);org.apache.tomcat.util.http.MimeHeaders;3;2;9;0.7576;176;9;12;2;0;0.9583;129;18;3
org.apache.catalina.core.StandardContext.filterStop();org.apache.juli.logging.Log;0;0;1;0.9969;2421;209;114;2;0;0.9048;18;18;0
org.apache.jasper.compiler.Generator.GenerateVisitor.visit(Node.PlugIn);org.apache.jasper.compiler.Node.Nodes;10;3;1;0.9481;1736;44;16;3;0;0.8966;43;5;3
org.apache.catalina.startup.ContextConfig.init();org.apache.tomcat.util.digester.Digester;1;3;5;0.9020;1103;37;18;1;0;0.9931;849;103;29
org.apache.coyote.http11.filters.IdentityInputFilter.setRequest(Request);org.apache.coyote.Request;0;0;2;0.7778;57;5;6;1;0;0.9818;221;18;34
org.apache.catalina.core.StandardContext.getConfigBase();org.apache.catalina.Container;0;0;1;0.9969;2421;209;114;2;0;0.9444;35;35;6
org.apache.catalina.ha.session.DeltaManager.registerSessionAtReplicationValve(DeltaSession);org.apache.catalina.core.StandardContext;0;0;3;0.9759;822;41;40;1;0;0.9970;2421;209;114
org.apache.catalina.core.StandardHostValve.status(Request, Response);org.apache.catalina.deploy.ErrorPage;3;1;0;0.9524;160;7;3;1;0;0.9600;49;7;4
org.apache.el.parser.ELParser.Literal();org.apache.el.parser.ELParserConstants;1;7;3;0.9275;2270;112;22;0;6;0.9091;0;0;56
org.apache.tomcat.util.bcel.classfile.Utility.codeToString(ByteSequence, ConstantPool, boolean);org.apache.tomcat.util.bcel.classfile.Constant;2;1;1;1.0000;428;19;5;0;1;0.9000;48;6;2
org.apache.catalina.connector.Response.setCharacterEncoding(String);org.apache.coyote.Response;0;1;4;0.9432;596;70;20;1;0;0.9762;250;19;18
org.apache.catalina.startup.ContextConfig.contextConfig();org.apache.catalina.startup.Constants;2;5;2;0.8511;1103;37;18;0;1;1.0000;0;0;59
org.apache.tomcat.util.net.NioBlockingSelector.read(ByteBuffer, NioChannel, long);org.apache.tomcat.util.net.NioEndpoint.Poller;3;0;1;0.9444;111;4;4;0;1;0.9706;396;15;6
org.apache.jasper.compiler.JspUtil.getReader(String, String, JarFile, JspCompilationContext, ErrorDispatcher, int);org.apache.jasper.compiler.ErrorDispatcher;0;1;0;1.0000;608;37;6;1;0;0.9524;158;22;2
org.apache.catalina.session.ManagerBase.processExpires();org.apache.catalina.Session;0;2;2;0.9545;518;58;32;1;0;0.9737;32;32;4
org.apache.catalina.startup.HostConfig.unmanageApp(String);org.apache.catalina.Container;0;1;2;0.9388;793;36;16;2;0;0.9474;35;35;6
org.apache.catalina.session.StoreBase.processExpires();org.apache.catalina.Manager;0;1;1;0.9200;86;10;5;1;0;0.9800;35;35;0
org.apache.catalina.valves.CometConnectionManagerValve.lifecycleEvent(LifecycleEvent);org.apache.catalina.Lifecycle;3;0;3;0.9200;136;8;4;0;1;1.0000;6;6;11
org.apache.tomcat.util.net.AprEndpoint.Sendfile.remove(SendfileData);org.apache.tomcat.jni.Poll;2;0;3;0.7273;187;5;6;1;0;1.0000;9;9;11
org.apache.tomcat.util.bcel.classfile.ClassElementValue.stringifyValue();org.apache.tomcat.util.bcel.Constants;2;0;1;0.8333;12;2;1;0;1;1.0000;0;0;122
org.apache.jasper.JspC.completeWebXml();org.apache.jasper.compiler.Localizer;0;0;7;0.9383;876;35;84;1;0;1.0000;34;6;1
org.apache.catalina.util.Base64.decode(ByteChunk, CharChunk);org.apache.tomcat.util.buf.ByteChunk;2;0;3;1.0000;120;5;10;0;3;0.9412;425;43;10
org.apache.catalina.connector.OutputBuffer.doFlush(boolean);org.apache.tomcat.util.buf.ByteChunk;2;0;5;0.8889;207;25;15;2;0;0.9643;425;43;10
org.apache.naming.SelectorContext.lookup(String);org.apache.juli.logging.Log;1;2;2;0.9429;170;31;7;2;0;0.9000;18;18;0
org.apache.coyote.http11.Http11NioProcessor.prepareResponse();org.apache.coyote.Request;8;1;3;0.9344;840;14;11;1;1;0.9783;221;18;34
org.apache.jasper.compiler.TagFileProcessor.loadTagFiles(Compiler, Node.Nodes);org.apache.jasper.compiler.Node.Nodes;0;0;1;0.7500;94;4;1;1;0;0.9091;43;5;3
org.apache.tomcat.util.http.Cookies.unescapeDoubleQuotes(ByteChunk);org.apache.tomcat.util.buf.ByteChunk;1;0;0;1.0000;247;12;6;2;3;0.8936;425;43;10
org.apache.catalina.ha.authenticator.ClusterSingleSignOn.startInternal();org.apache.catalina.ha.authenticator.ClusterSingleSignOnListener;1;0;2;0.9130;142;15;4;0;1;0.9231;82;4;2
org.apache.naming.NamingContext.listBindings(Name);org.apache.naming.StringManager;2;0;2;0.9744;282;32;6;1;0;0.8750;50;3;3
org.apache.catalina.mbeans.ServerLifecycleListener.destroyMBeans(ContextResourceLink);org.apache.catalina.mbeans.MBeanUtils;0;0;1;1.0000;563;31;2;1;0;1.0000;706;52;4
org.apache.coyote.ajp.AjpAprProcessor.prepareResponse();org.apache.tomcat.util.http.HttpMessages;5;0;4;0.9322;623;13;30;2;0;1.0000;56;3;5
org.apache.catalina.tribes.group.GroupChannel.getChannelSender();org.apache.catalina.tribes.group.ChannelCoordinator;1;0;1;0.9697;268;24;9;0;1;0.9565;164;15;5
org.apache.catalina.mbeans.MBeanUtils.destroyMBean(Connector, Service);org.apache.coyote.ajp.AjpAprProtocol;1;1;1;1.0000;706;52;4;1;0;0.9836;219;40;15
org.apache.catalina.mbeans.ServerLifecycleListener.destroyMBeans(ContextEnvironment);org.apache.catalina.mbeans.MBeanUtils;0;0;1;1.0000;563;31;2;1;0;1.0000;706;52;4
org.apache.catalina.connector.ResponseFacade.getLocale();org.apache.catalina.connector.Response;0;0;2;0.9762;224;40;2;1;0;0.9889;596;70;20
org.apache.catalina.connector.Request.getInputStream();org.apache.tomcat.util.res.StringManager;0;0;5;0.9770;1203;127;53;1;0;0.8889;52;3;3
org.apache.catalina.connector.Connector.initInternal();org.apache.tomcat.util.IntrospectionUtils;0;0;0;0;0;0;0;0;0;0;0;0;0
org.apache.catalina.realm.JNDIRealm.close(DirContext);org.apache.juli.logging.Log;0;0;1;0.9870;742;44;32;3;0;0.8571;18;18;0
org.apache.catalina.core.StandardHostValve.custom(Request, Response, ErrorPage);org.apache.catalina.Context;0;0;0;1.0000;160;7;3;1;0;0.9934;139;139;1
org.apache.catalina.startup.Catalina.CatalinaShutdownHook.run();org.apache.juli.ClassLoaderLogManager;1;0;0;1.0000;14;1;0;1;0;0.9524;319;14;3
org.apache.coyote.http11.Http11AprProtocol.pause();org.apache.tomcat.util.net.AprEndpoint;1;1;3;0.9810;387;76;26;1;0;0.9825;471;17;35
org.apache.coyote.http11.Http11Processor.prepareResponse();org.apache.tomcat.util.http.MimeHeaders;6;0;1;0.9804;731;12;7;5;1;0.8776;129;18;3
org.apache.catalina.core.ApplicationFilterFactory.createFilterChain(ServletRequest, Wrapper, Servlet);org.apache.catalina.core.StandardWrapper;3;3;2;0.8333;189;6;3;1;0;0.9918;748;76;36
org.apache.tomcat.util.net.AprEndpoint.init();org.apache.tomcat.jni.OS;7;0;25;0.5789;471;17;35;0;4;1.0000;8;8;22
org.apache.catalina.connector.RequestFacade.getRequestURI();org.apache.tomcat.util.res.StringManager;0;0;2;0.9859;450;69;2;1;0;0.8571;52;3;3
org.apache.tomcat.util.net.JIoEndpoint.setProperty(String, String);org.apache.tomcat.util.IntrospectionUtils;0;0;1;1.0000;195;10;6;1;0;1.0000;595;31;4
org.apache.catalina.connector.CometEventImpl.getHttpServletRequest();org.apache.catalina.connector.Request;0;0;1;0.9091;54;6;5;1;0;0.9943;1203;127;53
org.apache.catalina.session.JDBCStore.getName();org.apache.catalina.Container;0;0;1;0.9828;495;34;23;2;0;0.9474;35;35;6
org.apache.catalina.core.ApplicationContextFacade.getResourceAsStream(String);org.apache.catalina.core.ApplicationContext;0;1;1;0.9672;514;57;3;1;0;0.9859;645;60;13
org.apache.coyote.http11.InternalOutputBuffer.endRequest();org.apache.tomcat.util.buf.ByteChunk;0;0;2;0.8571;72;8;3;1;0;0.9800;425;43;10
org.apache.catalina.mbeans.MBeanUtils.createObjectName(String, ContextResource);org.apache.catalina.Container;1;0;0;1.0000;706;52;4;1;0;0.9756;35;35;6
org.apache.catalina.loader.WebappLoader.stopInternal();org.apache.juli.logging.Log;1;1;4;0.9516;553;36;17;3;0;0.9000;18;18;0
org.apache.catalina.tribes.transport.bio.util.FastQueue.setRemoveWaitTimeout(long);org.apache.catalina.tribes.transport.bio.util.SingleRemoveSynchronizedAddLock;1;0;2;0.9200;172;11;14;0;1;0.9375;88;6;7
org.apache.coyote.ajp.AjpProcessor.prepareResponse();org.apache.coyote.Constants;5;0;4;0.9344;659;13;32;0;1;1.0000;0;0;14
org.apache.tomcat.util.net.JIoEndpoint.processSocket(SocketWrapper<Socket>, SocketStatus);org.apache.juli.logging.Log;0;0;2;0.9412;195;10;6;1;0;0.9524;18;18;0
org.apache.jasper.compiler.Generator.GenerateVisitor.generateTagPlugin(Node.CustomTag);org.apache.jasper.compiler.Node.CustomTag;1;0;0;1.0000;1736;44;16;0;2;0.9512;218;9;26
org.apache.catalina.authenticator.SSLAuthenticator.authenticate(Request, HttpServletResponse, LoginConfig);org.apache.catalina.authenticator.Constants;4;0;0;1.0000;31;2;1;0;2;1.0000;0;0;19
org.apache.coyote.ajp.AjpProtocol.AjpConnectionHandler.register(AjpProcessor);org.apache.coyote.Request;4;0;3;0.8421;90;5;5;0;1;0.9846;221;18;34
org.apache.jasper.compiler.TagLibraryInfoImpl.createTagInfo(TreeNode, String);org.apache.jasper.compiler.ErrorDispatcher;0;2;3;0.8214;528;14;6;1;0;0.9697;158;22;2
org.apache.catalina.authenticator.FormAuthenticator.saveRequest(Request, Session);org.apache.catalina.Session;3;0;0;1.0000;236;8;3;1;0;0.9808;32;32;4
org.apache.catalina.startup.ContextConfig.processContextConfig(URL);org.apache.tomcat.util.res.StringManager;0;0;0;0;0;0;0;0;0;0;0;0;0
org.apache.tomcat.util.net.jsse.JSSESocketFactory.init();org.apache.tomcat.util.net.AbstractEndpoint;1;4;9;0.6786;440;20;17;0;11;1.0000;397;29;69
org.apache.tomcat.util.net.AbstractEndpoint.setSoTimeout(int);org.apache.tomcat.util.net.SocketProperties;0;0;1;0.9857;397;29;69;1;0;0.9808;162;28;23
org.apache.tomcat.util.net.NioEndpoint.Poller.register(NioChannel);org.apache.tomcat.util.net.NioEndpoint;3;1;0;0.9677;396;15;6;0;3;0.9600;362;19;26
org.apache.jasper.compiler.TagFileProcessor.TagFileDirectiveVisitor.checkUniqueName(String, String, Node, TagAttributeInfo);org.apache.jasper.compiler.ErrorDispatcher;2;0;5;0.8966;204;8;24;1;0;0.9643;158;22;2
org.apache.catalina.mbeans.MBeanFactory.createJNDIRealm(String);org.apache.catalina.util.LifecycleMBeanBase;0;0;0;0;0;0;0;0;0;0;0;0;0
org.apache.catalina.realm.RealmBase.hasUserDataPermission(Request, Response, SecurityConstraint[]);org.apache.catalina.core.ApplicationSessionCookieConfig;2;0;1;1.0000;672;37;22;0;0;1.0000;85;2;7
org.apache.catalina.core.StandardHostValve.event(Request, Response, CometEvent);org.apache.catalina.Globals;1;2;0;0.8667;160;7;3;0;2;1.0000;0;0;39
org.apache.coyote.ajp.AjpAprProtocol.getSoLinger();org.apache.tomcat.util.net.AbstractEndpoint;0;0;1;0.9815;219;40;15;1;0;0.9859;397;29;69
org.apache.catalina.core.ContainerBase.ContainerBackgroundProcessor.processChildren(Container, ClassLoader);org.apache.catalina.Container;1;1;0;1.0000;37;2;0;4;0;0.8919;35;35;6
org.apache.catalina.ha.session.ClusterSessionListener.messageReceived(ClusterMessage);org.apache.juli.logging.Log;0;0;0;1.0000;32;3;1;4;0;0.8182;18;18;0
org.apache.coyote.http11.Http11AprProcessor.event(SocketStatus);org.apache.coyote.http11.AbstractOutputBuffer;4;1;9;0.8857;954;28;36;0;0;1.0000;200;22;11
org.apache.catalina.core.ApplicationPart.getString(String);org.apache.tomcat.util.http.fileupload.FileItem;0;0;0;0;0;0;0;0;0;0;0;0;0
org.apache.catalina.mbeans.MBeanUtils.createObjectName(String, Valve);org.apache.catalina.Contained;1;1;0;1.0000;706;52;4;1;0;0.8571;2;2;0
org.apache.catalina.core.ApplicationContextFacade.setAttribute(String, Object);org.apache.catalina.core.ApplicationContext;0;1;1;0.9672;514;57;3;1;0;0.9859;645;60;13
org.apache.catalina.tribes.transport.nio.ParallelNioSender.doLoop(long, int, boolean, ChannelMessage);org.apache.catalina.tribes.transport.SenderState;2;0;2;0.9722;246;12;4;6;0;0.8000;45;9;5
org.apache.catalina.connector.Request.parseParts();org.apache.catalina.Context;0;0;0;0;0;0;0;0;0;0;0;0;0
org.apache.jasper.compiler.Compiler.generateJava();org.apache.jasper.Options;12;1;7;0.8621;310;11;8;3;0;0.9595;29;29;0
org.apache.catalina.core.ApplicationContext.getRequestDispatcher(String);org.apache.tomcat.util.res.StringManager;3;1;3;0.9639;645;60;13;1;0;0.9545;52;3;3
org.apache.jasper.compiler.Generator.GenerateVisitor.evaluateAttribute(TagHandlerInfo, Node.JspAttribute, Node.CustomTag, String);org.apache.jasper.compiler.ErrorDispatcher;5;2;2;0.9634;1736;44;16;1;0;0.9783;158;22;2
org.apache.jasper.tagplugins.jstl.Util.stripSession(String);org.apache.jasper.Constants;1;0;0;1.0000;110;6;4;0;1;1.0000;0;0;33
org.apache.catalina.valves.ErrorReportValve.report(Request, Response, Throwable);org.apache.tomcat.util.ExceptionUtils;0;0;0;0;0;0;0;0;0;0;0;0;0
org.apache.catalina.connector.RequestFacade.GetHeadersPrivilegedAction.run();org.apache.catalina.connector.RequestFacade;1;0;1;0.6667;6;1;1;0;1;0.9861;450;69;2
org.apache.jasper.compiler.ELNode.Nodes.visit(Visitor);org.apache.jasper.compiler.ELNode;0;0;1;0.8750;35;5;2;1;0;0.5000;1;1;0
org.apache.catalina.manager.ManagerServlet.save(PrintWriter, String);org.apache.catalina.Container;1;0;2;0.9804;924;35;13;2;0;0.9512;35;35;6
org.apache.catalina.core.ApplicationContextFacade.getInitParameterNames();org.apache.catalina.security.SecurityUtil;0;1;1;0.9672;514;57;3;1;0;1.0000;146;11;17
org.apache.coyote.ajp.AjpAprProcessor.action(ActionCode, Object);org.apache.tomcat.util.res.StringManager;6;3;13;0.7636;623;13;30;1;0;0.9706;52;3;3
org.apache.catalina.startup.ContextConfig.processAnnotationsFile(File, WebXml);org.apache.juli.logging.Log;1;2;2;0.9778;1103;37;18;1;0;0.9474;18;18;0
org.apache.catalina.core.ContainerBase.getParentClassLoader();org.apache.catalina.Container;0;0;2;0.9744;555;53;27;1;0;0.9730;35;35;6
org.apache.catalina.loader.WebappLoader.addRepository(String);org.apache.juli.logging.Log;1;1;5;0.9259;553;36;17;2;0;0.9167;18;18;0
org.apache.jasper.xmlparser.XMLEncodingDetector.scanSurrogates(XMLStringBuffer);org.apache.jasper.compiler.ErrorDispatcher;0;2;1;0.9375;798;23;29;1;0;0.9600;158;22;2
org.apache.catalina.connector.CoyoteInputStream.close();org.apache.catalina.security.SecurityUtil;0;0;1;0.8889;141;8;1;1;0;1.0000;146;11;17
org.apache.catalina.ha.session.DeltaManager.findSessionMasterMember();org.apache.catalina.ha.CatalinaCluster;1;0;4;0.9753;822;41;40;1;0;0.9615;20;20;1
org.apache.catalina.mbeans.MBeanUtils.createObjectName(String, Valve);org.apache.catalina.Container;1;1;0;1.0000;706;52;4;2;0;0.9487;35;35;6
org.apache.catalina.ha.deploy.FarmWarDeployer.start();org.apache.juli.logging.Log;0;0;11;0.8077;376;28;17;3;0;0.9118;18;18;0
org.apache.tomcat.util.net.NioEndpoint.processSocket(NioChannel, SocketStatus, boolean);org.apache.tomcat.util.res.StringManager;0;0;2;0.9792;362;19;26;1;0;0.9231;52;3;3
org.apache.coyote.http11.Http11NioProcessor.process(NioChannel);org.apache.coyote.Constants;14;4;8;0.8358;840;14;11;0;5;1.0000;0;0;14
org.apache.jasper.compiler.PageDataImpl.FirstPassVisitor.visit(Node.TaglibDirective);org.apache.jasper.compiler.Node;4;0;1;0.8889;65;4;4;0;1;0.9630;163;7;15
org.apache.jasper.runtime.JspRuntimeLibrary.handleSetPropertyExpression(Object, String, String, PageContext, ProtectedFunctionMapper);org.apache.jasper.runtime.PageContextImpl;0;1;0;1.0000;626;44;2;1;0;1.0000;634;40;16
org.apache.catalina.core.ApplicationFilterConfig.setFilterDef(FilterDef);org.apache.tomcat.InstanceManager;2;1;3;0.8400;175;15;8;1;0;0.9167;4;4;0
org.apache.catalina.tribes.transport.bio.BioReplicationTask.drainSocket();org.apache.catalina.tribes.io.ObjectReader;0;1;2;0.6667;92;6;3;1;0;0.9474;71;9;5
org.apache.jasper.compiler.JspDocumentParser.parseStandardAction(String, String, Attributes, Attributes, Attributes, Mark);org.apache.jasper.compiler.TagConstants;3;1;6;0.8444;663;28;20;0;25;1.0000;0;0;57
org.apache.coyote.http11.Http11AprProcessor.action(ActionCode, Object);org.apache.tomcat.util.net.AprEndpoint.Poller;10;1;19;0.7978;954;28;36;0;0;1.0000;168;4;7
org.apache.el.parser.SimpleNode.setValue(EvaluationContext, Object);org.apache.el.util.MessageFactory;0;0;0;1.0000;123;19;4;1;0;1.0000;24;7;1
org.apache.catalina.core.ApplicationFilterConfig.getFilterClass();org.apache.catalina.deploy.FilterDef;0;0;1;0.9524;175;15;8;1;0;0.9474;66;9;10
org.apache.catalina.core.StandardContext.resourcesStop();org.apache.naming.resources.BaseDirContext;0;2;3;0.9878;2421;209;114;1;0;0.9885;272;68;9
org.apache.catalina.startup.ContextConfig.processAnnotationWebInitParams(ElementValue);org.apache.tomcat.util.bcel.classfile.AnnotationElementValue;3;0;0;1.0000;1103;37;18;0;1;0.9000;20;3;1
org.apache.catalina.loader.WebappClassLoader.findClass(String);org.apache.juli.logging.Log;1;1;4;0.9574;1601;58;35;6;0;0.7273;18;18;0
org.apache.catalina.startup.Bootstrap.createClassLoader(String, ClassLoader);org.apache.catalina.startup.ClassLoaderFactory;1;2;3;1.0000;240;19;8;0;4;1.0000;88;2;5
org.apache.catalina.manager.ManagerServlet.setWrapper(Wrapper);org.apache.catalina.Container;0;0;5;0.8958;924;35;13;2;0;0.9524;35;35;6
org.apache.catalina.core.ApplicationContextFacade.getFilterRegistrations();org.apache.catalina.core.ApplicationContext;0;1;1;0.9672;514;57;3;1;0;0.9859;645;60;13
org.apache.coyote.http11.Http11AprProtocol.getPollerThreadCount();org.apache.tomcat.util.net.AprEndpoint;1;0;1;0.9901;387;76;26;0;1;0.9808;471;17;35
org.apache.tomcat.util.modeler.modules.MbeansSource.execute();org.apache.tomcat.util.modeler.ManagedBean;2;2;7;0.7308;198;11;10;1;0;0.9792;252;23;13
org.apache.jasper.compiler.Validator.ValidateVisitor.isExpression(Node, String, boolean);org.apache.jasper.compiler.ELNode.Root;3;0;1;0.9787;735;37;19;0;1;0.9000;13;1;2
org.apache.catalina.core.NamingContextListener.createNamingContext();org.apache.catalina.deploy.NamingResources;2;6;8;0.7391;745;23;11;6;2;0.8824;342;36;13
org.apache.coyote.http11.Http11AprProtocol.getPollTime();org.apache.tomcat.util.net.AprEndpoint;1;0;1;0.9901;387;76;26;0;1;0.9808;471;17;35
org.apache.coyote.ajp.AjpAprProcessor.prepareRequest();org.apache.tomcat.util.buf.ByteChunk;7;1;8;0.8831;623;13;30;5;2;0.9205;425;43;10
org.apache.catalina.ha.session.ClusterSessionListener.messageReceived(ClusterMessage);org.apache.catalina.ha.CatalinaCluster;0;0;0;1.0000;32;3;1;1;0;0.9643;20;20;1
org.apache.catalina.mbeans.MBeanUtils.destroyMBean(Valve, Container);org.apache.catalina.Contained;0;2;2;1.0000;706;52;4;1;0;0.7500;2;2;0
org.apache.catalina.realm.RealmBase.findSecurityConstraints(Request, Context);org.apache.catalina.connector.Request;0;1;1;0.9836;672;37;22;2;0;0.9891;1203;127;53
org.apache.tomcat.util.digester.NodeCreateRule.NodeBuilder.endElement(String, String, String);org.apache.tomcat.util.digester.Digester;2;0;4;0.6923;68;4;5;3;0;0.9783;849;103;29
org.apache.jasper.tagplugins.jstl.core.Url.doTag(TagPluginContext);org.apache.jasper.compiler.tagplugin.TagPluginContext;0;0;0;1.0000;45;1;0;6;0;0.5714;14;14;0
org.apache.catalina.core.ApplicationContextFacade.getServerInfo();org.apache.catalina.security.SecurityUtil;0;1;1;0.9672;514;57;3;1;0;1.0000;146;11;17
org.apache.catalina.core.StandardService.stopInternal();org.apache.juli.logging.Log;1;1;9;0.8222;289;26;16;2;0;0.9355;18;18;0
org.apache.catalina.ssi.SSIServletExternalResolver.getFileText(String, boolean);org.apache.coyote.http11.Constants;1;1;3;0.8710;400;20;7;0;1;1.0000;0;0;44
org.apache.catalina.security.SecurityUtil.execute(Method, Object, Object[], Principal);org.apache.tomcat.util.res.StringManager;1;0;2;1.0000;146;11;17;1;0;0.8571;52;3;3
org.apache.catalina.startup.SetAllPropertiesRule.begin(String, String, Attributes);org.apache.tomcat.util.IntrospectionUtils;2;0;1;0.9000;19;1;1;1;0;1.0000;595;31;4
org.apache.jasper.compiler.PageDataImpl.SecondPassVisitor.appendTag(Node, boolean);org.apache.jasper.compiler.TagConstants;4;4;4;0.8519;307;41;6;0;1;1.0000;0;0;57
org.apache.tomcat.util.net.NioEndpoint.PollerEvent.run();org.apache.tomcat.util.net.NioEndpoint.Poller;4;0;3;0.8125;60;4;3;1;1;0.9375;396;15;6
org.apache.catalina.ha.session.DeltaManager.sendCreateSession(String, DeltaSession);org.apache.catalina.ha.session.SessionMessage;2;1;5;0.9512;822;41;40;0;1;1.0000;5;5;7
org.apache.coyote.http11.AbstractHttp11Processor.initializeFilters();org.apache.coyote.http11.AbstractInputBuffer;0;0;0;0;0;0;0;0;0;0;0;0;0
org.apache.catalina.core.StandardContextValve.event(Request, Response, CometEvent);org.apache.catalina.Valve;0;0;0;1.0000;97;5;3;1;0;0.9000;7;7;0
org.apache.catalina.startup.Embedded.removeLifecycleListener(LifecycleListener);org.apache.catalina.util.LifecycleSupport;0;0;1;0.9767;368;34;10;1;0;0.8750;38;3;3
org.apache.catalina.connector.Request.readChunkedPostBody();org.apache.tomcat.util.res.StringManager;1;1;3;0.9887;1203;127;53;1;0;0.9000;52;3;3
org.apache.jasper.compiler.Generator.DeclarationVisitor.visit(Node.PageDirective);org.apache.jasper.compiler.Node;2;0;0;1.0000;36;3;1;1;0;0.9706;163;7;15
org.apache.catalina.loader.WebappLoader.getObjectNameKeyProperties();org.apache.catalina.Context;0;0;0;0;0;0;0;0;0;0;0;0;0
org.apache.catalina.startup.ContextConfig.authenticatorConfig();org.apache.catalina.Context;1;0;7;0.9474;1103;37;18;4;0;0.9735;139;139;1
org.apache.coyote.ajp.AjpAprProcessor.action(ActionCode, Object);org.apache.juli.logging.Log;6;3;13;0.7636;623;13;30;1;0;0.9787;18;18;0
org.apache.tomcat.util.modeler.modules.MbeansSource.init();org.apache.tomcat.util.modeler.Registry;0;1;2;0.8421;198;11;10;2;0;0.9762;433;33;10
org.apache.el.parser.ELParser.jj_3R_13();org.apache.el.parser.ELParserConstants;1;1;0;0.9925;2270;112;22;0;2;0.9649;0;0;56
org.apache.catalina.core.StandardWrapper.setParent(Container);org.apache.tomcat.util.res.StringManager;0;0;2;0.9818;748;76;36;1;0;0.9000;52;3;3
org.apache.catalina.startup.Tomcat.addWebapp(Host, String, String);org.apache.catalina.Context;1;3;1;0.8974;253;24;14;2;0;0.9864;139;139;1
org.apache.catalina.ssi.SSIMediator.getFileText(String, boolean);org.apache.catalina.ssi.SSIExternalResolver;0;0;1;0.9615;190;16;13;1;0;0.8889;8;8;0
org.apache.jasper.compiler.TagLibraryInfoImpl.createInitParam(TreeNode);org.apache.jasper.xmlparser.TreeNode;0;0;1;0.9600;528;14;6;3;0;0.8696;109;13;5
org.apache.catalina.startup.WebRuleSet.addRuleInstances(Digester);org.apache.tomcat.util.digester.Digester;0;1;5;0.6667;246;4;7;6;0;0.9568;849;103;29
org.apache.tomcat.util.digester.Digester.peekParams();org.apache.juli.logging.Log;0;0;2;0.9851;849;103;29;1;0;0.9524;18;18;0
org.apache.tomcat.util.IntrospectionUtils.getProperty(Object, String);org.apache.juli.logging.Log;0;2;1;1.0000;595;31;4;4;0;0.7778;18;18;0
org.apache.catalina.mbeans.NamingResourcesMBean.getResourceLinks();org.apache.tomcat.util.modeler.ManagedBean;0;0;1;0.9286;138;9;2;1;0;0.9730;252;23;13
org.apache.catalina.connector.RequestFacade.getServerPort();org.apache.catalina.connector.Request;0;0;2;0.9859;450;69;2;1;0;0.9943;1203;127;53
org.apache.jasper.tagplugins.jstl.core.Set.doTag(TagPluginContext);org.apache.jasper.tagplugins.jstl.Util;0;0;0;1.0000;99;1;0;1;0;1.0000;110;6;4
org.apache.catalina.startup.ContextConfig.authenticatorConfig();org.apache.catalina.Pipeline;1;0;7;0.9474;1103;37;18;1;0;0.9583;9;9;0
org.apache.catalina.loader.WebappLoader.setContainer(Container);org.apache.catalina.Container;0;1;2;0.9434;553;36;17;2;0;0.9487;35;35;6
org.apache.catalina.startup.ContextConfig.processServletContainerInitializers(Set<WebXml>);org.apache.juli.logging.Log;0;0;0;0;0;0;0;0;0;0;0;0;0
org.apache.catalina.connector.CoyoteAdapter.asyncDispatch(org.apache.coyote.Request, org.apache.coyote.Response, SocketStatus);org.apache.tomcat.util.res.StringManager;7;0;4;0.9744;620;12;9;1;0;0.9706;52;3;3
org.apache.catalina.connector.ResponseFacade.getHeaders(String);org.apache.catalina.connector.Response;0;0;1;0.9756;224;40;2;1;0;0.9888;596;70;20
org.apache.el.MethodExpressionImpl.getNode();org.apache.el.lang.ExpressionBuilder;0;0;2;0.8750;59;9;6;1;0;1.0000;117;7;4
org.apache.catalina.valves.AccessLogValve.RequestURIElement.addElement(StringBuilder, Date, Request, Response, long);org.apache.catalina.connector.Request;0;0;0;1.0000;8;1;0;1;0;0.9943;1203;127;53
org.apache.catalina.connector.RequestFacade.getContentType();org.apache.catalina.connector.Request;0;0;2;0.9859;450;69;2;1;0;0.9943;1203;127;53
org.apache.tomcat.util.net.NioEndpoint.setSocketOptions(SocketChannel);org.apache.tomcat.util.net.SocketProperties;2;2;4;0.9000;362;19;26;1;3;0.9355;162;28;23
org.apache.el.parser.AstPlus.getValue(EvaluationContext);org.apache.el.parser.Node;0;0;0;1.0000;8;1;0;1;0;0.9444;17;17;0
org.apache.tomcat.util.modeler.ManagedBean.getInvoke(String, Object[], String[], BaseModelMBean, Object);org.apache.tomcat.util.modeler.BaseModelMBean;0;0;1;0.9697;252;23;13;1;0;1.0000;284;28;9
org.apache.tomcat.util.net.NioEndpoint.SocketProcessor.run();org.apache.tomcat.util.net.NioEndpoint.Handler;5;0;2;0.9200;91;2;2;2;0;0.9231;5;5;0
org.apache.tomcat.util.net.AprEndpoint.Poller.init();org.apache.tomcat.util.net.SocketProperties;1;0;6;0.6471;168;4;7;1;0;0.9841;162;28;23
org.apache.jasper.compiler.Generator.generateDeclarations(Node.Nodes);org.apache.jasper.compiler.Node.CustomTag;4;1;1;0.9818;782;28;18;0;3;0.9455;218;9;26
org.apache.jasper.compiler.Validator.ValidateVisitor.MapperELVisitor.visit(ELNode.Function);org.apache.jasper.compiler.ErrorDispatcher;3;0;0;1.0000;30;1;1;1;0;0.9643;158;22;2
org.apache.catalina.tribes.util.Arrays.convert(String);org.apache.juli.logging.Log;0;0;1;1.0000;157;24;1;1;0;0.9444;18;18;0
org.apache.catalina.core.StandardWrapperValve.invoke(Request, Response);org.apache.catalina.connector.Response;4;1;5;0.8936;352;4;6;4;0;0.9685;596;70;20
org.apache.catalina.startup.Tomcat.addWebapp(Host, String, String);org.apache.catalina.Container;1;3;1;0.8974;253;24;14;2;0;0.9535;35;35;6
org.apache.catalina.mbeans.MemoryUserDatabaseMBean.removeRole(String);org.apache.catalina.mbeans.MBeanUtils;0;0;0;1.0000;168;12;6;1;0;1.0000;706;52;4
org.apache.catalina.deploy.WebXml.merge(Set<WebXml>);org.apache.juli.logging.Log;2;11;30;0.5930;1536;45;42;1;0;0.9851;18;18;0
org.apache.catalina.mbeans.MBeanFactory.createStandardServiceEngine(String, String, String);org.apache.catalina.Server;0;0;0;0;0;0;0;0;0;0;0;0;0
org.apache.catalina.ha.session.DeltaSession.readObject(ObjectInput);org.apache.catalina.ha.session.SerializablePrincipal;1;0;3;0.9841;399;42;7;1;0;1.0000;83;9;7
org.apache.coyote.ajp.AjpProcessor.asyncDispatch(SocketStatus);org.apache.coyote.Constants;4;1;9;0.8298;659;13;32;0;2;1.0000;0;0;14
org.apache.catalina.tribes.transport.bio.BioReceiver.listen();org.apache.catalina.tribes.transport.AbstractRxTask;1;0;2;0.9630;94;7;2;0;1;0.9600;37;1;6
org.apache.catalina.tribes.transport.bio.BioReplicationTask.execute(ObjectReader);org.apache.catalina.tribes.io.ChannelData;1;1;1;0.9444;92;6;3;2;0;1.0000;165;14;7
org.apache.catalina.tribes.group.interceptors.FragmentationInterceptor.messageReceived(ChannelMessage);org.apache.catalina.tribes.ChannelMessage;1;1;0;0.9333;96;7;5;1;0;0.9375;11;11;0
org.apache.catalina.tribes.group.interceptors.TcpPingInterceptor.messageReceived(ChannelMessage);org.apache.juli.logging.Log;1;0;2;1.0000;78;6;10;2;0;0.9167;18;18;0
org.apache.catalina.tribes.tipis.AbstractReplicatedMap.broadcast(int, boolean);org.apache.catalina.tribes.group.Response;2;2;5;0.9000;741;50;17;0;2;0.8667;18;0;2
org.apache.catalina.connector.Request.getRealPath(String);org.apache.catalina.Context;0;0;1;0.9943;1203;127;53;1;0;0.9929;139;139;1
org.apache.catalina.core.StandardHostValve.status(Request, Response);org.apache.juli.logging.Log;3;1;0;0.9524;160;7;3;1;0;0.9697;18;18;0
org.apache.coyote.ajp.AjpProtocol.AjpConnectionHandler.process(SocketWrapper<Socket>, SocketStatus);org.apache.coyote.ajp.AjpProcessor;3;1;2;0.8125;90;5;5;3;0;0.9375;659;13;32
org.apache.tomcat.util.digester.Digester.peekParams(int);org.apache.juli.logging.Log;0;0;2;0.9851;849;103;29;1;0;0.9524;18;18;0
org.apache.tomcat.util.net.NioBlockingSelector.write(ByteBuffer, NioChannel, long, MutableInteger);org.apache.tomcat.util.net.NioChannel;4;0;1;0.9474;111;4;4;1;2;0.9032;83;15;5
org.apache.tomcat.util.bcel.classfile.Utility.codeToString(ByteSequence, ConstantPool, boolean);org.apache.tomcat.util.bcel.classfile.ConstantPool;2;1;1;1.0000;428;19;5;3;0;0.7273;130;7;2
org.apache.el.lang.ELSupport.coerceToNumber(Number, Class<?>);org.apache.el.util.MessageFactory;0;0;0;1.0000;406;22;1;1;0;1.0000;24;7;1
org.apache.jasper.compiler.TldLocationsCache.init();org.apache.tomcat.JarScanner;0;2;4;0.6364;200;9;11;1;0;0.8000;1;1;0
org.apache.coyote.ajp.AjpAprProcessor.action(ActionCode, Object);org.apache.tomcat.util.net.AprEndpoint;6;3;13;0.7636;623;13;30;0;0;1.0000;471;17;35
org.apache.catalina.tribes.group.ChannelCoordinator.messageReceived(ChannelMessage);org.apache.catalina.tribes.Member;1;0;0;1.0000;164;15;5;1;0;0.9444;13;13;1
org.apache.catalina.connector.Response.isEncodeable(String);org.apache.catalina.connector.Request;0;1;1;0.9778;596;70;20;3;0;0.9830;1203;127;53
org.apache.jasper.compiler.Parser.parseName();org.apache.jasper.compiler.JspReader;0;0;1;0.9846;1185;55;13;2;0;0.9429;304;23;9
org.apache.catalina.connector.Connector.destroyInternal();org.apache.catalina.Service;0;0;0;0;0;0;0;0;0;0;0;0;0
org.apache.tomcat.util.net.NioEndpoint.init();org.apache.tomcat.util.net.jsse.JSSESocketFactory;1;2;7;0.8475;362;19;26;0;1;1.0000;440;20;17
org.apache.coyote.RequestInfo.getProtocol();org.apache.coyote.Request;1;0;1;0.9643;134;13;14;0;1;0.9818;221;18;34
org.apache.catalina.ha.session.DeltaSession.setPrincipal(Principal, boolean);org.apache.catalina.ha.session.DeltaRequest;0;2;1;0.9400;399;42;7;1;0;0.9600;179;15;15
org.apache.catalina.core.NamingContextListener.removeService(String);org.apache.juli.logging.Log;1;0;3;0.9375;745;23;11;1;0;0.9500;18;18;0
org.apache.catalina.connector.Response.setContentType(String);org.apache.coyote.Response;0;1;4;0.9432;596;70;20;1;0;0.9762;250;19;18
org.apache.catalina.startup.ContextConfig.FragmentJarScannerCallback.scan(File);org.apache.catalina.deploy.WebXml;2;0;2;0.8333;76;2;2;1;2;0.9595;1536;45;42
org.apache.coyote.Request.contentType();org.apache.tomcat.util.http.MimeHeaders;0;0;2;0.9623;221;18;34;1;0;0.9565;129;18;3
org.apache.tomcat.util.http.fileupload.DiskFileItem.getInputStream();org.apache.tomcat.util.http.fileupload.DeferredFileOutputStream;1;1;2;0.9000;232;17;16;1;1;0.8824;60;5;7
org.apache.jasper.compiler.Collector.CollectVisitor.visit(Node.NamedAttribute);org.apache.jasper.compiler.Node.NamedAttribute;2;0;0;1.0000;114;15;6;0;1;0.9167;71;3;7
org.apache.tomcat.util.buf.WriteConvertor.recycle();org.apache.tomcat.util.buf.IntermediateOutputStream;0;1;1;0.7143;22;4;1;2;0;0.8000;25;6;2
org.apache.coyote.http11.InternalAprInputBuffer.doRead(ByteChunk, Request);org.apache.coyote.http11.InputFilter;0;0;3;0.8966;358;13;15;1;0;0.9091;7;7;0
org.apache.catalina.connector.CoyoteAdapter.postParseRequest(org.apache.coyote.Request, Request, org.apache.coyote.Response, Response);org.apache.catalina.connector.Connector;11;4;2;0.9583;620;12;9;6;1;0.9504;405;53;33
org.apache.jasper.compiler.Generator.GenerateVisitor.visit(Node.ELExpression);org.apache.jasper.compiler.ServletWriter;6;0;2;0.9710;1736;44;16;1;1;0.9231;54;12;6
org.apache.catalina.core.ApplicationContext.getFilterRegistrations();org.apache.catalina.core.StandardContext;0;0;1;0.9857;645;60;13;1;0;0.9969;2421;209;114
org.apache.catalina.ha.tcp.ReplicationValve.sendInvalidSessions(ClusterManager, CatalinaCluster);org.apache.juli.logging.Log;1;1;2;0.9688;278;16;17;1;0;0.9500;18;18;0
org.apache.catalina.connector.Response.finishResponse();org.apache.catalina.connector.OutputBuffer;0;0;1;0.9886;596;70;20;1;0;0.9756;207;25;15
org.apache.catalina.connector.CoyoteAdapter.asyncDispatch(org.apache.coyote.Request, org.apache.coyote.Response, SocketStatus);org.apache.catalina.Container;7;0;4;0.9744;620;12;9;1;0;0.9844;35;35;6
org.apache.jasper.JspC.setValidateXml(boolean);org.apache.jasper.xmlparser.ParserUtils;1;0;0;1.0000;876;35;84;0;1;1.0000;58;3;3
org.apache.catalina.mbeans.MBeanFactory.removeService(String);org.apache.catalina.Server;0;0;0;0;0;0;0;0;0;0;0;0;0
org.apache.tomcat.util.http.Parameters.recycle();org.apache.tomcat.util.buf.MessageBytes;1;0;4;0.8519;245;14;15;1;0;0.9778;380;30;16
org.apache.catalina.tribes.group.interceptors.TcpFailureDetector.memberDisappeared(Member);org.apache.juli.logging.Log;1;2;3;0.8462;227;15;10;2;0;0.9200;18;18;0
org.apache.catalina.ha.authenticator.ClusterSingleSignOnListener.messageReceived(ClusterMessage);org.apache.juli.logging.Log;1;1;1;0.9000;82;4;2;2;0;0.9394;18;18;0
org.apache.catalina.session.JDBCStore.getConnection();org.apache.juli.logging.Log;1;2;1;0.9500;495;34;23;2;0;0.9200;18;18;0
org.apache.coyote.http11.Http11Processor.prepareResponse();org.apache.coyote.Response;6;0;1;0.9804;731;12;7;1;4;0.9242;250;19;18
org.apache.catalina.core.ApplicationFilterConfig.unregisterJMX();org.apache.juli.logging.Log;1;2;3;0.8750;175;15;8;3;0;0.8636;18;18;0
org.apache.coyote.http11.Http11AprProtocol.getSSLVerifyClient();org.apache.tomcat.util.net.AprEndpoint;1;0;1;0.9901;387;76;26;0;1;0.9808;471;17;35
org.apache.catalina.connector.MapperListener.findDefaultHost();org.apache.tomcat.util.http.mapper.Mapper;0;0;0;0;0;0;0;0;0;0;0;0;0
org.apache.jasper.compiler.Parser.parseElementsScriptless(Node);org.apache.jasper.compiler.ErrorDispatcher;1;9;5;0.7941;1185;55;13;1;0;0.9744;158;22;2
org.apache.catalina.mbeans.NamingResourcesMBean.addResourceLink(String, String);org.apache.tomcat.util.modeler.Registry;1;0;1;0.9444;138;9;2;1;0;0.9783;433;33;10
org.apache.catalina.tribes.group.interceptors.TcpFailureDetector.memberAlive(Member, byte[], boolean, boolean, long, long, int);org.apache.catalina.tribes.Channel;3;0;1;1.0000;227;15;10;0;2;1.0000;15;15;13
org.apache.coyote.ajp.AjpAprProcessor.prepareRequest();org.apache.coyote.Adapter;7;1;8;0.8831;623;13;30;0;0;1.0000;3;3;0
org.apache.naming.resources.FileDirContext.list(File);org.apache.naming.NamingEntry;2;1;2;0.9355;219;25;5;0;1;1.0000;16;2;7
org.apache.catalina.connector.RequestFacade.getContentLength();org.apache.catalina.connector.Request;0;0;2;0.9859;450;69;2;1;0;0.9943;1203;127;53
org.apache.coyote.http11.InternalNioOutputBuffer.flushBuffer();org.apache.tomcat.util.net.SecureNioChannel.ApplicationBufferHandler;2;1;1;0.9048;117;9;5;1;0;0.9000;3;3;0
org.apache.catalina.tribes.group.interceptors.TcpFailureDetector.messageReceived(ChannelMessage);org.apache.catalina.tribes.ChannelMessage;1;0;2;1.0000;227;15;10;2;0;0.8824;11;11;0
org.apache.naming.resources.DirContextURLConnection.getInputStream();org.apache.naming.resources.Resource;0;1;2;0.8421;186;11;7;1;0;0.8889;23;1;2
org.apache.catalina.core.StandardWrapper.initServlet(Servlet);org.apache.catalina.InstanceEvent;5;2;7;0.9369;748;76;36;0;2;1.0000;89;7;17
org.apache.coyote.http11.Http11Processor.parseHost(MessageBytes);org.apache.tomcat.util.buf.ByteChunk;5;0;2;0.9394;731;12;7;2;1;0.9508;425;43;10
org.apache.tomcat.util.bcel.classfile.Utility.accessToString(int, boolean);org.apache.tomcat.util.bcel.Constants;1;1;0;1.0000;428;19;5;0;4;1.0000;0;0;122
org.apache.el.parser.ELParser.String();org.apache.el.parser.AstString;3;1;1;0.9855;2270;112;22;1;0;0.9231;35;4;1
org.apache.catalina.core.ApplicationContextFacade.getFilterRegistration(String);org.apache.catalina.security.SecurityUtil;0;1;1;0.9672;514;57;3;1;0;1.0000;146;11;17
org.apache.catalina.core.ApplicationContextFacade.getEffectiveMajorVersion();org.apache.catalina.security.SecurityUtil;0;1;1;0.9672;514;57;3;1;0;1.0000;146;11;17
org.apache.coyote.http11.Http11NioProcessor.asyncDispatch(SocketStatus);org.apache.coyote.Adapter;7;1;4;0.9024;840;14;11;1;0;0.9565;3;3;0
org.apache.catalina.startup.Embedded.addAuthenticator(Authenticator, String);org.apache.tomcat.util.res.StringManager;0;0;2;0.9767;368;34;10;1;0;0.8333;52;3;3
org.apache.el.parser.ELParser.jj_3R_34();org.apache.el.parser.ELParserConstants;1;1;0;0.9925;2270;112;22;0;1;0.9825;0;0;56
org.apache.catalina.startup.EngineConfig.lifecycleEvent(LifecycleEvent);org.apache.juli.logging.Log;2;2;3;0.5000;17;3;3;1;0;0.9565;18;18;0
org.apache.el.parser.ELParser.DeferredExpression();org.apache.el.parser.ELParserConstants;2;2;1;0.9784;2270;112;22;0;2;0.9688;0;0;56
org.apache.coyote.http11.Http11Protocol.Http11ConnectionHandler.process(SocketWrapper<Socket>, SocketStatus);org.apache.coyote.http11.Http11Protocol;4;1;3;0.8095;105;5;5;0;1;1.0000;78;3;5
org.apache.catalina.session.ManagerBase.PrivilegedSetRandomFile.run();org.apache.catalina.session.ManagerBase;1;0;0;1.0000;27;1;0;0;3;0.9667;518;58;32
org.apache.catalina.connector.CoyoteAdapter.log(org.apache.coyote.Request, org.apache.coyote.Response, long);org.apache.catalina.Container;0;0;0;0;0;0;0;0;0;0;0;0;0
org.apache.tomcat.util.net.AprEndpoint.destroy();org.apache.tomcat.jni.Socket;0;1;4;0.9038;471;17;35;1;0;1.0000;37;37;34
org.apache.catalina.valves.ErrorReportValve.report(Request, Response, Throwable);org.apache.catalina.util.ServerInfo;2;1;1;0.9333;135;4;2;1;0;1.0000;19;4;3
org.apache.catalina.connector.MapperListener.findDefaultHost();org.apache.catalina.Service;0;0;0;0;0;0;0;0;0;0;0;0;0
org.apache.catalina.startup.UserConfig.deploy(String, String);org.apache.catalina.Container;1;0;5;0.8261;87;10;8;3;0;0.9318;35;35;6
org.apache.catalina.tribes.group.interceptors.MessageDispatchInterceptor.sendAsyncData(LinkObject);org.apache.juli.logging.Log;2;1;1;0.9688;138;12;8;3;0;0.8966;18;18;0
org.apache.catalina.mbeans.MBeanFactory.removeContext(String);org.apache.juli.logging.Log;0;2;2;0.9487;401;31;3;2;0;0.9200;18;18;0
org.apache.coyote.http11.Http11NioProtocol.Http11ConnectionHandler.release(SocketChannel);org.apache.coyote.http11.Http11NioProtocol;2;1;1;0.8750;177;8;6;0;1;1.0000;97;17;3
org.apache.tomcat.util.bcel.classfile.InnerClass.toString(ConstantPool);org.apache.tomcat.util.bcel.Constants;2;0;4;0.6667;47;4;4;0;2;1.0000;0;0;122
org.apache.catalina.startup.WebAnnotationSet.loadApplicationFilterAnnotations(Context);org.apache.catalina.Context;0;1;0;1.0000;125;6;0;1;0;0.9929;139;139;1
org.apache.catalina.authenticator.DigestAuthenticator.setAuthenticateHeader(HttpServletRequest, HttpServletResponse, LoginConfig, String);org.apache.catalina.util.MD5Encoder;0;0;2;1.0000;123;8;5;1;0;0.5000;11;1;1
org.apache.catalina.realm.CombinedRealm.stopInternal();org.apache.catalina.Lifecycle;0;0;1;0.9286;151;12;2;1;0;0.8750;6;6;11
org.apache.jasper.compiler.JspDocumentParser.getTaglibInfo(String, String);org.apache.jasper.JspCompilationContext;2;0;4;0.9130;663;28;20;1;1;0.9701;426;31;31
org.apache.tomcat.util.modeler.BaseModelMBean.getMBeanInfo();org.apache.tomcat.util.modeler.ManagedBean;0;0;1;0.9706;284;28;9;1;0;0.9714;252;23;13
org.apache.tomcat.util.net.NioSelectorPool.write(ByteBuffer, NioChannel, Selector, long, boolean, MutableInteger);org.apache.tomcat.util.MutableInteger;2;0;2;0.9545;182;9;12;0;1;0.8333;11;0;1
org.apache.catalina.connector.CoyoteAdapter.log(org.apache.coyote.Request, org.apache.coyote.Response, long);org.apache.coyote.Request;0;0;0;0;0;0;0;0;0;0;0;0;0
org.apache.catalina.tribes.group.GroupChannel.send(Member[], Serializable, int, ErrorHandler);org.apache.catalina.tribes.ByteMessage;5;1;0;0.9783;268;24;9;0;1;0.9444;20;2;1
org.apache.catalina.servlets.WebdavServlet.doMkcol(HttpServletRequest, HttpServletResponse);org.apache.naming.resources.ProxyDirContext;1;4;1;0.8649;1461;29;24;2;0;0.9762;469;64;15
org.apache.catalina.connector.RequestFacade.getHeaderNames();org.apache.catalina.connector.Request;1;0;2;0.9859;450;69;2;1;0;0.9943;1203;127;53
org.apache.coyote.http11.filters.ChunkedInputFilter.readBytes();org.apache.tomcat.util.buf.ByteChunk;1;0;5;0.7368;128;9;10;1;1;0.9623;425;43;10
org.apache.tomcat.util.modeler.modules.MbeansDescriptorsDigesterSource.execute();org.apache.tomcat.util.digester.Digester;0;1;4;0.8182;77;3;7;3;0;0.9781;849;103;29
org.apache.coyote.Request.recycle();org.apache.tomcat.util.buf.MessageBytes;0;0;23;0.5893;221;18;34;1;0;0.9851;380;30;16
org.apache.catalina.realm.JNDIRealm.getDistinguishedName(DirContext, String, SearchResult);org.apache.juli.logging.Log;0;0;0;1.0000;742;44;32;2;0;0.8947;18;18;0
org.apache.jasper.compiler.Generator.GenerateVisitor.getTagHandlerInfo(Node.CustomTag);org.apache.jasper.compiler.Generator;3;0;1;0.9841;1736;44;16;0;1;0.9762;782;28;18
org.apache.catalina.ha.authenticator.ClusterSingleSignOn.deregister(String);org.apache.juli.logging.Log;1;1;2;0.8696;142;15;4;2;0;0.9200;18;18;0
org.apache.coyote.http11.Http11Processor.endRequest();org.apache.tomcat.util.res.StringManager;1;0;3;0.9200;731;12;7;1;0;0.9231;52;3;3
org.apache.catalina.loader.WebappLoader.setPermissions();org.apache.catalina.Context;1;0;2;0.9630;553;36;17;1;0;0.9931;139;139;1
org.apache.coyote.http11.Http11Processor.process(SocketWrapper<Socket>);org.apache.tomcat.util.net.AbstractEndpoint;7;3;6;0.8596;731;12;7;1;0;0.9914;397;29;69
org.apache.catalina.connector.ResponseFacade.getHeader(String);org.apache.catalina.connector.Response;0;0;1;0.9756;224;40;2;1;0;0.9888;596;70;20
org.apache.catalina.ha.session.JvmRouteBinderValve.sendSessionIDClusterBackup(ClusterManager, Request, String, String);org.apache.catalina.ha.session.SessionIDMessage;1;0;1;0.9615;165;11;7;0;4;0.7333;45;2;5
org.apache.catalina.tribes.transport.RxTaskPool.configureTask(AbstractRxTask);org.apache.catalina.tribes.transport.AbstractRxTask;1;0;0;1.0000;89;5;7;0;1;0.8333;37;1;6
org.apache.catalina.core.StandardContext.removeApplicationParameter(String);org.apache.catalina.deploy.ApplicationParameter;0;0;2;0.9938;2421;209;114;1;0;0.9167;39;5;5
org.apache.catalina.connector.RequestFacade.getPart(String);org.apache.catalina.connector.Request;0;0;1;0.9857;450;69;2;1;0;0.9943;1203;127;53
org.apache.jasper.xmlparser.XMLEncodingDetector.scanPseudoAttribute(boolean, XMLString);org.apache.jasper.xmlparser.XMLString;0;8;2;0.8039;798;23;29;1;0;0.9615;52;6;3
org.apache.jasper.compiler.Generator.GenerateVisitor.evaluateAttribute(TagHandlerInfo, Node.JspAttribute, Node.CustomTag, String);org.apache.jasper.compiler.JspUtil;5;2;2;0.9634;1736;44;16;2;0;1.0000;608;37;6
org.apache.jasper.compiler.PageDataImpl.SecondPassVisitor.visit(Node.Root);org.apache.jasper.compiler.Node.Root;1;2;2;0.9184;307;41;6;0;1;0.9375;56;2;8
org.apache.tomcat.util.net.AprEndpoint.Sendfile.add(SendfileData);org.apache.tomcat.jni.File;4;0;1;0.9524;187;5;6;1;3;1.0000;42;42;69
org.apache.tomcat.util.modeler.ManagedBean.getMBeanInfo();org.apache.tomcat.util.modeler.NotificationInfo;0;5;1;0.8333;252;23;13;1;0;0.9375;36;6;3
org.apache.catalina.core.JasperListener.lifecycleEvent(LifecycleEvent);org.apache.catalina.LifecycleEvent;1;0;1;1.0000;10;1;2;1;0;0.8889;18;3;3
org.apache.catalina.core.ApplicationContextFacade.getContextPath();org.apache.catalina.security.SecurityUtil;0;1;1;0.9672;514;57;3;1;0;1.0000;146;11;17
org.apache.jasper.tagplugins.jstl.core.Redirect.doTag(TagPluginContext);org.apache.jasper.compiler.tagplugin.TagPluginContext;0;0;0;1.0000;31;1;0;5;0;0.6429;14;14;0
org.apache.catalina.connector.Response.toAbsolute(String);org.apache.catalina.security.SecurityUtil;0;1;3;0.9583;596;70;20;1;0;1.0000;146;11;17
org.apache.catalina.startup.ContextConfig.processContextConfig(URL);org.apache.catalina.startup.XmlErrorHandler;0;0;0;0;0;0;0;0;0;0;0;0;0
org.apache.catalina.connector.CoyoteAdapter.event(org.apache.coyote.Request, org.apache.coyote.Response, SocketStatus);org.apache.catalina.Valve;7;0;4;0.9714;620;12;9;1;0;0.9688;7;7;0
org.apache.jasper.compiler.Generator.GenerateVisitor.restoreScriptingVars(Node.CustomTag, int);org.apache.jasper.compiler.ServletWriter;1;0;2;0.9701;1736;44;16;3;0;0.8696;54;12;6
org.apache.catalina.deploy.NamingResources.addEnvironment(ContextEnvironment);org.apache.catalina.deploy.ContextResourceLink;1;5;3;0.8519;342;36;13;1;0;0.9412;27;2;3
org.apache.naming.SelectorContext.parseName(Name);org.apache.naming.StringManager;0;0;3;0.9706;170;31;7;1;0;0.8333;50;3;3
org.apache.coyote.ajp.AjpAprProtocol.AjpConnectionHandler.asyncDispatch(long, SocketStatus);org.apache.coyote.ajp.AjpAprProcessor;0;0;0;0;0;0;0;0;0;0;0;0;0
org.apache.catalina.tribes.transport.bio.BioSender.disconnect();org.apache.juli.logging.Log;1;1;2;0.9444;148;9;7;2;0;0.9091;18;18;0
org.apache.catalina.startup.Embedded.addEngine(Engine);org.apache.catalina.Container;0;0;2;0.9796;368;34;10;1;0;0.9762;35;35;6
org.apache.catalina.core.StandardContext.resourcesStart();org.apache.naming.resources.BaseDirContext;3;3;7;0.9731;2421;209;114;2;3;0.9479;272;68;9
org.apache.catalina.tribes.transport.bio.BioReceiver.listen();org.apache.juli.logging.Log;1;0;2;0.9630;94;7;2;2;0;0.9444;18;18;0
org.apache.el.parser.AstFunction.getValue(EvaluationContext);org.apache.el.lang.EvaluationContext;1;1;2;0.7000;73;4;2;0;1;0.9412;35;7;3
org.apache.catalina.manager.host.HostManagerServlet.list(PrintWriter);org.apache.catalina.Host;1;0;3;0.9091;310;13;8;2;0;0.9231;22;22;2
org.apache.tomcat.util.net.AprEndpoint.Poller.run();org.apache.tomcat.util.res.StringManager;4;2;6;0.6000;168;4;7;1;0;0.9545;52;3;3
org.apache.tomcat.util.net.AprEndpoint.Acceptor.run();org.apache.juli.logging.Log;1;0;0;1.0000;20;1;0;1;0;0.9565;18;18;0
org.apache.catalina.session.StandardSession.activate();org.apache.tomcat.util.res.StringManager;1;3;5;0.9241;585;58;24;1;0;0.9286;52;3;3
org.apache.catalina.connector.Request.getUserPrincipal();org.apache.catalina.realm.GenericPrincipal;0;0;1;0.9943;1203;127;53;1;0;0.9412;58;7;5
org.apache.tomcat.util.http.HttpMessages.getMessage(int);org.apache.tomcat.util.res.StringManager;0;0;5;1.0000;56;3;5;1;0;0.8000;52;3;3
org.apache.coyote.http11.Http11AprProtocol.Http11ConnectionHandler.process(long);org.apache.tomcat.util.res.StringManager;3;1;3;0.7778;119;5;5;1;0;0.9412;52;3;3
org.apache.coyote.http11.InternalInputBuffer.parseRequestLine(boolean);org.apache.tomcat.util.buf.MessageBytes;2;1;0;0.9444;240;5;0;2;0;0.9615;380;30;16
org.apache.catalina.session.ManagerBase.getThisAccessedTime(String);org.apache.juli.logging.Log;0;0;2;0.9773;518;58;32;2;0;0.9048;18;18;0
org.apache.coyote.http11.Http11AprProtocol.setSSLCertificateFile(String);org.apache.tomcat.util.net.AprEndpoint;1;0;1;0.9901;387;76;26;0;1;0.9808;471;17;35
org.apache.catalina.tribes.transport.bio.BioSender.waitForAck();org.apache.catalina.tribes.transport.Constants;2;0;5;0.8929;148;9;7;0;3;1.0000;0;0;5
org.apache.coyote.http11.Http11AprProtocol.setPollTime(int);org.apache.tomcat.util.net.AprEndpoint;0;0;1;0.9901;387;76;26;1;0;0.9808;471;17;35
org.apache.jasper.compiler.Parser.parseNamedAttributes(Node);org.apache.jasper.compiler.Node.Nodes;3;3;2;0.9306;1185;55;13;2;0;0.9091;43;5;3
org.apache.catalina.connector.Request.getReader();org.apache.tomcat.util.res.StringManager;0;0;5;0.9771;1203;127;53;1;0;0.9000;52;3;3
org.apache.catalina.core.StandardHostValve.invoke(Request, Response);org.apache.catalina.connector.Response;1;2;1;0.9000;160;7;3;2;0;0.9804;596;70;20
org.apache.jasper.compiler.Parser.parseTaglibDirective(Node);org.apache.jasper.Options;4;1;6;0.9103;1185;55;13;2;0;0.9592;29;29;0
org.apache.catalina.authenticator.AuthenticatorBase.invoke(Request, Response);org.apache.catalina.Realm;2;1;6;0.9020;293;17;18;3;0;0.9231;14;14;0
org.apache.jasper.compiler.Generator.DeclarationVisitor.visit(Node.CustomTag);org.apache.jasper.compiler.Node.Nodes;1;0;0;1.0000;36;3;1;1;0;0.9286;43;5;3
org.apache.tomcat.util.http.ServerCookie.maybeQuote(StringBuffer, String);org.apache.tomcat.util.http.CookieSupport;1;1;0;1.0000;136;5;12;3;1;1.0000;50;5;9
org.apache.tomcat.util.net.AbstractEndpoint.setMaxThreads(int);org.apache.tomcat.util.threads.ResizableExecutor;0;0;4;0.9429;397;29;69;1;0;0.8889;5;5;0
org.apache.jasper.compiler.Generator.GenerateVisitor.visit(Node.AttributeGenerator);org.apache.jasper.compiler.Node.JspAttribute;4;0;1;0.9844;1736;44;16;0;1;0.9583;107;7;10
org.apache.catalina.ssi.SSIServlet.requestHandler(HttpServletRequest, HttpServletResponse);org.apache.catalina.Globals;1;1;4;0.5000;80;5;6;0;1;1.0000;0;0;39
org.apache.coyote.http11.Http11NioProcessor.process(NioChannel);org.apache.juli.logging.Log;14;4;8;0.8358;840;14;11;3;0;0.9565;18;18;0
org.apache.tomcat.util.bcel.classfile.ConstantPool.constantToString(Constant);org.apache.tomcat.util.bcel.classfile.ConstantClass;11;3;0;0.9000;130;7;2;0;1;0.9444;17;2;1
org.apache.tomcat.util.modeler.modules.MbeansSource.processAttribute(MBeanServer, Node, String);org.apache.tomcat.util.modeler.Registry;0;0;2;0.9583;198;11;10;2;0;0.9545;433;33;10
org.apache.jasper.compiler.Parser.parseJspAttributeAndBody(Node, String, String);org.apache.jasper.compiler.JspReader;0;2;2;0.9412;1185;55;13;4;0;0.8974;304;23;9
org.apache.catalina.session.PersistentManagerBase.PrivilegedStoreClear.run();org.apache.catalina.session.PersistentManagerBase;1;0;0;1.0000;6;1;0;0;1;0.9750;421;30;12
org.apache.catalina.connector.Response.getContentType();org.apache.coyote.Response;0;0;1;0.9886;596;70;20;1;0;0.9737;250;19;18
org.apache.catalina.core.StandardServer.setGlobalNamingResources(NamingResources);org.apache.catalina.deploy.NamingResources;1;0;2;0.9565;309;29;19;0;1;0.9804;342;36;13
org.apache.catalina.core.ApplicationFilterConfig.release();org.apache.catalina.Context;2;1;2;0.8800;175;15;8;1;0;0.9932;139;139;1
org.apache.tomcat.util.bcel.classfile.Constant.readConstant(DataInputStream);org.apache.tomcat.util.bcel.Constants;1;0;0;1.0000;48;6;2;0;11;1.0000;0;0;122
org.apache.coyote.http11.InternalNioOutputBuffer.flushBuffer();org.apache.tomcat.util.net.NioChannel;2;1;1;0.9048;117;9;5;0;3;0.8800;83;15;5
org.apache.catalina.authenticator.SSLAuthenticator.authenticate(Request, HttpServletResponse, LoginConfig);org.apache.juli.logging.Log;4;0;0;1.0000;31;2;1;2;0;0.9333;18;18;0
org.apache.catalina.tribes.group.ChannelCoordinator.setClusterReceiver(ChannelReceiver);org.apache.catalina.tribes.ChannelReceiver;0;0;1;0.9545;164;15;5;1;0;0.8889;8;8;1
org.apache.el.parser.ELParser.Math();org.apache.el.parser.JJTELParserState;2;3;4;0.9500;2270;112;22;4;0;0.8519;74;10;5
org.apache.catalina.core.StandardHost.getObjectNameKeyProperties();org.apache.catalina.mbeans.MBeanUtils;0;0;0;0;0;0;0;0;0;0;0;0;0
org.apache.coyote.ajp.AjpAprProtocol.setAttribute(String, Object);org.apache.juli.logging.Log;1;0;3;0.9818;219;40;15;2;0;0.8947;18;18;0
org.apache.catalina.startup.Tomcat.addContext(Host, String, String);org.apache.catalina.Lifecycle;0;2;0;0.9459;253;24;14;1;0;0.9091;6;6;11
org.apache.tomcat.util.http.fileupload.FileUploadBase.FileItemIteratorImpl.findNextItem();org.apache.tomcat.util.http.fileupload.MultipartStream;1;1;8;0.6400;122;4;8;5;0;0.8718;166;11;19
org.apache.catalina.connector.ResponseFacade.sendRedirect(String);org.apache.catalina.connector.Response;1;1;1;0.9524;224;40;2;1;1;0.9778;596;70;20
org.apache.catalina.core.StandardWrapper.addMapping(String);org.apache.catalina.Wrapper;0;0;1;0.9907;748;76;36;0;0;1.0000;39;39;0
org.apache.tomcat.util.http.fileupload.DiskFileItemFactory.createItem(String, String, boolean, String);org.apache.tomcat.util.http.fileupload.FileCleaningTracker;0;0;3;0.5714;33;1;4;1;0;0.9333;39;7;4
org.apache.catalina.ha.session.JvmRouteBinderValve.sendSessionIDClusterBackup(ClusterManager, Request, String, String);org.apache.catalina.Context;1;0;1;0.9615;165;11;7;1;0;0.9933;139;139;1
org.apache.tomcat.util.net.NioBlockingSelector.BlockPoller.run();org.apache.tomcat.util.net.SocketWrapper;2;2;4;0.6667;182;9;4;1;0;0.9583;60;2;11
org.apache.catalina.connector.RequestFacade.getParameterNames();org.apache.tomcat.util.res.StringManager;1;0;2;0.9859;450;69;2;1;0;0.8571;52;3;3
org.apache.catalina.loader.WebappClassLoader.modified();org.apache.juli.logging.Log;0;0;6;0.9462;1601;58;35;4;0;0.8333;18;18;0
org.apache.catalina.connector.InputBuffer.available();org.apache.tomcat.util.buf.CharChunk;2;0;6;0.8421;210;19;17;1;0;0.9825;393;39;8
org.apache.catalina.tribes.group.GroupChannel.send(Member[], Serializable, int, ErrorHandler);org.apache.catalina.tribes.Channel;5;1;0;0.9783;268;24;9;0;1;1.0000;15;15;13
org.apache.catalina.connector.ResponseFacade.reset();org.apache.catalina.connector.Response;0;1;1;0.9512;224;40;2;1;0;0.9889;596;70;20
org.apache.catalina.startup.UserConfig.stop();org.apache.tomcat.util.res.StringManager;0;0;2;0.9474;87;10;8;1;0;0.8889;52;3;3
org.apache.el.MethodExpressionImpl.writeExternal(ObjectOutput);org.apache.el.util.ReflectionUtil;0;0;5;0.6875;59;9;6;1;0;1.0000;87;7;3
org.apache.tomcat.util.modeler.modules.MbeansDescriptorsIntrospectionSource.execute();org.apache.tomcat.util.modeler.Registry;0;1;4;0.6923;194;7;10;2;0;0.9778;433;33;10
org.apache.coyote.ajp.AjpAprProtocol.setPollerSize(int);org.apache.tomcat.util.net.AprEndpoint;1;0;1;0.9815;219;40;15;0;1;0.9808;471;17;35
org.apache.el.MethodExpressionLiteral.readExternal(ObjectInput);org.apache.el.util.ReflectionUtil;0;0;3;0.7273;43;7;3;2;0;1.0000;87;7;3
org.apache.tomcat.util.modeler.Registry.findManagedBean(Object, Class<?>, String);org.apache.juli.logging.Log;0;4;1;0.9048;433;33;10;3;0;0.8696;18;18;0
org.apache.catalina.ha.session.SimpleTcpReplicationManager.readSession(byte[], String);org.apache.catalina.session.StandardSession;1;2;1;0.9600;356;17;15;2;0;0.9570;585;58;24
org.apache.tomcat.util.http.mapper.Mapper.findIgnoreCase(MapElement[], CharChunk);org.apache.tomcat.util.buf.CharChunk;1;1;0;1.0000;837;39;5;0;2;0.9583;393;39;8
org.apache.el.parser.ELParser.DynamicExpression();org.apache.el.parser.ELParserConstants;2;2;1;0.9784;2270;112;22;0;2;0.9688;0;0;56
org.apache.catalina.startup.WebAnnotationSet.loadApplicationServletAnnotations(Context);org.apache.catalina.Loader;0;1;0;1.0000;125;6;0;1;0;0.9444;14;14;0
org.apache.tomcat.util.bcel.classfile.InnerClass.toString(ConstantPool);org.apache.tomcat.util.bcel.classfile.ConstantUtf8;2;0;4;0.6667;47;4;4;0;1;0.9000;14;2;1
org.apache.catalina.core.StandardEngineValve.event(Request, Response, CometEvent);org.apache.catalina.Valve;0;0;0;1.0000;20;3;2;1;0;0.9000;7;7;0
org.apache.catalina.connector.ResponseFacade.isCommitted();org.apache.catalina.connector.Response;0;0;2;0.9762;224;40;2;1;0;0.9889;596;70;20
org.apache.catalina.connector.CoyoteAdapter.event(org.apache.coyote.Request, org.apache.coyote.Response, SocketStatus);org.apache.coyote.RequestInfo;7;0;4;0.9714;620;12;9;0;1;0.9808;134;13;14
org.apache.catalina.tribes.group.interceptors.TcpFailureDetector.memberAlive(Member, byte[], boolean, boolean, long, long, int);org.apache.catalina.tribes.Member;3;0;1;1.0000;227;15;10;3;1;0.8333;13;13;1
org.apache.coyote.ajp.AjpAprProcessor.asyncDispatch(long, SocketStatus);org.apache.coyote.Request;0;0;0;0;0;0;0;0;0;0;0;0;0
org.apache.catalina.authenticator.SingleSignOn.invoke(Request, Response);org.apache.catalina.Valve;2;1;1;0.9355;164;12;6;1;0;0.9565;7;7;0
org.apache.coyote.http11.InternalNioInputBuffer.parseRequestLine(boolean);org.apache.coyote.http11.Constants;2;2;5;0.8108;396;12;12;0;5;1.0000;0;0;44
org.apache.catalina.connector.RequestFacade.getIntHeader(String);org.apache.tomcat.util.res.StringManager;0;0;2;0.9859;450;69;2;1;0;0.8571;52;3;3
org.apache.catalina.users.MemoryUserDatabase.save();org.apache.tomcat.util.res.StringManager;1;5;5;0.7647;252;22;10;1;0;0.9333;52;3;3
org.apache.tomcat.util.net.jsse.JSSESocketFactory.getParameters(String, String, KeyStore);org.apache.tomcat.util.net.AbstractEndpoint;1;1;1;0.9655;440;20;17;0;1;1.0000;397;29;69
org.apache.tomcat.util.buf.MessageBytes.setBytes(byte[], int, int);org.apache.tomcat.util.buf.ByteChunk;0;0;7;0.8537;380;30;16;1;0;0.9811;425;43;10
org.apache.catalina.core.StandardWrapper.setProcessingTime(long);org.apache.catalina.core.StandardWrapperValve;1;0;1;0.9907;748;76;36;0;1;0.9091;352;4;6
org.apache.catalina.connector.CometEventImpl.close();org.apache.catalina.connector.Response;1;0;3;0.8571;54;6;5;1;0;0.9892;596;70;20
org.apache.tomcat.util.net.AprEndpoint.processSocket(long);org.apache.tomcat.util.res.StringManager;0;0;1;1.0000;471;17;35;1;0;0.8750;52;3;3
org.apache.jasper.compiler.ELNode.Root.accept(Visitor);org.apache.jasper.compiler.ELNode.Visitor;0;0;0;1.0000;13;1;2;1;0;0.7500;9;4;0
org.apache.jasper.compiler.Node.Root.accept(Visitor);org.apache.jasper.compiler.Node.Visitor;0;0;0;1.0000;56;2;8;1;0;0.9714;126;35;0
org.apache.coyote.http11.Http11NioProtocol.Http11ConnectionHandler.event(NioChannel, SocketStatus);org.apache.tomcat.util.res.StringManager;7;0;2;0.9286;177;8;6;1;0;0.9545;52;3;3
org.apache.jasper.compiler.Parser.parse(ParserController, JspReader, Node, boolean, boolean, JarResource, String, String, boolean, boolean);org.apache.jasper.compiler.JspReader;4;3;0;0.9595;1185;55;13;2;0;0.9556;304;23;9
org.apache.tomcat.util.scan.StandardJarScanner.scan(ServletContext, ClassLoader, JarScannerCallback, Set<String>);org.apache.juli.logging.Log;2;2;4;0.6667;119;3;6;3;0;0.8636;18;18;0
org.apache.catalina.core.StandardThreadExecutor.execute(Runnable, long, TimeUnit);org.apache.tomcat.util.threads.ThreadPoolExecutor;0;0;1;0.9615;118;15;10;1;0;0.9091;46;5;1
org.apache.catalina.session.StandardSession.expire(boolean);org.apache.catalina.realm.GenericPrincipal;2;5;8;0.8778;585;58;24;1;0;0.9756;58;7;5
org.apache.coyote.http11.Http11Protocol.Http11ConnectionHandler.register(Http11Processor);org.apache.tomcat.util.modeler.Registry;4;0;3;0.8421;105;5;5;2;0;0.9804;433;33;10
org.apache.catalina.core.StandardWrapperValve.invoke(Request, Response);org.apache.tomcat.util.res.StringManager;4;1;5;0.8936;352;4;6;1;0;0.9787;52;3;3
org.apache.catalina.ha.session.SimpleTcpReplicationManager.startInternal();org.apache.catalina.ha.session.SessionMessage;1;0;4;0.9286;356;17;15;0;1;1.0000;5;5;7
org.apache.coyote.http11.AbstractHttp11Protocol.setSessionCacheSize(String);org.apache.tomcat.util.net.AbstractEndpoint;1;0;1;0.9909;382;89;22;0;1;0.9859;397;29;69
org.apache.catalina.manager.host.HTMLHostManagerServlet.doGet(HttpServletRequest, HttpServletResponse);org.apache.catalina.manager.host.Constants;2;1;0;0.8750;241;8;11;0;1;1.0000;0;0;9
org.apache.catalina.realm.CombinedRealm.authenticate(String, String);org.apache.catalina.Realm;1;0;2;0.9375;151;12;2;2;0;0.8824;14;14;0
org.apache.catalina.mbeans.MBeanUtils.createObjectName(String, Connector);org.apache.tomcat.util.IntrospectionUtils;0;0;0;1.0000;706;52;4;1;0;1.0000;595;31;4
org.apache.el.parser.AstFunction.getType(EvaluationContext);org.apache.el.util.MessageFactory;1;1;2;0.5714;73;4;2;2;0;1.0000;24;7;1
org.apache.catalina.authenticator.AuthenticatorBase.invoke(Request, Response);org.apache.catalina.connector.Response;2;1;6;0.9020;293;17;18;1;0;0.9913;596;70;20
org.apache.coyote.http11.Http11Processor.endRequest();org.apache.coyote.Adapter;1;0;3;0.9200;731;12;7;0;0;1.0000;3;3;0
org.apache.jasper.compiler.Parser.parseXMLExpression(Node);org.apache.jasper.compiler.JspReader;0;1;3;0.9429;1185;55;13;6;0;0.8462;304;23;9
org.apache.catalina.startup.Catalina.start();org.apache.catalina.Lifecycle;0;0;0;0;0;0;0;0;0;0;0;0;0
org.apache.el.ValueExpressionLiteral.readExternal(ObjectInput);org.apache.el.util.ReflectionUtil;0;0;2;0.8571;51;11;3;1;0;1.0000;87;7;3
org.apache.jasper.compiler.PageDataImpl.SecondPassVisitor.appendPageDirective();org.apache.jasper.compiler.PageInfo;3;0;4;0.9184;307;41;6;0;1;0.9878;341;30;46
org.apache.catalina.mbeans.UserMBean.getGroups();org.apache.catalina.mbeans.MBeanUtils;0;0;1;0.9167;85;6;3;1;0;1.0000;706;52;4
org.apache.catalina.core.AsyncContextImpl.doInternalDispatch();org.apache.catalina.core.AsyncListenerWrapper;0;1;7;0.8333;283;23;12;2;0;0.8333;15;3;1
org.apache.catalina.tribes.group.interceptors.NonBlockingCoordinator.CoordinationEvent.toString();org.apache.catalina.tribes.util.Arrays;0;0;7;0.4167;59;2;20;1;0;1.0000;157;24;1
org.apache.catalina.tribes.membership.MemberImpl.isSuspect();org.apache.catalina.tribes.transport.SenderState;0;0;0;1.0000;300;29;19;2;0;0.8750;45;9;5
org.apache.catalina.authenticator.BasicAuthenticator.authenticate(Request, HttpServletResponse, LoginConfig);org.apache.catalina.Realm;5;0;1;1.0000;57;2;2;1;0;0.9750;14;14;0
org.apache.catalina.tribes.group.ChannelCoordinator.internalStart(int);org.apache.catalina.tribes.Channel;3;0;4;0.8750;164;15;5;0;5;1.0000;15;15;13
org.apache.catalina.connector.Request.parseParts();org.apache.coyote.Request;0;0;0;0;0;0;0;0;0;0;0;0;0
org.apache.catalina.util.LifecycleBase.start();org.apache.juli.logging.Log;2;4;4;0.6471;88;11;4;4;0;0.8400;18;18;0
org.apache.coyote.http11.Http11Processor.action(ActionCode, Object);org.apache.tomcat.util.res.StringManager;9;1;7;0.8889;731;12;7;1;0;0.9821;52;3;3
org.apache.jasper.compiler.Generator.FragmentHelperClass.generatePreamble();org.apache.jasper.compiler.ServletWriter;1;0;2;0.8571;132;6;4;4;0;0.7895;54;12;6
org.apache.catalina.startup.HostConfig.check();org.apache.catalina.Host;0;3;2;0.8980;793;36;16;1;0;0.9643;22;22;2
org.apache.jasper.servlet.JspServletWrapper.getDependants();org.apache.jasper.runtime.JspSourceDependent;0;1;4;0.8276;314;11;15;1;0;0.8571;1;1;0
org.apache.catalina.mbeans.ServerLifecycleListener.createMBeans(Server);org.apache.catalina.Server;0;2;1;0.9459;563;31;2;2;0;0.9048;15;15;0
org.apache.catalina.connector.RequestFacade.getUserPrincipal();org.apache.catalina.connector.Request;0;0;2;0.9859;450;69;2;1;0;0.9943;1203;127;53
org.apache.tomcat.util.bcel.classfile.Synthetic.toString();org.apache.tomcat.util.bcel.classfile.Utility;0;0;1;0.8333;34;3;1;1;0;1.0000;428;19;5
org.apache.catalina.ha.session.DeltaManager.sendSessions(Member, Session[], long);org.apache.catalina.ha.CatalinaCluster;2;1;5;0.9506;822;41;40;1;0;0.9643;20;20;1
org.apache.catalina.core.NamingContextListener.addResourceEnvRef(ContextResourceEnvRef);org.apache.juli.logging.Log;2;0;4;0.9474;745;23;11;3;0;0.8750;18;18;0
org.apache.catalina.connector.Request.parseLocalesHeader(String);org.apache.catalina.util.StringParser;0;2;1;0.9888;1203;127;53;6;0;0.7391;70;15;4
org.apache.jasper.compiler.Validator.ValidateVisitor.visit(Node.JspOutput);org.apache.jasper.compiler.PageInfo;2;0;3;0.9592;735;37;19;0;4;0.9518;341;30;46
org.apache.catalina.ha.session.BackupManager.startInternal();org.apache.catalina.tribes.tipis.AbstractReplicatedMap;1;2;4;0.8710;135;20;7;0;1;0.9865;741;50;17
org.apache.jasper.compiler.Parser.parseAttributeValue(String);org.apache.jasper.compiler.JspReader;1;0;3;0.9571;1185;55;13;3;0;0.9268;304;23;9
org.apache.jasper.compiler.TagFileProcessor.TagFileDirectiveVisitor.getTagInfo();org.apache.jasper.compiler.JspUtil;0;0;13;0.4583;204;8;24;1;0;1.0000;608;37;6
org.apache.catalina.core.StandardContext.setLoginConfig(LoginConfig);org.apache.juli.logging.Log;1;1;2;0.9939;2421;209;114;2;0;0.9231;18;18;0
org.apache.catalina.mbeans.MBeanUtils.createObjectName(String, ContextEnvironment);org.apache.catalina.Context;1;0;0;1.0000;706;52;4;1;0;0.9931;139;139;1
org.apache.jasper.compiler.Parser.parseDirective(Node);org.apache.jasper.compiler.ErrorDispatcher;0;6;5;0.8382;1185;55;13;2;0;0.9429;158;22;2
org.apache.tomcat.util.http.fileupload.FileCleaningTracker.Reaper.run();org.apache.tomcat.util.http.fileupload.FileCleaningTracker.Tracker;1;0;0;1.0000;21;1;0;1;0;0.8571;8;1;2
org.apache.coyote.Request.action(ActionCode, Object);org.apache.coyote.Response;1;0;2;0.9630;221;18;34;0;1;0.9750;250;19;18
org.apache.coyote.http11.Http11AprProtocol.setSSLCertificateKeyFile(String);org.apache.tomcat.util.net.AprEndpoint;1;0;1;0.9901;387;76;26;0;1;0.9808;471;17;35
org.apache.catalina.ha.session.BackupManager.getMapName();org.apache.catalina.ha.CatalinaCluster;0;0;3;0.9286;135;20;7;1;0;0.9600;20;20;1
org.apache.catalina.tribes.transport.nio.NioReceiver.createRxTask();org.apache.catalina.tribes.transport.nio.NioReplicationTask;2;0;0;1.0000;269;15;8;0;1;0.9412;197;7;5
org.apache.catalina.core.ApplicationHttpRequest.isRequestedSessionIdValid();org.apache.catalina.Manager;0;0;2;0.9565;327;29;17;1;0;0.9744;35;35;0
org.apache.jasper.compiler.Validator.ValidateVisitor.checkXmlAttributes(Node.CustomTag, Node.JspAttribute[], Hashtable<String,Object>);org.apache.jasper.compiler.Node.CustomTag;8;1;4;0.9344;735;37;19;0;2;0.9672;218;9;26
org.apache.catalina.ha.session.JvmRouteSessionIDBinderListener.stop();org.apache.catalina.ha.CatalinaCluster;0;0;1;0.9167;54;5;3;1;0;0.9615;20;20;1
org.apache.catalina.connector.RequestFacade.getMethod();org.apache.tomcat.util.res.StringManager;0;0;2;0.9859;450;69;2;1;0;0.8571;52;3;3
org.apache.el.parser.ELParser.jj_consume_token(int);org.apache.el.parser.ELParserTokenManager;1;1;7;0.9420;2270;112;22;1;0;0.9821;994;32;25
org.apache.catalina.connector.Request.getLocalName();org.apache.tomcat.util.buf.MessageBytes;2;0;2;0.9886;1203;127;53;1;0;0.9778;380;30;16
org.apache.catalina.valves.AccessLogValve.RequestAttributeElement.addElement(StringBuilder, Date, Request, Response, long);org.apache.catalina.connector.Request;0;0;1;0.5000;23;1;1;1;0;0.9943;1203;127;53
org.apache.catalina.startup.Catalina.createStopDigester();org.apache.tomcat.util.digester.Digester;0;0;0;1.0000;316;16;7;3;0;0.9774;849;103;29
org.apache.tomcat.util.http.mapper.Mapper.internalMapExactWrapper(Wrapper[], CharChunk, MappingData);org.apache.tomcat.util.buf.CharChunk;1;1;0;1.0000;837;39;5;1;0;0.9815;393;39;8
org.apache.catalina.mbeans.MemoryUserDatabaseMBean.findUser(String);org.apache.catalina.mbeans.MBeanUtils;0;0;1;0.9524;168;12;6;1;0;1.0000;706;52;4
org.apache.catalina.core.AprLifecycleListener.lifecycleEvent(LifecycleEvent);org.apache.tomcat.util.res.StringManager;1;3;3;1.0000;111;7;14;1;0;0.8571;52;3;3
org.apache.catalina.core.StandardServer.storeContext(Context);org.apache.juli.logging.Log;0;0;2;0.9783;309;29;19;1;0;0.9474;18;18;0
org.apache.catalina.tribes.transport.nio.PooledParallelSender.sendMessage(Member[], ChannelMessage);org.apache.catalina.tribes.transport.nio.ParallelNioSender;0;1;1;0.8182;44;4;1;3;0;0.8571;246;12;4
org.apache.catalina.tribes.transport.bio.MultipointBioSender.sendMessage(Member[], ChannelMessage);org.apache.catalina.tribes.ChannelMessage;1;1;0;0.9286;93;9;2;1;0;0.9286;11;11;0
org.apache.catalina.startup.ContextConfig.getContextWebXmlSource();org.apache.tomcat.util.res.StringManager;4;0;3;0.9796;1103;37;18;1;0;0.9000;52;3;3
org.apache.catalina.servlets.WebdavServlet.doUnlock(HttpServletRequest, HttpServletResponse);org.apache.catalina.servlets.WebdavStatus;1;2;3;0.8611;1461;29;24;0;3;1.0000;12;2;27
org.apache.catalina.connector.Response.setCoyoteResponse(org.apache.coyote.Response);org.apache.catalina.connector.OutputBuffer;1;0;2;0.9773;596;70;20;0;1;0.9762;207;25;15
org.apache.catalina.core.ApplicationDispatcher.invoke(ServletRequest, ServletResponse, State);org.apache.catalina.Loader;3;3;4;0.8462;421;14;11;1;0;0.9722;14;14;0
org.apache.catalina.realm.CombinedRealm.authenticate(String, String, String, String, String, String, String, String);org.apache.catalina.Realm;1;0;2;0.9375;151;12;2;2;0;0.8824;14;14;0
org.apache.catalina.startup.Catalina.stopServer(String[]);org.apache.tomcat.util.digester.Digester;3;2;1;0.9333;316;16;7;2;1;0.9789;849;103;29
org.apache.jasper.compiler.PageDataImpl.SecondPassVisitor.appendPageDirective(Node.PageDirective);org.apache.jasper.compiler.JspUtil;3;0;3;0.9400;307;41;6;1;0;1.0000;608;37;6
org.apache.catalina.ha.tcp.SimpleTcpCluster.memberAdded(Member);org.apache.catalina.tribes.Channel;0;0;5;0.9688;368;43;29;1;0;0.9524;15;15;13
org.apache.catalina.connector.Response.containsHeader(String);org.apache.coyote.Response;1;0;1;0.9889;596;70;20;2;1;0.9211;250;19;18
org.apache.catalina.session.StandardManager.doUnload();org.apache.juli.logging.Log;1;1;2;0.8929;304;16;7;3;0;0.8846;18;18;0
org.apache.coyote.http11.filters.SavedRequestInputFilter.doRead(ByteChunk, org.apache.coyote.Request);org.apache.tomcat.util.buf.ByteChunk;1;0;1;0.9231;34;7;1;2;4;0.8750;425;43;10
org.apache.catalina.tribes.transport.nio.NioReplicationTask.drainChannel(SelectionKey, ObjectReader);org.apache.catalina.tribes.transport.Constants;4;3;2;0.8667;197;7;5;0;2;1.0000;0;0;5
org.apache.jasper.compiler.Parser.parseSetProperty(Node);org.apache.jasper.compiler.JspReader;0;2;2;0.9375;1185;55;13;1;0;0.9737;304;23;9
org.apache.coyote.http11.Http11AprProtocol.Http11ConnectionHandler.unregister(Http11AprProcessor);org.apache.tomcat.util.modeler.Registry;4;0;1;0.9444;119;5;5;2;0;0.9792;433;33;10
org.apache.el.parser.ParseException.initialise(Token, int[][], String[]);org.apache.el.parser.Token;1;1;0;1.0000;97;2;5;0;5;0.5833;24;3;9
org.apache.catalina.core.ApplicationDispatcher.doInclude(ServletRequest, ServletResponse, DispatcherType);org.apache.catalina.Globals;3;5;6;0.6071;421;14;11;0;7;1.0000;0;0;39
org.apache.catalina.session.ManagerBase.setRandomFile(String);org.apache.juli.logging.Log;1;0;3;0.9663;518;58;32;4;0;0.8095;18;18;0
org.apache.jasper.compiler.ScriptingVariabler.ScriptingVariableVisitor.setScriptingVars(Node.CustomTag, int);org.apache.jasper.compiler.Node.CustomTag;2;0;2;0.8182;60;2;2;2;4;0.8571;218;9;26
org.apache.jasper.compiler.Validator.ValidateVisitor.visit(Node.TaglibDirective);org.apache.jasper.compiler.Node;0;0;2;0.9767;735;37;19;1;0;0.9643;163;7;15
org.apache.naming.ContextBindings.unbindClassLoader(Object, Object, ClassLoader);org.apache.naming.ContextAccessController;0;0;2;1.0000;112;21;6;1;0;1.0000;25;6;2
org.apache.tomcat.util.http.Cookies.processCookieHeader(byte, int, int);org.apache.tomcat.util.buf.MessageBytes;4;3;1;0.9474;247;12;6;2;1;0.9375;380;30;16
org.apache.catalina.connector.InputBuffer.read(byte[], int, int);org.apache.tomcat.util.res.StringManager;1;0;3;0.9429;210;19;17;1;0;0.8571;52;3;3
org.apache.catalina.mbeans.ServerLifecycleListener.destroyMBeans(Context);org.apache.juli.logging.Log;0;1;1;0.9750;563;31;2;2;0;0.9231;18;18;0
org.apache.naming.NamingContext.destroySubcontext(Name);org.apache.naming.NamingEntry;2;1;2;0.9487;282;32;6;0;3;0.7778;16;2;7
org.apache.coyote.http11.Http11AprProcessor.action(ActionCode, Object);org.apache.tomcat.jni.Address;10;1;19;0.7978;954;28;36;4;0;1.0000;8;8;1
org.apache.catalina.deploy.WebXml.addServiceRef(ContextService);org.apache.catalina.deploy.ResourceBase;0;0;1;0.9861;1536;45;42;1;0;0.9375;43;9;7
org.apache.catalina.core.ApplicationHttpRequest.getRequestDispatcher(String);org.apache.catalina.Globals;1;3;1;0.9091;327;29;17;0;1;1.0000;0;0;39
org.apache.catalina.core.ApplicationFilterRegistration.getServletNameMappings();org.apache.catalina.deploy.FilterDef;0;0;2;0.8824;110;11;3;1;0;0.9565;66;9;10
org.apache.catalina.realm.JNDIRealm.getUserBySearch(DirContext, String, String[]);org.apache.juli.logging.Log;0;3;6;0.8831;742;44;32;4;0;0.8571;18;18;0
org.apache.jasper.compiler.Collector.CollectVisitor.visit(Node.UseBean);org.apache.jasper.compiler.Node.UseBean;2;0;2;0.9130;114;15;6;0;1;0.8750;15;1;1
org.apache.catalina.startup.ContextConfig.checkHandlesTypes(JavaClass);org.apache.catalina.Container;0;0;0;0;0;0;0;0;0;0;0;0;0
org.apache.tomcat.util.http.MimeHeaders.getValue(int);org.apache.tomcat.util.http.MimeHeaderField;1;0;2;0.9048;129;18;3;0;1;0.8750;13;1;4
org.apache.catalina.manager.util.SessionUtils.getInactiveTimeForSession(Session);org.apache.catalina.Session;0;0;0;1.0000;158;6;5;1;0;0.9688;32;32;4
org.apache.catalina.connector.CoyoteAdapter.postParseRequest(org.apache.coyote.Request, Request, org.apache.coyote.Response, Response);org.apache.tomcat.util.buf.MessageBytes;11;4;2;0.9583;620;12;9;9;4;0.8723;380;30;16
org.apache.coyote.ajp.AjpProtocol.setSoLinger(int);org.apache.tomcat.util.net.AbstractEndpoint;0;0;1;0.9787;201;32;16;1;0;0.9859;397;29;69
org.apache.catalina.filters.RequestFilter.sendErrorWhenNotHttp(ServletResponse);org.apache.tomcat.util.res.StringManager;0;0;1;1.0000;82;10;5;1;0;0.8000;52;3;3
org.apache.catalina.core.StandardContextValve.event(Request, Response, CometEvent);org.apache.catalina.connector.Request;0;0;0;1.0000;97;5;3;1;0;0.9944;1203;127;53
org.apache.catalina.connector.Response.recycle();org.apache.catalina.connector.Connector;2;0;11;0.8804;596;70;20;0;1;1.0000;405;53;33
org.apache.tomcat.util.buf.UDecoder.convert(ByteChunk, boolean);org.apache.tomcat.util.buf.ByteChunk;1;2;1;1.0000;152;11;1;1;2;0.9362;425;43;10
org.apache.catalina.ha.deploy.FarmWarDeployer.remove(String);org.apache.juli.logging.Log;0;5;3;0.8511;376;28;17;2;0;0.9259;18;18;0
org.apache.tomcat.util.bcel.classfile.PMGClass.getPMGName();org.apache.tomcat.util.bcel.classfile.ConstantPool;2;0;1;0.9091;27;5;2;1;0;0.9167;130;7;2
org.apache.catalina.connector.CoyoteOutputStream.close();org.apache.catalina.connector.OutputBuffer;0;0;1;0.8750;24;7;1;1;0;0.9756;207;25;15
org.apache.catalina.tribes.transport.nio.NioReceiver.readDataFromSocket(SelectionKey);org.apache.catalina.tribes.transport.RxTaskPool;0;0;1;1.0000;269;15;8;1;0;0.9444;89;5;7
org.apache.coyote.http11.InternalAprInputBuffer.fill();org.apache.tomcat.jni.Status;1;0;8;0.7500;358;13;15;0;3;1.0000;160;54;59
org.apache.catalina.mbeans.MBeanFactory.createStandardServiceEngine(String, String, String);org.apache.catalina.util.LifecycleMBeanBase;0;0;0;0;0;0;0;0;0;0;0;0;0
org.apache.catalina.tribes.io.ChannelData.clone();org.apache.catalina.tribes.io.XByteBuffer;1;0;5;0.7059;165;14;7;0;1;0.9655;317;36;7
org.apache.tomcat.util.net.jsse.JSSEImplementation.getSSLSupport(Socket);org.apache.tomcat.util.net.jsse.JSSEFactory;0;0;1;0.8333;19;4;3;1;0;0.7500;9;3;0
org.apache.catalina.filters.CsrfPreventionFilter.CsrfResponseWrapper.addNonce(String);org.apache.catalina.filters.Constants;0;0;0;0;0;0;0;0;0;0;0;0;0
org.apache.jasper.runtime.PageContextImpl.setAttribute(String, Object, int);org.apache.jasper.compiler.Localizer;0;1;0;0.9811;634;40;16;1;0;1.0000;34;6;1
org.apache.catalina.ha.session.DeltaManager.handleCHANGE_SESSION_ID(SessionMessage, Member);org.apache.catalina.ha.session.DeltaSession;0;0;0;0;0;0;0;0;0;0;0;0;0
org.apache.catalina.ha.tcp.SimpleTcpCluster.registerClusterValve();org.apache.catalina.ha.ClusterValve;1;1;3;0.9516;368;43;29;1;0;0.8571;2;2;0
org.apache.catalina.realm.JDBCRealm.authenticate(String, String);org.apache.juli.logging.Log;0;3;1;0.8571;280;13;15;1;0;0.9583;18;18;0
org.apache.catalina.tribes.transport.nio.NioReplicationTask.drainChannel(SelectionKey, ObjectReader);org.apache.juli.logging.Log;4;3;2;0.8667;197;7;5;4;0;0.8919;18;18;0
org.apache.coyote.http11.Http11Processor.endRequest();org.apache.coyote.http11.AbstractInputBuffer;1;0;3;0.9200;731;12;7;1;0;0.9677;81;10;14
org.apache.catalina.connector.CoyoteInputStream.read();org.apache.catalina.security.SecurityUtil;0;0;1;0.8889;141;8;1;1;0;1.0000;146;11;17
org.apache.catalina.deploy.NamingResources.addEjb(ContextEjb);org.apache.catalina.deploy.ResourceBase;1;0;3;0.9412;342;36;13;2;1;0.8333;43;9;7
org.apache.catalina.users.MemoryUserDatabase.createUser(String, String, String);org.apache.catalina.users.AbstractUser;0;0;1;0.9688;252;22;10;1;0;0.9444;31;14;3
org.apache.tomcat.util.modeler.ManagedBean.getSetter(String, BaseModelMBean, Object);org.apache.tomcat.util.modeler.FeatureInfo;0;0;1;0.9714;252;23;13;1;0;0.8889;18;3;5
org.apache.coyote.http11.AbstractHttp11Protocol.setAttribute(String, Object);org.apache.juli.logging.Log;1;1;2;0.9820;382;89;22;2;0;0.9000;18;18;0
org.apache.catalina.startup.ContextConfig.contextConfig();org.apache.catalina.core.StandardContext;2;5;2;0.8511;1103;37;18;0;1;0.9970;2421;209;114
org.apache.catalina.connector.RequestFacade.GetHeadersPrivilegedAction.run();org.apache.catalina.connector.Request;1;0;1;0.6667;6;1;1;1;0;0.9943;1203;127;53
org.apache.catalina.core.StandardService.addExecutor(Executor);org.apache.juli.logging.Log;0;0;2;0.9756;289;26;16;1;0;0.9524;18;18;0
org.apache.catalina.users.MemoryUserDatabase.createGroup(String, String);org.apache.catalina.users.AbstractGroup;0;0;1;0.9688;252;22;10;1;0;0.9231;22;10;2
org.apache.catalina.connector.MapperListener.containerEvent(ContainerEvent);org.apache.catalina.Container;1;0;1;0.9474;300;10;6;0;0;1.0000;35;35;6
org.apache.jasper.compiler.Generator.GenerateVisitor.generateSetters(Node.CustomTag, String, TagHandlerInfo, boolean);org.apache.jasper.compiler.Generator.TagHandlerInfo;5;0;4;0.9459;1736;44;16;1;0;0.9583;27;2;3
org.apache.jasper.compiler.Generator.GenerateVisitor.visit(Node.UseBean);org.apache.jasper.compiler.JspUtil;7;0;1;0.9875;1736;44;16;1;0;1.0000;608;37;6
org.apache.catalina.connector.CoyoteAdapter.postParseRequest(org.apache.coyote.Request, Request, org.apache.coyote.Response, Response);org.apache.coyote.Request;11;4;2;0.9583;620;12;9;0;10;0.9074;221;18;34
org.apache.jasper.compiler.Validator.ValidateVisitor.visit(Node.Declaration);org.apache.jasper.compiler.ErrorDispatcher;1;0;2;0.9545;735;37;19;1;0;0.9600;158;22;2
org.apache.jasper.compiler.DeclarationVisitor.visit(Node.PageDirective);org.apache.jasper.compiler.Generator;2;0;0;1.0000;36;3;1;1;1;0.9783;782;28;18
org.apache.jasper.compiler.JspDocumentParser.parse(ParserController, String, JarFile, Node, boolean, boolean, String, String, boolean, boolean);org.apache.jasper.compiler.PageInfo;4;2;6;0.8654;663;28;20;0;2;0.9780;341;30;46
org.apache.tomcat.util.http.fileupload.MultipartStream.readBodyData(OutputStream);org.apache.tomcat.util.http.fileupload.Streams;0;1;0;0.9524;166;11;19;1;0;1.0000;62;4;1
org.apache.coyote.http11.Http11AprProtocol.pause();org.apache.tomcat.util.res.StringManager;1;1;3;0.9810;387;76;26;1;0;0.9091;52;3;3
org.apache.jasper.compiler.JspDocumentParser.endElement(String, String, String);org.apache.jasper.compiler.Node;4;2;6;0.8654;663;28;20;0;3;0.9250;163;7;15
org.apache.coyote.http11.InternalNioOutputBuffer.flushBuffer();org.apache.tomcat.util.net.NioEndpoint.Poller;2;1;1;0.9048;117;9;5;0;1;0.9655;396;15;6
org.apache.tomcat.util.bcel.classfile.Method.toString();org.apache.tomcat.util.bcel.classfile.ConstantPool;2;2;0;0.8824;60;6;1;1;0;0.9500;130;7;2
org.apache.catalina.connector.Response.sendRedirect(String);org.apache.tomcat.util.res.StringManager;0;6;2;0.9205;596;70;20;1;0;0.9167;52;3;3
org.apache.coyote.http11.Http11NioProtocol.Http11ConnectionHandler.process(NioChannel);org.apache.tomcat.util.net.NioEndpoint.KeyAttachment;9;2;3;0.8438;177;8;6;0;1;0.9783;121;13;8
org.apache.catalina.connector.Request.getPathInfo();org.apache.tomcat.util.http.mapper.MappingData;1;0;1;0.9943;1203;127;53;0;1;0.9167;11;1;9
org.apache.catalina.connector.Request.setServerName(String);org.apache.tomcat.util.buf.MessageBytes;1;0;1;0.9943;1203;127;53;1;0;0.9767;380;30;16
org.apache.catalina.ha.authenticator.ClusterSingleSignOnListener.getSession(String, String);org.apache.juli.logging.Log;1;0;1;0.9167;82;4;2;4;0;0.8182;18;18;0
org.apache.catalina.connector.Request.recycle();org.apache.tomcat.util.http.mapper.MappingData;3;0;38;0.7923;1203;127;53;1;0;0.9825;11;1;9
org.apache.catalina.valves.CometConnectionManagerValve.lifecycleEvent(LifecycleEvent);org.apache.catalina.Container;3;0;3;0.9200;136;8;4;1;0;0.9804;35;35;6
org.apache.coyote.http11.Http11NioProtocol.Http11ConnectionHandler.event(NioChannel, SocketStatus);org.apache.tomcat.util.net.AbstractEndpoint.Handler;7;0;2;0.9286;177;8;6;0;1;0.9444;0;0;1
org.apache.catalina.manager.HTMLManagerServlet.getSessionsForPath(String);org.apache.catalina.Manager;1;0;0;1.0000;686;26;19;1;0;0.9737;35;35;0
org.apache.catalina.mbeans.MBeanFactory.createUserDatabaseRealm(String, String);org.apache.catalina.realm.UserDatabaseRealm;2;1;0;0.9714;401;31;3;0;1;0.9167;92;6;4
org.apache.coyote.RequestGroupInfo.setErrorCount(int);org.apache.coyote.RequestInfo;1;0;2;0.9091;112;15;7;0;1;0.9655;134;13;14
org.apache.catalina.core.ApplicationFilterConfig.setFilterDef(FilterDef);org.apache.catalina.Globals;2;1;3;0.8400;175;15;8;0;1;1.0000;0;0;39
org.apache.jasper.compiler.JspDocumentParser.startElement(String, String, String, Attributes);org.apache.jasper.compiler.PageInfo;6;5;11;0.6667;663;28;20;1;0;0.9894;341;30;46
org.apache.catalina.core.ApplicationFilterRegistration.addMappingForServletNames(EnumSet<DispatcherType>, boolean, String);org.apache.catalina.Context;1;0;2;0.8947;110;11;3;2;0;0.9862;139;139;1
org.apache.tomcat.util.digester.Digester.getRuleNamespaceURI();org.apache.tomcat.util.digester.Rules;0;1;0;0.9925;849;103;29;1;0;0.8889;8;8;0
org.apache.catalina.startup.ContextConfig.configureStart();org.apache.tomcat.util.res.StringManager;1;5;4;0.8833;1103;37;18;1;0;0.9630;52;3;3
org.apache.naming.factory.EjbFactory.getObjectInstance(Object, Name, Context, Hashtable<?,?>);org.apache.naming.EjbRef;2;0;0;1.0000;67;1;0;0;1;1.0000;34;1;4
org.apache.el.parser.ELParser.getToken(int);org.apache.el.parser.ELParserTokenManager;1;0;2;0.9851;2270;112;22;1;0;0.9783;994;32;25
org.apache.catalina.manager.ManagerServlet.doGet(HttpServletRequest, HttpServletResponse);org.apache.catalina.manager.Constants;2;13;1;0.7111;924;35;13;0;1;1.0000;0;0;11
org.apache.catalina.authenticator.FormAuthenticator.forwardToLoginPage(Request, HttpServletResponse, LoginConfig);org.apache.tomcat.util.res.StringManager;1;0;1;1.0000;236;8;3;1;0;0.9091;52;3;3
org.apache.jasper.runtime.JspContextWrapper.getAttribute(String);org.apache.jasper.compiler.Localizer;0;0;1;0.9778;257;38;7;1;0;1.0000;34;6;1
org.apache.jasper.compiler.Generator.GenerateVisitor.saveScriptingVars(Node.CustomTag, int);org.apache.jasper.compiler.Node.CustomTag;1;0;2;0.9701;1736;44;16;2;3;0.8864;218;9;26
org.apache.catalina.core.ContainerBase.ContainerBackgroundProcessor.run();org.apache.catalina.Container;1;1;0;0.8333;37;2;0;1;0;0.9750;35;35;6
org.apache.jasper.compiler.TagLibraryInfoImpl.createValidator(TreeNode);org.apache.jasper.JspCompilationContext;0;1;3;0.8519;528;14;6;1;0;0.9859;426;31;31
org.apache.catalina.core.ContainerBase.getResources();org.apache.catalina.Container;0;0;2;0.9744;555;53;27;1;0;0.9730;35;35;6
org.apache.catalina.core.StandardContext.setLoginConfig(LoginConfig);org.apache.tomcat.util.res.StringManager;1;1;2;0.9939;2421;209;114;1;0;0.9286;52;3;3
org.apache.coyote.http11.AbstractHttp11Protocol.getName();org.apache.tomcat.util.net.AbstractEndpoint;1;1;1;0.9818;382;89;22;0;1;0.9861;397;29;69
org.apache.catalina.ha.tcp.SimpleTcpCluster.registerClusterValve();org.apache.juli.logging.Log;1;1;3;0.9516;368;43;29;2;0;0.9091;18;18;0
org.apache.catalina.manager.ManagerServlet.findleaks(PrintWriter);org.apache.catalina.core.StandardHost;0;0;2;0.9783;924;35;13;1;0;0.9821;308;36;19
org.apache.catalina.ha.context.ReplicatedContext.startInternal();org.apache.catalina.tribes.tipis.AbstractReplicatedMap;2;1;3;0.8824;60;5;3;0;1;0.9872;741;50;17
org.apache.catalina.ha.session.SimpleTcpReplicationManager.requestCompleted(String);org.apache.juli.logging.Log;2;1;5;0.8750;356;17;15;4;0;0.8571;18;18;0
org.apache.catalina.connector.RequestFacade.removeAttribute(String);org.apache.catalina.connector.Request;0;0;2;0.9859;450;69;2;1;0;0.9943;1203;127;53
org.apache.catalina.core.StandardWrapper.loadServlet();org.apache.catalina.ContainerServlet;3;4;11;0.8824;748;76;36;1;0;0.9643;2;2;0
org.apache.coyote.http11.InternalInputBuffer.parseRequestLine(boolean);org.apache.coyote.Request;2;1;0;0.9444;240;5;0;0;5;0.9180;221;18;34
org.apache.coyote.RequestGroupInfo.removeRequestProcessor(RequestInfo);org.apache.coyote.RequestInfo;1;0;7;0.7407;112;15;7;0;6;0.8235;134;13;14
org.apache.coyote.ajp.AjpProcessor.prepareResponse();org.apache.coyote.Response;5;0;4;0.9344;659;13;32;1;6;0.8727;250;19;18
org.apache.tomcat.util.net.jsse.JSSESocketFactory.getTrustManagers(String, String, String);org.apache.tomcat.util.net.AbstractEndpoint;1;2;0;0.9286;440;20;17;0;1;1.0000;397;29;69
org.apache.coyote.RequestInfo.getCurrentQueryString();org.apache.tomcat.util.buf.MessageBytes;1;0;1;0.9643;134;13;14;1;0;0.9767;380;30;16
org.apache.tomcat.util.modeler.BaseModelMBean.sendAttributeChangeNotification(AttributeChangeNotification);org.apache.juli.logging.Log;0;0;2;0.9722;284;28;9;2;0;0.9000;18;18;0
org.apache.catalina.startup.WebAnnotationSet.loadApplicationFilterAnnotations(Context);org.apache.catalina.deploy.FilterDef;0;1;0;1.0000;125;6;0;1;0;0.9474;66;9;10
org.apache.tomcat.util.net.NioEndpoint.Poller.reg(SelectionKey, KeyAttachment, int);org.apache.tomcat.util.net.NioEndpoint.KeyAttachment;1;0;0;1.0000;396;15;6;1;1;0.9091;121;13;8
org.apache.catalina.tribes.group.GroupChannel.send(Member[], Serializable, int, ErrorHandler);org.apache.catalina.tribes.io.ChannelData;5;1;0;0.9783;268;24;9;0;5;0.8148;165;14;7
org.apache.naming.NamingContext.lookup(Name, boolean);org.apache.naming.NamingEntry;2;1;5;0.9000;282;32;6;0;6;0.8333;16;2;7
org.apache.catalina.ha.authenticator.ClusterSingleSignOn.removeSession(String, Session);org.apache.catalina.ha.authenticator.SingleSignOnMessage;1;1;2;0.8889;142;15;4;0;3;0.9167;76;2;16
org.apache.catalina.ha.session.SimpleTcpReplicationManager.writeSession(Session);org.apache.catalina.Session;0;0;1;1.0000;356;17;15;1;0;0.9706;32;32;4
org.apache.catalina.session.StandardSession.getAttributeNames();org.apache.tomcat.util.res.StringManager;0;1;2;0.9737;585;58;24;1;0;0.8571;52;3;3
org.apache.tomcat.util.bcel.classfile.InnerClasses.dump(DataOutputStream);org.apache.tomcat.util.bcel.classfile.InnerClass;0;0;2;0.7778;39;4;2;1;0;0.9231;47;4;4
org.apache.coyote.ajp.AjpProcessor.recycle();org.apache.coyote.Response;0;0;9;0.7907;659;13;32;1;0;0.9792;250;19;18
org.apache.tomcat.util.digester.Digester.error(SAXParseException);org.apache.juli.logging.Log;3;0;2;0.9850;849;103;29;1;0;0.9500;18;18;0
org.apache.tomcat.util.http.fileupload.MultipartStream.ItemInputStream.makeAvailable();org.apache.tomcat.util.http.fileupload.MultipartStream;1;2;3;0.7368;127;8;5;0;6;0.7857;166;11;19
org.apache.tomcat.util.net.NioEndpoint.Poller.processKey(SelectionKey, KeyAttachment);org.apache.tomcat.util.net.SocketWrapper;2;4;1;0.8214;396;15;6;1;0;0.9583;60;2;11
org.apache.catalina.mbeans.MBeanUtils.createObjectName(String, ContextResourceLink);org.apache.catalina.deploy.ResourceBase;1;0;0;1.0000;706;52;4;2;0;0.8947;43;9;7
org.apache.jasper.compiler.TagPluginManager.TagPluginContextImpl.generateDeclaration(String, String);org.apache.jasper.compiler.Node;1;0;3;0.8636;72;15;4;0;1;0.9677;163;7;15
org.apache.catalina.connector.Response.getContext();org.apache.catalina.connector.Request;0;0;1;0.9886;596;70;20;1;0;0.9943;1203;127;53
org.apache.coyote.http11.Http11NioProcessor.process(NioChannel);org.apache.coyote.http11.InternalNioOutputBuffer;14;4;8;0.8358;840;14;11;0;2;0.9706;117;9;5
org.apache.coyote.http11.Http11AprProtocol.isSSLEnabled();org.apache.tomcat.util.net.AbstractEndpoint;1;0;1;0.9901;387;76;26;0;1;0.9859;397;29;69
org.apache.catalina.loader.VirtualWebappLoader.startInternal();org.apache.juli.logging.Log;0;0;1;0.8000;20;1;1;0;0;1.0000;18;18;0
org.apache.catalina.core.StandardContext.addParameter(String, String);org.apache.tomcat.util.res.StringManager;1;0;1;0.9969;2421;209;114;1;0;0.8571;52;3;3
org.apache.catalina.connector.RequestFacade.getServerPort();org.apache.tomcat.util.res.StringManager;0;0;2;0.9859;450;69;2;1;0;0.8571;52;3;3
org.apache.catalina.tribes.membership.McastService.broadcast(ChannelMessage);org.apache.catalina.tribes.membership.McastServiceImpl;2;0;1;0.9846;353;55;13;1;2;0.9500;309;12;28
org.apache.catalina.startup.TldConfig.tldScanDir(File);org.apache.catalina.startup.XmlErrorHandler;0;0;0;0;0;0;0;0;0;0;0;0;0
org.apache.jasper.compiler.TagFileProcessor.TagFileLoaderVisitor.visit(Node.CustomTag);org.apache.jasper.compiler.Node.CustomTag;2;0;2;0.8182;21;1;2;0;3;0.9348;218;9;26
org.apache.jasper.servlet.JspServlet.init(ServletConfig);org.apache.jasper.Options;0;0;5;0.7222;167;10;5;1;0;0.9730;29;29;0
org.apache.coyote.http11.AbstractHttp11Protocol.getPort();org.apache.tomcat.util.net.AbstractEndpoint;1;0;1;0.9909;382;89;22;0;1;0.9859;397;29;69
org.apache.catalina.core.ApplicationFilterChain.internalDoFilterEvent(CometEvent);org.apache.catalina.comet.CometEvent;1;0;7;0.7647;231;9;13;1;0;0.9375;6;6;2
org.apache.tomcat.util.IntrospectionUtils.convert(String, Class<?>);org.apache.juli.logging.Log;0;0;1;1.0000;595;31;4;2;0;0.8889;18;18;0
org.apache.coyote.http11.AbstractOutputBuffer.recycle();org.apache.coyote.http11.OutputFilter;0;0;6;0.8182;200;22;11;1;0;0.9231;6;6;0
org.apache.coyote.http11.Http11Processor.action(ActionCode, Object);org.apache.juli.logging.Log;9;1;7;0.8889;731;12;7;1;0;0.9855;18;18;0
org.apache.coyote.RequestInfo.updateCounters();org.apache.coyote.Response;2;0;9;0.7273;134;13;14;0;2;0.9608;250;19;18
org.apache.coyote.ajp.AjpAprProtocol.setKeepAliveTimeout(int);org.apache.tomcat.util.net.AbstractEndpoint;1;0;1;0.9815;219;40;15;0;1;0.9859;397;29;69
org.apache.tomcat.util.modeler.modules.MbeansDescriptorsDOMSource.execute();org.apache.tomcat.util.modeler.NotificationInfo;2;0;3;0.8889;93;2;6;1;0;0.9524;36;6;3
org.apache.catalina.servlets.DefaultServlet.renderHtml(String, CacheEntry);org.apache.naming.resources.ResourceAttributes;3;3;2;0.9310;1001;37;20;2;0;0.9630;515;30;30
org.apache.jasper.runtime.JspFactoryImpl.internalGetPageContext(Servlet, ServletRequest, ServletResponse, String, boolean, int, boolean);org.apache.juli.logging.Log;0;0;3;0.7778;71;6;5;1;0;0.9524;18;18;0
org.apache.catalina.realm.JNDIRealm.open();org.apache.tomcat.util.res.StringManager;0;1;2;0.9600;742;44;32;1;0;0.9000;52;3;3
org.apache.catalina.connector.ResponseFacade.setContentType(String);org.apache.catalina.connector.Response;0;1;1;0.9512;224;40;2;1;0;0.9889;596;70;20
org.apache.catalina.mbeans.MBeanFactory.removeValve(String);org.apache.catalina.Pipeline;1;1;0;0.9722;401;31;3;2;0;0.8333;9;9;0
org.apache.catalina.servlets.WebdavServlet.copyResource(DirContext, Hashtable<String,Integer>, String, String);org.apache.catalina.servlets.WebdavStatus;1;1;0;1.0000;1461;29;24;0;2;1.0000;12;2;27
org.apache.coyote.http11.Http11AprProtocol.setSSLCipherSuite(String);org.apache.tomcat.util.net.AprEndpoint;1;0;1;0.9901;387;76;26;0;1;0.9808;471;17;35
org.apache.jasper.compiler.SmapUtil.generateSmap(JspCompilationContext, Node.Nodes);org.apache.jasper.compiler.Node.Nodes;3;1;1;1.0000;68;4;1;1;0;0.9500;43;5;3
org.apache.catalina.connector.CoyoteAdapter.convertURI(MessageBytes, Request);org.apache.tomcat.util.buf.B2CConverter;4;0;2;0.9630;620;12;9;1;0;0.9615;36;3;6
org.apache.coyote.http11.Http11Protocol.Http11ConnectionHandler.unregister(Http11Processor);org.apache.coyote.http11.Http11Protocol;4;0;1;0.9444;105;5;5;0;1;1.0000;78;3;5
org.apache.naming.SelectorContext.listBindings(Name);org.apache.juli.logging.Log;1;2;2;0.9429;170;31;7;2;0;0.9000;18;18;0
org.apache.catalina.deploy.NamingResources.addResource(ContextResource);org.apache.catalina.deploy.ResourceBase;1;0;3;0.9412;342;36;13;2;1;0.8333;43;9;7
org.apache.catalina.realm.LockOutRealm.authenticate(String, String, String, String, String, String, String, String);org.apache.juli.logging.Log;1;3;1;0.8000;140;9;6;1;0;0.9545;18;18;0
org.apache.catalina.core.ApplicationDispatcher.doForward(ServletRequest, ServletResponse);org.apache.catalina.connector.ResponseFacade;2;4;7;0.7222;421;14;11;1;0;0.9844;224;40;2
org.apache.tomcat.util.http.Parameters.handleQueryParameters();org.apache.juli.logging.Log;0;1;5;0.8333;245;14;15;2;0;0.9200;18;18;0
org.apache.catalina.core.ContainerBase.getManager();org.apache.catalina.Container;0;0;2;0.9744;555;53;27;1;0;0.9730;35;35;6
org.apache.coyote.memory.MemoryProtocolHandler.process(Request, ByteChunk, Response, ByteChunk);org.apache.coyote.Adapter;2;0;1;0.9231;31;10;1;1;0;0.8333;3;3;0
org.apache.el.parser.AstFunction.getValue(EvaluationContext);org.apache.el.parser.Node;1;1;2;0.7000;73;4;2;1;0;0.9565;17;17;0
org.apache.catalina.tribes.group.ChannelCoordinator.internalStop(int);org.apache.catalina.tribes.MembershipService;2;0;4;0.8462;164;15;5;2;2;0.9167;17;17;2
org.apache.catalina.realm.JAASMemoryLoginModule.commit();org.apache.juli.logging.Log;0;0;4;0.8000;124;6;8;1;0;0.9545;18;18;0
org.apache.coyote.http11.filters.BufferedInputFilter.setLimit(int);org.apache.tomcat.util.buf.ByteChunk;1;0;1;0.9000;49;6;6;0;1;0.9792;425;43;10
org.apache.catalina.realm.JAASMemoryLoginModule.abort();org.apache.juli.logging.Log;0;1;3;0.7857;124;6;8;1;0;0.9524;18;18;0
org.apache.tomcat.util.bcel.classfile.ConstantPool.getConstantString(int, byte);org.apache.tomcat.util.bcel.classfile.ConstantUtf8;4;1;0;0.9091;130;7;2;0;1;0.8571;14;2;1
org.apache.coyote.http11.Http11NioProcessor.process(NioChannel);org.apache.coyote.http11.AbstractOutputBuffer;14;4;8;0.8358;840;14;11;1;0;0.9882;200;22;11
org.apache.coyote.http11.Http11AprProtocol.setSSLCACertificatePath(String);org.apache.tomcat.util.net.AprEndpoint;1;0;1;0.9901;387;76;26;0;1;0.9808;471;17;35
org.apache.catalina.connector.RequestFacade.getRemotePort();org.apache.catalina.connector.Request;0;0;2;0.9859;450;69;2;1;0;0.9943;1203;127;53
org.apache.catalina.mbeans.ServerLifecycleListener.destroyMBeans(NamingResources);org.apache.catalina.deploy.NamingResources;0;3;1;0.9189;563;31;2;4;0;0.9259;342;36;13
org.apache.catalina.mbeans.MBeanFactory.removeContext(String);org.apache.catalina.Container;0;2;2;0.9487;401;31;3;3;0;0.9268;35;35;6
org.apache.tomcat.util.net.JIoEndpoint.destroy();org.apache.juli.logging.Log;0;1;2;0.8889;195;10;6;1;0;0.9565;18;18;0
org.apache.tomcat.util.bcel.classfile.Signature.getSignature();org.apache.tomcat.util.bcel.classfile.ConstantPool;2;0;1;0.8889;22;4;1;1;0;0.9167;130;7;2
org.apache.catalina.core.ContainerBase.setRealm(Realm);org.apache.juli.logging.Log;0;0;3;0.9756;555;53;27;1;0;0.9583;18;18;0
org.apache.coyote.http11.Http11AprProcessor.parseHost(MessageBytes);org.apache.coyote.Adapter;5;0;6;0.9167;954;28;36;0;0;1.0000;3;3;0
org.apache.catalina.session.StandardSession.isNew();org.apache.tomcat.util.res.StringManager;0;1;2;0.9737;585;58;24;1;0;0.8571;52;3;3
org.apache.catalina.authenticator.FormAuthenticator.saveRequest(Request, Session);org.apache.catalina.connector.Request;3;0;0;1.0000;236;8;3;10;0;0.9459;1203;127;53
org.apache.catalina.core.StandardWrapperValve.invoke(Request, Response);org.apache.catalina.core.StandardWrapper;4;1;5;0.8936;352;4;6;8;0;0.9510;748;76;36
org.apache.catalina.ha.deploy.FileMessageFactory.main(String[]);org.apache.catalina.ha.deploy.FileMessage;1;3;0;0.8889;128;6;14;0;1;0.9167;53;2;7
org.apache.catalina.session.PersistentManagerBase.swapIn(String);org.apache.catalina.session.StandardSession;1;1;3;0.9423;421;30;12;2;0;0.9780;585;58;24
org.apache.jasper.JspC.execute();org.apache.juli.logging.LogFactory;0;7;6;0.8588;876;35;84;1;0;1.0000;51;12;6
org.apache.catalina.ha.session.SimpleTcpReplicationManager.requestCompleted(String);org.apache.catalina.ha.session.SessionMessage;2;1;5;0.8750;356;17;15;0;3;1.0000;5;5;7
org.apache.catalina.loader.WebappLoader.stopInternal();org.apache.catalina.Container;1;1;4;0.9516;553;36;17;1;0;0.9796;35;35;6
org.apache.catalina.ha.session.DeltaManager.registerSessionAtReplicationValve(DeltaSession);org.apache.catalina.ha.tcp.ReplicationValve;0;0;3;0.9759;822;41;40;1;0;0.9737;278;16;17
org.apache.jasper.compiler.Parser.parse(ParserController, JspReader, Node, boolean, boolean, JarResource, String, String, boolean, boolean);org.apache.jasper.compiler.PageInfo;4;3;0;0.9595;1185;55;13;0;2;0.9773;341;30;46
org.apache.coyote.ajp.AjpAprProcessor.process(long);org.apache.tomcat.util.net.AprEndpoint;5;4;14;0.7115;623;13;30;1;0;0.9873;471;17;35
org.apache.catalina.ha.session.JvmRouteBinderValve.changeRequestSessionID(Request, String, String);org.apache.juli.logging.Log;1;0;3;0.9474;165;11;7;2;0;0.9048;18;18;0
org.apache.catalina.core.StandardContext.postWorkDirectory();org.apache.catalina.Container;0;5;0;0.9846;2421;209;114;2;0;0.9535;35;35;6
org.apache.coyote.http11.Http11AprProcessor.parseHost(MessageBytes);org.apache.tomcat.util.buf.ByteChunk;5;0;6;0.9167;954;28;36;2;1;0.9500;425;43;10
org.apache.el.lang.ExpressionBuilder.visit(Node);org.apache.el.parser.SimpleNode;2;0;2;0.8462;117;7;4;0;1;0.9655;123;19;4
org.apache.coyote.http11.Http11NioProcessor.event(SocketStatus);org.apache.tomcat.util.res.StringManager;7;1;4;0.9024;840;14;11;1;0;0.9600;52;3;3
org.apache.catalina.startup.SetAuthConstraintRule.begin(String, String, Attributes);org.apache.juli.logging.Log;2;0;0;1.0000;9;1;0;2;0;0.9091;18;18;0
org.apache.catalina.ha.session.DeltaRequest.execute(DeltaSession, boolean);org.apache.juli.logging.Log;0;1;8;0.9143;179;15;15;2;0;0.9412;18;18;0
org.apache.jasper.compiler.Validator.ValidateVisitor.visit(Node.SetProperty);org.apache.jasper.compiler.Node;1;1;2;0.9565;735;37;19;2;0;0.9355;163;7;15
org.apache.catalina.core.StandardContext.getAppBase();org.apache.catalina.Host;0;0;0;1.0000;2421;209;114;1;0;0.9565;22;22;2
org.apache.tomcat.util.http.fileupload.MultipartStream.ItemInputStream.close(boolean);org.apache.tomcat.util.http.fileupload.MultipartStream;1;3;1;0.6923;127;8;5;0;1;0.9615;166;11;19
org.apache.catalina.ha.session.DeltaManager.deserializeSessions(byte[]);org.apache.catalina.ha.session.DeltaSession;3;1;3;0.9783;822;41;40;3;1;0.9355;399;42;7
org.apache.catalina.mbeans.MBeanFactory.createRemoteAddrValve(String);org.apache.catalina.Pipeline;1;1;0;0.9714;401;31;3;1;0;0.9167;9;9;0
org.apache.catalina.startup.Embedded.createLoader(ClassLoader);org.apache.juli.logging.Log;0;0;1;1.0000;368;34;10;2;0;0.8889;18;18;0
org.apache.el.ValueExpressionImpl.getNode();org.apache.el.lang.ExpressionBuilder;0;0;2;0.8889;78;12;5;1;0;1.0000;117;7;4
org.apache.coyote.ajp.AjpProtocol.start();org.apache.tomcat.util.net.JIoEndpoint;1;1;7;0.8889;201;32;16;1;0;0.9643;195;10;6
org.apache.jasper.compiler.JspRuntimeContext.initSecurity();org.apache.jasper.Options;0;0;3;0.8636;187;11;10;1;0;0.9688;29;29;0
org.apache.catalina.connector.CoyoteAdapter.convertURI(MessageBytes, Request);org.apache.juli.logging.Log;4;0;2;0.9630;620;12;9;1;0;0.9714;18;18;0
org.apache.jasper.compiler.Generator.genPreambleMethods();org.apache.jasper.compiler.ServletWriter;0;2;1;0.9268;782;28;18;4;0;0.7895;54;12;6
org.apache.catalina.core.StandardPipeline.removeValve(Valve);org.apache.juli.logging.Log;1;1;4;0.8519;233;15;5;1;0;0.9643;18;18;0
org.apache.catalina.tribes.group.interceptors.ThroughputInterceptor.messageReceived(ChannelMessage);org.apache.catalina.tribes.io.ChannelData;0;1;5;0.6471;88;3;14;1;0;0.9583;165;14;7
org.apache.catalina.valves.JDBCAccessLogValve.log(Request, Response, long);org.apache.catalina.connector.Response;0;0;0;0;0;0;0;0;0;0;0;0;0
org.apache.catalina.mbeans.NamingResourcesMBean.addResource(String, String);org.apache.tomcat.util.modeler.ManagedBean;1;0;1;0.9444;138;9;2;1;0;0.9756;252;23;13
org.apache.catalina.tribes.group.interceptors.TcpFailureDetector.memberAdded(Member);org.apache.catalina.tribes.membership.Membership;0;2;3;0.7917;227;15;10;2;0;0.9231;137;11;6
org.apache.jasper.compiler.Validator.DirectiveVisitor.visit(Node.PageDirective);org.apache.jasper.compiler.PageInfo;6;0;4;0.9268;214;7;4;12;13;0.7093;341;30;46
org.apache.tomcat.util.DomUtil.NullResolver.resolveEntity(String, String);org.apache.juli.logging.Log;1;0;0;1.0000;4;1;0;2;0;0.8889;18;18;0
org.apache.tomcat.util.bcel.classfile.ElementValuePair.getNameString();org.apache.tomcat.util.bcel.Constants;2;0;2;0.7143;16;2;3;0;1;1.0000;0;0;122
org.apache.jasper.compiler.TagPluginManager.TagPluginContextImpl.generateJavaSource(String);org.apache.jasper.compiler.Node;1;0;2;0.9048;72;15;4;0;1;0.9655;163;7;15
org.apache.catalina.ssi.SSIServlet.requestHandler(HttpServletRequest, HttpServletResponse);org.apache.catalina.ssi.SSIServletRequestUtil;1;1;4;0.5000;80;5;6;1;0;1.0000;16;1;0
org.apache.jasper.runtime.TagHandlerPool.get(Class<? extends Tag>);org.apache.tomcat.InstanceManager;1;0;3;0.7000;94;6;6;2;0;0.7143;4;4;0
org.apache.catalina.startup.ContextConfig.getBaseDir();org.apache.catalina.Container;0;0;1;0.9783;1103;37;18;1;0;0.9730;35;35;6
org.apache.catalina.core.ApplicationFilterConfig.getFilterInitParameterMap();org.apache.catalina.deploy.FilterDef;0;0;1;0.9524;175;15;8;1;0;0.9474;66;9;10
org.apache.catalina.startup.CopyParentClassLoaderRule.begin(String, String, Attributes);org.apache.catalina.Container;1;0;0;1.0000;10;1;0;1;0;0.9750;35;35;6
org.apache.catalina.core.ApplicationFilterRegistration.getName();org.apache.catalina.deploy.FilterDef;0;0;1;0.9286;110;11;3;1;0;0.9474;66;9;10
org.apache.catalina.tribes.group.interceptors.NonBlockingCoordinator.messageReceived(ChannelMessage);org.apache.catalina.tribes.io.XByteBuffer;1;2;3;0.9630;352;38;15;0;1;0.9677;317;36;7
org.apache.catalina.startup.ConnectorCreateRule.end(String, String);org.apache.tomcat.util.digester.Digester;0;0;0;1.0000;22;3;1;1;0;0.9925;849;103;29
org.apache.catalina.core.ApplicationDispatcher.recycleRequestWrapper(State);org.apache.catalina.core.ApplicationHttpRequest;0;0;0;1.0000;421;14;11;1;0;0.9778;327;29;17
org.apache.jasper.compiler.Generator.GenerateVisitor.generateCustomStart(Node.CustomTag, TagHandlerInfo, String, String, String);org.apache.jasper.compiler.Generator;6;1;2;0.9615;1736;44;16;1;1;0.9655;782;28;18
org.apache.coyote.ajp.AjpAprProcessor.parseHost(MessageBytes);org.apache.tomcat.util.buf.MessageBytes;4;0;4;0.9231;623;13;30;4;1;0.9074;380;30;16
org.apache.coyote.http11.Http11AprProtocol.setSoTimeout(int);org.apache.tomcat.util.net.AbstractEndpoint;0;0;1;0.9901;387;76;26;1;0;0.9859;397;29;69
org.apache.jasper.compiler.TagHandlerPoolVisitor.visit(Node.CustomTag);org.apache.jasper.compiler.Node;3;0;0;1.0000;37;2;1;1;2;0.9032;163;7;15
org.apache.catalina.servlets.WebdavServlet.doLock(HttpServletRequest, HttpServletResponse);org.apache.catalina.util.XMLWriter;6;4;11;0.8302;1461;29;24;4;2;0.8947;79;10;5
org.apache.coyote.Response.reset();org.apache.coyote.ActionCode;2;1;11;0.7027;250;19;18;0;1;1.0000;6;0;30
org.apache.catalina.tribes.group.GroupChannel.memberDisappeared(Member);org.apache.catalina.tribes.MembershipListener;0;0;1;0.9697;268;24;9;1;0;0.6667;2;2;0
org.apache.catalina.core.ApplicationContext.createServlet(Class<T>);org.apache.catalina.core.StandardContext;1;0;1;0.9857;645;60;13;0;1;0.9969;2421;209;114
org.apache.catalina.servlets.WebdavServlet.deleteCollection(HttpServletRequest, DirContext, String, Hashtable<String,Integer>);org.apache.catalina.servlets.WebdavStatus;1;2;0;0.9706;1461;29;24;0;3;1.0000;12;2;27
org.apache.catalina.core.ApplicationJspPropertyGroupDescriptor.getIsXml();org.apache.catalina.deploy.JspPropertyGroup;1;0;1;0.9231;79;12;1;0;1;0.9545;72;9;12
org.apache.jasper.compiler.Validator.ValidateVisitor.visit(Node.Expression);org.apache.jasper.compiler.ErrorDispatcher;1;0;2;0.9545;735;37;19;1;0;0.9600;158;22;2
org.apache.tomcat.util.digester.Digester.getParser();org.apache.juli.logging.Log;0;1;2;0.9774;849;103;29;1;0;0.9524;18;18;0
org.apache.catalina.startup.Embedded.addConnector(Connector);org.apache.tomcat.util.res.StringManager;0;0;3;0.9787;368;34;10;1;0;0.9000;52;3;3
org.apache.coyote.ajp.AjpProtocol.start();org.apache.tomcat.util.modeler.Registry;1;1;7;0.8889;201;32;16;2;0;0.9808;433;33;10
org.apache.catalina.mbeans.MBeanUtils.destroyMBean(ContextResource);org.apache.tomcat.util.modeler.Registry;0;3;2;1.0000;706;52;4;1;0;0.9762;433;33;10
org.apache.jasper.compiler.Parser.parseXMLExpression(Node);org.apache.jasper.compiler.ErrorDispatcher;0;1;3;0.9429;1185;55;13;1;0;0.9677;158;22;2
org.apache.catalina.tribes.membership.McastServiceImpl.RecoveryThread.startService();org.apache.juli.logging.Log;2;0;1;0.8571;58;4;2;1;0;0.9524;18;18;0
org.apache.catalina.connector.MapperListener.lifecycleEvent(LifecycleEvent);org.apache.catalina.LifecycleEvent;0;0;0;0;0;0;0;0;0;0;0;0;0
org.apache.catalina.tribes.transport.nio.NioReceiver.listen();org.apache.juli.logging.Log;1;5;4;0.7838;269;15;8;4;0;0.9000;18;18;0
org.apache.jasper.runtime.JspApplicationContextImpl.createELContext(JspContext);org.apache.jasper.Constants;1;1;1;0.7500;73;5;6;0;1;1.0000;0;0;33
org.apache.catalina.ha.session.DeltaManager.requestCompleted(String, boolean);org.apache.catalina.ha.session.SessionMessage;3;1;5;0.9556;822;41;40;0;2;1.0000;5;5;7
org.apache.catalina.tribes.group.interceptors.NonBlockingCoordinator.isViewConf(CoordinationMessage);org.apache.catalina.tribes.util.Arrays;0;0;1;1.0000;352;38;15;1;0;1.0000;157;24;1
org.apache.coyote.http11.Http11Processor.prepareResponse();org.apache.coyote.http11.AbstractOutputBuffer;6;0;1;0.9804;731;12;7;5;1;0.9000;200;22;11
org.apache.catalina.mbeans.MBeanUtils.destroyMBean(Connector, Service);org.apache.coyote.http11.AbstractHttp11Protocol;1;1;1;1.0000;706;52;4;1;0;0.9915;382;89;22
org.apache.coyote.http11.Http11NioProtocol.Http11ConnectionHandler.process(NioChannel);org.apache.tomcat.util.net.NioChannel;9;2;3;0.8438;177;8;6;1;1;0.9535;83;15;5
org.apache.catalina.core.StandardContext.getWorkPath();org.apache.juli.logging.Log;0;3;1;0.9907;2421;209;114;1;0;0.9524;18;18;0
org.apache.tomcat.util.http.Parameters.processParameters(byte, int, int, String);org.apache.tomcat.util.buf.ByteChunk;1;2;6;0.8235;245;14;15;3;0;0.9483;425;43;10
org.apache.jasper.compiler.Parser.parseTagDirective(Node);org.apache.jasper.compiler.Node.TagDirective;1;1;1;0.9688;1185;55;13;1;0;0.8571;27;2;1
org.apache.catalina.startup.ContextConfig.init();org.apache.tomcat.util.res.StringManager;1;3;5;0.9020;1103;37;18;1;0;0.9375;52;3;3
org.apache.catalina.users.MemoryUserDatabase.open();org.apache.juli.logging.Log;0;0;6;0.8889;252;22;10;1;0;0.9615;18;18;0
org.apache.catalina.tribes.membership.McastService.setPayload(byte[]);org.apache.juli.logging.Log;0;0;4;0.9552;353;55;13;1;0;0.9583;18;18;0
org.apache.tomcat.util.bcel.classfile.FieldOrMethod.getSignature();org.apache.tomcat.util.bcel.Constants;2;0;2;0.8333;31;3;5;0;1;1.0000;0;0;122
org.apache.el.parser.ELParser.String();org.apache.el.parser.JJTELParserState;3;1;1;0.9855;2270;112;22;2;0;0.9091;74;10;5
org.apache.catalina.deploy.WebXml.toXml();org.apache.catalina.deploy.ContextHandler;9;3;29;0.8373;1536;45;42;1;0;0.9927;63;12;5
org.apache.el.parser.AstIdentifier.getType(EvaluationContext);org.apache.el.lang.EvaluationContext;1;0;0;1.0000;93;7;0;3;2;0.5833;35;7;3
org.apache.catalina.connector.Request.getServerName();org.apache.tomcat.util.buf.MessageBytes;1;0;1;0.9943;1203;127;53;1;0;0.9767;380;30;16
org.apache.coyote.http11.Http11NioProtocol.Http11ConnectionHandler.deregister(Http11NioProcessor);org.apache.coyote.RequestInfo;4;0;2;0.9048;177;8;6;1;1;0.9444;134;13;14
org.apache.catalina.connector.Response.addDateHeader(String, long);org.apache.catalina.util.DateTool;1;2;2;0.9540;596;70;20;0;1;1.0000;0;0;11
org.apache.tomcat.util.bcel.classfile.ConstantPool.constantToString(Constant);org.apache.tomcat.util.bcel.classfile.ConstantString;11;3;0;0.9000;130;7;2;0;1;0.9444;17;2;1
org.apache.catalina.connector.RequestFacade.getAttribute(String);org.apache.catalina.connector.Request;0;0;2;0.9859;450;69;2;1;0;0.9943;1203;127;53
org.apache.tomcat.util.http.ServerCookie.appendCookieValue(StringBuffer, int, String, String, String, String, String, int, boolean, boolean);org.apache.tomcat.util.http.CookieSupport;1;1;2;1.0000;136;5;12;2;2;1.0000;50;5;9
org.apache.jasper.compiler.TagLibraryInfoImpl.generateTLDLocation(String, JspCompilationContext);org.apache.jasper.compiler.ErrorDispatcher;1;0;1;0.9583;528;14;6;2;0;0.9167;158;22;2
org.apache.catalina.loader.WebappLoader.propertyChange(PropertyChangeEvent);org.apache.juli.logging.Log;1;1;2;0.9804;553;36;17;1;0;0.9474;18;18;0
org.apache.catalina.connector.Request.startAsync(ServletRequest, ServletResponse);org.apache.catalina.connector.Response;1;4;1;0.9719;1203;127;53;1;0;0.9897;596;70;20
org.apache.coyote.ajp.AjpAprProtocol.destroy();org.apache.juli.logging.Log;1;1;5;0.9298;219;40;15;2;0;0.9167;18;18;0
org.apache.catalina.tribes.group.interceptors.GzipInterceptor.messageReceived(ChannelMessage);org.apache.catalina.tribes.ChannelInterceptor;1;1;1;1.0000;47;5;2;1;0;0.9565;16;16;0
org.apache.jasper.compiler.Node.CustomTag.accept(Visitor);org.apache.jasper.compiler.Node.Visitor;0;0;0;1.0000;218;9;26;1;0;0.9714;126;35;0
org.apache.catalina.core.StandardContext.resourcesStart();org.apache.naming.resources.ProxyDirContext;3;3;7;0.9731;2421;209;114;0;3;0.9900;469;64;15
org.apache.coyote.http11.Http11Processor.prepareRequest();org.apache.tomcat.util.http.MimeHeaders;6;2;3;0.9273;731;12;7;2;0;0.9667;129;18;3
org.apache.catalina.connector.RequestFacade.getLocale();org.apache.catalina.Globals;1;0;2;0.9859;450;69;2;0;1;1.0000;0;0;39
org.apache.jasper.JspCompilationContext.getClassLoader();org.apache.jasper.compiler.JspRuntimeContext;1;0;2;0.9672;426;31;31;0;1;0.9583;187;11;10
org.apache.catalina.core.ApplicationContextFacade.executeMethod(Method, ApplicationContext, Object[]);org.apache.catalina.security.SecurityUtil;0;0;0;1.0000;514;57;3;1;0;1.0000;146;11;17
org.apache.jasper.compiler.Generator.GenerateVisitor.findJspBody(Node);org.apache.jasper.compiler.Node;1;0;0;1.0000;1736;44;16;0;1;0.9643;163;7;15
org.apache.tomcat.util.bcel.classfile.SourceFile.getSourceFileName();org.apache.tomcat.util.bcel.classfile.ConstantUtf8;2;0;1;0.8889;21;4;1;0;1;0.8571;14;2;1
org.apache.jasper.compiler.Generator.GenerateVisitor.visit(Node.SetProperty);org.apache.jasper.compiler.ELNode.Nodes;6;0;1;0.9867;1736;44;16;0;1;0.9583;35;5;2
org.apache.catalina.tribes.membership.McastServiceImpl.memberDataReceived(byte[]);org.apache.catalina.tribes.membership.MemberImpl;2;0;3;0.9556;309;12;28;1;1;0.9787;300;29;19
org.apache.catalina.users.MemoryGroup.getUsers();org.apache.catalina.User;0;0;1;0.9167;74;8;2;1;0;0.9474;17;17;0
org.apache.catalina.authenticator.FormAuthenticator.restoreRequest(Request, Session);org.apache.catalina.authenticator.Constants;3;0;0;1.0000;236;8;3;0;2;1.0000;0;0;19
org.apache.catalina.mbeans.MBeanUtils.createRegistry();org.apache.tomcat.util.modeler.Registry;0;0;1;1.0000;706;52;4;2;0;0.9744;433;33;10
org.apache.tomcat.util.bcel.classfile.StackMap.dump(DataOutputStream);org.apache.tomcat.util.bcel.classfile.StackMapEntry;0;0;2;0.7778;43;4;2;1;0;0.9231;64;3;5
org.apache.catalina.core.NamingContextListener.addService(ContextService);org.apache.juli.logging.Log;5;0;4;0.9464;745;23;11;3;0;0.9302;18;18;0
org.apache.coyote.http11.InternalInputBuffer.parseHeader();org.apache.coyote.http11.Constants;2;1;0;0.9167;240;5;0;0;8;1.0000;0;0;44
org.apache.catalina.connector.ResponseFacade.encodeUrl(String);org.apache.catalina.connector.Response;0;0;2;0.9762;224;40;2;1;0;0.9889;596;70;20
org.apache.tomcat.util.digester.Digester.addFactoryCreate(String, ObjectCreationFactory, boolean);org.apache.tomcat.util.digester.ObjectCreationFactory;0;1;0;0.9925;849;103;29;1;0;0.7500;3;3;0
org.apache.catalina.mbeans.MBeanFactory.removeConnector(String);org.apache.catalina.Service;0;1;0;0.9730;401;31;3;2;0;0.8947;15;15;0
org.apache.catalina.core.ApplicationContext.getRequestDispatcher(String);org.apache.catalina.util.RequestUtil;3;1;3;0.9639;645;60;13;1;0;1.0000;189;13;3
org.apache.jasper.compiler.TagPluginManager.init(ErrorDispatcher);org.apache.jasper.compiler.ErrorDispatcher;0;0;5;0.7500;66;3;6;1;0;0.9655;158;22;2
org.apache.catalina.ssi.SSIProcessor.process(Reader, long, PrintWriter);org.apache.catalina.ssi.SSIConditionalState;2;4;5;0.5882;202;9;6;0;1;0.9286;0;0;3
org.apache.jasper.xmlparser.UTF8Reader.invalidSurrogate(int);org.apache.jasper.compiler.Localizer;0;0;0;1.0000;356;11;7;1;0;1.0000;34;6;1
org.apache.catalina.mbeans.MBeanUtils.createObjectName(String, Manager);org.apache.catalina.Context;0;0;0;1.0000;706;52;4;1;0;0.9930;139;139;1
org.apache.tomcat.util.digester.Digester.configure();org.apache.juli.logging.LogFactory;0;1;3;0.9697;849;103;29;1;0;1.0000;51;12;6
org.apache.catalina.tribes.membership.McastService.start(int);org.apache.juli.logging.Log;2;1;6;0.9221;353;55;13;1;0;0.9730;18;18;0
org.apache.tomcat.util.net.AprEndpoint.Sendfile.init();org.apache.tomcat.util.net.AprEndpoint;1;0;5;0.6875;187;5;6;1;3;0.9310;471;17;35
org.apache.catalina.connector.Request.getSession();org.apache.catalina.Session;0;1;0;0.9943;1203;127;53;1;0;0.9697;32;32;4
org.apache.jasper.compiler.Generator.createJspId();org.apache.jasper.JspCompilationContext;0;0;3;0.9211;782;28;18;1;0;0.9844;426;31;31
org.apache.catalina.startup.Tomcat.getEngine();org.apache.catalina.Engine;0;1;3;0.8889;253;24;14;1;0;0.9167;6;6;0
org.apache.jasper.compiler.Parser.parsePlugin(Node);org.apache.jasper.compiler.JspReader;0;2;3;0.9375;1185;55;13;1;0;0.9737;304;23;9
org.apache.el.ValueExpressionLiteral.setValue(ELContext, Object);org.apache.el.util.MessageFactory;0;0;1;0.9286;51;11;3;1;0;1.0000;24;7;1
org.apache.el.parser.ELParser.ReInit(java.io.InputStream, String);org.apache.el.parser.JJTELParserState;1;0;8;0.9403;2270;112;22;1;0;0.9600;74;10;5
org.apache.catalina.deploy.ErrorPage.setLocation(String);org.apache.catalina.util.RequestUtil;0;0;1;0.8889;49;7;4;1;0;1.0000;189;13;3
org.apache.el.parser.ELParser.Multiplication();org.apache.el.parser.JJTELParserState;2;3;4;0.9514;2270;112;22;4;0;0.8710;74;10;5
org.apache.catalina.mbeans.MBeanUtils.createObjectName(String, Role);org.apache.catalina.Role;0;0;0;1.0000;706;52;4;2;0;0.6667;5;5;0
org.apache.catalina.deploy.WebXml.toXml();org.apache.catalina.deploy.ErrorPage;9;3;29;0.8373;1536;45;42;3;0;0.9767;49;7;4
org.apache.coyote.http11.AbstractHttp11Protocol.setBacklog(int);org.apache.tomcat.util.net.AbstractEndpoint;0;0;1;0.9909;382;89;22;1;0;0.9859;397;29;69
org.apache.coyote.ajp.AjpAprProtocol.AjpConnectionHandler.unregister(AjpAprProcessor);org.apache.tomcat.util.modeler.Registry;4;0;1;0.9412;82;5;4;2;0;0.9792;433;33;10
org.apache.coyote.ajp.AjpAprProtocol.AjpConnectionHandler.process(long);org.apache.coyote.ajp.AjpAprProtocol;3;1;1;0.8571;82;5;4;0;2;1.0000;219;40;15
org.apache.catalina.session.StandardSession.expire(boolean);org.apache.catalina.Globals;2;5;8;0.8778;585;58;24;0;1;1.0000;0;0;39
org.apache.catalina.filters.FilterBase.init(FilterConfig);org.apache.juli.logging.Log;1;1;1;0.6667;12;3;1;1;0;0.9474;18;18;0
org.apache.catalina.connector.CoyoteAdapter.asyncDispatch(org.apache.coyote.Request, org.apache.coyote.Response, SocketStatus);org.apache.catalina.connector.Request;7;0;4;0.9744;620;12;9;4;4;0.9592;1203;127;53
org.apache.catalina.valves.CometConnectionManagerValve.event(Request, Response, CometEvent);org.apache.catalina.Valve;1;0;2;0.8889;136;8;4;1;0;0.9375;7;7;0
org.apache.jasper.compiler.Parser.parseOptionalBody(Node, String, String);org.apache.jasper.compiler.JspReader;0;2;2;0.9403;1185;55;13;3;0;0.9231;304;23;9
org.apache.catalina.ha.session.DeltaManager.deserializeSessionId(byte[]);org.apache.catalina.tribes.io.ReplicationStream;0;0;0;0;0;0;0;0;0;0;0;0;0
org.apache.coyote.ajp.AjpAprProtocol.getExecutor();org.apache.tomcat.util.net.AbstractEndpoint;1;0;1;0.9815;219;40;15;0;1;0.9859;397;29;69
org.apache.jasper.compiler.Generator.GenerateVisitor.generateAliasMap(Node.CustomTag, String);org.apache.jasper.compiler.Node.CustomTag;0;0;1;0.9844;1736;44;16;1;0;0.9773;218;9;26
org.apache.catalina.tribes.io.ChannelData.getDataPackage(byte[], int);org.apache.catalina.tribes.membership.MemberImpl;1;0;5;0.7368;165;14;7;1;0;0.9783;300;29;19
org.apache.catalina.core.ApplicationContext.populateSessionTrackingModes();org.apache.catalina.Container;0;0;3;0.9595;645;60;13;1;0;0.9767;35;35;6
org.apache.catalina.manager.JMXProxyServlet.init();org.apache.tomcat.util.modeler.Registry;0;0;2;0.8000;129;8;2;2;0;0.9756;433;33;10
org.apache.catalina.mbeans.MBeanFactory.getService(ObjectName);org.apache.catalina.Server;1;0;1;0.9706;401;31;3;1;0;0.9412;15;15;0
org.apache.naming.resources.ProxyDirContext.validate(CacheEntry);org.apache.naming.resources.Resource;2;0;0;1.0000;469;64;15;0;1;0.9000;23;1;2
org.apache.catalina.connector.Request.getRequestDispatcher(String);org.apache.catalina.Context;1;3;1;0.9770;1203;127;53;1;0;0.9930;139;139;1
org.apache.catalina.mbeans.ServerLifecycleListener.destroyMBeans(Connector, Service);org.apache.catalina.mbeans.MBeanUtils;0;0;1;1.0000;563;31;2;1;0;1.0000;706;52;4
org.apache.coyote.Response.finish();org.apache.coyote.ActionCode;1;1;0;0.9722;250;19;18;0;1;1.0000;6;0;30
org.apache.catalina.startup.Catalina.CatalinaShutdownHook.run();org.apache.tomcat.util.res.StringManager;1;0;0;1.0000;14;1;0;1;0;0.8889;52;3;3
org.apache.catalina.realm.JNDIRealm.getPrincipal(String);org.apache.tomcat.util.res.StringManager;0;4;0;0.9474;742;44;32;1;0;0.9167;52;3;3
org.apache.catalina.startup.Embedded.addConnector(Connector);org.apache.juli.logging.Log;0;0;3;0.9787;368;34;10;2;0;0.9091;18;18;0
org.apache.catalina.connector.OutputBuffer.close();org.apache.coyote.Response;1;1;4;0.8837;207;25;15;1;2;0.9302;250;19;18
org.apache.catalina.connector.CoyoteInputStream.read(byte[], int, int);org.apache.catalina.connector.InputBuffer;0;0;1;0.8889;141;8;1;1;0;0.9722;210;19;17
org.apache.jasper.compiler.Node.TaglibDirective.accept(Visitor);org.apache.jasper.compiler.Node.Visitor;0;0;0;1.0000;6;1;0;1;0;0.9714;126;35;0
org.apache.coyote.http11.Http11AprProcessor.parseHost(MessageBytes);org.apache.tomcat.util.buf.HexUtils;5;0;6;0.9167;954;28;36;1;0;1.0000;8;3;2
org.apache.catalina.core.ApplicationFilterChain.internalDoFilter(ServletRequest, ServletResponse);org.apache.catalina.deploy.FilterDef;3;0;10;0.7727;231;9;13;0;1;0.9688;66;9;10
org.apache.tomcat.util.buf.CharChunk.hashIgnoreCase();org.apache.tomcat.util.buf.Ascii;0;0;3;0.9362;393;39;8;1;0;1.0000;91;11;7
org.apache.catalina.mbeans.ServerLifecycleListener.destroyMBeans(Host);org.apache.juli.logging.Log;0;1;1;0.9730;563;31;2;2;0;0.9130;18;18;0
org.apache.el.parser.AstDeferredExpression.isReadOnly(EvaluationContext);org.apache.el.parser.Node;0;0;0;1.0000;15;4;0;1;0;0.9444;17;17;0
org.apache.catalina.tribes.transport.nio.NioReplicationTask.serviceChannel(SelectionKey);org.apache.juli.logging.Log;1;0;2;0.9286;197;7;5;2;0;0.9000;18;18;0
org.apache.el.parser.ELParser.BracketSuffix();org.apache.el.parser.ELParserTreeConstants;2;2;1;0.9784;2270;112;22;0;1;0.9773;0;0;35
org.apache.catalina.startup.EngineConfig.start();org.apache.tomcat.util.res.StringManager;0;0;2;0.8571;17;3;3;1;0;0.8889;52;3;3
org.apache.coyote.http11.Http11AprProcessor.action(ActionCode, Object);org.apache.tomcat.util.net.AprEndpoint.Handler;10;1;19;0.7978;954;28;36;0;0;1.0000;2;2;0
org.apache.tomcat.util.modeler.BaseModelMBean.sendNotification(Notification);org.apache.tomcat.util.modeler.BaseNotificationBroadcaster;0;0;1;0.9706;284;28;9;1;0;0.8750;54;6;1
org.apache.catalina.tribes.group.interceptors.MessageDispatchInterceptor.sendAsyncData(LinkObject);org.apache.catalina.tribes.ChannelMessage;2;1;1;0.9688;138;12;8;2;0;0.9130;11;11;0
org.apache.catalina.core.StandardContextValve.invoke(Request, Response);org.apache.catalina.Valve;2;1;2;0.9310;97;5;3;1;0;0.9677;7;7;0
org.apache.catalina.connector.CoyoteReader.read(char[], int, int);org.apache.catalina.connector.InputBuffer;0;0;1;0.9333;102;12;4;1;0;0.9722;210;19;17
org.apache.catalina.mbeans.MBeanUtils.createObjectName(String, Context);org.apache.catalina.Container;0;0;0;1.0000;706;52;4;1;0;0.9730;35;35;6
org.apache.jasper.compiler.DeclarationVisitor.visit(Node.PageDirective);org.apache.jasper.compiler.Node;2;0;0;1.0000;36;3;1;1;0;0.9706;163;7;15
org.apache.catalina.tribes.group.interceptors.OrderInterceptor.sendMessage(Member[], ChannelMessage, InterceptorPayload);org.apache.catalina.tribes.io.XByteBuffer;0;1;1;0.9231;141;9;8;2;0;0.9412;317;36;7
org.apache.catalina.mbeans.MBeanFactory.getParentContainerFromParent(ObjectName);org.apache.catalina.Container;0;2;0;0.9429;401;31;3;1;0;0.9744;35;35;6
org.apache.jasper.compiler.JspConfig.processWebDotXml();org.apache.jasper.compiler.WebXml;1;1;5;0.7391;304;6;13;1;2;0.8500;53;1;6
org.apache.jasper.compiler.Generator.GenerateVisitor.visit(Node.JspBody);org.apache.jasper.compiler.Node;1;1;3;0.9375;1736;44;16;0;1;0.9706;163;7;15
org.apache.catalina.connector.Request.login(String, String);org.apache.catalina.Authenticator;1;4;2;0.9722;1203;127;53;1;0;0.9231;2;2;0
org.apache.jasper.compiler.Validator.ValidateVisitor.visit(Node.SetProperty);org.apache.jasper.compiler.JspUtil;1;1;2;0.9565;735;37;19;1;0;1.0000;608;37;6
org.apache.catalina.connector.RequestFacade.getAllowTrace();org.apache.catalina.connector.Connector;0;0;1;0.9859;450;69;2;1;0;0.9882;405;53;33
org.apache.catalina.core.ContainerBase.removeChild(Container);org.apache.juli.logging.Log;1;1;2;0.9756;555;53;27;1;0;0.9583;18;18;0
org.apache.catalina.connector.MapperListener.findDefaultHost();org.apache.catalina.Container;0;0;0;0;0;0;0;0;0;0;0;0;0
org.apache.catalina.core.ApplicationContext.createServlet(Class<T>);org.apache.tomcat.InstanceManager;1;0;1;0.9857;645;60;13;1;0;0.8333;4;4;0
org.apache.catalina.ha.session.DeltaManager.getAllClusterSessions();org.apache.catalina.ha.session.SessionMessage;2;3;11;0.8621;822;41;40;2;1;0.9200;5;5;7
org.apache.jasper.runtime.PageContextImpl.doForward(String);org.apache.jasper.compiler.Localizer;1;1;4;0.9057;634;40;16;1;0;1.0000;34;6;1
org.apache.catalina.users.MemoryUser.toString();org.apache.catalina.util.RequestUtil;0;0;2;0.9000;108;12;3;1;0;1.0000;189;13;3
org.apache.catalina.mbeans.ServerLifecycleListener.lifecycleEvent(LifecycleEvent);org.apache.catalina.core.StandardContext;4;5;1;0.8649;563;31;2;2;0;0.9939;2421;209;114
org.apache.catalina.core.StandardContext.listenerStop();org.apache.juli.logging.Log;2;3;2;0.9877;2421;209;114;3;0;0.8800;18;18;0
org.apache.catalina.mbeans.GroupMBean.removeRole(String);org.apache.catalina.Group;0;0;0;1.0000;63;4;3;2;0;0.8462;11;11;0
org.apache.catalina.core.ApplicationContext.addServlet(String, String, Servlet);org.apache.catalina.core.ContainerBase;2;1;2;0.9740;645;60;13;1;0;0.9886;555;53;27
org.apache.catalina.startup.ContextConfig.processAnnotationsJndi(URL, WebXml);org.apache.tomcat.util.ExceptionUtils;0;0;0;0;0;0;0;0;0;0;0;0;0
org.apache.catalina.tribes.group.interceptors.MessageDispatchInterceptor.removeFromQueue();org.apache.catalina.tribes.transport.bio.util.FastQueue;0;0;1;0.9500;138;12;8;1;0;0.9615;172;11;14
org.apache.jasper.compiler.TagLibraryInfoImpl.parseTLD(String, InputStream, JarResource);org.apache.jasper.xmlparser.ParserUtils;0;4;3;0.7500;528;14;6;1;0;0.9412;58;3;3
org.apache.coyote.http11.InternalAprOutputBuffer.endRequest();org.apache.coyote.Response;1;1;5;0.8462;235;24;13;1;0;0.9773;250;19;18
org.apache.jasper.compiler.Generator.GenerateVisitor.visit(Node.ELExpression);org.apache.jasper.compiler.JspUtil;6;0;2;0.9710;1736;44;16;1;0;1.0000;608;37;6
org.apache.catalina.tribes.transport.PooledSender.SenderQueue.checkIdleKeepAlive();org.apache.catalina.tribes.transport.DataSender;0;0;1;0.9231;87;7;5;1;0;0.9167;11;11;0
org.apache.catalina.realm.MemoryRealm.getDigester();org.apache.juli.logging.Log;1;0;2;1.0000;94;7;6;1;0;0.9545;18;18;0
org.apache.catalina.ha.tcp.ReplicationValve.invoke(Request, Response);org.apache.catalina.Valve;0;3;5;0.8667;278;16;17;1;0;0.9630;7;7;0
org.apache.catalina.core.StandardWrapperValve.invoke(Request, Response);org.apache.catalina.core.ApplicationFilterFactory;4;1;5;0.8936;352;4;6;2;2;0.9792;189;6;3
org.apache.catalina.util.ParameterMap.clear();org.apache.tomcat.util.res.StringManager;0;0;2;0.9000;34;5;2;1;0;0.8333;52;3;3
org.apache.catalina.core.ApplicationContext.addServlet(String, String, Servlet);org.apache.catalina.util.LifecycleBase;2;1;2;0.9740;645;60;13;0;1;0.9565;88;11;4
org.apache.coyote.ajp.AjpProcessor.process(SocketWrapper<Socket>);org.apache.tomcat.util.net.SocketWrapper;6;4;15;0.6981;659;13;32;0;1;0.9756;60;2;11
org.apache.catalina.startup.TldConfig.tldScanWebXml();org.apache.juli.logging.Log;1;1;6;0.8519;291;15;15;4;0;0.8400;18;18;0
org.apache.catalina.tribes.transport.bio.util.FastQueue.unlockAdd();org.apache.catalina.tribes.transport.bio.util.SingleRemoveSynchronizedAddLock;0;0;2;0.9200;172;11;14;1;0;0.9375;88;6;7
org.apache.catalina.users.MemoryUserDatabase.open();org.apache.tomcat.util.digester.Digester;0;0;6;0.8889;252;22;10;3;0;0.9784;849;103;29
org.apache.jasper.runtime.TagHandlerPool.init(ServletConfig);org.apache.jasper.Constants;1;1;4;0.6250;94;6;6;0;1;1.0000;0;0;33
org.apache.coyote.ajp.AjpProtocol.destroy();org.apache.tomcat.util.net.JIoEndpoint;1;1;5;0.9200;201;32;16;1;0;0.9545;195;10;6
org.apache.catalina.authenticator.DigestAuthenticator.authenticate(Request, HttpServletResponse, LoginConfig);org.apache.catalina.connector.Request;1;4;1;0.8125;123;8;5;4;0;0.9781;1203;127;53
org.apache.coyote.ajp.AjpProcessor.action(ActionCode, Object);org.apache.coyote.RequestInfo;9;3;14;0.7541;659;13;32;0;1;0.9839;134;13;14
org.apache.catalina.core.StandardEngine.setParent(Container);org.apache.tomcat.util.res.StringManager;0;0;0;1.0000;234;19;9;1;0;0.8000;52;3;3
org.apache.catalina.startup.VersionRule.begin(String, String, Attributes);org.apache.juli.logging.Log;2;0;0;1.0000;9;1;0;2;0;0.9167;18;18;0
org.apache.catalina.tribes.group.interceptors.NonBlockingCoordinator.handleMyToken(MemberImpl, CoordinationMessage, Member, Membership);org.apache.catalina.tribes.group.AbsoluteOrder;1;3;3;0.9107;352;38;15;0;1;1.0000;7;1;1
org.apache.catalina.core.StandardWrapper.unload();org.apache.catalina.InstanceEvent;4;1;10;0.9130;748;76;36;0;2;1.0000;89;7;17
org.apache.coyote.ajp.AjpAprProcessor.process(long);org.apache.coyote.Adapter;5;4;14;0.7115;623;13;30;1;0;0.9677;3;3;0
org.apache.catalina.core.StandardContext.getServletContext();org.apache.catalina.core.ApplicationContext;1;0;2;0.9938;2421;209;114;2;0;0.9718;645;60;13
org.apache.tomcat.util.http.ValuesEnumerator.findNext();org.apache.tomcat.util.http.MimeHeaders;0;0;5;0.5455;26;3;5;2;0;0.9259;129;18;3
org.apache.catalina.tribes.transport.nio.NioReplicationTask.run();org.apache.juli.logging.Log;1;2;4;0.7619;197;7;5;7;0;0.7308;18;18;0
org.apache.catalina.ha.tcp.ReplicationValve.registerReplicationSession(DeltaSession);org.apache.catalina.session.StandardSession;1;0;3;0.9722;278;16;17;2;0;0.9753;585;58;24
org.apache.catalina.startup.ContextConfig.getHostWebXmlSource();org.apache.juli.logging.Log;1;3;2;0.9348;1103;37;18;1;0;0.9545;18;18;0
org.apache.catalina.core.ApplicationContextFacade.getDefaultSessionTrackingModes();org.apache.catalina.security.SecurityUtil;1;1;1;0.9672;514;57;3;1;0;1.0000;146;11;17
org.apache.catalina.connector.InputBuffer.recycle();org.apache.tomcat.util.buf.CharChunk;1;0;10;0.7619;210;19;17;2;4;0.9000;393;39;8
org.apache.coyote.http11.InternalNioOutputBuffer.sendAck();org.apache.tomcat.util.net.SecureNioChannel.ApplicationBufferHandler;2;1;1;0.8889;117;9;5;1;0;0.8571;3;3;0
org.apache.jasper.compiler.SmapUtil.SDEInstaller.copyConstantPool(int);org.apache.juli.logging.Log;0;7;2;0.6923;227;21;8;2;0;0.9231;18;18;0
org.apache.catalina.startup.ContextConfig.webConfig();org.apache.juli.logging.Log;2;7;4;0.8364;1103;37;18;2;0;0.9444;18;18;0
org.apache.catalina.core.ApplicationContextFacade.getEffectiveSessionTrackingModes();org.apache.catalina.security.SecurityUtil;0;1;1;0.9672;514;57;3;1;0;1.0000;146;11;17
org.apache.catalina.connector.ResponseFacade.setLocale(Locale);org.apache.catalina.connector.Response;0;1;1;0.9512;224;40;2;1;0;0.9889;596;70;20
org.apache.catalina.connector.CoyoteAdapter.asyncDispatch(org.apache.coyote.Request, org.apache.coyote.Response, SocketStatus);org.apache.catalina.Valve;7;0;4;0.9744;620;12;9;1;0;0.9722;7;7;0
org.apache.catalina.connector.Request.isAsyncStarted();org.apache.catalina.core.AsyncContextImpl;0;0;1;0.9943;1203;127;53;1;0;0.9706;283;23;12
org.apache.catalina.startup.ContextConfig.processAnnotationsUrl(URL, WebXml);org.apache.juli.logging.Log;1;3;2;0.9348;1103;37;18;2;0;0.9048;18;18;0
org.apache.tomcat.util.bcel.classfile.AnnotationEntry.dump(DataOutputStream);org.apache.tomcat.util.bcel.classfile.ElementValuePair;0;0;2;0.7778;30;4;5;1;0;0.8750;16;2;3
org.apache.catalina.manager.ManagerServlet.roles(PrintWriter);org.apache.tomcat.util.res.StringManager;0;0;2;0.9792;924;35;13;1;0;0.8889;52;3;3
org.apache.catalina.connector.Request.doGetSession(boolean);org.apache.catalina.Container;0;4;6;0.9511;1203;127;53;1;0;0.9815;35;35;6
org.apache.catalina.ssi.SSIServletExternalResolver.getCGIVariable(String);org.apache.coyote.Constants;1;1;2;0.9000;400;20;7;0;1;1.0000;0;0;14
org.apache.catalina.tribes.group.GroupChannel.getMembershipService();org.apache.catalina.tribes.group.ChannelCoordinator;1;0;1;0.9697;268;24;9;0;1;0.9565;164;15;5
org.apache.tomcat.util.digester.Digester.skippedEntity(String);org.apache.juli.logging.Log;0;0;1;0.9925;849;103;29;2;0;0.8947;18;18;0
org.apache.catalina.valves.AccessLogValve.ThreadNameElement.addElement(StringBuilder, Date, Request, Response, long);org.apache.coyote.RequestInfo;2;0;0;1.0000;9;1;0;0;1;0.9655;134;13;14
org.apache.jasper.runtime.PageContextImpl.release();org.apache.jasper.runtime.JspWriterImpl;0;0;14;0.7455;634;40;16;2;0;0.9655;233;36;7
org.apache.el.parser.AstValue.setValue(EvaluationContext, Object);org.apache.el.lang.EvaluationContext;0;2;1;0.8667;148;10;1;3;0;0.8000;35;7;3
org.apache.catalina.startup.ContextConfig.processAnnotationWebFilter(String, AnnotationEntry, WebXml);org.apache.tomcat.util.bcel.classfile.ElementValuePair;5;2;1;0.9688;1103;37;18;1;1;0.9231;16;2;3
org.apache.catalina.ha.authenticator.ClusterSingleSignOn.startInternal();org.apache.catalina.ha.CatalinaCluster;1;0;2;0.9130;142;15;4;1;0;0.9643;20;20;1
org.apache.catalina.ha.context.ReplicatedContext.startInternal();org.apache.catalina.ha.CatalinaCluster;2;1;3;0.8824;60;5;3;1;0;0.9706;20;20;1
org.apache.catalina.deploy.SecurityConstraint.createConstraint(HttpConstraintElement, String, boolean);org.apache.catalina.deploy.SecurityCollection;0;3;1;0.8333;194;18;7;1;0;0.9630;147;14;7
org.apache.catalina.connector.RequestFacade.startAsync();org.apache.catalina.connector.Request;0;0;1;0.9857;450;69;2;1;0;0.9943;1203;127;53
org.apache.coyote.ajp.AjpAprProtocol.getMaxThreads();org.apache.tomcat.util.net.AbstractEndpoint;0;0;1;0.9815;219;40;15;1;0;0.9859;397;29;69
org.apache.catalina.core.ApplicationFilterConfig.release();org.apache.juli.logging.Log;2;1;2;0.8800;175;15;8;1;0;0.9600;18;18;0
org.apache.catalina.tribes.group.interceptors.NonBlockingCoordinator.handleToken(CoordinationMessage, Member, Membership);org.apache.catalina.tribes.membership.MemberImpl;0;3;0;0.9400;352;38;15;1;0;0.9767;300;29;19
org.apache.catalina.startup.ContextConfig.configureStop();org.apache.catalina.Container;0;0;5;0.9595;1103;37;18;3;0;0.9538;35;35;6
org.apache.catalina.startup.ContextConfig.createWebXmlDigester(boolean, boolean);org.apache.catalina.startup.DigesterFactory;0;0;6;0.9545;1103;37;18;1;0;1.0000;56;5;1
org.apache.catalina.startup.UserConfig.deploy(String, String);org.apache.catalina.Context;1;0;5;0.8261;87;10;8;2;0;0.9866;139;139;1
org.apache.tomcat.util.digester.FactoryCreateRule.begin(String, String, Attributes);org.apache.tomcat.util.digester.ObjectCreationFactory;2;1;2;0.8966;114;5;5;1;0;0.9333;3;3;0
org.apache.catalina.connector.CoyoteAdapter.event(org.apache.coyote.Request, org.apache.coyote.Response, SocketStatus);org.apache.coyote.ActionCode;7;0;4;0.9714;620;12;9;0;1;1.0000;6;0;30
org.apache.catalina.authenticator.DigestAuthenticator.authenticate(Request, HttpServletResponse, LoginConfig);org.apache.catalina.authenticator.Constants;1;4;1;0.8125;123;8;5;0;2;1.0000;0;0;19
org.apache.catalina.session.PersistentManagerBase.swapIn(String);org.apache.juli.logging.Log;1;1;3;0.9423;421;30;12;4;0;0.8710;18;18;0
org.apache.catalina.tribes.tipis.AbstractReplicatedMap.memberDisappeared(Member);org.apache.juli.logging.Log;0;2;4;0.9342;741;50;17;3;0;0.9063;18;18;0
org.apache.catalina.connector.ResponseFacade.getContentType();org.apache.catalina.connector.Response;0;0;2;0.9762;224;40;2;1;0;0.9889;596;70;20
org.apache.catalina.ha.session.BackupManager.setCluster(CatalinaCluster);org.apache.juli.logging.Log;0;0;2;0.9630;135;20;7;2;0;0.8947;18;18;0
org.apache.catalina.tribes.group.ChannelCoordinator.messageReceived(ChannelMessage);org.apache.catalina.tribes.ChannelMessage;1;0;0;1.0000;164;15;5;2;0;0.8667;11;11;0
org.apache.coyote.http11.Http11NioProtocol.init();org.apache.tomcat.util.net.NioEndpoint;3;0;2;0.9655;97;17;3;0;1;0.9804;362;19;26
org.apache.catalina.session.StandardSession.expire(boolean);org.apache.catalina.Session;2;5;8;0.8778;585;58;24;0;1;1.0000;32;32;4
org.apache.catalina.manager.host.HostManagerServlet.add(PrintWriter, String, String, String, boolean, boolean, boolean, boolean, boolean);org.apache.catalina.Container;0;0;0;0;0;0;0;0;0;0;0;0;0
org.apache.catalina.connector.ResponseFacade.setDateHeader(String, long);org.apache.catalina.connector.Response;1;1;1;0.9512;224;40;2;1;0;0.9889;596;70;20
org.apache.catalina.connector.ResponseFacade.getStatus();org.apache.catalina.connector.Response;0;0;1;0.9756;224;40;2;1;0;0.9888;596;70;20
org.apache.catalina.ha.tcp.ReplicationValve.resetDeltaRequest(Session);org.apache.catalina.Session;1;0;2;1.0000;278;16;17;1;0;0.9730;32;32;4
org.apache.catalina.connector.ResponseFacade.getHeaderNames();org.apache.catalina.connector.Response;0;0;1;0.9756;224;40;2;1;0;0.9888;596;70;20
org.apache.tomcat.util.net.NioEndpoint.PollerEvent.run();org.apache.juli.logging.Log;4;0;3;0.8125;60;4;3;1;0;0.9655;18;18;0
org.apache.catalina.util.InstanceSupport.fireInstanceEvent(String, Servlet, Throwable);org.apache.catalina.InstanceListener;0;0;2;0.8667;81;11;3;1;0;0.6667;1;1;0
org.apache.tomcat.util.digester.ObjectCreateRule.begin(String, String, Attributes);org.apache.tomcat.util.digester.Digester;2;0;2;0.8667;43;3;2;2;2;0.9710;849;103;29
org.apache.catalina.connector.Response.setSuspended(boolean);org.apache.catalina.connector.OutputBuffer;1;0;1;0.9886;596;70;20;0;1;0.9756;207;25;15
org.apache.catalina.core.StandardHost.MemoryLeakTrackingListener.lifecycleEvent(LifecycleEvent);org.apache.catalina.core.StandardHost;2;0;0;1.0000;8;1;0;0;1;0.9828;308;36;19
org.apache.catalina.tribes.transport.PooledSender.SenderQueue.getSender(long);org.apache.catalina.tribes.transport.PooledSender;0;0;5;0.6154;87;7;5;1;0;0.9474;39;11;2
org.apache.catalina.mbeans.MemoryUserDatabaseMBean.createRole(String, String);org.apache.catalina.UserDatabase;0;1;0;0.9500;168;12;6;1;0;0.9444;16;16;0
org.apache.catalina.realm.RealmBase.getObjectNameKeyProperties();org.apache.catalina.mbeans.MBeanUtils;0;0;0;0;0;0;0;0;0;0;0;0;0
org.apache.catalina.startup.HostConfig.deployDirectory(String, File, String);org.apache.catalina.util.IOTools;2;3;7;0.8833;793;36;16;1;0;1.0000;22;4;1
org.apache.catalina.valves.AccessLogValve.CookieElement.addElement(StringBuilder, Date, Request, Response, long);org.apache.catalina.connector.Request;0;0;1;0.5000;16;1;1;1;0;0.9943;1203;127;53
org.apache.coyote.http11.Http11Processor.action(ActionCode, Object);org.apache.coyote.Constants;9;1;7;0.8889;731;12;7;0;1;1.0000;0;0;14
org.apache.catalina.tribes.membership.McastService.getMembers();org.apache.catalina.tribes.membership.McastServiceImpl;1;0;2;0.9846;353;55;13;0;1;0.9756;309;12;28
org.apache.tomcat.util.digester.Digester.notationDecl(String, String, String);org.apache.juli.logging.Log;0;0;1;0.9925;849;103;29;2;0;0.8947;18;18;0
org.apache.coyote.http11.Http11NioProtocol.Http11ConnectionHandler.deregister(Http11NioProcessor);org.apache.juli.logging.Log;4;0;2;0.9048;177;8;6;3;0;0.8846;18;18;0
org.apache.el.parser.JJTELParserState.closeNodeScope(Node, boolean);org.apache.el.parser.Node;0;3;3;0.6667;74;10;5;3;0;0.8696;17;17;0
org.apache.catalina.mbeans.ContextEnvironmentMBean.setAttribute(Attribute);org.apache.catalina.deploy.ResourceBase;0;0;0;1.0000;19;1;0;2;0;0.8947;43;9;7
org.apache.catalina.tribes.group.GroupChannel.messageReceived(ChannelMessage);org.apache.catalina.tribes.ChannelMessage;3;1;2;0.9574;268;24;9;4;0;0.8333;11;11;0
org.apache.catalina.manager.StatusTransformer.setContentType(HttpServletResponse, int);org.apache.catalina.manager.Constants;1;0;0;1.0000;601;20;0;0;1;1.0000;0;0;11
org.apache.tomcat.util.modeler.modules.MbeansSource.updateField(ObjectName, String, Object);org.apache.tomcat.util.DomUtil;2;0;3;0.8947;198;11;10;5;0;1.0000;130;14;1
org.apache.catalina.realm.JAASRealm.createPrincipal(String, Subject, LoginContext);org.apache.juli.logging.Log;1;0;3;0.9091;195;14;9;2;0;0.9048;18;18;0
org.apache.coyote.Request.getContentType();org.apache.tomcat.util.buf.MessageBytes;0;1;1;0.9630;221;18;34;2;0;0.9535;380;30;16
org.apache.catalina.ha.tcp.ReplicationValve.invoke(Request, Response);org.apache.catalina.ha.CatalinaCluster;0;3;5;0.8667;278;16;17;2;0;0.9500;20;20;1
org.apache.catalina.session.PersistentManagerBase.PrivilegedStoreKeys.run();org.apache.catalina.Store;1;0;0;1.0000;5;1;0;1;0;0.9167;11;11;0
org.apache.jasper.compiler.DeclarationVisitor.visit(Node.Declaration);org.apache.jasper.compiler.Node.ScriptingElement;3;0;0;1.0000;36;3;1;1;0;0.9000;30;2;0
org.apache.catalina.connector.CoyoteAdapter.service(org.apache.coyote.Request, org.apache.coyote.Response);org.apache.catalina.connector.Connector;8;0;5;0.9792;620;12;9;4;1;0.9573;405;53;33
org.apache.catalina.mbeans.MBeanFactory.createStandardManager(String);org.apache.catalina.core.ContainerBase;1;1;0;0.9706;401;31;3;1;0;0.9875;555;53;27
org.apache.catalina.tribes.group.interceptors.NonBlockingCoordinator.CoordinationMessage.write();org.apache.catalina.tribes.membership.MemberImpl;2;0;6;0.7143;90;8;7;1;0;0.9796;300;29;19
org.apache.jasper.compiler.ParserController.getPageEncodingForJspSyntax(JspReader, Mark);org.apache.jasper.compiler.JspReader;0;1;0;0.9643;281;12;13;4;0;0.8857;304;23;9
org.apache.catalina.realm.RealmBase.getDomainInternal();org.apache.catalina.mbeans.MBeanUtils;0;0;0;0;0;0;0;0;0;0;0;0;0
org.apache.jasper.compiler.Generator.GenerateVisitor.generateSetters(Node.CustomTag, String, TagHandlerInfo, boolean);org.apache.jasper.compiler.Node;5;0;4;0.9459;1736;44;16;0;1;0.9773;163;7;15
org.apache.coyote.http11.Http11AprProtocol.getSSLCARevocationFile();org.apache.tomcat.util.net.AprEndpoint;1;0;1;0.9901;387;76;26;0;1;0.9808;471;17;35
org.apache.catalina.tribes.membership.McastService.start();org.apache.catalina.tribes.MembershipService;1;1;0;0.9841;353;55;13;0;2;1.0000;17;17;2
org.apache.catalina.deploy.WebXml.toXml();org.apache.catalina.deploy.ContextService;9;3;29;0.8373;1536;45;42;8;1;0.9357;130;19;9
org.apache.coyote.ajp.AjpMessage.appendCharChunk(CharChunk);org.apache.tomcat.util.res.StringManager;1;2;2;0.9310;235;23;5;1;0;0.9091;52;3;3
org.apache.catalina.core.StandardContext.isServlet22();org.apache.catalina.startup.Constants;1;0;1;0.9969;2421;209;114;0;1;1.0000;0;0;59
org.apache.naming.resources.ProxyDirContext.cacheLoad(CacheEntry);org.apache.naming.resources.CacheEntry;2;0;4;0.9551;469;64;15;0;7;0.6500;13;2;8
org.apache.tomcat.util.http.MimeHeaderField.recycle();org.apache.tomcat.util.buf.MessageBytes;0;0;3;0.5000;13;1;4;1;0;0.9773;380;30;16
org.apache.tomcat.util.modeler.Registry.getMethodInfo(ObjectName, String);org.apache.juli.logging.Log;0;0;2;0.9744;433;33;10;1;0;0.9474;18;18;0
org.apache.catalina.tribes.transport.nio.NioReceiver.addEvent(Runnable);org.apache.juli.logging.Log;0;0;3;0.9091;269;15;8;2;0;0.9048;18;18;0
org.apache.catalina.core.StandardThreadExecutor.execute(Runnable);org.apache.tomcat.util.threads.ThreadPoolExecutor;0;0;1;0.9630;118;15;10;1;0;0.9167;46;5;1
org.apache.tomcat.util.net.AprEndpoint.init();org.apache.tomcat.jni.Socket;7;0;25;0.5789;471;17;35;4;7;1.0000;37;37;34
org.apache.catalina.connector.Request.removeAttribute(String);org.apache.catalina.Context;2;1;5;0.9721;1203;127;53;2;0;0.9865;139;139;1
org.apache.catalina.connector.CoyoteAdapter.asyncDispatch(org.apache.coyote.Request, org.apache.coyote.Response, SocketStatus);org.apache.catalina.connector.Response;7;0;4;0.9744;620;12;9;4;1;0.9558;596;70;20
org.apache.jasper.compiler.JDTCompiler.CompilationUnit.getContents();org.apache.jasper.Options;3;0;0;1.0000;52;4;2;1;0;0.9697;29;29;0
org.apache.catalina.mbeans.MBeanUtils.createObjectName(String, Realm);org.apache.catalina.Context;0;0;0;1.0000;706;52;4;1;0;0.9930;139;139;1
org.apache.jasper.compiler.TagLibraryInfoImpl.createInitParam(TreeNode);org.apache.juli.logging.Log;0;0;1;0.9600;528;14;6;2;0;0.9091;18;18;0
org.apache.catalina.startup.ContextConfig.configureStart();org.apache.catalina.core.ContainerBase;1;5;4;0.8833;1103;37;18;1;0;0.9900;555;53;27
org.apache.catalina.tribes.io.DirectByteArrayOutputStream.getArrayDirect();org.apache.catalina.tribes.io.XByteBuffer;1;0;1;0.8333;15;4;1;0;1;0.9600;317;36;7
org.apache.catalina.tribes.tipis.AbstractReplicatedMap.finalize();org.apache.catalina.tribes.Channel;0;1;5;0.9104;741;50;17;2;0;0.9091;15;15;13
org.apache.jasper.compiler.TagFileProcessor.TagFileDirectiveVisitor.visit(Node.VariableDirective);org.apache.jasper.compiler.Node;0;1;6;0.8846;204;8;24;1;0;0.9667;163;7;15
org.apache.catalina.core.ContainerBase.destroyInternal();org.apache.catalina.Container;0;0;0;0;0;0;0;0;0;0;0;0;0
org.apache.catalina.manager.ManagerServlet.init();org.apache.catalina.Host;0;0;10;0.8235;924;35;13;1;0;0.9730;22;22;2
org.apache.catalina.tribes.group.interceptors.OrderInterceptor.messageReceived(ChannelMessage);org.apache.catalina.tribes.ChannelMessage;1;2;1;0.8800;141;9;8;4;0;0.7895;11;11;0
org.apache.catalina.valves.AccessLogValve.UserElement.addElement(StringBuilder, Date, Request, Response, long);org.apache.catalina.connector.Request;0;0;0;1.0000;14;1;0;1;0;0.9943;1203;127;53
org.apache.coyote.ajp.AjpProtocol.setPacketSize(int);org.apache.coyote.ajp.Constants;1;0;1;0.9783;201;32;16;0;1;1.0000;5;1;105
org.apache.catalina.connector.Request.doGetSession(boolean);org.apache.catalina.Session;0;4;6;0.9511;1203;127;53;3;0;0.9388;32;32;4
org.apache.catalina.ha.session.DeltaManager.handleSESSION_ACCESSED(SessionMessage, Member);org.apache.juli.logging.Log;2;0;4;0.9762;822;41;40;2;0;0.9200;18;18;0
org.apache.jasper.compiler.Generator.generateLocalVariables(ServletWriter, Node);org.apache.jasper.compiler.Node.JspBody;4;0;0;1.0000;782;28;18;0;1;0.9091;13;1;1
org.apache.catalina.util.ExtensionValidator.buildAvailableExtensionsList(ArrayList<ManifestResource>);org.apache.catalina.util.ManifestResource;1;0;0;1.0000;192;6;4;0;1;0.9231;100;8;7
org.apache.coyote.http11.Http11AprProcessor.prepareRequest();org.apache.tomcat.util.http.MimeHeaders;7;3;13;0.8182;954;28;36;2;0;0.9672;129;18;3
org.apache.jasper.compiler.ParserController.parseDirectives(String);org.apache.jasper.JspCompilationContext;1;1;3;0.8462;281;12;13;0;2;0.9692;426;31;31
org.apache.catalina.ha.session.DeltaManager.handleSESSION_ACCESSED(SessionMessage, Member);org.apache.catalina.session.StandardSession;2;0;4;0.9762;822;41;40;1;0;0.9881;585;58;24
org.apache.tomcat.util.modeler.modules.MbeansDescriptorsDOMSource.execute();org.apache.tomcat.util.DomUtil;2;0;3;0.8889;93;2;6;5;0;1.0000;130;14;1
org.apache.catalina.ha.jmx.ClusterJmxHelper.initMetaData(Class<?>);org.apache.tomcat.util.modeler.Registry;0;0;2;1.0000;82;7;4;1;0;0.9750;433;33;10
org.apache.catalina.tribes.group.interceptors.TwoPhaseCommitInterceptor.messageReceived(ChannelMessage);org.apache.catalina.tribes.ChannelMessage;2;0;4;0.9375;69;3;6;4;0;0.7895;11;11;0
org.apache.el.parser.AstValue.invoke(EvaluationContext, Class[], Object[]);org.apache.el.util.ReflectionUtil;0;1;0;0.9167;148;10;1;1;0;1.0000;87;7;3
org.apache.catalina.connector.Request.getPathInfo();org.apache.tomcat.util.buf.MessageBytes;1;0;1;0.9943;1203;127;53;1;0;0.9767;380;30;16
org.apache.jasper.compiler.Generator.GenerateVisitor.visit(Node.ForwardAction);org.apache.jasper.compiler.Node.ForwardAction;5;3;4;0.9028;1736;44;16;0;1;0.9565;15;1;1
org.apache.catalina.core.ApplicationContext.declareRoles(String);org.apache.catalina.util.LifecycleBase;2;1;2;0.9714;645;60;13;0;1;0.9375;88;11;4
org.apache.catalina.core.NamingContextListener.addResource(ContextResource);org.apache.tomcat.util.modeler.Registry;2;1;4;0.9070;745;23;11;2;0;0.9815;433;33;10
org.apache.catalina.ha.session.DeltaManager.messageDataReceived(ClusterMessage);org.apache.catalina.ha.session.SessionMessage;1;1;2;0.9620;822;41;40;1;5;0.8889;5;5;7
org.apache.coyote.http11.Http11AprProcessor.endRequest();org.apache.coyote.http11.AbstractInputBuffer;1;0;6;0.9403;954;28;36;0;0;1.0000;81;10;14
org.apache.jasper.compiler.TagLibraryInfoImpl.getTagLibraryInfos();org.apache.jasper.compiler.PageInfo;0;0;1;0.9524;528;14;6;1;0;0.9872;341;30;46
org.apache.catalina.core.StandardWrapper.loadServlet();org.apache.catalina.core.StandardContext;3;4;11;0.8824;748;76;36;0;1;0.9971;2421;209;114
org.apache.jasper.JspC.processFile(String);org.apache.juli.logging.Log;1;2;11;0.8737;876;35;84;7;0;0.8108;18;18;0
org.apache.tomcat.util.bcel.classfile.AnnotationEntry.getAnnotationType();org.apache.tomcat.util.bcel.Constants;2;0;2;0.8000;30;4;5;0;1;1.0000;0;0;122
org.apache.catalina.realm.JAASCallbackHandler.handle(Callback);org.apache.catalina.Container;1;0;11;0.3750;69;1;11;1;0;0.9792;35;35;6
org.apache.coyote.http11.Http11AprProtocol.Http11ConnectionHandler.unregister(Http11AprProcessor);org.apache.coyote.http11.Http11AprProtocol;4;0;1;0.9444;119;5;5;0;2;0.9909;387;76;26
org.apache.catalina.realm.MemoryRuleSet.addRuleInstances(Digester);org.apache.tomcat.util.digester.Digester;0;0;1;0.7500;11;1;1;1;0;0.9925;849;103;29
org.apache.coyote.http11.Http11AprProcessor.endRequest();org.apache.coyote.Response;1;0;6;0.9403;954;28;36;0;1;0.9778;250;19;18
org.apache.jasper.compiler.SmapUtil.SmapGenVisitor.doSmap(Node, int, int, int);org.apache.jasper.compiler.SmapUtil;2;0;1;0.9688;149;23;3;1;0;1.0000;68;4;1
org.apache.tomcat.util.http.Parameters.urlDecode(ByteChunk, String);org.apache.tomcat.util.buf.ByteChunk;2;0;2;0.9459;245;14;15;2;3;0.9091;425;43;10
org.apache.el.lang.ELSupport.coerceToEnum(Object, Class);org.apache.el.util.MessageFactory;0;0;0;1.0000;406;22;1;1;0;1.0000;24;7;1
org.apache.catalina.connector.Request.logout();org.apache.catalina.Authenticator;0;1;1;0.9886;1203;127;53;1;0;0.8000;2;2;0
org.apache.catalina.tribes.membership.McastServiceImpl.checkExpired();org.apache.juli.logging.Log;0;0;5;0.9048;309;12;28;3;0;0.8696;18;18;0
org.apache.catalina.core.ApplicationServletRegistration.setInitParameter(String, String);org.apache.catalina.Wrapper;1;1;2;0.8824;132;14;3;1;0;0.9756;39;39;0
org.apache.el.parser.AstValue.getTarget(EvaluationContext);org.apache.el.lang.EvaluationContext;0;0;0;1.0000;148;10;1;2;0;0.8889;35;7;3
org.apache.jasper.compiler.SmapGenerator.getString();org.apache.jasper.compiler.SmapStratum;0;0;5;0.4444;58;5;5;1;0;0.9412;89;6;5
org.apache.catalina.loader.WebappLoader.setRepositories();org.apache.catalina.Context;2;2;5;0.9180;553;36;17;1;0;0.9935;139;139;1
org.apache.coyote.http11.AbstractHttp11Protocol.getTruststoreProvider();org.apache.tomcat.util.net.AbstractEndpoint;1;0;1;0.9909;382;89;22;0;1;0.9859;397;29;69
org.apache.catalina.connector.Response.toAbsolute(String);org.apache.tomcat.util.buf.UEncoder;0;1;3;0.9583;596;70;20;1;0;0.9545;84;5;5
org.apache.tomcat.util.bcel.classfile.LocalVariable.getName();org.apache.tomcat.util.bcel.classfile.ConstantPool;2;0;2;0.8571;43;5;6;1;0;0.9167;130;7;2
org.apache.catalina.connector.Response.toAbsolute(String);org.apache.catalina.connector.Request;0;1;3;0.9583;596;70;20;4;0;0.9781;1203;127;53
org.apache.catalina.authenticator.FormAuthenticator.saveRequest(Request, Session);org.apache.catalina.connector.Connector;3;0;0;1.0000;236;8;3;1;0;0.9903;405;53;33
org.apache.catalina.tribes.group.GroupChannel.sendNoRpcChannelReply(RpcMessage, Member);org.apache.catalina.tribes.Channel;2;1;1;0.9714;268;24;9;0;1;1.0000;15;15;13
org.apache.jasper.compiler.ErrorDispatcher.createJavacError(String, Node.Nodes, StringBuilder, int, JspCompilationContext);org.apache.jasper.compiler.Mark;2;0;0;1.0000;158;22;2;0;2;0.9200;95;7;11
org.apache.catalina.core.StandardHostValve.custom(Request, Response, ErrorPage);org.apache.juli.logging.Log;0;0;0;1.0000;160;7;3;3;0;0.8966;18;18;0
org.apache.coyote.http11.Http11NioProtocol.Http11ConnectionHandler.event(NioChannel, SocketStatus);org.apache.tomcat.util.net.NioEndpoint.KeyAttachment;7;0;2;0.9286;177;8;6;0;1;0.9744;121;13;8
org.apache.catalina.startup.UserConfig.deploy();org.apache.catalina.Container;0;1;3;0.8696;87;10;8;1;0;0.9778;35;35;6
org.apache.catalina.core.StandardContext.postWorkDirectory();org.apache.catalina.core.StandardHost;0;5;0;0.9846;2421;209;114;1;0;0.9841;308;36;19
org.apache.catalina.core.StandardPipeline.getValves();org.apache.catalina.Valve;0;0;2;0.9048;233;15;5;1;0;0.8889;7;7;0
org.apache.tomcat.util.digester.CallMethodRule.end(String, String);org.apache.tomcat.util.digester.Digester;2;1;5;0.8065;206;7;7;3;2;0.9653;849;103;29
org.apache.jasper.compiler.Collector.CollectVisitor.visit(Node.SetProperty);org.apache.jasper.compiler.Node.JspAttribute;2;0;2;0.9091;114;15;6;0;1;0.9545;107;7;10
org.apache.catalina.realm.JDBCRealm.close(Connection);org.apache.tomcat.util.res.StringManager;0;0;3;0.8929;280;13;15;1;0;0.9000;52;3;3
org.apache.catalina.deploy.WebXml.configureContext(Context);org.apache.juli.logging.Log;5;0;30;0.7986;1536;45;42;2;0;0.9831;18;18;0
org.apache.coyote.ajp.AjpProcessor.process(SocketWrapper<Socket>);org.apache.coyote.Request;6;4;15;0.6981;659;13;32;1;2;0.9620;221;18;34
org.apache.catalina.ha.session.DeltaSession.getDiff();org.apache.catalina.ha.session.DeltaRequest;0;3;0;0.9388;399;42;7;1;0;0.9583;179;15;15
org.apache.jasper.compiler.Validator.ValidateVisitor.visit(Node.IncludeAction);org.apache.jasper.compiler.Node.IncludeAction;1;1;2;0.9545;735;37;19;0;1;0.8750;15;1;1
org.apache.catalina.valves.ExtendedAccessLogValve.ResponseAllHeaderElement.addElement(StringBuilder, Date, Request, Response, long);org.apache.catalina.connector.Response;0;0;1;0.6667;21;1;1;1;0;0.9889;596;70;20
org.apache.catalina.connector.Request.addParameter(String, String);org.apache.coyote.Request;1;0;1;0.9943;1203;127;53;0;1;0.9818;221;18;34
org.apache.catalina.session.PersistentManagerBase.processMaxIdleSwaps();org.apache.juli.logging.Log;2;1;3;0.9348;421;30;12;2;0;0.9259;18;18;0
org.apache.catalina.startup.ContextConfig.getServletContainerInitializer(InputStream);org.apache.catalina.Loader;0;0;0;0;0;0;0;0;0;0;0;0;0
org.apache.jasper.compiler.Generator.GenerateVisitor.printParams(Node, String, boolean);org.apache.jasper.compiler.Node.ParamAction;4;0;1;0.9844;1736;44;16;0;1;0.8889;15;1;1
org.apache.coyote.http11.AbstractOutputBuffer.endRequest();org.apache.coyote.http11.OutputFilter;1;0;5;0.8485;200;22;11;1;0;0.9167;6;6;0
org.apache.catalina.startup.Tomcat.destroy();org.apache.catalina.Lifecycle;0;0;0;0;0;0;0;0;0;0;0;0;0
org.apache.catalina.startup.LifecycleListenerRule.begin(String, String, Attributes);org.apache.tomcat.util.digester.Digester;1;0;2;0.6667;15;1;2;1;0;0.9927;849;103;29
org.apache.catalina.core.StandardService.startInternal();org.apache.juli.logging.Log;1;1;7;0.8571;289;26;16;2;0;0.9231;18;18;0
org.apache.coyote.ajp.AjpAprProtocol.AjpConnectionHandler.createProcessor();org.apache.coyote.ajp.AjpAprProcessor;2;1;1;0.8750;82;5;4;0;3;0.9348;623;13;30
org.apache.jasper.compiler.JspReader.nextChar();org.apache.jasper.compiler.Mark;1;1;1;0.9459;304;23;9;0;4;0.8261;95;7;11
org.apache.coyote.http11.Http11AprProcessor.prepareResponse();org.apache.tomcat.util.http.MimeHeaders;8;2;12;0.8427;954;28;36;5;1;0.8929;129;18;3
org.apache.jasper.compiler.TagFileProcessor.TagFileDirectiveVisitor.visit(Node.VariableDirective);org.apache.jasper.compiler.JspUtil;0;1;6;0.8846;204;8;24;2;0;1.0000;608;37;6
org.apache.coyote.http11.InternalNioInputBuffer.available();org.apache.coyote.http11.InputFilter;0;0;0;1.0000;396;12;12;1;0;0.9091;7;7;0
org.apache.el.parser.AstIdentifier.isReadOnly(EvaluationContext);org.apache.el.util.MessageFactory;1;0;0;1.0000;93;7;0;1;0;1.0000;24;7;1
org.apache.catalina.ha.session.SerializablePrincipal.readPrincipal(ObjectInput);org.apache.juli.logging.Log;0;0;2;1.0000;83;9;7;1;0;0.9474;18;18;0
org.apache.catalina.core.ApplicationContext.removeAttribute(String);org.apache.tomcat.util.res.StringManager;0;1;4;0.9444;645;60;13;1;0;0.9167;52;3;3
org.apache.catalina.core.ApplicationContextFacade.getAttribute(String);org.apache.catalina.security.SecurityUtil;0;1;1;0.9672;514;57;3;1;0;1.0000;146;11;17
org.apache.catalina.util.ExtensionValidator.validateManifestResources(String, ArrayList<ManifestResource>);org.apache.catalina.util.Extension;3;1;4;1.0000;192;6;4;2;1;0.8571;112;10;8
org.apache.catalina.deploy.SecurityCollection.addPattern(String);org.apache.catalina.util.RequestUtil;0;0;1;0.9545;147;14;7;1;0;1.0000;189;13;3
org.apache.catalina.startup.VersionRule.begin(String, String, Attributes);org.apache.catalina.deploy.WebXml;2;0;0;1.0000;9;1;0;2;0;0.9744;1536;45;42
org.apache.catalina.ha.deploy.FarmWarDeployer.install(String, URL);org.apache.juli.logging.Log;0;0;2;0.9796;376;28;17;2;0;0.9130;18;18;0
org.apache.catalina.connector.CoyoteReader.skip(long);org.apache.catalina.connector.InputBuffer;0;0;1;0.9333;102;12;4;1;0;0.9722;210;19;17
org.apache.catalina.deploy.NamingResources.addResourceEnvRef(ContextResourceEnvRef);org.apache.catalina.deploy.ResourceBase;1;0;3;0.9412;342;36;13;2;1;0.8333;43;9;7
org.apache.catalina.authenticator.SingleSignOn.invoke(Request, Response);org.apache.catalina.connector.Request;2;1;1;0.9355;164;12;6;6;1;0.9620;1203;127;53
org.apache.jasper.compiler.Generator.GenerateVisitor.visit(Node.CustomTag);org.apache.jasper.compiler.Node.ChildInfo;7;1;8;0.8916;1736;44;16;0;2;0.9459;36;0;6
org.apache.catalina.mbeans.MBeanFactory.createStandardManager(String);org.apache.catalina.util.LifecycleMBeanBase;0;0;0;0;0;0;0;0;0;0;0;0;0
org.apache.catalina.security.SecurityUtil.execute(Method, Object, Object[], Principal);org.apache.juli.logging.Log;1;0;2;1.0000;146;11;17;2;0;0.8947;18;18;0
org.apache.catalina.mbeans.ServerLifecycleListener.createMBeans(Server);org.apache.catalina.Service;0;2;1;0.9459;563;31;2;1;0;0.9545;15;15;0
org.apache.catalina.startup.TldConfig.lifecycleEvent(LifecycleEvent);org.apache.catalina.Lifecycle;2;2;6;0.7500;291;15;15;0;3;1.0000;6;6;11
org.apache.jasper.compiler.Generator.GenerateVisitor.evaluateAttribute(TagHandlerInfo, Node.JspAttribute, Node.CustomTag, String);org.apache.jasper.compiler.Mark;5;2;2;0.9634;1736;44;16;1;0;0.9783;95;7;11
org.apache.coyote.ajp.AjpProtocol.init();org.apache.tomcat.util.net.JIoEndpoint;3;1;4;0.9434;201;32;16;1;1;0.9130;195;10;6
org.apache.catalina.core.StandardHost.MemoryLeakTrackingListener.lifecycleEvent(LifecycleEvent);org.apache.catalina.Context;2;0;0;1.0000;8;1;0;1;0;0.9930;139;139;1
org.apache.jasper.compiler.Dumper.DumpVisitor.visit(Node.IncludeAction);org.apache.jasper.compiler.Node;1;3;0;0.8929;122;27;1;0;1;0.9655;163;7;15
org.apache.coyote.http11.Http11NioProtocol.Http11ConnectionHandler.process(NioChannel);org.apache.tomcat.util.net.SSLImplementation;9;2;3;0.8438;177;8;6;1;0;0.9643;30;6;3
org.apache.tomcat.util.buf.StringCache.compare(CharChunk, char[]);org.apache.tomcat.util.buf.CharChunk;1;0;0;1.0000;361;13;14;0;3;0.9375;393;39;8
org.apache.jasper.compiler.TagLibraryInfoImpl.createTagInfo(TreeNode, String);org.apache.jasper.JspCompilationContext;0;2;3;0.8214;528;14;6;1;0;0.9863;426;31;31
org.apache.catalina.session.PersistentManagerBase.processExpires();org.apache.catalina.session.StoreBase;0;3;2;0.9091;421;30;12;1;0;0.9524;86;10;5
org.apache.catalina.tribes.group.ChannelCoordinator.internalStart(int);org.apache.catalina.tribes.ChannelSender;3;0;4;0.8750;164;15;5;1;0;0.9500;6;6;0
org.apache.jasper.compiler.TagPluginManager.TagPluginContextImpl.getParentContext();org.apache.jasper.compiler.Node.CustomTag;2;0;1;0.9524;72;15;4;0;1;0.9756;218;9;26
org.apache.catalina.startup.ContextConfig.destroy();org.apache.catalina.core.StandardContext;0;0;3;0.9792;1103;37;18;1;0;0.9969;2421;209;114
org.apache.catalina.connector.RequestFacade.getPathTranslated();org.apache.tomcat.util.res.StringManager;0;0;2;0.9859;450;69;2;1;0;0.8571;52;3;3
org.apache.coyote.Response.recycle();org.apache.tomcat.util.http.MimeHeaders;1;0;14;0.6486;250;19;18;1;0;0.9706;129;18;3
org.apache.catalina.core.ApplicationDispatcher.invoke(ServletRequest, ServletResponse, State);org.apache.catalina.core.ApplicationFilterFactory;3;3;4;0.8462;421;14;11;2;0;0.9643;189;6;3
org.apache.catalina.mbeans.NamingResourcesMBean.addResource(String, String);org.apache.tomcat.util.modeler.Registry;1;0;1;0.9444;138;9;2;1;0;0.9783;433;33;10
org.apache.jasper.compiler.Generator.genPreambleStaticInitializers();org.apache.jasper.compiler.PageInfo;1;0;2;0.9556;782;28;18;0;1;0.9884;341;30;46
org.apache.catalina.realm.RealmBase.hasResourcePermission(Request, Response, SecurityConstraint[], Context);org.apache.tomcat.util.buf.MessageBytes;1;1;3;0.9701;672;37;22;1;0;0.9828;380;30;16
org.apache.coyote.http11.Http11Processor.action(ActionCode, Object);org.apache.coyote.Response;9;1;7;0.8889;731;12;7;0;2;0.9770;250;19;18
org.apache.coyote.http11.InternalAprInputBuffer.doRead(ByteChunk, Request);org.apache.coyote.InputBuffer;0;0;3;0.8966;358;13;15;1;0;0.8000;1;1;0
org.apache.tomcat.util.buf.UDecoder.convert(CharChunk, boolean);org.apache.tomcat.util.buf.CharChunk;1;2;0;1.0000;152;11;1;0;3;0.9375;393;39;8
org.apache.jasper.compiler.Compiler.isOutDated(boolean);org.apache.jasper.Options;2;0;3;0.9032;310;11;8;1;0;0.9773;29;29;0
org.apache.coyote.http11.filters.IdentityInputFilter.doRead(ByteChunk, Request);org.apache.coyote.InputBuffer;1;0;3;0.7692;57;5;6;1;0;0.8750;1;1;0
org.apache.catalina.core.StandardService.getExecutor(String);org.apache.catalina.Executor;0;0;1;0.9744;289;26;16;1;0;0.6667;2;2;0
org.apache.jasper.compiler.TextOptimizer.TextCatVisitor.visit(Node.TemplateText);org.apache.jasper.compiler.Node.TemplateText;3;0;6;0.6842;41;9;6;1;1;0.9375;42;5;1
org.apache.tomcat.util.net.AprEndpoint.Poller.init();org.apache.tomcat.util.net.AprEndpoint;1;0;6;0.6471;168;4;7;1;3;0.9333;471;17;35
org.apache.jasper.compiler.PageInfo.setBufferValue(String, Node, ErrorDispatcher);org.apache.jasper.compiler.ErrorDispatcher;0;0;2;0.9744;341;30;46;2;0;0.9130;158;22;2
org.apache.catalina.mbeans.MBeanUtils.createObjectName(String, ContextResourceLink);org.apache.catalina.Host;1;0;0;1.0000;706;52;4;1;0;0.9630;22;22;2
org.apache.catalina.servlets.DefaultServlet.copy(CacheEntry, PrintWriter, Range);org.apache.naming.resources.CacheEntry;1;1;1;0.9623;1001;37;20;0;1;0.9333;13;2;8
org.apache.catalina.realm.CombinedRealm.getPrincipal(String);org.apache.juli.logging.Log;0;0;1;1.0000;151;12;2;1;0;0.9474;18;18;0
org.apache.tomcat.util.http.MimeHeaders.removeHeader(String);org.apache.tomcat.util.http.MimeHeaderField;1;1;2;0.8636;129;18;3;0;1;0.9000;13;1;4
org.apache.catalina.connector.Response.getHeaders(String);org.apache.coyote.Response;1;0;1;0.9888;596;70;20;0;1;0.9744;250;19;18
org.apache.catalina.startup.ContextConfig.checkHandlesTypes(JavaClass);org.apache.juli.logging.Log;0;0;0;0;0;0;0;0;0;0;0;0;0
org.apache.catalina.core.StandardContext.loadOnStartup(Container);org.apache.juli.logging.Log;1;0;0;1.0000;2421;209;114;1;0;0.9545;18;18;0
org.apache.catalina.ha.session.BackupManager.startInternal();org.apache.catalina.ha.CatalinaCluster;1;2;4;0.8710;135;20;7;1;0;0.9667;20;20;1
org.apache.coyote.http11.Http11Processor.parseHost(MessageBytes);org.apache.coyote.Adapter;5;0;2;0.9394;731;12;7;0;0;1.0000;3;3;0
org.apache.naming.java.javaURLContextFactory.getObjectInstance(Object, Name, Context, Hashtable<?,?>);org.apache.naming.ContextBindings;0;0;0;1.0000;19;2;2;2;0;1.0000;112;21;6
org.apache.jasper.compiler.ParserController.determineSyntaxAndEncoding(String, JarFile, String);org.apache.jasper.Options;3;2;8;0.6774;281;12;13;1;0;0.9778;29;29;0
org.apache.catalina.core.StandardWrapper.unload();org.apache.juli.logging.Log;4;1;10;0.9130;748;76;36;1;0;0.9722;18;18;0
org.apache.catalina.tribes.group.interceptors.GzipInterceptor.sendMessage(Member[], ChannelMessage, InterceptorPayload);org.apache.juli.logging.Log;1;1;1;1.0000;47;5;2;1;0;0.9600;18;18;0
org.apache.catalina.servlets.CGIServlet.CGIRunner.sendToLog(BufferedReader);org.apache.catalina.servlets.CGIServlet;1;0;0;1.0000;250;8;7;0;1;0.8889;195;4;8
org.apache.catalina.core.StandardContext.getBasePath();org.apache.catalina.Host;0;2;0;0.9938;2421;209;114;1;0;0.9600;22;22;2
org.apache.el.parser.ELParser.NonLiteral();org.apache.el.parser.ELParserConstants;1;6;3;0.9333;2270;112;22;0;3;0.9538;0;0;56
org.apache.catalina.core.NamingContextListener.addResourceLink(ContextResourceLink);org.apache.catalina.deploy.ResourceBase;3;0;5;0.9250;745;23;11;4;0;0.8261;43;9;7
org.apache.jasper.tagplugins.jstl.core.When.doTag(TagPluginContext);org.apache.jasper.compiler.tagplugin.TagPluginContext;0;0;0;1.0000;17;1;0;7;0;0.5000;14;14;0
org.apache.catalina.core.ContainerBase.invoke(Request, Response);org.apache.catalina.Valve;0;0;1;0.9873;555;53;27;1;0;0.8889;7;7;0
org.apache.coyote.ajp.AjpAprProcessor.readt(int, boolean);org.apache.tomcat.util.res.StringManager;1;0;3;0.9487;623;13;30;1;0;0.8571;52;3;3
org.apache.jasper.compiler.Generator.generatePageScopedVariables(JasperTagInfo);org.apache.jasper.compiler.JasperTagInfo;1;2;2;0.9574;782;28;18;1;1;0.8462;10;1;1
org.apache.coyote.ajp.AjpMessage.appendBytes(MessageBytes);org.apache.tomcat.util.buf.MessageBytes;1;5;2;0.8333;235;23;5;1;5;0.9167;380;30;16
org.apache.catalina.connector.Request.parseParameters();org.apache.tomcat.util.res.StringManager;4;5;9;0.9351;1203;127;53;1;0;0.9643;52;3;3
org.apache.jasper.compiler.JspDocumentParser.checkScriptingBody(Node.ScriptingElement);org.apache.jasper.compiler.Node;2;0;0;1.0000;663;28;20;0;1;0.9643;163;7;15
org.apache.jasper.compiler.AntCompiler.generateClass(String[]);org.apache.jasper.compiler.ErrorDispatcher;2;2;4;0.8333;158;3;4;2;0;0.9592;158;22;2
org.apache.el.ExpressionFactoryImpl.createValueExpression(Object, Class<?>);org.apache.el.util.MessageFactory;0;0;0;1.0000;26;4;0;1;0;1.0000;24;7;1
org.apache.jasper.servlet.JspServletWrapper.service(HttpServletRequest, HttpServletResponse, boolean);org.apache.jasper.compiler.JspRuntimeContext;0;2;7;0.7000;314;11;15;0;0;1.0000;187;11;10
org.apache.tomcat.util.modeler.ManagedBean.addOperation(OperationInfo);org.apache.tomcat.util.modeler.FeatureInfo;0;0;1;0.9706;252;23;13;1;0;0.8750;18;3;5
org.apache.catalina.loader.WebappLoader.setContainer(Container);org.apache.catalina.Context;0;1;2;0.9434;553;36;17;1;0;0.9931;139;139;1
org.apache.tomcat.util.net.JIoEndpoint.processSocket(Socket);org.apache.juli.logging.Log;1;0;1;1.0000;195;10;6;2;0;0.9091;18;18;0
org.apache.jasper.compiler.Validator.ValidateVisitor.visit(Node.ParamAction);org.apache.jasper.compiler.JspUtil;1;2;2;0.9318;735;37;19;1;0;1.0000;608;37;6
org.apache.jasper.compiler.TldLocationsCache.tldScanWebXml();org.apache.jasper.xmlparser.ParserUtils;1;1;4;0.8824;200;9;11;1;0;0.9091;58;3;3
org.apache.catalina.realm.DataSourceRealm.getRoles(Connection, String);org.apache.juli.logging.Log;1;1;0;0.9565;244;13;11;1;0;0.9500;18;18;0
org.apache.coyote.http11.InternalInputBuffer.parseRequestLine(boolean);org.apache.coyote.http11.Constants;2;1;0;0.9444;240;5;0;0;5;1.0000;0;0;44
org.apache.catalina.valves.AccessLogValve.SessionIdElement.addElement(StringBuilder, Date, Request, Response, long);org.apache.catalina.connector.Request;0;0;0;1.0000;13;1;0;2;0;0.9886;1203;127;53
org.apache.catalina.tribes.group.ChannelCoordinator.internalStart(int);org.apache.catalina.tribes.membership.McastService;3;0;4;0.8750;164;15;5;0;1;0.9872;353;55;13
org.apache.tomcat.util.net.NioSelectorPool.close();org.apache.tomcat.util.net.NioBlockingSelector;0;1;7;0.6316;182;9;12;1;0;0.9286;111;4;4
org.apache.catalina.tribes.group.interceptors.NonBlockingCoordinator.CoordinationMessage.parse();org.apache.catalina.tribes.io.XByteBuffer;1;0;6;0.6471;90;8;7;1;1;0.9667;317;36;7
org.apache.jasper.compiler.Validator.ValidateVisitor.throwErrorIfExpression(Node, String, String);org.apache.jasper.compiler.ErrorDispatcher;2;1;1;0.9535;735;37;19;1;0;0.9583;158;22;2
org.apache.catalina.connector.CoyoteAdapter.parsePathParameters(org.apache.coyote.Request, Request);org.apache.catalina.connector.Request;0;0;0;0;0;0;0;0;0;0;0;0;0
org.apache.el.parser.ELParser.CompositeExpression();org.apache.el.parser.ELParserTreeConstants;2;5;4;0.9357;2270;112;22;0;1;0.9804;0;0;35
org.apache.jasper.compiler.Generator.GenerateVisitor.attributeValue(Node.JspAttribute, boolean, Class<?>);org.apache.jasper.compiler.ELNode.Nodes;2;0;1;0.9851;1736;44;16;0;1;0.9375;35;5;2
org.apache.catalina.tribes.group.interceptors.FragmentationInterceptor.FragCollection.addMessage(ChannelMessage);org.apache.catalina.tribes.io.XByteBuffer;1;0;1;0.9091;30;4;3;2;2;0.8846;317;36;7
org.apache.tomcat.util.bcel.classfile.LineNumberTable.copy(ConstantPool);org.apache.tomcat.util.bcel.classfile.LineNumber;0;0;2;0.8000;50;4;2;1;0;0.9091;22;3;2
org.apache.catalina.tribes.membership.McastService.hasMembers();org.apache.catalina.tribes.membership.McastServiceImpl;1;0;1;0.9846;353;55;13;0;1;0.9756;309;12;28
org.apache.jasper.compiler.ScriptingVarVisitor.visit(Node.CustomTag);org.apache.jasper.compiler.Node.CustomTag;3;0;0;1.0000;46;1;1;1;3;0.9091;218;9;26
org.apache.catalina.ha.tcp.ReplicationValve.sendCrossContextSession(CatalinaCluster);org.apache.juli.logging.Log;1;1;5;0.8857;278;16;17;2;0;0.9200;18;18;0
org.apache.catalina.authenticator.FormAuthenticator.savedRequestURL(Session);org.apache.catalina.Session;1;0;0;1.0000;236;8;3;1;0;0.9706;32;32;4
org.apache.catalina.session.JDBCStore.load(String);org.apache.catalina.Manager;2;5;6;0.8308;495;34;23;2;0;0.9636;35;35;0
org.apache.jasper.compiler.TagLibraryInfoImpl.createValidator(TreeNode);org.apache.jasper.xmlparser.TreeNode;0;1;3;0.8519;528;14;6;3;0;0.8929;109;13;5
org.apache.tomcat.util.net.NioEndpoint.PollerEvent.run();org.apache.tomcat.util.net.NioChannel;4;0;3;0.8125;60;4;3;0;2;0.9333;83;15;5
org.apache.catalina.ha.backend.MultiCastSender.send(String);org.apache.catalina.ha.backend.HeartbeatListener;1;0;4;0.6250;41;1;4;0;4;0.7333;82;2;10
org.apache.catalina.connector.Request.cometClose();org.apache.coyote.Request;1;1;1;0.9885;1203;127;53;1;0;0.9818;221;18;34
org.apache.jasper.compiler.SmapUtil.SDEInstaller.copyAttrs(int);org.apache.juli.logging.Log;0;5;2;0.7308;227;21;8;2;0;0.9200;18;18;0
org.apache.coyote.ajp.AjpAprProcessor.action(ActionCode, Object);org.apache.tomcat.jni.Socket;6;3;13;0.7636;623;13;30;1;0;1.0000;37;37;34
org.apache.coyote.http11.InternalAprInputBuffer.parseRequestLine(boolean);org.apache.tomcat.util.res.StringManager;2;1;5;0.8571;358;13;15;1;0;0.9412;52;3;3
org.apache.catalina.core.ApplicationContextFacade.setAttribute(String, Object);org.apache.catalina.security.SecurityUtil;0;1;1;0.9672;514;57;3;1;0;1.0000;146;11;17
org.apache.coyote.ajp.AjpProtocol.AjpConnectionHandler.createProcessor();org.apache.coyote.ajp.AjpProtocol;2;1;1;0.8947;90;5;5;0;6;0.8868;201;32;16
org.apache.jasper.compiler.Dumper.DumpVisitor.visit(Node.UseBean);org.apache.jasper.compiler.Node;1;3;0;0.8929;122;27;1;0;1;0.9655;163;7;15
org.apache.catalina.tribes.membership.McastService.broadcast(ChannelMessage);org.apache.catalina.tribes.io.XByteBuffer;2;0;1;0.9846;353;55;13;1;0;1.0000;317;36;7
org.apache.coyote.ajp.AjpAprProcessor.process(long);org.apache.coyote.ajp.Constants;5;4;14;0.7115;623;13;30;0;2;1.0000;5;1;105
org.apache.jasper.compiler.Compiler.compile(boolean, boolean);org.apache.jasper.servlet.JspServletWrapper;1;2;7;0.6400;310;11;8;1;0;0.9767;314;11;15
org.apache.jasper.compiler.Generator.GenBuffer.adjustJavaLine(Node, int);org.apache.jasper.compiler.Node;1;0;0;1.0000;47;3;4;0;2;0.9231;163;7;15
org.apache.catalina.core.ApplicationContext.getRequestDispatcher(String);org.apache.tomcat.util.buf.MessageBytes;3;1;3;0.9639;645;60;13;2;1;0.9464;380;30;16
org.apache.catalina.ha.backend.TcpSender.send(String);org.apache.catalina.ha.backend.Proxy;2;1;6;0.5000;138;3;6;0;2;0.8462;0;0;4
org.apache.coyote.ajp.AjpProtocol.setBacklog(int);org.apache.tomcat.util.net.AbstractEndpoint;0;0;1;0.9787;201;32;16;1;0;0.9859;397;29;69
org.apache.coyote.ajp.AjpAprProtocol.AjpConnectionHandler.asyncDispatch(long, SocketStatus);org.apache.tomcat.util.net.AprEndpoint;0;0;0;0;0;0;0;0;0;0;0;0;0
org.apache.jasper.runtime.PageContextImpl.removeAttribute(String);org.apache.jasper.security.SecurityUtil;0;1;0;0.9811;634;40;16;1;0;1.0000;31;2;1
org.apache.tomcat.util.net.AprEndpoint.Sendfile.remove(SendfileData);org.apache.tomcat.jni.Status;2;0;3;0.7273;187;5;6;0;1;1.0000;160;54;59
org.apache.coyote.http11.InternalAprOutputBuffer.SocketOutputBuffer.doWrite(ByteChunk, Response);org.apache.tomcat.util.buf.ByteChunk;2;0;0;1.0000;18;1;0;1;2;0.9388;425;43;10
org.apache.jasper.compiler.Dumper.DumpVisitor.visit(Node.GetProperty);org.apache.jasper.compiler.Node;1;1;0;0.9643;122;27;1;0;1;0.9630;163;7;15
org.apache.catalina.connector.RequestFacade.GetParameterPrivilegedAction.run();org.apache.catalina.connector.Request;1;0;1;0.6667;6;1;1;1;0;0.9943;1203;127;53
org.apache.catalina.loader.WebappLoader.backgroundProcess();org.apache.catalina.Container;0;2;2;0.9245;553;36;17;1;0;0.9756;35;35;6
org.apache.coyote.http11.Http11Processor.prepareResponse();org.apache.coyote.http11.Constants;6;0;1;0.9804;731;12;7;0;10;1.0000;0;0;44
org.apache.catalina.manager.JMXProxyServlet.setAttribute(PrintWriter, String, String, String);org.apache.tomcat.util.modeler.Registry;0;0;2;0.8182;129;8;2;2;0;0.9512;433;33;10
org.apache.catalina.core.StandardContext.stopInternal();org.apache.catalina.Lifecycle;1;7;5;0.9673;2421;209;114;1;1;0.9688;6;6;11
org.apache.catalina.mbeans.MBeanUtils.getContainerKeyProperties(Container);org.apache.catalina.Container;0;0;0;0;0;0;0;0;0;0;0;0;0
org.apache.tomcat.util.buf.StringCache.find(ByteChunk);org.apache.tomcat.util.buf.ByteChunk;0;2;1;1.0000;361;13;14;1;0;0.9800;425;43;10
org.apache.catalina.mbeans.GroupMBean.getRoles();org.apache.tomcat.util.modeler.ManagedBean;0;0;1;0.9000;63;4;3;1;0;0.9730;252;23;13
org.apache.jasper.compiler.Compiler.generateJava();org.apache.jasper.compiler.ErrorDispatcher;12;1;7;0.8621;310;11;8;1;0;0.9853;158;22;2
org.apache.catalina.servlets.DefaultServlet.doDelete(HttpServletRequest, HttpServletResponse);org.apache.naming.resources.ProxyDirContext;0;1;2;0.9412;1001;37;20;2;0;0.9750;469;64;15
org.apache.coyote.ajp.AjpMessage.appendString(String);org.apache.tomcat.util.res.StringManager;0;2;2;0.9231;235;23;5;1;0;0.8750;52;3;3
org.apache.jasper.compiler.TldLocationsCache.TldJarScannerCallback.scan(File);org.apache.jasper.compiler.TldLocationsCache;0;0;0;1.0000;9;2;0;1;0;0.9091;200;9;11
org.apache.tomcat.util.bcel.classfile.Field.toString();org.apache.tomcat.util.bcel.classfile.Utility;0;1;0;0.9000;37;4;1;2;0;1.0000;428;19;5
org.apache.catalina.core.ApplicationFilterFactory.createFilterChain(ServletRequest, Wrapper, Servlet);org.apache.catalina.connector.Request;3;3;2;0.8333;189;6;3;1;2;0.9840;1203;127;53
org.apache.coyote.http11.filters.GzipOutputFilter.FakeOutputStream.write(byte[], int, int);org.apache.coyote.http11.filters.GzipOutputFilter;1;0;1;0.8750;13;4;2;0;1;0.9000;26;4;5
org.apache.coyote.http11.Http11NioProcessor.asyncDispatch(SocketStatus);org.apache.coyote.Constants;7;1;4;0.9024;840;14;11;0;2;1.0000;0;0;14
org.apache.tomcat.util.digester.Digester.peek(String);org.apache.tomcat.util.digester.ArrayStack;0;0;2;0.9852;849;103;29;1;0;0.9167;53;6;1
org.apache.catalina.manager.StatusTransformer.writeHeader(PrintWriter, int);org.apache.catalina.manager.Constants;1;0;0;1.0000;601;20;0;0;3;1.0000;0;0;11
org.apache.catalina.ha.session.SimpleTcpReplicationManager.readSession(byte[], String);org.apache.catalina.ha.session.ReplicatedSession;1;2;1;0.9600;356;17;15;3;2;0.9231;122;16;4
org.apache.jasper.compiler.Parser.parse(ParserController, JspReader, Node, boolean, boolean, JarResource, String, String, boolean, boolean);org.apache.jasper.compiler.Node.Root;4;3;0;0.9595;1185;55;13;0;4;0.8000;56;2;8
org.apache.catalina.session.StandardManager.unload();org.apache.juli.logging.Log;0;1;1;0.9091;304;16;7;2;0;0.9000;18;18;0
org.apache.catalina.valves.ExtendedAccessLogValve.getLogElement(String, PatternTokenizer);org.apache.juli.logging.Log;0;4;1;0.6667;367;10;2;1;0;0.9583;18;18;0
org.apache.coyote.ajp.AjpProtocol.AjpConnectionHandler.unregister(AjpProcessor);org.apache.coyote.ajp.AjpProtocol;4;0;1;0.9444;90;5;5;0;2;0.9821;201;32;16
org.apache.jasper.compiler.JDTCompiler.generateClass(String[]);org.apache.juli.logging.Log;2;0;1;0.9565;317;1;1;4;0;0.8919;18;18;0
org.apache.el.parser.ELParser.BracketSuffix();org.apache.el.parser.ELParserConstants;2;2;1;0.9784;2270;112;22;0;2;0.9688;0;0;56
org.apache.jasper.compiler.JspRuntimeContext.checkUnload();org.apache.jasper.Options;0;0;0;0;0;0;0;0;0;0;0;0;0
org.apache.coyote.ajp.AjpAprProtocol.AjpConnectionHandler.register(AjpAprProcessor);org.apache.coyote.ajp.AjpAprProcessor;4;0;3;0.8333;82;5;4;0;1;0.9804;623;13;30
org.apache.jasper.compiler.TagLibraryInfoImpl.parseTLD(String, InputStream, JarResource);org.apache.juli.logging.Log;0;4;3;0.7500;528;14;6;2;0;0.9355;18;18;0
org.apache.catalina.ha.session.DeltaManager.handleALL_SESSION_TRANSFERCOMPLETE(SessionMessage, Member);org.apache.catalina.tribes.Member;1;0;6;0.9512;822;41;40;2;0;0.9000;13;13;1
org.apache.catalina.manager.ManagerServlet.undeploy(PrintWriter, String);org.apache.catalina.Container;1;9;4;0.7391;924;35;13;1;0;0.9792;35;35;6
org.apache.jasper.compiler.Validator.ValidateVisitor.visit(Node.Declaration);org.apache.jasper.compiler.PageInfo;1;0;2;0.9545;735;37;19;0;1;0.9877;341;30;46
org.apache.catalina.core.AprLifecycleListener.lifecycleEvent(LifecycleEvent);org.apache.juli.logging.Log;1;3;3;1.0000;111;7;14;1;0;0.9500;18;18;0
org.apache.catalina.servlets.DefaultServlet.renderXml(String, CacheEntry, InputStream);org.apache.catalina.util.RequestUtil;1;3;3;0.8966;1001;37;20;1;0;1.0000;189;13;3
org.apache.el.parser.AstEmpty.getValue(EvaluationContext);org.apache.el.parser.Node;0;0;0;1.0000;25;2;0;1;0;0.9444;17;17;0
org.apache.catalina.core.StandardContext.startInternal();org.apache.catalina.Lifecycle;6;27;13;0.8904;2421;209;114;1;1;0.9875;6;6;11
org.apache.jasper.security.SecurityUtil.isPackageProtectionEnabled();org.apache.jasper.Constants;1;0;1;1.0000;31;2;1;0;1;1.0000;0;0;33
org.apache.catalina.manager.ManagerServlet.stop(PrintWriter, String);org.apache.tomcat.util.res.StringManager;1;0;4;0.9375;924;35;13;1;0;0.9091;52;3;3
org.apache.tomcat.util.net.NioBlockingSelector.write(ByteBuffer, NioChannel, long, MutableInteger);org.apache.tomcat.util.net.NioEndpoint.KeyAttachment;4;0;1;0.9474;111;4;4;3;1;0.8750;121;13;8
org.apache.tomcat.util.digester.SetPropertyRule.begin(String, String, Attributes);org.apache.tomcat.util.IntrospectionUtils;2;0;2;0.8571;40;2;2;1;0;1.0000;595;31;4
org.apache.catalina.tribes.io.ObjectReader.bufferSize();org.apache.catalina.tribes.io.XByteBuffer;1;0;1;0.9375;71;9;5;0;1;0.9600;317;36;7
org.apache.catalina.core.ApplicationServletRegistration.getInitParameter(String);org.apache.catalina.Wrapper;0;0;1;0.9412;132;14;3;1;0;0.9750;39;39;0
org.apache.catalina.core.DefaultInstanceManager.processAnnotations(Object, Map<String,String>);org.apache.catalina.Globals;1;2;1;0.9524;316;14;9;0;1;1.0000;0;0;39
org.apache.jasper.compiler.JspDocumentParser.processIncludeDirective(String, Node);org.apache.jasper.compiler.ParserController;0;0;2;0.9535;663;28;20;1;0;0.9630;281;12;13
org.apache.jasper.compiler.ParserController.determineSyntaxAndEncoding(String, JarFile, String);org.apache.jasper.compiler.JspReader;3;2;8;0.6774;281;12;13;2;1;0.9375;304;23;9
org.apache.coyote.http11.Http11AprProtocol.setExecutor(Executor);org.apache.tomcat.util.net.AbstractEndpoint;0;0;1;0.9901;387;76;26;1;0;0.9859;397;29;69
org.apache.catalina.connector.Request.authenticate(HttpServletResponse);org.apache.catalina.Authenticator;0;0;2;0.9944;1203;127;53;1;0;0.8333;2;2;0
org.apache.jasper.compiler.PageDataImpl.SecondPassVisitor.appendCDATA(String);org.apache.jasper.compiler.PageDataImpl;1;1;1;0.9574;307;41;6;0;2;1.0000;15;1;4
org.apache.catalina.ha.session.DeltaManager.handleSESSION_CREATED(SessionMessage, Member);org.apache.juli.logging.Log;3;1;5;0.9570;822;41;40;2;0;0.9444;18;18;0
org.apache.catalina.connector.InputBuffer.reset();org.apache.tomcat.util.buf.CharChunk;1;0;7;0.8421;210;19;17;1;1;0.9643;393;39;8
org.apache.jasper.compiler.Generator.GenerateVisitor.visit(Node.SetProperty);org.apache.jasper.compiler.Generator;6;0;1;0.9867;1736;44;16;1;0;1.0000;782;28;18
org.apache.coyote.ajp.AjpProcessor.action(ActionCode, Object);org.apache.tomcat.util.buf.MessageBytes;9;3;14;0.7541;659;13;32;4;1;0.9306;380;30;16
org.apache.tomcat.util.net.AprEndpoint.processSocketWithOptions(long);org.apache.tomcat.util.res.StringManager;0;0;1;1.0000;471;17;35;1;0;0.8750;52;3;3
org.apache.catalina.realm.JNDIRealm.getPrincipal(String);org.apache.juli.logging.Log;0;4;0;0.9474;742;44;32;2;0;0.9167;18;18;0
org.apache.catalina.core.ApplicationFilterChain.internalDoFilterEvent(CometEvent);org.apache.catalina.comet.CometProcessor;1;0;7;0.7647;231;9;13;1;0;0.8889;1;1;0
org.apache.tomcat.util.http.mapper.Mapper.internalMap(CharChunk, CharChunk, MappingData);org.apache.tomcat.util.buf.MessageBytes;2;6;2;0.9333;837;39;5;1;0;0.9831;380;30;16
org.apache.coyote.ajp.AjpProcessor.read(byte[], int, int);org.apache.tomcat.util.res.StringManager;0;0;2;0.9756;659;13;32;1;0;0.8333;52;3;3
org.apache.catalina.core.StandardHostValve.invoke(Request, Response);org.apache.catalina.Container;1;2;1;0.9000;160;7;3;2;0;0.9592;35;35;6
org.apache.catalina.startup.ContextConfig.getContextWebXmlSource();org.apache.catalina.startup.Constants;4;0;3;0.9796;1103;37;18;0;1;1.0000;0;0;59
org.apache.jasper.compiler.ParserController.getJspConfigPageEncoding(String);org.apache.jasper.compiler.JspConfig;2;0;1;0.9643;281;12;13;1;0;0.9412;304;6;13
org.apache.jasper.compiler.Generator.GenerateVisitor.convertString(Class<?>, String, String, Class<?>, boolean);org.apache.jasper.compiler.Generator;0;0;0;1.0000;1736;44;16;1;0;1.0000;782;28;18
org.apache.jasper.compiler.Parser.parseInvoke(Node);org.apache.jasper.compiler.JspReader;0;2;2;0.9375;1185;55;13;1;0;0.9737;304;23;9
org.apache.coyote.http11.Http11AprProtocol.Http11ConnectionHandler.event(long, SocketStatus);org.apache.tomcat.util.res.StringManager;2;0;3;0.8333;119;5;5;1;0;0.9375;52;3;3
org.apache.catalina.manager.host.HostManagerServlet.stop(PrintWriter, String);org.apache.catalina.Lifecycle;1;0;4;0.8500;310;13;8;1;0;0.9000;6;6;11
org.apache.coyote.http11.InternalNioOutputBuffer.writeToSocket(ByteBuffer, boolean, boolean);org.apache.tomcat.util.net.SocketWrapper;1;0;4;0.8095;117;9;5;0;1;0.9545;60;2;11
org.apache.catalina.mbeans.MBeanUtils.createObjectName(String, Valve);org.apache.catalina.util.LifecycleMBeanBase;0;0;0;0;0;0;0;0;0;0;0;0;0
org.apache.catalina.core.ApplicationHttpRequest.getSession(boolean);org.apache.catalina.Session;0;0;3;0.9388;327;29;17;3;0;0.9211;32;32;4
org.apache.catalina.connector.RequestFacade.isRequestedSessionIdFromCookie();org.apache.catalina.connector.Request;0;0;2;0.9859;450;69;2;1;0;0.9943;1203;127;53
org.apache.catalina.deploy.NamingResources.removeResource(String);org.apache.catalina.deploy.ResourceBase;1;0;3;0.9388;342;36;13;0;1;0.9444;43;9;7
org.apache.catalina.startup.TaglibListenerRule.body(String, String, String);org.apache.catalina.startup.TaglibUriRule;1;0;1;0.8333;9;1;1;0;1;0.8750;25;1;1
org.apache.catalina.session.ManagerBase.getEngine();org.apache.catalina.Container;0;1;0;0.9884;518;58;32;1;0;0.9722;35;35;6
org.apache.catalina.mbeans.ServerLifecycleListener.createMBeans(NamingResources);org.apache.catalina.mbeans.MBeanUtils;0;3;1;0.9189;563;31;2;1;0;1.0000;706;52;4
org.apache.catalina.deploy.WebXml.toXml();org.apache.catalina.deploy.MultipartDef;9;3;29;0.8373;1536;45;42;0;4;0.9677;78;2;4
org.apache.jasper.compiler.TagLibraryInfoImpl.createVariable(TreeNode);org.apache.juli.logging.Log;0;0;1;0.9600;528;14;6;2;0;0.9091;18;18;0
org.apache.catalina.ha.session.JvmRouteBinderValve.handleJvmRoute(Request, String, String);org.apache.catalina.Manager;1;3;3;0.7778;165;11;7;1;0;0.9756;35;35;0
org.apache.catalina.connector.RequestFacade.getRequestURI();org.apache.catalina.connector.Request;0;0;2;0.9859;450;69;2;1;0;0.9943;1203;127;53
org.apache.catalina.session.StandardSession.fireSessionEvent(String, Object);org.apache.catalina.SessionListener;0;0;1;0.9868;585;58;24;1;0;0.5000;1;1;0
org.apache.catalina.tribes.group.interceptors.GzipInterceptor.messageReceived(ChannelMessage);org.apache.catalina.tribes.io.XByteBuffer;1;1;1;1.0000;47;5;2;3;1;0.8571;317;36;7
org.apache.tomcat.util.modeler.modules.MbeansSource.execute();org.apache.tomcat.util.modeler.Registry;2;2;7;0.7308;198;11;10;2;0;0.9811;433;33;10
org.apache.tomcat.util.bcel.classfile.PMGClass.getPMGClassName();org.apache.tomcat.util.bcel.classfile.ConstantUtf8;2;0;1;0.9091;27;5;2;0;1;0.8571;14;2;1
org.apache.catalina.mbeans.MBeanFactory.removeLoader(String);org.apache.catalina.core.ContainerBase;0;1;0;0.9697;401;31;3;1;0;0.9873;555;53;27
org.apache.coyote.ajp.AjpProtocol.AjpConnectionHandler.register(AjpProcessor);org.apache.tomcat.util.modeler.Registry;4;0;3;0.8421;90;5;5;2;0;0.9804;433;33;10
org.apache.catalina.mbeans.GlobalResourcesLifecycleListener.lifecycleEvent(LifecycleEvent);org.apache.catalina.LifecycleEvent;1;2;1;0.5714;103;5;3;2;0;0.8182;18;3;3
org.apache.jasper.JspCompilationContext.getTldLocation(String);org.apache.jasper.compiler.TldLocationsCache;0;0;1;0.9839;426;31;31;1;0;0.9231;200;9;11
org.apache.tomcat.util.bcel.classfile.ConstantPool.constantToString(Constant);org.apache.tomcat.util.bcel.classfile.ConstantFloat;11;3;0;0.9000;130;7;2;0;1;0.9444;17;2;1
org.apache.catalina.ha.session.JvmRouteBinderValve.sendSessionIDClusterBackup(ClusterManager, Request, String, String);org.apache.catalina.Container;1;0;1;0.9615;165;11;7;2;0;0.9556;35;35;6
org.apache.catalina.ha.session.ReplicatedSession.invalidate();org.apache.catalina.ha.session.SimpleTcpReplicationManager;0;0;1;0.9583;122;16;4;1;0;0.9722;356;17;15
org.apache.jasper.compiler.Compiler.setupContextWriter(String);org.apache.jasper.compiler.ErrorDispatcher;1;0;2;0.9091;310;11;8;1;0;0.9615;158;22;2
org.apache.coyote.ajp.AjpProtocol.AjpConnectionHandler.createProcessor();org.apache.coyote.ajp.AjpProcessor;2;1;1;0.8947;90;5;5;0;4;0.9184;659;13;32
org.apache.catalina.valves.PersistentValve.invoke(Request, Response);org.apache.catalina.session.PersistentManagerBase;0;1;1;0.9688;80;3;2;2;0;0.9701;421;30;12
org.apache.tomcat.util.bcel.classfile.LocalVariable.getName();org.apache.tomcat.util.bcel.Constants;2;0;2;0.8571;43;5;6;0;1;1.0000;0;0;122
org.apache.catalina.ha.session.DeltaManager.checkSenderDomain(SessionMessage, Member);org.apache.catalina.ha.session.SessionMessage;1;0;3;0.9875;822;41;40;1;0;0.8750;5;5;7
org.apache.coyote.http11.Http11NioProtocol.init();org.apache.juli.logging.Log;3;0;2;0.9655;97;17;3;3;0;0.8846;18;18;0
org.apache.coyote.http11.Http11AprProtocol.getExecutor();org.apache.tomcat.util.net.AbstractEndpoint;1;0;1;0.9901;387;76;26;0;1;0.9859;397;29;69
org.apache.catalina.connector.CoyoteAdapter.parsePathParameters(org.apache.coyote.Request, Request);org.apache.juli.logging.Log;0;0;0;0;0;0;0;0;0;0;0;0;0
org.apache.catalina.session.ManagerBase.getDomainInternal();org.apache.catalina.mbeans.MBeanUtils;0;0;0;0;0;0;0;0;0;0;0;0;0
org.apache.jasper.compiler.TagFileProcessor.TagFileLoaderVisitor.visit(Node.CustomTag);org.apache.jasper.compiler.Compiler;2;0;2;0.8182;21;1;2;0;1;0.9643;310;11;8
org.apache.catalina.connector.RequestFacade.getLocales();org.apache.tomcat.util.res.StringManager;1;0;2;0.9859;450;69;2;1;0;0.8571;52;3;3
org.apache.catalina.connector.RequestFacade.getRemoteAddr();org.apache.catalina.connector.Request;0;0;2;0.9859;450;69;2;1;0;0.9943;1203;127;53
org.apache.tomcat.util.net.NioEndpoint.processSocket(NioChannel, SocketStatus, boolean);org.apache.juli.logging.Log;0;0;2;0.9792;362;19;26;2;0;0.9200;18;18;0
org.apache.jasper.compiler.TagLibraryInfoImpl.validate(PageData);org.apache.jasper.compiler.TagConstants;1;0;1;0.9500;528;14;6;0;1;1.0000;0;0;57
org.apache.catalina.servlets.WebdavServlet.doPropfind(HttpServletRequest, HttpServletResponse);org.apache.catalina.util.XMLWriter;5;6;5;0.8000;1461;29;24;3;2;0.8800;79;10;5
org.apache.naming.resources.ResourceCache.insertCache(CacheEntry);org.apache.naming.resources.CacheEntry;1;1;1;0.9412;211;7;10;0;1;0.9091;13;2;8
org.apache.tomcat.util.log.SystemLogHandler.findStream();org.apache.tomcat.util.log.CaptureLog;1;0;2;0.9655;128;29;3;0;1;0.8333;13;2;2
org.apache.catalina.tribes.group.interceptors.NonBlockingCoordinator.start(int);org.apache.catalina.tribes.group.AbsoluteOrder;1;3;4;0.8600;352;38;15;0;1;1.0000;7;1;1
org.apache.catalina.tribes.group.ChannelInterceptorBase.messageReceived(ChannelMessage);org.apache.catalina.tribes.ChannelInterceptor;0;0;1;0.9444;66;14;4;1;0;0.9412;16;16;0
org.apache.catalina.startup.Catalina.stop();org.apache.juli.logging.Log;0;0;0;0;0;0;0;0;0;0;0;0;0
org.apache.coyote.ajp.AjpProtocol.AjpConnectionHandler.unregister(AjpProcessor);org.apache.coyote.ajp.AjpProcessor;4;0;1;0.9444;90;5;5;0;1;0.9800;659;13;32
org.apache.catalina.tribes.ChannelException.getMessage();org.apache.catalina.tribes.Member;0;0;1;0.9091;46;5;2;1;0;0.9333;13;13;1
org.apache.catalina.core.StandardContext.filterStop();org.apache.catalina.core.ApplicationFilterConfig;0;0;1;0.9969;2421;209;114;1;0;0.9600;175;15;8
org.apache.catalina.session.JDBCStore.close(Connection);org.apache.juli.logging.Log;1;1;7;0.8621;495;34;23;1;0;0.9655;18;18;0
org.apache.catalina.valves.ExtendedAccessLogValve.RequestParameterElement.addElement(StringBuilder, Date, Request, Response, long);org.apache.catalina.connector.Request;0;1;1;0.5000;12;2;1;1;0;0.9944;1203;127;53
org.apache.catalina.tribes.membership.McastService.setDomain(String);org.apache.catalina.tribes.util.Arrays;0;1;0;0.9841;353;55;13;2;0;1.0000;157;24;1
org.apache.catalina.mbeans.UserMBean.removeRole(String);org.apache.catalina.User;0;0;0;1.0000;85;6;3;2;0;0.8947;17;17;0
org.apache.tomcat.util.buf.C2BConverter.recycle();org.apache.tomcat.util.buf.ByteChunk;0;0;2;0.8667;58;8;5;1;0;0.9800;425;43;10
org.apache.catalina.tribes.membership.MemberImpl.isReady();org.apache.catalina.tribes.transport.SenderState;0;0;0;1.0000;300;29;19;2;0;0.8750;45;9;5
org.apache.jasper.servlet.JspServletWrapper.getDependants();org.apache.jasper.JspCompilationContext;0;1;4;0.8276;314;11;15;1;0;0.9851;426;31;31
org.apache.jasper.compiler.Validator.ValidateVisitor.visit(Node.ELExpression);org.apache.jasper.compiler.PageInfo;4;1;2;0.9348;735;37;19;0;2;0.9759;341;30;46
org.apache.catalina.mbeans.ServerLifecycleListener.createMBeans(Server);org.apache.juli.logging.Log;0;2;1;0.9459;563;31;2;2;0;0.9167;18;18;0
org.apache.jasper.compiler.Collector.CollectVisitor.visit(Node.CustomTag);org.apache.jasper.compiler.Node.CustomTag;2;0;0;1.0000;114;15;6;0;1;0.9744;218;9;26
org.apache.coyote.http11.InternalAprInputBuffer.parseRequestLine(boolean);org.apache.coyote.Request;2;1;5;0.8571;358;13;15;0;5;0.9180;221;18;34
org.apache.catalina.session.PersistentManagerBase.PrivilegedStoreRemove.run();org.apache.catalina.session.PersistentManagerBase;1;0;1;0.6667;7;1;1;0;1;0.9756;421;30;12
org.apache.catalina.ha.session.DeltaSession.setNew(boolean, boolean);org.apache.catalina.ha.session.DeltaRequest;0;2;1;0.9400;399;42;7;1;0;0.9600;179;15;15
org.apache.catalina.tribes.group.interceptors.NonBlockingCoordinator.createData(CoordinationMessage, MemberImpl);org.apache.catalina.tribes.Channel;2;0;0;1.0000;352;38;15;0;1;1.0000;15;15;13
org.apache.catalina.core.StandardEngine.addChild(Container);org.apache.tomcat.util.res.StringManager;0;0;0;1.0000;234;19;9;1;0;0.8333;52;3;3
org.apache.coyote.http11.Http11NioProcessor.prepareResponse();org.apache.coyote.http11.Constants;8;1;3;0.9344;840;14;11;0;10;1.0000;0;0;44
org.apache.jasper.runtime.JspFactoryImpl.releasePageContext(PageContext);org.apache.jasper.Constants;1;1;0;0.8571;71;6;5;0;1;1.0000;0;0;33
org.apache.jasper.xmlparser.XMLEncodingDetector.skipSpaces();org.apache.jasper.xmlparser.XMLChar;0;2;6;0.8261;798;23;29;1;0;1.0000;115;21;9
org.apache.catalina.ha.session.SimpleTcpReplicationManager.requestCompleted(String);org.apache.catalina.session.StandardSession;2;1;5;0.8750;356;17;15;2;0;0.9773;585;58;24
org.apache.catalina.ha.session.DeltaRequest.readExternal(java.io.ObjectInput);org.apache.juli.logging.Log;1;1;5;0.7619;179;15;15;1;0;0.9565;18;18;0
org.apache.tomcat.util.DomUtil.setAttributes(Object, Node);org.apache.tomcat.util.IntrospectionUtils;2;0;1;1.0000;130;14;1;1;0;1.0000;595;31;4
org.apache.catalina.valves.ErrorReportValve.report(Request, Response, Throwable);org.apache.catalina.util.TomcatCSS;2;1;1;0.9333;135;4;2;0;1;1.0000;0;0;1
org.apache.catalina.connector.Request.readChunkedPostBody();org.apache.tomcat.util.buf.ByteChunk;1;1;3;0.9887;1203;127;53;1;1;0.9608;425;43;10
org.apache.catalina.startup.HostConfig.deployWAR(String, File, String);org.apache.catalina.startup.Constants;2;4;8;0.8548;793;36;16;0;1;1.0000;0;0;59
org.apache.jasper.servlet.JspServlet.service(HttpServletRequest, HttpServletResponse);org.apache.jasper.Constants;1;2;2;0.7500;167;10;5;0;2;1.0000;0;0;33
org.apache.catalina.mbeans.MBeanUtils.createMBean(User);org.apache.tomcat.util.modeler.Registry;0;2;2;1.0000;706;52;4;1;0;0.9756;433;33;10
org.apache.catalina.mbeans.MBeanFactory.createStandardHost(String, String, String, boolean, boolean, boolean, boolean);org.apache.catalina.util.LifecycleMBeanBase;0;0;0;0;0;0;0;0;0;0;0;0;0
org.apache.catalina.ssi.SSIMediator.getFileSize(String, boolean);org.apache.catalina.ssi.SSIExternalResolver;0;0;1;0.9615;190;16;13;1;0;0.8889;8;8;0
org.apache.catalina.tribes.group.ChannelInterceptorBase.heartbeat();org.apache.catalina.tribes.ChannelInterceptor;0;0;1;0.9444;66;14;4;1;0;0.9412;16;16;0
org.apache.el.parser.AstIdentifier.setValue(EvaluationContext, Object);org.apache.el.util.MessageFactory;1;0;0;1.0000;93;7;0;1;0;1.0000;24;7;1
org.apache.catalina.ha.backend.CollectedInfo.init(String, int);org.apache.tomcat.util.modeler.Registry;0;0;4;0.5556;37;2;6;2;0;0.9767;433;33;10
org.apache.tomcat.util.modeler.ManagedBean.getGetter(String, BaseModelMBean, Object);org.apache.tomcat.util.modeler.AttributeInfo;0;0;2;0.9706;252;23;13;1;0;0.9333;55;8;7
org.apache.catalina.mbeans.ServerLifecycleListener.processContainerRemoveChild(Container, Container);org.apache.catalina.core.ContainerBase;1;2;1;0.9459;563;31;2;1;0;0.9882;555;53;27
org.apache.jasper.compiler.Generator.GenerateVisitor.convertString(Class<?>, String, String, Class<?>, boolean);org.apache.jasper.compiler.JspUtil;0;0;0;1.0000;1736;44;16;17;0;1.0000;608;37;6
org.apache.catalina.tribes.membership.McastServiceImpl.RecoveryThread.run();org.apache.juli.logging.Log;1;2;2;0.5714;58;4;2;2;0;0.9091;18;18;0
org.apache.jasper.compiler.Node.UseBean.accept(Visitor);org.apache.jasper.compiler.Node.Visitor;0;0;0;1.0000;15;1;1;1;0;0.9714;126;35;0
org.apache.tomcat.util.net.AprEndpoint.Sendfile.add(SendfileData);org.apache.tomcat.jni.Status;4;0;1;0.9524;187;5;6;0;1;1.0000;160;54;59
org.apache.catalina.ha.tcp.ReplicationValve.invoke(Request, Response);org.apache.catalina.Container;0;3;5;0.8667;278;16;17;2;0;0.9630;35;35;6
org.apache.catalina.manager.HTMLManagerServlet.list(HttpServletRequest, HttpServletResponse, String);org.apache.catalina.manager.Constants;1;1;12;0.9762;686;26;19;0;7;1.0000;0;0;11
org.apache.catalina.mbeans.MBeanUtils.destroyMBean(Loader);org.apache.tomcat.util.modeler.ManagedBean;0;2;2;1.0000;706;52;4;1;0;0.9714;252;23;13
org.apache.coyote.http11.Http11AprProcessor.action(ActionCode, Object);org.apache.coyote.http11.AbstractOutputBuffer;10;1;19;0.7978;954;28;36;0;0;1.0000;200;22;11
org.apache.tomcat.util.bcel.classfile.LocalVariableTable.toString();org.apache.tomcat.util.bcel.classfile.LocalVariable;0;0;2;0.7778;50;5;2;1;0;0.9333;43;5;6
org.apache.catalina.ha.deploy.FarmWarDeployer.start();org.apache.catalina.Cluster;0;0;11;0.8077;376;28;17;1;0;0.9655;11;11;0
org.apache.tomcat.util.digester.Digester.findNamespaceURI(String);org.apache.tomcat.util.digester.ArrayStack;0;0;1;0.9925;849;103;29;1;0;0.8889;53;6;1
org.apache.catalina.servlets.DefaultServlet.checkSendfile(HttpServletRequest, HttpServletResponse, CacheEntry, long, Range);org.apache.naming.resources.ResourceAttributes;2;0;1;0.9818;1001;37;20;1;0;0.9796;515;30;30
org.apache.catalina.mbeans.MBeanUtils.destroyMBean(NamingResources);org.apache.tomcat.util.modeler.Registry;0;2;2;1.0000;706;52;4;1;0;0.9750;433;33;10
org.apache.catalina.core.ApplicationDispatcher.doForward(ServletRequest, ServletResponse);org.apache.catalina.Context;2;4;7;0.7222;421;14;11;1;0;0.9938;139;139;1
org.apache.coyote.ajp.AjpAprProcessor.prepareRequest();org.apache.tomcat.util.net.AbstractEndpoint;7;1;8;0.8831;623;13;30;0;3;1.0000;397;29;69
org.apache.catalina.core.StandardWrapperFacade.getServletContext();org.apache.catalina.core.ApplicationContext;0;0;2;0.7143;20;4;2;1;0;0.9859;645;60;13
org.apache.catalina.connector.RequestFacade.getLocales();org.apache.catalina.connector.Request;1;0;2;0.9859;450;69;2;1;0;0.9943;1203;127;53
org.apache.catalina.authenticator.FormAuthenticator.forwardToLoginPage(Request, HttpServletResponse, LoginConfig);org.apache.catalina.deploy.LoginConfig;1;0;1;1.0000;236;8;3;1;0;0.9524;85;9;5
org.apache.jasper.servlet.JspServletWrapper.handleJspException(Exception);org.apache.jasper.JspCompilationContext;4;1;2;0.9091;314;11;15;0;1;0.9855;426;31;31
org.apache.catalina.core.ContainerBase.setLoader(Loader);org.apache.juli.logging.Log;0;0;3;0.9756;555;53;27;1;0;0.9583;18;18;0
org.apache.coyote.http11.Http11NioProtocol.getAcceptorThreadPriority();org.apache.tomcat.util.net.NioEndpoint;1;0;0;1.0000;97;17;3;0;1;0.9762;362;19;26
org.apache.jasper.compiler.JspConfig.processWebDotXml();org.apache.juli.logging.Log;1;1;5;0.7391;304;6;13;2;0;0.9394;18;18;0
org.apache.el.parser.ELParser.Or();org.apache.el.parser.ELParserTreeConstants;2;3;4;0.9496;2270;112;22;0;1;0.9792;0;0;35
org.apache.catalina.connector.Response.getMessage();org.apache.coyote.Response;1;0;1;0.9886;596;70;20;0;1;0.9737;250;19;18
org.apache.tomcat.util.DomUtil.setAttributes(Object, Node);org.apache.juli.logging.Log;2;0;1;1.0000;130;14;1;2;0;0.8889;18;18;0
org.apache.naming.SelectorContext.listBindings(String);org.apache.juli.logging.Log;1;2;2;0.9429;170;31;7;2;0;0.9000;18;18;0
org.apache.catalina.tribes.group.interceptors.OrderInterceptor.processIncoming(MessageOrder);org.apache.catalina.tribes.ChannelMessage;0;1;4;0.8077;141;9;8;1;0;0.9600;11;11;0
org.apache.jasper.compiler.JspConfig.processWebDotXml();org.apache.jasper.xmlparser.TreeNode;1;1;5;0.7391;304;6;13;5;0;0.8438;109;13;5
org.apache.catalina.startup.ContextConfig.processAnnotationWebServlet(String, AnnotationEntry, WebXml);org.apache.catalina.deploy.WebXml;4;2;1;0.9672;1103;37;18;2;1;0.9659;1536;45;42
org.apache.coyote.ajp.AjpAprProcessor.prepareResponse();org.apache.tomcat.util.http.MimeHeaders;5;0;4;0.9322;623;13;30;3;1;0.9048;129;18;3
org.apache.catalina.core.StandardContext.addErrorPage(ErrorPage);org.apache.catalina.deploy.ErrorPage;1;1;4;0.9878;2421;209;114;4;0;0.7778;49;7;4
org.apache.jasper.compiler.Compiler.removeGeneratedFiles();org.apache.juli.logging.Log;0;0;2;0.9091;310;11;8;2;0;0.9091;18;18;0
org.apache.coyote.http11.Http11AprProcessor.action(ActionCode, Object);org.apache.coyote.http11.AbstractInputBuffer;10;1;19;0.7978;954;28;36;0;0;1.0000;81;10;14
org.apache.catalina.core.StandardWrapperValve.event(Request, Response, CometEvent);org.apache.tomcat.util.log.SystemLogHandler;3;1;4;0.8710;352;4;6;2;0;1.0000;128;29;3
org.apache.catalina.startup.Tomcat.addContext(Host, String, String);org.apache.catalina.Context;0;2;0;0.9459;253;24;14;2;0;0.9860;139;139;1
org.apache.tomcat.util.bcel.classfile.AnnotationEntry.getAnnotationType();org.apache.tomcat.util.bcel.classfile.ConstantPool;2;0;2;0.8000;30;4;5;1;0;0.9167;130;7;2
org.apache.catalina.connector.RequestFacade.getLocale();org.apache.tomcat.util.res.StringManager;1;0;2;0.9859;450;69;2;1;0;0.8571;52;3;3
org.apache.tomcat.util.digester.Digester.pop(String);org.apache.juli.logging.Log;0;0;2;0.9852;849;103;29;2;0;0.9048;18;18;0
org.apache.catalina.ha.backend.TcpSender.send(String);org.apache.catalina.ha.backend.HeartbeatListener;2;1;6;0.5000;138;3;6;0;2;0.9000;82;2;10
org.apache.catalina.ha.tcp.ReplicationValve.sendCrossContextSession(CatalinaCluster);org.apache.catalina.Container;1;1;5;0.8857;278;16;17;1;0;0.9767;35;35;6
org.apache.catalina.startup.SetNextNamingRule.end(String, String);org.apache.tomcat.util.digester.Digester;0;0;2;0.7500;25;2;2;2;0;0.9854;849;103;29
org.apache.catalina.core.ApplicationContext.getJspConfigDescriptor();org.apache.catalina.core.StandardContext;1;0;1;0.9855;645;60;13;0;1;0.9969;2421;209;114
org.apache.coyote.http11.Http11Protocol.init();org.apache.tomcat.util.net.SSLImplementation;3;0;5;0.8182;78;3;5;2;0;0.9545;30;6;3
org.apache.catalina.core.AprLifecycleListener.init();org.apache.juli.logging.Log;2;1;9;1.0000;111;7;14;2;0;0.8889;18;18;0
org.apache.jasper.runtime.PageContextImpl.pushBody(Writer);org.apache.jasper.runtime.BodyContentImpl;0;1;3;0.9259;634;40;16;1;0;0.9773;249;35;6
org.apache.catalina.core.ApplicationContext.getMajorVersion();org.apache.catalina.core.Constants;1;0;0;1.0000;645;60;13;0;1;1.0000;0;0;6
org.apache.catalina.startup.ContextConfig.init();org.apache.catalina.Context;1;3;5;0.9020;1103;37;18;2;0;0.9866;139;139;1
org.apache.tomcat.util.net.jsse.JSSEImplementation.getServerSocketFactory();org.apache.tomcat.util.net.jsse.JSSEFactory;0;0;1;0.8333;19;4;3;1;0;0.7500;9;3;0
org.apache.catalina.mbeans.ServerLifecycleListener.processContainerRemoveChild(Container, Container);org.apache.catalina.Context;1;2;1;0.9459;563;31;2;2;0;0.9862;139;139;1
org.apache.tomcat.util.buf.IntermediateInputStream.read();org.apache.tomcat.util.buf.ByteChunk;0;0;1;0.8000;14;3;1;1;0;0.9792;425;43;10
org.apache.jasper.runtime.PageContextImpl.getAttribute(String, int);org.apache.jasper.compiler.Localizer;0;1;0;0.9811;634;40;16;1;0;1.0000;34;6;1
org.apache.jasper.compiler.Compiler.removeGeneratedFiles();org.apache.jasper.JspCompilationContext;0;0;2;0.9091;310;11;8;2;0;0.9692;426;31;31
org.apache.catalina.ha.context.ReplicatedContext.getServletContext();org.apache.catalina.Globals;1;0;0;1.0000;60;5;3;0;1;1.0000;0;0;39
org.apache.jasper.compiler.DefaultErrorHandler.javacError(JavacErrorDetail[]);org.apache.jasper.compiler.JavacErrorDetail;1;0;0;1.0000;36;4;0;1;4;0.5000;89;2;6
org.apache.catalina.core.ContainerBase.getLogger();org.apache.juli.logging.LogFactory;0;1;1;0.9740;555;53;27;1;0;1.0000;51;12;6
org.apache.jasper.compiler.TagPluginManager.TagPluginContextImpl.generateImport(String);org.apache.jasper.compiler.PageInfo;0;0;1;0.9500;72;15;4;1;0;0.9872;341;30;46
org.apache.catalina.session.ManagerBase.getSessionAttribute(String, String);org.apache.catalina.Session;0;0;2;0.9773;518;58;32;1;0;0.9722;32;32;4
org.apache.catalina.mbeans.MBeanUtils.destroyMBean(ContextEnvironment);org.apache.tomcat.util.modeler.Registry;0;2;2;1.0000;706;52;4;1;0;0.9750;433;33;10
org.apache.coyote.http11.Http11AprProtocol.Http11ConnectionHandler.event(long, SocketStatus);org.apache.tomcat.util.net.AprEndpoint;2;0;3;0.8333;119;5;5;2;0;0.9672;471;17;35
org.apache.catalina.mbeans.MBeanUtils.createMBean(Role);org.apache.tomcat.util.modeler.Registry;0;2;2;1.0000;706;52;4;1;0;0.9756;433;33;10
org.apache.coyote.http11.Http11AprProtocol.Http11ConnectionHandler.register(Http11AprProcessor);org.apache.juli.logging.Log;4;0;3;0.8421;119;5;5;3;0;0.8929;18;18;0
org.apache.catalina.startup.RelativeOrderingRule.begin(String, String, Attributes);org.apache.tomcat.util.digester.Digester;2;0;0;1.0000;5;1;0;0;1;0.9926;849;103;29
org.apache.catalina.authenticator.BasicAuthenticator.authenticate(Request, HttpServletResponse, LoginConfig);org.apache.catalina.authenticator.Constants;5;0;1;1.0000;57;2;2;0;2;1.0000;0;0;19
org.apache.catalina.tribes.group.interceptors.SimpleCoordinator.installViewWhenStable();org.apache.catalina.tribes.group.AbsoluteOrder;1;1;2;0.7500;58;9;2;0;1;1.0000;7;1;1
org.apache.catalina.realm.UserDatabaseRealm.hasRole(Principal, String);org.apache.catalina.Group;0;0;1;0.9286;92;6;4;1;0;0.9412;11;11;0
org.apache.jasper.compiler.ELFunctionMapper.ELFunctionVisitor.visit(Node.CustomTag);org.apache.jasper.compiler.Node.CustomTag;2;0;0;1.0000;151;14;1;0;1;0.9750;218;9;26
org.apache.coyote.ajp.AjpAprProtocol.setPacketSize(int);org.apache.coyote.ajp.Constants;1;0;1;0.9811;219;40;15;0;1;1.0000;5;1;105
org.apache.catalina.mbeans.MemoryUserDatabaseMBean.createRole(String, String);org.apache.catalina.mbeans.MBeanUtils;0;1;0;0.9500;168;12;6;1;0;1.0000;706;52;4
org.apache.jasper.compiler.Collector.CollectVisitor.visit(Node.SetProperty);org.apache.jasper.compiler.Node.SetProperty;2;0;2;0.9091;114;15;6;0;1;0.8571;15;1;1
org.apache.coyote.http11.Http11NioProcessor.endRequest();org.apache.juli.logging.Log;1;0;3;0.9355;840;14;11;1;0;0.9615;18;18;0
org.apache.catalina.startup.ContextRuleSet.addRuleInstances(Digester);org.apache.tomcat.util.digester.Digester;0;0;2;0.8333;59;1;2;7;0;0.9481;849;103;29
org.apache.coyote.http11.Http11AprProcessor.process(long);org.apache.tomcat.util.res.StringManager;6;4;22;0.7241;954;28;36;1;0;0.9811;52;3;3
org.apache.coyote.Request.updateCounters();org.apache.coyote.RequestInfo;0;0;1;0.9811;221;18;34;1;0;0.9643;134;13;14
org.apache.catalina.mbeans.ServerLifecycleListener.lifecycleEvent(LifecycleEvent);org.apache.catalina.Globals;4;5;1;0.8649;563;31;2;0;2;1.0000;0;0;39
org.apache.tomcat.util.net.AbstractEndpoint.getCurrentThreadCount();org.apache.tomcat.util.threads.ResizableExecutor;0;0;1;0.9857;397;29;69;1;0;0.8333;5;5;0
org.apache.jasper.runtime.TagHandlerPool.release();org.apache.juli.logging.Log;0;0;4;0.6000;94;6;6;1;0;0.9565;18;18;0
org.apache.catalina.startup.Bootstrap.init();org.apache.catalina.security.SecurityClassLoad;0;3;4;0.7143;240;19;8;1;0;1.0000;81;9;0
org.apache.catalina.core.ApplicationDispatcher.doForward(ServletRequest, ServletResponse);org.apache.catalina.core.ApplicationHttpRequest;2;4;7;0.7222;421;14;11;1;6;0.8852;327;29;17
org.apache.catalina.mbeans.MBeanUtils.destroyMBean(Manager);org.apache.tomcat.util.modeler.Registry;0;2;2;1.0000;706;52;4;1;0;0.9750;433;33;10
org.apache.catalina.startup.ContextConfig.processAnnotationsStringArray(ElementValue);org.apache.tomcat.util.bcel.classfile.ElementValue;1;0;0;1.0000;1103;37;18;1;0;0.8571;47;4;15
org.apache.tomcat.util.net.NioBlockingSelector.write(ByteBuffer, NioChannel, long, MutableInteger);org.apache.tomcat.util.net.NioEndpoint.Poller;4;0;1;0.9474;111;4;4;0;1;0.9714;396;15;6
org.apache.catalina.startup.Tomcat.addServlet(Context, String, String);org.apache.catalina.Wrapper;0;0;0;1.0000;253;24;14;1;0;0.9762;39;39;0
org.apache.catalina.core.StandardContext.addServletMapping(String, String, boolean);org.apache.catalina.util.RequestUtil;1;2;3;0.9847;2421;209;114;1;0;1.0000;189;13;3
org.apache.jasper.compiler.JspUtil.getTagHandlerClassName(String, String, ErrorDispatcher);org.apache.jasper.compiler.ErrorDispatcher;0;2;2;1.0000;608;37;6;1;0;0.9524;158;22;2
org.apache.catalina.servlets.DefaultServlet.serveResource(HttpServletRequest, HttpServletResponse, boolean);org.apache.catalina.Globals;4;11;8;0.7419;1001;37;20;0;2;1.0000;0;0;39
org.apache.catalina.mbeans.ServerLifecycleListener.containerEvent(ContainerEvent);org.apache.catalina.Container;1;2;1;0.9429;563;31;2;0;2;1.0000;35;35;6
org.apache.catalina.core.StandardServer.stopInternal();org.apache.catalina.Lifecycle;0;1;2;0.9362;309;29;19;1;0;0.9000;6;6;11
org.apache.catalina.connector.Request.parseParameters();org.apache.catalina.connector.Connector;4;5;9;0.9351;1203;127;53;2;0;0.9810;405;53;33
org.apache.catalina.startup.ContextConfig.configureStart();org.apache.catalina.Pipeline;1;5;4;0.8833;1103;37;18;1;0;0.9677;9;9;0
org.apache.catalina.tribes.io.ChannelData.sendAckAsync(int);org.apache.catalina.tribes.Channel;1;0;0;1.0000;165;14;7;0;2;1.0000;15;15;13
org.apache.coyote.http11.AbstractHttp11Protocol.setMaxThreads(int);org.apache.tomcat.util.net.AbstractEndpoint;0;0;1;0.9909;382;89;22;1;0;0.9859;397;29;69
org.apache.coyote.http11.Http11Protocol.start();org.apache.tomcat.util.res.StringManager;1;0;2;0.9500;78;3;5;1;0;0.9444;52;3;3
org.apache.catalina.core.StandardContext.stopInternal();org.apache.catalina.core.ApplicationContext;1;7;5;0.9673;2421;209;114;1;0;0.9895;645;60;13
org.apache.catalina.tribes.transport.nio.NioSender.disconnect();org.apache.juli.logging.Log;0;0;4;0.8846;255;12;11;3;0;0.8636;18;18;0
org.apache.coyote.Response.setHeader(String, String);org.apache.tomcat.util.buf.MessageBytes;0;1;1;0.9474;250;19;18;1;0;0.9773;380;30;16
org.apache.catalina.core.StandardHostValve.status(Request, Response);org.apache.catalina.connector.Request;3;1;0;0.9524;160;7;3;4;0;0.9785;1203;127;53
org.apache.coyote.http11.InternalOutputBuffer.commit();org.apache.coyote.Response;2;0;3;0.8235;72;8;3;0;1;0.9773;250;19;18
org.apache.catalina.mbeans.MBeanFactory.removeRealm(String);org.apache.catalina.core.ContainerBase;0;1;0;0.9697;401;31;3;1;0;0.9873;555;53;27
org.apache.jasper.compiler.Validator.validateExDirectives(Compiler, Node.Nodes);org.apache.jasper.compiler.PageInfo;4;1;0;1.0000;65;3;0;0;1;0.9880;341;30;46
org.apache.coyote.http11.filters.BufferedInputFilter.recycle();org.apache.tomcat.util.buf.ByteChunk;1;0;4;0.6364;49;6;6;1;1;0.9608;425;43;10
org.apache.catalina.tribes.transport.AbstractSender.setDestination(Member);org.apache.catalina.tribes.Member;0;0;4;0.8857;199;7;26;3;0;0.8235;13;13;1
org.apache.catalina.tribes.tipis.AbstractReplicatedMap.remove(Object, boolean);org.apache.catalina.tribes.Channel;0;1;4;0.9403;741;50;17;1;0;0.9524;15;15;13
org.apache.coyote.http11.Http11NioProcessor.asyncDispatch(SocketStatus);org.apache.juli.logging.Log;7;1;4;0.9024;840;14;11;1;0;0.9737;18;18;0
org.apache.jasper.compiler.JspDocumentParser.checkScriptingBody(Node.ScriptingElement);org.apache.jasper.compiler.Node.Nodes;2;0;0;1.0000;663;28;20;2;0;0.8182;43;5;3
org.apache.catalina.servlets.WebdavServlet.doLock(HttpServletRequest, HttpServletResponse);org.apache.catalina.servlets.WebdavStatus;6;4;11;0.8302;1461;29;24;1;6;1.0000;12;2;27
org.apache.coyote.ajp.AjpAprProcessor.read(int);org.apache.tomcat.jni.Socket;0;0;3;0.9487;623;13;30;1;0;1.0000;37;37;34
org.apache.jasper.compiler.JspDocumentParser.getBodyType(Node.CustomTag);org.apache.jasper.compiler.Node.CustomTag;1;0;0;1.0000;663;28;20;0;2;0.9487;218;9;26
org.apache.catalina.ha.session.DeltaManager.handleALL_SESSION_DATA(SessionMessage, Member);org.apache.catalina.ha.session.SessionMessage;1;1;4;0.9625;822;41;40;1;0;0.9000;5;5;7
org.apache.tomcat.util.http.fileupload.MultipartStream.ProgressNotifier.notifyListener();org.apache.tomcat.util.http.fileupload.ProgressListener;0;0;4;0.5000;16;3;4;1;0;0.8000;1;1;0
org.apache.el.parser.ELParser.jj_3R_66();org.apache.el.parser.ELParserConstants;1;1;0;0.9925;2270;112;22;0;1;0.9825;0;0;56
org.apache.catalina.startup.HostConfig.checkResources(DeployedApplication);org.apache.catalina.Container;1;2;4;0.9344;793;36;16;2;0;0.9608;35;35;6
org.apache.catalina.tribes.membership.McastService.setDomain(byte[]);org.apache.juli.logging.Log;0;0;4;0.9552;353;55;13;1;0;0.9583;18;18;0
org.apache.catalina.core.StandardService.stopInternal();org.apache.catalina.connector.Connector;1;1;9;0.8222;289;26;16;1;0;0.9897;405;53;33
org.apache.catalina.servlets.DefaultServlet.copy(CacheEntry, ServletOutputStream, Range);org.apache.naming.resources.CacheEntry;1;1;1;0.9623;1001;37;20;0;1;0.9333;13;2;8
org.apache.catalina.connector.Request.setServletPath(String);org.apache.tomcat.util.http.mapper.MappingData;1;0;1;0.9943;1203;127;53;0;1;0.9167;11;1;9
org.apache.coyote.http11.Http11Processor.prepareRequest();org.apache.coyote.http11.Constants;6;2;3;0.9273;731;12;7;0;8;1.0000;0;0;44
org.apache.jasper.util.JspQueue.makeYoungest(Entry<T>);org.apache.jasper.util.Entry;0;0;0;0;0;0;0;0;0;0;0;0;0
org.apache.catalina.tribes.group.ChannelCoordinator.internalStart(int);org.apache.catalina.tribes.MembershipService;3;0;4;0.8750;164;15;5;3;2;0.8966;17;17;2
org.apache.catalina.core.ApplicationFilterChain.internalDoFilterEvent(CometEvent);org.apache.catalina.core.ApplicationFilterConfig;1;0;7;0.7647;231;9;13;1;0;0.9655;175;15;8
org.apache.tomcat.util.bcel.classfile.SourceFile.getSourceFileName();org.apache.tomcat.util.bcel.Constants;2;0;1;0.8889;21;4;1;0;1;1.0000;0;0;122
org.apache.catalina.tribes.membership.McastServiceImpl.receive();org.apache.catalina.tribes.membership.MemberImpl;1;3;4;0.8718;309;12;28;0;1;1.0000;300;29;19
org.apache.catalina.session.StandardManager.stopInternal();org.apache.catalina.Session;0;1;1;0.9375;304;16;7;3;0;0.9302;32;32;4
org.apache.coyote.http11.filters.ChunkedOutputFilter.doWrite(ByteChunk, Response);org.apache.tomcat.util.buf.HexUtils;0;0;3;0.7000;38;4;6;1;0;1.0000;8;3;2
org.apache.catalina.ssi.SSIMediator.log(String, Throwable);org.apache.catalina.ssi.SSIExternalResolver;0;0;1;0.9615;190;16;13;1;0;0.8889;8;8;0
org.apache.coyote.http11.Http11NioProtocol.start();org.apache.tomcat.util.res.StringManager;1;0;2;0.9688;97;17;3;1;0;0.9444;52;3;3
org.apache.tomcat.util.net.NioSelectorPool.getSharedSelector();org.apache.juli.logging.Log;0;0;3;0.9474;182;9;12;1;0;0.9474;18;18;0
org.apache.catalina.core.NamingContextListener.propertyChange(PropertyChangeEvent);org.apache.naming.ContextAccessController;0;2;3;0.8387;745;23;11;2;0;1.0000;25;6;2
org.apache.jasper.compiler.Parser.parseELExpression(Node, char);org.apache.jasper.compiler.ErrorDispatcher;0;0;3;0.9552;1185;55;13;1;0;0.9630;158;22;2
org.apache.jasper.compiler.Generator.GenerateVisitor.visit(Node.TemplateText);org.apache.jasper.compiler.Node;6;0;3;0.9605;1736;44;16;0;3;0.9302;163;7;15
org.apache.catalina.connector.OutputBuffer.recycle();org.apache.tomcat.util.buf.C2BConverter;0;0;9;0.7805;207;25;15;1;0;0.9583;58;8;5
org.apache.catalina.loader.WebappLoader.startInternal();org.apache.catalina.Container;1;5;8;0.8611;553;36;17;2;0;0.9692;35;35;6
org.apache.catalina.authenticator.AuthenticatorBase.register(Request, HttpServletResponse, Principal, String, String, String);org.apache.catalina.Session;3;1;4;0.9200;293;17;18;5;0;0.9057;32;32;4
org.apache.jasper.util.JspQueue.push(T);org.apache.jasper.util.Entry;0;0;0;0;0;0;0;0;0;0;0;0;0
org.apache.jasper.compiler.ParserController.getJspConfigPageEncoding(String);org.apache.jasper.JspCompilationContext;2;0;1;0.9643;281;12;13;0;1;0.9846;426;31;31
org.apache.catalina.realm.JAASMemoryLoginModule.initialize(Subject, CallbackHandler, Map<String,?>, Map<String,?>);org.apache.juli.logging.Log;0;1;6;0.5714;124;6;8;1;0;0.9583;18;18;0
org.apache.el.lang.ExpressionBuilder.createNodeInternal(String);org.apache.el.parser.ELParser;1;0;1;1.0000;117;7;4;1;0;0.9926;2270;112;22
org.apache.naming.factory.BeanFactory.getObjectInstance(Object, Name, Context, Hashtable<?,?>);org.apache.naming.factory.Constants;1;0;0;1.0000;112;1;0;0;1;1.0000;0;0;12
org.apache.catalina.core.ApplicationContext.getContextPath();org.apache.catalina.core.StandardContext;0;0;1;0.9855;645;60;13;1;0;0.9969;2421;209;114
org.apache.catalina.core.StandardWrapperValve.event(Request, Response, CometEvent);org.apache.catalina.Container;3;1;4;0.8710;352;4;6;1;0;0.9833;35;35;6
org.apache.coyote.http11.Http11AprProcessor.process(long);org.apache.coyote.http11.InternalAprOutputBuffer;6;4;22;0.7241;954;28;36;2;0;0.9765;235;24;13
org.apache.tomcat.util.digester.Digester.setDocumentLocator(Locator);org.apache.juli.logging.Log;0;0;2;0.9851;849;103;29;2;0;0.9000;18;18;0
org.apache.coyote.http11.InternalNioOutputBuffer.writeToSocket(ByteBuffer, boolean, boolean);org.apache.tomcat.util.net.NioChannel;1;0;4;0.8095;117;9;5;2;0;0.9286;83;15;5
org.apache.coyote.http11.AbstractHttp11Protocol.getMaxKeepAliveRequests();org.apache.tomcat.util.net.AbstractEndpoint;1;0;1;0.9909;382;89;22;0;1;0.9859;397;29;69
org.apache.catalina.connector.RequestFacade.isRequestedSessionIdFromURL();org.apache.catalina.connector.Request;0;0;2;0.9859;450;69;2;1;0;0.9943;1203;127;53
org.apache.catalina.loader.WebappClassLoader.getResource(String);org.apache.juli.logging.Log;1;2;7;0.9121;1601;58;35;2;0;0.9259;18;18;0
org.apache.catalina.core.ApplicationContext.getServerInfo();org.apache.catalina.util.ServerInfo;0;0;0;1.0000;645;60;13;1;0;1.0000;19;4;3
org.apache.coyote.ajp.AjpProtocol.getTcpNoDelay();org.apache.tomcat.util.net.AbstractEndpoint;0;0;1;0.9787;201;32;16;1;0;0.9859;397;29;69
org.apache.tomcat.util.DomUtil.NullResolver.resolveEntity(String, String);org.apache.tomcat.util.DomUtil;1;0;0;1.0000;4;1;0;0;1;1.0000;130;14;1
org.apache.catalina.session.PersistentManagerBase.swapOut(Session);org.apache.catalina.session.StandardSession;0;1;1;0.9524;421;30;12;1;0;0.9877;585;58;24
org.apache.tomcat.util.net.JIoEndpoint.setSocketOptions(Socket);org.apache.tomcat.util.res.StringManager;0;0;2;0.9524;195;10;6;1;0;0.9167;52;3;3
org.apache.catalina.tribes.group.interceptors.NonBlockingCoordinator.CoordinationMessage.parse();org.apache.catalina.tribes.membership.MemberImpl;1;0;6;0.6471;90;8;7;1;0;1.0000;300;29;19
org.apache.catalina.startup.HostConfig.deployWARs(File, String[]);org.apache.juli.logging.Log;1;3;3;0.9167;793;36;16;1;0;0.9545;18;18;0
org.apache.catalina.ha.session.JvmRouteSessionIDBinderListener.start();org.apache.catalina.ha.CatalinaCluster;0;0;1;0.9167;54;5;3;1;0;0.9615;20;20;1
org.apache.coyote.ajp.AjpAprProtocol.setSoLinger(int);org.apache.tomcat.util.net.AbstractEndpoint;0;0;1;0.9815;219;40;15;1;0;0.9859;397;29;69
org.apache.jasper.runtime.JspFactoryImpl.PrivilegedReleasePageContext.run();org.apache.jasper.runtime.JspFactoryImpl;0;0;2;0.5000;8;1;2;1;0;0.9000;71;6;5
org.apache.jasper.compiler.Validator.ValidateVisitor.getJspAttribute(TagAttributeInfo, String, String, String, String, Node, boolean);org.apache.jasper.compiler.Node.Root;5;0;2;0.9615;735;37;19;0;1;0.9565;56;2;8
org.apache.coyote.http11.InternalNioInputBuffer.recycle();org.apache.coyote.http11.InputFilter;0;0;9;0.6897;396;12;12;1;0;0.9500;7;7;0
org.apache.catalina.connector.CoyoteAdapter.parseSessionCookiesId(org.apache.coyote.Request, Request);org.apache.tomcat.util.buf.MessageBytes;4;1;1;0.9643;620;12;9;2;0;0.9655;380;30;16
org.apache.jasper.compiler.Generator.generateTagHandlerPreamble(JasperTagInfo, Node.Nodes);org.apache.jasper.compiler.JasperTagInfo;2;9;2;0.7556;782;28;18;1;0;0.9524;10;1;1
org.apache.coyote.ajp.AjpAprProcessor.prepareRequest();org.apache.tomcat.util.http.MimeHeaders;7;1;8;0.8831;623;13;30;3;0;0.9545;129;18;3
org.apache.catalina.startup.AbsoluteOrderingRule.begin(String, String, Attributes);org.apache.tomcat.util.digester.Digester;2;0;0;1.0000;5;1;0;0;1;0.9926;849;103;29
org.apache.catalina.ha.session.DeltaSession.endAccess();org.apache.catalina.ha.session.DeltaManager;0;0;0;1.0000;399;42;7;1;0;0.9875;822;41;40
org.apache.catalina.connector.CoyoteAdapter.parseSessionCookiesId(org.apache.coyote.Request, Request);org.apache.coyote.Request;4;1;1;0.9643;620;12;9;0;1;0.9859;221;18;34
org.apache.jasper.compiler.Generator.GenerateVisitor.visit(Node.ForwardAction);org.apache.jasper.compiler.Node.JspAttribute;5;3;4;0.9028;1736;44;16;1;2;0.9167;107;7;10
org.apache.catalina.core.StandardContext.startInternal();org.apache.catalina.Globals;6;27;13;0.8904;2421;209;114;0;1;1.0000;0;0;39
org.apache.jasper.compiler.JspDocumentParser.processChars();org.apache.jasper.compiler.Mark;3;0;10;0.7778;663;28;20;0;2;0.9375;95;7;11
org.apache.catalina.realm.JDBCRealm.getPassword(String);org.apache.juli.logging.Log;0;3;1;0.8621;280;13;15;2;0;0.9167;18;18;0
org.apache.catalina.tribes.membership.StaticMember.setHost(String);org.apache.catalina.tribes.util.Arrays;0;0;0;1.0000;29;3;0;1;0;1.0000;157;24;1
org.apache.catalina.ha.session.JvmRouteBinderValve.stopInternal();org.apache.tomcat.util.res.StringManager;0;0;4;0.8947;165;11;7;1;0;0.9000;52;3;3
org.apache.tomcat.util.digester.Digester.resolveEntity(String, String);org.apache.juli.logging.Log;0;1;4;0.9627;849;103;29;2;0;0.9130;18;18;0
org.apache.catalina.connector.RequestFacade.isUserInRole(String);org.apache.catalina.connector.Request;0;0;2;0.9859;450;69;2;1;0;0.9943;1203;127;53
org.apache.catalina.startup.Catalina.initNaming();org.apache.juli.logging.Log;0;0;0;0;0;0;0;0;0;0;0;0;0
org.apache.catalina.manager.host.HostManagerServlet.doGet(HttpServletRequest, HttpServletResponse);org.apache.catalina.manager.host.Constants;2;5;1;0.7368;310;13;8;0;1;1.0000;0;0;9
org.apache.jasper.compiler.Generator.GenerateVisitor.ParamVisitor.visit(Node.ParamAction);org.apache.jasper.compiler.Node;5;0;0;1.0000;17;1;1;1;2;0.9000;163;7;15
org.apache.catalina.ha.backend.HeartbeatListener.lifecycleEvent(LifecycleEvent);org.apache.catalina.ha.backend.CollectedInfo;2;0;6;0.7368;82;2;10;1;4;0.7222;37;2;6
org.apache.tomcat.util.bcel.classfile.ConstantValue.toString();org.apache.tomcat.util.bcel.classfile.ConstantPool;8;0;1;0.9333;43;3;1;2;0;0.8889;130;7;2
org.apache.catalina.deploy.WebXml.addEnvEntry(ContextEnvironment);org.apache.catalina.deploy.ResourceBase;1;0;2;0.9861;1536;45;42;1;0;0.9375;43;9;7
org.apache.catalina.ha.session.DeltaManager.waitForSendAllSessions(long);org.apache.juli.logging.Log;1;0;6;0.9500;822;41;40;3;0;0.8636;18;18;0
org.apache.catalina.mbeans.ContextResourceMBean.setAttribute(Attribute);org.apache.catalina.deploy.NamingResources;2;0;0;1.0000;76;2;0;2;0;0.9655;342;36;13
org.apache.catalina.startup.HostConfig.start();org.apache.catalina.Host;1;3;4;0.9123;793;36;16;3;0;0.9118;22;22;2
org.apache.catalina.connector.InputBuffer.setConverter();org.apache.catalina.security.SecurityUtil;0;0;6;0.8571;210;19;17;1;0;1.0000;146;11;17
org.apache.tomcat.util.net.NioEndpoint.setSocketOptions(SocketChannel);org.apache.juli.logging.Log;2;2;4;0.9000;362;19;26;1;0;0.9688;18;18;0
org.apache.jasper.compiler.Generator.GenerateVisitor.generateJspFragment(Node, String);org.apache.jasper.compiler.Generator.FragmentHelperClass;3;0;7;0.8955;1736;44;16;2;1;0.8636;132;6;4
org.apache.coyote.http11.Http11Processor.action(ActionCode, Object);org.apache.coyote.http11.AbstractInputBuffer;9;1;7;0.8889;731;12;7;1;2;0.9583;81;10;14
org.apache.catalina.connector.CoyoteAdapter.event(org.apache.coyote.Request, org.apache.coyote.Response, SocketStatus);org.apache.catalina.Container;7;0;4;0.9714;620;12;9;1;0;0.9833;35;35;6
org.apache.coyote.ajp.AjpProcessor.asyncDispatch(SocketStatus);org.apache.coyote.Request;4;1;9;0.8298;659;13;32;1;1;0.9697;221;18;34
org.apache.jasper.compiler.Parser.parseXMLDirective(Node);org.apache.jasper.compiler.JspReader;0;5;4;0.8696;1185;55;13;4;0;0.9111;304;23;9
org.apache.catalina.startup.ContextConfig.getContextWebXmlSource();org.apache.juli.logging.Log;4;0;3;0.9796;1103;37;18;3;0;0.8571;18;18;0
org.apache.catalina.ha.tcp.ReplicationValve.createPrimaryIndicator(Request);org.apache.catalina.connector.Request;1;0;3;0.9744;278;16;17;3;0;0.9834;1203;127;53
org.apache.jasper.compiler.Dumper.DumpVisitor.visit(Node.Expression);org.apache.jasper.compiler.Node.ScriptingElement;0;1;0;0.9643;122;27;1;1;0;0.8000;30;2;0
org.apache.tomcat.util.digester.SetTopRule.end(String, String);org.apache.juli.logging.Log;1;0;2;0.8667;41;2;3;2;0;0.9200;18;18;0
org.apache.el.parser.AstValue.getValue(EvaluationContext);org.apache.el.util.MessageFactory;0;0;0;1.0000;148;10;1;1;0;1.0000;24;7;1
org.apache.catalina.core.ApplicationHttpRequest.isRequestedSessionIdValid();org.apache.catalina.Session;0;0;2;0.9565;327;29;17;1;0;0.9722;32;32;4
org.apache.coyote.ajp.AjpProtocol.getSoLinger();org.apache.tomcat.util.net.AbstractEndpoint;0;0;1;0.9787;201;32;16;1;0;0.9859;397;29;69
org.apache.coyote.http11.Http11NioProcessor.process(NioChannel);org.apache.tomcat.util.net.NioEndpoint.KeyAttachment;14;4;8;0.8358;840;14;11;0;2;0.9730;121;13;8
org.apache.catalina.ha.session.DeltaManager.handleALL_SESSION_TRANSFERCOMPLETE(SessionMessage, Member);org.apache.catalina.ha.ClusterMessage;1;0;6;0.9512;822;41;40;1;0;0.9286;6;6;0
org.apache.coyote.http11.Http11AprProtocol.Http11ConnectionHandler.unregister(Http11AprProcessor);org.apache.juli.logging.Log;4;0;1;0.9444;119;5;5;3;0;0.8800;18;18;0
org.apache.jasper.compiler.Generator.GenerateVisitor.visit(Node.UseBean);org.apache.jasper.compiler.ErrorDispatcher;7;0;1;0.9875;1736;44;16;1;0;0.9762;158;22;2
org.apache.catalina.tribes.group.interceptors.FragmentationInterceptor.defrag(ChannelMessage);org.apache.catalina.tribes.ChannelMessage;0;2;0;0.8750;96;7;5;2;0;0.8824;11;11;0
org.apache.jasper.xmlparser.ASCIIReader.read(char, int, int);org.apache.jasper.compiler.Localizer;0;0;2;0.8000;43;8;3;1;0;1.0000;34;6;1
org.apache.tomcat.util.digester.SetRootRule.end(String, String);org.apache.tomcat.util.digester.Digester;1;0;2;0.8750;41;2;3;2;3;0.9638;849;103;29
org.apache.coyote.Request.recycle();org.apache.tomcat.util.http.Cookies;0;0;23;0.5893;221;18;34;1;0;0.9730;247;12;6
org.apache.naming.NamingContext.getNameParser(Name);org.apache.naming.StringManager;0;0;3;0.9730;282;32;6;1;0;0.8333;50;3;3
org.apache.jasper.compiler.Generator.GenerateVisitor.syncScriptingVars(Node.CustomTag, int);org.apache.jasper.compiler.Generator;1;0;2;0.9692;1736;44;16;1;0;1.0000;782;28;18
org.apache.catalina.core.StandardContext.unbindThread(ClassLoader);org.apache.naming.ContextBindings;0;1;0;0.9969;2421;209;114;1;0;1.0000;112;21;6
org.apache.catalina.manager.host.HostManagerServlet.init();org.apache.tomcat.util.ExceptionUtils;0;0;0;0;0;0;0;0;0;0;0;0;0
org.apache.catalina.core.NamingContextListener.addEnvironment(ContextEnvironment);org.apache.juli.logging.Log;2;0;3;0.9459;745;23;11;3;0;0.8696;18;18;0
org.apache.catalina.tribes.group.AbsoluteOrder.AbsoluteComparator.compareIps(Member, Member);org.apache.catalina.tribes.Member;0;1;0;0.8571;45;7;0;1;0;0.9286;13;13;1
org.apache.coyote.ajp.AjpAprProtocol.AjpConnectionHandler.asyncDispatch(long, SocketStatus);org.apache.coyote.ajp.AjpAprProtocol;0;0;0;0;0;0;0;0;0;0;0;0;0
org.apache.catalina.core.ApplicationHttpRequest.isRequestedSessionIdValid();org.apache.catalina.Container;0;0;2;0.9565;327;29;17;1;0;0.9744;35;35;6
org.apache.catalina.mbeans.ServerLifecycleListener.propertyChange(PropertyChangeEvent);org.apache.juli.logging.Log;0;4;1;0.8750;563;31;2;1;0;0.9545;18;18;0
org.apache.catalina.core.ApplicationContext.declareRoles(String);org.apache.catalina.core.StandardContext;2;1;2;0.9714;645;60;13;1;0;0.9969;2421;209;114
org.apache.catalina.startup.ContextConfig.processResourceJARs(Set<WebXml>);org.apache.juli.logging.Log;0;0;0;0;0;0;0;0;0;0;0;0;0
org.apache.coyote.ajp.AjpProcessor.SocketInputBuffer.doRead(ByteChunk, Request);org.apache.coyote.Request;3;0;0;1.0000;19;1;0;1;0;0.9844;221;18;34
org.apache.catalina.core.StandardWrapperValve.exception(Request, Response, Throwable);org.apache.catalina.connector.Response;1;0;0;1.0000;352;4;6;1;0;0.9888;596;70;20
org.apache.coyote.ajp.AjpAprProcessor.action(ActionCode, Object);org.apache.tomcat.util.net.AprEndpoint.Handler;6;3;13;0.7636;623;13;30;0;0;1.0000;2;2;0
org.apache.coyote.http11.Http11AprProtocol.destroy();org.apache.juli.logging.Log;1;1;5;0.9615;387;76;26;2;0;0.9167;18;18;0
org.apache.catalina.startup.SoapHeaderRule.body(String, String, String);org.apache.tomcat.util.digester.Digester;0;0;0;1.0000;14;1;0;2;0;0.9852;849;103;29
org.apache.jasper.compiler.SmapUtil.SmapGenVisitor.visit(Node.TemplateText);org.apache.jasper.compiler.Node;3;0;2;0.9394;149;23;3;0;2;0.9394;163;7;15
org.apache.catalina.mbeans.ServerLifecycleListener.destroyMBeans(Host);org.apache.catalina.Container;0;1;1;0.9730;563;31;2;4;0;0.8947;35;35;6
org.apache.catalina.realm.RealmBase.findSecurityConstraints(Request, Context);org.apache.catalina.Context;0;1;1;0.9836;672;37;22;1;0;0.9933;139;139;1
org.apache.catalina.core.ApplicationFilterFactory.createFilterChain(ServletRequest, Wrapper, Servlet);org.apache.catalina.Globals;3;3;2;0.8333;189;6;3;0;1;1.0000;0;0;39
org.apache.tomcat.util.modeler.Registry.unregisterComponent(ObjectName);org.apache.juli.logging.Log;0;1;1;0.9744;433;33;10;1;0;0.9474;18;18;0
org.apache.catalina.mbeans.MBeanUtils.destroyMBean(Host);org.apache.catalina.Container;0;1;1;1.0000;706;52;4;2;0;0.9429;35;35;6
org.apache.catalina.connector.CoyoteReader.close();org.apache.catalina.connector.InputBuffer;0;0;1;0.9333;102;12;4;1;0;0.9722;210;19;17
org.apache.catalina.connector.CoyoteAdapter.event(org.apache.coyote.Request, org.apache.coyote.Response, SocketStatus);org.apache.juli.logging.Log;7;0;4;0.9714;620;12;9;1;0;0.9767;18;18;0
org.apache.catalina.servlets.DefaultServlet.checkIfMatch(HttpServletRequest, HttpServletResponse, ResourceAttributes);org.apache.naming.resources.ResourceAttributes;0;0;0;1.0000;1001;37;20;1;0;0.9767;515;30;30
org.apache.jasper.compiler.ParserController.doParse(String, Node, JarResource);org.apache.jasper.compiler.Compiler;1;4;12;0.4074;281;12;13;0;1;0.9730;310;11;8
org.apache.jasper.compiler.Generator.GenerateVisitor.visit(Node.Expression);org.apache.jasper.compiler.Node.ScriptingElement;2;0;1;0.9848;1736;44;16;1;0;0.9091;30;2;0
org.apache.jasper.compiler.Generator.GenerateVisitor.visit(Node.TemplateText);org.apache.jasper.JspCompilationContext;6;0;3;0.9605;1736;44;16;0;1;0.9875;426;31;31
org.apache.coyote.ajp.AjpAprProtocol.AjpConnectionHandler.unregister(AjpAprProcessor);org.apache.coyote.ajp.AjpAprProtocol;4;0;1;0.9412;82;5;4;0;2;0.9841;219;40;15
org.apache.jasper.compiler.Generator.generateLocalVariables(ServletWriter, Node);org.apache.jasper.compiler.Node.CustomTag;4;0;0;1.0000;782;28;18;0;1;0.9783;218;9;26
org.apache.catalina.connector.Request.parseCookies();org.apache.tomcat.util.http.Cookies;2;1;3;0.9781;1203;127;53;2;0;0.9130;247;12;6
org.apache.coyote.http11.Http11AprProtocol.setAttribute(String, Object);org.apache.juli.logging.Log;1;0;3;0.9902;387;76;26;2;0;0.8947;18;18;0
org.apache.tomcat.util.bcel.classfile.Attribute.readAttribute(DataInputStream, ConstantPool);org.apache.tomcat.util.bcel.classfile.ConstantUtf8;3;0;1;1.0000;98;6;5;0;1;0.8000;14;2;1
org.apache.catalina.core.ApplicationContextFacade.getResource(String);org.apache.catalina.Globals;1;1;1;0.9672;514;57;3;0;1;1.0000;0;0;39
org.apache.jasper.compiler.ParserController.determineSyntaxAndEncoding(String, JarFile, String);org.apache.jasper.xmlparser.XMLEncodingDetector;3;2;8;0.6774;281;12;13;1;0;1.0000;798;23;29
org.apache.catalina.connector.Request.setContextPath(String);org.apache.tomcat.util.http.mapper.MappingData;1;0;1;0.9943;1203;127;53;0;1;0.9167;11;1;9
org.apache.catalina.core.AsyncContextImpl.doInternalComplete(boolean);org.apache.juli.logging.Log;0;3;5;0.8235;283;23;12;1;0;0.9600;18;18;0
org.apache.tomcat.util.http.fileupload.MultipartStream.ItemInputStream.available();org.apache.tomcat.util.http.fileupload.MultipartStream;1;0;2;0.8571;127;8;5;0;2;0.9167;166;11;19
org.apache.catalina.core.StandardWrapperValve.exception(Request, Response, Throwable);org.apache.catalina.connector.Request;1;0;0;1.0000;352;4;6;1;0;0.9943;1203;127;53
org.apache.catalina.valves.CometConnectionManagerValve.stopInternal();org.apache.catalina.Lifecycle;0;0;0;1.0000;136;8;4;1;0;0.8750;6;6;11
org.apache.catalina.tribes.transport.nio.PooledParallelSender.sendMessage(Member[], ChannelMessage);org.apache.catalina.tribes.ChannelException;0;1;1;0.8182;44;4;1;1;0;0.9412;46;5;2
org.apache.coyote.http11.AbstractHttp11Protocol.setAlgorithm(String);org.apache.tomcat.util.net.AbstractEndpoint;1;0;1;0.9909;382;89;22;0;1;0.9859;397;29;69
org.apache.catalina.tribes.tipis.AbstractReplicatedMap.replicate(Object, boolean);org.apache.catalina.tribes.Channel;0;0;4;0.9625;741;50;17;1;0;0.9697;15;15;13
org.apache.coyote.http11.Http11NioProtocol.Http11ConnectionHandler.createProcessor();org.apache.coyote.http11.AbstractHttp11Processor;1;1;1;0.9474;177;8;6;5;7;0.8065;228;17;32
org.apache.catalina.core.StandardWrapper.initServlet(Servlet);org.apache.catalina.core.DummyRequest;5;2;7;0.9369;748;76;36;0;2;0.9854;349;118;8
org.apache.coyote.http11.AbstractHttp11Protocol.getTcpNoDelay();org.apache.tomcat.util.net.AbstractEndpoint;0;0;1;0.9909;382;89;22;1;0;0.9859;397;29;69
org.apache.coyote.ajp.AjpMessage.processHeader();org.apache.juli.logging.Log;1;2;5;0.8148;235;23;5;3;0;0.8696;18;18;0
org.apache.catalina.valves.RemoteIpValve.invoke(Request, Response);org.apache.tomcat.util.buf.MessageBytes;3;2;9;0.7576;176;9;12;1;0;0.9855;380;30;16
org.apache.catalina.startup.ClassLoaderFactory.createClassLoader(String, Integer, ClassLoader);org.apache.juli.logging.Log;0;0;5;1.0000;88;2;5;2;0;0.8889;18;18;0
org.apache.catalina.core.StandardContext.reload();org.apache.tomcat.util.res.StringManager;1;1;2;0.9939;2421;209;114;1;0;0.9286;52;3;3
org.apache.catalina.core.StandardWrapperValve.event(Request, Response, CometEvent);org.apache.catalina.core.ContainerBase;3;1;4;0.8710;352;4;6;2;0;0.9804;555;53;27
org.apache.catalina.core.StandardPipeline.removeValve(Valve);org.apache.catalina.Valve;1;1;4;0.8519;233;15;5;2;0;0.8750;7;7;0
org.apache.tomcat.util.bcel.classfile.ConstantPool.getConstant(int, byte);org.apache.tomcat.util.bcel.Constants;2;1;0;0.8889;130;7;2;0;1;1.0000;0;0;122
org.apache.coyote.http11.Http11NioProcessor.process(NioChannel);org.apache.tomcat.util.res.StringManager;14;4;8;0.8358;840;14;11;1;0;0.9828;52;3;3
org.apache.catalina.startup.Embedded.stopInternal();org.apache.catalina.Lifecycle;1;0;2;0.9792;368;34;10;1;1;0.9167;6;6;11
org.apache.catalina.security.SecurityUtil.isPackageProtectionEnabled();org.apache.catalina.Globals;1;0;1;1.0000;146;11;17;0;1;1.0000;0;0;39
org.apache.catalina.connector.ResponseFacade.encodeRedirectUrl(String);org.apache.tomcat.util.res.StringManager;0;0;2;0.9762;224;40;2;1;0;0.8571;52;3;3
org.apache.catalina.mbeans.MBeanUtils.destroyMBean(UserDatabase);org.apache.tomcat.util.modeler.ManagedBean;0;2;2;1.0000;706;52;4;1;0;0.9714;252;23;13
org.apache.el.ValueExpressionImpl.getValue(ELContext);org.apache.el.lang.ELSupport;0;1;3;0.7895;78;12;5;1;0;1.0000;406;22;1
org.apache.el.lang.ExpressionBuilder.prepare(Node);org.apache.el.lang.FunctionMapperFactory;2;0;2;0.8182;117;7;4;0;1;0.8750;19;1;2
org.apache.catalina.core.ApplicationFilterFactory.matchFiltersServlet(FilterMap, String);org.apache.catalina.deploy.FilterMap;1;0;0;1.0000;189;6;3;1;1;0.8667;96;9;13
org.apache.catalina.core.StandardPipeline.stopInternal();org.apache.catalina.Lifecycle;0;1;2;0.8696;233;15;5;1;0;0.9091;6;6;11
org.apache.jasper.compiler.TldLocationsCache.init();org.apache.jasper.compiler.Localizer;0;2;4;0.6364;200;9;11;1;0;1.0000;34;6;1
org.apache.catalina.mbeans.MBeanUtils.createObjectName(String, ContextResource);org.apache.catalina.deploy.NamingResources;1;0;0;1.0000;706;52;4;0;1;0.9818;342;36;13
org.apache.catalina.deploy.WebXml.setVersion(String);org.apache.juli.logging.Log;1;0;4;0.9722;1536;45;42;1;0;0.9500;18;18;0
org.apache.catalina.tribes.transport.bio.BioSender.sendMessage(byte[], boolean);org.apache.catalina.tribes.transport.SenderState;1;2;2;0.9130;148;9;7;2;0;0.9474;45;9;5
org.apache.catalina.core.StandardWrapper.load();org.apache.catalina.mbeans.MBeanUtils;0;1;1;0.9811;748;76;36;0;0;1.0000;706;52;4
org.apache.catalina.mbeans.ServerLifecycleListener.processContainerPropertyChange(Container, String, Object, Object);org.apache.juli.logging.Log;0;2;1;0.9429;563;31;2;4;0;0.8000;18;18;0
org.apache.jasper.compiler.Collector.CollectVisitor.checkSeen(Node.ChildInfo, Node);org.apache.jasper.compiler.Node.JspAttribute;3;0;6;0.8065;114;15;6;0;1;0.9714;107;7;10
org.apache.catalina.manager.ManagerServlet.deploy(PrintWriter, String, String, boolean, HttpServletRequest);org.apache.catalina.Context;1;9;5;0.7391;924;35;13;1;0;0.9934;139;139;1
org.apache.catalina.valves.AccessLogValve.setPattern(String);org.apache.catalina.valves.Constants.AccessLog;1;1;2;0.9268;351;21;25;0;4;1.0000;0;0;4
org.apache.catalina.mbeans.MemoryUserDatabaseMBean.findGroup(String);org.apache.catalina.UserDatabase;0;0;1;0.9524;168;12;6;1;0;0.9474;16;16;0
org.apache.catalina.connector.InputBuffer.read(char[]);org.apache.tomcat.util.res.StringManager;0;1;2;0.9429;210;19;17;1;0;0.8571;52;3;3
org.apache.jasper.compiler.TagHandlerPoolVisitor.createTagHandlerPoolName(String, String, Attributes, Node.Nodes, boolean);org.apache.jasper.compiler.Node;2;0;0;1.0000;37;2;1;0;1;0.9643;163;7;15
org.apache.catalina.tribes.membership.McastServiceImpl.ReceiverThread.run();org.apache.catalina.tribes.membership.McastServiceImpl;1;0;1;0.8750;33;1;1;1;3;0.9302;309;12;28
org.apache.catalina.core.ContainerBase.backgroundProcess();org.apache.catalina.Valve;2;0;7;0.9425;555;53;27;2;0;0.9000;7;7;0
org.apache.catalina.ha.tcp.ReplicationValve.resetDeltaRequest(Session);org.apache.juli.logging.Log;1;0;2;1.0000;278;16;17;2;0;0.9091;18;18;0
org.apache.catalina.connector.Response.isEncodeable(String);org.apache.catalina.security.SecurityUtil;0;1;1;0.9778;596;70;20;1;0;1.0000;146;11;17
org.apache.catalina.ha.session.DeltaManager.handleSESSION_ACCESSED(SessionMessage, Member);org.apache.catalina.ha.session.SessionMessage;2;0;4;0.9762;822;41;40;1;0;0.9231;5;5;7
org.apache.catalina.tribes.group.interceptors.TcpFailureDetector.performBasicCheck();org.apache.juli.logging.Log;0;1;4;0.8667;227;15;10;3;0;0.8929;18;18;0
org.apache.tomcat.util.digester.Digester.peek();org.apache.tomcat.util.digester.ArrayStack;0;0;2;0.9851;849;103;29;1;0;0.9091;53;6;1
org.apache.catalina.startup.Catalina.load();org.apache.juli.logging.Log;1;2;2;0.9063;316;16;7;5;0;0.8214;18;18;0
org.apache.catalina.authenticator.SSLAuthenticator.authenticate(Request, HttpServletResponse, LoginConfig);org.apache.coyote.ActionCode;4;0;0;1.0000;31;2;1;0;1;1.0000;6;0;30
org.apache.catalina.tribes.transport.nio.NioReplicationTask.drainChannel(SelectionKey, ObjectReader);org.apache.catalina.tribes.util.Logs;4;3;2;0.8667;197;7;5;0;1;1.0000;0;0;1
org.apache.catalina.authenticator.SingleSignOn.invoke(Request, Response);org.apache.juli.logging.Log;2;1;1;0.9355;164;12;6;2;0;0.9394;18;18;0
org.apache.jasper.servlet.JspServletWrapper.getServletContext();org.apache.jasper.JspCompilationContext;1;0;1;0.9643;314;11;15;0;1;0.9839;426;31;31
org.apache.jasper.compiler.AntCompiler.generateClass(String[]);org.apache.jasper.Options;2;2;4;0.8333;158;3;4;8;0;0.8431;29;29;0
org.apache.coyote.http11.Http11Processor.parseHost(MessageBytes);org.apache.tomcat.util.buf.HexUtils;5;0;2;0.9394;731;12;7;1;0;1.0000;8;3;2
org.apache.catalina.util.InstanceSupport.fireInstanceEvent(String, Servlet, ServletRequest, ServletResponse);org.apache.catalina.InstanceListener;0;0;2;0.8667;81;11;3;1;0;0.6667;1;1;0
org.apache.coyote.ajp.AjpProtocol.start();org.apache.tomcat.util.res.StringManager;1;1;7;0.8889;201;32;16;1;0;0.9444;52;3;3
org.apache.jasper.compiler.ImplicitTagLibraryInfo.getTagFile(String);org.apache.jasper.compiler.TagFileProcessor;1;0;3;0.6250;108;2;11;1;0;1.0000;94;4;1
org.apache.catalina.ssi.SSIProcessor.process(Reader, long, PrintWriter);org.apache.catalina.ssi.SSIMediator;2;4;5;0.5882;202;9;6;0;2;0.9444;190;16;13
org.apache.catalina.tribes.membership.McastServiceImpl.RecoveryThread.stopService();org.apache.catalina.tribes.Channel;2;0;1;0.8333;58;4;2;0;2;1.0000;15;15;13
org.apache.catalina.core.StandardHostValve.custom(Request, Response, ErrorPage);org.apache.catalina.deploy.ErrorPage;0;0;0;1.0000;160;7;3;1;0;0.9565;49;7;4
org.apache.catalina.ha.session.SerializablePrincipal.writePrincipal(GenericPrincipal, ObjectOutput);org.apache.catalina.realm.GenericPrincipal;0;0;0;1.0000;83;9;7;4;0;0.7500;58;7;5
org.apache.coyote.http11.AbstractOutputBuffer.recycle();org.apache.coyote.Response;0;0;6;0.8182;200;22;11;1;0;0.9773;250;19;18
org.apache.catalina.core.ApplicationContext.removeAttribute(String);org.apache.catalina.core.ContainerBase;0;1;4;0.9444;645;60;13;1;0;0.9882;555;53;27
org.apache.catalina.tribes.group.interceptors.DomainFilterInterceptor.memberDisappeared(Member);org.apache.catalina.tribes.membership.Membership;0;1;2;0.7692;52;9;2;1;0;0.9600;137;11;6
org.apache.catalina.tribes.group.interceptors.NonBlockingCoordinator.memberDisappeared(Member);org.apache.catalina.tribes.Member;0;4;3;0.8846;352;38;15;1;0;0.9545;13;13;1
org.apache.jasper.compiler.Generator.GenerateVisitor.attributeValue(Node.JspAttribute, boolean, Class<?>);org.apache.jasper.compiler.Node.NamedAttribute;2;0;1;0.9851;1736;44;16;1;0;0.9500;71;3;7
org.apache.coyote.http11.InternalAprOutputBuffer.sendAck();org.apache.tomcat.jni.Socket;1;0;3;0.9474;235;24;13;1;0;1.0000;37;37;34
org.apache.naming.NamingService.destroy();org.apache.naming.NamingServiceMBean;1;1;1;0.8182;71;8;4;0;1;1.0000;6;6;7
org.apache.catalina.core.ApplicationFilterChain.internalDoFilter(ServletRequest, ServletResponse);org.apache.catalina.Globals;3;0;10;0.7727;231;9;13;0;3;1.0000;0;0;39
org.apache.catalina.tribes.membership.McastService.setDomain(byte[]);org.apache.catalina.tribes.membership.MemberImpl;0;0;4;0.9552;353;55;13;2;0;0.9545;300;29;19
org.apache.catalina.ha.deploy.FarmWarDeployer.backgroundProcess();org.apache.catalina.ha.deploy.WarWatcher;0;0;5;0.8864;376;28;17;1;0;0.9231;49;3;4
org.apache.el.parser.ELParser.Function();org.apache.el.parser.AstFunction;4;4;4;0.9484;2270;112;22;0;2;0.9444;73;4;2
org.apache.catalina.startup.ContextConfig.fixDocBase();org.apache.catalina.core.StandardHost;1;0;1;0.9808;1103;37;18;1;0;0.9839;308;36;19
org.apache.jasper.compiler.TagPluginManager.TagPluginContextImpl.generateDeclaration(String, String);org.apache.jasper.compiler.Node.Nodes;1;0;3;0.8636;72;15;4;1;0;0.9333;43;5;3
org.apache.catalina.ha.session.BackupManager.getMapName();org.apache.juli.logging.Log;0;0;3;0.9286;135;20;7;2;0;0.9048;18;18;0
org.apache.tomcat.util.net.NioBlockingSelector.BlockPoller.run();org.apache.tomcat.util.net.NioEndpoint.KeyAttachment;2;2;4;0.6667;182;9;4;0;2;0.9375;121;13;8
org.apache.coyote.http11.Http11AprProcessor.event(SocketStatus);org.apache.coyote.Request;4;1;9;0.8857;954;28;36;0;1;0.9853;221;18;34
org.apache.catalina.loader.WebappLoader.createClassLoader();org.apache.catalina.Container;0;0;3;0.9412;553;36;17;1;0;0.9737;35;35;6
org.apache.coyote.http11.Http11Processor.process(SocketWrapper<Socket>);org.apache.coyote.Constants;7;3;6;0.8596;731;12;7;0;7;1.0000;0;0;14
org.apache.catalina.connector.Response.getCharacterEncoding();org.apache.coyote.Response;1;0;1;0.9886;596;70;20;0;1;0.9737;250;19;18
org.apache.catalina.tribes.membership.McastService.broadcast(ChannelMessage);org.apache.catalina.tribes.Channel;2;0;1;0.9846;353;55;13;0;1;1.0000;15;15;13
org.apache.catalina.mbeans.MBeanUtils.createMBean(Loader);org.apache.tomcat.util.modeler.Registry;0;2;2;1.0000;706;52;4;1;0;0.9756;433;33;10
org.apache.catalina.core.ApplicationContextFacade.getResourcePaths(String);org.apache.catalina.core.ApplicationContext;0;1;1;0.9672;514;57;3;1;0;0.9859;645;60;13
org.apache.tomcat.util.net.NioEndpoint.setProperty(String, String);org.apache.tomcat.util.IntrospectionUtils;0;0;2;0.9762;362;19;26;1;0;1.0000;595;31;4
org.apache.catalina.core.StandardWrapper.initServlet(Servlet);org.apache.catalina.core.Constants;5;2;7;0.9369;748;76;36;0;1;1.0000;0;0;6
org.apache.jasper.compiler.JspDocumentParser.endElement(String, String, String);org.apache.jasper.compiler.Node.NamedAttribute;4;2;6;0.8654;663;28;20;0;1;0.9643;71;3;7
org.apache.catalina.manager.HTMLManagerServlet.list(HttpServletRequest, HttpServletResponse, String);org.apache.catalina.util.ServerInfo;1;1;12;0.9762;686;26;19;1;0;1.0000;19;4;3
org.apache.catalina.tribes.util.Arrays.diff(Membership, Membership, MemberImpl);org.apache.catalina.tribes.membership.MemberImpl;0;0;0;1.0000;157;24;1;1;0;0.9756;300;29;19
org.apache.coyote.http11.InternalAprOutputBuffer.sendAck();org.apache.coyote.http11.Constants;1;0;3;0.9474;235;24;13;0;1;1.0000;0;0;44
org.apache.jasper.compiler.Compiler.generateJava();org.apache.jasper.compiler.TagFileProcessor;12;1;7;0.8621;310;11;8;1;0;0.9804;94;4;1
org.apache.catalina.core.NamingContextListener.addResourceEnvRef(ContextResourceEnvRef);org.apache.catalina.deploy.ResourceBase;2;0;4;0.9474;745;23;11;4;0;0.8000;43;9;7
org.apache.catalina.session.PersistentManagerBase.processMaxActiveSwaps();org.apache.juli.logging.Log;2;2;2;0.9333;421;30;12;2;0;0.9231;18;18;0
org.apache.catalina.startup.Catalina.setSecurityProtection();org.apache.catalina.security.SecurityConfig;0;0;0;0;0;0;0;0;0;0;0;0;0
org.apache.tomcat.util.digester.Digester.peek(int);org.apache.juli.logging.Log;0;0;2;0.9851;849;103;29;1;0;0.9524;18;18;0
org.apache.catalina.startup.LifecycleListenerRule.begin(String, String, Attributes);org.apache.catalina.Lifecycle;1;0;2;0.6667;15;1;2;1;0;0.9000;6;6;11
org.apache.catalina.connector.MapperListener.unregisterHost(Host);org.apache.tomcat.util.http.mapper.Mapper;0;0;0;0;0;0;0;0;0;0;0;0;0
org.apache.tomcat.util.modeler.BaseNotificationBroadcaster.addNotificationListener(NotificationListener, NotificationFilter, Object);org.apache.tomcat.util.modeler.BaseNotificationBroadcasterEntry;1;0;1;0.9167;54;6;1;0;3;0.6250;5;0;3
org.apache.catalina.connector.CoyoteReader.reset();org.apache.catalina.connector.InputBuffer;0;0;1;0.9333;102;12;4;1;0;0.9722;210;19;17
org.apache.coyote.http11.Http11NioProcessor.event(SocketStatus);org.apache.tomcat.util.net.NioEndpoint.KeyAttachment;7;1;4;0.9024;840;14;11;0;1;0.9762;121;13;8
org.apache.coyote.ajp.AjpAprProcessor.process(long);org.apache.coyote.Request;5;4;14;0.7115;623;13;30;1;2;0.9620;221;18;34
org.apache.jasper.compiler.SmapUtil.SmapGenVisitor.doSmap(Node);org.apache.jasper.compiler.Node;1;1;0;0.9643;149;23;3;0;2;0.9259;163;7;15
org.apache.catalina.tribes.transport.nio.NioReplicationTask.run();org.apache.catalina.tribes.transport.RxTaskPool;1;2;4;0.7619;197;7;5;1;0;0.9630;89;5;7
org.apache.catalina.manager.StatusManagerServlet.doGet(HttpServletRequest, HttpServletResponse);org.apache.catalina.manager.StatusTransformer;0;0;5;0.5556;160;4;6;11;0;1.0000;601;20;0
org.apache.tomcat.util.net.NioEndpoint.setProperty(String, String);org.apache.juli.logging.Log;0;0;2;0.9762;362;19;26;1;0;0.9500;18;18;0
org.apache.tomcat.util.bcel.classfile.Utility.methodSignatureToString(String, String, String, boolean, LocalVariableTable);org.apache.tomcat.util.bcel.classfile.LocalVariable;0;2;1;1.0000;428;19;5;1;0;0.9286;43;5;6
org.apache.catalina.tribes.membership.McastService.stop(int);org.apache.catalina.tribes.membership.McastServiceImpl;0;0;2;0.9846;353;55;13;1;0;0.9756;309;12;28
org.apache.jasper.compiler.JDTCompiler.CompilationUnit.getContents();org.apache.jasper.compiler.JDTCompiler;3;0;0;1.0000;52;4;2;0;1;0.8333;317;1;1
org.apache.catalina.ha.session.DeltaManager.createSession(String, boolean);org.apache.juli.logging.Log;1;1;4;0.9639;822;41;40;2;0;0.9200;18;18;0
org.apache.catalina.util.LifecycleBase.start();org.apache.catalina.Lifecycle;2;4;4;0.6471;88;11;4;0;2;1.0000;6;6;11
org.apache.catalina.mbeans.MBeanUtils.createMBean(User);org.apache.tomcat.util.modeler.ManagedBean;0;2;2;1.0000;706;52;4;2;0;0.9429;252;23;13
org.apache.coyote.ajp.AjpAprProcessor.recycle();org.apache.coyote.Response;0;0;10;0.7561;623;13;30;1;0;0.9796;250;19;18
org.apache.coyote.ajp.AjpProcessor.asyncDispatch(SocketStatus);org.apache.coyote.Response;4;1;9;0.8298;659;13;32;0;1;0.9804;250;19;18
org.apache.tomcat.util.net.NioSelectorPool.write(ByteBuffer, NioChannel, Selector, long, boolean, MutableInteger);org.apache.tomcat.util.net.NioChannel;2;0;2;0.9545;182;9;12;1;1;0.9130;83;15;5
org.apache.jasper.xmlparser.XMLEncodingDetector.scanPIData(String, XMLString);org.apache.jasper.compiler.ErrorDispatcher;0;6;2;0.8431;798;23;29;2;0;0.9375;158;22;2
org.apache.tomcat.util.net.AprEndpoint.Sendfile.add(SendfileData);org.apache.tomcat.util.net.SocketProperties;4;0;1;0.9524;187;5;6;1;0;0.9839;162;28;23
org.apache.catalina.connector.RequestFacade.getLocalAddr();org.apache.tomcat.util.res.StringManager;0;0;2;0.9859;450;69;2;1;0;0.8571;52;3;3
org.apache.tomcat.util.digester.Digester.startPrefixMapping(String, String);org.apache.juli.logging.Log;1;0;2;0.9851;849;103;29;2;0;0.9000;18;18;0
org.apache.catalina.core.NamingContextListener.processGlobalResourcesChange(String, Object, Object);org.apache.catalina.deploy.ResourceBase;0;14;0;0.5625;745;23;11;1;0;0.9655;43;9;7
org.apache.catalina.core.ApplicationFilterConfig.initFilter();org.apache.tomcat.util.log.SystemLogHandler;0;2;2;0.8095;175;15;8;2;0;1.0000;128;29;3
org.apache.catalina.util.InstanceSupport.fireInstanceEvent(String, Filter, ServletRequest, ServletResponse);org.apache.catalina.InstanceListener;0;0;2;0.8667;81;11;3;1;0;0.6667;1;1;0
org.apache.catalina.tribes.membership.McastServiceImpl.RecoveryThread.stopService();org.apache.juli.logging.Log;2;0;1;0.8333;58;4;2;1;0;0.9500;18;18;0
org.apache.catalina.startup.ContextConfig.configureStop();org.apache.catalina.startup.ExpandWar;0;0;5;0.9595;1103;37;18;1;0;1.0000;244;9;2
org.apache.catalina.startup.Tomcat.getHost();org.apache.catalina.Container;0;1;2;0.9143;253;24;14;1;0;0.9744;35;35;6
org.apache.catalina.connector.Response.setLocale(Locale);org.apache.catalina.util.CharsetMapper;0;2;4;0.9341;596;70;20;1;0;0.9286;26;2;2
org.apache.catalina.core.NamingContextListener.removeResource(String);org.apache.juli.logging.Log;1;0;4;0.9091;745;23;11;1;0;0.9545;18;18;0
org.apache.catalina.valves.ErrorReportValve.report(Request, Response, Throwable);org.apache.catalina.connector.Response;2;1;1;0.9333;135;4;2;6;0;0.9362;596;70;20
org.apache.jasper.compiler.Parser.parse(ParserController, JspReader, Node, boolean, boolean, JarResource, String, String, boolean, boolean);org.apache.jasper.compiler.Compiler;4;3;0;0.9595;1185;55;13;0;1;0.9677;310;11;8
org.apache.catalina.session.ManagerBase.getRandomBytes(byte);org.apache.juli.logging.Log;0;2;3;0.9432;518;58;32;3;0;0.8696;18;18;0
org.apache.coyote.http11.Http11AprProtocol.getAttribute(String);org.apache.juli.logging.Log;1;0;3;0.9902;387;76;26;2;0;0.8947;18;18;0
org.apache.tomcat.util.net.AprEndpoint.SocketEventProcessor.run();org.apache.tomcat.util.net.AbstractEndpoint.Handler;2;0;2;0.6667;10;1;2;0;1;0.8000;0;0;1
org.apache.catalina.startup.HostConfig.deployDirectory(String, File, String);org.apache.catalina.Lifecycle;2;3;7;0.8833;793;36;16;1;0;0.9600;6;6;11
org.apache.jasper.compiler.Validator.ValidateVisitor.visit(Node.CustomTag);org.apache.jasper.compiler.Node.CustomTag;4;0;1;0.9825;735;37;19;1;5;0.8800;218;9;26
org.apache.coyote.http11.filters.ChunkedOutputFilter.doWrite(ByteChunk, Response);org.apache.tomcat.util.buf.ByteChunk;0;0;3;0.7000;38;4;6;2;0;0.9608;425;43;10
org.apache.naming.resources.ProxyDirContext.validate(CacheEntry);org.apache.naming.resources.CacheEntry;2;0;0;1.0000;469;64;15;0;4;0.6364;13;2;8
org.apache.jasper.runtime.PageContextImpl.proprietaryEvaluate(String, Class<?>, PageContext, ProtectedFunctionMapper, boolean);org.apache.jasper.el.ELContextImpl;1;1;1;1.0000;634;40;16;0;1;0.8000;35;1;4
org.apache.catalina.servlets.WebdavServlet.parseLockNullProperties(HttpServletRequest, XMLWriter, String, int, Vector<String>);org.apache.catalina.util.XMLWriter;2;3;4;0.8974;1461;29;24;4;3;0.7895;79;10;5
org.apache.catalina.ha.tcp.SimpleTcpCluster.unregisterClusterValve();org.apache.juli.logging.Log;1;1;2;0.9677;368;43;29;2;0;0.9048;18;18;0
org.apache.catalina.realm.JNDIRealm.open();org.apache.juli.logging.Log;0;1;2;0.9600;742;44;32;1;0;0.9565;18;18;0
org.apache.catalina.connector.Request.getRequestURI();org.apache.coyote.Request;1;0;1;0.9943;1203;127;53;0;1;0.9818;221;18;34
org.apache.catalina.connector.OutputBuffer.recycle();org.apache.tomcat.util.buf.ByteChunk;0;0;9;0.7805;207;25;15;1;0;0.9825;425;43;10
org.apache.catalina.tribes.util.Arrays.fill(Membership, Member[]);org.apache.catalina.tribes.membership.Membership;0;0;0;1.0000;157;24;1;1;0;0.9500;137;11;6
org.apache.tomcat.util.buf.MessageBytes.equals(MessageBytes);org.apache.tomcat.util.buf.CharChunk;0;2;7;0.8605;380;30;16;1;0;0.9821;393;39;8
org.apache.catalina.core.StandardHostValve.event(Request, Response, CometEvent);org.apache.catalina.Pipeline;1;2;0;0.8667;160;7;3;1;0;0.9474;9;9;0
org.apache.catalina.ant.AbstractCatalinaTask.execute(String, InputStream, String, int);org.apache.tomcat.util.ExceptionUtils;0;0;0;0;0;0;0;0;0;0;0;0;0
org.apache.coyote.http11.Http11NioProcessor.endRequest();org.apache.tomcat.util.res.StringManager;1;0;3;0.9355;840;14;11;1;0;0.9231;52;3;3
org.apache.tomcat.util.net.jsse.JSSESocketFactory.getTrustStore(String, String);org.apache.juli.logging.Log;1;1;1;0.9667;440;20;17;2;0;0.9000;18;18;0
org.apache.catalina.core.StandardContextValve.invoke(Request, Response);org.apache.catalina.core.StandardContext;2;1;2;0.9310;97;5;3;3;0;0.9913;2421;209;114
org.apache.jasper.compiler.TagPluginManager.apply(Node.Nodes, ErrorDispatcher, PageInfo);org.apache.jasper.compiler.Node.Nodes;0;1;2;0.5714;66;3;6;1;0;0.9231;43;5;3
org.apache.catalina.core.StandardService.destroyInternal();org.apache.juli.logging.Log;0;0;0;0;0;0;0;0;0;0;0;0;0
org.apache.catalina.connector.Response.addSessionCookieInternal(Cookie);org.apache.coyote.Response;0;0;0;0;0;0;0;0;0;0;0;0;0
org.apache.catalina.connector.Request.setHost(Host);org.apache.tomcat.util.http.mapper.MappingData;1;0;1;0.9943;1203;127;53;0;1;0.9091;11;1;9
org.apache.catalina.session.StandardManager.setContainer(Container);org.apache.catalina.Context;0;0;0;1.0000;304;16;7;1;0;0.9931;139;139;1
org.apache.coyote.http11.AbstractHttp11Protocol.setKeepAliveTimeout(int);org.apache.tomcat.util.net.AbstractEndpoint;1;0;1;0.9909;382;89;22;0;1;0.9859;397;29;69
org.apache.catalina.tribes.transport.PooledSender.SenderQueue.returnSender(DataSender);org.apache.catalina.tribes.transport.DataSender;0;0;4;0.6923;87;7;5;1;0;0.9333;11;11;0
org.apache.catalina.ha.session.DeltaManager.getAllClusterSessions();org.apache.catalina.ha.ClusterMessage;2;3;11;0.8621;822;41;40;2;0;0.9231;6;6;0
org.apache.coyote.http11.AbstractHttp11Protocol.getKeystoreFile();org.apache.tomcat.util.net.AbstractEndpoint;1;0;1;0.9909;382;89;22;0;1;0.9859;397;29;69
org.apache.tomcat.util.modeler.modules.MbeansDescriptorsDigesterSource.execute();org.apache.juli.logging.Log;0;1;4;0.8182;77;3;7;1;0;0.9583;18;18;0
org.apache.catalina.authenticator.SingleSignOn.associate(String, Session);org.apache.juli.logging.Log;0;1;1;0.9000;164;12;6;2;0;0.9091;18;18;0
org.apache.coyote.http11.Http11AprProtocol.setMaxThreads(int);org.apache.tomcat.util.net.AbstractEndpoint;0;0;1;0.9901;387;76;26;1;0;0.9859;397;29;69
org.apache.catalina.core.ApplicationContextFacade.addListener(T);org.apache.catalina.security.SecurityUtil;0;1;1;0.9672;514;57;3;1;0;1.0000;146;11;17
org.apache.catalina.startup.TaglibRule.body(String, String, String);org.apache.catalina.startup.TaglibUriRule;1;0;1;0.5000;6;1;1;0;1;0.7500;25;1;1
org.apache.jasper.compiler.Validator.DirectiveVisitor.visit(Node.TagDirective);org.apache.jasper.compiler.PageInfo;6;0;3;0.8800;214;7;4;6;3;0.8953;341;30;46
org.apache.jasper.compiler.ErrorDispatcher.dispatch(Mark, String, Object[], Exception);org.apache.jasper.compiler.ErrorHandler;2;0;2;0.9231;158;22;2;2;0;0.8000;4;4;0
org.apache.catalina.manager.host.HostManagerServlet.start(PrintWriter, String);org.apache.catalina.Container;1;0;4;0.8500;310;13;8;1;0;0.9744;35;35;6
org.apache.jasper.compiler.Generator.DeclarationVisitor.visit(Node.CustomTag);org.apache.jasper.compiler.Node.CustomTag;1;0;0;1.0000;36;3;1;0;3;0.9268;218;9;26
org.apache.tomcat.util.http.MimeHeaders.getValue(String);org.apache.tomcat.util.buf.MessageBytes;1;0;2;0.9130;129;18;3;1;0;0.9778;380;30;16
org.apache.catalina.startup.HostConfig.deployWAR(String, File, String);org.apache.catalina.Context;2;4;8;0.8548;793;36;16;5;0;0.9684;139;139;1
org.apache.catalina.loader.WebappClassLoader.clearReferencesStaticFinal();org.apache.juli.logging.Log;1;1;2;0.9783;1601;58;35;3;0;0.8571;18;18;0
org.apache.catalina.tribes.group.ChannelCoordinator.sendMessage(Member[], ChannelMessage, InterceptorPayload);org.apache.catalina.tribes.ChannelMessage;2;0;2;0.9286;164;15;5;2;0;0.8889;11;11;0
org.apache.catalina.mbeans.GlobalResourcesLifecycleListener.createMBeans(String, Context);org.apache.juli.logging.Log;0;2;1;0.8889;103;5;3;4;0;0.7895;18;18;0
org.apache.catalina.connector.RequestFacade.getAttributeNames();org.apache.catalina.Globals;1;0;2;0.9859;450;69;2;0;1;1.0000;0;0;39
org.apache.catalina.ha.session.DeltaManager.setContainer(Container);org.apache.catalina.Context;0;0;0;1.0000;822;41;40;1;0;0.9931;139;139;1
org.apache.catalina.core.StandardContext.addFilterDef(FilterDef);org.apache.catalina.deploy.FilterDef;0;0;1;0.9969;2421;209;114;1;0;0.9500;66;9;10
org.apache.catalina.ssi.ExpressionParseTree.StringNode.getValue();org.apache.catalina.ssi.ExpressionParseTree;1;0;2;0.7143;13;3;2;0;1;0.9167;100;4;7
org.apache.coyote.http11.Http11Processor.endRequest();org.apache.coyote.http11.InternalOutputBuffer;1;0;3;0.9200;731;12;7;1;0;0.9524;72;8;3
org.apache.el.parser.ELParser.DeferredExpression();org.apache.el.parser.ELParserTreeConstants;2;2;1;0.9784;2270;112;22;0;1;0.9773;0;0;35
org.apache.catalina.startup.ContextConfig.validateSecurityRoles();org.apache.juli.logging.Log;1;0;3;0.9811;1103;37;18;1;0;0.9630;18;18;0
org.apache.catalina.connector.Request.getRemotePort();org.apache.coyote.Request;2;0;2;0.9886;1203;127;53;1;1;0.9636;221;18;34
org.apache.jasper.runtime.PageContextImpl.doSetAttribute(String, Object, int);org.apache.jasper.compiler.Localizer;0;1;4;0.9057;634;40;16;1;0;1.0000;34;6;1
org.apache.catalina.mbeans.MBeanUtils.createObjectName(String, ContextEnvironment);org.apache.catalina.deploy.NamingResources;1;0;0;1.0000;706;52;4;0;1;0.9815;342;36;13
org.apache.catalina.servlets.WebdavServlet.doPropfind(HttpServletRequest, HttpServletResponse);org.apache.catalina.servlets.WebdavStatus;5;6;5;0.8000;1461;29;24;0;4;1.0000;12;2;27
org.apache.catalina.startup.ContextConfig.processResourceJARs(Set<WebXml>);org.apache.catalina.deploy.WebXml;0;0;0;0;0;0;0;0;0;0;0;0;0
org.apache.catalina.ha.session.SimpleTcpReplicationManager.writeSession(Session);org.apache.catalina.ha.session.ReplicatedSession;0;0;1;1.0000;356;17;15;1;0;0.9565;122;16;4
org.apache.catalina.tribes.transport.nio.ParallelNioSender.setData(NioSender[], byte[]);org.apache.catalina.tribes.ChannelException;0;0;0;1.0000;246;12;4;1;0;0.9167;46;5;2
org.apache.catalina.tribes.util.Arrays.getUniqudId(ChannelMessage);org.apache.catalina.tribes.ChannelMessage;0;0;0;1.0000;157;24;1;1;0;0.9091;11;11;0
org.apache.catalina.deploy.WebXml.addMessageDestination(MessageDestination);org.apache.catalina.deploy.ResourceBase;1;0;2;0.9861;1536;45;42;1;0;0.9375;43;9;7
org.apache.catalina.core.StandardWrapper.initServlet(Servlet);org.apache.catalina.security.SecurityUtil;5;2;7;0.9369;748;76;36;1;0;1.0000;146;11;17
org.apache.coyote.http11.AbstractHttp11Protocol.getAlgorithm();org.apache.tomcat.util.net.AbstractEndpoint;1;0;1;0.9909;382;89;22;0;1;0.9859;397;29;69
org.apache.jasper.security.SecurityClassLoad.securityClassLoad(ClassLoader);org.apache.jasper.security.SecurityUtil;0;0;1;1.0000;41;1;1;1;0;1.0000;31;2;1
org.apache.coyote.http11.AbstractHttp11Protocol.setKeystoreType(String);org.apache.tomcat.util.net.AbstractEndpoint;1;0;1;0.9909;382;89;22;0;1;0.9859;397;29;69
org.apache.coyote.ajp.AjpAprProtocol.getKeepAliveTimeout();org.apache.tomcat.util.net.AbstractEndpoint;1;0;1;0.9815;219;40;15;0;1;0.9859;397;29;69
org.apache.catalina.tribes.membership.McastServiceImpl.start(int);org.apache.juli.logging.Log;1;2;9;0.7436;309;12;28;1;0;0.9643;18;18;0
org.apache.jasper.compiler.Validator.DirectiveVisitor.visit(Node.PageDirective);org.apache.jasper.compiler.ErrorDispatcher;6;0;4;0.9268;214;7;4;2;0;0.9623;158;22;2
org.apache.catalina.core.StandardContext.bindThread();org.apache.naming.ContextBindings;0;1;0;0.9969;2421;209;114;1;0;1.0000;112;21;6
org.apache.catalina.connector.CoyoteAdapter.postParseRequest(org.apache.coyote.Request, Request, org.apache.coyote.Response, Response);org.apache.catalina.Service;11;4;2;0.9583;620;12;9;0;0;1.0000;15;15;0
org.apache.el.parser.ELParser.DotSuffix();org.apache.el.parser.Token;4;1;1;0.9856;2270;112;22;0;1;0.9500;24;3;9
org.apache.jasper.compiler.Validator.ValidateVisitor.checkXmlAttributes(Node.CustomTag, Node.JspAttribute[], Hashtable<String,Object>);org.apache.jasper.compiler.ELParser;8;1;4;0.9344;735;37;19;1;0;1.0000;206;12;10
org.apache.catalina.core.StandardWrapper.removeMapping(String);org.apache.catalina.Wrapper;0;0;1;0.9907;748;76;36;0;0;1.0000;39;39;0
org.apache.catalina.manager.HTMLManagerServlet.doGet(HttpServletRequest, HttpServletResponse);org.apache.catalina.manager.Constants;2;2;0;0.9231;686;26;19;0;1;1.0000;0;0;11
org.apache.catalina.connector.OutputBuffer.writeByte(int);org.apache.tomcat.util.buf.ByteChunk;0;0;3;0.9250;207;25;15;1;0;0.9800;425;43;10
org.apache.tomcat.util.modeler.BaseModelMBean.sendAttributeChangeNotification(AttributeChangeNotification);org.apache.tomcat.util.modeler.BaseNotificationBroadcaster;0;0;2;0.9722;284;28;9;1;0;0.9000;54;6;1
org.apache.catalina.tribes.group.interceptors.TwoPhaseCommitInterceptor.heartbeat();org.apache.juli.logging.Log;0;0;3;0.8182;69;3;6;3;0;0.8696;18;18;0
org.apache.jasper.xmlparser.XMLEncodingDetector.getEncoding(String, JarFile, JspCompilationContext, ErrorDispatcher);org.apache.jasper.compiler.JspUtil;0;1;0;0.9787;798;23;29;1;0;1.0000;608;37;6
org.apache.coyote.http11.InternalOutputBuffer.OutputStreamOutputBuffer.doWrite(ByteChunk, Response);org.apache.tomcat.util.buf.ByteChunk;2;0;0;1.0000;10;1;0;1;2;0.9400;425;43;10
org.apache.coyote.http11.Http11Processor.endRequest();org.apache.juli.logging.Log;1;0;3;0.9200;731;12;7;1;0;0.9615;18;18;0
org.apache.jasper.compiler.Validator.ValidateVisitor.visit(Node.UninterpretedTag);org.apache.jasper.compiler.Node.Nodes;4;2;2;0.9167;735;37;19;1;0;0.9500;43;5;3
org.apache.tomcat.util.bcel.classfile.ConstantPool.constantToString(Constant);org.apache.tomcat.util.bcel.classfile.ConstantUtf8;11;3;0;0.9000;130;7;2;0;1;0.9412;14;2;1
org.apache.jasper.compiler.Generator.GenerateVisitor.visit(Node.ForwardAction);org.apache.jasper.compiler.ServletWriter;5;3;4;0.9028;1736;44;16;6;1;0.7586;54;12;6
org.apache.coyote.Request.getContentLengthLong();org.apache.tomcat.util.http.MimeHeaders;0;0;2;0.9636;221;18;34;1;0;0.9600;129;18;3
org.apache.catalina.realm.UserDatabaseRealm.hasRole(Principal, String);org.apache.catalina.UserDatabase;0;0;1;0.9286;92;6;4;1;0;0.9545;16;16;0
org.apache.catalina.servlets.DefaultServlet.renderXml(String, CacheEntry, InputStream);org.apache.naming.resources.ProxyDirContext;1;3;3;0.8966;1001;37;20;2;0;0.9778;469;64;15
org.apache.tomcat.util.net.NioEndpoint.setSocketOptions(SocketChannel);org.apache.tomcat.util.net.NioChannel;2;2;4;0.9000;362;19;26;1;1;0.9394;83;15;5
org.apache.coyote.ajp.AjpProcessor.parseHost(MessageBytes);org.apache.coyote.Adapter;4;0;4;0.9259;659;13;32;0;0;1.0000;3;3;0
org.apache.tomcat.util.buf.UEncoder.urlEncode(Writer, String);org.apache.juli.logging.Log;2;0;5;0.7647;84;5;5;2;0;0.9286;18;18;0
org.apache.catalina.mbeans.NamingResourcesMBean.getResources();org.apache.tomcat.util.modeler.ManagedBean;0;0;1;0.9286;138;9;2;1;0;0.9730;252;23;13
org.apache.catalina.authenticator.FormAuthenticator.authenticate(Request, HttpServletResponse, LoginConfig);org.apache.catalina.Realm;3;6;2;0.7813;236;8;3;1;0;0.9773;14;14;0
org.apache.catalina.tribes.io.ObjectReader.execute();org.apache.catalina.tribes.io.XByteBuffer;0;0;1;0.9412;71;9;5;2;0;0.9200;317;36;7
org.apache.tomcat.util.bcel.classfile.ConstantValue.toString();org.apache.tomcat.util.bcel.classfile.ConstantFloat;8;0;1;0.9333;43;3;1;0;1;0.9333;17;2;1
org.apache.el.parser.AstDynamicExpression.setValue(EvaluationContext, Object);org.apache.el.parser.Node;0;0;0;1.0000;15;4;0;1;0;0.9444;17;17;0
org.apache.catalina.connector.Request.parseParameters();org.apache.juli.logging.Log;4;5;9;0.9351;1203;127;53;3;0;0.9231;18;18;0
org.apache.jasper.compiler.TldLocationsCache.tldScanStream(String, String, InputStream);org.apache.jasper.xmlparser.TreeNode;0;0;1;0.9231;200;9;11;2;0;0.9091;109;13;5
org.apache.jasper.runtime.PageContextImpl.findAttribute(String);org.apache.jasper.security.SecurityUtil;0;1;0;0.9811;634;40;16;1;0;1.0000;31;2;1
org.apache.coyote.http11.AbstractHttp11Protocol.setTruststoreProvider(String);org.apache.tomcat.util.net.AbstractEndpoint;1;0;1;0.9909;382;89;22;0;1;0.9859;397;29;69
org.apache.catalina.core.StandardContext.resourcesStart();org.apache.catalina.Container;3;3;7;0.9731;2421;209;114;1;0;0.9828;35;35;6
org.apache.catalina.manager.host.HostManagerServlet.add(PrintWriter, String, String, String, boolean, boolean, boolean, boolean, boolean);org.apache.catalina.core.StandardHost;0;0;0;0;0;0;0;0;0;0;0;0;0
org.apache.catalina.startup.ContextConfig.configureStart();org.apache.catalina.Valve;1;5;4;0.8833;1103;37;18;1;0;0.9655;7;7;0
org.apache.catalina.core.NamingContextListener.createObjectName(ContextResource);org.apache.catalina.Context;1;0;1;0.9737;745;23;11;1;0;0.9932;139;139;1
org.apache.jasper.compiler.Generator.GenerateVisitor.printParams(Node, String, boolean);org.apache.jasper.compiler.Generator;4;0;1;0.9844;1736;44;16;1;0;1.0000;782;28;18
org.apache.jasper.compiler.Generator.GenerateVisitor.evaluateAttribute(TagHandlerInfo, Node.JspAttribute, Node.CustomTag, String);org.apache.jasper.compiler.ELNode.Nodes;5;2;2;0.9634;1736;44;16;0;1;0.9697;35;5;2
org.apache.catalina.authenticator.BasicAuthenticator.authenticate(Request, HttpServletResponse, LoginConfig);org.apache.tomcat.util.buf.MessageBytes;5;0;1;1.0000;57;2;2;1;2;0.9538;380;30;16
org.apache.catalina.ha.deploy.FarmWarDeployer.fileModified(File);org.apache.juli.logging.Log;0;4;2;0.8913;376;28;17;3;0;0.8696;18;18;0
org.apache.catalina.startup.Catalina.createStartDigester();org.apache.catalina.startup.ClusterRuleSetFactory;1;0;2;0.9688;316;16;7;1;0;1.0000;33;2;1
org.apache.catalina.tribes.membership.McastServiceImpl.RecoveryThread.startService();org.apache.catalina.tribes.membership.McastServiceImpl;2;0;1;0.8571;58;4;2;2;1;0.9512;309;12;28
org.apache.coyote.ajp.AjpAprProtocol.resume();org.apache.tomcat.util.res.StringManager;1;1;3;0.9655;219;40;15;1;0;0.9091;52;3;3
org.apache.catalina.filters.FilterBase.init(FilterConfig);org.apache.tomcat.util.IntrospectionUtils;1;1;1;0.6667;12;3;1;1;0;1.0000;595;31;4
org.apache.tomcat.util.net.AprEndpoint.Sendfile.run();org.apache.juli.logging.Log;5;3;5;0.7037;187;5;6;3;0;0.9250;18;18;0
org.apache.jasper.compiler.Parser.addInclude(Node, List<String>);org.apache.jasper.compiler.JspReader;1;1;1;0.9688;1185;55;13;1;0;0.9722;304;23;9
org.apache.tomcat.util.digester.FactoryCreateRule.begin(String, String, Attributes);org.apache.tomcat.util.digester.Digester;2;1;2;0.8966;114;5;5;1;2;0.9790;849;103;29
org.apache.catalina.connector.RequestFacade.getCharacterEncoding();org.apache.catalina.connector.Request;1;0;2;0.9859;450;69;2;1;0;0.9943;1203;127;53
org.apache.naming.resources.BaseDirContext.setDocBase(String);org.apache.naming.StringManager;0;0;2;0.9870;272;68;9;1;0;0.8333;50;3;3
org.apache.catalina.connector.RequestFacade.GetCookiesPrivilegedAction.run();org.apache.catalina.connector.RequestFacade;1;0;0;1.0000;3;1;0;0;1;0.9859;450;69;2
org.apache.catalina.connector.RequestFacade.getServletPath();org.apache.tomcat.util.res.StringManager;0;0;2;0.9859;450;69;2;1;0;0.8571;52;3;3
org.apache.coyote.Request.setResponse(Response);org.apache.coyote.Response;1;0;1;0.9811;221;18;34;0;1;0.9737;250;19;18
org.apache.tomcat.util.digester.ParserFeatureSetterFactory.newSAXParser(Properties);org.apache.tomcat.util.digester.XercesParser;0;0;1;1.0000;8;1;1;1;0;1.0000;45;4;7
org.apache.catalina.core.StandardService.stopInternal();org.apache.catalina.Lifecycle;1;1;9;0.8222;289;26;16;1;0;0.9500;6;6;11
org.apache.coyote.ajp.AjpAprProcessor.action(ActionCode, Object);org.apache.tomcat.util.buf.MessageBytes;6;3;13;0.7636;623;13;30;4;1;0.9242;380;30;16
org.apache.catalina.mbeans.MBeanUtils.destroyMBean(Service);org.apache.tomcat.util.modeler.Registry;0;2;2;1.0000;706;52;4;1;0;0.9750;433;33;10
org.apache.coyote.http11.Http11NioProcessor.recycle();org.apache.coyote.http11.InternalNioInputBuffer;0;0;5;0.8438;840;14;11;1;0;0.9730;396;12;12
org.apache.jasper.compiler.TagFileProcessor.TagFileLoaderVisitor.visit(Node.CustomTag);org.apache.jasper.compiler.TldLocation;0;0;0;0;0;0;0;0;0;0;0;0;0
org.apache.jasper.compiler.Parser.parseXMLTemplateText(Node);org.apache.jasper.compiler.JspReader;0;1;3;0.9459;1185;55;13;9;0;0.7750;304;23;9
org.apache.catalina.connector.ResponseFacade.getOutputStream();org.apache.catalina.connector.Response;0;1;1;0.9524;224;40;2;2;0;0.9778;596;70;20
org.apache.coyote.http11.Http11AprProtocol.getSSLProtocol();org.apache.tomcat.util.net.AprEndpoint;1;0;1;0.9901;387;76;26;0;1;0.9808;471;17;35
org.apache.catalina.tribes.transport.bio.util.FastQueue.remove();org.apache.catalina.tribes.transport.bio.util.SingleRemoveSynchronizedAddLock;0;0;9;0.7419;172;11;14;2;0;0.9259;88;6;7
org.apache.catalina.valves.ExtendedAccessLogValve.TimeElement.addElement(StringBuilder, Date, Request, Response, long);org.apache.catalina.valves.ExtendedAccessLogValve.ElementTimestampStruct;1;0;2;1.0000;9;1;2;0;3;0.2500;4;0;3
org.apache.jasper.compiler.JspUtil.checkAttributes(String, Node, ValidAttribute[], ErrorDispatcher);org.apache.jasper.compiler.ErrorDispatcher;2;0;0;1.0000;608;37;6;2;0;0.9310;158;22;2
org.apache.catalina.mbeans.UserMBean.addGroup(String);org.apache.catalina.User;0;0;0;1.0000;85;6;3;2;0;0.8947;17;17;0
org.apache.catalina.tribes.group.interceptors.StaticMembershipInterceptor.getMembers();org.apache.catalina.tribes.group.AbsoluteOrder;0;0;1;0.9000;56;7;2;1;0;1.0000;7;1;1
org.apache.el.parser.ELParser.getNextToken();org.apache.el.parser.ELParserTokenManager;1;0;4;0.9701;2270;112;22;1;0;0.9792;994;32;25
org.apache.coyote.http11.Http11AprProtocol.setSSLEnabled(boolean);org.apache.tomcat.util.net.AbstractEndpoint;1;0;1;0.9901;387;76;26;0;1;0.9859;397;29;69
org.apache.catalina.core.StandardWrapper.setMinTime(long);org.apache.catalina.core.StandardWrapperValve;1;0;1;0.9907;748;76;36;0;1;0.9091;352;4;6
org.apache.catalina.loader.WebappClassLoader.nullInstance(Object);org.apache.juli.logging.Log;0;1;1;0.9890;1601;58;35;3;0;0.8421;18;18;0
org.apache.jasper.compiler.Node.InvokeAction.accept(Visitor);org.apache.jasper.compiler.Node.Visitor;0;0;0;1.0000;9;1;0;1;0;0.9714;126;35;0
org.apache.coyote.ajp.AjpProcessor.SocketInputBuffer.doRead(ByteChunk, Request);org.apache.coyote.ajp.AjpProcessor;3;0;0;1.0000;19;1;0;2;4;0.8723;659;13;32
org.apache.catalina.connector.Request.isUserInRole(String);org.apache.catalina.Realm;0;0;3;0.9830;1203;127;53;1;0;0.9474;14;14;0
org.apache.naming.resources.ProxyDirContext.getAttributes(Name);org.apache.naming.resources.CacheEntry;1;2;2;0.9487;469;64;15;0;2;0.8571;13;2;8
org.apache.jasper.JspCompilationContext.getClassPath();org.apache.jasper.compiler.JspRuntimeContext;1;0;2;0.9672;426;31;31;0;1;0.9583;187;11;10
org.apache.catalina.tribes.tipis.LazyReplicatedMap.publishEntryInfo(Object, Object);org.apache.catalina.tribes.Channel;1;0;1;1.0000;54;2;1;2;0;0.9259;15;15;13
org.apache.coyote.ajp.AjpProcessor.prepareRequest();org.apache.coyote.Request;7;1;8;0.8861;659;13;32;2;15;0.7976;221;18;34
org.apache.jasper.compiler.Parser.parsePageDirective(Node);org.apache.jasper.compiler.Node.PageDirective;1;1;1;0.9688;1185;55;13;1;0;0.8571;27;2;1
org.apache.catalina.core.StandardPipeline.setBasic(Valve);org.apache.tomcat.util.ExceptionUtils;0;0;0;0;0;0;0;0;0;0;0;0;0
org.apache.catalina.tribes.group.interceptors.NonBlockingCoordinator.sendElectionMsgToNextInline(MemberImpl, CoordinationMessage);org.apache.catalina.tribes.util.Arrays;0;1;1;0.9804;352;38;15;1;0;1.0000;157;24;1
org.apache.jasper.compiler.Parser.parseEmptyBody(Node, String);org.apache.jasper.compiler.ErrorDispatcher;0;1;2;0.9559;1185;55;13;1;0;0.9643;158;22;2
org.apache.tomcat.util.modeler.BaseModelMBean.addAttributeChangeNotificationListener(NotificationListener, String, Object);org.apache.tomcat.util.modeler.BaseNotificationBroadcaster;0;0;2;0.9722;284;28;9;1;0;0.9000;54;6;1
org.apache.catalina.realm.UserDatabaseRealm.getPrincipal(String);org.apache.catalina.UserDatabase;0;0;1;0.9231;92;6;4;1;0;0.9524;16;16;0
org.apache.tomcat.util.bcel.classfile.StackMapTable.toString();org.apache.tomcat.util.bcel.classfile.StackMapTableEntry;0;0;2;0.7500;43;4;2;1;0;0.9231;151;3;6
org.apache.tomcat.util.bcel.classfile.Field.getConstantValue();org.apache.tomcat.util.bcel.classfile.Attribute;2;0;0;1.0000;37;4;1;0;1;0.9167;98;6;5
org.apache.el.parser.ELParser.MethodParameters();org.apache.el.parser.ELParserTreeConstants;2;3;4;0.9536;2270;112;22;0;1;0.9833;0;0;35
org.apache.coyote.http11.Http11NioProcessor.process(NioChannel);org.apache.tomcat.util.net.NioEndpoint;14;4;8;0.8358;840;14;11;0;1;0.9894;362;19;26
org.apache.jasper.compiler.Generator.declareTemporaryScriptingVars(Node.Nodes);org.apache.jasper.compiler.Node.Visitor;2;0;1;0.9783;782;28;18;1;0;0.9773;126;35;0
org.apache.catalina.session.PersistentManagerBase.swapOut(Session);org.apache.catalina.Session;0;1;1;0.9524;421;30;12;2;0;0.9444;32;32;4
org.apache.jasper.JspC.mergeIntoWebXml();org.apache.jasper.compiler.Localizer;0;3;3;0.9383;876;35;84;1;0;1.0000;34;6;1
org.apache.catalina.startup.ContextConfig.processContextConfig(URL);org.apache.tomcat.util.digester.Digester;0;0;0;0;0;0;0;0;0;0;0;0;0
org.apache.catalina.core.NamingContextListener.lifecycleEvent(LifecycleEvent);org.apache.catalina.LifecycleEvent;4;2;9;0.7857;745;23;11;2;0;0.9231;18;3;3
org.apache.catalina.connector.Response.addSessionCookieInternal(Cookie);org.apache.tomcat.util.buf.MessageBytes;0;0;0;0;0;0;0;0;0;0;0;0;0
org.apache.coyote.ajp.AjpProcessor.asyncDispatch(SocketStatus);org.apache.tomcat.util.res.StringManager;4;1;9;0.8298;659;13;32;1;0;0.9474;52;3;3
org.apache.catalina.tribes.membership.StaticMember.setUniqueId(String);org.apache.catalina.tribes.util.Arrays;0;0;0;1.0000;29;3;0;1;0;1.0000;157;24;1
org.apache.catalina.connector.Request.setAttribute(String, Object);org.apache.coyote.Request;1;2;8;0.9497;1203;127;53;1;0;0.9851;221;18;34
org.apache.catalina.mbeans.ServerLifecycleListener.lifecycleEvent(LifecycleEvent);org.apache.juli.logging.Log;4;5;1;0.8649;563;31;2;1;0;0.9643;18;18;0
org.apache.tomcat.util.digester.WithDefaultsRulesWrapper.setNamespaceURI(String);org.apache.tomcat.util.digester.Rules;0;0;1;0.9167;55;8;3;1;0;0.8889;8;8;0
org.apache.catalina.tribes.group.interceptors.NonBlockingCoordinator.memberDisappeared(Member);org.apache.juli.logging.Log;0;4;3;0.8846;352;38;15;1;0;0.9630;18;18;0
org.apache.catalina.core.StandardHostValve.invoke(Request, Response);org.apache.catalina.Pipeline;1;2;1;0.9000;160;7;3;2;0;0.9130;9;9;0
org.apache.catalina.core.ApplicationContext.getResourcePaths(String);org.apache.catalina.util.RequestUtil;1;1;2;0.9710;645;60;13;1;0;1.0000;189;13;3
org.apache.jasper.compiler.AntCompiler.generateClass(String[]);org.apache.jasper.JspCompilationContext;2;2;4;0.8333;158;3;4;4;2;0.9294;426;31;31
org.apache.coyote.ajp.AjpProtocol.getMaxThreads();org.apache.tomcat.util.net.AbstractEndpoint;0;0;1;0.9787;201;32;16;1;0;0.9859;397;29;69
org.apache.jasper.compiler.TagPluginManager.TagPluginContextImpl.generateAttribute(String);org.apache.jasper.compiler.Node.Nodes;1;0;2;0.9048;72;15;4;1;0;0.9231;43;5;3
org.apache.coyote.RequestInfo.getVirtualHost();org.apache.coyote.Request;1;0;1;0.9643;134;13;14;0;1;0.9818;221;18;34
org.apache.tomcat.util.net.NioEndpoint.Poller.timeout(int, boolean);org.apache.tomcat.util.net.NioEndpoint.KeyAttachment;4;3;3;0.8333;396;15;6;2;3;0.8684;121;13;8
org.apache.catalina.core.ApplicationFilterFactory.createFilterChain(ServletRequest, Wrapper, Servlet);org.apache.catalina.core.ApplicationFilterChain;3;3;2;0.8333;189;6;3;1;2;0.8846;231;9;13
org.apache.catalina.connector.RequestFacade.getParameterNames();org.apache.catalina.connector.Request;1;0;2;0.9859;450;69;2;1;0;0.9943;1203;127;53
org.apache.catalina.startup.HostConfig.start();org.apache.juli.logging.Log;1;3;4;0.9123;793;36;16;4;0;0.8621;18;18;0
org.apache.coyote.http11.AbstractHttp11Protocol.getTruststoreAlgorithm();org.apache.tomcat.util.net.AbstractEndpoint;1;0;1;0.9909;382;89;22;0;1;0.9859;397;29;69
org.apache.tomcat.util.http.mapper.Mapper.internalMapExactWrapper(Wrapper[], CharChunk, MappingData);org.apache.tomcat.util.http.mapper.MappingData;1;1;0;1.0000;837;39;5;0;3;0.7857;11;1;9
org.apache.jasper.compiler.Dumper.DumpVisitor.visit(Node.Declaration);org.apache.jasper.compiler.Node.ScriptingElement;0;1;0;0.9643;122;27;1;1;0;0.8000;30;2;0
org.apache.tomcat.util.buf.ByteChunk.hashBytesIC(byte, int, int);org.apache.tomcat.util.buf.Ascii;0;0;0;1.0000;425;43;10;1;0;1.0000;91;11;7
org.apache.catalina.connector.RequestFacade.getRequestDispatcher(String);org.apache.tomcat.util.res.StringManager;1;0;2;0.9859;450;69;2;1;0;0.8571;52;3;3
org.apache.coyote.http11.Http11AprProtocol.init();org.apache.juli.logging.Log;3;1;4;0.9720;387;76;26;3;0;0.8800;18;18;0
org.apache.catalina.core.StandardWrapper.unload();org.apache.catalina.Globals;4;1;10;0.9130;748;76;36;0;1;1.0000;0;0;39
org.apache.jasper.compiler.Generator.GenerateVisitor.visit(Node.UninterpretedTag);org.apache.jasper.compiler.Node.JspAttribute;5;0;2;0.9861;1736;44;16;1;0;0.9688;107;7;10
org.apache.catalina.tribes.group.ChannelCoordinator.messageReceived(ChannelMessage);org.apache.catalina.tribes.util.Logs;1;0;0;1.0000;164;15;5;0;1;1.0000;0;0;1
org.apache.catalina.startup.ServletDefCreateRule.end(String, String);org.apache.juli.logging.Log;1;0;0;1.0000;11;2;0;2;0;0.9048;18;18;0
org.apache.jasper.compiler.Collector.CollectVisitor.visit(Node.ForwardAction);org.apache.jasper.compiler.Node.JspAttribute;2;0;1;0.9565;114;15;6;0;1;0.9545;107;7;10
org.apache.catalina.loader.WebappClassLoader.addJar(String, JarFile, File);org.apache.juli.logging.Log;0;1;8;0.9121;1601;58;35;2;0;0.9259;18;18;0
org.apache.tomcat.util.http.Parameters.processParameters(MessageBytes, String);org.apache.tomcat.util.buf.ByteChunk;3;0;0;1.0000;245;14;15;2;1;0.9423;425;43;10
org.apache.coyote.http11.AbstractHttp11Protocol.destroy();org.apache.juli.logging.Log;1;2;4;0.9558;382;89;22;2;0;0.9200;18;18;0
org.apache.tomcat.util.digester.RulesBase.lookup(String, String);org.apache.tomcat.util.digester.Rule;0;0;1;0.9167;83;8;4;1;0;0.9231;31;9;2
org.apache.catalina.core.ApplicationContextFacade.log(String, Throwable);org.apache.catalina.security.SecurityUtil;0;1;1;0.9672;514;57;3;1;0;1.0000;146;11;17
org.apache.catalina.deploy.NamingResources.addResourceLink(ContextResourceLink);org.apache.catalina.deploy.ResourceBase;1;0;3;0.9412;342;36;13;2;1;0.8333;43;9;7
org.apache.catalina.ha.session.DeltaManager.startInternal();org.apache.tomcat.util.res.StringManager;1;1;4;0.9674;822;41;40;1;0;0.9545;52;3;3
org.apache.catalina.valves.CometConnectionManagerValve.sessionDestroyed(HttpSessionEvent);org.apache.juli.logging.Log;2;0;2;0.9565;136;8;4;1;0;0.9677;18;18;0
org.apache.catalina.manager.ManagerServlet.setWrapper(Wrapper);org.apache.catalina.Host;0;0;5;0.8958;924;35;13;1;0;0.9667;22;22;2
org.apache.jasper.compiler.Generator.GenerateVisitor.visit(Node.TemplateText);org.apache.jasper.Options;6;0;3;0.9605;1736;44;16;1;0;0.9792;29;29;0
org.apache.coyote.http11.Http11NioProtocol.Http11ConnectionHandler.process(NioChannel);org.apache.tomcat.util.net.AbstractEndpoint;9;2;3;0.8438;177;8;6;0;1;0.9894;397;29;69
org.apache.catalina.loader.WebappClassLoader.clearReferencesRmiTargets();org.apache.juli.logging.Log;1;0;3;0.9889;1601;58;35;2;0;0.8947;18;18;0
org.apache.coyote.http11.Http11AprProcessor.recycle();org.apache.coyote.http11.InternalAprOutputBuffer;0;0;3;0.9531;954;28;36;1;0;0.9762;235;24;13
org.apache.catalina.core.ApplicationFilterChain.internalDoFilter(ServletRequest, ServletResponse);org.apache.catalina.core.ApplicationFilterConfig;3;0;10;0.7727;231;9;13;2;0;0.9412;175;15;8
org.apache.catalina.tribes.transport.ReplicationTransmitter.start();org.apache.catalina.tribes.transport.DataSender;0;0;1;0.8889;30;7;3;1;0;0.9167;11;11;0
org.apache.coyote.http11.AbstractHttp11Processor.initializeFilters();org.apache.coyote.http11.AbstractOutputBuffer;0;0;0;0;0;0;0;0;0;0;0;0;0
org.apache.catalina.ha.session.DeltaManager.checkSenderDomain(SessionMessage, Member);org.apache.juli.logging.Log;1;0;3;0.9875;822;41;40;2;0;0.9000;18;18;0
org.apache.tomcat.util.bcel.classfile.FieldOrMethod.getSignature();org.apache.tomcat.util.bcel.classfile.ConstantPool;2;0;2;0.8333;31;3;5;1;0;0.9167;130;7;2
org.apache.tomcat.util.http.Parameters.processParameters(MessageBytes, String);org.apache.tomcat.util.buf.MessageBytes;3;0;0;1.0000;245;14;15;3;3;0.8864;380;30;16
org.apache.catalina.ha.session.DeltaManager.deserializeSessions(byte[]);org.apache.catalina.session.StandardSession;3;1;3;0.9783;822;41;40;2;2;0.9551;585;58;24
org.apache.catalina.mbeans.ServerLifecycleListener.destroyMBeans(ContextEnvironment);org.apache.juli.logging.Log;0;0;1;1.0000;563;31;2;2;0;0.8889;18;18;0
org.apache.catalina.authenticator.SingleSignOn.update(String, Principal, String, String, String);org.apache.juli.logging.Log;0;1;0;0.9524;164;12;6;2;0;0.9091;18;18;0
org.apache.catalina.connector.Request.getRemoteHost();org.apache.coyote.ActionCode;2;1;3;0.9774;1203;127;53;0;1;1.0000;6;0;30
org.apache.catalina.core.NamingContextListener.removeResourceLink(String);org.apache.juli.logging.Log;1;0;3;0.9375;745;23;11;1;0;0.9500;18;18;0
org.apache.coyote.http11.Http11NioProcessor.event(SocketStatus);org.apache.coyote.Adapter;7;1;4;0.9024;840;14;11;1;0;0.9565;3;3;0
org.apache.catalina.ha.session.DeltaManager.handleSESSION_CREATED(SessionMessage, Member);org.apache.catalina.session.StandardSession;3;1;5;0.9570;822;41;40;2;2;0.9565;585;58;24
org.apache.coyote.http11.Http11AprProcessor.action(ActionCode, Object);org.apache.coyote.ActionCode;10;1;19;0.7978;954;28;36;0;23;1.0000;6;0;30
org.apache.coyote.http11.Http11Processor.process(SocketWrapper<Socket>);org.apache.juli.logging.Log;7;3;6;0.8596;731;12;7;3;0;0.9516;18;18;0
org.apache.catalina.startup.Tomcat.addServlet(Context, String, String);org.apache.catalina.Context;0;0;0;1.0000;253;24;14;1;0;0.9930;139;139;1
org.apache.catalina.util.RequestUtil.parseParameters(Map<String,String[]>, String, String);org.apache.juli.logging.Log;1;1;2;1.0000;189;13;3;1;0;0.9444;18;18;0
org.apache.jasper.compiler.Validator.ValidateVisitor.visit(Node.GetProperty);org.apache.jasper.compiler.JspUtil;0;0;2;0.9756;735;37;19;1;0;1.0000;608;37;6
org.apache.coyote.http11.Http11Processor.prepareResponse();org.apache.coyote.Request;6;0;1;0.9804;731;12;7;0;1;0.9884;221;18;34
org.apache.catalina.startup.Tomcat.initWebappDefaults(String);org.apache.catalina.Container;0;2;0;0.9706;253;24;14;1;0;0.9722;35;35;6
org.apache.catalina.mbeans.MBeanUtils.getDomain(Container);org.apache.catalina.Container;0;0;0;0;0;0;0;0;0;0;0;0;0
org.apache.coyote.http11.filters.IdentityInputFilter.doRead(ByteChunk, Request);org.apache.tomcat.util.buf.ByteChunk;1;0;3;0.7692;57;5;6;3;1;0.9216;425;43;10
org.apache.catalina.ha.tcp.SimpleTcpCluster.startInternal();org.apache.catalina.tribes.Channel;0;2;4;0.9254;368;43;29;3;0;0.8800;15;15;13
org.apache.catalina.ha.context.ReplicatedContext.startInternal();org.apache.juli.logging.Log;2;1;3;0.8824;60;5;3;1;0;0.9677;18;18;0
org.apache.tomcat.util.http.MimeHeaders.getName(int);org.apache.tomcat.util.http.MimeHeaderField;1;0;2;0.9048;129;18;3;0;1;0.8750;13;1;4
org.apache.catalina.connector.CometEventImpl.setTimeout(int);org.apache.catalina.connector.Request;1;0;1;0.9286;54;6;5;3;1;0.9771;1203;127;53
org.apache.catalina.mbeans.ServerLifecycleListener.destroyMBeans(Context);org.apache.catalina.Context;0;1;1;0.9750;563;31;2;1;0;0.9932;139;139;1
org.apache.tomcat.util.net.AprEndpoint.allocatePoller(int, long, int);org.apache.tomcat.jni.Error;2;0;1;1.0000;471;17;35;0;1;0.8333;14;3;2
org.apache.catalina.valves.ValveBase.event(Request, Response, CometEvent);org.apache.catalina.Valve;0;1;0;0.9600;137;16;11;1;0;0.8750;7;7;0
org.apache.tomcat.util.digester.Digester.startDocument();org.apache.juli.logging.Log;0;1;1;0.9851;849;103;29;2;0;0.9000;18;18;0
org.apache.catalina.core.ContainerBase.setLoader(Loader);org.apache.catalina.Lifecycle;0;0;3;0.9756;555;53;27;2;0;0.8182;6;6;11
org.apache.catalina.core.NamingContextListener.lifecycleEvent(LifecycleEvent);org.apache.catalina.Lifecycle;4;2;9;0.7857;745;23;11;0;2;1.0000;6;6;11
org.apache.catalina.ssi.SSIConditional.evaluateArguments(String[], String[], SSIMediator);org.apache.catalina.ssi.ExpressionParseTree;0;1;0;0.6667;67;3;0;1;0;0.9000;100;4;7
org.apache.catalina.valves.AccessLogValve.ThreadNameElement.addElement(StringBuilder, Date, Request, Response, long);org.apache.coyote.Request;2;0;0;1.0000;9;1;0;0;1;0.9818;221;18;34
org.apache.catalina.connector.CoyoteAdapter.parsePathParameters(org.apache.coyote.Request, Request);org.apache.coyote.Request;0;0;0;0;0;0;0;0;0;0;0;0;0
org.apache.coyote.http11.AbstractHttp11Protocol.getClientAuth();org.apache.tomcat.util.net.AbstractEndpoint;1;0;1;0.9909;382;89;22;0;1;0.9859;397;29;69
org.apache.tomcat.util.bcel.classfile.SimpleElementValue.stringifyValue();org.apache.tomcat.util.bcel.classfile.ConstantInteger;6;0;1;0.9167;62;3;1;0;1;0.9231;17;2;1
org.apache.catalina.servlets.WebdavServlet.deleteResource(String, HttpServletRequest, HttpServletResponse, boolean);org.apache.catalina.servlets.WebdavStatus;1;3;0;0.9167;1461;29;24;0;5;1.0000;12;2;27
org.apache.catalina.loader.WebappLoader.closeJARs(boolean);org.apache.catalina.loader.WebappClassLoader;0;0;1;0.9804;553;36;17;1;0;0.9889;1601;58;35
org.apache.catalina.authenticator.SSLAuthenticator.authenticate(Request, HttpServletResponse, LoginConfig);org.apache.coyote.Request;4;0;0;1.0000;31;2;1;1;0;0.9848;221;18;34
org.apache.catalina.tribes.group.ChannelCoordinator.sendMessage(Member[], ChannelMessage, InterceptorPayload);org.apache.catalina.tribes.util.Logs;2;0;2;0.9286;164;15;5;0;1;1.0000;0;0;1
org.apache.catalina.connector.RequestFacade.getReader();org.apache.catalina.connector.Request;0;0;2;0.9859;450;69;2;1;0;0.9943;1203;127;53
org.apache.catalina.core.ApplicationServletRegistration.getMappings();org.apache.catalina.Container;0;0;2;0.8947;132;14;3;1;0;0.9744;35;35;6
org.apache.catalina.mbeans.MemoryUserDatabaseMBean.createGroup(String, String);org.apache.catalina.UserDatabase;0;1;0;0.9500;168;12;6;1;0;0.9444;16;16;0
org.apache.catalina.mbeans.ContextResourceLinkMBean.setAttribute(Attribute);org.apache.catalina.deploy.NamingResources;0;0;0;1.0000;19;1;0;2;0;0.9623;342;36;13
org.apache.coyote.http11.filters.GzipOutputFilter.end();org.apache.coyote.http11.OutputFilter;0;0;3;0.5714;26;4;5;1;0;0.8889;6;6;0
org.apache.coyote.ajp.AjpAprProtocol.init();org.apache.tomcat.util.res.StringManager;3;1;4;0.9508;219;40;15;1;0;0.9333;52;3;3
org.apache.catalina.ha.authenticator.ClusterSingleSignOn.deregister(String);org.apache.catalina.ha.authenticator.SingleSignOnMessage;1;1;2;0.8696;142;15;4;0;2;0.9524;76;2;16
org.apache.coyote.http11.Http11NioProtocol.Http11ConnectionHandler.register(Http11NioProcessor);org.apache.coyote.RequestInfo;4;0;4;0.8636;177;8;6;1;1;0.9474;134;13;14
org.apache.tomcat.util.digester.RulesBase.add(String, Rule);org.apache.tomcat.util.digester.Rule;1;0;4;0.6923;83;8;4;0;2;0.8750;31;9;2
org.apache.catalina.connector.RequestFacade.getQueryString();org.apache.tomcat.util.res.StringManager;0;0;2;0.9859;450;69;2;1;0;0.8571;52;3;3
org.apache.catalina.ha.session.SimpleTcpReplicationManager.messageDataReceived(ClusterMessage);org.apache.catalina.ha.ClusterMessage;0;1;1;0.9697;356;17;15;1;0;0.8750;6;6;0
org.apache.catalina.tribes.group.ChannelInterceptorBase.hasMembers();org.apache.catalina.tribes.ChannelInterceptor;0;0;1;0.9444;66;14;4;1;0;0.9412;16;16;0
org.apache.naming.ContextBindings.unbindThread(Object, Object);org.apache.naming.ContextAccessController;0;0;2;1.0000;112;21;6;1;0;1.0000;25;6;2
org.apache.catalina.session.PersistentManagerBase.setStore(Store);org.apache.catalina.Store;0;0;1;0.9744;421;30;12;1;0;0.9167;11;11;0
org.apache.catalina.startup.ClusterRuleSetFactory.getClusterRuleSet(String);org.apache.juli.logging.Log;0;1;1;1.0000;33;2;1;3;0;0.8333;18;18;0
org.apache.catalina.core.ApplicationContextFacade.getFilterRegistration(String);org.apache.catalina.core.ApplicationContext;0;1;1;0.9672;514;57;3;1;0;0.9859;645;60;13
org.apache.coyote.http11.InternalNioInputBuffer.readSocket(boolean, boolean);org.apache.tomcat.util.net.NioChannel;2;1;2;0.9167;396;12;12;2;1;0.9063;83;15;5
org.apache.jasper.compiler.TagPluginManager.TagPluginContextImpl.generateJavaSource(String);org.apache.jasper.compiler.Node.Nodes;1;0;2;0.9048;72;15;4;1;0;0.9231;43;5;3
org.apache.catalina.connector.Response.addHeader(String, String);org.apache.coyote.Response;0;1;2;0.9659;596;70;20;1;0;0.9750;250;19;18
org.apache.jasper.compiler.TagFileProcessor.TagFileDirectiveVisitor.visit(Node.VariableDirective);org.apache.jasper.compiler.ErrorDispatcher;0;1;6;0.8846;204;8;24;1;0;0.9600;158;22;2
org.apache.jasper.compiler.JspDocumentParser.endElement(String, String, String);org.apache.jasper.compiler.Localizer;4;2;6;0.8654;663;28;20;1;0;1.0000;34;6;1
org.apache.jasper.compiler.Collector.CollectVisitor.visit(Node.JspElement);org.apache.jasper.compiler.Node.JspElement;2;0;1;0.9583;114;15;6;0;2;0.7500;21;1;2
org.apache.jasper.compiler.Generator.GenerateVisitor.visit(Node.DoBodyAction);org.apache.jasper.compiler.Node;2;1;1;0.9710;1736;44;16;1;2;0.9143;163;7;15
org.apache.catalina.tribes.group.interceptors.OrderInterceptor.messageReceived(ChannelMessage);org.apache.catalina.tribes.io.XByteBuffer;1;2;1;0.8800;141;9;8;2;2;0.9091;317;36;7
org.apache.catalina.connector.Request.getServletPath();org.apache.tomcat.util.http.mapper.MappingData;1;0;1;0.9943;1203;127;53;0;1;0.9167;11;1;9
org.apache.catalina.connector.Request.getHeaders(String);org.apache.coyote.Request;1;0;1;0.9943;1203;127;53;0;1;0.9818;221;18;34
org.apache.coyote.http11.Http11AprProcessor.asyncDispatch(long, SocketStatus);org.apache.coyote.http11.InternalAprOutputBuffer;0;0;0;0;0;0;0;0;0;0;0;0;0
org.apache.catalina.startup.UserConfig.stop();org.apache.catalina.Container;0;0;2;0.9474;87;10;8;1;0;0.9744;35;35;6
org.apache.tomcat.util.digester.WithDefaultsRulesWrapper.getDigester();org.apache.tomcat.util.digester.Rules;0;0;1;0.9167;55;8;3;1;0;0.8889;8;8;0
org.apache.jasper.compiler.DeclarationVisitor.visit(Node.Declaration);org.apache.jasper.compiler.Node;3;0;0;1.0000;36;3;1;0;2;0.9355;163;7;15
org.apache.tomcat.util.net.AprEndpoint.Sendfile.run();org.apache.tomcat.util.net.AprEndpoint.Poller;5;3;5;0.7037;187;5;6;1;0;0.9714;168;4;7
org.apache.tomcat.util.bcel.classfile.StackMapType.hasIndex();org.apache.tomcat.util.bcel.Constants;1;0;1;0.8889;53;5;3;0;2;1.0000;0;0;122
org.apache.jasper.compiler.TagHandlerPoolVisitor.createTagHandlerPoolName(String, String, Attributes, Node.Nodes, boolean);org.apache.jasper.compiler.JspUtil;2;0;0;1.0000;37;2;1;1;0;1.0000;608;37;6
org.apache.coyote.http11.Http11NioProtocol.Http11ConnectionHandler.release(SocketChannel);org.apache.juli.logging.Log;2;1;1;0.8750;177;8;6;2;0;0.9091;18;18;0
org.apache.catalina.connector.RequestFacade.getSession();org.apache.tomcat.util.res.StringManager;0;1;2;0.9714;450;69;2;1;0;0.8571;52;3;3
org.apache.catalina.connector.RequestFacade.getInputStream();org.apache.catalina.connector.Request;0;0;2;0.9859;450;69;2;1;0;0.9943;1203;127;53
org.apache.jasper.servlet.JspServletWrapper.loadTagFile();org.apache.jasper.JspCompilationContext;0;0;7;0.7742;314;11;15;3;0;0.9565;426;31;31
org.apache.jasper.compiler.Validator.ValidateVisitor.isExpression(Node, String, boolean);org.apache.jasper.compiler.ELNode.Nodes;3;0;1;0.9787;735;37;19;1;0;0.9286;35;5;2
org.apache.catalina.connector.RequestFacade.getProtocol();org.apache.tomcat.util.res.StringManager;0;0;2;0.9859;450;69;2;1;0;0.8571;52;3;3
org.apache.jasper.compiler.Generator.GenerateVisitor.visit(Node.SetProperty);org.apache.jasper.compiler.Node;6;0;1;0.9867;1736;44;16;1;2;0.9250;163;7;15
org.apache.el.parser.AstPlus.getValue(EvaluationContext);org.apache.el.lang.ELArithmetic;0;0;0;1.0000;8;1;0;1;0;1.0000;96;16;5
org.apache.catalina.tribes.tipis.AbstractReplicatedMap.messageReceived(Serializable, Member);org.apache.juli.logging.Log;0;2;4;0.9425;741;50;17;3;0;0.9302;18;18;0
org.apache.catalina.session.StandardSession.readObject(ObjectInputStream);org.apache.juli.logging.Log;0;0;14;0.8354;585;58;24;2;0;0.9394;18;18;0
org.apache.catalina.servlets.WebdavServlet.doLock(HttpServletRequest, HttpServletResponse);org.apache.naming.resources.ProxyDirContext;6;4;11;0.8302;1461;29;24;1;0;0.9905;469;64;15
org.apache.coyote.ajp.AjpProtocol.AjpConnectionHandler.register(AjpProcessor);org.apache.coyote.RequestInfo;4;0;3;0.8421;90;5;5;1;1;0.9474;134;13;14
org.apache.coyote.http11.Http11AprProcessor.asyncDispatch(long, SocketStatus);org.apache.coyote.RequestInfo;0;0;0;0;0;0;0;0;0;0;0;0;0
org.apache.jasper.runtime.JspContextWrapper.getAttributesScope(String);org.apache.jasper.compiler.Localizer;0;0;2;0.9556;257;38;7;1;0;1.0000;34;6;1
org.apache.jasper.compiler.Parser.parseTaglibDirective(Node);org.apache.jasper.compiler.ErrorDispatcher;4;1;6;0.9103;1185;55;13;1;0;0.9762;158;22;2
org.apache.catalina.session.StandardSession.getValueNames();org.apache.tomcat.util.res.StringManager;0;2;1;0.9737;585;58;24;1;0;0.8571;52;3;3
org.apache.el.lang.ExpressionBuilder.createNodeInternal(String);org.apache.el.parser.Node;1;0;1;1.0000;117;7;4;2;0;0.8889;17;17;0
org.apache.catalina.loader.WebappClassLoader.findResource(String);org.apache.juli.logging.Log;1;1;4;0.9560;1601;58;35;2;0;0.9130;18;18;0
org.apache.tomcat.util.net.AbstractEndpoint.getMaxThreads();org.apache.tomcat.util.threads.ResizableExecutor;0;0;3;0.9571;397;29;69;1;0;0.8750;5;5;0
org.apache.jasper.compiler.Generator.GenerateVisitor.writeNewInstance(String, String);org.apache.jasper.compiler.Generator;2;0;1;0.9839;1736;44;16;0;1;1.0000;782;28;18
org.apache.catalina.tribes.group.interceptors.GzipInterceptor.sendMessage(Member[], ChannelMessage, InterceptorPayload);org.apache.catalina.tribes.io.XByteBuffer;1;1;1;1.0000;47;5;2;3;1;0.8571;317;36;7
org.apache.coyote.http11.filters.SavedRequestInputFilter.setRequest(org.apache.coyote.Request);org.apache.tomcat.util.buf.ByteChunk;1;0;1;0.8889;34;7;1;1;0;0.9796;425;43;10
org.apache.catalina.mbeans.MemoryUserDatabaseMBean.getRoles();org.apache.catalina.UserDatabase;0;1;0;0.9524;168;12;6;1;0;0.9474;16;16;0
org.apache.jasper.xmlparser.XMLEncodingDetector.createReader(InputStream, String, Boolean);org.apache.jasper.compiler.ErrorDispatcher;1;0;3;0.9362;798;23;29;1;0;0.9583;158;22;2
org.apache.catalina.tribes.transport.nio.ParallelNioSender.close();org.apache.catalina.tribes.ChannelException;0;0;1;0.9412;246;12;4;1;0;0.9167;46;5;2
org.apache.catalina.mbeans.MBeanUtils.createObjectName(String, UserDatabase);org.apache.catalina.UserDatabase;0;0;0;1.0000;706;52;4;1;0;0.9375;16;16;0
org.apache.catalina.manager.host.HTMLHostManagerServlet.list(HttpServletRequest, HttpServletResponse, String);org.apache.catalina.Container;2;1;8;0.9375;241;8;11;3;0;0.9268;35;35;6
org.apache.catalina.mbeans.MBeanFactory.removeHost(String);org.apache.catalina.Service;0;1;0;0.9722;401;31;3;1;0;0.9474;15;15;0
org.apache.catalina.core.StandardContextValve.invoke(Request, Response);org.apache.catalina.connector.Request;2;1;2;0.9310;97;5;3;6;0;0.9689;1203;127;53
org.apache.catalina.mbeans.MBeanUtils.createObjectName(String, Context);org.apache.catalina.Host;0;0;0;1.0000;706;52;4;1;0;0.9583;22;22;2
org.apache.el.ExpressionFactoryImpl.createValueExpression(ELContext, String, Class<?>);org.apache.el.lang.ExpressionBuilder;0;0;0;1.0000;26;4;0;1;0;0.8889;117;7;4
org.apache.catalina.servlets.DefaultServlet.copy(CacheEntry, InputStream, ServletOutputStream);org.apache.naming.resources.CacheEntry;2;1;1;0.9615;1001;37;20;0;1;0.9286;13;2;8
org.apache.coyote.http11.Http11AprProtocol.Http11ConnectionHandler.event(long, SocketStatus);org.apache.coyote.http11.Http11AprProcessor;2;0;3;0.8333;119;5;5;1;0;0.9865;954;28;36
org.apache.coyote.http11.Http11AprProcessor.asyncDispatch(long, SocketStatus);org.apache.coyote.http11.InternalAprInputBuffer;0;0;0;0;0;0;0;0;0;0;0;0;0
org.apache.catalina.core.StandardContext.setNamingResources(NamingResources);org.apache.catalina.deploy.NamingResources;1;0;1;0.9969;2421;209;114;0;1;0.9804;342;36;13
org.apache.catalina.mbeans.MBeanUtils.createMBean(MBeanFactory);org.apache.tomcat.util.modeler.ManagedBean;0;2;2;1.0000;706;52;4;2;0;0.9429;252;23;13
org.apache.jasper.compiler.Parser.parseElements(Node);org.apache.jasper.compiler.PageInfo;1;16;4;0.7015;1185;55;13;0;2;0.9798;341;30;46
org.apache.catalina.core.StandardContext.addMessageDestination(MessageDestination);org.apache.catalina.deploy.ResourceBase;0;0;1;0.9969;2421;209;114;1;0;0.9412;43;9;7
org.apache.coyote.http11.Http11AprProtocol.getSSLCertificateFile();org.apache.tomcat.util.net.AprEndpoint;1;0;1;0.9901;387;76;26;0;1;0.9808;471;17;35
org.apache.catalina.startup.ExpandWar.deleteDir(File, boolean);org.apache.juli.logging.Log;1;1;2;1.0000;244;9;2;1;0;0.9444;18;18;0
org.apache.catalina.startup.WebAnnotationSet.addResource(Context, Resource);org.apache.catalina.deploy.ContextResource;5;0;0;1.0000;125;6;0;0;2;0.8889;35;3;3
org.apache.catalina.tribes.tipis.AbstractReplicatedMap.replicate(Object, boolean);org.apache.catalina.tribes.tipis.ReplicatedMapEntry;0;0;4;0.9625;741;50;17;6;0;0.7391;10;10;0
org.apache.catalina.mbeans.UserMBean.getRoles();org.apache.catalina.User;0;0;1;0.9167;85;6;3;1;0;0.9500;17;17;0
org.apache.catalina.startup.UserConfig.lifecycleEvent(LifecycleEvent);org.apache.catalina.LifecycleEvent;2;2;3;0.8333;87;10;8;2;0;0.8333;18;3;3
org.apache.tomcat.util.http.mapper.Mapper.internalMap(CharChunk, CharChunk, MappingData);org.apache.tomcat.util.buf.CharChunk;2;6;2;0.9333;837;39;5;4;2;0.9016;393;39;8
org.apache.el.parser.ELParser.Integer();org.apache.el.parser.JJTELParserState;4;1;1;0.9855;2270;112;22;2;0;0.9091;74;10;5
org.apache.coyote.ajp.AjpProcessor.prepareRequest();org.apache.coyote.Response;7;1;8;0.8861;659;13;32;0;1;0.9881;250;19;18
org.apache.catalina.valves.AccessLogValve.SessionIdElement.addElement(StringBuilder, Date, Request, Response, long);org.apache.catalina.Session;0;0;0;1.0000;13;1;0;1;0;0.9706;32;32;4
org.apache.catalina.connector.Request.logout();org.apache.catalina.Context;0;1;1;0.9886;1203;127;53;1;0;0.9930;139;139;1
org.apache.catalina.session.StandardManager.doUnload();org.apache.tomcat.util.ExceptionUtils;0;0;0;0;0;0;0;0;0;0;0;0;0
org.apache.tomcat.util.digester.Digester.endElement(String, String, String);org.apache.tomcat.util.digester.ArrayStack;0;2;7;0.9353;849;103;29;1;0;0.9565;53;6;1
org.apache.catalina.authenticator.FormAuthenticator.authenticate(Request, HttpServletResponse, LoginConfig);org.apache.catalina.connector.Request;3;6;2;0.7813;236;8;3;7;0;0.9646;1203;127;53
org.apache.catalina.ha.session.SimpleTcpReplicationManager.createSession(String, boolean, boolean);org.apache.catalina.ha.session.ReplicatedSession;1;0;1;0.9762;356;17;15;0;1;0.9688;122;16;4
org.apache.el.parser.ELParser.generateParseException();org.apache.el.parser.ELParserConstants;1;2;9;0.9323;2270;112;22;0;1;0.9846;0;0;56
org.apache.catalina.tribes.io.ChannelData.getDataPackageLength();org.apache.catalina.tribes.membership.MemberImpl;1;0;3;0.8333;165;14;7;1;0;0.9767;300;29;19
org.apache.catalina.tribes.group.interceptors.NonBlockingCoordinator.mergeOnArrive(CoordinationMessage, Member);org.apache.catalina.tribes.membership.Membership;1;5;1;0.8800;352;38;15;1;0;0.9630;137;11;6
org.apache.catalina.startup.ContextConfig.parseWebXml(InputSource, WebXml, boolean);org.apache.juli.logging.Log;4;0;7;0.9444;1103;37;18;4;0;0.8519;18;18;0
org.apache.catalina.tribes.group.interceptors.NonBlockingCoordinator.startElection(boolean);org.apache.catalina.tribes.util.Arrays;1;5;8;0.7547;352;38;15;2;0;1.0000;157;24;1
org.apache.catalina.core.ApplicationContextFacade.getContext(String);org.apache.catalina.security.SecurityUtil;0;1;1;0.9677;514;57;3;1;0;1.0000;146;11;17
org.apache.catalina.core.ApplicationContext.log(String);org.apache.catalina.core.ContainerBase;0;0;1;0.9857;645;60;13;1;0;0.9875;555;53;27
org.apache.tomcat.util.http.fileupload.DiskFileItem.getSize();org.apache.tomcat.util.http.fileupload.DeferredFileOutputStream;1;0;3;0.9032;232;17;16;2;1;0.8235;60;5;7
org.apache.catalina.tribes.transport.nio.ParallelNioSender.keepalive();org.apache.catalina.tribes.transport.nio.NioSender;0;0;3;0.9000;246;12;4;3;0;0.8889;255;12;11
org.apache.jasper.compiler.Parser.parseFileDirectives(Node);org.apache.jasper.compiler.JspReader;1;2;2;0.9412;1185;55;13;4;1;0.8684;304;23;9
org.apache.tomcat.util.buf.MessageBytes.equals(String);org.apache.tomcat.util.buf.CharChunk;0;0;7;0.9048;380;30;16;1;0;0.9811;393;39;8
org.apache.catalina.ha.session.DeltaManager.expireAllLocalSessions();org.apache.catalina.ha.session.DeltaSession;1;0;2;0.9880;822;41;40;1;1;0.9630;399;42;7
org.apache.tomcat.util.net.AprEndpoint.setSocketOptions(long);org.apache.tomcat.jni.Socket;1;0;2;0.9831;471;17;35;2;2;1.0000;37;37;34
org.apache.tomcat.util.buf.B2CConverter.convert(ByteChunk, CharChunk, int);org.apache.juli.logging.Log;3;1;5;0.6667;36;3;6;2;0;0.9167;18;18;0
org.apache.catalina.ha.tcp.SimpleTcpCluster.getLocalMember();org.apache.catalina.tribes.Channel;0;0;1;0.9833;368;43;29;1;0;0.9375;15;15;13
org.apache.coyote.http11.Http11AprProtocol.init();org.apache.tomcat.util.res.StringManager;3;1;4;0.9720;387;76;26;1;0;0.9286;52;3;3
org.apache.catalina.mbeans.MBeanUtils.getContainerKeyProperties(Container);org.apache.catalina.Context;0;0;0;0;0;0;0;0;0;0;0;0;0
org.apache.tomcat.util.buf.MessageBytes.setEncoding(String);org.apache.tomcat.util.buf.CharChunk;1;0;3;0.9302;380;30;16;1;0;0.9811;393;39;8
org.apache.el.parser.ELParser.MethodParameters();org.apache.el.parser.JJTELParserState;2;3;4;0.9536;2270;112;22;4;0;0.8947;74;10;5
org.apache.catalina.connector.Request.parseParameters();org.apache.coyote.Constants;4;5;9;0.9351;1203;127;53;0;1;1.0000;0;0;14
org.apache.catalina.ha.session.SimpleTcpReplicationManager.stopInternal();org.apache.juli.logging.Log;0;0;2;0.9714;356;17;15;1;0;0.9545;18;18;0
org.apache.jasper.compiler.Generator.GenerateVisitor.visit(Node.UseBean);org.apache.jasper.Options;7;0;1;0.9875;1736;44;16;1;0;0.9800;29;29;0
org.apache.catalina.tribes.group.interceptors.NonBlockingCoordinator.fireInterceptorEvent(InterceptorEvent);org.apache.juli.logging.Log;0;0;1;1.0000;352;38;15;1;0;0.9474;18;18;0
org.apache.jasper.xmlparser.XMLEncodingDetector.scanXMLDeclOrTextDecl(boolean, String[]);org.apache.jasper.xmlparser.XMLString;0;5;5;0.8571;798;23;29;1;0;0.9524;52;6;3
org.apache.catalina.connector.Request.getLocalName();org.apache.coyote.Request;2;0;2;0.9886;1203;127;53;1;1;0.9643;221;18;34
org.apache.catalina.tribes.transport.bio.MultipointBioSender.setupForSend(Member[]);org.apache.catalina.tribes.ChannelException;0;0;1;0.9375;93;9;2;1;0;0.9333;46;5;2
org.apache.coyote.http11.AbstractHttp11Protocol.resume();org.apache.tomcat.util.net.AbstractEndpoint;1;2;2;0.9737;382;89;22;1;0;0.9870;397;29;69
org.apache.catalina.tribes.transport.bio.util.FastQueue.getAddWaitTimeout();org.apache.catalina.tribes.transport.bio.util.SingleRemoveSynchronizedAddLock;1;0;2;0.9200;172;11;14;0;1;0.9375;88;6;7
org.apache.catalina.core.StandardContext.addMessageDestinationRef(MessageDestinationRef);org.apache.catalina.deploy.ResourceBase;0;0;1;0.9969;2421;209;114;1;0;0.9444;43;9;7
org.apache.coyote.http11.Http11AprProtocol.setKeepAliveTimeout(int);org.apache.tomcat.util.net.AbstractEndpoint;1;0;1;0.9901;387;76;26;0;1;0.9859;397;29;69
org.apache.catalina.mbeans.MBeanUtils.destroyMBean(Connector, Service);org.apache.coyote.ajp.AjpProtocol;1;1;1;1.0000;706;52;4;1;0;0.9815;201;32;16
org.apache.coyote.ajp.AjpProtocol.AjpConnectionHandler.unregister(AjpProcessor);org.apache.tomcat.util.modeler.Registry;4;0;1;0.9444;90;5;5;2;0;0.9792;433;33;10
org.apache.jasper.compiler.TagHandlerPoolVisitor.visit(Node.CustomTag);org.apache.jasper.compiler.Node.CustomTag;3;0;0;1.0000;37;2;1;1;3;0.9070;218;9;26
org.apache.coyote.http11.InternalNioInputBuffer.SocketInputBuffer.doRead(ByteChunk, Request);org.apache.coyote.http11.InternalNioInputBuffer;0;0;0;1.0000;9;1;0;1;0;0.9655;396;12;12
org.apache.jasper.compiler.PageInfo.setLanguage(String, Node, ErrorDispatcher, boolean);org.apache.jasper.compiler.ErrorDispatcher;0;0;1;0.9870;341;30;46;1;0;0.9545;158;22;2
org.apache.jasper.compiler.Generator.GenerateVisitor.visit(Node.DoBodyAction);org.apache.jasper.compiler.Generator;2;1;1;0.9710;1736;44;16;1;0;1.0000;782;28;18
org.apache.catalina.mbeans.MBeanUtils.destroyMBean(Server);org.apache.tomcat.util.modeler.Registry;0;2;2;1.0000;706;52;4;1;0;0.9750;433;33;10
org.apache.catalina.authenticator.AuthenticatorBase.register(Request, HttpServletResponse, Principal, String, String, String);org.apache.catalina.connector.Request;3;1;4;0.9200;293;17;18;7;1;0.9583;1203;127;53
org.apache.tomcat.util.bcel.classfile.StackMapTableEntry.toString();org.apache.tomcat.util.bcel.Constants;1;0;6;0.4000;151;3;6;0;11;1.0000;0;0;122
org.apache.catalina.tribes.group.GroupChannel.messageReceived(ChannelMessage);org.apache.catalina.tribes.io.XByteBuffer;3;1;2;0.9574;268;24;9;2;2;0.9211;317;36;7
org.apache.catalina.ha.authenticator.ClusterSingleSignOn.associate(String, Session);org.apache.catalina.ha.CatalinaCluster;1;1;2;0.8889;142;15;4;2;0;0.9375;20;20;1
org.apache.catalina.tribes.tipis.AbstractReplicatedMap.init(MapOwner, Channel, String, long, int, ClassLoader[]);org.apache.catalina.tribes.util.Arrays;0;2;10;0.8451;741;50;17;1;0;1.0000;157;24;1
org.apache.jasper.compiler.TldLocationsCache.tldScanWebXml();org.apache.jasper.xmlparser.TreeNode;1;1;4;0.8824;200;9;11;3;0;0.8846;109;13;5
org.apache.jasper.xmlparser.XMLEncodingDetector.scanXMLDeclOrTextDecl(boolean, String[]);org.apache.jasper.compiler.ErrorDispatcher;0;5;5;0.8571;798;23;29;2;0;0.9310;158;22;2
org.apache.tomcat.util.buf.MessageBytes.hash();org.apache.tomcat.util.buf.CharChunk;0;0;7;0.9048;380;30;16;1;0;0.9811;393;39;8
org.apache.jasper.compiler.TextOptimizer.TextCatVisitor.visit(Node.TemplateText);org.apache.jasper.Options;3;0;6;0.6842;41;9;6;1;0;0.9737;29;29;0
org.apache.tomcat.util.net.NioSelectorPool.write(ByteBuffer, NioChannel, Selector, long, boolean, MutableInteger);org.apache.tomcat.util.net.NioBlockingSelector;2;0;2;0.9545;182;9;12;1;0;0.9091;111;4;4
org.apache.catalina.core.StandardServer.await();org.apache.juli.logging.Log;0;0;7;0.9000;309;29;19;4;0;0.8333;18;18;0
org.apache.catalina.ssi.ExpressionParseTree.CompareNode.compareBranches();org.apache.catalina.ssi.ExpressionParseTree.StringNode;0;0;0;1.0000;5;1;0;1;0;0.8750;13;3;2
org.apache.jasper.compiler.JspReader.popFile();org.apache.jasper.compiler.ErrorDispatcher;1;2;4;0.8333;304;23;9;1;0;0.9655;158;22;2
org.apache.el.parser.ELParser.jj_ntk();org.apache.el.parser.ELParserTokenManager;1;0;4;0.9704;2270;112;22;1;0;0.9796;994;32;25
org.apache.catalina.valves.PersistentValve.invoke(Request, Response);org.apache.tomcat.util.res.StringManager;0;1;1;0.9688;80;3;2;1;0;0.9706;52;3;3
org.apache.jasper.compiler.Compiler.removeGeneratedClassFiles();org.apache.jasper.JspCompilationContext;0;0;2;0.9048;310;11;8;1;0;0.9846;426;31;31
org.apache.catalina.mbeans.ContextResourceMBean.setAttribute(Attribute);org.apache.catalina.deploy.ContextResource;2;0;0;1.0000;76;2;0;0;2;0.8571;35;3;3
org.apache.coyote.http11.Http11Protocol.init();org.apache.tomcat.util.net.ServerSocketFactory;3;0;5;0.8182;78;3;5;1;0;0.9630;23;8;2
org.apache.catalina.tribes.UniqueId.equals(Object);org.apache.catalina.tribes.util.Arrays;0;0;1;0.8000;32;3;1;1;0;1.0000;157;24;1
org.apache.tomcat.util.modeler.Registry.loadDescriptors(String, ClassLoader);org.apache.juli.logging.Log;0;1;2;0.9524;433;33;10;4;0;0.8000;18;18;0
org.apache.catalina.core.StandardPipeline.getValveObjectNames();org.apache.catalina.Valve;1;0;2;0.9091;233;15;5;1;0;0.9000;7;7;0
org.apache.jasper.JspC.processFile(String);org.apache.jasper.compiler.Localizer;1;2;11;0.8737;876;35;84;1;0;1.0000;34;6;1
org.apache.catalina.core.ApplicationContextFacade.addListener(Class<? extends EventListener>);org.apache.catalina.core.ApplicationContext;0;1;1;0.9672;514;57;3;1;0;0.9859;645;60;13
org.apache.catalina.mbeans.MemoryUserDatabaseMBean.removeUser(String);org.apache.catalina.UserDatabase;0;0;0;1.0000;168;12;6;2;0;0.8824;16;16;0
org.apache.coyote.ajp.AjpAprProcessor.action(ActionCode, Object);org.apache.coyote.RequestInfo;6;3;13;0.7636;623;13;30;0;0;1.0000;134;13;14
org.apache.jasper.JspC.generateWebMapping(String, JspCompilationContext);org.apache.jasper.JspCompilationContext;0;0;3;0.9765;876;35;84;2;0;0.9692;426;31;31
org.apache.catalina.valves.ExtendedAccessLogValve.createLogElements();org.apache.juli.logging.Log;0;1;1;0.9412;367;10;2;4;0;0.8261;18;18;0
org.apache.tomcat.util.http.mapper.Mapper.internalMapExtensionWrapper(Wrapper[], CharChunk, MappingData);org.apache.tomcat.util.buf.MessageBytes;2;1;0;1.0000;837;39;5;1;0;0.9800;380;30;16
org.apache.catalina.tribes.util.Arrays.sameMembers(Member[], Member[]);org.apache.catalina.tribes.group.AbsoluteOrder;0;1;0;1.0000;157;24;1;1;0;1.0000;7;1;1
org.apache.catalina.authenticator.SSLAuthenticator.authenticate(Request, HttpServletResponse, LoginConfig);org.apache.catalina.Globals;4;0;0;1.0000;31;2;1;0;1;1.0000;0;0;39
org.apache.catalina.mbeans.MBeanFactory.createAccessLoggerValve(String);org.apache.catalina.core.ContainerBase;1;1;0;0.9714;401;31;3;1;0;0.9877;555;53;27
org.apache.tomcat.util.net.jsse.JSSESupport.handShake();org.apache.juli.logging.Log;0;0;4;0.8333;142;8;5;5;0;0.7826;18;18;0
org.apache.catalina.mbeans.ServerLifecycleListener.destroyMBeans(Server);org.apache.catalina.Server;0;2;1;0.9444;563;31;2;2;0;0.9000;15;15;0
org.apache.tomcat.util.bcel.classfile.ConstantValue.toString();org.apache.tomcat.util.bcel.classfile.ConstantInteger;8;0;1;0.9333;43;3;1;0;1;0.9333;17;2;1
org.apache.tomcat.util.digester.Digester.peek();org.apache.juli.logging.Log;0;0;2;0.9851;849;103;29;1;0;0.9524;18;18;0
org.apache.catalina.session.ManagerBase.getSessionAttribute(String, String);org.apache.juli.logging.Log;0;0;2;0.9773;518;58;32;2;0;0.9048;18;18;0
org.apache.coyote.http11.Http11AprProtocol.setTcpNoDelay(boolean);org.apache.tomcat.util.net.AbstractEndpoint;0;0;1;0.9901;387;76;26;1;0;0.9859;397;29;69
org.apache.tomcat.util.http.fileupload.FileUploadBase.FileItemIteratorImpl.getContentLength(FileItemHeaders);org.apache.tomcat.util.http.fileupload.FileUploadBase;1;0;0;1.0000;122;4;8;0;1;1.0000;187;14;12
org.apache.catalina.deploy.WebXml.toXml();org.apache.catalina.deploy.JspPropertyGroup;9;3;29;0.8373;1536;45;42;0;12;0.9084;72;9;12
org.apache.catalina.ha.session.DeltaManager.messageDataReceived(ClusterMessage);org.apache.catalina.ha.ClusterMessage;1;1;2;0.9620;822;41;40;1;0;0.9000;6;6;0
org.apache.catalina.valves.ExtendedAccessLogValve.getServerToClientElement(PatternTokenizer);org.apache.juli.logging.Log;0;0;1;1.0000;367;10;2;1;0;0.9565;18;18;0
org.apache.jasper.compiler.Generator.GenerateVisitor.generateJspFragment(Node, String);org.apache.jasper.compiler.ServletWriter;3;0;7;0.8955;1736;44;16;1;0;0.9667;54;12;6
org.apache.coyote.http11.AbstractHttp11Protocol.resume();org.apache.tomcat.util.res.StringManager;1;2;2;0.9737;382;89;22;1;0;0.9167;52;3;3
org.apache.jasper.compiler.ScriptingVarVisitor.visit(Node.CustomTag);org.apache.jasper.compiler.Generator;3;0;0;1.0000;46;1;1;0;1;0.9783;782;28;18
org.apache.coyote.http11.AbstractOutputBuffer.endRequest();org.apache.coyote.Response;1;0;5;0.8485;200;22;11;1;0;0.9767;250;19;18
org.apache.catalina.tribes.group.RpcChannel.messageReceived(Serializable, Member);org.apache.catalina.tribes.group.RpcCallback;1;0;4;0.8421;98;6;9;2;0;0.8462;2;2;0
org.apache.jasper.compiler.Generator.FragmentHelperClass.closeFragment(Fragment, int);org.apache.jasper.compiler.Generator.GenBuffer;1;0;0;1.0000;132;6;4;0;1;0.9091;47;3;4
org.apache.tomcat.util.digester.FactoryCreateRule.getFactory(Attributes);org.apache.tomcat.util.digester.Digester;2;0;3;0.8846;114;5;5;1;2;0.9786;849;103;29
org.apache.coyote.http11.Http11AprProcessor.prepareRequest();org.apache.coyote.Adapter;7;3;13;0.8182;954;28;36;0;0;1.0000;3;3;0
org.apache.jasper.compiler.Validator.ValidateVisitor.visit(Node.IncludeAction);org.apache.jasper.compiler.Node;1;1;2;0.9545;735;37;19;1;0;0.9667;163;7;15
org.apache.jasper.compiler.Compiler.setupContextWriter(String);org.apache.jasper.JspCompilationContext;1;0;2;0.9091;310;11;8;0;2;0.9692;426;31;31
org.apache.tomcat.util.bcel.classfile.Utility.methodSignatureToString(String, String, String, boolean, LocalVariableTable);org.apache.tomcat.util.bcel.classfile.LocalVariableTable;0;2;1;1.0000;428;19;5;1;0;0.9000;50;5;2
org.apache.jasper.compiler.Generator.GenerateVisitor.generateNamedAttributeValue(Node.NamedAttribute);org.apache.jasper.compiler.Node;1;0;1;0.9848;1736;44;16;0;2;0.9375;163;7;15
org.apache.coyote.http11.Http11NioProcessor.prepareResponse();org.apache.coyote.http11.AbstractOutputBuffer;8;1;3;0.9344;840;14;11;5;1;0.9104;200;22;11
org.apache.jasper.compiler.Generator.GenerateVisitor.syncScriptingVars(Node.CustomTag, int);org.apache.jasper.compiler.Node.CustomTag;1;0;2;0.9692;1736;44;16;1;2;0.9318;218;9;26
org.apache.jasper.JspCompilationContext.createCompiler();org.apache.jasper.compiler.Localizer;0;1;3;0.9365;426;31;31;1;0;1.0000;34;6;1
org.apache.tomcat.util.digester.SetRootRule.end(String, String);org.apache.juli.logging.Log;1;0;2;0.8750;41;2;3;2;0;0.9231;18;18;0
org.apache.catalina.mbeans.MBeanFactory.createWebappLoader(String);org.apache.catalina.core.ContainerBase;0;1;0;0.9697;401;31;3;1;0;0.9873;555;53;27
org.apache.catalina.startup.Bootstrap.main(String);org.apache.juli.logging.Log;0;6;2;0.7143;240;19;8;1;0;0.9583;18;18;0
org.apache.catalina.core.ContainerBase.logAccess(Request, Response, long, boolean);org.apache.catalina.Container;0;0;0;0;0;0;0;0;0;0;0;0;0
org.apache.naming.resources.FileDirContext.rebind(String, Object, Attributes);org.apache.naming.resources.Resource;1;0;2;0.9667;219;25;5;1;0;0.8571;23;1;2
org.apache.catalina.connector.CoyoteAdapter.log(org.apache.coyote.Request, org.apache.coyote.Response, long);org.apache.tomcat.util.http.Parameters;0;0;0;0;0;0;0;0;0;0;0;0;0
org.apache.catalina.util.LifecycleBase.fireLifecycleEvent(String, Object);org.apache.catalina.util.LifecycleSupport;0;0;1;0.9231;88;11;4;1;0;0.8750;38;3;3
org.apache.catalina.session.PersistentManagerBase.PrivilegedStoreSave.run();org.apache.catalina.session.PersistentManagerBase;1;0;1;0.6667;7;1;1;0;1;0.9756;421;30;12
org.apache.catalina.core.StandardContext.addMessageDestinationRef(MessageDestinationRef);org.apache.catalina.deploy.NamingResources;0;0;1;0.9969;2421;209;114;1;0;0.9808;342;36;13
org.apache.catalina.core.ContainerBase.addChildInternal(Container);org.apache.juli.logging.Log;1;1;3;0.9643;555;53;27;3;0;0.8800;18;18;0
org.apache.catalina.loader.WebappLoader.copyDir(DirContext, File);org.apache.naming.resources.Resource;0;2;0;0.9804;553;36;17;1;0;0.8571;23;1;2
org.apache.catalina.realm.RealmBase.authenticate(X509Certificate);org.apache.juli.logging.Log;0;1;2;0.9630;672;37;22;3;0;0.8500;18;18;0
org.apache.catalina.manager.ManagerServlet.undeploy(PrintWriter, String);org.apache.catalina.util.RequestUtil;1;9;4;0.7391;924;35;13;1;0;1.0000;189;13;3
org.apache.coyote.http11.Http11AprProtocol.getSSLCertificateKeyFile();org.apache.tomcat.util.net.AprEndpoint;1;0;1;0.9901;387;76;26;0;1;0.9808;471;17;35
org.apache.jasper.xmlparser.UTF8Reader.invalidByte(int, int);org.apache.jasper.compiler.Localizer;0;0;0;1.0000;356;11;7;1;0;1.0000;34;6;1
org.apache.jasper.JspC.locateUriRoot(File);org.apache.juli.logging.Log;0;0;3;0.9759;876;35;84;2;0;0.9000;18;18;0
org.apache.catalina.tribes.tipis.LazyReplicatedMap.publishEntryInfo(Object, Object);org.apache.catalina.tribes.ChannelException;1;0;1;1.0000;54;2;1;1;0;0.9565;46;5;2
org.apache.tomcat.util.modeler.modules.MbeansSource.updateField(ObjectName, String, Object);org.apache.juli.logging.Log;2;0;3;0.8947;198;11;10;1;0;0.9500;18;18;0
org.apache.catalina.mbeans.MemoryUserDatabaseMBean.findRole(String);org.apache.catalina.mbeans.MBeanUtils;0;0;1;0.9524;168;12;6;1;0;1.0000;706;52;4
org.apache.catalina.connector.Request.parseParts();org.apache.catalina.Wrapper;0;0;0;0;0;0;0;0;0;0;0;0;0
org.apache.catalina.authenticator.FormAuthenticator.forwardToLoginPage(Request, HttpServletResponse, LoginConfig);org.apache.juli.logging.Log;1;0;1;1.0000;236;8;3;1;0;0.9583;18;18;0
org.apache.catalina.core.ApplicationContext.getServletContextName();org.apache.catalina.core.StandardContext;0;0;1;0.9855;645;60;13;1;0;0.9969;2421;209;114
org.apache.tomcat.util.bcel.classfile.Field.hashCode();org.apache.tomcat.util.bcel.util.BCELComparator;0;0;1;1.0000;37;4;1;1;0;0.5000;2;2;0
org.apache.catalina.core.StandardWrapper.loadServlet();org.apache.juli.logging.Log;3;4;11;0.8824;748;76;36;2;0;0.9535;18;18;0
org.apache.jasper.compiler.JspConfig.processWebDotXml();org.apache.jasper.compiler.Localizer;1;1;5;0.7391;304;6;13;1;0;1.0000;34;6;1
org.apache.tomcat.util.net.AprEndpoint.init();org.apache.tomcat.jni.Sockaddr;7;0;25;0.5789;471;17;35;0;1;0.9722;0;0;6
org.apache.catalina.ssi.SSIProcessor.process(Reader, long, PrintWriter);org.apache.catalina.ssi.SSIExternalResolver;2;4;5;0.5882;202;9;6;1;0;0.9474;8;8;0
org.apache.catalina.users.MemoryUserCreationFactory.createObject(Attributes);org.apache.catalina.User;1;0;1;0.9000;66;2;2;2;0;0.9130;17;17;0
org.apache.jasper.compiler.Parser.parseNamedAttributes(Node);org.apache.jasper.compiler.ErrorDispatcher;3;3;2;0.9306;1185;55;13;1;0;0.9706;158;22;2
org.apache.tomcat.util.bcel.classfile.Deprecated.toString();org.apache.tomcat.util.bcel.Constants;1;0;0;1.0000;30;3;1;0;2;1.0000;0;0;122
org.apache.tomcat.util.IntrospectionUtils.setProperty(Object, String);org.apache.juli.logging.Log;0;2;1;1.0000;595;31;4;2;0;0.8889;18;18;0
org.apache.naming.resources.ProxyDirContext.cacheLoad(CacheEntry);org.apache.naming.resources.Resource;2;0;4;0.9551;469;64;15;1;1;0.9048;23;1;2
org.apache.catalina.loader.WebappClassLoader.setResources(DirContext);org.apache.naming.resources.ProxyDirContext;1;0;2;0.9775;1601;58;35;0;1;0.9873;469;64;15
org.apache.catalina.tribes.transport.bio.util.FastQueue.remove();org.apache.juli.logging.Log;0;0;9;0.7419;172;11;14;5;0;0.8214;18;18;0
org.apache.jasper.compiler.TagLibraryInfoImpl.createVariable(TreeNode);org.apache.jasper.compiler.JspUtil;0;0;1;0.9600;528;14;6;1;0;1.0000;608;37;6
org.apache.catalina.core.ApplicationFilterFactory.matchFiltersURL(FilterMap, String);org.apache.catalina.deploy.FilterMap;1;1;0;0.8571;189;6;3;1;1;0.8750;96;9;13
org.apache.tomcat.util.net.JIoEndpoint.destroy();org.apache.tomcat.util.res.StringManager;0;1;2;0.8889;195;10;6;1;0;0.9000;52;3;3
org.apache.catalina.core.StandardContext.resourcesStop();org.apache.catalina.Lifecycle;0;2;3;0.9878;2421;209;114;1;0;0.9375;6;6;11
org.apache.catalina.startup.SetDistributableRule.begin(String, String, Attributes);org.apache.tomcat.util.digester.Digester;2;0;0;1.0000;9;1;0;1;1;0.9854;849;103;29
org.apache.catalina.mbeans.MBeanUtils.destroyMBean(User);org.apache.tomcat.util.modeler.Registry;0;2;2;1.0000;706;52;4;1;0;0.9750;433;33;10
org.apache.catalina.core.NamingContextListener.lifecycleEvent(LifecycleEvent);org.apache.catalina.Server;4;2;9;0.7857;745;23;11;1;0;0.9706;15;15;0
org.apache.catalina.session.StandardSession.readObject(ObjectInputStream);org.apache.catalina.Container;0;0;14;0.8354;585;58;24;1;0;0.9804;35;35;6
org.apache.coyote.ajp.AjpAprProcessor.action(ActionCode, Object);org.apache.coyote.Response;6;3;13;0.7636;623;13;30;0;1;0.9848;250;19;18
org.apache.catalina.realm.DataSourceRealm.getPassword(Connection, String);org.apache.juli.logging.Log;1;1;0;0.9565;244;13;11;1;0;0.9500;18;18;0
org.apache.jasper.compiler.Dumper.DumpVisitor.visit(Node.ELExpression);org.apache.jasper.compiler.Node;1;1;0;0.9643;122;27;1;0;1;0.9630;163;7;15
org.apache.catalina.startup.ContextConfig.processAnnotationsFile(File, WebXml);org.apache.tomcat.util.ExceptionUtils;0;0;0;0;0;0;0;0;0;0;0;0;0
org.apache.catalina.startup.Tomcat.getServer();org.apache.catalina.Server;0;1;2;0.9167;253;24;14;2;0;0.8947;15;15;0
org.apache.coyote.ajp.AjpProcessor.SocketOutputBuffer.doWrite(ByteChunk, Response);org.apache.coyote.ajp.Constants;5;0;0;1.0000;27;1;0;0;3;1.0000;5;1;105
org.apache.catalina.authenticator.FormAuthenticator.matchRequest(Request);org.apache.catalina.connector.Request;1;0;0;1.0000;236;8;3;2;0;0.9886;1203;127;53
org.apache.catalina.realm.RealmBase.authenticate(String, String);org.apache.juli.logging.Log;1;4;2;0.9057;672;37;22;2;0;0.9130;18;18;0
org.apache.catalina.tribes.transport.nio.ParallelNioSender.close();org.apache.catalina.tribes.transport.nio.NioSender;0;0;1;0.9412;246;12;4;1;0;0.9600;255;12;11
org.apache.catalina.core.NamingContextListener.createObjectName(ContextResource);org.apache.catalina.Host;1;0;1;0.9737;745;23;11;1;0;0.9655;22;22;2
org.apache.tomcat.util.net.AprEndpoint.Poller.run();org.apache.tomcat.util.net.SocketProperties;4;2;6;0.6000;168;4;7;1;0;0.9853;162;28;23
org.apache.catalina.authenticator.SingleSignOnEntry.updateCredentials(Principal, String, String, String);org.apache.catalina.authenticator.Constants;1;0;5;0.6875;49;9;6;0;2;1.0000;0;0;19
org.apache.catalina.startup.ContextConfig.processAnnotationsStream(InputStream, WebXml);org.apache.tomcat.util.bcel.classfile.AnnotationEntry;1;2;0;0.9592;1103;37;18;1;0;0.9333;30;4;5
org.apache.catalina.loader.WebappClassLoader.addJar(String, JarFile, File);org.apache.naming.resources.ResourceAttributes;0;1;8;0.9121;1601;58;35;1;0;0.9811;515;30;30
org.apache.catalina.connector.Request.getRequestPathMB();org.apache.tomcat.util.http.mapper.MappingData;1;0;1;0.9943;1203;127;53;0;1;0.9091;11;1;9
org.apache.catalina.startup.ContextConfig.configureStart();org.apache.juli.logging.Log;1;5;4;0.8833;1103;37;18;3;0;0.9211;18;18;0
org.apache.jasper.tagplugins.jstl.core.Import.doTag(TagPluginContext);org.apache.jasper.tagplugins.jstl.Util;0;0;0;1.0000;243;1;0;1;0;1.0000;110;6;4
org.apache.catalina.tribes.util.Arrays.diff(Membership, Membership, MemberImpl);org.apache.catalina.tribes.membership.Membership;0;0;0;1.0000;157;24;1;2;0;0.9048;137;11;6
org.apache.catalina.connector.Response.resetBuffer(boolean);org.apache.tomcat.util.res.StringManager;0;1;5;0.9438;596;70;20;1;0;0.9091;52;3;3
org.apache.jasper.compiler.Validator.ValidateVisitor.visit(Node.ELExpression);org.apache.jasper.compiler.Node.ELExpression;4;1;2;0.9348;735;37;19;0;1;0.9091;16;1;2
org.apache.catalina.tribes.membership.MemberImpl.getData(boolean, boolean);org.apache.catalina.tribes.io.XByteBuffer;0;1;12;0.7105;300;29;19;2;0;1.0000;317;36;7
org.apache.catalina.startup.ContextConfig.processAnnotationsJar(URL, WebXml);org.apache.tomcat.util.ExceptionUtils;0;0;0;0;0;0;0;0;0;0;0;0;0
org.apache.catalina.core.ApplicationContextFacade.log(String);org.apache.catalina.security.SecurityUtil;0;1;1;0.9672;514;57;3;1;0;1.0000;146;11;17
org.apache.catalina.ha.session.DeltaManager.stopInternal();org.apache.catalina.Cluster;1;0;6;0.9551;822;41;40;1;0;0.9615;11;11;0
org.apache.catalina.manager.util.SessionUtils.getUsedTimeForSession(Session);org.apache.catalina.Session;0;0;0;1.0000;158;6;5;2;0;0.9375;32;32;4
org.apache.jasper.servlet.JspCServletContext.getResource(String);org.apache.jasper.util.ExceptionUtils;0;0;0;0;0;0;0;0;0;0;0;0;0
org.apache.catalina.deploy.SecurityConstraint.toString();org.apache.catalina.deploy.SecurityCollection;0;0;1;0.9565;194;18;7;1;0;0.9583;147;14;7
org.apache.catalina.tribes.io.ChannelData.getDataFromPackage(XByteBuffer);org.apache.catalina.tribes.io.XByteBuffer;1;0;5;0.7368;165;14;7;3;1;0.9310;317;36;7
org.apache.coyote.http11.AbstractHttp11Protocol.destroy();org.apache.tomcat.util.net.AbstractEndpoint;1;2;4;0.9558;382;89;22;1;0;0.9872;397;29;69
org.apache.catalina.tribes.group.interceptors.NonBlockingCoordinator.handleOtherToken(MemberImpl, CoordinationMessage, Member, Membership);org.apache.catalina.tribes.membership.MemberImpl;0;1;0;0.9808;352;38;15;1;0;0.9767;300;29;19
org.apache.catalina.core.StandardPipeline.removeValve(Valve);org.apache.catalina.Container;1;1;4;0.8519;233;15;5;1;1;0.9778;35;35;6
org.apache.tomcat.util.bcel.classfile.StackMapType.printIndex();org.apache.tomcat.util.bcel.Constants;1;0;3;0.7000;53;5;3;0;3;1.0000;0;0;122
org.apache.coyote.http11.filters.IdentityOutputFilter.doWrite(ByteChunk, Response);org.apache.coyote.OutputBuffer;1;0;3;0.7500;50;4;5;1;0;0.8889;1;1;0
org.apache.tomcat.util.digester.SetNextRule.end(String, String);org.apache.tomcat.util.IntrospectionUtils;1;0;2;0.8667;41;2;3;1;0;1.0000;595;31;4
org.apache.tomcat.util.net.AprEndpoint.SocketProcessor.run();org.apache.tomcat.util.net.AbstractEndpoint.Handler;2;0;1;0.7500;9;1;1;0;1;0.7500;0;0;1
org.apache.catalina.manager.ManagerServlet.stop(PrintWriter, String);org.apache.catalina.Context;1;0;4;0.9375;924;35;13;1;0;0.9931;139;139;1
org.apache.catalina.ha.session.DeltaManager.stopInternal();org.apache.juli.logging.Log;1;0;6;0.9551;822;41;40;4;0;0.8667;18;18;0
org.apache.catalina.core.StandardPipeline.removeValve(Valve);org.apache.catalina.Contained;1;1;4;0.8519;233;15;5;1;0;0.9167;2;2;0
org.apache.catalina.manager.HTMLManagerServlet.getSessionForPathAndId(String, String);org.apache.catalina.Container;1;0;0;1.0000;686;26;19;2;0;0.9459;35;35;6
org.apache.catalina.startup.EngineConfig.start();org.apache.juli.logging.Log;0;0;2;0.8571;17;3;3;2;0;0.9048;18;18;0
org.apache.jasper.runtime.TagHandlerPool.init(ServletConfig);org.apache.jasper.runtime.InstanceManagerFactory;1;1;4;0.6250;94;6;6;1;0;1.0000;9;1;0
org.apache.catalina.mbeans.MBeanFactory.createStandardHost(String, String, String, boolean, boolean, boolean, boolean);org.apache.catalina.util.LifecycleBase;0;0;0;0;0;0;0;0;0;0;0;0;0
org.apache.coyote.ajp.AjpAprProcessor.SocketInputBuffer.doRead(ByteChunk, Request);org.apache.tomcat.util.buf.ByteChunk;3;0;0;1.0000;19;1;0;2;2;0.9273;425;43;10
org.apache.catalina.connector.MapperListener.registerWrapper(Wrapper);org.apache.catalina.Container;0;0;0;0;0;0;0;0;0;0;0;0;0
org.apache.jasper.compiler.Node.Nodes.visit(Visitor);org.apache.jasper.compiler.Node;0;0;1;0.9000;43;5;3;1;0;0.9630;163;7;15
org.apache.coyote.ajp.AjpProcessor.prepareResponse();org.apache.tomcat.util.buf.MessageBytes;5;0;4;0.9344;659;13;32;3;0;0.9524;380;30;16
org.apache.coyote.http11.AbstractHttp11Protocol.setMaxKeepAliveRequests(int);org.apache.tomcat.util.net.AbstractEndpoint;1;1;1;0.9818;382;89;22;0;1;0.9861;397;29;69
org.apache.catalina.valves.ExtendedAccessLogValve.getProxyElement(PatternTokenizer);org.apache.juli.logging.Log;0;0;1;1.0000;367;10;2;1;0;0.9545;18;18;0
org.apache.catalina.users.MemoryUserDatabase.removeRole(Role);org.apache.catalina.Role;0;2;1;0.9118;252;22;10;1;0;0.9000;5;5;0
org.apache.catalina.servlets.WebdavServlet.LockInfo.toString();org.apache.tomcat.util.http.FastHttpDateFormat;0;0;6;0.5000;53;4;8;1;0;1.0000;85;6;8
org.apache.tomcat.util.net.AbstractEndpoint.setMinSpareThreads(int);org.apache.tomcat.util.threads.ResizableExecutor;0;0;4;0.9429;397;29;69;1;0;0.8889;5;5;0
org.apache.catalina.mbeans.GlobalResourcesLifecycleListener.createMBeans(String, UserDatabase);org.apache.juli.logging.Log;0;0;1;1.0000;103;5;3;2;0;0.9048;18;18;0
org.apache.catalina.realm.JAASRealm.parseClassNames(String, List<String>);org.apache.juli.logging.Log;0;0;2;0.9500;195;14;9;1;0;0.9474;18;18;0
org.apache.coyote.http11.Http11NioProcessor.event(SocketStatus);org.apache.coyote.RequestInfo;7;1;4;0.9024;840;14;11;0;1;0.9787;134;13;14
org.apache.catalina.session.StandardSession.removeAttributeInternal(String, boolean);org.apache.juli.logging.Log;0;2;3;0.9500;585;58;24;1;0;0.9615;18;18;0
org.apache.catalina.connector.RequestFacade.getParameter(String);org.apache.catalina.connector.Request;1;0;2;0.9859;450;69;2;1;0;0.9943;1203;127;53
org.apache.tomcat.util.modeler.modules.MbeansSource.stop();org.apache.tomcat.util.modeler.Registry;0;0;2;0.8947;198;11;10;1;0;0.9756;433;33;10
org.apache.tomcat.util.net.AprEndpoint.Poller.run();org.apache.tomcat.jni.Socket;4;2;6;0.6000;168;4;7;1;0;1.0000;37;37;34
org.apache.catalina.core.ApplicationContext.getRequestDispatcher(String);org.apache.catalina.core.StandardContext;3;1;3;0.9639;645;60;13;2;0;0.9941;2421;209;114
org.apache.el.parser.AstValue.getValue(EvaluationContext);org.apache.el.parser.Node;0;0;0;1.0000;148;10;1;1;0;0.9583;17;17;0
org.apache.catalina.connector.InputBuffer.realReadChars(char, int, int);org.apache.tomcat.util.buf.ByteChunk;3;1;7;0.8140;210;19;17;3;1;0.9333;425;43;10
org.apache.catalina.loader.WebappClassLoader.addRepository(String, File);org.apache.juli.logging.Log;0;0;3;0.9778;1601;58;35;2;0;0.9000;18;18;0
org.apache.catalina.connector.CoyoteAdapter.service(org.apache.coyote.Request, org.apache.coyote.Response);org.apache.catalina.Valve;8;0;5;0.9792;620;12;9;1;0;0.9778;7;7;0
org.apache.catalina.connector.ResponseFacade.setContentLength(int);org.apache.catalina.connector.Response;0;1;1;0.9512;224;40;2;1;0;0.9889;596;70;20
org.apache.coyote.http11.Http11Protocol.Http11ConnectionHandler.unregister(Http11Processor);org.apache.coyote.Request;4;0;1;0.9444;105;5;5;0;1;0.9839;221;18;34
org.apache.el.parser.ELParser.Identifier();org.apache.el.parser.ELParserTreeConstants;4;1;1;0.9855;2270;112;22;0;1;0.9762;0;0;35
org.apache.jasper.compiler.SmapUtil.SDEInstaller.addSDE();org.apache.juli.logging.Log;0;9;3;0.5385;227;21;8;2;0;0.9333;18;18;0
org.apache.jasper.compiler.Validator.ValidateVisitor.visit(Node.UseBean);org.apache.jasper.compiler.Node;3;1;3;0.9388;735;37;19;2;0;0.9429;163;7;15
org.apache.coyote.http11.AbstractHttp11Processor.addRestrictedUserAgent(String);org.apache.juli.logging.Log;2;0;3;0.9783;228;17;32;1;0;0.9474;18;18;0
org.apache.jasper.compiler.Dumper.DumpVisitor.visit(Node.ParamAction);org.apache.jasper.compiler.Node;1;3;0;0.8929;122;27;1;0;1;0.9655;163;7;15
org.apache.catalina.tribes.transport.PooledSender.SenderQueue.close();org.apache.catalina.tribes.transport.DataSender;0;0;3;0.7692;87;7;5;1;0;0.9286;11;11;0
org.apache.jasper.compiler.Generator.generateXmlProlog(Node.Nodes);org.apache.jasper.compiler.PageInfo;4;0;3;0.9400;782;28;18;0;6;0.9310;341;30;46
org.apache.jasper.xmlparser.XMLEncodingDetector.scanPseudoAttribute(boolean, XMLString);org.apache.jasper.xmlparser.XMLStringBuffer;0;8;2;0.8039;798;23;29;3;0;0.8696;61;5;1
org.apache.catalina.session.PersistentManagerBase.processExpires();org.apache.catalina.Session;0;3;2;0.9091;421;30;12;1;0;0.9756;32;32;4
org.apache.jasper.xmlparser.XMLEncodingDetector.scanXMLDecl();org.apache.jasper.xmlparser.XMLChar;1;5;4;0.8302;798;23;29;1;0;1.0000;115;21;9
org.apache.catalina.core.ApplicationJspPropertyGroupDescriptor.getTrimDirectiveWhitespaces();org.apache.catalina.deploy.JspPropertyGroup;1;0;1;0.9231;79;12;1;0;1;0.9545;72;9;12
org.apache.catalina.deploy.WebXml.addFilterMapping(FilterMap);org.apache.catalina.deploy.FilterMap;0;0;1;0.9859;1536;45;42;0;0;1.0000;96;9;13
org.apache.catalina.mbeans.MBeanUtils.createObjectName(String, ContextResourceLink);org.apache.catalina.deploy.NamingResources;1;0;0;1.0000;706;52;4;0;1;0.9815;342;36;13
org.apache.catalina.mbeans.UserMBean.getGroups();org.apache.catalina.User;0;0;1;0.9167;85;6;3;1;0;0.9500;17;17;0
org.apache.catalina.startup.HostConfig.deployDescriptor(String, File, String);org.apache.catalina.Container;1;3;7;0.8923;793;36;16;3;0;0.9474;35;35;6
org.apache.catalina.core.StandardContext.createWrapper();org.apache.catalina.Lifecycle;0;0;8;0.9784;2421;209;114;1;0;0.9375;6;6;11
org.apache.coyote.ajp.AjpProcessor.parseHost(MessageBytes);org.apache.tomcat.util.buf.HexUtils;4;0;4;0.9259;659;13;32;1;0;1.0000;8;3;2
org.apache.coyote.http11.Http11AprProtocol.setUseSendfile(boolean);org.apache.tomcat.util.net.AprEndpoint;1;0;1;0.9901;387;76;26;0;1;0.9808;471;17;35
org.apache.tomcat.util.digester.SetTopRule.end(String, String);org.apache.tomcat.util.digester.Digester;1;0;2;0.8667;41;2;3;2;2;0.9710;849;103;29
org.apache.jasper.compiler.SmapUtil.SmapGenVisitor.doSmap(Node, int, int, int);org.apache.jasper.compiler.Node;2;0;1;0.9688;149;23;3;0;2;0.9355;163;7;15
org.apache.coyote.http11.Http11AprProcessor.action(ActionCode, Object);org.apache.tomcat.jni.Sockaddr;10;1;19;0.7978;954;28;36;0;1;0.9800;0;0;6
org.apache.catalina.core.StandardWrapper.getServletContext();org.apache.catalina.Context;0;0;0;1.0000;748;76;36;1;0;0.9929;139;139;1
org.apache.catalina.startup.HostConfig.deploymentExists(String);org.apache.catalina.Container;0;0;2;0.9583;793;36;16;1;0;0.9730;35;35;6
org.apache.catalina.connector.Connector.getDomainInternal();org.apache.catalina.mbeans.MBeanUtils;0;0;0;0;0;0;0;0;0;0;0;0;0
org.apache.tomcat.util.net.AbstractEndpoint.setTcpNoDelay(boolean);org.apache.tomcat.util.net.SocketProperties;0;0;1;0.9857;397;29;69;1;0;0.9808;162;28;23
org.apache.catalina.core.StandardHost.setName(String);org.apache.tomcat.util.res.StringManager;0;0;0;1.0000;308;36;19;1;0;0.8571;52;3;3
org.apache.catalina.ha.tcp.SimpleTcpCluster.messageReceived(ClusterMessage);org.apache.juli.logging.Log;0;0;4;0.9701;368;43;29;2;0;0.9231;18;18;0
org.apache.coyote.http11.Http11Processor.prepareRequest();org.apache.coyote.Adapter;6;2;3;0.9273;731;12;7;0;0;1.0000;3;3;0
org.apache.coyote.http11.InternalAprOutputBuffer.setSocket(long);org.apache.tomcat.jni.Socket;0;0;2;0.9459;235;24;13;1;0;1.0000;37;37;34
org.apache.catalina.manager.JspHelper.getDisplayInactiveTimeForSession(Session);org.apache.catalina.manager.util.SessionUtils;0;1;0;1.0000;113;12;3;1;0;1.0000;158;6;5
org.apache.el.parser.ELParser.LiteralExpression();org.apache.el.parser.Token;3;1;1;0.9855;2270;112;22;0;1;0.9474;24;3;9
org.apache.catalina.ha.session.DeltaManager.startInternal();org.apache.juli.logging.Log;1;1;4;0.9674;822;41;40;4;0;0.8750;18;18;0
org.apache.catalina.deploy.NamingResources.addEnvironment(ContextEnvironment);org.apache.catalina.deploy.ResourceBase;1;5;3;0.8519;342;36;13;2;1;0.8846;43;9;7
org.apache.catalina.connector.CoyoteAdapter.service(org.apache.coyote.Request, org.apache.coyote.Response);org.apache.catalina.connector.Response;8;0;5;0.9792;620;12;9;5;1;0.9504;596;70;20
org.apache.catalina.deploy.WebXml.orderWebFragments(WebXml, Map<String,WebXml>);org.apache.juli.logging.Log;0;0;6;0.9452;1536;45;42;0;0;1.0000;18;18;0
org.apache.naming.SelectorContext.list(String);org.apache.juli.logging.Log;1;2;2;0.9429;170;31;7;2;0;0.9000;18;18;0
org.apache.catalina.valves.ExtendedAccessLogValve.getClientToServerElement(PatternTokenizer);org.apache.juli.logging.Log;0;0;1;1.0000;367;10;2;1;0;0.9565;18;18;0
org.apache.catalina.ha.tcp.SimpleTcpCluster.memberDisappeared(Member);org.apache.juli.logging.Log;0;0;5;0.9688;368;43;29;3;0;0.8636;18;18;0
org.apache.catalina.connector.RequestFacade.isRequestedSessionIdFromUrl();org.apache.catalina.connector.Request;0;0;2;0.9859;450;69;2;1;0;0.9943;1203;127;53
org.apache.catalina.mbeans.MBeanUtils.createObjectName(String, Manager);org.apache.catalina.Container;0;0;0;1.0000;706;52;4;2;0;0.9474;35;35;6
org.apache.catalina.ha.session.SimpleTcpReplicationManager.messageReceived(SessionMessage, Member);org.apache.catalina.session.StandardSession;1;2;4;0.8958;356;17;15;1;0;0.9897;585;58;24
org.apache.jasper.compiler.Generator.GenerateVisitor.generateCustomDoTag(Node.CustomTag, TagHandlerInfo, String);org.apache.jasper.compiler.Node.CustomTag;5;4;3;0.9014;1736;44;16;1;1;0.9643;218;9;26
org.apache.jasper.compiler.Validator.validateExDirectives(Compiler, Node.Nodes);org.apache.jasper.compiler.Node.Nodes;4;1;0;1.0000;65;3;0;1;1;0.8667;43;5;3
org.apache.catalina.startup.CallMethodMultiRule.end(String, String);org.apache.tomcat.util.IntrospectionUtils;1;0;1;0.9091;59;1;1;1;0;1.0000;595;31;4
org.apache.jasper.compiler.TagFileProcessor.TagFileDirectiveVisitor.visit(Node.AttributeDirective);org.apache.jasper.compiler.Node;0;1;6;0.8148;204;8;24;1;0;0.9697;163;7;15
org.apache.coyote.http11.Http11AprProcessor.event(SocketStatus);org.apache.coyote.RequestInfo;4;1;9;0.8857;954;28;36;0;1;0.9762;134;13;14
org.apache.coyote.http11.Http11Processor.process(SocketWrapper<Socket>);org.apache.coyote.Request;7;3;6;0.8596;731;12;7;1;2;0.9691;221;18;34
org.apache.catalina.ha.authenticator.ClusterSingleSignOn.register(String, Principal, String, String, String);org.apache.catalina.ha.CatalinaCluster;1;1;2;0.8846;142;15;4;2;0;0.9355;20;20;1
org.apache.jasper.compiler.Generator.GenerateVisitor.restoreScriptingVars(Node.CustomTag, int);org.apache.jasper.compiler.Node.CustomTag;1;0;2;0.9701;1736;44;16;2;3;0.8864;218;9;26
org.apache.catalina.core.StandardService.initInternal();org.apache.catalina.Lifecycle;0;0;0;0;0;0;0;0;0;0;0;0;0
org.apache.catalina.startup.EngineConfig.stop();org.apache.tomcat.util.res.StringManager;0;0;2;0.8571;17;3;3;1;0;0.8889;52;3;3
org.apache.jasper.compiler.PageDataImpl.SecondPassVisitor.appendTag(Node, boolean);org.apache.jasper.JspCompilationContext;4;4;4;0.8519;307;41;6;0;1;0.9867;426;31;31
org.apache.jasper.compiler.Generator.GenerateVisitor.visit(Node.UseBean);org.apache.jasper.JspCompilationContext;7;0;1;0.9875;1736;44;16;1;1;0.9753;426;31;31
org.apache.catalina.session.PersistentManagerBase.swapIn(String);org.apache.catalina.security.SecurityUtil;1;1;3;0.9423;421;30;12;1;0;1.0000;146;11;17
org.apache.el.parser.ELParser.ReInit(ELParserTokenManager);org.apache.el.parser.JJTELParserState;0;0;7;0.9474;2270;112;22;1;0;0.9565;74;10;5
org.apache.coyote.http11.AbstractOutputBuffer.reset();org.apache.coyote.Response;0;0;2;0.9375;200;22;11;1;0;0.9744;250;19;18
org.apache.catalina.connector.RequestFacade.getContextPath();org.apache.tomcat.util.res.StringManager;0;0;2;0.9859;450;69;2;1;0;0.8571;52;3;3
org.apache.jasper.compiler.Parser.processIncludeDirective(String, Node);org.apache.jasper.compiler.ParserController;0;0;4;0.9394;1185;55;13;1;0;0.9677;281;12;13
org.apache.catalina.connector.Connector.getProperty(String);org.apache.tomcat.util.IntrospectionUtils;0;0;2;0.9878;405;53;33;1;0;1.0000;595;31;4
org.apache.catalina.startup.SetDistributableRule.begin(String, String, Attributes);org.apache.catalina.deploy.WebXml;2;0;0;1.0000;9;1;0;0;1;0.9870;1536;45;42
org.apache.catalina.valves.ExtendedAccessLogValve.SessionAttributeElement.addElement(StringBuilder, Date, Request, Response, long);org.apache.catalina.connector.Request;0;0;1;0.6667;10;1;1;1;0;0.9943;1203;127;53
org.apache.jasper.compiler.JspReader.parseToken(boolean);org.apache.jasper.compiler.ErrorDispatcher;0;6;1;0.7941;304;23;9;1;0;0.9643;158;22;2
org.apache.catalina.connector.InputBuffer.readByte();org.apache.tomcat.util.res.StringManager;0;0;3;0.9444;210;19;17;1;0;0.8750;52;3;3
org.apache.tomcat.util.http.fileupload.DiskFileItem.readObject(ObjectInputStream);org.apache.tomcat.util.http.fileupload.IOUtils;0;1;2;0.8929;232;17;16;1;0;1.0000;29;3;1
org.apache.catalina.tribes.group.interceptors.MessageDispatchInterceptor.sendMessage(Member[], ChannelMessage, InterceptorPayload);org.apache.catalina.tribes.io.XByteBuffer;2;2;5;0.7083;138;12;8;0;1;0.9714;317;36;7
org.apache.catalina.session.StandardSession.setId(String);org.apache.catalina.Manager;0;1;2;0.9610;585;58;24;2;0;0.9474;35;35;0
org.apache.catalina.tribes.transport.bio.MultipointBioSender.setupForSend(Member[]);org.apache.catalina.tribes.transport.bio.BioSender;0;0;1;0.9375;93;9;2;1;0;0.9474;148;9;7
org.apache.catalina.connector.CoyoteAdapter.parseSessionCookiesId(org.apache.coyote.Request, Request);org.apache.catalina.core.ApplicationSessionCookieConfig;4;1;1;0.9643;620;12;9;1;0;1.0000;85;2;7
org.apache.coyote.http11.AbstractHttp11Protocol.setAddress(InetAddress);org.apache.tomcat.util.net.AbstractEndpoint;1;1;1;0.9818;382;89;22;0;1;0.9861;397;29;69
org.apache.catalina.connector.RequestFacade.getHeaderNames();org.apache.catalina.Globals;1;0;2;0.9859;450;69;2;0;1;1.0000;0;0;39
org.apache.jasper.runtime.TagHandlerPool.reuse(Tag);org.apache.juli.logging.Log;0;0;4;0.6000;94;6;6;1;0;0.9565;18;18;0
org.apache.catalina.startup.NamingRuleSet.addRuleInstances(Digester);org.apache.tomcat.util.digester.Digester;0;0;1;0.8333;31;1;1;3;0;0.9776;849;103;29
org.apache.catalina.authenticator.AuthenticatorBase.reauthenticateFromSSO(String, Request);org.apache.juli.logging.Log;0;2;2;0.9143;293;17;18;2;0;0.9231;18;18;0
org.apache.catalina.tribes.membership.StaticMember.setDomain(String);org.apache.catalina.tribes.util.Arrays;0;0;0;1.0000;29;3;0;2;0;1.0000;157;24;1
org.apache.jasper.compiler.Generator.GenerateVisitor.visit(Node.DoBodyAction);org.apache.jasper.compiler.ServletWriter;2;1;1;0.9710;1736;44;16;6;1;0.6667;54;12;6
org.apache.el.ValueExpressionImpl.setValue(ELContext, Object);org.apache.el.parser.Node;0;1;2;0.8421;78;12;5;1;0;0.9500;17;17;0
org.apache.coyote.RequestInfo.getRequestBytesReceived();org.apache.coyote.Request;1;0;1;0.9630;134;13;14;0;1;0.9815;221;18;34
org.apache.catalina.valves.AccessLogValve.RequestElement.addElement(StringBuilder, Date, Request, Response, long);org.apache.catalina.connector.Request;0;0;0;1.0000;16;1;0;4;0;0.9770;1203;127;53
org.apache.catalina.ha.session.DeltaRequest.execute(DeltaSession, boolean);org.apache.catalina.ha.session.DeltaSession;0;1;8;0.9143;179;15;15;6;0;0.9016;399;42;7
org.apache.catalina.tribes.group.ChannelInterceptorBase.memberDisappeared(Member);org.apache.catalina.tribes.MembershipListener;0;0;1;0.9444;66;14;4;1;0;0.6667;2;2;0
org.apache.tomcat.util.http.MimeHeaders.addValue(String);org.apache.tomcat.util.buf.MessageBytes;1;1;0;0.9565;129;18;3;1;0;0.9773;380;30;16
org.apache.catalina.realm.JDBCRealm.getRoles(String);org.apache.juli.logging.Log;0;3;1;0.8621;280;13;15;2;0;0.9167;18;18;0
org.apache.catalina.connector.RequestFacade.getSession(boolean);org.apache.tomcat.util.res.StringManager;0;0;2;0.9859;450;69;2;1;0;0.8571;52;3;3
org.apache.jasper.compiler.Validator.ValidateVisitor.MapperELVisitor.visit(ELNode.Function);org.apache.jasper.compiler.JspUtil;3;0;0;1.0000;30;1;1;1;0;1.0000;608;37;6
org.apache.catalina.core.StandardWrapper.unload();org.apache.tomcat.util.log.SystemLogHandler;4;1;10;0.9130;748;76;36;2;0;1.0000;128;29;3
org.apache.coyote.ajp.AjpAprProcessor.prepareRequest();org.apache.coyote.Response;7;1;8;0.8831;623;13;30;0;1;0.9881;250;19;18
org.apache.catalina.connector.Connector.createResponse();org.apache.catalina.connector.Response;0;0;0;1.0000;405;53;33;1;0;0.9886;596;70;20
org.apache.catalina.authenticator.FormAuthenticator.restoreRequest(Request, Session);org.apache.tomcat.util.http.MimeHeaders;3;0;0;1.0000;236;8;3;2;0;0.9592;129;18;3
org.apache.coyote.ajp.AjpAprProcessor.asyncDispatch(long, SocketStatus);org.apache.coyote.RequestInfo;0;0;0;0;0;0;0;0;0;0;0;0;0
org.apache.catalina.util.DOMWriter.print(Node);org.apache.catalina.util.MIME2Java;3;4;3;0.3750;231;6;5;1;0;1.0000;8;2;2
org.apache.catalina.ha.authenticator.ClusterSingleSignOn.associate(String, Session);org.apache.catalina.ha.ClusterManager;1;1;2;0.8889;142;15;4;1;0;0.9630;15;15;0
org.apache.coyote.http11.Http11NioProtocol.Http11ConnectionHandler.process(NioChannel);org.apache.coyote.ActionCode;9;2;3;0.8438;177;8;6;0;1;1.0000;6;0;30
org.apache.catalina.session.FileStore.load(String);org.apache.juli.logging.Log;2;2;0;0.9167;191;13;6;2;0;0.9286;18;18;0
org.apache.catalina.realm.CombinedRealm.getPassword(String);org.apache.juli.logging.Log;0;0;1;1.0000;151;12;2;1;0;0.9474;18;18;0
org.apache.jasper.compiler.Parser.parseELExpression(Node, char);org.apache.jasper.compiler.JspReader;0;0;3;0.9552;1185;55;13;3;0;0.9211;304;23;9
org.apache.catalina.tribes.membership.McastServiceImpl.receive();org.apache.catalina.tribes.io.XByteBuffer;1;3;4;0.8718;309;12;28;1;0;1.0000;317;36;7
org.apache.catalina.loader.WebappLoader.setRepositories();org.apache.catalina.loader.WebappClassLoader;2;2;5;0.9180;553;36;17;3;1;0.9604;1601;58;35
org.apache.jasper.servlet.JspServletWrapper.destroy();org.apache.jasper.compiler.Localizer;0;0;3;0.8966;314;11;15;1;0;1.0000;34;6;1
org.apache.catalina.core.NamingContextListener.addService(ContextService);org.apache.catalina.deploy.ContextService;5;0;4;0.9464;745;23;11;7;2;0.8043;130;19;9
org.apache.catalina.ha.session.DeltaManager.handleSESSION_DELTA(SessionMessage, Member);org.apache.juli.logging.Log;2;1;5;0.9535;822;41;40;2;0;0.9310;18;18;0
org.apache.catalina.authenticator.FormAuthenticator.matchRequest(Request);org.apache.catalina.authenticator.Constants;1;0;0;1.0000;236;8;3;0;2;1.0000;0;0;19
org.apache.jasper.compiler.Generator.generateXmlProlog(Node.Nodes);org.apache.jasper.JspCompilationContext;4;0;3;0.9400;782;28;18;0;1;0.9868;426;31;31
org.apache.catalina.mbeans.MBeanFactory.removeManager(String);org.apache.catalina.core.ContainerBase;0;1;0;0.9697;401;31;3;1;0;0.9873;555;53;27
org.apache.tomcat.util.bcel.classfile.Utility.codeToString(ByteSequence, ConstantPool, boolean);org.apache.tomcat.util.bcel.util.ByteSequence;2;1;1;1.0000;428;19;5;1;0;0.8571;7;1;1
org.apache.jasper.compiler.Generator.declareTemporaryScriptingVars(Node.Nodes);org.apache.jasper.compiler.ServletWriter;2;0;1;0.9783;782;28;18;3;0;0.8696;54;12;6
org.apache.catalina.session.PersistentManagerBase.startInternal();org.apache.juli.logging.Log;0;0;2;0.9783;421;30;12;3;0;0.8750;18;18;0
org.apache.catalina.connector.Response.sendAcknowledgement();org.apache.coyote.Response;0;1;2;0.9659;596;70;20;1;0;0.9750;250;19;18
org.apache.catalina.ha.session.DeltaSession.setAttribute(String, Object, boolean, boolean);org.apache.catalina.ha.session.DeltaRequest;0;2;2;0.9423;399;42;7;1;0;0.9630;179;15;15
org.apache.catalina.tribes.group.GroupChannel.send(Member[], Serializable, int, ErrorHandler);org.apache.catalina.tribes.ChannelInterceptor;5;1;0;0.9783;268;24;9;1;0;0.9667;16;16;0
org.apache.tomcat.util.net.NioEndpoint.Poller.processSendfile(SelectionKey, KeyAttachment, boolean, boolean);org.apache.tomcat.util.net.NioEndpoint.SendfileData;4;3;0;0.9211;396;15;6;0;5;0.7500;0;0;5
org.apache.catalina.manager.JspHelper.guessDisplayLocaleFromSession(Session);org.apache.catalina.manager.util.SessionUtils;0;1;0;1.0000;113;12;3;1;0;1.0000;158;6;5
org.apache.catalina.mbeans.MBeanFactory.createStandardServiceEngine(String, String, String);org.apache.catalina.core.StandardEngine;0;0;0;0;0;0;0;0;0;0;0;0;0
org.apache.catalina.mbeans.MBeanFactory.createUserDatabaseRealm(String, String);org.apache.catalina.util.LifecycleMBeanBase;0;0;0;0;0;0;0;0;0;0;0;0;0
org.apache.catalina.tribes.group.ChannelCoordinator.getMember(Member);org.apache.catalina.tribes.MembershipService;0;0;1;0.9545;164;15;5;1;0;0.9444;17;17;2
org.apache.catalina.loader.WebappClassLoader.clearThreadLocalMap(Object, Field);org.apache.juli.logging.Log;1;0;3;0.9890;1601;58;35;3;0;0.8421;18;18;0
org.apache.el.parser.ELParser.Identifier();org.apache.el.parser.ELParserConstants;4;1;1;0.9855;2270;112;22;0;1;0.9841;0;0;56
org.apache.catalina.connector.CoyoteAdapter.service(org.apache.coyote.Request, org.apache.coyote.Response);org.apache.catalina.Container;8;0;5;0.9792;620;12;9;1;0;0.9863;35;35;6
org.apache.coyote.http11.AbstractHttp11Protocol.pause();org.apache.tomcat.util.net.AbstractEndpoint;1;2;2;0.9737;382;89;22;1;0;0.9870;397;29;69
org.apache.catalina.connector.Request.getServerPort();org.apache.coyote.Request;1;0;1;0.9943;1203;127;53;0;1;0.9815;221;18;34
org.apache.catalina.core.ApplicationContextFacade.setSessionTrackingModes(Set<SessionTrackingMode>);org.apache.catalina.core.ApplicationContext;0;1;1;0.9672;514;57;3;1;0;0.9859;645;60;13
org.apache.jasper.compiler.Generator.GenerateVisitor.saveScriptingVars(Node.CustomTag, int);org.apache.jasper.compiler.ServletWriter;1;0;2;0.9701;1736;44;16;3;0;0.8696;54;12;6
org.apache.coyote.http11.AbstractHttp11Protocol.getMaxThreads();org.apache.tomcat.util.net.AbstractEndpoint;0;0;1;0.9909;382;89;22;1;0;0.9859;397;29;69
org.apache.catalina.ha.session.DeltaManager.startInternal();org.apache.catalina.Container;1;1;4;0.9674;822;41;40;2;0;0.9608;35;35;6
org.apache.coyote.http11.Http11Protocol.start();org.apache.tomcat.util.modeler.Registry;1;0;2;0.9500;78;3;5;2;0;0.9808;433;33;10
org.apache.catalina.core.StandardHost.removeAlias(String);org.apache.catalina.Host;1;0;2;0.9630;308;36;19;0;1;1.0000;22;22;2
org.apache.jasper.runtime.PageContextImpl._initialize(Servlet, ServletRequest, ServletResponse, String, boolean, int, boolean);org.apache.jasper.runtime.JspApplicationContextImpl;0;1;12;0.7593;634;40;16;1;0;1.0000;73;5;6
org.apache.jasper.compiler.Collector.CollectVisitor.visit(Node.PlugIn);org.apache.jasper.compiler.Node.PlugIn;2;0;1;0.9583;114;15;6;0;2;0.7500;21;1;2
org.apache.catalina.deploy.WebXml.toXml();org.apache.catalina.deploy.FilterDef;9;3;29;0.8373;1536;45;42;5;1;0.9552;66;9;10
org.apache.catalina.servlets.CGIServlet.CGIEnvironment.expandCGIScript();org.apache.catalina.util.IOTools;1;0;3;0.8636;303;9;11;1;0;1.0000;22;4;1
org.apache.jasper.compiler.Generator.GenerateVisitor.generateNamedAttributeValue(Node.NamedAttribute);org.apache.jasper.compiler.Node.NamedAttribute;1;0;1;0.9848;1736;44;16;1;0;0.9474;71;3;7
org.apache.coyote.ajp.AjpAprProtocol.start();org.apache.tomcat.util.res.StringManager;1;1;7;0.9016;219;40;15;1;0;0.9444;52;3;3
org.apache.catalina.connector.CoyoteAdapter.parseSessionCookiesId(org.apache.coyote.Request, Request);org.apache.juli.logging.Log;4;1;1;0.9643;620;12;9;2;0;0.9429;18;18;0
org.apache.catalina.util.ExtensionValidator.validateApplication(DirContext, Context);org.apache.catalina.util.ManifestResource;1;2;1;1.0000;192;6;4;0;2;1.0000;100;8;7
org.apache.catalina.tribes.transport.nio.ParallelNioSender.doLoop(long, int, boolean, ChannelMessage);org.apache.catalina.tribes.transport.nio.NioSender;2;0;2;0.9722;246;12;4;4;2;0.8462;255;12;11
org.apache.coyote.http11.Http11AprProtocol.getSendfileThreadCount();org.apache.tomcat.util.net.AprEndpoint;1;0;1;0.9901;387;76;26;0;1;0.9808;471;17;35
org.apache.catalina.tribes.group.ChannelCoordinator.sendMessage(Member[], ChannelMessage, InterceptorPayload);org.apache.juli.logging.Log;2;0;2;0.9286;164;15;5;2;0;0.9200;18;18;0
org.apache.catalina.ha.session.DeltaManager.handleSESSION_EXPIRED(SessionMessage, Member);org.apache.juli.logging.Log;1;0;5;0.9634;822;41;40;2;0;0.9167;18;18;0
org.apache.catalina.connector.OutputBuffer.flushBytes();org.apache.tomcat.util.buf.ByteChunk;0;0;1;0.9750;207;25;15;1;0;0.9792;425;43;10
org.apache.tomcat.util.bcel.classfile.FieldOrMethod.getName();org.apache.tomcat.util.bcel.classfile.ConstantUtf8;2;0;2;0.8333;31;3;5;0;1;0.8571;14;2;1
org.apache.catalina.startup.Tomcat.FixContextListener.lifecycleEvent(LifecycleEvent);org.apache.catalina.Context;1;0;0;1.0000;11;1;0;1;0;0.9929;139;139;1
org.apache.coyote.http11.Http11Processor.action(ActionCode, Object);org.apache.tomcat.util.net.SocketWrapper;9;1;7;0.8889;731;12;7;0;2;0.9683;60;2;11
org.apache.catalina.realm.MemoryRealm.startInternal();org.apache.tomcat.util.res.StringManager;1;1;2;0.8750;94;7;6;1;0;0.9231;52;3;3
org.apache.catalina.ha.tcp.ReplicationValve.sendReplicationMessage(Request, long, boolean, ClusterManager, CatalinaCluster);org.apache.juli.logging.Log;0;4;3;0.8438;278;16;17;1;0;0.9583;18;18;0
org.apache.coyote.http11.Http11AprProtocol.getUseSendfile();org.apache.tomcat.util.net.AprEndpoint;1;0;1;0.9901;387;76;26;0;1;0.9808;471;17;35
org.apache.jasper.runtime.PageContextImpl.forward(String);org.apache.jasper.security.SecurityUtil;0;1;0;0.9811;634;40;16;1;0;1.0000;31;2;1
org.apache.tomcat.util.http.fileupload.FileUploadBase.parseRequest(RequestContext);org.apache.tomcat.util.http.fileupload.FileItemIterator;0;2;1;0.9286;187;14;12;2;0;0.8571;2;2;0
org.apache.catalina.startup.TldConfig.tldScanWebXml();org.apache.catalina.startup.XmlErrorHandler;0;0;0;0;0;0;0;0;0;0;0;0;0
org.apache.jasper.runtime.PageContextImpl.getAttributesScope(String);org.apache.jasper.security.SecurityUtil;0;1;0;0.9811;634;40;16;1;0;1.0000;31;2;1
org.apache.catalina.session.ManagerBase.remove(Session);org.apache.catalina.Session;0;0;1;0.9884;518;58;32;1;0;0.9697;32;32;4
org.apache.catalina.mbeans.MemoryUserDatabaseMBean.removeUser(String);org.apache.catalina.mbeans.MBeanUtils;0;0;0;1.0000;168;12;6;1;0;1.0000;706;52;4
org.apache.catalina.startup.Catalina.load();org.apache.tomcat.util.digester.Digester;1;2;2;0.9063;316;16;7;2;0;0.9863;849;103;29
org.apache.jasper.compiler.JspDocumentParser.endElement(String, String, String);org.apache.jasper.compiler.Node.TemplateText;4;2;6;0.8654;663;28;20;3;0;0.8571;42;5;1
org.apache.catalina.util.ExtensionValidator.validateManifestResources(String, ArrayList<ManifestResource>);org.apache.catalina.util.ManifestResource;3;1;4;1.0000;192;6;4;0;2;0.8824;100;8;7
org.apache.catalina.connector.CoyoteAdapter.event(org.apache.coyote.Request, org.apache.coyote.Response, SocketStatus);org.apache.catalina.Service;7;0;4;0.9714;620;12;9;0;0;1.0000;15;15;0
org.apache.catalina.filters.RequestDumperFilter.doLog(String, String);org.apache.juli.logging.Log;0;0;1;1.0000;151;5;4;1;0;0.9444;18;18;0
org.apache.catalina.servlets.WebdavServlet.doLock(HttpServletRequest, HttpServletResponse);org.apache.catalina.util.MD5Encoder;6;4;11;0.8302;1461;29;24;1;0;0.9655;11;1;1
org.apache.catalina.ha.session.DeltaManager.serializeSessions(Session[]);org.apache.juli.logging.Log;1;0;2;1.0000;822;41;40;1;0;0.9474;18;18;0
org.apache.coyote.RequestInfo.getMethod();org.apache.coyote.Request;1;0;1;0.9643;134;13;14;0;1;0.9818;221;18;34
org.apache.catalina.tribes.group.interceptors.TcpFailureDetector.memberAlive(Member, byte[], boolean, boolean, long, long, int);org.apache.juli.logging.Log;3;0;1;1.0000;227;15;10;1;0;0.9600;18;18;0
org.apache.catalina.core.ApplicationFilterFactory.createFilterChain(ServletRequest, Wrapper, Servlet);org.apache.catalina.core.StandardContext;3;3;2;0.8333;189;6;3;2;0;0.9940;2421;209;114
org.apache.catalina.core.StandardWrapperValve.invoke(Request, Response);org.apache.catalina.core.ContainerBase;4;1;5;0.8936;352;4;6;2;0;0.9832;555;53;27
org.apache.catalina.core.StandardWrapper.addChild(Container);org.apache.tomcat.util.res.StringManager;0;0;0;1.0000;748;76;36;1;0;0.8000;52;3;3
org.apache.catalina.connector.Request.getLocalPort();org.apache.coyote.ActionCode;2;0;2;0.9886;1203;127;53;0;1;1.0000;6;0;30
org.apache.jasper.compiler.TagPluginManager.TagPluginContextImpl.getNodeAttribute(String);org.apache.jasper.compiler.Node.CustomTag;2;0;1;0.9524;72;15;4;0;1;0.9756;218;9;26
org.apache.catalina.mbeans.ServerLifecycleListener.createMBeans(Host);org.apache.catalina.core.ContainerBase;0;1;1;0.9737;563;31;2;1;0;0.9882;555;53;27
org.apache.catalina.session.StoreBase.processExpires();org.apache.catalina.Store;0;1;1;0.9200;86;10;5;3;0;0.8750;11;11;0
org.apache.jasper.compiler.Generator.GenerateVisitor.generateCustomStart(Node.CustomTag, TagHandlerInfo, String, String, String);org.apache.jasper.compiler.ServletWriter;6;1;2;0.9615;1736;44;16;6;1;0.7742;54;12;6
org.apache.coyote.http11.Http11AprProtocol.setDeferAccept(boolean);org.apache.tomcat.util.net.AprEndpoint;1;0;1;0.9901;387;76;26;0;1;0.9808;471;17;35
org.apache.catalina.tribes.membership.McastServiceImpl.memberBroadcastsReceived(byte[]);org.apache.juli.logging.Log;0;0;2;0.9773;309;12;28;3;0;0.8636;18;18;0
org.apache.coyote.ajp.AjpAprProcessor.process(long);org.apache.coyote.Constants;5;4;14;0.7115;623;13;30;0;5;1.0000;0;0;14
org.apache.tomcat.util.digester.SetPropertiesRule.begin(String, String, Attributes);org.apache.tomcat.util.digester.Digester;2;0;2;0.8824;92;3;2;3;2;0.9640;849;103;29
org.apache.catalina.tribes.transport.nio.NioReceiver.cancelledKey(SelectionKey);org.apache.catalina.tribes.io.ObjectReader;1;0;1;1.0000;269;15;8;1;1;0.8889;71;9;5
org.apache.catalina.ha.session.DeltaManager.handleSESSION_DELTA(SessionMessage, Member);org.apache.catalina.ha.session.DeltaSession;2;1;5;0.9535;822;41;40;2;1;0.9492;399;42;7
org.apache.coyote.http11.Http11AprProcessor.prepareResponse();org.apache.tomcat.util.net.AprEndpoint.SendfileData;8;2;12;0.8427;954;28;36;0;3;0.9348;0;0;8
org.apache.tomcat.util.net.AprEndpoint.destroy();org.apache.tomcat.jni.Pool;0;1;4;0.9038;471;17;35;1;0;1.0000;13;13;0
org.apache.coyote.http11.Http11Protocol.Http11ConnectionHandler.createProcessor();org.apache.coyote.http11.AbstractHttp11Processor;1;1;1;0.9459;105;5;5;5;7;0.8125;228;17;32
org.apache.coyote.ajp.AjpProtocol.AjpConnectionHandler.process(SocketWrapper<Socket>, SocketStatus);org.apache.tomcat.util.net.SocketWrapper;3;1;2;0.8125;90;5;5;0;1;0.9545;60;2;11
org.apache.tomcat.util.digester.WithDefaultsRulesWrapper.match(String, String);org.apache.tomcat.util.digester.Rules;0;0;2;0.8333;55;8;3;1;0;0.9000;8;8;0
org.apache.coyote.ajp.AjpProtocol.setTcpNoDelay(boolean);org.apache.tomcat.util.net.AbstractEndpoint;0;0;1;0.9787;201;32;16;1;0;0.9859;397;29;69
org.apache.jasper.xmlparser.XMLEncodingDetector.scanPIData(String, XMLString);org.apache.jasper.xmlparser.XMLString;0;6;2;0.8431;798;23;29;2;0;0.9130;52;6;3
org.apache.catalina.core.StandardContext.startInternal();org.apache.catalina.core.NamingContextListener;6;27;13;0.8904;2421;209;114;0;2;0.9810;745;23;11
org.apache.catalina.authenticator.SingleSignOn.removeSession(String, Session);org.apache.catalina.authenticator.SingleSignOnEntry;0;2;1;0.8571;164;12;6;2;0;0.9130;49;9;6
org.apache.jasper.servlet.JspServlet.service(HttpServletRequest, HttpServletResponse);org.apache.juli.logging.Log;1;2;2;0.7500;167;10;5;2;0;0.9091;18;18;0
org.apache.tomcat.util.net.JIoEndpoint.SocketProcessor.run();org.apache.juli.logging.Log;2;0;2;0.8889;49;1;2;3;0;0.9032;18;18;0
org.apache.coyote.http11.InternalNioInputBuffer.parseRequestLine(boolean);org.apache.tomcat.util.buf.MessageBytes;2;2;5;0.8108;396;12;12;2;0;0.9661;380;30;16
org.apache.jasper.compiler.Validator.ValidateVisitor.isExpression(Node, String, boolean);org.apache.jasper.compiler.ELParser;3;0;1;0.9787;735;37;19;1;0;1.0000;206;12;10
org.apache.catalina.core.StandardEngineValve.invoke(Request, Response);org.apache.catalina.Container;1;0;1;1.0000;20;3;2;1;0;0.9767;35;35;6
org.apache.catalina.tribes.transport.bio.BioSender.openSocket();org.apache.catalina.tribes.transport.SenderState;1;0;5;0.9091;148;9;7;2;0;0.9667;45;9;5
org.apache.catalina.startup.ExpandWar.expand(Host, URL, String);org.apache.catalina.Host;1;2;1;1.0000;244;9;2;1;0;0.9545;22;22;2
org.apache.catalina.manager.host.HTMLHostManagerServlet.list(HttpServletRequest, HttpServletResponse, String);org.apache.catalina.Host;2;1;8;0.9375;241;8;11;1;0;0.9667;22;22;2
org.apache.coyote.http11.Http11NioProtocol.Http11ConnectionHandler.event(NioChannel, SocketStatus);org.apache.tomcat.util.net.NioChannel;7;0;2;0.9286;177;8;6;1;1;0.9444;83;15;5
org.apache.coyote.http11.Http11AprProtocol.resume();org.apache.tomcat.util.net.AprEndpoint;1;1;3;0.9810;387;76;26;1;0;0.9825;471;17;35
org.apache.catalina.core.StandardHostValve.custom(Request, Response, ErrorPage);org.apache.catalina.connector.Request;0;0;0;1.0000;160;7;3;3;0;0.9838;1203;127;53
org.apache.catalina.tribes.group.interceptors.FragmentationInterceptor.sendMessage(Member[], ChannelMessage, InterceptorPayload);org.apache.catalina.tribes.io.XByteBuffer;1;1;1;0.8750;96;7;5;1;1;0.9333;317;36;7
org.apache.jasper.runtime.PageContextImpl.getExpressionEvaluator();org.apache.jasper.runtime.JspApplicationContextImpl;1;0;1;0.9815;634;40;16;0;1;1.0000;73;5;6
org.apache.catalina.tribes.transport.bio.BioReplicationTask.execute(ObjectReader);org.apache.catalina.tribes.io.ListenCallback;1;1;1;0.9444;92;6;3;1;0;0.9091;1;1;0
org.apache.catalina.connector.Response.getHeaderNames();org.apache.coyote.Response;2;0;1;0.9890;596;70;20;0;1;0.9756;250;19;18
org.apache.catalina.startup.HostConfig.deployDirectory(String, File, String);org.apache.catalina.Context;2;3;7;0.8833;793;36;16;3;0;0.9808;139;139;1
org.apache.jasper.compiler.Validator.ValidateVisitor.FVVisitor.visit(ELNode.Function);org.apache.jasper.compiler.ErrorDispatcher;4;0;0;1.0000;33;1;1;1;0;0.9688;158;22;2
org.apache.catalina.manager.HTMLManagerServlet.list(HttpServletRequest, HttpServletResponse, String);org.apache.catalina.Manager;1;1;12;0.9762;686;26;19;2;0;0.9600;35;35;0
org.apache.jasper.JspCompilationContext.compile();org.apache.jasper.servlet.JspServletWrapper;1;2;5;0.8971;426;31;31;0;3;0.9250;314;11;15
org.apache.catalina.core.StandardContext.createWrapper();org.apache.juli.logging.Log;0;0;8;0.9784;2421;209;114;1;0;0.9643;18;18;0
org.apache.catalina.connector.RequestFacade.getServletContext();org.apache.tomcat.util.res.StringManager;0;0;2;0.9859;450;69;2;1;0;0.8571;52;3;3
org.apache.coyote.http11.Http11AprProtocol.pause();org.apache.juli.logging.Log;1;1;3;0.9810;387;76;26;3;0;0.8636;18;18;0
org.apache.catalina.connector.RequestFacade.GetLocalesPrivilegedAction.run();org.apache.catalina.connector.Request;1;0;0;1.0000;3;1;0;1;0;0.9943;1203;127;53
org.apache.catalina.mbeans.MBeanFactory.createRemoteHostValve(String);org.apache.catalina.core.ContainerBase;1;1;0;0.9714;401;31;3;1;0;0.9877;555;53;27
org.apache.coyote.RequestInfo.getRemoteAddr();org.apache.tomcat.util.buf.MessageBytes;2;0;1;0.9655;134;13;14;1;0;0.9773;380;30;16
org.apache.catalina.ha.tcp.ReplicationValve.createPrimaryIndicator(Request);org.apache.catalina.Container;1;0;3;0.9744;278;16;17;2;0;0.9535;35;35;6
org.apache.catalina.mbeans.ServerLifecycleListener.createMBeans(Engine);org.apache.catalina.Container;0;1;1;0.9730;563;31;2;3;0;0.9231;35;35;6
org.apache.catalina.util.LifecycleMBeanBase.getDomain();org.apache.catalina.Globals;0;0;0;0;0;0;0;0;0;0;0;0;0
org.apache.coyote.http11.Http11AprProtocol.setPort(int);org.apache.tomcat.util.net.AbstractEndpoint;1;0;1;0.9901;387;76;26;0;1;0.9859;397;29;69
org.apache.catalina.core.ApplicationContextFacade.createFilter(Class<T>);org.apache.catalina.core.ApplicationContext;0;1;1;0.9672;514;57;3;1;0;0.9859;645;60;13
org.apache.tomcat.util.buf.MessageBytes.isNull();org.apache.tomcat.util.buf.ByteChunk;0;0;3;0.9286;380;30;16;1;0;0.9804;425;43;10
org.apache.catalina.startup.ExpandWar.validate(Host, URL, String);org.apache.catalina.Host;1;0;1;1.0000;244;9;2;1;0;0.9545;22;22;2
org.apache.catalina.deploy.NamingResources.removeMessageDestinationRef(String);org.apache.catalina.deploy.ResourceBase;1;0;3;0.9388;342;36;13;0;1;0.9444;43;9;7
org.apache.catalina.ha.tcp.SimpleTcpCluster.backgroundProcess();org.apache.catalina.ha.ClusterDeployer;0;0;3;0.9508;368;43;29;1;0;0.9167;7;7;1
org.apache.catalina.startup.TldConfig.execute();org.apache.catalina.Loader;2;3;5;0.8621;291;15;15;1;0;0.9615;14;14;0
org.apache.catalina.connector.RequestFacade.getRemotePort();org.apache.tomcat.util.res.StringManager;0;0;2;0.9859;450;69;2;1;0;0.8571;52;3;3
org.apache.el.parser.AstDynamicExpression.getType(EvaluationContext);org.apache.el.parser.Node;0;0;0;1.0000;15;4;0;1;0;0.9444;17;17;0
org.apache.catalina.core.ApplicationSessionCookieConfig.createSessionCookie(Context, String, boolean);org.apache.catalina.Context;0;1;0;1.0000;85;2;7;5;0;0.9640;139;139;1
org.apache.catalina.session.ManagerBase.getRandom();org.apache.juli.logging.Log;1;1;4;0.9545;518;58;32;3;0;0.8636;18;18;0
org.apache.coyote.http11.AbstractInputBuffer.doRead(ByteChunk, Request);org.apache.coyote.InputBuffer;0;0;3;0.8750;81;10;14;1;0;0.8000;1;1;0
org.apache.catalina.tribes.tipis.AbstractReplicatedMap.get(Object);org.apache.juli.logging.Log;3;2;8;0.8902;741;50;17;4;0;0.9024;18;18;0
org.apache.jasper.xmlparser.XMLEncodingDetector.scanLiteral(int, XMLString);org.apache.jasper.xmlparser.XMLString;0;2;7;0.8085;798;23;29;1;0;0.9524;52;6;3
org.apache.catalina.startup.ContextConfig.checkHandlesTypes(JavaClass);org.apache.tomcat.util.bcel.classfile.AnnotationEntry;0;0;0;0;0;0;0;0;0;0;0;0;0
org.apache.jasper.compiler.TldLocationsCache.tldScanJar(JarURLConnection);org.apache.jasper.util.ExceptionUtils;0;0;0;0;0;0;0;0;0;0;0;0;0
org.apache.coyote.ajp.AjpProcessor.prepareRequest();org.apache.tomcat.util.http.MimeHeaders;7;1;8;0.8861;659;13;32;3;0;0.9545;129;18;3
org.apache.catalina.connector.RequestFacade.GetAttributePrivilegedAction.run();org.apache.catalina.connector.Request;1;0;0;1.0000;3;1;0;1;0;0.9943;1203;127;53
org.apache.catalina.startup.WebAnnotationSet.addResource(Context, Resource);org.apache.catalina.deploy.NamingResources;5;0;0;1.0000;125;6;0;5;0;0.9153;342;36;13
org.apache.coyote.http11.Http11NioProtocol.Http11ConnectionHandler.event(NioChannel, SocketStatus);org.apache.coyote.http11.Http11NioProtocol;7;0;2;0.9286;177;8;6;0;1;1.0000;97;17;3
org.apache.catalina.tribes.group.RpcChannel.RpcCollector.isComplete();org.apache.catalina.tribes.group.RpcChannel;1;0;3;0.7000;39;5;5;0;3;1.0000;98;6;9
org.apache.catalina.connector.Request.getReader();org.apache.catalina.connector.InputBuffer;0;0;5;0.9771;1203;127;53;1;0;0.9750;210;19;17
org.apache.catalina.connector.CoyoteAdapter.postParseRequest(org.apache.coyote.Request, Request, org.apache.coyote.Response, Response);org.apache.tomcat.util.buf.UDecoder;11;4;2;0.9583;620;12;9;1;0;0.9863;152;11;1
org.apache.catalina.connector.ResponseFacade.addIntHeader(String, int);org.apache.catalina.connector.Response;0;1;1;0.9512;224;40;2;1;0;0.9889;596;70;20
org.apache.coyote.http11.Http11NioProtocol.Http11ConnectionHandler.process(NioChannel);org.apache.coyote.http11.Http11NioProcessor;9;2;3;0.8438;177;8;6;2;3;0.8889;840;14;11
org.apache.tomcat.util.net.AprEndpoint.allocatePoller(int, long, int);org.apache.tomcat.util.res.StringManager;2;0;1;1.0000;471;17;35;1;0;0.8750;52;3;3
org.apache.el.parser.AstLessThan.getValue(EvaluationContext);org.apache.el.parser.Node;0;0;0;1.0000;14;1;0;1;0;0.9444;17;17;0
org.apache.catalina.connector.ResponseFacade.addHeader(String, String);org.apache.catalina.connector.Response;0;1;1;0.9512;224;40;2;1;0;0.9889;596;70;20
org.apache.jasper.compiler.Validator.ValidateVisitor.MapperELVisitor.visit(ELNode.Function);org.apache.jasper.compiler.Validator.ValidateVisitor;3;0;0;1.0000;30;1;1;0;2;0.9583;735;37;19
org.apache.catalina.core.ApplicationContextFacade.getServlets();org.apache.catalina.security.SecurityUtil;0;1;1;0.9672;514;57;3;1;0;1.0000;146;11;17
org.apache.catalina.tribes.transport.nio.NioReceiver.socketTimeouts();org.apache.juli.logging.Log;1;1;3;0.9259;269;15;8;2;0;0.9231;18;18;0
org.apache.coyote.http11.AbstractHttp11Protocol.setSoTimeout(int);org.apache.tomcat.util.net.AbstractEndpoint;0;1;1;0.9818;382;89;22;1;0;0.9861;397;29;69
org.apache.jasper.compiler.Generator.GenerateVisitor.generateCustomStart(Node.CustomTag, TagHandlerInfo, String, String, String);org.apache.jasper.compiler.JspUtil;6;1;2;0.9615;1736;44;16;1;0;1.0000;608;37;6
org.apache.catalina.util.LifecycleBase.stop();org.apache.juli.logging.Log;2;3;4;0.7059;88;11;4;4;0;0.8333;18;18;0
org.apache.tomcat.util.net.AprEndpoint.SocketWithOptionsProcessor.run();org.apache.tomcat.util.net.AbstractEndpoint.Handler;2;0;1;0.8750;20;1;1;0;1;0.8750;0;0;1
org.apache.catalina.valves.CometConnectionManagerValve.sessionDestroyed(HttpSessionEvent);org.apache.catalina.comet.CometProcessor;2;0;2;0.9565;136;8;4;1;0;0.9286;1;1;0
org.apache.coyote.http11.Http11NioProcessor.prepareRequest();org.apache.tomcat.util.buf.MessageBytes;7;3;4;0.8814;840;14;11;5;1;0.9221;380;30;16
org.apache.coyote.http11.Http11AprProcessor.action(ActionCode, Object);org.apache.coyote.RequestInfo;10;1;19;0.7978;954;28;36;0;0;1.0000;134;13;14
org.apache.coyote.http11.AbstractOutputBuffer.write(ByteChunk);org.apache.tomcat.util.buf.ByteChunk;1;0;2;0.9412;200;22;11;2;1;0.9388;425;43;10
org.apache.jasper.xmlparser.UTF8Reader.read();org.apache.juli.logging.Log;0;3;6;0.5556;356;11;7;2;0;0.9231;18;18;0
org.apache.catalina.mbeans.NamingResourcesMBean.getEnvironments();org.apache.catalina.mbeans.MBeanUtils;0;0;1;0.9286;138;9;2;1;0;1.0000;706;52;4
org.apache.catalina.session.PersistentManagerBase.remove(Session);org.apache.catalina.Session;0;1;1;0.9500;421;30;12;1;0;0.9714;32;32;4
org.apache.catalina.ha.authenticator.ClusterSingleSignOn.associate(String, Session);org.apache.catalina.ha.authenticator.SingleSignOnMessage;1;1;2;0.8889;142;15;4;0;3;0.9167;76;2;16
org.apache.catalina.ha.authenticator.ClusterSingleSignOn.deregister(String, Session);org.apache.catalina.ha.ClusterManager;1;1;2;0.8889;142;15;4;1;0;0.9630;15;15;0
org.apache.catalina.core.ApplicationContext.getMimeType(String);org.apache.catalina.core.StandardContext;0;0;1;0.9855;645;60;13;1;0;0.9969;2421;209;114
org.apache.jasper.compiler.Dumper.DumpVisitor.visit(Node.TaglibDirective);org.apache.jasper.compiler.Node;1;1;0;0.9643;122;27;1;0;1;0.9630;163;7;15
org.apache.catalina.valves.RemoteHostValve.invoke(Request, Response);org.apache.catalina.connector.Request;0;0;0;1.0000;6;2;1;1;0;0.9943;1203;127;53
org.apache.el.parser.ELParser.jj_3R_39();org.apache.el.parser.ELParserConstants;1;1;0;0.9925;2270;112;22;0;1;0.9825;0;0;56
org.apache.el.lang.ELArithmetic.DoubleDelegate.matches(Object, Object);org.apache.el.lang.ELSupport;0;0;0;1.0000;44;8;0;1;0;1.0000;406;22;1
org.apache.catalina.connector.ResponseFacade.getBufferSize();org.apache.catalina.connector.Response;0;0;2;0.9762;224;40;2;1;0;0.9889;596;70;20
org.apache.catalina.startup.DigesterFactory.registerLocalSchema(SchemaResolver);org.apache.catalina.startup.Constants;1;1;0;1.0000;56;5;1;0;52;1.0000;0;0;59
org.apache.coyote.http11.Http11AprProtocol.getSSLCertificateChainFile();org.apache.tomcat.util.net.AprEndpoint;1;0;1;0.9901;387;76;26;0;1;0.9808;471;17;35
org.apache.tomcat.util.digester.WithDefaultsRulesWrapper.add(String, Rule);org.apache.tomcat.util.digester.Rules;0;0;2;0.8333;55;8;3;1;0;0.9000;8;8;0
org.apache.catalina.core.StandardContext.setResources(DirContext);org.apache.naming.resources.BaseDirContext;2;0;8;0.9758;2421;209;114;1;4;0.9444;272;68;9
org.apache.jasper.compiler.ScriptingVariabler.ScriptingVariableVisitor.setScriptingVars(Node.CustomTag, int);org.apache.jasper.compiler.ScriptingVariabler;2;0;2;0.8182;60;2;2;0;1;1.0000;4;1;1
org.apache.coyote.http11.InternalNioOutputBuffer.addToBB(byte[], int, int);org.apache.tomcat.util.net.SecureNioChannel.ApplicationBufferHandler;1;1;2;0.8421;117;9;5;1;0;0.8889;3;3;0
org.apache.catalina.manager.HTMLManagerServlet.getSessionsForPath(String);org.apache.catalina.Container;1;0;0;1.0000;686;26;19;2;0;0.9459;35;35;6
org.apache.tomcat.util.net.NioEndpoint.Poller.processKey(SelectionKey, KeyAttachment);org.apache.tomcat.util.net.NioEndpoint;2;4;1;0.8214;396;15;6;2;1;0.9608;362;19;26
org.apache.catalina.startup.TaglibUriRule.body(String, String, String);org.apache.tomcat.util.digester.Digester;1;0;1;0.9167;25;1;1;2;1;0.9787;849;103;29
org.apache.catalina.connector.Request.parseParts();org.apache.tomcat.util.http.fileupload.FileUpload;0;0;0;0;0;0;0;0;0;0;0;0;0
org.apache.tomcat.util.net.NioEndpoint.Poller.add(NioChannel, int);org.apache.tomcat.util.net.NioEndpoint;1;1;0;0.9565;396;15;6;0;1;0.9767;362;19;26
org.apache.jasper.compiler.Validator.ValidateVisitor.visit(Node.PlugIn);org.apache.jasper.compiler.Node;1;2;2;0.9362;735;37;19;2;0;0.9394;163;7;15
org.apache.coyote.http11.Http11NioProcessor.prepareRequest();org.apache.coyote.http11.AbstractInputBuffer;7;3;4;0.8814;840;14;11;1;2;0.9516;81;10;14
org.apache.catalina.connector.CoyoteWriter.write(String, int, int);org.apache.catalina.connector.OutputBuffer;0;0;2;0.9355;141;28;3;1;0;0.9762;207;25;15
org.apache.jasper.tagplugins.jstl.core.Out.doTag(TagPluginContext);org.apache.jasper.compiler.tagplugin.TagPluginContext;0;0;0;1.0000;47;1;0;5;0;0.6429;14;14;0
org.apache.catalina.deploy.NamingResources.removeResourceLink(String);org.apache.catalina.deploy.ResourceBase;1;0;3;0.9388;342;36;13;0;1;0.9444;43;9;7
org.apache.catalina.connector.RequestFacade.getParameterValues(String);org.apache.catalina.connector.Request;0;0;2;0.9859;450;69;2;1;0;0.9943;1203;127;53
org.apache.jasper.compiler.PageDataImpl.SecondPassVisitor.visit(Node.TemplateText);org.apache.jasper.compiler.Node.Root;2;1;0;0.9800;307;41;6;0;1;0.9286;56;2;8
org.apache.tomcat.util.digester.WithDefaultsRulesWrapper.clear();org.apache.tomcat.util.digester.Rules;0;0;3;0.7500;55;8;3;1;0;0.9091;8;8;0
org.apache.jasper.compiler.Node.GetProperty.accept(Visitor);org.apache.jasper.compiler.Node.Visitor;0;0;0;1.0000;9;1;0;1;0;0.9714;126;35;0
org.apache.tomcat.util.buf.MessageBytes.setLong(long);org.apache.tomcat.util.buf.HexUtils;1;0;8;0.8409;380;30;16;1;0;1.0000;8;3;2
org.apache.coyote.ajp.AjpAprProcessor.SocketOutputBuffer.doWrite(ByteChunk, Response);org.apache.coyote.Response;4;0;0;1.0000;32;1;0;0;1;0.9783;250;19;18
org.apache.catalina.mbeans.ServerLifecycleListener.createMBeans(Context);org.apache.catalina.Lifecycle;1;1;1;0.9767;563;31;2;1;0;0.9444;6;6;11
org.apache.catalina.startup.HostConfig.checkResources(DeployedApplication);org.apache.catalina.util.LifecycleBase;1;2;4;0.9344;793;36;16;0;0;1.0000;88;11;4
org.apache.catalina.deploy.NamingResources.removeEjb(String);org.apache.catalina.deploy.ResourceBase;1;0;3;0.9388;342;36;13;0;1;0.9444;43;9;7
org.apache.coyote.http11.AbstractHttp11Protocol.isSSLEnabled();org.apache.tomcat.util.net.AbstractEndpoint;1;0;1;0.9909;382;89;22;0;1;0.9859;397;29;69
org.apache.catalina.mbeans.MBeanUtils.createMBean(ContextEnvironment);org.apache.tomcat.util.modeler.Registry;0;2;2;1.0000;706;52;4;1;0;0.9756;433;33;10
org.apache.coyote.http11.AbstractHttp11Protocol.getSoTimeout();org.apache.tomcat.util.net.AbstractEndpoint;0;0;1;0.9909;382;89;22;1;0;0.9859;397;29;69
org.apache.catalina.startup.HostRuleSet.addRuleInstances(Digester);org.apache.tomcat.util.digester.Digester;0;0;1;0.8889;26;1;1;6;0;0.9552;849;103;29
org.apache.catalina.connector.Response.setContext(Context);org.apache.catalina.connector.Request;1;0;1;0.9886;596;70;20;0;1;0.9943;1203;127;53
org.apache.tomcat.util.bcel.classfile.LocalVariableTypeTable.dump(DataOutputStream);org.apache.tomcat.util.bcel.classfile.LocalVariable;0;0;2;0.7778;34;4;2;1;0;0.9375;43;5;6
org.apache.catalina.session.StandardSession.readObject(ObjectInputStream);org.apache.catalina.Manager;0;0;14;0.8354;585;58;24;1;0;0.9804;35;35;0
org.apache.el.parser.ELParser.Multiplication();org.apache.el.parser.ELParserConstants;2;3;4;0.9514;2270;112;22;0;5;0.9286;0;0;56
org.apache.tomcat.util.net.JIoEndpoint.processSocket(SocketWrapper<Socket>, SocketStatus);org.apache.tomcat.util.res.StringManager;0;0;2;0.9412;195;10;6;1;0;0.8750;52;3;3
org.apache.el.parser.ELParser.And();org.apache.el.parser.ELParserTreeConstants;2;3;4;0.9496;2270;112;22;0;1;0.9792;0;0;35
org.apache.el.parser.ELParser.ReInit(java.io.Reader);org.apache.el.parser.ELParserTokenManager;1;0;8;0.9403;2270;112;22;1;0;0.9808;994;32;25
org.apache.jasper.servlet.JspServlet.getJspReloadCount();org.apache.jasper.compiler.JspRuntimeContext;0;0;1;0.9333;167;10;5;1;0;0.9565;187;11;10
org.apache.el.lang.ELSupport.coerceToType(Object, Class<?>);org.apache.el.lang.ELArithmetic;0;5;0;1.0000;406;22;1;1;0;1.0000;96;16;5
org.apache.catalina.tribes.transport.nio.NioReceiver.closeSelector();org.apache.juli.logging.Log;0;0;2;0.9524;269;15;8;2;0;0.8947;18;18;0
org.apache.coyote.ajp.AjpAprProcessor.parseHost(MessageBytes);org.apache.coyote.Adapter;4;0;4;0.9231;623;13;30;0;0;1.0000;3;3;0
org.apache.jasper.runtime.PageContextImpl.setAttribute(String, Object);org.apache.jasper.security.SecurityUtil;0;1;0;0.9811;634;40;16;1;0;1.0000;31;2;1
org.apache.catalina.connector.MapperListener.lifecycleEvent(LifecycleEvent);org.apache.catalina.Lifecycle;0;0;0;0;0;0;0;0;0;0;0;0;0
org.apache.catalina.core.ApplicationContextFacade.getServlets();org.apache.catalina.core.ApplicationContext;0;1;1;0.9672;514;57;3;1;0;0.9859;645;60;13
org.apache.tomcat.util.net.NioEndpoint.Acceptor.run();org.apache.juli.logging.Log;1;0;0;1.0000;52;1;0;3;0;0.8800;18;18;0
org.apache.catalina.tribes.transport.nio.ParallelNioSender.connect(NioSender[]);org.apache.catalina.tribes.transport.nio.NioSender;0;0;0;1.0000;246;12;4;1;0;0.9600;255;12;11
org.apache.catalina.session.FileStore.load(String);org.apache.catalina.Manager;2;2;0;0.9167;191;13;6;2;0;0.9556;35;35;0
org.apache.catalina.startup.WebAnnotationSet.loadClassAnnotation(Context, String);org.apache.catalina.Context;0;1;0;1.0000;125;6;0;1;0;0.9929;139;139;1
org.apache.catalina.core.StandardHost.findReloadedContextMemoryLeaks();org.apache.catalina.loader.WebappClassLoader;1;0;1;0.9815;308;36;19;0;1;0.9889;1601;58;35
org.apache.coyote.http11.InternalAprInputBuffer.fill();org.apache.tomcat.jni.Socket;1;0;8;0.7500;358;13;15;1;0;1.0000;37;37;34
org.apache.el.parser.ELParser.Equality();org.apache.el.parser.ELParserTreeConstants;2;3;4;0.9507;2270;112;22;0;2;0.9600;0;0;35
org.apache.catalina.connector.Request.recycle();org.apache.catalina.connector.CoyoteInputStream;3;0;38;0.7923;1203;127;53;1;0;0.9821;141;8;1
org.apache.catalina.tribes.transport.nio.ParallelNioSender.sendMessage(Member[], ChannelMessage);org.apache.catalina.tribes.ChannelException;2;5;1;0.7500;246;12;4;3;0;0.8636;46;5;2
org.apache.el.parser.AstDeferredExpression.getValue(EvaluationContext);org.apache.el.parser.Node;0;0;0;1.0000;15;4;0;1;0;0.9444;17;17;0
org.apache.coyote.ajp.AjpAprProtocol.setPollTime(int);org.apache.tomcat.util.net.AprEndpoint;0;0;1;0.9815;219;40;15;1;0;0.9808;471;17;35
org.apache.catalina.ha.authenticator.ClusterSingleSignOn.associate(String, Session);org.apache.juli.logging.Log;1;1;2;0.8889;142;15;4;2;0;0.9310;18;18;0
org.apache.jasper.compiler.Validator.ValidateVisitor.visit(Node.ELExpression);org.apache.jasper.compiler.ErrorDispatcher;4;1;2;0.9348;735;37;19;1;0;0.9643;158;22;2
org.apache.catalina.valves.ExtendedAccessLogValve.RequestHeaderElement.addElement(StringBuilder, Date, Request, Response, long);org.apache.catalina.valves.ExtendedAccessLogValve;0;0;1;0.6667;6;1;1;1;0;0.9167;367;10;2
org.apache.catalina.manager.ManagerServlet.findleaks(PrintWriter);org.apache.tomcat.util.res.StringManager;0;0;2;0.9783;924;35;13;1;0;0.8571;52;3;3
org.apache.catalina.users.MemoryUserDatabase.createRole(String, String);org.apache.catalina.users.AbstractRole;0;0;1;0.9688;252;22;10;1;0;0.8571;16;4;2
org.apache.jasper.compiler.Dumper.DumpVisitor.dumpBody(Node);org.apache.jasper.compiler.Node.Nodes;1;0;0;1.0000;122;27;1;1;0;0.9091;43;5;3
org.apache.tomcat.util.modeler.modules.MbeansDescriptorsDOMSource.execute();org.apache.juli.logging.Log;2;0;3;0.8889;93;2;6;5;0;0.8148;18;18;0
org.apache.catalina.ssi.SSIExec.process(SSIMediator, String, String[], String[], PrintWriter);org.apache.catalina.ssi.SSIInclude;1;0;2;0.8000;35;1;2;1;0;0.8000;26;1;0
org.apache.tomcat.util.net.AprEndpoint.Poller.destroy();org.apache.tomcat.util.net.AprEndpoint;1;0;7;0.4167;168;4;7;1;1;0.9655;471;17;35
org.apache.catalina.core.ApplicationContext.getNamedDispatcher(String);org.apache.catalina.core.ContainerBase;0;0;1;0.9855;645;60;13;1;0;0.9873;555;53;27
org.apache.el.parser.ELParser.Integer();org.apache.el.parser.ELParserConstants;4;1;1;0.9855;2270;112;22;0;1;0.9841;0;0;56
org.apache.jasper.compiler.Validator.ValidateVisitor.visit(Node.ForwardAction);org.apache.jasper.compiler.Node;1;1;2;0.9545;735;37;19;1;0;0.9667;163;7;15
org.apache.el.parser.ELParser.jj_3R_68();org.apache.el.parser.ELParserConstants;1;2;1;0.9776;2270;112;22;0;2;0.9661;0;0;56
org.apache.catalina.tribes.group.interceptors.MessageDispatchInterceptor.start(int);org.apache.catalina.tribes.Channel;1;1;1;0.9000;138;12;8;0;1;1.0000;15;15;13
org.apache.catalina.ha.session.ClusterSessionListener.messageReceived(ClusterMessage);org.apache.catalina.ha.ClusterManager;0;0;0;1.0000;32;3;1;1;0;0.9545;15;15;0
org.apache.catalina.connector.RequestFacade.GetCharacterEncodingPrivilegedAction.run();org.apache.catalina.connector.RequestFacade;1;0;0;1.0000;3;1;0;0;1;0.9859;450;69;2
org.apache.tomcat.util.net.NioEndpoint.destroy();org.apache.tomcat.util.net.NioSelectorPool;0;2;4;0.8936;362;19;26;1;0;0.9667;182;9;12
org.apache.tomcat.util.digester.SetPropertiesRule.begin(String, String, Attributes);org.apache.tomcat.util.IntrospectionUtils;2;0;2;0.8824;92;3;2;1;0;1.0000;595;31;4
org.apache.catalina.core.StandardEngine.startInternal();org.apache.catalina.util.ServerInfo;0;1;4;0.8857;234;19;9;1;0;1.0000;19;4;3
org.apache.jasper.compiler.PageDataImpl.SecondPassVisitor.appendTag(Node, boolean);org.apache.jasper.compiler.Node.Nodes;4;4;4;0.8519;307;41;6;1;0;0.9583;43;5;3
org.apache.catalina.session.JDBCStore.getConnection();org.apache.tomcat.util.res.StringManager;1;2;1;0.9500;495;34;23;1;0;0.9231;52;3;3
org.apache.coyote.http11.Http11AprProtocol.Http11ConnectionHandler.event(long, SocketStatus);org.apache.tomcat.util.net.AprEndpoint.Poller;2;0;3;0.8333;119;5;5;1;0;0.9545;168;4;7
org.apache.tomcat.util.buf.MessageBytes.toString();org.apache.tomcat.util.buf.ByteChunk;0;0;7;0.8810;380;30;16;1;0;0.9811;425;43;10
org.apache.jasper.compiler.PageDataImpl.SecondPassVisitor.appendPageDirective();org.apache.jasper.compiler.TagConstants;3;0;4;0.9184;307;41;6;0;1;1.0000;0;0;57
org.apache.jasper.compiler.PageDataImpl.FirstPassVisitor.visit(Node.Root);org.apache.jasper.compiler.TagConstants;4;0;4;0.6667;65;4;4;0;1;1.0000;0;0;57
org.apache.catalina.ha.tcp.SimpleTcpCluster.checkDefaults();org.apache.catalina.ha.ClusterDeployer;0;2;4;0.9032;368;43;29;1;0;0.9375;7;7;1
org.apache.catalina.deploy.NamingResources.addEnvironment(ContextEnvironment);org.apache.catalina.deploy.ContextEnvironment;1;5;3;0.8519;342;36;13;1;0;0.9444;33;3;3
org.apache.coyote.http11.InternalAprInputBuffer.fill();org.apache.tomcat.util.res.StringManager;1;0;8;0.7500;358;13;15;1;0;0.9167;52;3;3
org.apache.catalina.connector.OutputBuffer.write(String, int, int);org.apache.tomcat.util.buf.C2BConverter;0;0;3;0.9268;207;25;15;2;0;0.8824;58;8;5
org.apache.catalina.connector.CoyoteAdapter.parseSessionSslId(Request);org.apache.catalina.connector.Request;3;0;1;1.0000;620;12;9;3;3;0.9657;1203;127;53
org.apache.catalina.manager.ManagerServlet.setWrapper(Wrapper);org.apache.tomcat.util.modeler.Registry;0;0;5;0.8958;924;35;13;2;0;0.9787;433;33;10
org.apache.tomcat.util.digester.Digester.processingInstruction(String, String);org.apache.juli.logging.Log;0;0;1;0.9925;849;103;29;2;0;0.8947;18;18;0
org.apache.jasper.compiler.Generator.GenerateVisitor.visit(Node.IncludeAction);org.apache.jasper.compiler.ServletWriter;5;3;1;0.9420;1736;44;16;2;1;0.8889;54;12;6
org.apache.catalina.mbeans.MemoryUserDatabaseMBean.getGroups();org.apache.catalina.UserDatabase;0;1;0;0.9524;168;12;6;1;0;0.9474;16;16;0
org.apache.jasper.compiler.JspDocumentParser.startElement(String, String, String, Attributes);org.apache.jasper.compiler.Node;6;5;11;0.6667;663;28;20;0;2;0.9524;163;7;15
org.apache.catalina.mbeans.MBeanFactory.createRemoteHostValve(String);org.apache.catalina.Pipeline;1;1;0;0.9714;401;31;3;1;0;0.9167;9;9;0
org.apache.catalina.startup.HostConfig.configBase();org.apache.catalina.Container;0;1;2;0.9412;793;36;16;2;0;0.9500;35;35;6
org.apache.catalina.core.DefaultInstanceManager.postConstruct(Object, Class<?>);org.apache.catalina.Globals;1;1;0;1.0000;316;14;9;0;1;1.0000;0;0;39
org.apache.catalina.tribes.tipis.AbstractReplicatedMap.init(MapOwner, Channel, String, long, int, ClassLoader[]);org.apache.catalina.tribes.Channel;0;2;10;0.8451;741;50;17;2;0;0.9355;15;15;13
org.apache.catalina.ha.tcp.SimpleTcpCluster.checkDefaults();org.apache.catalina.tribes.Channel;0;2;4;0.9032;368;43;29;1;0;0.9565;15;15;13
org.apache.coyote.http11.Http11NioProcessor.parseHost(MessageBytes);org.apache.coyote.Adapter;5;0;2;0.9474;840;14;11;0;0;1.0000;3;3;0
org.apache.catalina.ha.tcp.SimpleTcpCluster.transferProperty(String, Object);org.apache.tomcat.util.IntrospectionUtils;0;2;0;0.9661;368;43;29;1;0;1.0000;595;31;4
org.apache.catalina.tribes.tipis.AbstractReplicatedMap.put(Object, Object, boolean);org.apache.catalina.tribes.Channel;0;3;2;0.9429;741;50;17;1;0;0.9583;15;15;13
org.apache.tomcat.util.net.SSLImplementation.getInstance();org.apache.juli.logging.Log;0;1;2;1.0000;30;6;3;2;0;0.8889;18;18;0
org.apache.catalina.startup.Tomcat.getConnector();org.apache.catalina.connector.Connector;0;1;3;0.8857;253;24;14;1;0;0.9886;405;53;33
org.apache.coyote.http11.Http11NioProcessor.prepareRequest();org.apache.coyote.Adapter;7;3;4;0.8814;840;14;11;0;0;1.0000;3;3;0
org.apache.jasper.compiler.Generator.GenerateVisitor.getTagHandlerInfo(Node.CustomTag);org.apache.jasper.compiler.Node.CustomTag;3;0;1;0.9841;1736;44;16;0;2;0.9524;218;9;26
org.apache.jasper.compiler.Validator.ValidateVisitor.visit(Node.CustomTag);org.apache.jasper.compiler.Node;4;0;1;0.9825;735;37;19;2;3;0.8684;163;7;15
org.apache.jasper.compiler.Generator.FragmentHelperClass.openFragment(Node, int);org.apache.jasper.compiler.Generator.GenBuffer;2;0;3;0.8333;132;6;4;0;1;0.9474;47;3;4
org.apache.catalina.core.ApplicationFilterChain.internalDoFilter(ServletRequest, ServletResponse);org.apache.catalina.security.SecurityUtil;3;0;10;0.7727;231;9;13;2;0;1.0000;146;11;17
org.apache.catalina.loader.WebappLoader.setClassPath();org.apache.juli.logging.Log;2;1;4;0.9245;553;36;17;1;0;0.9583;18;18;0
org.apache.tomcat.util.bcel.classfile.ExceptionTable.toString();org.apache.tomcat.util.bcel.classfile.Utility;1;0;2;0.7778;44;4;2;1;0;1.0000;428;19;5
org.apache.tomcat.util.buf.ByteChunk.startsWithIgnoreCase(String, int);org.apache.tomcat.util.buf.Ascii;0;0;3;0.9348;425;43;10;1;0;1.0000;91;11;7
org.apache.catalina.ha.session.JvmRouteSessionIDBinderListener.stop();org.apache.juli.logging.Log;0;0;1;0.9167;54;5;3;2;0;0.9091;18;18;0
org.apache.coyote.http11.AbstractHttp11Protocol.setTruststoreType(String);org.apache.tomcat.util.net.AbstractEndpoint;1;0;1;0.9909;382;89;22;0;1;0.9859;397;29;69
org.apache.catalina.mbeans.NamingResourcesMBean.getResourceLinks();org.apache.catalina.deploy.NamingResources;0;0;1;0.9286;138;9;2;1;0;0.9808;342;36;13
org.apache.catalina.core.StandardContext.addErrorPage(ErrorPage);org.apache.tomcat.util.res.StringManager;1;1;4;0.9878;2421;209;114;1;0;0.9375;52;3;3
org.apache.catalina.valves.AccessLogValve.HeaderElement.addElement(StringBuilder, Date, Request, Response, long);org.apache.catalina.connector.Request;0;0;1;0.5000;12;1;1;1;0;0.9943;1203;127;53
org.apache.jasper.compiler.Generator.GenerateVisitor.generateCustomStart(Node.CustomTag, TagHandlerInfo, String, String, String);org.apache.jasper.compiler.Node;6;1;2;0.9615;1736;44;16;0;3;0.9333;163;7;15
org.apache.jasper.xmlparser.XMLEncodingDetector.scanPseudoAttribute(boolean, XMLString);org.apache.jasper.compiler.ErrorDispatcher;0;8;2;0.8039;798;23;29;1;0;0.9714;158;22;2
org.apache.coyote.RequestGroupInfo.setRequestCount(int);org.apache.coyote.RequestInfo;1;0;2;0.9091;112;15;7;0;1;0.9655;134;13;14
org.apache.catalina.ha.session.SimpleTcpReplicationManager.stopInternal();org.apache.catalina.Cluster;0;0;2;0.9714;356;17;15;1;0;0.9333;11;11;0
org.apache.jasper.compiler.Compiler.isOutDated(boolean);org.apache.jasper.JspCompilationContext;2;0;3;0.9032;310;11;8;4;2;0.9155;426;31;31
org.apache.catalina.core.ApplicationFilterRegistration.addMappingForServletNames(EnumSet<DispatcherType>, boolean, String);org.apache.catalina.deploy.FilterDef;1;0;2;0.8947;110;11;3;1;0;0.9600;66;9;10
org.apache.catalina.ha.authenticator.ClusterSingleSignOn.startInternal();org.apache.catalina.Container;1;0;2;0.9130;142;15;4;2;0;0.9512;35;35;6
org.apache.catalina.core.StandardContext.addChild(Container);org.apache.tomcat.util.res.StringManager;1;3;1;0.9909;2421;209;114;1;0;0.9375;52;3;3
org.apache.coyote.http11.Http11Processor.prepareRequest();org.apache.tomcat.util.res.StringManager;6;2;3;0.9273;731;12;7;1;0;0.9778;52;3;3
org.apache.catalina.valves.ErrorReportValve.invoke(Request, Response);org.apache.catalina.connector.Response;1;1;0;0.9231;135;4;2;5;0;0.9462;596;70;20
org.apache.coyote.ajp.AjpProcessor.action(ActionCode, Object);org.apache.tomcat.util.net.AbstractEndpoint;9;3;14;0.7541;659;13;32;0;1;1.0000;397;29;69
org.apache.tomcat.util.IntrospectionUtils.getAttribute(Object, String);org.apache.juli.logging.Log;1;0;1;1.0000;595;31;4;2;0;0.8889;18;18;0
org.apache.coyote.http11.Http11AprProtocol.resume();org.apache.tomcat.util.res.StringManager;1;1;3;0.9810;387;76;26;1;0;0.9091;52;3;3
org.apache.catalina.tribes.membership.McastServiceImpl.memberBroadcastsReceived(byte[]);org.apache.catalina.tribes.io.XByteBuffer;0;0;2;0.9773;309;12;28;3;0;0.8929;317;36;7
org.apache.catalina.session.JDBCStore.load(String);org.apache.catalina.Container;2;5;6;0.8308;495;34;23;2;0;0.9636;35;35;6
org.apache.coyote.ajp.AjpAprProcessor.process(long);org.apache.juli.logging.Log;5;4;14;0.7115;623;13;30;4;0;0.9070;18;18;0
org.apache.catalina.users.MemoryUserDatabase.removeGroup(Group);org.apache.catalina.Group;0;1;1;0.9394;252;22;10;1;0;0.9286;11;11;0
org.apache.jasper.servlet.JspServlet.serviceJspFile(HttpServletRequest, HttpServletResponse, String, Throwable, boolean);org.apache.jasper.compiler.JspRuntimeContext;0;1;4;0.7059;167;10;5;2;0;0.9286;187;11;10
org.apache.catalina.mbeans.MBeanUtils.createObjectName(String, Group);org.apache.catalina.UserDatabase;0;0;0;1.0000;706;52;4;1;0;0.9444;16;16;0
org.apache.catalina.tribes.group.interceptors.MessageDispatchInterceptor.sendMessage(Member[], ChannelMessage, InterceptorPayload);org.apache.catalina.tribes.ChannelMessage;2;2;5;0.7083;138;12;8;3;0;0.8500;11;11;0
org.apache.tomcat.util.http.fileupload.DiskFileItem.getStoreLocation();org.apache.tomcat.util.http.fileupload.DeferredFileOutputStream;1;0;1;0.9655;232;17;16;0;1;0.9333;60;5;7
org.apache.el.parser.ELParser.FloatingPoint();org.apache.el.parser.ELParserTreeConstants;4;1;1;0.9855;2270;112;22;0;1;0.9762;0;0;35
org.apache.catalina.authenticator.DigestAuthenticator.setAuthenticateHeader(HttpServletRequest, HttpServletResponse, LoginConfig, String);org.apache.catalina.deploy.LoginConfig;0;0;2;1.0000;123;8;5;1;0;0.9375;85;9;5
org.apache.el.parser.ELParser.BracketSuffix();org.apache.el.parser.JJTELParserState;2;2;1;0.9784;2270;112;22;4;0;0.8182;74;10;5
org.apache.coyote.http11.Http11AprProtocol.getSoTimeout();org.apache.tomcat.util.net.AbstractEndpoint;0;0;1;0.9901;387;76;26;1;0;0.9859;397;29;69
org.apache.tomcat.util.net.NioEndpoint.Poller.register(NioChannel);org.apache.tomcat.util.net.SocketWrapper;3;1;0;0.9677;396;15;6;0;1;0.9565;60;2;11
org.apache.catalina.core.StandardHostValve.invoke(Request, Response);org.apache.catalina.Globals;1;2;1;0.9000;160;7;3;0;2;1.0000;0;0;39
org.apache.jasper.runtime.PageContextImpl.doRemoveAttribute(String, int);org.apache.jasper.compiler.Localizer;0;0;4;0.9245;634;40;16;1;0;1.0000;34;6;1
org.apache.tomcat.util.digester.RulesBase.setDigester(Digester);org.apache.tomcat.util.digester.Rule;1;0;2;0.8333;83;8;4;0;1;0.9286;31;9;2
org.apache.jasper.runtime.PageContextImpl.getAttribute(String);org.apache.jasper.compiler.Localizer;0;1;0;0.9811;634;40;16;1;0;1.0000;34;6;1
org.apache.catalina.authenticator.SingleSignOn.removeSession(String, Session);org.apache.juli.logging.Log;0;2;1;0.8571;164;12;6;2;0;0.9167;18;18;0
org.apache.catalina.connector.RequestFacade.GetParameterNamesPrivilegedAction.run();org.apache.catalina.connector.RequestFacade;1;0;0;1.0000;3;1;0;0;1;0.9859;450;69;2
org.apache.coyote.http11.InternalNioInputBuffer.parseHeader();org.apache.coyote.http11.Constants;2;1;4;0.8529;396;12;12;0;8;1.0000;0;0;44
org.apache.catalina.ha.authenticator.ClusterSingleSignOn.removeSession(String, Session);org.apache.juli.logging.Log;1;1;2;0.8889;142;15;4;2;0;0.9310;18;18;0
org.apache.catalina.connector.Request.getContextPath();org.apache.tomcat.util.http.mapper.MappingData;1;0;1;0.9943;1203;127;53;0;1;0.9167;11;1;9
org.apache.catalina.mbeans.UserMBean.addGroup(String);org.apache.catalina.UserDatabase;0;0;0;1.0000;85;6;3;1;0;0.9474;16;16;0
org.apache.jasper.compiler.PageDataImpl.FirstPassVisitor.visit(Node.Root);org.apache.jasper.compiler.Node;4;0;4;0.6667;65;4;4;0;1;0.9697;163;7;15
org.apache.catalina.ha.deploy.FarmWarDeployer.messageReceived(ClusterMessage);org.apache.catalina.ha.deploy.FileMessage;3;7;2;0.8462;376;28;17;0;2;0.9200;53;2;7
org.apache.jasper.compiler.Validator.ValidateVisitor.visit(Node.DoBodyAction);org.apache.jasper.compiler.Node;0;0;2;0.9767;735;37;19;1;0;0.9643;163;7;15
org.apache.coyote.http11.Http11NioProtocol.Http11ConnectionHandler.register(Http11NioProcessor);org.apache.tomcat.util.modeler.Registry;4;0;4;0.8636;177;8;6;2;0;0.9804;433;33;10
org.apache.coyote.http11.Http11AprProcessor.process(long);org.apache.tomcat.util.net.AprEndpoint.SendfileData;6;4;22;0.7241;954;28;36;0;2;0.9636;0;0;8
org.apache.catalina.ha.session.DeltaManager.changeSessionId(Session, boolean);org.apache.catalina.ha.session.SessionMessage;0;0;0;0;0;0;0;0;0;0;0;0;0
org.apache.naming.factory.webservices.ServiceRefFactory.getObjectInstance(Object, Name, Context, Hashtable<?,?>);org.apache.naming.factory.webservices.ServiceProxy;3;2;0;0.6000;218;3;0;0;1;0.9000;51;3;4
org.apache.el.lang.ELSupport.throwUnhandled(Object, Object);org.apache.el.util.MessageFactory;0;0;0;1.0000;406;22;1;2;0;1.0000;24;7;1
org.apache.catalina.connector.Response.generateCookieString(Cookie);org.apache.tomcat.util.http.ServerCookie;0;0;0;0;0;0;0;0;0;0;0;0;0
org.apache.catalina.tribes.transport.nio.NioReplicationTask.drainChannel(SelectionKey, ObjectReader);org.apache.catalina.tribes.io.BufferPool;4;3;2;0.8667;197;7;5;2;0;0.9615;37;4;4
org.apache.catalina.startup.XmlErrorHandler.logFindings(Log, String);org.apache.juli.logging.Log;0;0;0;0;0;0;0;0;0;0;0;0;0
org.apache.coyote.http11.filters.BufferedInputFilter.available();org.apache.tomcat.util.buf.ByteChunk;0;0;1;0.9000;49;6;6;1;0;0.9792;425;43;10
org.apache.coyote.ajp.AjpProtocol.getThreadPriority();org.apache.tomcat.util.net.AbstractEndpoint;1;0;1;0.9787;201;32;16;0;1;0.9859;397;29;69
org.apache.catalina.connector.ResponseFacade.sendError(int, String);org.apache.catalina.connector.Response;1;1;1;0.9524;224;40;2;1;1;0.9778;596;70;20
org.apache.tomcat.util.net.NioEndpoint.Poller.processSendfile(SelectionKey, KeyAttachment, boolean, boolean);org.apache.tomcat.util.net.NioChannel;4;3;0;0.9211;396;15;6;2;2;0.8889;83;15;5
org.apache.coyote.http11.AbstractHttp11Processor.addFilter(String);org.apache.coyote.http11.AbstractInputBuffer;0;0;0;0;0;0;0;0;0;0;0;0;0
org.apache.catalina.manager.ManagerServlet.list(PrintWriter);org.apache.catalina.Context;1;0;3;0.9608;924;35;13;3;0;0.9793;139;139;1
org.apache.tomcat.util.buf.UEncoder.urlEncode(Writer, String);org.apache.tomcat.util.buf.C2BConverter;2;0;5;0.7647;84;5;5;2;0;0.9167;58;8;5
org.apache.catalina.session.StandardManager.unload();org.apache.catalina.security.SecurityUtil;0;1;1;0.9091;304;16;7;1;0;1.0000;146;11;17
org.apache.coyote.ajp.AjpMessage.appendBytes(MessageBytes);org.apache.juli.logging.Log;1;5;2;0.8333;235;23;5;1;0;0.9643;18;18;0
org.apache.catalina.tribes.transport.bio.BioReplicationTask.execute(ObjectReader);org.apache.catalina.tribes.transport.Constants;1;1;1;0.9444;92;6;3;0;2;1.0000;0;0;5
org.apache.catalina.tribes.group.ChannelCoordinator.sendMessage(Member[], ChannelMessage, InterceptorPayload);org.apache.catalina.tribes.MembershipService;2;0;2;0.9286;164;15;5;2;0;0.9167;17;17;2
org.apache.catalina.core.StandardContext.getObjectKeyPropertiesNameOnly();org.apache.catalina.Container;0;0;0;0;0;0;0;0;0;0;0;0;0
org.apache.catalina.tribes.transport.nio.ParallelNioSender.connect(NioSender[]);org.apache.catalina.tribes.ChannelException;0;0;0;1.0000;246;12;4;1;0;0.9167;46;5;2
org.apache.catalina.realm.MemoryRealm.authenticate(String, String);org.apache.catalina.realm.GenericPrincipal;1;0;2;0.9286;94;7;6;1;0;0.9524;58;7;5
org.apache.catalina.util.LifecycleBase.removeLifecycleListener(LifecycleListener);org.apache.catalina.util.LifecycleSupport;0;0;1;0.9231;88;11;4;1;0;0.8750;38;3;3
org.apache.jasper.compiler.Parser.parseAttribute(AttributesImpl);org.apache.jasper.compiler.JspReader;1;2;3;0.9286;1185;55;13;4;0;0.9048;304;23;9
org.apache.coyote.http11.InternalNioOutputBuffer.writeToSocket(ByteBuffer, boolean, boolean);org.apache.tomcat.util.net.NioSelectorPool;1;0;4;0.8095;117;9;5;3;0;0.8846;182;9;12
org.apache.catalina.session.StandardSession.setAttribute(String, Object, boolean);org.apache.tomcat.util.res.StringManager;1;4;3;0.9259;585;58;24;1;0;0.9375;52;3;3
org.apache.jasper.compiler.AntCompiler.getProject();org.apache.jasper.Options;0;0;3;0.6667;158;3;4;1;0;0.9714;29;29;0
org.apache.catalina.core.StandardEngineValve.invoke(Request, Response);org.apache.catalina.connector.Response;1;0;1;1.0000;20;3;2;1;0;0.9896;596;70;20
org.apache.coyote.http11.Http11NioProcessor.asyncDispatch(SocketStatus);org.apache.coyote.Response;7;1;4;0.9024;840;14;11;0;1;0.9825;250;19;18
org.apache.catalina.ha.session.SimpleTcpReplicationManager.getReplicationStream(byte[], int, int);org.apache.catalina.Loader;0;0;0;1.0000;356;17;15;1;0;0.9375;14;14;0
org.apache.catalina.tribes.group.interceptors.NonBlockingCoordinator.heartbeat();org.apache.juli.logging.Log;0;4;3;0.8800;352;38;15;1;0;0.9600;18;18;0
org.apache.catalina.valves.JDBCAccessLogValve.invoke(Request, Response);org.apache.catalina.Valve;0;3;6;0.8182;201;7;24;1;0;0.9655;7;7;0
org.apache.catalina.core.AsyncContextImpl.addListener(AsyncListener, ServletRequest, ServletResponse);org.apache.catalina.core.AsyncListenerWrapper;1;0;1;0.9697;283;23;12;0;1;0.8000;15;3;1
org.apache.catalina.connector.Request.recycle();org.apache.catalina.connector.RequestFacade;3;0;38;0.7923;1203;127;53;1;0;0.9915;450;69;2
org.apache.catalina.ha.session.ClusterManagerBase.getClassLoaders(Container);org.apache.catalina.Loader;0;0;0;1.0000;23;4;0;1;0;0.9333;14;14;0
