Method;Class;FDP;NIM_D;NAA_D;DISTANCE_D;LOC_D;NMD_D;NAD_D;NIM_E;NAA_E;DISTANCE_E;LOC_E;NMD_E;NAD_E
org.apache.catalina.connector.InputBuffer.read(char[], int, int);org.apache.tomcat.util.res.StringManager;2;0;3;0.9412;210;19;17;0;0;1.0000;36;3;3
org.apache.catalina.ha.tcp.ReplicationValve.resetDeltaRequest(Session);org.apache.catalina.Manager;1;0;2;1.0000;283;17;17;1;0;0.9744;34;34;0
org.apache.catalina.tribes.group.interceptors.NonBlockingCoordinator.handleOtherToken(MemberImpl, CoordinationMessage, Member, Membership);org.apache.catalina.tribes.membership.Membership;0;1;0;0.9808;352;38;14;1;0;0.9583;136;11;6
org.apache.catalina.connector.Connector.createRequest();org.apache.catalina.connector.Request;1;0;0;1.0000;455;59;40;0;1;0.9942;1084;128;51
org.apache.jasper.runtime.HttpJspBase.getServletInfo();org.apache.jasper.compiler.Localizer;0;0;0;1.0000;26;9;0;1;0;1.0000;34;6;1
org.apache.catalina.manager.StatusTransformer.writeOSState(PrintWriter, int);org.apache.tomcat.util.ExceptionUtils;0;0;0;0;0;0;0;0;0;0;0;0;0
org.apache.catalina.tribes.io.XByteBuffer.extractDataPackage(boolean);org.apache.catalina.tribes.io.BufferPool;0;3;4;0.8333;317;36;7;2;0;0.8750;37;4;4
org.apache.naming.resources.DirContextURLConnection.getHeaderValueAsString(Object);org.apache.tomcat.util.http.FastHttpDateFormat;0;0;0;1.0000;184;11;7;1;0;1.0000;85;6;8
org.apache.catalina.core.ApplicationContextFacade.getEffectiveMinorVersion();org.apache.catalina.core.ApplicationContext;0;0;0;0;0;0;0;0;0;0;0;0;0
org.apache.catalina.startup.ContextConfig.applicationAnnotationsConfig();org.apache.catalina.core.StandardContext;1;0;1;0.9667;779;23;16;0;1;0.9968;2385;204;107
org.apache.tomcat.util.net.NioBlockingSelector.write(ByteBuffer, NioChannel, long, MutableInteger);org.apache.tomcat.util.MutableInteger;4;0;1;0.9474;111;4;4;0;1;0.9333;11;0;1
org.apache.catalina.session.PersistentManagerBase.removeSession(String);org.apache.juli.logging.Log;0;0;2;0.9773;420;33;13;1;0;0.9500;18;18;0
org.apache.catalina.tribes.transport.bio.BioSender.sendMessage(byte[], boolean);org.apache.juli.logging.Log;0;2;2;0.9167;148;9;7;2;0;0.9310;18;18;0
org.apache.coyote.http11.AbstractHttp11Protocol.setSoLinger(int);org.apache.tomcat.util.net.AbstractEndpoint;0;0;0;0;0;0;0;0;0;0;0;0;0
org.apache.el.parser.ELParser.Integer();org.apache.el.parser.Token;4;1;1;0.9854;2195;111;22;0;1;0.9474;24;3;8
org.apache.catalina.mbeans.JmxRemoteLifecycleListener.lifecycleEvent(LifecycleEvent);org.apache.catalina.Lifecycle;1;3;11;0.0667;109;4;13;0;2;1.0000;5;5;9
org.apache.coyote.http11.Http11AprProcessor.asyncDispatch(long, SocketStatus);org.apache.coyote.Constants;0;0;0;0;0;0;0;0;0;0;0;0;0
org.apache.coyote.http11.Http11NioProcessor.event(SocketStatus);org.apache.coyote.Response;6;1;10;0.8816;954;28;38;0;1;0.9825;250;19;18
org.apache.catalina.connector.ResponseFacade.finish();org.apache.tomcat.util.res.StringManager;1;0;2;0.9756;224;40;2;0;0;1.0000;36;3;3
org.apache.tomcat.util.http.mapper.Mapper.lastSlash(CharChunk);org.apache.tomcat.util.buf.CharChunk;1;0;0;1.0000;816;39;4;0;3;0.9375;393;39;8
org.apache.jasper.compiler.Generator.GenerateVisitor.ParamVisitor.visit(Node.ParamAction);org.apache.jasper.compiler.Generator.GenerateVisitor;5;0;0;1.0000;17;1;1;0;1;0.9851;1737;45;16
org.apache.catalina.core.StandardContext.addServletMapping(String, String, boolean);org.apache.tomcat.util.http.mapper.Mapper;1;2;3;0.9841;2385;204;107;2;0;0.9487;816;39;4
org.apache.catalina.startup.ContextConfig.authenticatorConfig();org.apache.catalina.core.ContainerBase;1;0;7;0.9286;779;23;16;2;0;0.9806;603;62;29
org.apache.catalina.tribes.transport.PooledSender.returnSender(DataSender);org.apache.catalina.tribes.transport.DataSender;0;0;1;0.9333;39;11;2;1;0;0.9231;11;11;0
org.apache.catalina.servlets.WebdavServlet.doPropfind(HttpServletRequest, HttpServletResponse);org.apache.naming.resources.ProxyDirContext;5;6;5;0.8000;1460;29;23;2;0;0.9780;469;64;15
org.apache.catalina.tribes.membership.McastServiceImpl.SenderThread.run();org.apache.catalina.tribes.membership.McastServiceImpl;1;0;2;0.7500;25;1;2;1;3;0.9286;308;12;27
org.apache.tomcat.util.buf.MessageBytes.setEncoding(String);org.apache.tomcat.util.buf.ByteChunk;1;0;3;0.9333;402;31;17;1;1;0.9608;425;43;10
org.apache.naming.factory.ResourceEnvFactory.getObjectInstance(Object, Name, Context, Hashtable<?,?>);org.apache.naming.factory.Constants;1;0;0;1.0000;50;1;0;0;1;1.0000;0;0;12
org.apache.catalina.mbeans.MBeanFactory.createJDBCRealm(String, String, String, String, String);org.apache.catalina.core.ContainerBase;2;1;0;0.9756;432;35;2;1;0;0.9895;603;62;29
org.apache.catalina.users.MemoryUserDatabaseFactory.getObjectInstance(Object, Name, Context, Hashtable<?,?>);org.apache.catalina.users.MemoryUserDatabase;1;0;0;1.0000;22;1;0;4;1;0.8438;252;22;10
org.apache.jasper.compiler.JspReader.peekChar();org.apache.jasper.compiler.Mark;1;1;1;0.9459;322;25;9;0;2;0.9200;108;9;11
org.apache.catalina.connector.ResponseFacade.getContentType();org.apache.tomcat.util.res.StringManager;1;0;2;0.9756;224;40;2;0;0;1.0000;36;3;3
org.apache.catalina.mbeans.GroupMBean.addRole(String);org.apache.catalina.UserDatabase;0;0;0;1.0000;63;4;3;1;0;0.9474;16;16;0
org.apache.catalina.manager.StatusTransformer.writeBody(PrintWriter, Object[], int);org.apache.catalina.manager.Constants;1;0;0;1.0000;601;20;0;0;1;1.0000;0;0;11
org.apache.catalina.util.LifecycleSupport.fireLifecycleEvent(String, Object);org.apache.catalina.LifecycleListener;0;0;2;0.7143;38;3;3;1;0;0.6667;1;1;0
org.apache.catalina.tribes.group.interceptors.MessageDispatchInterceptor.setOptionFlag(int);org.apache.juli.logging.Log;1;0;1;1.0000;138;12;8;1;0;0.9474;18;18;0
org.apache.catalina.startup.Embedded.stopInternal();org.apache.juli.logging.Log;0;0;0;0;0;0;0;0;0;0;0;0;0
org.apache.tomcat.util.bcel.classfile.Field.toString();org.apache.tomcat.util.bcel.classfile.Attribute;0;0;0;0;0;0;0;0;0;0;0;0;0
org.apache.catalina.startup.AbsoluteOrderingRule.begin(String, String, Attributes);org.apache.catalina.startup.WebRuleSet;0;0;0;0;0;0;0;0;0;0;0;0;0
org.apache.catalina.startup.Catalina.start();org.apache.juli.ClassLoaderLogManager;0;3;4;0.7857;311;18;8;0;0;1.0000;272;11;2
org.apache.tomcat.util.http.mapper.Mapper.compare(CharChunk, int, int, String);org.apache.tomcat.util.buf.CharChunk;1;0;0;1.0000;816;39;4;0;1;0.9792;393;39;8
org.apache.catalina.authenticator.FormAuthenticator.forwardToErrorPage(Request, HttpServletResponse, LoginConfig);org.apache.tomcat.util.res.StringManager;0;0;0;0;0;0;0;0;0;0;0;0;0
org.apache.coyote.ajp.AjpAprProcessor.SocketInputBuffer.doRead(ByteChunk, Request);org.apache.coyote.ajp.AjpAprProcessor;3;0;0;1.0000;19;1;0;2;4;0.8667;616;13;30
org.apache.tomcat.util.bcel.classfile.PMGClass.getPMGName();org.apache.tomcat.util.bcel.classfile.ConstantUtf8;0;0;0;0;0;0;0;0;0;0;0;0;0
org.apache.catalina.manager.ManagerServlet.deploy(PrintWriter, String, String, String, boolean);org.apache.catalina.util.RequestUtil;1;9;4;0.7609;913;34;13;1;0;1.0000;183;13;1
org.apache.catalina.connector.Connector.startInternal();org.apache.catalina.Service;0;0;0;0;0;0;0;0;0;0;0;0;0
org.apache.jasper.compiler.SmapUtil.SmapGenVisitor.visit(Node.TemplateText);org.apache.jasper.compiler.Node.TemplateText;3;0;2;0.9394;149;23;3;0;1;0.9333;42;5;1
org.apache.catalina.util.ExtensionValidator.validateApplication(DirContext, Context);org.apache.tomcat.util.res.StringManager;2;2;1;1.0000;182;6;4;0;0;1.0000;36;3;3
org.apache.catalina.session.ManagerBase.PrivilegedSetRandomFile.run();org.apache.juli.logging.Log;1;0;0;1.0000;27;1;0;4;0;0.8095;18;18;0
org.apache.catalina.connector.OutputBuffer.setConverter();org.apache.catalina.Globals;2;0;7;0.8500;207;25;15;0;1;1.0000;0;0;39
org.apache.jasper.compiler.Validator.ValidateVisitor.prepareExpression(ELNode.Nodes, Node, String);org.apache.jasper.el.ELContextImpl;3;0;1;0.9767;710;36;19;0;1;0.8571;35;1;4
org.apache.el.parser.ELParser.Integer();org.apache.el.parser.ELParserTreeConstants;4;1;1;0.9854;2195;111;22;0;1;0.9756;0;0;34
org.apache.jasper.compiler.ELNode.Text.accept(Visitor);org.apache.jasper.compiler.ELNode.Visitor;0;0;0;1.0000;9;1;1;1;0;0.7500;9;4;0
org.apache.el.util.ReflectionUtil.getPropertyDescriptor(Object, Object);org.apache.el.lang.ELSupport;0;0;0;1.0000;87;7;3;1;0;1.0000;351;22;1
org.apache.catalina.util.InstanceSupport.fireInstanceEvent(String, Filter, Throwable);org.apache.catalina.InstanceListener;0;0;2;0.8667;81;11;3;1;0;0.6667;1;1;0
org.apache.catalina.startup.HostConfig.deployDescriptor(String, File, String);org.apache.catalina.Context;1;3;6;0.9048;755;35;15;5;0;0.9653;125;125;1
org.apache.coyote.http11.Http11NioProcessor.prepareResponse();org.apache.tomcat.util.http.FastHttpDateFormat;7;2;12;0.8427;954;28;38;1;0;1.0000;85;6;8
org.apache.tomcat.util.net.AprEndpoint.processSocket(long);org.apache.juli.logging.Log;0;1;3;0.9753;629;27;59;1;0;0.9545;18;18;0
org.apache.catalina.loader.WebappLoader.setClassPath();org.apache.catalina.core.StandardContext;2;1;4;0.9310;548;39;19;0;1;0.9968;2385;204;107
org.apache.coyote.ajp.AjpProtocol.getAttribute(String);org.apache.juli.logging.Log;1;0;3;0.9792;201;32;16;2;0;0.8947;18;18;0
org.apache.coyote.http11.Http11AprProtocol.setSSLVerifyDepth(int);org.apache.tomcat.util.net.AprEndpoint;1;0;1;0.9901;387;76;26;0;1;0.9875;629;27;59
org.apache.catalina.loader.WebappClassLoader.clearThreadLocalMap(Object, Field);org.apache.tomcat.util.res.StringManager;0;0;0;0;0;0;0;0;0;0;0;0;0
org.apache.jasper.compiler.ELFunctionMapper.ELFunctionVisitor.visit(Node.ForwardAction);org.apache.jasper.compiler.Node.ForwardAction;2;0;0;1.0000;151;14;1;0;1;0.8000;15;1;1
org.apache.catalina.core.ContainerBase.stopInternal();org.apache.catalina.Lifecycle;0;0;0;0;0;0;0;0;0;0;0;0;0
org.apache.catalina.manager.ManagerServlet.undeploy(PrintWriter, String);org.apache.catalina.Lifecycle;1;9;4;0.7333;913;34;13;1;0;0.9444;5;5;9
org.apache.catalina.core.ApplicationServletRegistration.getInitParameters();org.apache.catalina.Wrapper;0;0;0;0;0;0;0;0;0;0;0;0;0
org.apache.jasper.compiler.Generator.generateLocalVariables(ServletWriter, Node);org.apache.jasper.compiler.Node.ChildInfo;4;0;0;1.0000;781;28;16;0;4;0.6000;36;0;6
org.apache.catalina.core.StandardContext.getNamingContextName();org.apache.catalina.Container;0;0;1;0.9968;2385;204;107;2;0;0.9459;34;34;6
org.apache.el.parser.AstFunction.getType(EvaluationContext);org.apache.el.lang.EvaluationContext;1;1;2;0.5714;73;4;2;0;1;0.9286;35;7;3
org.apache.jasper.compiler.Generator.FragmentHelperClass.openFragment(Node, int);org.apache.jasper.compiler.Generator;2;0;3;0.8333;132;6;4;1;0;1.0000;781;28;16
org.apache.catalina.core.ContainerBase.addChildInternal(Container);org.apache.catalina.Lifecycle;1;1;4;0.9574;603;62;29;1;0;0.9286;5;5;9
org.apache.coyote.http11.InternalOutputBuffer.nextRequest();org.apache.tomcat.util.buf.ByteChunk;0;0;7;0.8293;255;24;14;1;0;0.9821;425;43;10
org.apache.coyote.Response.addHeader(String, String);org.apache.tomcat.util.http.MimeHeaders;0;1;1;0.9474;250;19;18;1;0;0.9583;129;18;3
org.apache.catalina.connector.Connector.initInternal();org.apache.coyote.ProtocolHandler;0;0;0;0;0;0;0;0;0;0;0;0;0
org.apache.catalina.tribes.io.XByteBuffer.extractPackage(boolean);org.apache.catalina.tribes.io.ChannelData;0;1;0;0.9565;317;36;7;1;0;1.0000;165;14;7
org.apache.catalina.tribes.group.interceptors.NonBlockingCoordinator.heartbeat();org.apache.catalina.tribes.util.Arrays;0;4;2;0.8800;352;38;14;1;0;1.0000;149;24;1
org.apache.catalina.tribes.transport.nio.ParallelNioSender.setData(NioSender[], byte[]);org.apache.catalina.tribes.transport.nio.NioSender;0;0;0;1.0000;246;12;4;1;0;0.9600;255;12;11
org.apache.catalina.tribes.group.interceptors.FragmentationInterceptor.messageReceived(ChannelMessage);org.apache.catalina.tribes.io.XByteBuffer;1;1;0;0.9333;96;7;5;2;2;0.8889;317;36;7
org.apache.catalina.tribes.group.interceptors.TcpFailureDetector.getMembers();org.apache.catalina.tribes.membership.Membership;0;1;1;0.9091;227;15;10;1;0;0.9545;136;11;6
org.apache.catalina.core.ApplicationFilterConfig.getFilter();org.apache.catalina.deploy.FilterDef;0;2;3;0.7059;121;10;5;1;0;0.9565;51;9;7
org.apache.coyote.ajp.AjpAprProtocol.AjpConnectionHandler.process(long);org.apache.tomcat.util.net.AbstractEndpoint.Handler;0;0;0;0;0;0;0;0;0;0;0;0;0
org.apache.catalina.core.ApplicationContextFacade.getResourceAsStream(String);org.apache.catalina.security.SecurityUtil;0;1;1;0.9600;426;46;3;1;0;1.0000;146;11;17
org.apache.catalina.connector.OutputBuffer.write(int);org.apache.tomcat.util.buf.C2BConverter;0;0;3;0.9268;207;25;15;2;0;0.8824;58;8;5
org.apache.catalina.startup.ContextConfig.processAnnotationsJndi(URL, WebXml);org.apache.naming.resources.ResourceAttributes;0;0;0;0;0;0;0;0;0;0;0;0;0
org.apache.tomcat.util.buf.B2CConverter.convert(ByteChunk, CharChunk, int);org.apache.tomcat.util.buf.ByteChunk;3;2;5;0.5000;39;4;7;1;0;0.9815;425;43;10
org.apache.catalina.startup.Tomcat.addServlet(String, String, String);org.apache.catalina.Container;0;2;0;0.9412;218;21;14;0;0;1.0000;34;34;6
org.apache.catalina.valves.CometConnectionManagerValve.sessionDestroyed(HttpSessionEvent);org.apache.tomcat.util.res.StringManager;4;0;2;0.9167;146;11;6;0;0;1.0000;36;3;3
org.apache.catalina.tribes.transport.ReceiverBase.TaskThreadFactory.newThread(Runnable);org.apache.catalina.tribes.transport.ReceiverBase;1;0;3;0.4000;11;1;3;0;1;0.9821;325;21;33
org.apache.tomcat.util.net.AprEndpoint.init();org.apache.tomcat.jni.SSLContext;7;0;29;0.6456;629;27;59;7;0;1.0000;14;14;0
org.apache.juli.ClassLoaderLogManager.LogNode.setParentLogger(Logger);org.apache.juli.ClassLoaderLogManager;0;1;2;0.7143;52;3;3;1;0;1.0000;272;11;2
org.apache.catalina.connector.Response.recycle();org.apache.catalina.connector.CoyoteWriter;2;0;11;0.8804;578;70;19;2;0;0.9556;141;28;3
org.apache.catalina.session.StandardSession.expire(boolean);org.apache.catalina.Container;2;5;7;0.8851;558;58;26;1;0;0.9815;34;34;6
org.apache.catalina.manager.ManagerServlet.stop(PrintWriter, String);org.apache.catalina.util.RequestUtil;1;0;4;0.9348;913;34;13;1;0;1.0000;183;13;1
org.apache.jasper.compiler.ELFunctionMapper.ELFunctionVisitor.visit(Node.PlugIn);org.apache.jasper.compiler.Node.PlugIn;2;0;0;1.0000;151;14;1;0;2;0.6667;21;1;2
org.apache.catalina.connector.MapperListener.containerEvent(ContainerEvent);org.apache.catalina.Lifecycle;1;0;1;0.9474;305;10;6;0;0;1.0000;5;5;9
org.apache.coyote.ajp.AjpAprProtocol.AjpConnectionHandler.unregister(AjpAprProcessor);org.apache.juli.logging.Log;4;0;1;0.9412;86;5;4;3;0;0.8800;18;18;0
org.apache.jasper.compiler.TagFileProcessor.parseTagFileDirectives(ParserController, String, String, JarResource, TagLibraryInfo);org.apache.jasper.compiler.ErrorDispatcher;2;0;0;1.0000;96;5;1;1;0;0.9630;158;22;2
org.apache.jasper.compiler.Generator.generateLocalVariables(ServletWriter, Node);org.apache.jasper.compiler.Node.NamedAttribute;4;0;0;1.0000;781;28;16;0;1;0.9444;65;3;6
org.apache.catalina.startup.ContextConfig.processContextConfig(URL);org.apache.juli.logging.Log;0;0;0;0;0;0;0;0;0;0;0;0;0
org.apache.catalina.connector.Response.getHeaderNames();org.apache.tomcat.util.http.MimeHeaders;2;0;1;0.9890;578;70;19;1;1;0.9167;129;18;3
org.apache.catalina.core.ApplicationContextFacade.addServlet(String, Servlet);org.apache.catalina.security.SecurityUtil;0;1;1;0.9592;426;46;3;1;0;1.0000;146;11;17
org.apache.jasper.compiler.Validator.DirectiveVisitor.comparePageEncodings(String, Node.PageDirective);org.apache.jasper.compiler.ErrorDispatcher;1;0;1;0.9412;214;7;4;1;0;0.9643;158;22;2
org.apache.tomcat.util.net.JIoEndpoint.Acceptor.run();org.apache.tomcat.util.net.ServerSocketFactory;1;0;0;1.0000;28;1;0;2;0;0.8824;23;8;2
org.apache.catalina.startup.Embedded.createHost(String, String);org.apache.catalina.core.StandardHost;0;0;1;1.0000;372;34;11;2;0;0.9630;289;35;18
org.apache.catalina.tribes.membership.McastService.setDomain(byte[]);org.apache.catalina.tribes.membership.McastServiceImpl;0;0;4;0.9545;345;53;13;1;0;0.9773;308;12;27
org.apache.catalina.core.StandardService.addExecutor(Executor);org.apache.catalina.Lifecycle;0;0;3;0.9556;313;29;18;1;0;0.8750;5;5;9
org.apache.jasper.compiler.Generator.generateInit();org.apache.jasper.compiler.ServletWriter;1;0;6;0.9091;781;28;16;7;0;0.6818;65;13;6
org.apache.catalina.core.ApplicationJspPropertyGroupDescriptor.getIncludePreludes();org.apache.catalina.deploy.JspPropertyGroup;0;0;0;0;0;0;0;0;0;0;0;0;0
org.apache.coyote.http11.Http11AprProtocol.getAddress();org.apache.tomcat.util.net.AbstractEndpoint;0;0;0;0;0;0;0;0;0;0;0;0;0
org.apache.jasper.compiler.Validator.ValidateVisitor.checkXmlAttributes(Node.CustomTag, Node.JspAttribute[], Hashtable<String,Object>);org.apache.jasper.compiler.ErrorDispatcher;8;1;3;0.9344;710;36;19;4;0;0.9024;158;22;2
org.apache.catalina.connector.Request.setAttribute(String, Object);org.apache.tomcat.util.res.StringManager;2;2;7;0.9548;1084;128;51;0;0;1.0000;36;3;3
org.apache.catalina.mbeans.GroupMBean.removeRole(String);org.apache.catalina.UserDatabase;0;0;0;1.0000;63;4;3;1;0;0.9474;16;16;0
org.apache.catalina.servlets.DefaultServlet.checkIfModifiedSince(HttpServletRequest, HttpServletResponse, ResourceAttributes);org.apache.naming.resources.ResourceAttributes;0;0;0;1.0000;994;37;18;2;0;0.9535;516;30;30
org.apache.tomcat.util.net.AprEndpoint.Sendfile.run();org.apache.tomcat.util.net.AprEndpoint;5;3;5;0.6923;187;5;6;1;6;0.9490;629;27;59
org.apache.catalina.connector.MapperListener.unregisterHost(Host);org.apache.catalina.Host;0;0;0;0;0;0;0;0;0;0;0;0;0
org.apache.catalina.ha.deploy.FarmWarDeployer.messageReceived(ClusterMessage);org.apache.catalina.ha.deploy.FileMessageFactory;3;7;2;0.8462;376;28;17;1;1;0.9375;128;6;14
org.apache.catalina.authenticator.DigestAuthenticator.authenticate(Request, HttpServletResponse, LoginConfig);org.apache.juli.logging.Log;1;4;1;0.8235;123;8;5;2;0;0.9333;18;18;0
org.apache.catalina.connector.Request.getRemoteHost();org.apache.catalina.connector.Connector;2;1;3;0.9773;1084;128;51;1;0;0.9899;455;59;40
org.apache.catalina.core.StandardContext.findMessageDestinationRef(String);org.apache.catalina.deploy.NamingResources;0;0;1;0.9968;2385;204;107;1;0;0.9796;332;35;12
org.apache.coyote.http11.AbstractHttp11Protocol.getAllowUnsafeLegacyRenegotiation();org.apache.tomcat.util.net.AbstractEndpoint;0;0;0;0;0;0;0;0;0;0;0;0;0
org.apache.coyote.http11.filters.BufferedInputFilter.doRead(ByteChunk, Request);org.apache.tomcat.util.buf.ByteChunk;1;0;2;0.8462;49;6;6;3;1;0.9184;425;43;10
org.apache.catalina.startup.HostConfig.manageApp(Context);org.apache.catalina.Context;0;2;3;0.8980;755;35;15;2;0;0.9848;125;125;1
org.apache.catalina.tribes.group.interceptors.NonBlockingCoordinator.startElection(boolean);org.apache.catalina.tribes.membership.MemberImpl;1;5;8;0.7547;352;38;14;1;0;0.9821;300;29;19
org.apache.catalina.loader.WebappClassLoader.clearReferencesThreadLocals();org.apache.juli.logging.Log;0;0;0;0;0;0;0;0;0;0;0;0;0
org.apache.tomcat.util.net.AprEndpoint.Sendfile.init();org.apache.tomcat.util.net.SocketProperties;1;0;5;0.6667;187;5;6;0;0;1.0000;156;28;22
org.apache.catalina.connector.RequestFacade.getProtocol();org.apache.catalina.connector.Request;1;0;2;0.9865;462;73;2;1;0;0.9943;1084;128;51
org.apache.catalina.mbeans.MBeanUtils.createMBean(ContextResource);org.apache.tomcat.util.modeler.Registry;0;2;2;1.0000;853;61;5;1;0;0.9773;446;36;10
org.apache.catalina.authenticator.AuthenticatorBase.setContainer(Container);org.apache.tomcat.util.res.StringManager;1;0;2;0.9688;286;20;18;0;0;1.0000;36;3;3
org.apache.catalina.servlets.CGIServlet.CGIEnvironment.toString();org.apache.catalina.servlets.CGIServlet;1;2;5;0.6667;305;9;11;0;1;0.9333;195;5;6
org.apache.catalina.core.StandardServer.initInternal();org.apache.catalina.Lifecycle;0;0;0;0;0;0;0;0;0;0;0;0;0
org.apache.tomcat.util.http.fileupload.FileUploadBase.getFileName(FileItemHeaders);org.apache.tomcat.util.http.fileupload.FileItemHeaders;0;0;0;0;0;0;0;0;0;0;0;0;0
org.apache.catalina.core.ApplicationDispatcher.doForward(ServletRequest, ServletResponse);org.apache.tomcat.util.res.StringManager;3;4;7;0.7143;419;14;10;0;0;1.0000;36;3;3
org.apache.tomcat.util.net.JIoEndpoint.setSocketOptions(Socket);org.apache.tomcat.util.net.ServerSocketFactory;0;0;4;0.9388;312;23;26;1;0;0.9412;23;8;2
org.apache.coyote.http11.Http11AprProcessor.action(ActionCode, Object);org.apache.coyote.Response;9;1;18;0.8068;938;28;36;0;2;0.9744;250;19;18
org.apache.jasper.compiler.TagFileProcessor.TagFileLoaderVisitor.visit(Node.CustomTag);org.apache.jasper.compiler.JarResource;0;0;0;0;0;0;0;0;0;0;0;0;0
org.apache.catalina.ha.deploy.FarmWarDeployer.stop();org.apache.catalina.ha.CatalinaCluster;0;0;5;0.9149;376;28;17;1;0;0.9643;20;20;1
org.apache.el.MethodExpressionImpl.invoke(ELContext, Object[]);org.apache.el.parser.Node;0;1;3;0.7500;56;8;6;1;0;0.9474;15;15;0
org.apache.catalina.session.StandardSession.getCreationTime();org.apache.tomcat.util.res.StringManager;1;1;2;0.9737;558;58;26;0;0;1.0000;36;3;3
org.apache.jasper.JspCompilationContext.keepGenerated();org.apache.jasper.Options;0;0;1;0.9836;420;31;31;1;0;0.9655;28;28;0
org.apache.jasper.compiler.Parser.parseNamedAttributes(Node);org.apache.jasper.compiler.Node;3;3;2;0.9315;1203;56;14;0;1;0.9750;170;7;15
org.apache.catalina.connector.CoyoteAdapter.asyncDispatch(org.apache.coyote.Request, org.apache.coyote.Response, SocketStatus);org.apache.coyote.Response;0;0;0;0;0;0;0;0;0;0;0;0;0
org.apache.tomcat.util.net.JIoEndpoint.AsyncTimeout.run();org.apache.tomcat.util.net.JIoEndpoint;0;0;0;0;0;0;0;0;0;0;0;0;0
org.apache.jasper.xmlparser.XMLEncodingDetector.scanPIData(String, XMLString);org.apache.jasper.xmlparser.XMLChar;0;6;2;0.8431;798;23;29;2;0;1.0000;115;21;9
org.apache.jasper.compiler.TagFileProcessor.TagFileDirectiveVisitor.checkUniqueName(String, String, Node, TagAttributeInfo);org.apache.jasper.compiler.Node;2;0;5;0.8966;213;8;24;0;1;0.9706;170;7;15
org.apache.catalina.core.ApplicationContext.addFilter(String, String, Filter);org.apache.catalina.core.StandardContext;0;0;0;0;0;0;0;0;0;0;0;0;0
org.apache.catalina.tribes.group.ChannelInterceptorBase.getMember(Member);org.apache.catalina.tribes.ChannelInterceptor;0;0;1;0.9444;66;14;4;1;0;0.9412;16;16;0
org.apache.el.parser.ELParserTokenManager.jjFillToken();org.apache.el.parser.SimpleCharStream;1;0;3;0.9615;1035;33;25;5;0;0.9107;257;26;16
org.apache.catalina.tribes.tipis.AbstractReplicatedMap.ping(long);org.apache.catalina.tribes.Channel;2;2;6;0.8824;740;50;17;2;0;0.9200;15;15;13
org.apache.el.parser.ELParser.Null();org.apache.el.parser.ELParserTreeConstants;2;1;1;0.9852;2195;111;22;0;1;0.9744;0;0;34
org.apache.catalina.core.ApplicationFilterConfig.getServletContext();org.apache.catalina.Context;0;0;1;0.9333;121;10;5;1;0;0.9921;125;125;1
org.apache.catalina.core.StandardContext.setName(String);org.apache.catalina.util.URLEncoder;0;0;2;0.9968;2385;204;107;1;0;0.8333;54;2;2
org.apache.catalina.authenticator.BasicAuthenticator.authenticate(Request, HttpServletResponse, LoginConfig);org.apache.tomcat.util.buf.CharChunk;0;0;0;0;0;0;0;0;0;0;0;0;0
org.apache.catalina.startup.ContextConfig.processAnnotationWebInitParams(ElementValue);org.apache.tomcat.util.bcel.classfile.ArrayElementValue;0;0;0;0;0;0;0;0;0;0;0;0;0
org.apache.catalina.tribes.group.ChannelCoordinator.hasMembers();org.apache.catalina.tribes.MembershipService;0;0;1;0.9545;164;15;5;1;0;0.9444;17;17;2
org.apache.coyote.ajp.AjpAprProcessor.process(long);org.apache.tomcat.util.net.AprEndpoint.Poller;5;4;14;0.7115;616;13;30;1;0;0.9744;168;4;7
org.apache.jasper.tagplugins.jstl.core.Param.doTag(TagPluginContext);org.apache.jasper.compiler.tagplugin.TagPluginContext;0;0;0;1.0000;33;1;0;4;0;0.7143;14;14;0
org.apache.coyote.ajp.AjpAprProcessor.SocketOutputBuffer.doWrite(ByteChunk, Response);org.apache.tomcat.util.buf.ByteChunk;4;0;0;1.0000;32;1;0;2;1;0.9444;425;43;10
org.apache.catalina.core.StandardContext.resourcesStop();org.apache.tomcat.util.res.StringManager;1;2;3;0.9873;2385;204;107;0;0;1.0000;36;3;3
org.apache.catalina.valves.JDBCAccessLogValve.log(Request, Response, long);org.apache.catalina.connector.Request;0;0;0;0;0;0;0;0;0;0;0;0;0
org.apache.coyote.Request.action(ActionCode, Object);org.apache.coyote.ActionHook;1;0;2;0.9623;219;17;34;1;0;0.7500;1;1;0
org.apache.tomcat.util.digester.Digester.pop();org.apache.juli.logging.Log;0;0;2;0.9851;849;103;29;1;0;0.9524;18;18;0
org.apache.tomcat.util.bcel.classfile.Method.hashCode();org.apache.tomcat.util.bcel.util.BCELComparator;0;0;0;0;0;0;0;0;0;0;0;0;0
org.apache.el.parser.ELParser.Value();org.apache.el.parser.JJTELParserState;2;3;4;0.9496;2195;111;22;5;0;0.8077;74;10;5
org.apache.jasper.compiler.JspDocumentParser.parseStandardAction(String, String, Attributes, Attributes, Attributes, Mark);org.apache.jasper.compiler.Localizer;3;1;6;0.8444;649;28;20;2;0;1.0000;34;6;1
org.apache.catalina.tribes.group.AbsoluteOrder.AbsoluteComparator.compareIds(Member, Member);org.apache.catalina.tribes.Member;0;1;0;0.8571;45;7;0;1;0;0.9286;13;13;1
org.apache.tomcat.util.digester.Digester.endPrefixMapping(String);org.apache.tomcat.util.digester.ArrayStack;0;1;2;0.9779;849;103;29;2;0;0.8462;53;6;1
org.apache.jasper.compiler.PageInfo.setIsELIgnored(String, Node, ErrorDispatcher, boolean);org.apache.jasper.compiler.ErrorDispatcher;0;0;2;0.9733;319;30;44;1;0;0.9565;158;22;2
org.apache.coyote.ajp.AjpProtocol.getBacklog();org.apache.tomcat.util.net.AbstractEndpoint;0;0;0;0;0;0;0;0;0;0;0;0;0
org.apache.catalina.core.StandardHost.MemoryLeakTrackingListener.lifecycleEvent(LifecycleEvent);org.apache.catalina.Container;0;0;0;0;0;0;0;0;0;0;0;0;0
org.apache.jasper.compiler.Parser.parseStandardAction(Node);org.apache.jasper.compiler.JspReader;1;9;3;0.8235;1203;56;14;2;0;0.9600;322;25;9
org.apache.catalina.core.ApplicationContext.populateSessionTrackingModes();org.apache.catalina.Service;0;0;0;0;0;0;0;0;0;0;0;0;0
org.apache.tomcat.util.net.NioEndpoint.init();org.apache.tomcat.util.net.SocketProperties;0;2;22;0.7576;629;43;64;1;0;0.9867;156;28;22
org.apache.catalina.servlets.DefaultServlet.copy(CacheEntry, InputStream, PrintWriter);org.apache.naming.resources.Resource;1;1;1;0.9600;994;37;18;1;0;0.8889;23;1;2
org.apache.catalina.session.StandardSession.expire(boolean);org.apache.catalina.Loader;2;5;7;0.8851;558;58;26;0;0;1.0000;14;14;0
org.apache.catalina.startup.ClusterRuleSetFactory.DefaultClusterRuleSet.addRuleInstances(Digester);org.apache.tomcat.util.digester.Digester;0;0;1;0.8333;31;1;1;3;0;0.9776;849;103;29
org.apache.catalina.core.StandardHostValve.status(Request, Response);org.apache.catalina.Globals;3;1;0;0.9500;149;7;3;0;4;1.0000;0;0;39
org.apache.jasper.compiler.Dumper.dump(Node);org.apache.jasper.compiler.Node;0;0;0;1.0000;16;2;0;1;0;0.9630;170;7;15
org.apache.catalina.startup.ContextConfig.FragmentJarScannerCallback.scan(File);org.apache.tomcat.util.ExceptionUtils;0;0;0;0;0;0;0;0;0;0;0;0;0
org.apache.catalina.ssi.SSIFlastmod.formatDate(Date, String);org.apache.catalina.util.DateTool;1;0;0;1.0000;31;2;0;0;1;1.0000;0;0;11
org.apache.catalina.connector.MapperListener.unregisterHost(Host);org.apache.juli.logging.Log;0;0;0;0;0;0;0;0;0;0;0;0;0
org.apache.coyote.ajp.AjpAprProtocol.init();org.apache.juli.logging.Log;2;1;4;0.9508;219;40;15;3;0;0.8846;18;18;0
org.apache.tomcat.util.buf.MessageBytes.setInt(int);org.apache.tomcat.util.buf.HexUtils;2;0;8;0.8478;402;31;17;0;1;1.0000;50;5;3
org.apache.catalina.startup.TldConfig.TldJarScannerCallback.scan(File);org.apache.catalina.startup.TldConfig;0;0;0;0;0;0;0;0;0;0;0;0;0
org.apache.tomcat.util.net.NioEndpoint.PollerEvent.run();org.apache.tomcat.util.net.NioEndpoint;4;0;3;0.8125;60;4;3;0;3;1.0000;629;43;64
org.apache.catalina.mbeans.MBeanUtils.destroyMBean(Valve, Container);org.apache.tomcat.util.modeler.Registry;0;2;2;1.0000;853;61;5;1;0;0.9773;446;36;10
org.apache.jasper.compiler.Validator.ValidateVisitor.visit(Node.JspOutput);org.apache.jasper.compiler.Node;2;0;3;0.9592;710;36;19;1;1;0.9429;170;7;15
org.apache.catalina.util.LifecycleBase.setState(LifecycleState, Object);org.apache.juli.logging.Log;0;0;0;0;0;0;0;0;0;0;0;0;0
org.apache.jasper.compiler.Generator.GenerateVisitor.generateTagPlugin(Node.CustomTag);org.apache.jasper.compiler.Node.Nodes;1;0;0;1.0000;1737;45;16;1;0;0.9231;43;5;3
org.apache.catalina.session.StandardSession.tellNew();org.apache.juli.logging.Log;2;3;2;0.9500;558;58;26;1;0;0.9600;18;18;0
org.apache.jasper.servlet.JspServletWrapper.destroy();org.apache.juli.logging.Log;0;0;3;0.8966;314;11;15;1;0;0.9545;18;18;0
org.apache.tomcat.util.modeler.modules.MbeansDescriptorsIntrospectionSource.createManagedBean(Registry, String, Class<?>, String);org.apache.juli.logging.Log;4;0;1;1.0000;194;7;10;3;0;0.8966;18;18;0
org.apache.tomcat.util.http.ValuesEnumerator.findNext();org.apache.tomcat.util.buf.MessageBytes;0;0;5;0.5455;26;3;5;1;0;0.9800;402;31;17
org.apache.jasper.compiler.Parser.parseTaglibDirective(Node);org.apache.jasper.compiler.PageInfo;4;1;6;0.9114;1203;56;14;5;0;0.9457;319;30;44
org.apache.catalina.ha.session.BackupManager.objectMadePrimay(Object, Object);org.apache.catalina.ha.session.DeltaSession;0;0;0;1.0000;146;20;7;0;0;1.0000;379;41;7
org.apache.catalina.deploy.WebXml.configureContext(Context);org.apache.catalina.deploy.MultipartDef;0;0;0;0;0;0;0;0;0;0;0;0;0
org.apache.catalina.connector.Request.parseParts();org.apache.tomcat.util.http.fileupload.DiskFileItemFactory;0;0;0;0;0;0;0;0;0;0;0;0;0
org.apache.catalina.core.StandardPipeline.addValve(Valve);org.apache.catalina.Valve;0;1;5;0.8214;234;16;8;2;0;0.8571;6;6;0
org.apache.catalina.connector.Request.parseParts();org.apache.tomcat.util.http.Parameters;0;0;0;0;0;0;0;0;0;0;0;0;0
org.apache.coyote.http11.InternalOutputBuffer.OutputStreamOutputBuffer.doWrite(ByteChunk, Response);org.apache.coyote.http11.InternalOutputBuffer;2;0;0;1.0000;10;1;0;0;3;0.9286;255;24;14
org.apache.jasper.compiler.Validator.ValidateVisitor.FVVisitor.visit(ELNode.Function);org.apache.jasper.compiler.Node.Root;4;0;0;1.0000;33;1;1;0;1;0.9545;56;2;8
org.apache.coyote.ajp.AjpProtocol.init();org.apache.tomcat.util.res.StringManager;3;1;4;0.9423;201;32;16;1;0;0.9231;36;3;3
org.apache.catalina.core.StandardWrapperValve.invoke(Request, Response);org.apache.catalina.Container;4;1;5;0.8780;341;4;6;1;0;0.9859;34;34;6
org.apache.catalina.connector.Request.getCharacterEncoding();org.apache.coyote.Request;0;0;1;0.9942;1084;128;51;1;0;0.9811;219;17;34
org.apache.catalina.startup.SetDistributableRule.begin(String, String, Attributes);org.apache.juli.logging.Log;1;0;0;1.0000;9;1;0;2;0;0.9091;18;18;0
org.apache.catalina.manager.ManagerServlet.deploy(PrintWriter, String, String, String, boolean);org.apache.catalina.Container;1;9;4;0.7609;913;34;13;1;0;0.9787;34;34;6
org.apache.catalina.tribes.tipis.AbstractReplicatedMap.put(Object, Object, boolean);org.apache.juli.logging.Log;0;3;2;0.9429;740;50;17;1;0;0.9630;18;18;0
org.apache.catalina.mbeans.ContextResourceLinkMBean.getAttribute(String);org.apache.catalina.deploy.ContextResourceLink;0;0;0;0;0;0;0;0;0;0;0;0;0
org.apache.catalina.connector.Request.getQueryString();org.apache.coyote.Request;1;0;1;0.9943;1084;128;51;0;1;0.9815;219;17;34
org.apache.tomcat.util.modeler.BaseModelMBean.setAttribute(Attribute);org.apache.juli.logging.Log;0;1;3;0.9189;284;28;9;3;0;0.8636;18;18;0
org.apache.catalina.startup.ContextConfig.lifecycleEvent(LifecycleEvent);org.apache.catalina.Context;2;5;4;0.7941;779;23;16;2;0;0.9852;125;125;1
org.apache.catalina.util.LifecycleMBeanBase.register(Object, String);org.apache.tomcat.util.modeler.Registry;0;0;0;0;0;0;0;0;0;0;0;0;0
org.apache.el.MethodExpressionImpl.readExternal(ObjectInput);org.apache.el.util.ReflectionUtil;0;0;5;0.6667;56;8;6;2;0;1.0000;87;7;3
org.apache.tomcat.util.net.jsse.JSSESocketFactory.getKeystore(String, String, String);org.apache.tomcat.util.net.AbstractEndpoint;0;0;0;0;0;0;0;0;0;0;0;0;0
org.apache.tomcat.util.bcel.classfile.StackMap.toString();org.apache.tomcat.util.bcel.classfile.StackMapEntry;0;0;0;0;0;0;0;0;0;0;0;0;0
org.apache.catalina.valves.SSLValve.mygetHeader(Request, String);org.apache.catalina.connector.Request;0;0;0;1.0000;42;2;0;1;0;0.9942;1084;128;51
org.apache.catalina.mbeans.MBeanFactory.createJDBCRealm(String, String, String, String, String);org.apache.catalina.util.LifecycleMBeanBase;0;0;0;0;0;0;0;0;0;0;0;0;0
org.apache.coyote.ajp.AjpProtocol.getSoTimeout();org.apache.tomcat.util.net.AbstractEndpoint;0;0;0;0;0;0;0;0;0;0;0;0;0
org.apache.catalina.realm.CombinedRealm.setContainer(Container);org.apache.catalina.Realm;0;0;1;0.9333;143;12;3;1;0;0.9412;14;14;0
org.apache.catalina.startup.TaglibListenerRule.body(String, String, String);org.apache.catalina.startup.TldConfig;0;0;0;0;0;0;0;0;0;0;0;0;0
org.apache.tomcat.util.http.fileupload.MultipartStream.ItemInputStream.read();org.apache.tomcat.util.http.fileupload.MultipartStream;0;0;0;0;0;0;0;0;0;0;0;0;0
org.apache.catalina.realm.DataSourceRealm.close(Connection);org.apache.tomcat.util.res.StringManager;1;0;1;1.0000;244;14;12;0;0;1.0000;36;3;3
org.apache.catalina.connector.Request.getProtocol();org.apache.coyote.Request;1;0;1;0.9943;1084;128;51;0;1;0.9815;219;17;34
org.apache.catalina.startup.Tomcat.enableNaming();org.apache.catalina.Lifecycle;0;0;0;0;0;0;0;0;0;0;0;0;0
org.apache.catalina.core.ApplicationContextFacade.getInitParameterNames();org.apache.catalina.core.ApplicationContext;0;1;1;0.9600;426;46;3;1;0;0.9828;460;47;13
org.apache.catalina.session.StandardSession.tellNew();org.apache.tomcat.util.res.StringManager;2;3;2;0.9500;558;58;26;0;0;1.0000;36;3;3
org.apache.jasper.compiler.ErrorDispatcher.jspError(Node, String);org.apache.jasper.compiler.Node;1;1;0;0.9524;158;22;2;0;1;0.9643;170;7;15
org.apache.catalina.tribes.group.interceptors.MessageDispatchInterceptor.setOptionFlag(int);org.apache.catalina.tribes.Channel;1;0;1;1.0000;138;12;8;0;1;1.0000;15;15;13
org.apache.catalina.connector.CometEventImpl.close();org.apache.catalina.connector.Request;2;0;3;0.8462;54;6;5;1;1;0.9886;1084;128;51
org.apache.coyote.http11.Http11AprProtocol.Http11ConnectionHandler.event(long, SocketStatus);org.apache.juli.logging.Log;2;0;3;0.8235;119;5;5;2;0;0.9259;18;18;0
org.apache.catalina.startup.UserConfig.start();org.apache.juli.logging.Log;1;1;2;0.8889;89;10;8;2;0;0.9048;18;18;0
org.apache.catalina.connector.Request.authenticate(HttpServletResponse);org.apache.tomcat.util.res.StringManager;0;0;0;0;0;0;0;0;0;0;0;0;0
org.apache.tomcat.util.digester.FactoryCreateRule.getFactory(Attributes);org.apache.tomcat.util.digester.ObjectCreationFactory;2;0;3;0.8846;114;5;5;1;0;0.9167;3;3;0
org.apache.catalina.startup.ContextConfig.fixDocBase();org.apache.catalina.Container;1;0;1;0.9730;779;23;16;1;0;0.9762;34;34;6
org.apache.catalina.connector.Request.readChunkedPostBody();org.apache.catalina.connector.Connector;0;0;0;0;0;0;0;0;0;0;0;0;0
org.apache.naming.NamingService.start();org.apache.naming.NamingServiceMBean;2;0;4;0.6364;71;8;4;0;4;1.0000;6;6;7
org.apache.catalina.connector.OutputBuffer.write(String);org.apache.tomcat.util.buf.C2BConverter;0;0;2;0.9512;207;25;15;2;0;0.8750;58;8;5
org.apache.catalina.core.StandardPipeline.stopInternal();org.apache.catalina.Valve;0;0;0;0;0;0;0;0;0;0;0;0;0
org.apache.catalina.core.NamingContextListener.createNamingContext();org.apache.catalina.deploy.ContextTransaction;2;6;8;0.7391;745;23;11;2;0;0.9394;23;6;2
org.apache.catalina.ha.authenticator.ClusterSingleSignOn.update(String, Principal, String, String, String);org.apache.catalina.ha.authenticator.SingleSignOnMessage;1;1;2;0.8889;149;16;4;0;5;0.8095;76;2;16
org.apache.tomcat.util.bcel.classfile.Attribute.readAttribute(DataInputStream, ConstantPool);org.apache.tomcat.util.bcel.Constants;0;0;0;0;0;0;0;0;0;0;0;0;0
org.apache.catalina.core.StandardContext.resetContext();org.apache.juli.logging.Log;0;0;8;0.9776;2385;204;107;2;0;0.9259;18;18;0
org.apache.catalina.startup.ContextConfig.processAnnotationsStringArray(ElementValue);org.apache.tomcat.util.bcel.classfile.ArrayElementValue;0;0;0;0;0;0;0;0;0;0;0;0;0
org.apache.catalina.core.ContainerBase.ContainerBackgroundProcessor.run();org.apache.catalina.Loader;1;1;0;0.8333;37;2;0;1;0;0.9474;14;14;0
org.apache.tomcat.util.http.fileupload.FileUploadBase.FileItemIteratorImpl.getContentLength(FileItemHeaders);org.apache.tomcat.util.http.fileupload.FileItemHeaders;0;0;0;0;0;0;0;0;0;0;0;0;0
org.apache.catalina.valves.ExtendedAccessLogValve.CookieElement.addElement(StringBuilder, Date, Request, Response, long);org.apache.catalina.connector.Request;0;0;1;0.6667;11;1;1;1;0;0.9943;1084;128;51
org.apache.catalina.core.ApplicationHttpRequest.setRequest(HttpServletRequest);org.apache.catalina.Globals;1;0;7;0.8372;325;29;17;0;2;1.0000;0;0;39
org.apache.catalina.connector.CoyoteAdapter.service(org.apache.coyote.Request, org.apache.coyote.Response);org.apache.juli.logging.Log;8;0;4;0.9524;505;11;8;1;0;0.9804;18;18;0
org.apache.catalina.tribes.io.DirectByteArrayOutputStream.getArray();org.apache.catalina.tribes.io.XByteBuffer;0;0;1;0.8333;15;4;1;1;0;0.9600;317;36;7
org.apache.coyote.http11.AbstractHttp11Processor.isCompressable();org.apache.coyote.Response;0;0;0;0;0;0;0;0;0;0;0;0;0
org.apache.jasper.compiler.ScriptingVarVisitor.visit(Node.CustomTag);org.apache.jasper.compiler.ServletWriter;3;0;0;1.0000;46;1;1;3;0;0.8696;65;13;6
org.apache.catalina.connector.Request.parseCookies();org.apache.tomcat.util.buf.MessageBytes;2;1;3;0.9780;1084;128;51;1;0;0.9821;402;31;17
org.apache.tomcat.util.http.Parameters.handleQueryParameters();org.apache.tomcat.util.buf.MessageBytes;0;2;5;0.8500;363;23;19;2;0;0.9592;402;31;17
org.apache.catalina.ha.session.SimpleTcpReplicationManager.messageDataReceived(ClusterMessage);org.apache.juli.logging.Log;0;1;1;0.9714;362;17;17;1;0;0.9500;18;18;0
org.apache.catalina.mbeans.GlobalResourcesLifecycleListener.destroyMBeans();org.apache.juli.logging.Log;0;0;1;1.0000;103;5;3;2;0;0.8889;18;18;0
org.apache.jasper.compiler.TagFileProcessor.TagFileLoaderVisitor.visit(Node.CustomTag);org.apache.jasper.JspCompilationContext;2;0;2;0.8182;21;1;2;1;0;0.9857;420;31;31
org.apache.coyote.ajp.AjpProtocol.start();org.apache.juli.logging.Log;1;1;7;0.8889;201;32;16;4;0;0.8571;18;18;0
org.apache.catalina.connector.RequestFacade.getLocale();org.apache.catalina.connector.Request;2;0;2;0.9865;462;73;2;1;0;0.9943;1084;128;51
org.apache.catalina.connector.Request.startAsync();org.apache.catalina.connector.Response;0;0;0;1.0000;1084;128;51;0;0;1.0000;578;70;19
org.apache.jasper.xmlparser.MyEntityResolver.resolveEntity(String, String);org.apache.juli.logging.LogFactory;1;0;0;1.0000;18;1;0;1;0;1.0000;50;12;6
org.apache.catalina.tribes.transport.nio.ParallelNioSender.doLoop(long, int, boolean, ChannelMessage);org.apache.catalina.tribes.ChannelException;2;0;2;0.9722;246;12;4;1;0;0.9677;46;5;2
org.apache.catalina.mbeans.MBeanUtils.createObjectName(String, NamingResources);org.apache.catalina.Context;1;0;0;1.0000;853;61;5;1;0;0.9922;125;125;1
org.apache.catalina.connector.CoyoteAdapter.event(org.apache.coyote.Request, org.apache.coyote.Response, SocketStatus);org.apache.catalina.connector.Request;8;0;4;0.9375;505;11;8;6;2;0.9577;1084;128;51
org.apache.tomcat.util.bcel.classfile.AnnotationDefault.dump(DataOutputStream);org.apache.tomcat.util.bcel.classfile.ElementValue;0;0;0;0;0;0;0;0;0;0;0;0;0
org.apache.naming.java.javaURLContextFactory.getInitialContext(Hashtable<?,?>);org.apache.naming.ContextBindings;0;0;2;1.0000;17;2;2;2;0;1.0000;112;21;6
org.apache.catalina.startup.Tomcat.addServlet(Context, String, String);org.apache.catalina.Container;0;0;0;0;0;0;0;0;0;0;0;0;0
org.apache.catalina.ha.session.SimpleTcpReplicationManager.messageReceived(SessionMessage, Member);org.apache.catalina.ha.CatalinaCluster;1;2;4;0.9000;362;17;17;1;0;0.9762;20;20;1
org.apache.coyote.ajp.AjpAprProcessor.recycle();org.apache.tomcat.util.buf.MessageBytes;0;0;10;0.7561;616;13;30;1;0;0.9818;402;31;17
org.apache.jasper.compiler.Generator.GenerateVisitor.visit(Node.TemplateText);org.apache.jasper.compiler.Node.TemplateText;6;0;3;0.9610;1737;45;16;1;0;0.9615;42;5;1
org.apache.catalina.core.ApplicationFilterFactory.createFilterChain(ServletRequest, Wrapper, Servlet);org.apache.catalina.core.ApplicationFilterConfig;3;3;2;0.8333;183;6;11;1;0;0.9667;121;10;5
org.apache.catalina.core.ApplicationFilterRegistration.getServletNameMappings();org.apache.catalina.Context;0;0;0;0;0;0;0;0;0;0;0;0;0
org.apache.coyote.ajp.AjpProtocol.pause();org.apache.juli.logging.Log;1;1;3;0.9608;201;32;16;3;0;0.8636;18;18;0
org.apache.catalina.core.ApplicationFilterConfig.registerJMX();org.apache.catalina.core.StandardContext;0;0;0;0;0;0;0;0;0;0;0;0;0
org.apache.coyote.ajp.AjpProtocol.setThreadPriority(int);org.apache.tomcat.util.net.AbstractEndpoint;0;0;0;0;0;0;0;0;0;0;0;0;0
org.apache.naming.resources.ProxyDirContext.cacheLoad(CacheEntry);org.apache.naming.resources.ResourceCache;2;0;4;0.9556;469;64;15;3;0;0.9032;211;7;10
org.apache.catalina.ha.session.DeltaSession.setMaxInactiveInterval(int, boolean);org.apache.catalina.ha.session.DeltaRequest;0;2;1;0.9412;379;41;7;1;0;0.9630;179;15;15
org.apache.jasper.compiler.Compiler.compile(boolean, boolean);org.apache.jasper.Options;1;2;7;0.6400;285;11;8;1;0;0.9767;28;28;0
org.apache.tomcat.util.digester.WithDefaultsRulesWrapper.addDefault(Rule);org.apache.tomcat.util.digester.Rules;1;0;3;0.8000;55;8;3;2;0;0.8462;8;8;0
org.apache.catalina.startup.Bootstrap.load(String[]);org.apache.juli.logging.Log;0;0;2;0.9524;240;19;8;2;0;0.8947;18;18;0
org.apache.catalina.manager.ManagerServlet.deploy(PrintWriter, String, String);org.apache.catalina.Container;1;8;3;0.8000;913;34;13;1;0;0.9773;34;34;6
org.apache.naming.factory.TransactionFactory.getObjectInstance(Object, Name, Context, Hashtable<?,?>);org.apache.naming.factory.Constants;1;0;0;1.0000;50;1;0;0;1;1.0000;0;0;12
org.apache.catalina.tribes.group.interceptors.FragmentationInterceptor.FragCollection.addMessage(ChannelMessage);org.apache.catalina.tribes.ChannelMessage;1;0;1;0.9091;30;4;3;1;0;0.9333;11;11;0
org.apache.jasper.compiler.Compiler.generateJava();org.apache.jasper.compiler.JspConfig;12;1;7;0.8298;285;11;8;1;0;0.9808;273;6;11
org.apache.catalina.tribes.transport.bio.MultipointBioSender.remove(Member);org.apache.catalina.tribes.transport.bio.BioSender;0;0;1;0.9167;93;9;2;1;0;0.9333;148;9;7
org.apache.catalina.tribes.io.DirectByteArrayOutputStream.size();org.apache.catalina.tribes.io.XByteBuffer;1;0;1;0.8333;15;4;1;0;1;0.9600;317;36;7
org.apache.catalina.ant.jmx.JMXAccessorEqualsCondition.getJMXConnection();org.apache.catalina.ant.jmx.JMXAccessorTask;0;0;6;0.5000;80;4;10;1;0;1.0000;363;22;17
org.apache.jasper.compiler.Validator.ValidateVisitor.prepareExpression(ELNode.Nodes, Node, String);org.apache.jasper.compiler.PageInfo;3;0;1;0.9767;710;36;19;0;1;0.9870;319;30;44
org.apache.catalina.realm.JAASRealm.setUseContextClassLoader(boolean);org.apache.juli.logging.Log;0;0;2;0.9524;195;15;10;1;0;0.9474;18;18;0
org.apache.catalina.core.StandardContext.getProcessingTime();org.apache.catalina.core.StandardWrapper;0;0;0;1.0000;2385;204;107;1;0;0.9903;712;75;32
org.apache.tomcat.util.buf.UEncoder.urlEncode(Writer, byte, int, int);org.apache.juli.logging.Log;0;1;1;1.0000;87;6;6;0;0;1.0000;18;18;0
org.apache.tomcat.util.net.NioEndpoint.SocketProcessor.run();org.apache.tomcat.util.net.NioChannel;5;0;2;0.9200;91;2;2;1;2;0.9250;83;15;5
org.apache.jasper.compiler.Generator.generatePreamble(Node.Nodes);org.apache.jasper.JspCompilationContext;4;6;3;0.8545;781;28;16;2;1;0.9647;420;31;31
org.apache.catalina.authenticator.SingleSignOn.invoke(Request, Response);org.apache.catalina.authenticator.Constants;2;1;1;0.9474;187;18;8;0;2;1.0000;0;0;19
org.apache.jasper.compiler.TagFileProcessor.parseTagFileDirectives(ParserController, String, String, JarResource, TagLibraryInfo);org.apache.jasper.compiler.Node.Nodes;2;0;0;1.0000;96;5;1;1;0;0.9375;43;5;3
org.apache.catalina.mbeans.MemoryUserDatabaseMBean.getGroups();org.apache.catalina.Group;0;1;0;0.9524;168;12;6;1;0;0.9286;11;11;0
org.apache.jasper.compiler.SmapUtil.SmapGenVisitor.visitBody(Node);org.apache.jasper.compiler.Node;1;0;2;0.9286;149;23;3;0;1;0.9667;170;7;15
org.apache.jasper.compiler.PageDataImpl.SecondPassVisitor.appendTagDirective();org.apache.jasper.compiler.TagConstants;1;0;3;0.9362;307;41;6;0;1;1.0000;0;0;57
org.apache.el.parser.ELParser.ReInit(java.io.InputStream, String);org.apache.el.parser.ELParserTokenManager;1;0;8;0.9398;2195;111;22;1;0;0.9811;1035;33;25
org.apache.catalina.realm.JAASMemoryLoginModule.login();org.apache.catalina.authenticator.Constants;1;0;3;0.8889;151;7;9;0;2;1.0000;0;0;19
org.apache.tomcat.util.http.fileupload.FileUploadBase.isMultipartContent(RequestContext);org.apache.tomcat.util.http.fileupload.RequestContext;0;0;0;0;0;0;0;0;0;0;0;0;0
org.apache.catalina.core.StandardContext.listenerStart();org.apache.juli.logging.Log;2;3;2;0.9873;2385;204;107;4;0;0.8400;18;18;0
org.apache.tomcat.util.http.fileupload.MultipartStream.ItemInputStream.findSeparator();org.apache.tomcat.util.http.fileupload.MultipartStream;0;0;0;0;0;0;0;0;0;0;0;0;0
org.apache.catalina.connector.Request.isRequestedSessionIdValid();org.apache.catalina.Container;0;0;2;0.9886;1084;128;51;1;0;0.9737;34;34;6
org.apache.coyote.http11.Http11AprProcessor.event(SocketStatus);org.apache.tomcat.util.res.StringManager;4;1;9;0.8857;938;28;36;1;0;0.9500;36;3;3
org.apache.catalina.ha.session.DeltaManager.serializeDeltaRequest(DeltaSession, DeltaRequest);org.apache.catalina.ha.session.DeltaRequest;0;0;0;1.0000;826;43;42;1;0;0.9565;179;15;15
org.apache.catalina.connector.ResponseFacade.setBufferSize(int);org.apache.catalina.connector.Response;0;1;1;0.9512;224;40;2;1;0;0.9889;578;70;19
org.apache.catalina.valves.PersistentValve.invoke(Request, Response);org.apache.catalina.Loader;1;1;1;0.9655;76;3;2;1;0;0.9756;14;14;0
org.apache.catalina.connector.OutputBuffer.realWriteBytes(byte, int, int);org.apache.tomcat.util.buf.ByteChunk;0;0;3;0.9268;207;25;15;1;0;0.9804;425;43;10
org.apache.jasper.compiler.PageDataImpl.SecondPassVisitor.appendTag(Node, boolean);org.apache.jasper.compiler.Node;4;4;4;0.8519;307;41;6;0;4;0.8947;170;7;15
org.apache.catalina.connector.CoyoteInputStream.close();org.apache.catalina.connector.InputBuffer;0;0;1;0.8889;141;8;1;1;0;0.9722;210;19;17
org.apache.catalina.core.StandardContext.engineBase();org.apache.catalina.core.StandardEngine;0;0;0;1.0000;2385;204;107;1;0;0.9655;237;19;9
org.apache.catalina.core.StandardWrapper.backgroundProcess();org.apache.tomcat.PeriodicEventListener;0;0;1;0.9904;712;75;32;1;0;0.7500;1;1;0
org.apache.naming.NamingService.getStateString();org.apache.naming.NamingServiceMBean;1;0;1;0.9091;71;8;4;0;1;1.0000;6;6;7
org.apache.catalina.core.StandardHost.addAlias(String);org.apache.catalina.Host;1;0;2;0.9615;289;35;18;0;1;1.0000;20;20;2
org.apache.jasper.servlet.JspServlet.destroy();org.apache.jasper.compiler.JspRuntimeContext;0;0;2;0.8824;173;10;5;1;0;0.9583;174;9;10
org.apache.jasper.compiler.Generator.GenerateVisitor.visit(Node.ELExpression);org.apache.jasper.compiler.Node;6;0;2;0.9714;1737;45;16;0;3;0.9167;170;7;15
org.apache.tomcat.util.bcel.classfile.Signature.getSignature();org.apache.tomcat.util.bcel.Constants;0;0;0;0;0;0;0;0;0;0;0;0;0
org.apache.jasper.xmlparser.MyEntityResolver.resolveEntity(String, String);org.apache.jasper.Constants;1;0;0;1.0000;18;1;0;0;2;1.0000;0;0;34
org.apache.jasper.compiler.Validator.validateExDirectives(Compiler, Node.Nodes);org.apache.jasper.compiler.Compiler;4;1;0;1.0000;65;3;0;0;1;0.9600;285;11;8
org.apache.catalina.deploy.WebXml.configureContext(Context);org.apache.catalina.Wrapper;5;0;27;0.7453;1446;42;41;6;0;0.9348;32;32;0
org.apache.catalina.connector.Response.recycle();org.apache.catalina.connector.ResponseFacade;2;0;11;0.8804;578;70;19;1;0;0.9821;224;40;2
org.apache.catalina.tribes.transport.ReceiverBase.messageDataReceived(ChannelMessage);org.apache.catalina.tribes.MessageListener;0;0;1;0.9815;325;21;33;2;0;0.6000;4;4;0
org.apache.catalina.mbeans.MemoryUserDatabaseMBean.createUser(String, String, String);org.apache.catalina.UserDatabase;0;1;0;0.9500;168;12;6;1;0;0.9444;16;16;0
org.apache.catalina.ha.session.DeltaManager.propertyChange(PropertyChangeEvent);org.apache.juli.logging.Log;1;0;2;1.0000;826;43;42;1;0;0.9474;18;18;0
org.apache.catalina.connector.ResponseFacade.DateHeaderPrivilegedAction.run();org.apache.catalina.connector.ResponseFacade;1;0;3;0.5714;14;1;3;0;1;0.9783;224;40;2
org.apache.naming.resources.ProxyDirContext.getDocBase();org.apache.naming.resources.BaseDirContext;0;0;1;0.9872;469;64;15;1;0;0.9853;167;58;8
org.apache.catalina.core.NamingContextListener.createNamingContext();org.apache.catalina.Container;2;6;8;0.7391;745;23;11;1;0;0.9833;34;34;6
org.apache.tomcat.util.net.NioEndpoint.getReadBufSize();org.apache.tomcat.util.net.SocketProperties;0;0;1;0.9898;629;43;64;1;0;0.9804;156;28;22
org.apache.jasper.compiler.Validator.ValidateVisitor.visit(Node.CustomTag);org.apache.jasper.compiler.Node.Nodes;4;0;1;0.9825;710;36;19;1;0;0.9615;43;5;3
org.apache.catalina.deploy.NamingResources.removeResourceEnvRef(String);org.apache.catalina.deploy.ResourceBase;1;0;3;0.9375;332;35;12;0;1;0.9444;43;9;6
org.apache.coyote.ajp.AjpProcessor.receive();org.apache.coyote.ajp.AjpMessage;1;1;4;0.8837;570;12;32;3;1;0.8667;235;23;5
org.apache.catalina.core.ApplicationContextFacade.log(String, Throwable);org.apache.catalina.core.ApplicationContext;0;1;1;0.9600;426;46;3;1;0;0.9828;460;47;13
org.apache.catalina.ha.session.DeltaSession.expire(boolean, boolean);org.apache.juli.logging.Log;1;0;3;0.9815;379;41;7;2;0;0.9167;18;18;0
org.apache.catalina.ha.tcp.SimpleTcpCluster.createManager(String);org.apache.catalina.ha.ClusterManager;0;1;2;0.9714;371;45;31;3;0;0.8500;15;15;0
org.apache.catalina.tribes.transport.nio.ParallelNioSender.doLoop(long, int, boolean, ChannelMessage);org.apache.juli.logging.Log;2;0;2;0.9722;246;12;4;4;0;0.8889;18;18;0
org.apache.catalina.connector.Response.doIsEncodeable(Request, Session, String);org.apache.catalina.core.ApplicationSessionCookieConfig;0;0;0;0;0;0;0;0;0;0;0;0;0
org.apache.catalina.tribes.group.interceptors.NonBlockingCoordinator.isHighest();org.apache.catalina.tribes.membership.Membership;1;1;1;0.9600;352;38;14;1;0;0.9565;136;11;6
org.apache.el.parser.ELParser.LiteralExpression();org.apache.el.parser.JJTELParserState;3;1;1;0.9854;2195;111;22;2;0;0.9091;74;10;5
org.apache.catalina.ha.session.SimpleTcpReplicationManager.getReplicationStream(byte[], int, int);org.apache.catalina.Container;0;0;0;1.0000;362;17;17;1;0;0.9722;34;34;6
org.apache.tomcat.util.digester.SetRootRule.end(String, String);org.apache.tomcat.util.IntrospectionUtils;1;0;2;0.8750;41;2;3;1;0;1.0000;602;31;5
org.apache.catalina.ssi.SSIInclude.process(SSIMediator, String, String[], String[], PrintWriter);org.apache.catalina.ssi.SSIMediator;1;0;0;1.0000;26;1;0;5;1;0.7692;190;16;13
org.apache.tomcat.util.modeler.Registry.invoke(List<ObjectName>, String, boolean);org.apache.juli.logging.Log;0;2;1;0.9524;446;36;10;1;0;0.9500;18;18;0
org.apache.jasper.compiler.ELParser.parse(String, boolean);org.apache.jasper.compiler.ELNode.Nodes;0;0;0;0;0;0;0;0;0;0;0;0;0
org.apache.catalina.connector.MapperListener.unregisterWrapper(Wrapper);org.apache.catalina.Container;0;0;0;0;0;0;0;0;0;0;0;0;0
org.apache.catalina.connector.Request.getParameter(String);org.apache.tomcat.util.http.Parameters;1;1;2;0.9828;1084;128;51;1;0;0.9767;363;23;19
org.apache.catalina.session.FileStore.directory();org.apache.catalina.Context;1;0;2;0.8824;186;13;6;1;0;0.9922;125;125;1
org.apache.catalina.tribes.membership.McastServiceImpl.receive();org.apache.juli.logging.Log;1;3;4;0.8684;308;12;27;1;0;0.9565;18;18;0
org.apache.catalina.mbeans.MBeanFactory.createJNDIRealm(String);org.apache.catalina.core.ContainerBase;1;1;0;0.9730;432;35;2;1;0;0.9890;603;62;29
org.apache.jasper.compiler.Generator.GenerateVisitor.visit(Node.UseBean);org.apache.jasper.compiler.Generator;7;0;1;0.9877;1737;45;16;1;2;0.9649;781;28;16
org.apache.catalina.tribes.io.ObjectReader.count();org.apache.catalina.tribes.io.XByteBuffer;0;0;1;0.9375;71;9;5;1;0;0.9600;317;36;7
org.apache.catalina.connector.CoyoteAdapter.asyncDispatch(org.apache.coyote.Request, org.apache.coyote.Response, SocketStatus);org.apache.catalina.Pipeline;0;0;0;0;0;0;0;0;0;0;0;0;0
org.apache.el.parser.ELParser.LiteralExpression();org.apache.el.parser.ELParserTreeConstants;3;1;1;0.9854;2195;111;22;0;1;0.9756;0;0;34
org.apache.catalina.mbeans.UserMBean.addRole(String);org.apache.catalina.User;0;0;0;1.0000;85;6;3;2;0;0.8947;17;17;0
org.apache.catalina.session.StandardSession.setAttribute(String, Object, boolean);org.apache.catalina.Context;1;4;3;0.9259;558;58;26;1;0;0.9926;125;125;1
org.apache.catalina.realm.DataSourceRealm.authenticate(Connection, String, String);org.apache.juli.logging.Log;1;2;1;0.9259;244;14;12;2;0;0.9130;18;18;0
org.apache.catalina.core.ApplicationContext.createListener(Class<T>);org.apache.catalina.core.StandardContext;0;0;0;0;0;0;0;0;0;0;0;0;0
org.apache.catalina.tribes.transport.nio.NioReceiver.socketTimeouts();org.apache.catalina.tribes.io.ObjectReader;1;1;3;0.9286;269;15;8;0;3;0.8696;71;9;5
org.apache.coyote.ajp.AjpProtocol.AjpConnectionHandler.unregister(AjpProcessor);org.apache.coyote.RequestInfo;4;0;1;0.9375;80;4;4;1;1;0.9429;134;13;14
org.apache.catalina.tribes.group.interceptors.DomainFilterInterceptor.hasMembers();org.apache.catalina.tribes.membership.Membership;0;1;1;0.8000;47;8;2;1;0;0.9545;136;11;6
org.apache.catalina.core.ApplicationPart.getContentType();org.apache.tomcat.util.http.fileupload.FileItem;0;0;1;0.9167;59;9;2;1;0;0.9375;15;15;0
org.apache.tomcat.util.buf.MessageBytes.recycle();org.apache.tomcat.util.buf.CharChunk;0;0;10;0.7955;402;31;17;1;0;0.9828;393;39;8
org.apache.catalina.connector.Request.getScheme();org.apache.coyote.Request;1;0;1;0.9943;1084;128;51;0;1;0.9815;219;17;34
org.apache.el.parser.ELParser.getNextToken();org.apache.el.parser.Token;1;0;4;0.9699;2195;111;22;0;1;0.9412;24;3;8
org.apache.catalina.core.StandardContext.engineBase();org.apache.catalina.Container;0;0;0;1.0000;2385;204;107;1;0;0.9722;34;34;6
org.apache.catalina.mbeans.MBeanUtils.createObjectName(String, User);org.apache.catalina.UserDatabase;0;0;0;1.0000;853;61;5;1;0;0.9444;16;16;0
org.apache.catalina.tribes.transport.nio.NioReceiver.cancelledKey(SelectionKey);org.apache.juli.logging.Log;1;0;1;1.0000;269;15;8;2;0;0.9000;18;18;0
org.apache.catalina.core.ApplicationFilterChain.internalDoFilterEvent(CometEvent);org.apache.catalina.Globals;5;0;7;0.6923;225;9;13;0;1;1.0000;0;0;39
org.apache.tomcat.util.net.NioEndpoint.Poller.register(NioChannel);org.apache.tomcat.util.net.NioEndpoint.PollerEvent;3;1;0;0.9688;395;15;7;1;0;0.9444;60;4;3
org.apache.catalina.deploy.WebXml.mergeMultipartDef(MultipartDef, MultipartDef, boolean);org.apache.catalina.deploy.MultipartDef;0;0;0;0;0;0;0;0;0;0;0;0;0
org.apache.catalina.core.ContainerBase.setManager(Manager);org.apache.juli.logging.Log;0;0;4;0.9674;603;62;29;1;0;0.9583;18;18;0
org.apache.jasper.compiler.TagFileProcessor.TagFileDirectiveVisitor.postCheck();org.apache.jasper.compiler.ErrorDispatcher;2;0;3;0.9000;213;8;24;2;0;0.9286;158;22;2
org.apache.jasper.compiler.TagFileProcessor.removeProtoTypeFiles(String);org.apache.jasper.JspCompilationContext;1;0;1;0.8333;96;5;1;1;0;0.9844;420;31;31
org.apache.naming.resources.ProxyDirContext.cacheUnload(String);org.apache.naming.resources.ResourceCache;0;0;1;0.9872;469;64;15;1;0;0.9444;211;7;10
org.apache.coyote.Request.toString();org.apache.tomcat.util.buf.MessageBytes;0;0;1;0.9808;219;17;34;1;0;0.9773;402;31;17
org.apache.jasper.compiler.Parser.getAttributeBodyType(Node, String);org.apache.jasper.compiler.Node.CustomTag;1;0;1;1.0000;1203;56;14;0;1;0.9750;229;10;26
org.apache.catalina.deploy.WebXml.addFilter(FilterDef);org.apache.catalina.deploy.FilterDef;1;0;2;0.9853;1446;42;41;1;0;0.9412;51;9;7
org.apache.catalina.core.StandardContext.resourcesStart();org.apache.naming.resources.FileDirContext;4;3;8;0.9690;2385;204;107;0;2;0.9630;229;25;6
org.apache.tomcat.util.modeler.BaseNotificationBroadcaster.removeNotificationListener(NotificationListener);org.apache.tomcat.util.modeler.BaseNotificationBroadcasterEntry;1;0;1;0.8571;54;6;1;0;1;0.8000;5;0;3
org.apache.coyote.ajp.AjpAprProcessor.parseHost(MessageBytes);org.apache.coyote.Response;5;0;4;0.9231;616;13;30;0;1;0.9815;250;19;18
org.apache.catalina.connector.RequestFacade.GetLocalePrivilegedAction.run();org.apache.catalina.connector.Request;1;0;0;1.0000;3;1;0;1;0;0.9943;1084;128;51
org.apache.catalina.ha.session.JvmRouteSessionIDBinderListener.messageReceived(ClusterMessage);org.apache.catalina.ha.session.SessionIDMessage;3;0;0;1.0000;54;5;3;0;4;0.8182;45;2;5
org.apache.catalina.connector.RequestFacade.setCharacterEncoding(String);org.apache.tomcat.util.res.StringManager;1;0;2;0.9865;462;73;2;0;0;1.0000;36;3;3
org.apache.jasper.compiler.Generator.generateXmlProlog(Node.Nodes);org.apache.jasper.compiler.Node.Nodes;4;0;3;0.9388;781;28;16;0;1;0.9600;43;5;3
org.apache.el.lang.ELSupport.coerceToBoolean(Object);org.apache.el.util.MessageFactory;0;0;0;1.0000;351;22;1;1;0;1.0000;24;7;1
org.apache.catalina.ha.session.DeltaManager.messageReceived(SessionMessage, Member);org.apache.catalina.ha.session.SessionMessage;2;8;4;0.8851;826;43;42;2;7;0.8947;5;5;7
org.apache.catalina.core.StandardWrapperValve.event(Request, Response, CometEvent);org.apache.catalina.core.ApplicationFilterChain;3;1;4;0.8667;341;4;6;2;0;0.9459;225;9;13
org.apache.catalina.valves.AccessLogValve.log(Request, Response, long);org.apache.catalina.connector.Request;0;0;0;0;0;0;0;0;0;0;0;0;0
org.apache.catalina.manager.HTMLManagerServlet.list(HttpServletRequest, HttpServletResponse, String);org.apache.catalina.Container;2;0;10;1.0000;601;22;14;4;0;0.9111;34;34;6
org.apache.catalina.manager.util.SessionUtils.getTTLForSession(Session);org.apache.catalina.Session;0;0;0;1.0000;158;6;5;2;0;0.9375;32;32;4
org.apache.catalina.core.NamingContextListener.removeEjb(String);org.apache.juli.logging.Log;1;0;3;0.9375;745;23;11;1;0;0.9500;18;18;0
org.apache.tomcat.util.digester.Digester.fatalError(SAXParseException);org.apache.juli.logging.Log;3;0;2;0.9850;849;103;29;1;0;0.9500;18;18;0
org.apache.catalina.core.StandardContext.setDistributable(boolean);org.apache.catalina.Manager;0;0;2;0.9968;2385;204;107;1;0;0.9744;34;34;0
org.apache.catalina.startup.Embedded.findLifecycleListeners();org.apache.catalina.util.LifecycleSupport;1;0;1;0.9773;372;34;11;0;1;0.8750;38;3;3
org.apache.catalina.connector.Request.doGetSession(boolean);org.apache.catalina.Manager;2;4;7;0.9451;1084;128;51;2;0;0.9615;34;34;0
org.apache.coyote.ajp.AjpProtocol.AjpConnectionHandler.process(SocketWrapper<Socket>, SocketStatus);org.apache.tomcat.util.res.StringManager;0;0;0;0;0;0;0;0;0;0;0;0;0
org.apache.catalina.tribes.group.interceptors.TwoPhaseCommitInterceptor.sendMessage(Member[], ChannelMessage, InterceptorPayload);org.apache.catalina.tribes.io.XByteBuffer;0;0;3;0.9286;69;3;6;2;0;0.9375;317;36;7
org.apache.catalina.ant.jmx.JMXAccessorCreateTask.jmxCreate(MBeanServerConnection, String);org.apache.catalina.ant.jmx.Arg;1;0;3;0.7273;69;4;4;0;2;0.7500;15;0;2
org.apache.catalina.realm.JNDIRealm.authenticate(DirContext, String, String);org.apache.juli.logging.Log;1;4;2;0.9200;728;44;31;3;0;0.8800;18;18;0
org.apache.catalina.core.ContainerBase.destroyInternal();org.apache.catalina.Lifecycle;0;0;0;0;0;0;0;0;0;0;0;0;0
org.apache.tomcat.util.bcel.classfile.FieldOrMethod.getSignature();org.apache.tomcat.util.bcel.classfile.ConstantUtf8;0;0;0;0;0;0;0;0;0;0;0;0;0
org.apache.catalina.startup.CallMethodMultiRule.end(String, String);org.apache.tomcat.util.digester.Digester;1;0;1;0.9091;59;1;1;3;0;0.9786;849;103;29
org.apache.catalina.connector.RequestFacade.GetParameterMapPrivilegedAction.run();org.apache.catalina.connector.Request;1;0;0;1.0000;3;1;0;1;0;0.9943;1084;128;51
org.apache.catalina.connector.Request.setAttribute(String, Object);org.apache.juli.logging.Log;2;2;7;0.9548;1084;128;51;1;0;0.9667;18;18;0
org.apache.coyote.http11.Http11AprProtocol.destroy();org.apache.tomcat.util.net.AprEndpoint;1;1;5;0.9615;387;76;26;1;0;0.9884;629;27;59
org.apache.catalina.core.StandardWrapper.allocate();org.apache.juli.logging.Log;1;1;8;0.9245;712;75;32;4;0;0.8519;18;18;0
org.apache.coyote.http11.filters.ChunkedInputFilter.parseChunkHeader();org.apache.tomcat.util.buf.HexUtils;2;1;5;0.6250;128;9;10;0;1;1.0000;50;5;3
org.apache.jasper.compiler.TagLibraryInfoImpl.createVariable(TreeNode);org.apache.jasper.compiler.Localizer;0;0;1;0.9600;523;14;6;1;0;1.0000;34;6;1
org.apache.catalina.tribes.group.RpcMessage.toString();org.apache.catalina.tribes.util.Arrays;0;0;3;0.6250;36;3;4;1;0;1.0000;149;24;1
org.apache.jasper.compiler.Generator.GenerateVisitor.generateNamedAttributeJspFragment(Node.NamedAttribute, String);org.apache.jasper.compiler.ServletWriter;0;1;1;0.9683;1737;45;16;2;0;0.9000;65;13;6
org.apache.tomcat.util.net.NioEndpoint.Poller.run();org.apache.tomcat.util.net.SocketWrapper;0;0;0;0;0;0;0;0;0;0;0;0;0
org.apache.catalina.startup.HostConfig.checkResources(DeployedApplication);org.apache.catalina.startup.ExpandWar;1;2;4;0.9322;755;35;15;1;0;1.0000;183;6;2
org.apache.catalina.mbeans.NamingResourcesMBean.addEnvironment(String, String, String);org.apache.catalina.mbeans.MBeanUtils;2;0;1;0.9474;138;9;2;1;0;1.0000;853;61;5
org.apache.tomcat.util.net.NioEndpoint.Poller.processKey(SelectionKey, KeyAttachment);org.apache.juli.logging.Log;2;4;1;0.8276;395;15;7;1;0;0.9655;18;18;0
org.apache.catalina.connector.RequestFacade.getMethod();org.apache.catalina.connector.Request;1;0;2;0.9865;462;73;2;1;0;0.9943;1084;128;51
org.apache.catalina.core.StandardContext.removeChild(Container);org.apache.tomcat.util.res.StringManager;1;0;0;1.0000;2385;204;107;0;0;1.0000;36;3;3
org.apache.coyote.ajp.AjpProcessor.prepareRequest();org.apache.coyote.Adapter;7;1;8;0.8846;570;12;32;0;0;1.0000;2;2;0
org.apache.jasper.compiler.ParserController.determineSyntaxAndEncoding(String, JarFile, String);org.apache.jasper.compiler.JspConfig.JspProperty;3;2;8;0.6875;284;13;13;0;1;0.9600;34;0;8
org.apache.jasper.compiler.JDTCompiler.generateClass(String[]);org.apache.jasper.compiler.SmapUtil;2;0;0;1.0000;317;1;0;1;0;1.0000;68;4;1
org.apache.catalina.connector.Request.getHeaderNames();org.apache.coyote.Request;1;0;1;0.9943;1084;128;51;0;1;0.9815;219;17;34
org.apache.coyote.ajp.AjpAprProtocol.destroy();org.apache.tomcat.util.net.AprEndpoint;1;1;5;0.9298;219;40;15;1;0;0.9884;629;27;59
org.apache.catalina.filters.RemoteAddrFilter.doFilterEvent(CometEvent, CometFilterChain);org.apache.catalina.comet.CometEvent;0;0;0;0;0;0;0;0;0;0;0;0;0
org.apache.catalina.connector.CoyoteAdapter.service(org.apache.coyote.Request, org.apache.coyote.Response);org.apache.tomcat.util.http.Parameters;8;0;4;0.9524;505;11;8;1;0;0.9861;363;23;19
org.apache.catalina.realm.CombinedRealm.authenticate(String, String);org.apache.juli.logging.Log;1;0;3;0.9375;143;12;3;2;0;0.9048;18;18;0
org.apache.el.parser.ELParser.DynamicExpression();org.apache.el.parser.ELParserTreeConstants;2;2;1;0.9783;2195;111;22;0;1;0.9767;0;0;34
org.apache.catalina.core.ApplicationJspPropertyGroupDescriptor.getErrorOnUndeclaredNamespace();org.apache.catalina.deploy.JspPropertyGroup;0;0;0;0;0;0;0;0;0;0;0;0;0
org.apache.tomcat.util.buf.StringCache.toString(CharChunk);org.apache.juli.logging.Log;1;2;10;1.0000;363;13;14;2;0;0.9231;18;18;0
org.apache.catalina.session.PersistentManagerBase.processMaxIdleBackups();org.apache.juli.logging.Log;1;1;3;0.9375;420;33;13;2;0;0.9200;18;18;0
org.apache.tomcat.util.net.NioEndpoint.PollerEvent.run();org.apache.tomcat.util.net.NioEndpoint.KeyAttachment;4;0;3;0.8125;60;4;3;2;2;0.8947;155;14;15
org.apache.catalina.core.StandardServer.destroyInternal();org.apache.catalina.Lifecycle;0;0;0;0;0;0;0;0;0;0;0;0;0
org.apache.catalina.core.ContainerBase.addChild(Container);org.apache.catalina.Globals;1;1;0;0.9886;603;62;29;0;1;1.0000;0;0;39
org.apache.jasper.JspC.generateWebMapping(String, JspCompilationContext);org.apache.juli.logging.Log;0;0;3;0.9762;840;35;81;2;0;0.9091;18;18;0
org.apache.catalina.core.ApplicationContext.getServletRegistrations();org.apache.catalina.Container;0;0;0;0;0;0;0;0;0;0;0;0;0
org.apache.coyote.ajp.AjpAprProtocol.AjpConnectionHandler.register(AjpAprProcessor);org.apache.tomcat.util.modeler.Registry;4;0;3;0.8333;86;5;4;2;0;0.9815;446;36;10
org.apache.catalina.startup.ContextConfig.FragmentJarScannerCallback.scan(JarURLConnection);org.apache.catalina.deploy.WebXml;0;0;0;0;0;0;0;0;0;0;0;0;0
org.apache.catalina.connector.MapperListener.containerEvent(ContainerEvent);org.apache.catalina.Wrapper;1;0;1;0.9474;305;10;6;0;0;1.0000;32;32;0
org.apache.catalina.session.PersistentManagerBase.PrivilegedStoreLoad.run();org.apache.catalina.session.PersistentManagerBase;1;0;1;0.6667;6;1;1;0;1;0.9778;420;33;13
org.apache.jasper.compiler.Generator.compileTagHandlerPoolList(Node.Nodes);org.apache.jasper.compiler.Node.Nodes;4;0;1;0.9792;781;28;16;3;0;0.8500;43;5;3
org.apache.catalina.tribes.group.interceptors.GzipInterceptor.sendMessage(Member[], ChannelMessage, InterceptorPayload);org.apache.catalina.tribes.ChannelMessage;1;1;0;1.0000;47;5;1;1;0;0.9444;11;11;0
org.apache.catalina.mbeans.MBeanUtils.destroyMBean(Loader);org.apache.tomcat.util.modeler.Registry;0;2;2;1.0000;853;61;5;1;0;0.9767;446;36;10
org.apache.catalina.tribes.transport.nio.NioReplicationTask.drainChannel(SelectionKey, ObjectReader);org.apache.catalina.tribes.io.ListenCallback;4;3;2;0.8667;197;7;5;1;0;0.9565;1;1;0
org.apache.catalina.session.StandardSession.getThisAccessedTime();org.apache.tomcat.util.res.StringManager;1;1;2;0.9737;558;58;26;0;0;1.0000;36;3;3
org.apache.catalina.startup.Embedded.initDirs();org.apache.tomcat.util.IntrospectionUtils;1;0;2;1.0000;372;34;11;1;0;1.0000;602;31;5
org.apache.catalina.core.StandardPipeline.setBasic(Valve);org.apache.catalina.Contained;0;0;5;0.8621;234;16;8;1;0;0.9091;2;2;0
org.apache.catalina.tribes.membership.McastService.setPayload(byte[]);org.apache.catalina.tribes.membership.MemberImpl;0;0;4;0.9545;345;53;13;2;0;0.9545;300;29;19
org.apache.catalina.tribes.group.interceptors.NonBlockingCoordinator.memberAdded(Member, boolean);org.apache.juli.logging.Log;0;3;2;0.9038;352;38;14;1;0;0.9615;18;18;0
org.apache.coyote.http11.Http11Processor.process(SocketWrapper<Socket>);org.apache.coyote.RequestInfo;0;0;0;0;0;0;0;0;0;0;0;0;0
org.apache.tomcat.util.digester.Digester.endDocument();org.apache.tomcat.util.digester.Rules;0;5;2;0.9489;849;103;29;1;0;0.9474;8;8;0
org.apache.catalina.core.ApplicationServletRegistration.getMappings();org.apache.catalina.Context;0;0;0;0;0;0;0;0;0;0;0;0;0
org.apache.catalina.core.StandardContext.removeWelcomeFile(String);org.apache.catalina.Context;0;1;2;0.9903;2385;204;107;0;0;1.0000;125;125;1
org.apache.coyote.http11.Http11NioProtocol.Http11ConnectionHandler.process(NioChannel);org.apache.tomcat.util.net.SocketWrapper;0;0;0;0;0;0;0;0;0;0;0;0;0
org.apache.catalina.ha.session.DeltaManager.expireAllLocalSessions();org.apache.catalina.session.StandardSession;1;0;2;0.9885;826;43;42;1;0;0.9880;558;58;26
org.apache.catalina.tribes.group.GroupChannel.addInterceptor(ChannelInterceptor);org.apache.catalina.tribes.ChannelInterceptor;0;0;2;0.9444;268;24;8;3;0;0.8421;16;16;0
org.apache.catalina.tribes.group.ChannelCoordinator.memberAdded(Member);org.apache.catalina.tribes.transport.SenderState;0;0;0;1.0000;164;15;5;1;0;1.0000;45;9;5
org.apache.catalina.connector.Request.getDecodedRequestURI();org.apache.coyote.Request;1;0;1;0.9943;1084;128;51;0;1;0.9815;219;17;34
org.apache.catalina.connector.CoyoteWriter.write(int);org.apache.catalina.connector.OutputBuffer;0;0;2;0.9355;141;28;3;1;0;0.9762;207;25;15
org.apache.coyote.http11.Http11Protocol.Http11ConnectionHandler.register(Http11Processor);org.apache.coyote.http11.Http11Protocol;4;0;3;0.8235;91;4;4;1;2;0.9785;361;52;31
org.apache.jasper.compiler.TagLibraryInfoImpl.parseTLD(String, InputStream, JarResource);org.apache.jasper.compiler.Localizer;0;4;3;0.7586;523;14;6;1;0;1.0000;34;6;1
org.apache.catalina.tribes.group.interceptors.OrderInterceptor.sendMessage(Member[], ChannelMessage, InterceptorPayload);org.apache.catalina.tribes.ChannelMessage;0;1;1;0.9231;141;9;8;2;0;0.9048;11;11;0
org.apache.catalina.ha.authenticator.ClusterSingleSignOnListener.messageReceived(ClusterMessage);org.apache.catalina.ha.authenticator.ClusterSingleSignOn;1;1;1;0.9000;82;4;2;6;0;0.8000;149;16;4
org.apache.jasper.compiler.JspDocumentParser.endPrefixMapping(String);org.apache.jasper.compiler.PageInfo;0;0;3;0.9545;649;28;20;2;0;0.9740;319;30;44
org.apache.catalina.connector.Request.authenticate(HttpServletResponse);org.apache.catalina.Context;0;0;0;0;0;0;0;0;0;0;0;0;0
org.apache.catalina.mbeans.MBeanUtils.destroyMBean(ContextResourceLink);org.apache.tomcat.util.modeler.ManagedBean;0;2;2;1.0000;853;61;5;1;0;0.9714;252;23;13
org.apache.catalina.tribes.transport.bio.MultipointBioSender.close();org.apache.catalina.tribes.transport.bio.BioSender;0;0;1;0.9231;93;9;2;1;0;0.9375;148;9;7
org.apache.catalina.valves.JDBCAccessLogValve.close();org.apache.catalina.Container;1;0;3;0.9211;216;10;26;1;0;0.9744;34;34;6
org.apache.el.parser.AstAnd.getValue(EvaluationContext);org.apache.el.parser.Node;0;0;0;1.0000;13;1;0;1;0;0.9375;15;15;0
org.apache.catalina.core.ApplicationFilterConfig.getInitParameterNames();org.apache.catalina.deploy.FilterDef;0;0;1;0.9333;121;10;5;1;0;0.9412;51;9;7
org.apache.jasper.compiler.Compiler.generateJava();org.apache.jasper.compiler.JspUtil;12;1;7;0.8298;285;11;8;1;0;1.0000;693;44;8
org.apache.catalina.startup.ContextConfig.getContextWebXmlSource();org.apache.catalina.Globals;0;0;0;0;0;0;0;0;0;0;0;0;0
org.apache.jasper.compiler.Generator.GenerateVisitor.evaluateAttribute(TagHandlerInfo, Node.JspAttribute, Node.CustomTag, String);org.apache.jasper.compiler.Node.JspAttribute;5;3;2;0.9518;1737;45;16;5;9;0.5625;107;7;10
org.apache.jasper.compiler.DeclarationVisitor.visit(Node.Declaration);org.apache.jasper.compiler.ServletWriter;3;0;0;1.0000;36;3;1;2;1;0.8571;65;13;6
org.apache.catalina.core.ApplicationDispatcher.invoke(ServletRequest, ServletResponse, State);org.apache.catalina.util.InstanceSupport;3;3;4;0.8462;419;14;10;1;0;0.9730;81;11;3
org.apache.catalina.loader.WebappClassLoader.closeJARs(boolean);org.apache.juli.logging.Log;0;0;3;0.9718;1193;44;30;2;0;0.9000;18;18;0
org.apache.catalina.tribes.group.interceptors.FragmentationInterceptor.sendMessage(Member[], ChannelMessage, InterceptorPayload);org.apache.catalina.tribes.ChannelMessage;1;1;1;0.8750;96;7;5;2;0;0.8824;11;11;0
org.apache.catalina.tribes.io.ChannelData.hashCode();org.apache.catalina.tribes.io.XByteBuffer;0;0;1;0.9375;165;14;7;1;0;1.0000;317;36;7
org.apache.jasper.compiler.Node.ELExpression.accept(Visitor);org.apache.jasper.compiler.Node.Visitor;0;0;0;1.0000;16;1;2;1;0;0.9714;126;35;0
org.apache.jasper.compiler.CompilationUnit.getContents();org.apache.jasper.Options;3;0;0;1.0000;52;4;2;1;0;0.9688;28;28;0
org.apache.el.parser.ELParserTokenManager.jjMoveNfa_1(int, int);org.apache.el.parser.SimpleCharStream;0;7;7;0.7273;1035;33;25;1;0;0.9839;257;26;16
org.apache.jasper.compiler.Parser.parseTemplateText(Node);org.apache.jasper.compiler.JspReader;1;0;3;0.9565;1203;56;14;4;0;0.9000;322;25;9
org.apache.catalina.ha.session.ReplicatedSession.log(String, Throwable);org.apache.juli.logging.Log;1;0;1;0.9524;122;16;4;1;0;0.9474;18;18;0
org.apache.el.parser.ELParser.FloatingPoint();org.apache.el.parser.Token;4;1;1;0.9854;2195;111;22;0;1;0.9474;24;3;8
org.apache.catalina.realm.JDBCRealm.startInternal();org.apache.juli.logging.Log;0;0;0;0;0;0;0;0;0;0;0;0;0
org.apache.catalina.ant.ValidatorTask.execute();org.apache.catalina.startup.Constants;2;0;1;0.8571;38;2;1;0;1;1.0000;0;0;45
org.apache.catalina.startup.Tomcat.init();org.apache.catalina.Lifecycle;0;0;0;0;0;0;0;0;0;0;0;0;0
org.apache.catalina.ha.deploy.FarmWarDeployer.removeFactory(FileMessage);org.apache.catalina.ha.deploy.FileMessage;1;0;1;0.9773;376;28;17;0;1;0.9091;53;2;7
org.apache.catalina.tribes.membership.MemberImpl.getHostname();org.apache.catalina.tribes.util.Arrays;0;0;3;0.9474;300;29;19;1;0;1.0000;149;24;1
org.apache.catalina.mbeans.ServerLifecycleListener.createMBeans(ContextEnvironment);org.apache.catalina.mbeans.MBeanUtils;0;0;1;1.0000;569;32;2;1;0;1.0000;853;61;5
org.apache.el.parser.AstFunction.getValue(EvaluationContext);org.apache.el.util.MessageFactory;1;1;2;0.7000;73;4;2;2;0;1.0000;24;7;1
org.apache.naming.resources.ProxyDirContext.lookupCache(String);org.apache.naming.resources.CacheEntry;1;2;1;0.9634;469;64;15;0;5;0.6154;13;2;8
org.apache.catalina.ant.AbstractCatalinaTask.execute(String, InputStream, String, int);org.apache.catalina.util.Base64;0;0;4;0.7857;137;7;5;1;0;1.0000;120;5;10
org.apache.catalina.core.StandardWrapper.addInstanceListener(InstanceListener);org.apache.catalina.util.InstanceSupport;0;0;1;0.9902;712;75;32;1;0;0.9375;81;11;3
org.apache.tomcat.util.http.MimeHeaders.addValue(byte, int, int);org.apache.tomcat.util.http.MimeHeaderField;1;1;0;0.9565;129;18;3;0;2;0.7500;13;1;4
org.apache.catalina.deploy.WebXml.toXml();org.apache.catalina.deploy.MessageDestinationRef;10;2;30;0.7787;1446;42;41;2;0;0.9789;66;8;7
org.apache.catalina.core.ApplicationPart.getFilename();org.apache.tomcat.util.http.fileupload.ParameterParser;0;0;0;0;0;0;0;0;0;0;0;0;0
org.apache.jasper.compiler.Parser.parseXMLDirective(Node);org.apache.jasper.compiler.ErrorDispatcher;0;5;4;0.8714;1203;56;14;2;0;0.9412;158;22;2
org.apache.catalina.connector.RequestFacade.getParameterValues(String);org.apache.tomcat.util.res.StringManager;1;0;2;0.9865;462;73;2;0;0;1.0000;36;3;3
org.apache.coyote.ajp.AjpProcessor.SocketOutputBuffer.doWrite(ByteChunk, Response);org.apache.coyote.ajp.AjpProcessor;5;0;0;1.0000;27;1;0;1;5;0.8800;570;12;32
org.apache.catalina.connector.ResponseFacade.flushBuffer();org.apache.catalina.security.SecurityUtil;1;1;1;0.9524;224;40;2;1;0;1.0000;146;11;17
org.apache.tomcat.util.net.NioBlockingSelector.read(ByteBuffer, NioChannel, long);org.apache.tomcat.util.net.NioChannel;3;0;1;0.9444;111;4;4;1;2;0.9000;83;15;5
org.apache.el.parser.ELParser.jj_3R_60();org.apache.el.parser.ELParserConstants;1;1;0;0.9924;2195;111;22;0;1;0.9828;0;0;57
org.apache.tomcat.util.net.AprEndpoint.Sendfile.add(SendfileData);org.apache.tomcat.jni.Pool;4;0;1;0.9500;187;5;6;1;0;1.0000;13;13;0
org.apache.coyote.http11.Http11NioProtocol.Http11ConnectionHandler.deregister(Http11NioProcessor);org.apache.coyote.http11.AbstractHttp11Processor;0;0;0;0;0;0;0;0;0;0;0;0;0
org.apache.jasper.compiler.TagFileProcessor.TagFileDirectiveVisitor.visit(Node.TagDirective);org.apache.jasper.compiler.ErrorDispatcher;0;2;10;0.6000;213;8;24;1;0;0.9677;158;22;2
org.apache.catalina.manager.ManagerServlet.getAppBase();org.apache.catalina.Host;0;0;2;0.9545;913;34;13;1;0;0.9545;20;20;2
org.apache.catalina.connector.CoyoteAdapter.event(org.apache.coyote.Request, org.apache.coyote.Response, SocketStatus);org.apache.coyote.Response;8;0;4;0.9375;505;11;8;2;0;0.9661;250;19;18
org.apache.tomcat.util.net.AprEndpoint.Sendfile.init();org.apache.tomcat.jni.Pool;1;0;5;0.6667;187;5;6;1;0;1.0000;13;13;0
org.apache.catalina.tribes.group.interceptors.TcpPingInterceptor.messageReceived(ChannelMessage);org.apache.catalina.tribes.ChannelMessage;1;0;2;1.0000;78;6;10;2;0;0.8824;11;11;0
org.apache.coyote.http11.Http11AprProtocol.getMaxThreads();org.apache.tomcat.util.net.AbstractEndpoint;0;0;0;0;0;0;0;0;0;0;0;0;0
org.apache.catalina.connector.MapperListener.unregisterContext(Context);org.apache.catalina.Container;0;0;0;0;0;0;0;0;0;0;0;0;0
org.apache.catalina.realm.JNDIRealm.getDirectoryContextEnvironment();org.apache.juli.logging.Log;0;0;11;0.8649;728;44;31;2;0;0.9310;18;18;0
org.apache.catalina.core.ApplicationContextFacade.getContext(String);org.apache.catalina.core.ApplicationContext;0;1;1;0.9608;426;46;3;2;0;0.9655;460;47;13
org.apache.el.parser.ELParser.Equality();org.apache.el.parser.JJTELParserState;2;3;4;0.9504;2195;111;22;4;0;0.8621;74;10;5
org.apache.catalina.startup.RealmRuleSet.addRuleInstances(Digester);org.apache.tomcat.util.digester.Digester;0;0;1;0.8333;16;1;1;3;0;0.9776;849;103;29
org.apache.catalina.tribes.transport.nio.NioReceiver.run();org.apache.juli.logging.Log;0;1;1;0.9524;269;15;8;1;0;0.9474;18;18;0
org.apache.catalina.ha.tcp.ReplicationValve.createPrimaryIndicator(Request);org.apache.catalina.Manager;1;0;3;0.9750;283;17;17;1;0;0.9767;34;34;0
org.apache.jasper.compiler.Generator.FragmentHelperClass.openFragment(Node, int);org.apache.jasper.compiler.ServletWriter;2;0;3;0.8333;132;6;4;5;0;0.7917;65;13;6
org.apache.coyote.ajp.AjpAprProcessor.finish();org.apache.coyote.Response;1;2;5;0.8462;616;13;30;0;1;0.9767;250;19;18
org.apache.jasper.servlet.JspServlet.preCompile(HttpServletRequest);org.apache.jasper.Constants;1;0;0;1.0000;173;10;5;0;1;1.0000;0;0;34
org.apache.catalina.core.ApplicationContext.getContext(String);org.apache.catalina.Container;0;0;1;0.9833;460;47;13;1;0;0.9744;34;34;6
org.apache.catalina.valves.CometConnectionManagerValve.invoke(Request, Response);org.apache.catalina.connector.Response;1;0;2;0.9000;146;11;6;1;0;0.9894;578;70;19
org.apache.catalina.authenticator.SingleSignOn.reauthenticate(String, Realm, Request);org.apache.catalina.authenticator.SingleSignOnEntry;1;1;0;0.9667;187;18;8;4;0;0.8095;49;9;6
org.apache.jasper.compiler.JspConfig.processWebDotXml();org.apache.jasper.xmlparser.ParserUtils;0;0;0;0;0;0;0;0;0;0;0;0;0
org.apache.catalina.ha.deploy.FarmWarDeployer.messageReceived(ClusterMessage);org.apache.juli.logging.Log;3;7;2;0.8462;376;28;17;4;0;0.8710;18;18;0
org.apache.tomcat.util.http.fileupload.FileUploadBase.getBoundary(String);org.apache.tomcat.util.http.fileupload.ParameterParser;0;0;0;0;0;0;0;0;0;0;0;0;0
org.apache.catalina.connector.RequestFacade.getParameterNames();org.apache.catalina.Globals;2;0;2;0.9865;462;73;2;0;1;1.0000;0;0;39
org.apache.catalina.tribes.group.interceptors.MessageDispatchInterceptor.sendMessage(Member[], ChannelMessage, InterceptorPayload);org.apache.catalina.tribes.Channel;2;2;5;0.7083;138;12;8;0;1;1.0000;15;15;13
org.apache.catalina.session.JDBCStore.close(Connection);org.apache.catalina.Manager;1;1;7;0.8644;495;34;23;1;0;0.9783;34;34;0
org.apache.jasper.compiler.Validator.ValidateVisitor.visit(Node.TaglibDirective);org.apache.jasper.compiler.JspUtil;0;0;2;0.9767;710;36;19;1;0;1.0000;693;44;8
org.apache.catalina.session.PersistentManagerBase.startInternal();org.apache.catalina.Lifecycle;0;0;0;0;0;0;0;0;0;0;0;0;0
org.apache.jasper.compiler.JspDocumentParser.startPrefixMapping(String, String);org.apache.jasper.compiler.Localizer;0;1;4;0.9111;649;28;20;1;0;1.0000;34;6;1
org.apache.catalina.startup.ContextConfig.contextConfig();org.apache.catalina.Context;2;5;2;0.7813;779;23;16;2;0;0.9850;125;125;1
org.apache.jasper.compiler.Generator.GenerateVisitor.writeDestroyInstance(String);org.apache.jasper.compiler.Generator;1;0;1;0.9841;1737;45;16;0;1;1.0000;781;28;16
org.apache.catalina.core.ApplicationContextFacade.getNamedDispatcher(String);org.apache.catalina.core.ApplicationContext;0;1;1;0.9600;426;46;3;1;0;0.9828;460;47;13
org.apache.tomcat.util.bcel.classfile.SimpleElementValue.stringifyValue();org.apache.tomcat.util.bcel.Constants;0;0;0;0;0;0;0;0;0;0;0;0;0
org.apache.catalina.realm.RealmBase.hasUserDataPermission(Request, Response, SecurityConstraint[]);org.apache.catalina.connector.Request;2;0;1;1.0000;688;39;24;7;0;0.9609;1084;128;51
org.apache.catalina.ssi.SSIConfig.process(SSIMediator, String, String[], String[], PrintWriter);org.apache.catalina.ssi.SSIMediator;1;0;0;1.0000;22;1;0;3;2;0.8077;190;16;13
org.apache.catalina.core.ApplicationServletRegistration.getInitParameters();org.apache.catalina.util.ParameterMap;0;0;0;0;0;0;0;0;0;0;0;0;0
org.apache.tomcat.util.net.jsse.JSSESupport.getKeySize();org.apache.tomcat.util.net.SSLSupport.CipherData;2;0;1;0.9231;131;8;4;0;2;0.5000;4;0;2
org.apache.catalina.connector.Connector.setProperty(String, String);org.apache.tomcat.util.IntrospectionUtils;0;0;2;0.9890;455;59;40;1;0;1.0000;602;31;5
org.apache.jasper.compiler.Compiler.compile(boolean, boolean);org.apache.jasper.compiler.ServletWriter;1;2;7;0.6400;285;11;8;1;0;0.9688;65;13;6
org.apache.tomcat.util.http.mapper.Mapper.addContext(String, Object, String, Object, String[], javax.naming.Context);org.apache.juli.logging.Log;0;0;0;0;0;0;0;0;0;0;0;0;0
org.apache.coyote.http11.Http11Processor.action(ActionCode, Object);org.apache.tomcat.util.net.SSLSupport;6;1;18;0.8068;847;26;37;4;5;0.9130;5;5;6
org.apache.catalina.connector.RequestFacade.getScheme();org.apache.catalina.connector.Request;1;0;2;0.9865;462;73;2;1;0;0.9943;1084;128;51
org.apache.catalina.tribes.group.GroupChannel.setChannelSender(ChannelSender);org.apache.catalina.tribes.group.ChannelCoordinator;1;0;1;0.9697;268;24;8;0;1;0.9565;164;15;5
org.apache.coyote.Response.reset();org.apache.tomcat.util.http.MimeHeaders;2;1;11;0.7027;250;19;18;1;0;0.9688;129;18;3
org.apache.catalina.ha.tcp.SimpleTcpCluster.stopInternal();org.apache.juli.logging.Log;0;0;0;0;0;0;0;0;0;0;0;0;0
org.apache.jasper.compiler.TagLibraryInfoImpl.createAttribute(TreeNode, String);org.apache.jasper.xmlparser.TreeNode;0;0;1;0.9615;523;14;6;4;0;0.8261;109;13;5
org.apache.catalina.connector.CoyoteAdapter.parseSessionSslId(Request);org.apache.catalina.connector.Connector;3;0;1;1.0000;505;11;8;0;1;0.9898;455;59;40
org.apache.jasper.compiler.JspReader.pushChar();org.apache.jasper.compiler.Mark;1;0;1;0.9730;322;25;9;0;2;0.9167;108;9;11
org.apache.coyote.http11.AbstractHttp11Protocol.getSoLinger();org.apache.tomcat.util.net.AbstractEndpoint;0;0;0;0;0;0;0;0;0;0;0;0;0
org.apache.catalina.tribes.group.ChannelInterceptorBase.getLocalMember(boolean);org.apache.catalina.tribes.ChannelInterceptor;0;0;1;0.9444;66;14;4;1;0;0.9412;16;16;0
org.apache.catalina.startup.Embedded.addConnector(Connector);org.apache.catalina.connector.Connector;1;0;3;0.9787;372;34;11;1;0;0.9896;455;59;40
org.apache.jasper.compiler.JspDocumentParser.parseCustomAction(String, String, String, Attributes, Attributes, Attributes, Mark, Node);org.apache.jasper.compiler.PageInfo;0;1;2;0.9318;649;28;20;1;0;0.9873;319;30;44
org.apache.catalina.authenticator.AuthenticatorBase.invoke(Request, Response);org.apache.juli.logging.Log;2;1;6;0.9074;286;20;18;2;0;0.9545;18;18;0
org.apache.tomcat.util.modeler.Registry.load(String, Object, String);org.apache.tomcat.util.modeler.modules.ModelerSource;0;2;1;0.9545;446;36;10;1;0;0.9000;26;4;2
org.apache.catalina.connector.CoyoteAdapter.asyncDispatch(org.apache.coyote.Request, org.apache.coyote.Response, SocketStatus);org.apache.catalina.Service;0;0;0;0;0;0;0;0;0;0;0;0;0
org.apache.catalina.realm.DataSourceRealm.open();org.apache.catalina.core.StandardServer;1;0;3;0.9231;244;14;12;1;0;0.9821;331;32;21
org.apache.catalina.realm.JAASRealm.setContainer(Container);org.apache.juli.logging.Log;0;1;2;0.9130;195;15;10;1;0;0.9545;18;18;0
org.apache.catalina.mbeans.ServerLifecycleListener.processServerPropertyChange(Server, String, Object, Object);org.apache.juli.logging.Log;0;4;1;0.8824;569;32;2;2;0;0.9091;18;18;0
org.apache.coyote.http11.Http11AprProtocol.getKeepAliveTimeout();org.apache.tomcat.util.net.AbstractEndpoint;0;0;0;0;0;0;0;0;0;0;0;0;0
org.apache.catalina.mbeans.ServerLifecycleListener.destroyMBeans(NamingResources);org.apache.juli.logging.Log;0;3;1;0.9211;569;32;2;2;0;0.9200;18;18;0
org.apache.jasper.compiler.SmapUtil.SmapGenVisitor.doSmap(Node, int, int, int);org.apache.jasper.compiler.Mark;2;0;1;0.9688;149;23;3;0;2;0.9286;108;9;11
org.apache.jasper.compiler.TagLibraryInfoImpl.createTagFileInfo(TreeNode, JarResource);org.apache.jasper.compiler.TagFileProcessor;0;0;4;0.8519;523;14;6;1;0;1.0000;96;5;1
org.apache.catalina.mbeans.NamingResourcesMBean.addResourceLink(String, String);org.apache.catalina.deploy.ResourceBase;1;0;1;0.9444;138;9;2;0;2;0.9048;43;9;6
org.apache.catalina.deploy.SecurityConstraint.included(String, String);org.apache.catalina.deploy.SecurityCollection;0;1;1;0.9167;146;16;6;2;0;0.9000;105;11;4
org.apache.jasper.servlet.JspServletWrapper.destroy();org.apache.jasper.runtime.InstanceManagerFactory;0;0;3;0.8966;314;11;15;1;0;1.0000;9;1;0
org.apache.catalina.core.ApplicationServletRegistration.setMultipartConfig(MultipartConfigElement);org.apache.catalina.Wrapper;0;0;0;0;0;0;0;0;0;0;0;0;0
org.apache.catalina.startup.DigesterFactory.newDigester(boolean, boolean, RuleSet);org.apache.tomcat.util.digester.Digester;1;1;0;1.0000;49;5;1;1;4;0.9624;849;103;29
org.apache.tomcat.util.bcel.classfile.InnerClasses.copy(ConstantPool);org.apache.tomcat.util.bcel.classfile.InnerClass;0;0;0;0;0;0;0;0;0;0;0;0;0
org.apache.tomcat.util.digester.WithDefaultsRulesWrapper.addDefault(Rule);org.apache.tomcat.util.digester.Rule;1;0;3;0.8000;55;8;3;0;2;0.8824;31;9;2
org.apache.catalina.mbeans.MBeanUtils.createMBean(NamingResources);org.apache.tomcat.util.modeler.Registry;0;2;2;1.0000;853;61;5;1;0;0.9773;446;36;10
org.apache.catalina.startup.WebAnnotationSet.loadClassAnnotation(Context, String);org.apache.catalina.Container;0;1;0;1.0000;125;6;0;1;0;0.9722;34;34;6
org.apache.catalina.session.StoreBase.processExpires();org.apache.catalina.session.StandardSession;0;1;2;0.8966;85;12;7;4;0;0.9551;558;58;26
org.apache.tomcat.util.buf.MessageBytes.setLong(long);org.apache.tomcat.util.buf.ByteChunk;2;0;8;0.8478;402;31;17;2;2;0.9259;425;43;10
org.apache.coyote.RequestInfo.getRemoteAddr();org.apache.coyote.ActionCode;2;0;1;0.9655;134;13;14;0;1;1.0000;6;0;26
org.apache.catalina.core.StandardService.setContainer(Container);org.apache.catalina.Lifecycle;1;0;4;0.9149;313;29;18;2;0;0.8182;5;5;9
org.apache.catalina.realm.UserDatabaseRealm.getPassword(String);org.apache.catalina.UserDatabase;0;0;1;0.9000;92;6;5;1;0;0.9444;16;16;0
org.apache.coyote.http11.Http11NioProcessor.action(ActionCode, Object);org.apache.tomcat.util.net.SocketWrapper;0;0;0;0;0;0;0;0;0;0;0;0;0
org.apache.catalina.ha.session.DeltaRequest.setPrincipal(Principal);org.apache.juli.logging.Log;1;1;7;0.9130;179;15;15;3;0;0.8500;18;18;0
org.apache.tomcat.util.net.AprEndpoint.Poller.run();org.apache.tomcat.jni.Error;4;2;6;0.5789;168;4;7;1;0;1.0000;14;3;2
org.apache.catalina.ha.session.DeltaManager.startInternal();org.apache.catalina.Cluster;0;0;0;0;0;0;0;0;0;0;0;0;0
org.apache.catalina.tribes.group.interceptors.TcpPingInterceptor.PingThread.run();org.apache.juli.logging.Log;1;0;0;1.0000;14;1;0;1;0;0.9524;18;18;0
org.apache.el.parser.AstLessThanEqual.getValue(EvaluationContext);org.apache.el.parser.Node;0;0;0;1.0000;14;1;0;1;0;0.9375;15;15;0
org.apache.catalina.connector.RequestFacade.getLocalPort();org.apache.catalina.connector.Request;1;0;2;0.9865;462;73;2;1;0;0.9943;1084;128;51
org.apache.coyote.http11.InternalAprInputBuffer.parseHeader();org.apache.tomcat.util.buf.MessageBytes;2;1;5;0.8276;358;13;15;1;0;0.9796;402;31;17
org.apache.catalina.connector.RequestFacade.getPathInfo();org.apache.catalina.connector.Request;1;0;2;0.9865;462;73;2;1;0;0.9943;1084;128;51
org.apache.catalina.core.ApplicationPart.getSize();org.apache.tomcat.util.http.fileupload.FileItem;0;0;1;0.9167;59;9;2;1;0;0.9375;15;15;0
org.apache.catalina.authenticator.BasicAuthenticator.authenticate(Request, HttpServletResponse, LoginConfig);org.apache.catalina.deploy.LoginConfig;0;0;0;0;0;0;0;0;0;0;0;0;0
org.apache.tomcat.util.modeler.modules.MbeansSource.execute();org.apache.juli.logging.Log;2;2;7;0.7308;198;11;10;5;0;0.8214;18;18;0
org.apache.catalina.ha.session.JvmRouteBinderValve.handlePossibleTurnover(Request);org.apache.juli.logging.Log;0;0;0;0;0;0;0;0;0;0;0;0;0
org.apache.coyote.http11.Http11AprProtocol.setSSLCARevocationFile(String);org.apache.tomcat.util.net.AprEndpoint;1;0;1;0.9901;387;76;26;0;1;0.9875;629;27;59
org.apache.catalina.session.ManagerBase.getCreationTime(String);org.apache.juli.logging.Log;0;0;2;0.9762;489;55;31;2;0;0.9048;18;18;0
org.apache.catalina.connector.Connector.resume();org.apache.coyote.ProtocolHandler;1;0;3;0.9785;455;59;40;1;0;0.9231;10;10;0
org.apache.catalina.connector.Response.toEncoded(String, String);org.apache.catalina.connector.Request;1;0;0;1.0000;578;70;19;0;0;1.0000;1084;128;51
org.apache.catalina.connector.ResponseFacade.sendError(int);org.apache.catalina.connector.Response;1;1;1;0.9524;224;40;2;1;1;0.9778;578;70;19
org.apache.catalina.session.StandardSession.expire(boolean);org.apache.catalina.Manager;2;5;7;0.8851;558;58;26;8;0;0.8298;34;34;0
org.apache.catalina.connector.CoyoteAdapter.convertMB(MessageBytes);org.apache.tomcat.util.buf.ByteChunk;3;0;0;1.0000;505;11;8;1;2;0.9434;425;43;10
org.apache.el.lang.ELSupport.compare(Object, Object);org.apache.el.util.MessageFactory;0;7;0;1.0000;351;22;1;1;0;1.0000;24;7;1
org.apache.jasper.JspCompilationContext.createCompiler(String);org.apache.jasper.compiler.Localizer;0;0;1;0.9841;420;31;31;1;0;1.0000;34;6;1
org.apache.el.parser.ELParser.LiteralExpression();org.apache.el.parser.ELParserConstants;3;1;1;0.9854;2195;111;22;0;1;0.9844;0;0;57
org.apache.catalina.util.LifecycleMBeanBase.initInternal();org.apache.tomcat.util.modeler.Registry;0;0;0;0;0;0;0;0;0;0;0;0;0
org.apache.coyote.http11.Http11NioProcessor.action(ActionCode, Object);org.apache.coyote.http11.InternalNioOutputBuffer;12;1;19;0.8269;954;28;38;5;0;0.9479;294;26;16
org.apache.catalina.core.ApplicationContextFacade.addListener(String);org.apache.catalina.security.SecurityUtil;0;0;0;0;0;0;0;0;0;0;0;0;0
org.apache.catalina.loader.WebappLoader.startInternal();org.apache.catalina.loader.WebappClassLoader;0;0;0;0;0;0;0;0;0;0;0;0;0
org.apache.catalina.connector.RequestFacade.getParameterMap();org.apache.catalina.connector.Request;2;0;2;0.9865;462;73;2;1;0;0.9943;1084;128;51
org.apache.jasper.compiler.JspReader.getText(Mark, Mark);org.apache.jasper.compiler.Mark;0;3;0;0.9167;322;25;9;1;0;0.9615;108;9;11
org.apache.catalina.session.FileStore.load(String);org.apache.catalina.session.StandardSession;2;2;0;0.9200;186;13;6;1;1;0.9773;558;58;26
org.apache.tomcat.util.net.NioBlockingSelector.KeyReference.finalize();org.apache.juli.logging.Log;1;0;1;0.5000;11;1;1;1;0;0.9474;18;18;0
org.apache.tomcat.util.net.NioEndpoint.Poller.cancelledKey(SelectionKey, SocketStatus, boolean);org.apache.tomcat.util.net.NioChannel;3;0;0;1.0000;395;15;7;1;0;0.9677;83;15;5
org.apache.tomcat.util.buf.MessageBytes.toString();org.apache.tomcat.util.buf.CharChunk;0;0;7;0.8864;402;31;17;1;0;0.9815;393;39;8
org.apache.tomcat.util.buf.MessageBytes.duplicate(MessageBytes);org.apache.tomcat.util.buf.ByteChunk;0;1;7;0.8958;402;31;17;3;0;0.9455;425;43;10
org.apache.jasper.compiler.Compiler.generateJava();org.apache.juli.logging.Log;12;1;7;0.8298;285;11;8;2;0;0.9623;18;18;0
org.apache.catalina.startup.ContextConfig.processAnnotationWebInitParams(ElementValue);org.apache.tomcat.util.bcel.classfile.ElementValuePair;0;0;0;0;0;0;0;0;0;0;0;0;0
org.apache.jasper.compiler.Generator.GenerateVisitor.visit(Node.CustomTag);org.apache.jasper.compiler.Node.CustomTag;5;1;8;0.8861;1737;45;16;0;5;0.9206;229;10;26
org.apache.catalina.startup.ContextConfig.processServletContainerInitializers(Set<WebXml>);org.apache.catalina.deploy.WebXml;0;0;0;0;0;0;0;0;0;0;0;0;0
org.apache.catalina.core.NamingContextListener.addEjb(ContextEjb);org.apache.juli.logging.Log;2;0;3;0.9487;745;23;11;1;0;0.9630;18;18;0
org.apache.catalina.tribes.group.interceptors.TcpFailureDetector.messageReceived(ChannelMessage);org.apache.juli.logging.Log;1;0;2;1.0000;227;15;10;2;0;0.9167;18;18;0
org.apache.catalina.servlets.DefaultServlet.copy(CacheEntry, ServletOutputStream, Iterator<Range>, String);org.apache.naming.resources.CacheEntry;1;1;2;0.9623;994;37;18;0;1;0.9375;13;2;8
org.apache.catalina.core.StandardServer.addService(Service);org.apache.catalina.Lifecycle;0;0;5;0.9259;331;32;21;1;0;0.9167;5;5;9
org.apache.coyote.http11.Http11NioProcessor.parseHost(MessageBytes);org.apache.tomcat.util.net.AbstractEndpoint;0;0;0;0;0;0;0;0;0;0;0;0;0
org.apache.catalina.tribes.transport.nio.NioSender.process(SelectionKey, boolean);org.apache.juli.logging.Log;0;3;4;0.7600;255;12;11;1;0;0.9615;18;18;0
org.apache.jasper.runtime.PageContextImpl.getAttribute(String);org.apache.jasper.security.SecurityUtil;0;1;0;0.9811;634;40;16;1;0;1.0000;31;2;1
org.apache.catalina.mbeans.ServerLifecycleListener.destroyMBeans(Host);org.apache.catalina.mbeans.MBeanUtils;0;1;1;0.9737;569;32;2;1;0;1.0000;853;61;5
org.apache.tomcat.util.digester.Digester.peekParams();org.apache.tomcat.util.digester.ArrayStack;0;0;2;0.9851;849;103;29;1;0;0.9091;53;6;1
org.apache.catalina.session.PersistentManagerBase.stopInternal();org.apache.juli.logging.Log;0;0;0;0;0;0;0;0;0;0;0;0;0
org.apache.el.parser.ELParserTokenManager.jjStartNfaWithStates_1(int, int, int);org.apache.el.parser.SimpleCharStream;0;1;4;0.8864;1035;33;25;1;0;0.9818;257;26;16
org.apache.jasper.compiler.Validator.ValidateVisitor.validateFunctions(ELNode.Nodes, Node);org.apache.jasper.compiler.PageInfo;4;1;2;0.9412;710;36;19;2;0;0.9767;319;30;44
org.apache.coyote.ajp.AjpAprProtocol.setPort(int);org.apache.tomcat.util.net.AbstractEndpoint;0;0;0;0;0;0;0;0;0;0;0;0;0
org.apache.coyote.http11.Http11Processor.prepareRequest();org.apache.coyote.Response;6;3;13;0.8391;847;26;37;0;1;0.9870;250;19;18
org.apache.catalina.core.ApplicationFilterRegistration.getUrlPatternMappings();org.apache.catalina.deploy.FilterMap;0;0;0;0;0;0;0;0;0;0;0;0;0
org.apache.catalina.tribes.group.interceptors.TcpPingInterceptor.sendPingMessage(Member[]);org.apache.catalina.tribes.io.ChannelData;1;0;1;1.0000;78;6;10;0;3;0.8571;165;14;7
org.apache.catalina.connector.Request.getAvailable();org.apache.catalina.connector.InputBuffer;0;0;1;0.9942;1084;128;51;1;0;0.9722;210;19;17
org.apache.coyote.http11.Http11NioProtocol.Http11ConnectionHandler.register(Http11NioProcessor);org.apache.coyote.Request;4;0;4;0.8636;166;8;6;0;1;0.9844;219;17;34
org.apache.catalina.realm.JAASRealm.authenticate(String, CallbackHandler);org.apache.tomcat.util.res.StringManager;1;1;4;0.8750;195;15;10;0;0;1.0000;36;3;3
org.apache.coyote.Response.reset();org.apache.coyote.Constants;2;1;11;0.7027;250;19;18;0;1;1.0000;0;0;14
org.apache.catalina.tribes.transport.nio.NioReplicationTask.sendAck(SelectionKey, WritableByteChannel, byte[], SocketAddress);org.apache.juli.logging.Log;0;0;1;1.0000;197;7;5;3;0;0.8333;18;18;0
org.apache.catalina.tribes.membership.McastServiceImpl.send(boolean, DatagramPacket);org.apache.catalina.tribes.membership.MemberImpl;0;1;6;0.8537;308;12;27;2;0;0.9574;300;29;19
org.apache.catalina.manager.ManagerServlet.sessions(PrintWriter, String, int);org.apache.catalina.Container;1;0;3;0.9592;913;34;13;2;0;0.9500;34;34;6
org.apache.tomcat.util.buf.MessageBytes.indexOf(char, int);org.apache.tomcat.util.buf.ByteChunk;0;0;7;0.9091;402;31;17;1;0;0.9808;425;43;10
org.apache.catalina.startup.Catalina.stop();org.apache.juli.ClassLoaderLogManager;0;0;4;0.8800;311;18;8;0;0;1.0000;272;11;2
org.apache.catalina.tribes.tipis.AbstractReplicatedMap.mapMemberAdded(Member);org.apache.catalina.tribes.Channel;0;1;4;0.9437;740;50;17;1;0;0.9600;15;15;13
org.apache.jasper.compiler.Validator.ValidateVisitor.checkXmlAttributes(Node.CustomTag, Node.JspAttribute[], Hashtable<String,Object>);org.apache.jasper.compiler.PageInfo;8;1;3;0.9344;710;36;19;0;4;0.9579;319;30;44
org.apache.jasper.JspCompilationContext.getDerivedPackageName();org.apache.jasper.compiler.JspUtil;0;0;2;0.9667;420;31;31;1;0;1.0000;693;44;8
org.apache.catalina.tribes.group.ChannelInterceptorBase.getMembers();org.apache.catalina.tribes.ChannelInterceptor;0;0;1;0.9444;66;14;4;1;0;0.9412;16;16;0
org.apache.tomcat.util.http.MimeHeaders.getUniqueValue(String);org.apache.tomcat.util.http.MimeHeaderField;1;0;2;0.9130;129;18;3;0;2;0.7778;13;1;4
org.apache.catalina.valves.CometConnectionManagerValve.sessionDestroyed(HttpSessionEvent);org.apache.catalina.connector.CometEventImpl;4;0;2;0.9167;146;11;6;1;2;0.8421;54;6;5
org.apache.coyote.ajp.AjpAprProtocol.getBacklog();org.apache.tomcat.util.net.AbstractEndpoint;0;0;0;0;0;0;0;0;0;0;0;0;0
org.apache.catalina.startup.ContextConfig.configureStop();org.apache.catalina.Host;0;0;0;0;0;0;0;0;0;0;0;0;0
org.apache.tomcat.util.http.Parameters.urlDecode(ByteChunk, String);org.apache.tomcat.util.buf.CharChunk;2;0;2;0.9592;363;23;19;4;1;0.9107;393;39;8
org.apache.catalina.session.JDBCStore.save(Session);org.apache.catalina.session.StandardSession;1;6;9;0.7727;495;34;23;1;0;0.9903;558;58;26
org.apache.jasper.compiler.Dumper.DumpVisitor.visit(Node.PageDirective);org.apache.jasper.compiler.Node;1;1;0;0.9643;122;27;1;0;1;0.9643;170;7;15
org.apache.el.parser.ELParser.Compare();org.apache.el.parser.JJTELParserState;2;3;4;0.9524;2195;111;22;4;0;0.8857;74;10;5
org.apache.catalina.realm.JDBCRealm.getRoles(String);org.apache.tomcat.util.res.StringManager;1;3;2;0.8571;277;13;16;0;0;1.0000;36;3;3
org.apache.jasper.tagplugins.jstl.core.ForEach.doCollection(TagPluginContext);org.apache.jasper.compiler.tagplugin.TagPluginContext;0;1;4;0.5455;139;3;4;5;0;0.7368;14;14;0
org.apache.catalina.connector.Request.parseParts();org.apache.tomcat.util.http.fileupload.ServletFileUpload;0;0;0;0;0;0;0;0;0;0;0;0;0
org.apache.catalina.tribes.tipis.AbstractReplicatedMap.MapEntry.isDiffable();org.apache.catalina.tribes.tipis.ReplicatedMapEntry;0;0;1;0.9444;93;11;6;1;0;0.9091;10;10;0
org.apache.tomcat.util.bcel.classfile.LineNumberTable.toString();org.apache.tomcat.util.bcel.classfile.LineNumber;0;0;0;0;0;0;0;0;0;0;0;0;0
org.apache.catalina.session.StandardSession.passivate();org.apache.catalina.Session;2;3;3;0.9367;558;58;26;0;1;1.0000;32;32;4
org.apache.catalina.core.StandardService.destroyInternal();org.apache.catalina.Lifecycle;0;0;0;0;0;0;0;0;0;0;0;0;0
org.apache.catalina.connector.Request.getRemotePort();org.apache.coyote.ActionCode;2;0;2;0.9885;1084;128;51;0;1;1.0000;6;0;26
org.apache.catalina.startup.Tomcat.getEngine();org.apache.catalina.Service;0;1;3;0.8889;218;21;14;0;0;1.0000;15;15;0
org.apache.catalina.tribes.group.ChannelCoordinator.memberDisappeared(Member);org.apache.catalina.tribes.transport.SenderState;0;0;0;1.0000;164;15;5;1;0;1.0000;45;9;5
org.apache.jasper.compiler.Validator.ValidateVisitor.visit(Node.JspRoot);org.apache.jasper.compiler.Node;0;0;2;0.9773;710;36;19;1;0;0.9667;170;7;15
org.apache.catalina.tribes.group.interceptors.NonBlockingCoordinator.handleMyToken(MemberImpl, CoordinationMessage, Member, Membership);org.apache.catalina.tribes.util.Arrays;1;3;3;0.9107;352;38;14;3;0;1.0000;149;24;1
org.apache.catalina.session.StandardSession.expire(boolean);org.apache.tomcat.util.res.StringManager;2;5;7;0.8851;558;58;26;0;0;1.0000;36;3;3
org.apache.catalina.security.SecurityUtil.execute(Method, Object, Object[], Principal);org.apache.catalina.Globals;2;0;2;1.0000;146;11;17;0;1;1.0000;0;0;39
org.apache.catalina.tribes.group.interceptors.TcpPingInterceptor.start(int);org.apache.catalina.tribes.ChannelInterceptor;0;0;5;0.7333;78;6;10;1;0;0.9545;16;16;0
org.apache.el.parser.ELParser.CompositeExpression();org.apache.el.parser.JJTELParserState;2;5;4;0.9353;2195;111;22;4;0;0.8621;74;10;5
org.apache.coyote.http11.Http11Processor.prepareRequest();org.apache.juli.logging.Log;6;3;13;0.8391;847;26;37;2;0;0.9649;18;18;0
org.apache.jasper.xmlparser.ASCIIReader.read();org.apache.jasper.compiler.Localizer;0;0;1;0.9000;43;8;3;1;0;1.0000;34;6;1
org.apache.catalina.servlets.WebdavServlet.doCopy(HttpServletRequest, HttpServletResponse);org.apache.catalina.servlets.WebdavStatus;1;1;0;0.9706;1460;29;23;0;1;1.0000;12;2;27
org.apache.coyote.http11.Http11AprProcessor.process(long);org.apache.tomcat.jni.Socket;7;4;22;0.7241;938;28;36;1;0;1.0000;37;37;34
org.apache.catalina.core.StandardWrapper.unload();org.apache.tomcat.InstanceManager;4;1;10;0.9091;712;75;32;1;0;0.9545;4;4;0
org.apache.el.parser.AstValue.getValue(EvaluationContext);org.apache.el.parser.AstMethodParameters;0;0;0;0;0;0;0;0;0;0;0;0;0
org.apache.catalina.manager.StatusManagerServlet.doGet(HttpServletRequest, HttpServletResponse);org.apache.tomcat.util.res.StringManager;1;0;5;0.5000;160;4;6;0;0;1.0000;36;3;3
org.apache.catalina.valves.CometConnectionManagerValve.startInternal();org.apache.catalina.Lifecycle;0;0;0;0;0;0;0;0;0;0;0;0;0
org.apache.jasper.compiler.Validator.ValidateVisitor.visit(Node.ParamAction);org.apache.jasper.compiler.Node;1;2;2;0.9318;710;36;19;1;0;0.9688;170;7;15
org.apache.coyote.Request.setContentType(String);org.apache.tomcat.util.buf.MessageBytes;0;0;1;0.9808;219;17;34;1;0;0.9773;402;31;17
org.apache.coyote.http11.Http11Protocol.Http11ConnectionHandler.process(SocketWrapper<Socket>, SocketStatus);org.apache.coyote.http11.Http11Processor;0;0;0;0;0;0;0;0;0;0;0;0;0
org.apache.catalina.core.ApplicationContextFacade.addFilter(String, Class<? extends Filter>);org.apache.catalina.core.ApplicationContext;0;1;1;0.9600;426;46;3;1;0;0.9828;460;47;13
org.apache.jasper.compiler.Parser.parseComment(Node);org.apache.jasper.compiler.ErrorDispatcher;0;0;3;0.9559;1203;56;14;1;0;0.9630;158;22;2
org.apache.catalina.startup.Embedded.startInternal();org.apache.juli.logging.Log;0;0;0;0;0;0;0;0;0;0;0;0;0
org.apache.catalina.manager.host.HTMLHostManagerServlet.list(HttpServletRequest, HttpServletResponse, String);org.apache.catalina.util.ServerInfo;1;0;7;1.0000;194;6;7;1;0;1.0000;19;4;3
org.apache.catalina.loader.WebappLoader.setPermissions();org.apache.catalina.Globals;1;0;2;0.9661;548;39;19;0;2;1.0000;0;0;39
org.apache.coyote.http11.Http11AprProcessor.parseHost(MessageBytes);org.apache.tomcat.util.net.AbstractEndpoint;0;0;0;0;0;0;0;0;0;0;0;0;0
org.apache.coyote.ajp.AjpProtocol.AjpConnectionHandler.process(SocketWrapper<Socket>, SocketStatus);org.apache.coyote.ActionCode;0;0;0;0;0;0;0;0;0;0;0;0;0
org.apache.catalina.mbeans.MemoryUserDatabaseMBean.getRoles();org.apache.catalina.Role;0;1;0;0.9524;168;12;6;1;0;0.8750;5;5;0
org.apache.catalina.core.StandardWrapper.loadServlet();org.apache.catalina.Context;6;3;15;0.8729;712;75;32;1;0;0.9936;125;125;1
org.apache.jasper.compiler.CompilationUnit.getContents();org.apache.juli.logging.Log;3;0;0;1.0000;52;4;2;1;0;0.9545;18;18;0
org.apache.jasper.compiler.Generator.generateDeclarations(Node.Nodes);org.apache.jasper.compiler.ServletWriter;4;1;1;0.9815;781;28;16;8;1;0.6667;65;13;6
org.apache.catalina.core.ApplicationContextFacade.getServletNames();org.apache.catalina.core.ApplicationContext;0;1;1;0.9600;426;46;3;1;0;0.9828;460;47;13
org.apache.tomcat.util.modeler.Registry.getType(ObjectName, String);org.apache.juli.logging.Log;0;0;2;0.9762;446;36;10;1;0;0.9474;18;18;0
org.apache.jasper.compiler.ErrorDispatcher.jspError(Node, String, String);org.apache.jasper.compiler.Node;1;1;0;0.9524;158;22;2;0;1;0.9643;170;7;15
org.apache.tomcat.util.http.mapper.Mapper.addWelcomeFile(String, String, String);org.apache.juli.logging.Log;0;0;0;0;0;0;0;0;0;0;0;0;0
org.apache.coyote.ajp.AjpAprProtocol.destroy();org.apache.tomcat.util.modeler.Registry;1;1;5;0.9298;219;40;15;2;0;0.9796;446;36;10
org.apache.catalina.connector.Connector.setProtocol(String);org.apache.catalina.core.AprLifecycleListener;0;1;2;0.9890;455;59;40;0;0;1.0000;127;6;10
org.apache.catalina.deploy.NamingResources.addMessageDestinationRef(MessageDestinationRef);org.apache.catalina.deploy.ResourceBase;1;0;3;0.9400;332;35;12;0;0;1.0000;43;9;6
org.apache.coyote.http11.Http11NioProtocol.getSelectorTimeout();org.apache.tomcat.util.net.NioEndpoint;1;0;1;0.9917;448;96;26;0;1;0.9899;629;43;64
org.apache.catalina.loader.WebappLoader.setClassPath();org.apache.catalina.Globals;2;1;4;0.9310;548;39;19;0;1;1.0000;0;0;39
org.apache.jasper.compiler.Validator.validateDirectives(Compiler, Node.Nodes);org.apache.jasper.compiler.Node.Nodes;0;0;0;1.0000;65;3;0;1;0;0.9000;43;5;3
org.apache.jasper.compiler.Parser.parseAttribute(AttributesImpl);org.apache.jasper.compiler.PageInfo;1;2;3;0.9296;1203;56;14;1;0;0.9884;319;30;44
org.apache.tomcat.util.bcel.classfile.JavaClass.isSuper();org.apache.tomcat.util.bcel.Constants;0;0;0;0;0;0;0;0;0;0;0;0;0
org.apache.catalina.startup.HostConfig.undeployApps();org.apache.catalina.Container;1;0;4;0.9608;755;35;15;2;0;0.9500;34;34;6
org.apache.catalina.startup.Embedded.removeEngine(Engine);org.apache.catalina.Container;0;0;2;0.9804;372;34;11;1;0;0.9762;34;34;6
org.apache.coyote.http11.Http11Protocol.init();org.apache.tomcat.util.res.StringManager;3;1;10;0.9000;361;52;31;1;0;0.9545;36;3;3
org.apache.catalina.startup.WebAnnotationSet.loadApplicationServletAnnotations(Context);org.apache.catalina.Container;0;1;0;1.0000;125;6;0;2;0;0.9459;34;34;6
org.apache.catalina.manager.host.HTMLHostManagerServlet.list(HttpServletRequest, HttpServletResponse, String);org.apache.catalina.util.RequestUtil;1;0;7;1.0000;194;6;7;1;0;1.0000;183;13;1
org.apache.coyote.http11.Http11AprProcessor.endRequest();org.apache.juli.logging.Log;1;0;6;0.9403;938;28;36;1;0;0.9615;18;18;0
org.apache.catalina.tribes.membership.McastService.getMember(Member);org.apache.catalina.tribes.membership.Membership;1;0;1;0.9844;345;53;13;1;0;0.9545;136;11;6
org.apache.jasper.JspCompilationContext.incrementRemoved();org.apache.jasper.compiler.JspRuntimeContext;0;0;3;0.9508;420;31;31;1;0;0.9565;174;9;10
org.apache.catalina.valves.ExtendedAccessLogValve.CookieElement.addElement(StringBuilder, Date, Request, Response, long);org.apache.catalina.valves.ExtendedAccessLogValve;0;0;1;0.6667;11;1;1;1;0;0.9167;367;10;2
org.apache.catalina.core.StandardContext.addApplicationListener(String);org.apache.juli.logging.Log;1;0;3;0.9935;2385;204;107;1;0;0.9524;18;18;0
org.apache.catalina.loader.WebappLoader.backgroundProcess();org.apache.catalina.Loader;0;2;2;0.9310;548;39;19;1;0;0.9500;14;14;0
org.apache.jasper.compiler.JspDocumentParser.parseStandardAction(String, String, Attributes, Attributes, Attributes, Mark);org.apache.jasper.compiler.Node.TagDirective;3;1;6;0.8444;649;28;20;1;0;0.9286;27;2;1
org.apache.catalina.connector.RequestFacade.isAsyncSupported();org.apache.catalina.connector.Request;0;0;1;0.9865;462;73;2;1;0;0.9943;1084;128;51
org.apache.catalina.ha.backend.HeartbeatListener.lifecycleEvent(LifecycleEvent);org.apache.juli.logging.Log;2;0;6;0.7222;81;2;10;1;0;0.9667;18;18;0
org.apache.catalina.tribes.group.interceptors.NonBlockingCoordinator.memberAdded(Member, boolean);org.apache.catalina.tribes.Member;0;3;2;0.9038;352;38;14;1;0;0.9524;13;13;1
org.apache.tomcat.util.http.MimeHeaders.removeHeader(String);org.apache.tomcat.util.buf.MessageBytes;1;1;2;0.8636;129;18;3;1;0;0.9787;402;31;17
org.apache.catalina.startup.WebRuleSet.configureInjectionRules(Digester, String);org.apache.tomcat.util.digester.Digester;0;0;1;0.9091;183;4;4;2;0;0.9851;849;103;29
org.apache.catalina.mbeans.ServerLifecycleListener.createMBeans(ContextResource);org.apache.catalina.mbeans.MBeanUtils;0;0;1;1.0000;569;32;2;1;0;1.0000;853;61;5
org.apache.el.parser.ELParser.CompositeExpression();org.apache.el.parser.ELParserConstants;2;5;4;0.9353;2195;111;22;0;3;0.9577;0;0;57
org.apache.tomcat.util.net.AprEndpoint.init();org.apache.tomcat.jni.Status;7;0;29;0.6456;629;27;59;0;1;1.0000;160;54;59
org.apache.jasper.compiler.Validator.ValidateVisitor.FVVisitor.visit(ELNode.Function);org.apache.jasper.compiler.PageInfo;4;0;0;1.0000;33;1;1;2;0;0.9765;319;30;44
org.apache.tomcat.util.net.AprEndpoint.init();org.apache.tomcat.util.res.StringManager;7;0;29;0.6456;629;27;59;0;0;1.0000;36;3;3
org.apache.catalina.realm.JDBCRealm.startInternal();org.apache.tomcat.util.res.StringManager;0;0;0;0;0;0;0;0;0;0;0;0;0
org.apache.catalina.core.ApplicationContextFacade.getRequestDispatcher(String);org.apache.catalina.security.SecurityUtil;0;1;1;0.9600;426;46;3;1;0;1.0000;146;11;17
org.apache.catalina.session.FileStore.remove(String);org.apache.juli.logging.Log;1;2;0;0.9000;186;13;6;2;0;0.9167;18;18;0
org.apache.catalina.ssi.SSIMediator.encode(String, String);org.apache.catalina.util.URLEncoder;0;0;1;1.0000;190;16;13;1;0;0.7500;54;2;2
org.apache.catalina.startup.Embedded.createContext(String, String);org.apache.juli.logging.Log;2;0;2;0.9796;372;34;11;2;0;0.9130;18;18;0
org.apache.coyote.http11.Http11AprProcessor.event(SocketStatus);org.apache.juli.logging.Log;4;1;9;0.8857;938;28;36;1;0;0.9697;18;18;0
org.apache.catalina.mbeans.MBeanUtils.createMBean(Role);org.apache.tomcat.util.modeler.ManagedBean;0;2;2;1.0000;853;61;5;2;0;0.9429;252;23;13
org.apache.catalina.deploy.WebXml.configureContext(Context);org.apache.catalina.deploy.JspPropertyGroup;0;0;0;0;0;0;0;0;0;0;0;0;0
org.apache.catalina.session.FileStore.save(Session);org.apache.catalina.Session;1;2;0;0.9091;186;13;6;1;0;0.9756;32;32;4
org.apache.catalina.core.StandardWrapper.unload();org.apache.catalina.core.StandardContext;4;1;10;0.9091;712;75;32;0;1;0.9969;2385;204;107
org.apache.jasper.compiler.Validator.ValidateVisitor.visit(Node.JspElement);org.apache.jasper.compiler.ErrorDispatcher;3;1;1;0.9592;710;36;19;1;0;0.9667;158;22;2
org.apache.jasper.xmlparser.UTF8Reader.mark(int);org.apache.jasper.compiler.Localizer;0;0;0;1.0000;356;11;7;1;0;1.0000;34;6;1
org.apache.catalina.core.ApplicationFilterConfig.release();org.apache.catalina.Globals;2;0;2;0.8947;121;10;5;0;1;1.0000;0;0;39
org.apache.catalina.authenticator.FormAuthenticator.forwardToErrorPage(Request, HttpServletResponse, LoginConfig);org.apache.catalina.deploy.LoginConfig;0;0;0;0;0;0;0;0;0;0;0;0;0
org.apache.jasper.compiler.SmapUtil.PreScanVisitor.doVisit(Node);org.apache.jasper.compiler.Node;1;0;1;0.5000;9;1;1;0;1;0.9643;170;7;15
org.apache.jasper.JspC.initWebXml();org.apache.jasper.compiler.Localizer;0;0;8;0.9250;840;35;81;1;0;1.0000;34;6;1
org.apache.catalina.core.AsyncContextImpl.addListener(AsyncListener);org.apache.catalina.core.AsyncListenerWrapper;1;0;1;0.9677;244;21;12;0;1;0.7500;12;2;1
org.apache.coyote.http11.Http11NioProcessor.prepareRequest();org.apache.coyote.Request;7;3;13;0.8222;954;28;38;2;5;0.9195;219;17;34
org.apache.coyote.http11.Http11AprProcessor.process(long);org.apache.coyote.Adapter;7;4;22;0.7241;938;28;36;1;0;0.9800;2;2;0
org.apache.catalina.ha.ClusterRuleSet.addRuleInstances(Digester);org.apache.tomcat.util.digester.Digester;0;0;1;0.8333;49;1;1;3;0;0.9776;849;103;29
org.apache.jasper.compiler.JspDocumentParser.checkScriptingBody(Node.ScriptingElement);org.apache.jasper.compiler.Localizer;2;0;0;1.0000;649;28;20;1;0;1.0000;34;6;1
org.apache.catalina.ha.session.DeltaManager.deserializeDeltaRequest(DeltaSession, byte[]);org.apache.catalina.ha.session.DeltaSession;1;0;0;1.0000;826;43;42;3;0;0.9400;379;41;7
org.apache.catalina.startup.DigesterFactory.register(String, String, SchemaResolver);org.apache.juli.logging.Log;0;0;1;1.0000;49;5;1;1;0;0.9474;18;18;0
org.apache.coyote.http11.Http11AprProtocol.Http11ConnectionHandler.process(long);org.apache.coyote.http11.Http11AprProcessor;3;1;3;0.7647;119;5;5;2;0;0.9726;938;28;36
org.apache.catalina.connector.MapperListener.registerContext(Context);org.apache.catalina.Context;0;0;0;0;0;0;0;0;0;0;0;0;0
org.apache.catalina.mbeans.MBeanFactory.createDataSourceRealm(String, String, String, String, String, String, String);org.apache.catalina.core.ContainerBase;2;1;0;0.9767;432;35;2;1;0;0.9897;603;62;29
org.apache.catalina.tribes.transport.bio.BioReplicationTask.run();org.apache.juli.logging.Log;0;1;3;0.7500;92;6;3;1;0;0.9583;18;18;0
org.apache.catalina.core.ApplicationHttpRequest.getRequestDispatcher(String);org.apache.catalina.Context;1;3;1;0.9091;325;29;17;1;0;0.9922;125;125;1
org.apache.catalina.ha.tcp.SimpleTcpCluster.getManagerName(String, Manager);org.apache.catalina.Container;0;1;0;0.9851;371;45;31;2;0;0.9444;34;34;6
org.apache.jasper.compiler.Generator.GenerateVisitor.visit(Node.IncludeAction);org.apache.jasper.compiler.Node;5;3;1;0.9429;1737;45;16;1;2;0.9211;170;7;15
org.apache.catalina.util.LifecycleBase.destroy();org.apache.juli.logging.Log;0;0;0;0;0;0;0;0;0;0;0;0;0
org.apache.el.parser.AstMethodParameters.getParameterTypes(EvaluationContext);org.apache.el.parser.Node;0;0;0;0;0;0;0;0;0;0;0;0;0
org.apache.catalina.mbeans.MBeanFactory.createUserDatabaseRealm(String, String);org.apache.catalina.core.ContainerBase;2;1;0;0.9737;432;35;2;1;0;0.9891;603;62;29
org.apache.jasper.compiler.Generator.GenerateVisitor.visit(Node.TemplateText);org.apache.jasper.compiler.JspUtil;6;0;3;0.9610;1737;45;16;0;1;1.0000;693;44;8
org.apache.catalina.connector.RequestFacade.setCharacterEncoding(String);org.apache.catalina.connector.Request;1;0;2;0.9865;462;73;2;1;0;0.9943;1084;128;51
org.apache.tomcat.util.modeler.Registry.load(String, Object, String);org.apache.juli.logging.Log;0;2;1;0.9545;446;36;10;2;0;0.9048;18;18;0
org.apache.jasper.compiler.Generator.GenerateVisitor.visit(Node.CustomTag);org.apache.jasper.compiler.PageInfo;5;1;8;0.8861;1737;45;16;0;0;1.0000;319;30;44
org.apache.catalina.mbeans.ServerLifecycleListener.destroyMBeans(Engine);org.apache.catalina.mbeans.MBeanUtils;0;1;1;0.9730;569;32;2;1;0;1.0000;853;61;5
org.apache.catalina.connector.OutputBuffer.reset();org.apache.tomcat.util.buf.ByteChunk;0;0;6;0.8500;207;25;15;1;0;0.9811;425;43;10
org.apache.jasper.compiler.Generator.GenerateVisitor.visit(Node.UseBean);org.apache.jasper.compiler.Node.UseBean;7;0;1;0.9877;1737;45;16;0;1;0.9600;15;1;1
org.apache.jasper.compiler.Generator.GenerateVisitor.visit(Node.GetProperty);org.apache.jasper.compiler.Node;3;0;1;0.9853;1737;45;16;1;2;0.9091;170;7;15
org.apache.tomcat.util.digester.Digester.endPrefixMapping(String);org.apache.juli.logging.Log;0;1;2;0.9779;849;103;29;2;0;0.9130;18;18;0
org.apache.jasper.compiler.Dumper.DumpVisitor.visit(Node.JspBody);org.apache.jasper.compiler.Node;1;3;0;0.8929;122;27;1;0;1;0.9667;170;7;15
org.apache.catalina.startup.ContextConfig.getWebXmlSource(String, String);org.apache.catalina.Context;0;0;0;0;0;0;0;0;0;0;0;0;0
org.apache.coyote.http11.AbstractInputBuffer.nextRequest();org.apache.coyote.Request;0;0;0;0;0;0;0;0;0;0;0;0;0
org.apache.catalina.core.ApplicationPart.getHeaders(String);org.apache.tomcat.util.http.fileupload.DiskFileItem;0;0;0;0;0;0;0;0;0;0;0;0;0
org.apache.catalina.ha.tcp.SimpleTcpCluster.createManager(String);org.apache.juli.logging.Log;0;1;2;0.9714;371;45;31;3;0;0.8696;18;18;0
org.apache.jasper.compiler.Validator.ValidateVisitor.visit(Node.Scriptlet);org.apache.jasper.compiler.ErrorDispatcher;1;0;2;0.9545;710;36;19;1;0;0.9600;158;22;2
org.apache.catalina.startup.TldConfig.tldScanResourcePaths(String);org.apache.catalina.startup.XmlErrorHandler;0;0;0;0;0;0;0;0;0;0;0;0;0
org.apache.catalina.manager.ManagerServlet.undeploy(PrintWriter, String);org.apache.tomcat.util.ExceptionUtils;0;0;0;0;0;0;0;0;0;0;0;0;0
org.apache.jasper.compiler.Generator.generateDestroy();org.apache.jasper.compiler.ServletWriter;0;0;3;0.9286;781;28;16;6;0;0.7000;65;13;6
org.apache.catalina.users.MemoryUserCreationFactory.createObject(Attributes);org.apache.catalina.users.MemoryUserDatabase;1;0;1;0.9000;66;2;2;5;0;0.8571;252;22;10
org.apache.catalina.authenticator.SingleSignOn.sessionEvent(SessionEvent);org.apache.catalina.SessionEvent;1;2;1;0.9000;187;18;8;2;0;0.8750;18;4;3
org.apache.catalina.loader.WebappLoader.stopInternal();org.apache.catalina.core.ContainerBase;0;0;0;0;0;0;0;0;0;0;0;0;0
org.apache.catalina.tribes.group.interceptors.DomainFilterInterceptor.memberAdded(Member);org.apache.catalina.tribes.membership.Membership;0;1;2;0.7500;47;8;2;1;0;0.9600;136;11;6
org.apache.catalina.mbeans.ServerLifecycleListener.lifecycleEvent(LifecycleEvent);org.apache.catalina.mbeans.MBeanFactory;3;5;1;0.8684;569;32;2;0;0;1.0000;432;35;2
org.apache.jasper.compiler.JspReader.pushFile(String, String, InputStreamReader);org.apache.jasper.compiler.Mark;0;3;5;0.8000;322;25;9;1;0;0.9714;108;9;11
org.apache.catalina.valves.AccessLogValve.DateAndTimeElement.addElement(StringBuilder, Date, Request, Response, long);org.apache.catalina.valves.AccessLogValve;0;0;0;0;0;0;0;0;0;0;0;0;0
org.apache.coyote.ajp.AjpProtocol.pause();org.apache.tomcat.util.net.JIoEndpoint;1;1;3;0.9608;201;32;16;1;0;0.9800;312;23;26
org.apache.catalina.connector.RequestFacade.GetRequestDispatcherPrivilegedAction.run();org.apache.catalina.connector.RequestFacade;1;0;1;0.6667;6;1;1;0;1;0.9868;462;73;2
org.apache.catalina.core.ApplicationPart.write(String);org.apache.tomcat.util.http.fileupload.FileItem;0;0;2;0.8333;59;9;2;1;0;0.9412;15;15;0
org.apache.catalina.core.AsyncContextImpl.start(Runnable);org.apache.coyote.ActionCode;1;1;5;0.8438;244;21;12;0;0;1.0000;6;0;26
org.apache.catalina.mbeans.MBeanUtils.destroyMBean(ContextEnvironment);org.apache.tomcat.util.modeler.ManagedBean;0;2;2;1.0000;853;61;5;1;0;0.9714;252;23;13
org.apache.catalina.loader.WebappClassLoader.findClassInternal(String);org.apache.catalina.loader.ResourceEntry;2;3;2;0.9467;1193;44;30;0;6;0.4545;0;0;7
org.apache.jasper.compiler.Parser.parseBody(Node, String, String);org.apache.jasper.compiler.ErrorDispatcher;0;6;6;0.8732;1203;56;14;2;0;0.9429;158;22;2
org.apache.catalina.connector.Request.getQueryString();org.apache.tomcat.util.buf.MessageBytes;1;0;1;0.9943;1084;128;51;1;0;0.9778;402;31;17
org.apache.catalina.deploy.WebXml.orderWebFragments(WebXml, Map<String,WebXml>);org.apache.tomcat.util.res.StringManager;0;0;6;0.9420;1446;42;41;1;0;0.8889;36;3;3
org.apache.catalina.tribes.membership.McastService.start(int);org.apache.catalina.tribes.membership.MemberImpl;2;1;6;0.9211;345;53;13;7;2;0.8200;300;29;19
org.apache.jasper.compiler.Validator.ValidateVisitor.visit(Node.SetProperty);org.apache.jasper.compiler.Node.SetProperty;1;1;2;0.9565;710;36;19;0;1;0.9000;15;1;1
org.apache.jasper.compiler.ScriptingVariabler.ScriptingVariableVisitor.setScriptingVars(Node.CustomTag, int);org.apache.jasper.compiler.ErrorDispatcher;2;0;2;0.8182;60;2;2;1;0;0.9655;158;22;2
org.apache.catalina.connector.ResponseFacade.containsHeader(String);org.apache.tomcat.util.res.StringManager;1;0;2;0.9756;224;40;2;0;0;1.0000;36;3;3
org.apache.catalina.servlets.CGIServlet.CGIEnvironment.expandCGIScript();org.apache.catalina.servlets.CGIServlet;1;0;3;0.8636;305;9;11;0;3;0.8182;195;5;6
org.apache.catalina.ha.authenticator.ClusterSingleSignOn.removeSession(String, Session);org.apache.catalina.ha.CatalinaCluster;1;1;2;0.8929;149;16;4;2;0;0.9375;20;20;1
org.apache.catalina.servlets.DefaultServlet.rewriteUrl(String);org.apache.catalina.util.URLEncoder;0;0;1;1.0000;994;37;18;1;0;0.7500;54;2;2
org.apache.coyote.ajp.AjpAprProcessor.action(ActionCode, Object);org.apache.tomcat.util.buf.ByteChunk;6;3;13;0.7636;616;13;30;2;1;0.9595;425;43;10
org.apache.catalina.session.ManagerBase.setRandomFile(String);org.apache.catalina.Globals;1;0;3;0.9647;489;55;31;0;1;1.0000;0;0;39
org.apache.jasper.compiler.Parser.parseDeclaration(Node);org.apache.jasper.compiler.ErrorDispatcher;0;1;3;0.9412;1203;56;14;1;0;0.9643;158;22;2
org.apache.catalina.connector.Response.setConnector(Connector);org.apache.catalina.connector.Connector;0;0;4;0.9545;578;70;19;1;0;0.9896;455;59;40
org.apache.catalina.core.StandardHostValve.status(Request, Response);org.apache.catalina.connector.Response;3;1;0;0.9500;149;7;3;3;2;0.9495;578;70;19
org.apache.catalina.connector.Request.getHost();org.apache.tomcat.util.http.mapper.MappingData;0;1;0;0.9942;1084;128;51;0;0;1.0000;11;1;9
org.apache.catalina.mbeans.MBeanFactory.createSingleSignOn(String);org.apache.catalina.util.LifecycleMBeanBase;0;0;0;0;0;0;0;0;0;0;0;0;0
org.apache.catalina.tribes.tipis.LazyReplicatedMap.publishEntryInfo(Object, Object);org.apache.juli.logging.Log;1;0;1;1.0000;54;2;1;3;0;0.8966;18;18;0
org.apache.naming.resources.ProxyDirContext.revalidate(CacheEntry);org.apache.naming.resources.CacheEntry;1;0;1;0.9878;469;64;15;0;3;0.7692;13;2;8
org.apache.el.lang.ELArithmetic.coerce(Object);org.apache.el.util.MessageFactory;0;3;1;0.7778;96;16;5;1;0;1.0000;24;7;1
org.apache.coyote.http11.InternalAprInputBuffer.parseHeader();org.apache.coyote.http11.Constants;2;1;5;0.8276;358;13;15;0;8;1.0000;0;0;44
org.apache.catalina.core.StandardContext.addErrorPage(ErrorPage);org.apache.juli.logging.Log;1;1;4;0.9873;2385;204;107;2;0;0.9259;18;18;0
org.apache.catalina.ant.jmx.JMXAccessorInvokeTask.jmxInvoke(MBeanServerConnection, String);org.apache.catalina.ant.jmx.Arg;1;0;2;0.8000;55;4;3;0;2;0.7143;15;0;2
org.apache.catalina.connector.RequestFacade.getLocales();org.apache.catalina.Globals;2;0;2;0.9865;462;73;2;0;1;1.0000;0;0;39
org.apache.tomcat.util.IntrospectionUtils.setAttribute(Object, String, Object);org.apache.juli.logging.Log;1;0;1;1.0000;602;31;5;2;0;0.8947;18;18;0
org.apache.naming.SelectorContext.lookup(Name);org.apache.juli.logging.Log;0;2;0;0.9412;146;31;6;0;0;1.0000;18;18;0
org.apache.coyote.http11.Http11NioProtocol.getPollerThreadPriority();org.apache.tomcat.util.net.AbstractEndpoint;0;0;0;0;0;0;0;0;0;0;0;0;0
org.apache.tomcat.util.modeler.modules.MbeansDescriptorsDOMSource.execute();org.apache.tomcat.util.modeler.OperationInfo;2;0;3;0.8889;93;2;6;1;0;0.9600;53;8;4
org.apache.coyote.http11.Http11AprProtocol.resume();org.apache.juli.logging.Log;1;1;3;0.9810;387;76;26;3;0;0.8636;18;18;0
org.apache.tomcat.util.net.AprEndpoint.Sendfile.add(SendfileData);org.apache.tomcat.util.net.AprEndpoint.SendfileData;4;0;1;0.9500;187;5;6;0;7;0.4167;0;0;8
org.apache.catalina.core.StandardHostValve.invoke(Request, Response);org.apache.tomcat.util.res.StringManager;2;2;1;0.8667;149;7;3;0;0;1.0000;36;3;3
org.apache.catalina.core.StandardServer.await();org.apache.tomcat.util.res.StringManager;0;0;6;0.9057;331;32;21;0;0;1.0000;36;3;3
org.apache.jasper.compiler.JspRuntimeContext.initClassPath();org.apache.jasper.Constants;1;0;5;0.7826;174;9;10;0;1;1.0000;0;0;34
org.apache.catalina.core.ApplicationPart.getInputStream();org.apache.tomcat.util.http.fileupload.FileItem;0;0;1;0.9167;59;9;2;1;0;0.9375;15;15;0
org.apache.catalina.tribes.transport.nio.NioSender.setMessage(byte[], int, int);org.apache.catalina.tribes.io.XByteBuffer;0;1;7;0.6800;255;12;11;1;0;0.9706;317;36;7
org.apache.catalina.connector.ResponseFacade.getCharacterEncoding();org.apache.catalina.connector.Response;1;0;2;0.9756;224;40;2;1;0;0.9888;578;70;19
org.apache.coyote.http11.filters.BufferedInputFilter.setRequest(Request);org.apache.tomcat.util.buf.ByteChunk;0;0;3;0.7500;49;6;6;2;0;0.9608;425;43;10
org.apache.coyote.ajp.AjpProcessor.recycle();org.apache.tomcat.util.buf.MessageBytes;0;0;8;0.8095;570;12;32;1;0;0.9811;402;31;17
org.apache.catalina.realm.JAASRealm.setContainer(Container);org.apache.catalina.Container;0;1;2;0.9130;195;15;10;1;0;0.9737;34;34;6
org.apache.catalina.manager.host.HostManagerServlet.add(PrintWriter, String, String, String, boolean, boolean, boolean, boolean, boolean);org.apache.tomcat.util.res.StringManager;0;0;0;0;0;0;0;0;0;0;0;0;0
org.apache.el.parser.AstValue.getType(EvaluationContext);org.apache.el.lang.EvaluationContext;0;1;0;0.9167;103;8;1;2;0;0.8571;35;7;3
org.apache.catalina.connector.OutputBuffer.writeBytes(byte, int, int);org.apache.tomcat.util.buf.ByteChunk;1;0;4;0.9000;207;25;15;1;0;0.9804;425;43;10
org.apache.catalina.mbeans.MemoryUserDatabaseMBean.findUser(String);org.apache.catalina.UserDatabase;0;0;1;0.9524;168;12;6;1;0;0.9474;16;16;0
org.apache.tomcat.util.bcel.classfile.InnerClass.toString(ConstantPool);org.apache.tomcat.util.bcel.classfile.ConstantPool;0;0;0;0;0;0;0;0;0;0;0;0;0
org.apache.catalina.ha.session.JvmRouteSessionIDBinderListener.start();org.apache.juli.logging.Log;0;0;1;0.9231;54;5;3;2;0;0.9130;18;18;0
org.apache.coyote.http11.Http11AprProcessor.prepareResponse();org.apache.tomcat.util.buf.MessageBytes;7;2;12;0.8391;938;28;36;3;0;0.9620;402;31;17
org.apache.tomcat.util.buf.B2CConverter.convert(ByteChunk, CharChunk, int);org.apache.tomcat.util.buf.IntermediateInputStream;3;2;5;0.5000;39;4;7;0;1;0.9167;14;3;1
org.apache.catalina.startup.ExpandWar.copy(File, File);org.apache.juli.logging.Log;1;1;2;1.0000;183;6;2;1;0;0.9444;18;18;0
org.apache.catalina.session.JDBCStore.clear();org.apache.juli.logging.Log;1;5;4;0.8475;495;34;23;1;0;0.9677;18;18;0
org.apache.catalina.connector.Response.setBufferSize(int);org.apache.tomcat.util.res.StringManager;1;1;2;0.9775;578;70;19;0;0;1.0000;36;3;3
org.apache.catalina.tribes.transport.RxTaskPool.returnWorker(AbstractRxTask);org.apache.catalina.tribes.transport.AbstractRxTask;1;0;5;0.6154;89;5;7;0;1;0.9091;37;1;6
org.apache.catalina.session.JDBCStore.clear();org.apache.catalina.Manager;1;5;4;0.8475;495;34;23;1;0;0.9787;34;34;0
org.apache.catalina.mbeans.ContextEnvironmentMBean.setAttribute(Attribute);org.apache.catalina.deploy.NamingResources;0;0;0;1.0000;19;1;0;2;0;0.9615;332;35;12
org.apache.tomcat.util.digester.CallParamRule.end(String, String);org.apache.tomcat.util.digester.Digester;0;0;2;0.8750;61;4;5;1;0;0.9928;849;103;29
org.apache.catalina.connector.RequestFacade.authenticate(HttpServletResponse);org.apache.catalina.connector.Request;0;0;0;0;0;0;0;0;0;0;0;0;0
org.apache.catalina.startup.ContextConfig.antiLocking();org.apache.catalina.startup.ExpandWar;0;0;4;0.9459;779;23;16;2;0;1.0000;183;6;2
org.apache.catalina.tribes.transport.bio.BioSender.openSocket();org.apache.juli.logging.Log;0;0;5;0.9118;148;9;7;3;0;0.9231;18;18;0
org.apache.catalina.startup.TldConfig.execute();org.apache.juli.logging.Log;1;6;2;0.6667;321;14;11;2;0;0.9259;18;18;0
org.apache.catalina.mbeans.ConnectorMBean.setAttribute(Attribute);org.apache.tomcat.util.IntrospectionUtils;0;0;0;1.0000;34;2;0;1;0;1.0000;602;31;5
org.apache.catalina.core.ApplicationContext.addServlet(String, String, Servlet);org.apache.catalina.Container;0;0;0;0;0;0;0;0;0;0;0;0;0
org.apache.catalina.servlets.DefaultServlet.checkSendfile(HttpServletRequest, HttpServletResponse, CacheEntry, long, Range);org.apache.naming.resources.CacheEntry;2;0;1;0.9815;994;37;18;0;2;0.8667;13;2;8
org.apache.catalina.deploy.WebXml.addErrorPage(ErrorPage);org.apache.catalina.deploy.ErrorPage;1;0;1;0.9851;1446;42;41;0;0;1.0000;41;6;3
org.apache.naming.NamingContext.destroySubcontext(Name);org.apache.naming.StringManager;1;1;2;0.9268;282;32;6;2;0;0.8462;65;7;2
org.apache.catalina.session.JDBCStore.open();org.apache.catalina.Container;1;1;6;0.8814;495;34;23;1;0;0.9778;34;34;6
org.apache.tomcat.util.http.mapper.Mapper.find(MapElement[], CharChunk);org.apache.tomcat.util.buf.CharChunk;1;1;0;1.0000;816;39;4;0;2;0.9583;393;39;8
org.apache.coyote.ajp.AjpProtocol.setPort(int);org.apache.tomcat.util.net.AbstractEndpoint;0;0;0;0;0;0;0;0;0;0;0;0;0
org.apache.coyote.ajp.AjpProtocol.resume();org.apache.tomcat.util.res.StringManager;1;1;3;0.9608;201;32;16;1;0;0.9091;36;3;3
org.apache.jasper.compiler.Generator.generateInit();org.apache.jasper.JspCompilationContext;1;0;6;0.9091;781;28;16;0;1;0.9861;420;31;31
org.apache.coyote.ajp.AjpAprProcessor.SocketInputBuffer.doRead(ByteChunk, Request);org.apache.tomcat.util.buf.MessageBytes;3;0;0;1.0000;19;1;0;0;1;0.9815;402;31;17
org.apache.coyote.http11.Http11AprProcessor.asyncDispatch(long, SocketStatus);org.apache.juli.logging.Log;0;0;0;0;0;0;0;0;0;0;0;0;0
org.apache.catalina.connector.RequestFacade.getInputStream();org.apache.tomcat.util.res.StringManager;1;0;2;0.9865;462;73;2;0;0;1.0000;36;3;3
org.apache.catalina.ha.session.JvmRouteBinderValve.startInternal();org.apache.tomcat.util.res.StringManager;0;0;0;0;0;0;0;0;0;0;0;0;0
org.apache.catalina.mbeans.ServerLifecycleListener.createMBeans(MBeanFactory);org.apache.catalina.mbeans.MBeanUtils;0;0;1;1.0000;569;32;2;1;0;1.0000;853;61;5
org.apache.catalina.realm.DataSourceRealm.close(Connection);org.apache.juli.logging.Log;1;0;1;1.0000;244;14;12;1;0;0.9474;18;18;0
org.apache.catalina.tribes.group.interceptors.MessageDispatchInterceptor.sendAsyncData(LinkObject);org.apache.catalina.tribes.ErrorHandler;2;1;1;0.9688;138;12;8;2;0;0.8571;2;2;0
org.apache.jasper.compiler.TagLibraryInfoImpl.generateTLDLocation(String, JspCompilationContext);org.apache.jasper.compiler.TldLocationsCache;1;0;1;0.9583;523;14;6;1;2;1.0000;251;10;12
org.apache.catalina.tribes.io.BufferPool.getBufferPool();org.apache.juli.logging.Log;0;0;3;1.0000;37;4;4;4;0;0.7895;18;18;0
org.apache.catalina.connector.RequestFacade.GetParameterNamesPrivilegedAction.run();org.apache.catalina.connector.Request;1;0;0;1.0000;3;1;0;1;0;0.9943;1084;128;51
org.apache.coyote.ajp.AjpProcessor.process(SocketWrapper<Socket>);org.apache.coyote.Adapter;0;0;0;0;0;0;0;0;0;0;0;0;0
org.apache.catalina.tribes.group.interceptors.NonBlockingCoordinator.startElection(boolean);org.apache.catalina.tribes.group.AbsoluteOrder;1;5;8;0.7547;352;38;14;0;1;1.0000;7;1;1
org.apache.coyote.http11.Http11AprProtocol.getDeferAccept();org.apache.tomcat.util.net.AprEndpoint;1;0;1;0.9901;387;76;26;0;1;0.9875;629;27;59
org.apache.catalina.core.StandardWrapperValve.invoke(Request, Response);org.apache.catalina.Globals;4;1;5;0.8780;341;4;6;0;1;1.0000;0;0;39
org.apache.catalina.core.ApplicationContextFacade.getContextPath();org.apache.catalina.core.ApplicationContext;0;1;1;0.9600;426;46;3;1;0;0.9828;460;47;13
org.apache.catalina.core.ApplicationFilterChain.internalDoFilter(ServletRequest, ServletResponse);org.apache.catalina.util.InstanceSupport;3;0;10;0.7059;225;9;13;4;0;0.8095;81;11;3
org.apache.catalina.core.ApplicationContext.getClassLoader();org.apache.catalina.Loader;0;0;0;0;0;0;0;0;0;0;0;0;0
org.apache.catalina.ha.context.ReplicatedContext.getClassLoaders();org.apache.catalina.Loader;0;0;0;1.0000;68;6;4;1;0;0.9333;14;14;0
org.apache.catalina.connector.InputBuffer.realReadChars(char, int, int);org.apache.tomcat.util.buf.B2CConverter;3;1;7;0.8140;210;19;17;1;0;0.9630;39;4;7
org.apache.catalina.deploy.NamingResources.addLocalEjb(ContextLocalEjb);org.apache.catalina.deploy.ResourceBase;1;0;3;0.9400;332;35;12;2;1;0.8333;43;9;6
org.apache.coyote.http11.Http11NioProcessor.action(ActionCode, Object);org.apache.coyote.RequestInfo;12;1;19;0.8269;954;28;38;0;1;0.9881;134;13;14
org.apache.tomcat.util.modeler.modules.MbeansDescriptorsDOMSource.execute();org.apache.tomcat.util.modeler.ManagedBean;2;0;3;0.8889;93;2;6;3;0;0.9333;252;23;13
org.apache.jasper.compiler.AttributeParser.nextChar();org.apache.jasper.compiler.Localizer;0;0;0;0;0;0;0;0;0;0;0;0;0
org.apache.catalina.core.ApplicationContext.getResourceAsStream(String);org.apache.catalina.core.ContainerBase;1;0;1;0.9825;460;47;13;1;0;0.9890;603;62;29
org.apache.catalina.startup.RelativeOrderingRule.begin(String, String, Attributes);org.apache.catalina.startup.WebRuleSet;0;0;0;0;0;0;0;0;0;0;0;0;0
org.apache.catalina.core.StandardPipeline.startInternal();org.apache.catalina.Valve;0;0;0;0;0;0;0;0;0;0;0;0;0
org.apache.catalina.ha.deploy.FarmWarDeployer.stop();org.apache.catalina.ha.deploy.WarWatcher;0;0;5;0.9149;376;28;17;1;0;0.9333;49;3;4
org.apache.catalina.core.StandardContext.filterStart();org.apache.juli.logging.Log;1;0;2;0.9936;2385;204;107;3;0;0.8571;18;18;0
org.apache.catalina.util.InstanceSupport.fireInstanceEvent(String, Filter);org.apache.catalina.InstanceListener;0;0;2;0.8667;81;11;3;1;0;0.6667;1;1;0
org.apache.catalina.session.JDBCStore.open();org.apache.catalina.Manager;1;1;6;0.8814;495;34;23;1;0;0.9778;34;34;0
org.apache.catalina.core.ContainerBase.fireContainerEvent(String, Object);org.apache.catalina.ContainerListener;0;0;1;0.9888;603;62;29;1;0;0.5000;1;1;0
org.apache.catalina.ha.deploy.FileMessageFactory.readMessage(FileMessage);org.apache.catalina.ha.deploy.FileMessage;1;2;5;0.6500;128;6;14;1;3;0.7647;53;2;7
org.apache.catalina.session.JDBCStore.load(String);org.apache.catalina.Loader;2;5;6;0.8333;495;34;23;1;0;0.9722;14;14;0
org.apache.catalina.core.ApplicationContext.getResourcePathsInternal(DirContext, String);org.apache.catalina.util.ResourceSet;1;1;0;1.0000;460;47;13;0;1;0.8889;30;4;2
org.apache.catalina.valves.RequestFilterValve.process(String, Request, Response);org.apache.catalina.connector.Response;0;0;2;0.8571;60;8;6;1;0;0.9891;578;70;19
org.apache.catalina.connector.RequestFacade.getParameter(String);org.apache.tomcat.util.res.StringManager;2;0;2;0.9865;462;73;2;0;0;1.0000;36;3;3
org.apache.catalina.mbeans.ContextResourceMBean.getAttribute(String);org.apache.catalina.deploy.ResourceBase;0;0;0;1.0000;76;2;0;4;0;0.7778;43;9;6
org.apache.coyote.http11.InternalInputBuffer.parseHeader();org.apache.tomcat.util.res.StringManager;2;1;5;0.8148;313;11;14;1;0;0.9091;36;3;3
org.apache.catalina.core.ApplicationDispatcher.wrapRequest(State);org.apache.catalina.Context;1;0;1;0.9615;419;14;10;1;0;0.9922;125;125;1
org.apache.catalina.session.JDBCStore.open();org.apache.juli.logging.Log;1;1;6;0.8814;495;34;23;1;0;0.9655;18;18;0
org.apache.catalina.core.ContainerBase.addValve(Valve);org.apache.catalina.Pipeline;1;1;1;0.9775;603;62;29;1;0;0.8750;6;6;0
org.apache.catalina.connector.CoyoteOutputStream.write(int);org.apache.catalina.connector.OutputBuffer;0;0;1;0.8750;24;7;1;1;0;0.9756;207;25;15
org.apache.catalina.startup.ContextConfig.lifecycleEvent(LifecycleEvent);org.apache.catalina.LifecycleEvent;2;5;4;0.7941;779;23;16;2;0;0.8889;18;3;3
org.apache.catalina.startup.ContextConfig.processJarsForWebFragments();org.apache.catalina.Container;0;0;0;0;0;0;0;0;0;0;0;0;0
org.apache.catalina.connector.CoyoteWriter.close();org.apache.catalina.connector.OutputBuffer;0;0;2;0.9355;141;28;3;1;0;0.9762;207;25;15
org.apache.tomcat.util.net.AprEndpoint.Sendfile.add(SendfileData);org.apache.tomcat.jni.Socket;4;0;1;0.9500;187;5;6;4;0;1.0000;37;37;34
org.apache.jasper.compiler.Generator.FragmentHelperClass.adjustJavaLines(int);org.apache.jasper.compiler.Generator.GenBuffer;0;0;1;0.9091;132;6;4;1;0;0.9000;47;3;4
org.apache.catalina.ha.session.DeltaManager.setContainer(Container);org.apache.catalina.Container;0;0;0;1.0000;826;43;42;2;0;0.9474;34;34;6
org.apache.coyote.http11.Http11NioProtocol.setOomParachute(int);org.apache.tomcat.util.net.NioEndpoint;1;1;1;0.9835;448;96;26;0;1;0.9900;629;43;64
org.apache.coyote.http11.Http11AprProtocol.getSSLCACertificateFile();org.apache.tomcat.util.net.AprEndpoint;1;0;1;0.9901;387;76;26;0;1;0.9875;629;27;59
org.apache.jasper.JspC.execute();org.apache.jasper.compiler.Localizer;0;7;6;0.8571;840;35;81;2;0;1.0000;34;6;1
org.apache.catalina.session.PersistentManagerBase.removeSession(String);org.apache.catalina.security.SecurityUtil;0;0;2;0.9773;420;33;13;1;0;1.0000;146;11;17
org.apache.jasper.compiler.TagFileProcessor.TagFileDirectiveVisitor.visit(Node.TagDirective);org.apache.jasper.compiler.JspUtil;0;2;10;0.6000;213;8;24;1;0;1.0000;693;44;8
org.apache.catalina.ha.session.JvmRouteSessionIDBinderListener.messageReceived(ClusterMessage);org.apache.catalina.Container;3;0;0;1.0000;54;5;3;3;0;0.9400;34;34;6
org.apache.tomcat.util.bcel.classfile.JavaClass.toString();org.apache.tomcat.util.bcel.classfile.ConstantPool;0;0;0;0;0;0;0;0;0;0;0;0;0
org.apache.coyote.http11.Http11AprProcessor.event(SocketStatus);org.apache.coyote.Constants;4;1;9;0.8857;938;28;36;0;2;1.0000;0;0;14
org.apache.catalina.mbeans.MBeanUtils.createObjectName(String, Loader);org.apache.catalina.Container;0;0;0;1.0000;853;61;5;2;0;0.9459;34;34;6
org.apache.jasper.compiler.ELFunctionMapper.ELFunctionVisitor.visit(Node.UseBean);org.apache.jasper.compiler.Node.UseBean;2;0;0;1.0000;151;14;1;0;1;0.8000;15;1;1
org.apache.jasper.runtime.PageContextImpl.handlePageException(Throwable);org.apache.jasper.security.SecurityUtil;0;1;0;0.9811;634;40;16;1;0;1.0000;31;2;1
org.apache.catalina.mbeans.MBeanUtils.createObjectName(String, ContextEnvironment);org.apache.catalina.deploy.ResourceBase;1;0;0;1.0000;853;61;5;0;0;1.0000;43;9;6
org.apache.tomcat.util.bcel.classfile.LocalVariableTable.dump(DataOutputStream);org.apache.tomcat.util.bcel.classfile.LocalVariable;0;0;0;0;0;0;0;0;0;0;0;0;0
org.apache.catalina.tribes.transport.bio.BioSender.waitForAck();org.apache.catalina.tribes.transport.SenderState;1;0;5;0.9000;148;9;7;3;0;0.9231;45;9;5
org.apache.el.parser.ELParser.Math();org.apache.el.parser.ELParserConstants;2;3;4;0.9496;2195;111;22;0;2;0.9714;0;0;57
org.apache.coyote.http11.Http11AprProcessor.action(ActionCode, Object);org.apache.tomcat.util.buf.MessageBytes;9;1;18;0.8068;938;28;36;1;0;0.9882;402;31;17
org.apache.catalina.mbeans.MBeanUtils.createObjectName(String, ContextResource);org.apache.catalina.Host;1;0;0;1.0000;853;61;5;1;0;0.9615;20;20;2
org.apache.catalina.core.StandardContext.getParentClassLoader();org.apache.catalina.Container;0;1;0;0.9968;2385;204;107;1;0;0.9730;34;34;6
org.apache.catalina.mbeans.NamingResourcesMBean.addEnvironment(String, String, String);org.apache.catalina.deploy.ResourceBase;2;0;1;0.9474;138;9;2;0;2;0.9091;43;9;6
org.apache.catalina.core.StandardContext.addLocaleEncodingMappingParameter(String, String);org.apache.catalina.util.CharsetMapper;0;1;0;0.9968;2385;204;107;1;0;0.8333;26;2;2
org.apache.jasper.compiler.Validator.ValidateVisitor.checkXmlAttributes(Node.CustomTag, Node.JspAttribute[], Hashtable<String,Object>);org.apache.jasper.compiler.Node.Root;8;1;3;0.9344;710;36;19;0;1;0.9706;56;2;8
org.apache.coyote.http11.AbstractInputBuffer.nextRequest();org.apache.coyote.http11.InputFilter;0;0;0;0;0;0;0;0;0;0;0;0;0
org.apache.jasper.compiler.JspDocumentParser.startPrefixMapping(String, String);org.apache.jasper.compiler.PageInfo;0;1;4;0.9111;649;28;20;3;0;0.9620;319;30;44
org.apache.jasper.compiler.Validator.ValidateVisitor.visit(Node.ParamsAction);org.apache.jasper.compiler.Node;1;0;1;0.9773;710;36;19;0;1;0.9667;170;7;15
org.apache.catalina.tribes.group.AbsoluteOrder.AbsoluteComparator.comparePorts(Member, Member);org.apache.catalina.tribes.Member;0;1;0;0.8571;45;7;0;1;0;0.9286;13;13;1
org.apache.catalina.connector.CoyoteAdapter.parseSessionCookiesId(org.apache.coyote.Request, Request);org.apache.tomcat.util.http.ServerCookie;5;1;1;0.9643;505;11;8;0;2;0.9310;218;16;16
org.apache.catalina.valves.SSLValve.invoke(Request, Response);org.apache.catalina.connector.Request;0;1;0;0.7500;42;2;0;1;0;0.9943;1084;128;51
org.apache.coyote.ajp.AjpProtocol.AjpConnectionHandler.process(SocketWrapper<Socket>, SocketStatus);org.apache.coyote.ajp.AjpProtocol;0;0;0;0;0;0;0;0;0;0;0;0;0
org.apache.coyote.http11.AbstractOutputBuffer.flush();org.apache.coyote.Response;0;0;0;0;0;0;0;0;0;0;0;0;0
org.apache.tomcat.util.net.jsse.JSSESocketFactory.getKeystorePassword();org.apache.tomcat.util.net.AbstractEndpoint;0;0;0;0;0;0;0;0;0;0;0;0;0
org.apache.catalina.connector.InputBuffer.reset();org.apache.tomcat.util.res.StringManager;2;0;7;0.8378;210;19;17;0;0;1.0000;36;3;3
org.apache.catalina.connector.ResponseFacade.encodeRedirectUrl(String);org.apache.catalina.connector.Response;1;0;2;0.9756;224;40;2;1;0;0.9888;578;70;19
org.apache.catalina.tribes.group.interceptors.TcpPingInterceptor.PingThread.run();org.apache.catalina.tribes.group.interceptors.TcpPingInterceptor;1;0;0;1.0000;14;1;0;1;3;0.7857;78;6;10
org.apache.tomcat.util.digester.Digester.startElement(String, String, String, Attributes);org.apache.tomcat.util.digester.Rules;1;3;6;0.9343;849;103;29;1;0;0.9524;8;8;0
org.apache.catalina.startup.ContextConfig.fixDocBase();org.apache.catalina.Host;1;0;1;0.9730;779;23;16;1;0;0.9643;20;20;2
org.apache.tomcat.util.digester.CallMethodRule.begin(String, String, Attributes);org.apache.tomcat.util.digester.Digester;0;0;1;0.9565;206;7;7;1;0;0.9926;849;103;29
org.apache.coyote.http11.InternalOutputBuffer.recycle();org.apache.tomcat.util.buf.ByteChunk;0;0;7;0.8250;255;24;14;1;0;0.9818;425;43;10
org.apache.jasper.compiler.TagLibraryInfoImpl.createInitParam(TreeNode);org.apache.jasper.compiler.Localizer;0;0;1;0.9600;523;14;6;1;0;1.0000;34;6;1
org.apache.catalina.tribes.group.interceptors.NonBlockingCoordinator.sendElectionMsg(MemberImpl, MemberImpl, CoordinationMessage);org.apache.catalina.tribes.membership.MemberImpl;0;2;0;0.9600;352;38;14;1;0;0.9762;300;29;19
org.apache.jasper.servlet.JspServlet.handleMissingResource(HttpServletRequest, HttpServletResponse, String);org.apache.juli.logging.Log;0;0;1;0.9333;173;10;5;1;0;0.9474;18;18;0
org.apache.coyote.ajp.AjpAprProcessor.readMessage(AjpMessage, boolean, boolean);org.apache.coyote.ajp.AjpMessage;1;2;1;0.9286;616;13;30;2;2;0.8571;235;23;5
org.apache.catalina.startup.ServletDefCreateRule.end(String, String);org.apache.tomcat.util.digester.Digester;1;0;0;1.0000;12;2;0;1;1;0.9853;849;103;29
org.apache.catalina.ha.tcp.ReplicationValve.sendMessage(Session, ClusterManager, CatalinaCluster);org.apache.catalina.Session;0;1;0;0.9688;283;17;17;1;0;0.9697;32;32;4
org.apache.coyote.Response.doWrite(ByteChunk);org.apache.tomcat.util.buf.ByteChunk;0;0;2;0.9474;250;19;18;1;0;0.9800;425;43;10
org.apache.jasper.runtime.JspRuntimeLibrary.getWriteMethod(Class<?>, String);org.apache.jasper.compiler.Localizer;0;0;0;1.0000;647;45;2;3;0;1.0000;34;6;1
org.apache.catalina.authenticator.FormAuthenticator.forwardToLoginPage(Request, HttpServletResponse, LoginConfig);org.apache.catalina.Context;0;0;0;0;0;0;0;0;0;0;0;0;0
org.apache.catalina.mbeans.NamingResourcesMBean.getEnvironments();org.apache.catalina.deploy.NamingResources;0;0;1;0.9286;138;9;2;1;0;0.9804;332;35;12
org.apache.catalina.mbeans.ServerLifecycleListener.createMBeans(NamingResources);org.apache.juli.logging.Log;0;3;1;0.9211;569;32;2;2;0;0.9200;18;18;0
org.apache.catalina.startup.ContextConfig.getBaseDir();org.apache.catalina.core.StandardEngine;0;0;1;0.9677;779;23;16;1;0;0.9655;237;19;9
org.apache.catalina.startup.SetAuthConstraintRule.begin(String, String, Attributes);org.apache.catalina.deploy.SecurityConstraint;2;0;0;1.0000;9;1;0;0;1;0.9643;146;16;6
org.apache.catalina.startup.ContextConfig.antiLocking();org.apache.catalina.core.StandardContext;0;0;4;0.9459;779;23;16;1;0;0.9969;2385;204;107
org.apache.coyote.http11.Http11NioProcessor.prepareResponse();org.apache.tomcat.util.http.MimeHeaders;7;2;12;0.8427;954;28;38;4;1;0.9091;129;18;3
org.apache.catalina.manager.host.HostManagerServlet.list(PrintWriter);org.apache.catalina.Container;1;0;3;0.9130;301;13;8;2;0;0.9474;34;34;6
org.apache.catalina.connector.MapperListener.unregisterContext(Context);org.apache.catalina.Context;0;0;0;0;0;0;0;0;0;0;0;0;0
org.apache.catalina.startup.HostConfig.deployDirectory(String, File, String);org.apache.tomcat.util.digester.Digester;2;3;7;0.8793;755;35;15;2;0;0.9868;849;103;29
org.apache.catalina.connector.RequestFacade.GetSessionPrivilegedAction.run();org.apache.catalina.connector.Request;1;0;1;0.6667;6;1;1;1;0;0.9943;1084;128;51
org.apache.jasper.compiler.Validator.ValidateVisitor.visit(Node.JspOutput);org.apache.jasper.compiler.ErrorDispatcher;2;0;3;0.9592;710;36;19;2;0;0.9310;158;22;2
org.apache.catalina.startup.HostConfig.checkResources(DeployedApplication);org.apache.catalina.Lifecycle;1;2;4;0.9322;755;35;15;2;0;0.9048;5;5;9
org.apache.catalina.core.ApplicationFilterRegistration.addMappingForUrlPatterns(EnumSet<DispatcherType>, boolean, String);org.apache.catalina.deploy.FilterMap;0;0;0;0;0;0;0;0;0;0;0;0;0
org.apache.catalina.util.ResourceSet.clear();org.apache.tomcat.util.res.StringManager;1;0;2;0.8750;30;4;2;0;0;1.0000;36;3;3
org.apache.jasper.compiler.ELFunctionMapper.ELFunctionVisitor.visit(Node.UninterpretedTag);org.apache.jasper.compiler.Node.UninterpretedTag;2;0;0;1.0000;151;14;1;0;1;0.7500;12;1;1
org.apache.catalina.core.StandardContext.destroyInternal();org.apache.catalina.Lifecycle;0;0;0;0;0;0;0;0;0;0;0;0;0
org.apache.el.parser.AstCompositeExpression.getValue(EvaluationContext);org.apache.el.parser.Node;0;0;0;1.0000;19;2;0;1;0;0.9375;15;15;0
org.apache.catalina.tribes.group.GroupChannel.messageReceived(ChannelMessage);org.apache.catalina.tribes.util.Logs;3;1;1;0.9574;268;24;8;0;1;1.0000;0;0;1
org.apache.catalina.tribes.group.RpcChannel.RpcCollector.equals(Object);org.apache.catalina.tribes.group.RpcChannel.RpcCollectorKey;0;0;1;0.9091;39;5;5;1;0;0.7500;13;2;1
org.apache.jasper.tagplugins.jstl.core.ForTokens.doTag(TagPluginContext);org.apache.jasper.compiler.tagplugin.TagPluginContext;0;0;0;1.0000;70;1;0;7;0;0.5000;14;14;0
org.apache.tomcat.util.net.AbstractEndpoint.getSoTimeout();org.apache.tomcat.util.net.SocketProperties;0;0;0;0;0;0;0;0;0;0;0;0;0
org.apache.catalina.realm.JDBCRealm.authenticate(String, String);org.apache.tomcat.util.res.StringManager;1;3;2;0.8519;277;13;16;0;0;1.0000;36;3;3
org.apache.catalina.tribes.tipis.AbstractReplicatedMap.accept(Serializable, Member);org.apache.catalina.tribes.util.Arrays;0;0;3;0.9701;740;50;17;1;0;1.0000;149;24;1
org.apache.catalina.startup.Tool.main(String);org.apache.juli.logging.Log;1;1;6;1.0000;86;2;6;4;0;0.7778;18;18;0
org.apache.jasper.compiler.Node.JspElement.accept(Visitor);org.apache.jasper.compiler.Node.Visitor;0;0;0;1.0000;21;1;2;1;0;0.9714;126;35;0
org.apache.catalina.mbeans.ServerLifecycleListener.processServicePropertyChange(Service, String, Object, Object);org.apache.juli.logging.Log;0;4;1;0.8824;569;32;2;2;0;0.9091;18;18;0
org.apache.catalina.manager.host.HostManagerServlet.setWrapper(Wrapper);org.apache.catalina.Container;0;0;5;0.7619;301;13;8;1;0;0.9750;34;34;6
org.apache.el.parser.ELParser.jj_scan_token(int);org.apache.el.parser.Token;1;1;7;0.9403;2195;111;22;0;2;0.9048;24;3;8
org.apache.catalina.ha.session.JvmRouteBinderValve.handleJvmRoute(Request, String, String);org.apache.juli.logging.Log;1;3;3;0.7917;200;15;9;2;0;0.9167;18;18;0
org.apache.catalina.deploy.WebXml.toXml();org.apache.catalina.deploy.MessageDestination;10;2;30;0.7787;1446;42;41;1;0;0.9891;53;6;5
org.apache.jasper.compiler.JspRuntimeContext.unloadJsp();org.apache.jasper.servlet.JspServletWrapper;0;0;0;0;0;0;0;0;0;0;0;0;0
org.apache.catalina.startup.HostConfig.deployDescriptor(String, File, String);org.apache.catalina.Host;1;3;6;0.9048;755;35;15;1;0;0.9767;20;20;2
org.apache.catalina.connector.Request.parseParameters();org.apache.catalina.Container;5;4;9;0.9396;1084;128;51;1;0;0.9815;34;34;6
org.apache.jasper.compiler.TagPluginManager.TagPluginContextImpl.getNodeAttribute(String);org.apache.jasper.compiler.Node.JspAttribute;2;0;1;0.9524;72;15;4;0;1;0.9524;107;7;10
org.apache.jasper.servlet.JspServletWrapper.service(HttpServletRequest, HttpServletResponse, boolean);org.apache.jasper.compiler.Localizer;0;2;7;0.7000;314;11;15;1;0;1.0000;34;6;1
org.apache.catalina.authenticator.SingleSignOn.sessionEvent(SessionEvent);org.apache.catalina.Session;1;2;1;0.9000;187;18;8;2;2;0.9500;32;32;4
org.apache.jasper.runtime.PageContextImpl.include(String);org.apache.jasper.runtime.JspRuntimeLibrary;0;0;3;0.9434;634;40;16;1;0;1.0000;647;45;2
org.apache.catalina.ha.tcp.SimpleTcpCluster.memberAdded(Member);org.apache.juli.logging.Log;0;0;6;0.9565;371;45;31;3;0;0.8696;18;18;0
org.apache.catalina.startup.Tomcat.addWebapp(Host, String, String);org.apache.catalina.startup.ContextConfig;0;0;0;0;0;0;0;0;0;0;0;0;0
org.apache.catalina.tribes.util.Arrays.merge(Member[], Member[]);org.apache.catalina.tribes.group.AbsoluteOrder;0;0;0;1.0000;149;24;1;1;0;1.0000;7;1;1
org.apache.catalina.ha.deploy.FarmWarDeployer.stop();org.apache.juli.logging.Log;0;0;5;0.9149;376;28;17;2;0;0.9167;18;18;0
org.apache.catalina.startup.HostConfig.start();org.apache.tomcat.util.res.StringManager;1;1;4;0.9423;755;35;15;0;0;1.0000;36;3;3
org.apache.jasper.compiler.Parser.parseScriptlet(Node);org.apache.jasper.compiler.ErrorDispatcher;0;1;3;0.9412;1203;56;14;1;0;0.9643;158;22;2
org.apache.catalina.startup.Embedded.removeEngine(Engine);org.apache.catalina.Service;0;0;2;0.9804;372;34;11;0;0;1.0000;15;15;0
org.apache.catalina.realm.RealmBase.initInternal();org.apache.catalina.Container;0;0;0;0;0;0;0;0;0;0;0;0;0
org.apache.catalina.ha.session.JvmRouteBinderValve.stopInternal();org.apache.juli.logging.Log;0;0;0;0;0;0;0;0;0;0;0;0;0
org.apache.jasper.compiler.TextOptimizer.TextCatVisitor.visit(Node.TemplateText);org.apache.jasper.compiler.PageInfo;3;0;6;0.6842;41;9;6;0;1;0.9881;319;30;44
org.apache.jasper.compiler.JspReader.pushFile(String, String, InputStreamReader);org.apache.jasper.compiler.ErrorDispatcher;0;3;5;0.8000;322;25;9;1;0;0.9697;158;22;2
org.apache.catalina.startup.ConnectorCreateRule.begin(String, String, Attributes);org.apache.catalina.Service;1;1;0;0.8333;22;3;1;1;0;0.9474;15;15;0
org.apache.jasper.compiler.Validator.ValidateVisitor.visit(Node.InvokeAction);org.apache.jasper.compiler.ErrorDispatcher;0;0;2;0.9767;710;36;19;1;0;0.9565;158;22;2
org.apache.jasper.compiler.Validator.ValidateVisitor.validateFunctions(ELNode.Nodes, Node);org.apache.jasper.compiler.Node.Root;4;1;2;0.9412;710;36;19;0;1;0.9565;56;2;8
org.apache.catalina.connector.ResponseFacade.getWriter();org.apache.catalina.connector.Response;0;1;1;0.9524;224;40;2;2;0;0.9778;578;70;19
org.apache.jasper.xmlparser.XMLEncodingDetector.RewindableInputStream.read(byte[], int, int);org.apache.jasper.xmlparser.XMLEncodingDetector;1;1;5;0.6667;116;9;7;0;2;0.9623;798;23;29
org.apache.catalina.ha.tcp.SimpleTcpCluster.messageReceived(ClusterMessage);org.apache.catalina.ha.ClusterListener;0;0;5;0.9583;371;45;31;2;0;0.8947;27;7;3
org.apache.jasper.compiler.TagFileProcessor.TagFileDirectiveVisitor.checkConflict(Node, String, String);org.apache.jasper.compiler.Node;0;0;1;0.9615;213;8;24;1;0;0.9655;170;7;15
org.apache.catalina.tribes.transport.bio.util.LinkObject.getHandler();org.apache.catalina.tribes.group.InterceptorPayload;1;0;1;0.8571;31;1;5;0;1;0.5000;6;0;1
org.apache.coyote.ajp.AjpAprProtocol.AjpConnectionHandler.process(long);org.apache.juli.logging.Log;3;1;1;0.8571;86;5;4;2;0;0.9167;18;18;0
org.apache.catalina.core.ApplicationContext.getContext(String);org.apache.catalina.Context;0;0;1;0.9833;460;47;13;1;0;0.9923;125;125;1
org.apache.jasper.JspCompilationContext.createCompiler();org.apache.jasper.compiler.Compiler;0;1;3;0.9365;420;31;31;1;0;0.9600;285;11;8
org.apache.el.parser.AstIdentifier.getValue(EvaluationContext);org.apache.el.util.MessageFactory;1;0;0;1.0000;78;7;0;0;0;1.0000;24;7;1
org.apache.naming.NamingContext.lookup(Name, boolean);org.apache.juli.logging.Log;1;1;5;0.8810;282;32;6;1;0;0.9630;18;18;0
org.apache.catalina.connector.RequestFacade.isRequestedSessionIdValid();org.apache.catalina.connector.Request;1;0;2;0.9865;462;73;2;1;0;0.9943;1084;128;51
org.apache.tomcat.util.http.mapper.Mapper.removeWrapper(Context, String);org.apache.juli.logging.Log;0;2;0;1.0000;816;39;4;0;0;1.0000;18;18;0
org.apache.tomcat.util.modeler.modules.MbeansDescriptorsIntrospectionSource.execute();org.apache.tomcat.util.modeler.ManagedBean;0;1;4;0.6923;194;7;10;1;0;0.9750;252;23;13
org.apache.coyote.ajp.AjpMessage.appendByteChunk(ByteChunk);org.apache.tomcat.util.buf.ByteChunk;1;3;2;0.8966;235;23;5;2;1;0.9423;425;43;10
org.apache.catalina.loader.WebappClassLoader.modified();org.apache.naming.resources.ResourceAttributes;0;0;6;0.9324;1193;44;30;1;0;0.9808;516;30;30
org.apache.catalina.mbeans.MBeanFactory.getParentContainerFromParent(ObjectName);org.apache.catalina.Service;0;2;0;0.9474;432;35;2;1;0;0.9474;15;15;0
org.apache.naming.resources.DirContextURLConnection.getContentType();org.apache.naming.resources.ResourceAttributes;1;1;0;0.9444;184;11;7;0;1;1.0000;516;30;30
org.apache.tomcat.util.net.AprEndpoint.Sendfile.run();org.apache.tomcat.util.net.SocketProperties;5;3;5;0.6923;187;5;6;0;0;1.0000;156;28;22
org.apache.catalina.connector.RequestFacade.setAttribute(String, Object);org.apache.catalina.connector.Request;1;0;2;0.9865;462;73;2;1;0;0.9943;1084;128;51
org.apache.coyote.ajp.AjpAprProtocol.getPollerSize();org.apache.tomcat.util.net.AprEndpoint;1;0;1;0.9815;219;40;15;0;1;0.9875;629;27;59
org.apache.jasper.compiler.TagFileProcessor.removeProtoTypeFiles(String);org.apache.jasper.compiler.Compiler;1;0;1;0.8333;96;5;1;1;1;0.9048;285;11;8
org.apache.catalina.startup.TldConfig.lifecycleEvent(LifecycleEvent);org.apache.catalina.LifecycleEvent;2;2;3;0.8571;321;14;11;2;0;0.8462;18;3;3
org.apache.jasper.compiler.PageInfo.setExtends(String, Node.PageDirective);org.apache.jasper.compiler.Node.PageDirective;0;0;1;0.9867;319;30;44;1;0;0.8333;27;2;1
org.apache.catalina.connector.RequestFacade.getSession(boolean);org.apache.catalina.security.SecurityUtil;1;0;2;0.9865;462;73;2;1;0;1.0000;146;11;17
org.apache.catalina.servlets.CGIServlet.CGIEnvironment.findCGI(String, String, String, String, String);org.apache.catalina.servlets.CGIServlet;1;0;0;1.0000;305;9;11;0;1;0.8750;195;5;6
org.apache.coyote.ajp.AjpAprProcessor.readt(int, boolean);org.apache.tomcat.jni.Status;1;0;3;0.9487;616;13;30;0;2;1.0000;160;54;59
org.apache.coyote.http11.InternalNioOutputBuffer.sendAck();org.apache.coyote.http11.Constants;2;1;2;0.9318;294;26;16;0;1;1.0000;0;0;44
org.apache.catalina.session.JDBCStore.load(String);org.apache.catalina.session.StandardSession;2;5;6;0.8333;495;34;23;1;1;0.9796;558;58;26
org.apache.catalina.ha.session.JvmRouteBinderValve.sendSessionIDClusterBackup(ClusterManager, Request, String, String);org.apache.catalina.ha.ClusterManager;1;0;1;0.9688;200;15;9;1;0;0.9615;15;15;0
org.apache.tomcat.util.digester.Digester.endElement(String, String, String);org.apache.tomcat.util.digester.Rule;0;2;7;0.9353;849;103;29;2;0;0.9231;31;9;2
org.apache.catalina.authenticator.SingleSignOn.associate(String, Session);org.apache.catalina.authenticator.SingleSignOnEntry;0;1;1;0.9259;187;18;8;1;0;0.9545;49;9;6
org.apache.coyote.ajp.AjpAprProcessor.prepareRequest();org.apache.coyote.ajp.AjpMessage;7;1;8;0.8831;616;13;30;4;0;0.9420;235;23;5
org.apache.catalina.servlets.WebdavServlet.copyResource(HttpServletRequest, HttpServletResponse);org.apache.catalina.servlets.WebdavStatus;1;4;1;0.8611;1460;29;23;0;5;1.0000;12;2;27
org.apache.catalina.tribes.group.GroupChannel.messageReceived(ChannelMessage);org.apache.juli.logging.Log;3;1;1;0.9574;268;24;8;5;0;0.8333;18;18;0
org.apache.jasper.runtime.JspFactoryImpl.PrivilegedGetPageContext.run();org.apache.jasper.runtime.JspFactoryImpl;0;0;8;0.2000;13;1;8;1;0;0.9375;71;6;5
org.apache.el.ValueExpressionImpl.getValueReference(ELContext);org.apache.el.parser.Node;0;0;0;0;0;0;0;0;0;0;0;0;0
org.apache.coyote.http11.Http11Processor.recycle();org.apache.coyote.http11.InternalOutputBuffer;0;0;0;0;0;0;0;0;0;0;0;0;0
org.apache.catalina.CatalinaFactory.createPipeline(Container);org.apache.catalina.Pipeline;0;0;0;0;0;0;0;0;0;0;0;0;0
org.apache.catalina.core.JreMemoryLeakPreventionListener.lifecycleEvent(LifecycleEvent);org.apache.juli.logging.Log;0;0;0;0;0;0;0;0;0;0;0;0;0
org.apache.catalina.deploy.LoginConfig.setErrorPage(String);org.apache.catalina.util.RequestUtil;0;0;1;0.9167;53;7;4;1;0;1.0000;183;13;1
org.apache.tomcat.util.digester.Digester.warning(SAXParseException);org.apache.juli.logging.Log;3;0;2;0.9850;849;103;29;1;0;0.9500;18;18;0
org.apache.el.util.ReflectionUtil.getPropertyDescriptor(Object, Object);org.apache.el.util.MessageFactory;0;0;0;1.0000;87;7;3;1;0;1.0000;24;7;1
org.apache.catalina.realm.JAASRealm.authenticate(String, String, String, String, String, String, String, String);org.apache.catalina.authenticator.Constants;1;1;0;0.9500;195;15;10;0;1;1.0000;0;0;19
org.apache.jasper.servlet.JspServletWrapper.handleJspException(Exception);org.apache.jasper.compiler.Localizer;4;1;2;0.9091;314;11;15;1;0;1.0000;34;6;1
org.apache.catalina.session.StandardManager.createSession(String);org.apache.tomcat.util.res.StringManager;1;0;2;0.9231;328;19;8;0;0;1.0000;36;3;3
org.apache.coyote.RequestInfo.updateCounters();org.apache.coyote.Request;2;0;9;0.7273;134;13;14;0;4;0.9375;219;17;34
org.apache.catalina.core.NamingContextListener.lifecycleEvent(LifecycleEvent);org.apache.catalina.Loader;3;2;9;0.7857;745;23;11;1;0;0.9697;14;14;0
org.apache.catalina.startup.Catalina.createStartDigester();org.apache.juli.logging.Log;1;0;2;0.9714;311;18;8;2;0;0.9310;18;18;0
org.apache.catalina.core.ContainerBase.setManager(Manager);org.apache.catalina.Lifecycle;0;0;4;0.9674;603;62;29;2;0;0.8000;5;5;9
org.apache.catalina.tribes.membership.McastServiceImpl.stop(int);org.apache.catalina.tribes.Member;3;1;8;0.7750;308;12;27;0;1;1.0000;13;13;1
org.apache.tomcat.util.digester.CallParamRule.begin(String, String, Attributes);org.apache.tomcat.util.digester.Digester;2;0;4;0.7895;61;4;5;2;2;0.9714;849;103;29
org.apache.catalina.startup.Tomcat.FixContextListener.lifecycleEvent(LifecycleEvent);org.apache.catalina.Lifecycle;1;0;0;1.0000;11;1;0;0;1;1.0000;5;5;9
org.apache.catalina.core.ApplicationPart.getHeaders(String);org.apache.tomcat.util.http.fileupload.FileItemHeaders;0;0;0;0;0;0;0;0;0;0;0;0;0
org.apache.catalina.connector.Request.getAttribute(String);org.apache.coyote.Request;3;2;4;0.9714;1084;128;51;2;0;0.9655;219;17;34
org.apache.catalina.tribes.transport.bio.util.FastQueue.add(ChannelMessage, Member[], InterceptorPayload);org.apache.catalina.tribes.transport.bio.util.SingleRemoveSynchronizedAddLock;1;0;10;0.7273;172;11;14;2;0;0.9333;88;6;7
org.apache.coyote.ajp.AjpAprProtocol.getPollTime();org.apache.tomcat.util.net.AprEndpoint;1;0;1;0.9815;219;40;15;0;1;0.9875;629;27;59
org.apache.catalina.session.StandardSession.removeAttributeInternal(String, boolean);org.apache.catalina.Context;1;2;3;0.9500;558;58;26;1;0;0.9924;125;125;1
org.apache.catalina.connector.RequestFacade.getIntHeader(String);org.apache.catalina.connector.Request;1;0;2;0.9865;462;73;2;1;0;0.9943;1084;128;51
org.apache.tomcat.util.http.mapper.Mapper.removeWelcomeFile(String, String, String);org.apache.juli.logging.Log;0;0;0;0;0;0;0;0;0;0;0;0;0
org.apache.el.parser.ELParser.Or();org.apache.el.parser.ELParserConstants;2;3;4;0.9493;2195;111;22;0;2;0.9710;0;0;57
org.apache.catalina.mbeans.MBeanUtils.destroyMBean(Connector, Service);org.apache.coyote.http11.Http11AprProtocol;1;1;1;1.0000;853;61;5;1;0;0.9908;387;76;26
org.apache.catalina.session.JDBCStore.load(String);org.apache.juli.logging.Log;2;5;6;0.8333;495;34;23;3;0;0.9211;18;18;0
org.apache.coyote.ajp.AjpAprProtocol.init();org.apache.tomcat.util.net.AbstractEndpoint;0;0;0;0;0;0;0;0;0;0;0;0;0
org.apache.catalina.ha.jmx.ClusterJmxHelper.getDefaultClusterName(SimpleTcpCluster);org.apache.catalina.ha.tcp.SimpleTcpCluster;0;1;0;1.0000;82;7;4;1;0;0.9853;371;45;31
org.apache.catalina.session.ManagerBase.getSession(String);org.apache.juli.logging.Log;0;1;2;0.9643;489;55;31;2;0;0.9091;18;18;0
org.apache.tomcat.util.net.JIoEndpoint.Acceptor.run();org.apache.tomcat.util.res.StringManager;1;0;0;1.0000;28;1;0;1;0;0.9286;36;3;3
org.apache.jasper.compiler.Collector.CollectVisitor.visit(Node.ForwardAction);org.apache.jasper.compiler.Node.ForwardAction;2;0;1;0.9565;114;15;6;0;1;0.8571;15;1;1
org.apache.catalina.tribes.tipis.AbstractReplicatedMap.get(Object);org.apache.catalina.tribes.group.RpcChannel;3;2;8;0.8902;740;50;17;1;1;0.9722;98;6;9
org.apache.catalina.mbeans.MBeanFactory.createMemoryRealm(String);org.apache.catalina.util.LifecycleMBeanBase;0;0;0;0;0;0;0;0;0;0;0;0;0
org.apache.catalina.authenticator.BasicAuthenticator.authenticate(Request, HttpServletResponse, LoginConfig);org.apache.tomcat.util.buf.ByteChunk;0;0;0;0;0;0;0;0;0;0;0;0;0
org.apache.jasper.compiler.Validator.ValidateVisitor.visit(Node.DoBodyAction);org.apache.jasper.compiler.ErrorDispatcher;0;0;2;0.9767;710;36;19;1;0;0.9565;158;22;2
org.apache.catalina.core.ContainerBase.backgroundProcess();org.apache.catalina.Pipeline;2;0;9;0.9278;603;62;29;1;0;0.9524;6;6;0
org.apache.el.parser.ELParser.Boolean();org.apache.el.parser.JJTELParserState;2;2;4;0.9562;2195;111;22;2;0;0.9231;74;10;5
org.apache.coyote.http11.Http11NioProcessor.asyncDispatch(SocketStatus);org.apache.tomcat.util.net.NioChannel;0;0;0;0;0;0;0;0;0;0;0;0;0
org.apache.catalina.tribes.membership.McastServiceImpl.setupSocket();org.apache.juli.logging.Log;0;0;8;0.8205;308;12;27;2;0;0.9200;18;18;0
org.apache.coyote.http11.Http11Protocol.Http11ConnectionHandler.unregister(Http11Processor);org.apache.coyote.http11.AbstractHttp11Processor;0;0;0;0;0;0;0;0;0;0;0;0;0
org.apache.catalina.core.ApplicationFilterConfig.getInstanceManager();org.apache.catalina.core.StandardContext;1;0;2;0.8667;121;10;5;0;1;0.9968;2385;204;107
org.apache.coyote.http11.Http11Processor.asyncDispatch(SocketStatus);org.apache.coyote.Response;0;0;0;0;0;0;0;0;0;0;0;0;0
org.apache.catalina.valves.AccessLogValve.log(String);org.apache.juli.logging.Log;0;2;10;0.7925;373;24;32;1;0;0.9655;18;18;0
org.apache.el.parser.ELParser.Or();org.apache.el.parser.JJTELParserState;2;3;4;0.9493;2195;111;22;4;0;0.8462;74;10;5
org.apache.coyote.http11.InternalNioOutputBuffer.addToBB(byte[], int, int);org.apache.tomcat.util.net.SocketWrapper;0;0;0;0;0;0;0;0;0;0;0;0;0
org.apache.tomcat.util.bcel.classfile.JavaClass.equals(Object);org.apache.tomcat.util.bcel.util.BCELComparator;0;0;0;0;0;0;0;0;0;0;0;0;0
org.apache.catalina.core.ApplicationContextFacade.getInitParameter(String);org.apache.catalina.core.ApplicationContext;0;1;1;0.9600;426;46;3;1;0;0.9828;460;47;13
org.apache.coyote.ajp.AjpProtocol.AjpConnectionHandler.unregister(AjpProcessor);org.apache.coyote.Request;4;0;1;0.9375;80;4;4;0;1;0.9836;219;17;34
org.apache.jasper.runtime.PageContextImpl.setAttribute(String, Object);org.apache.jasper.compiler.Localizer;0;1;0;0.9811;634;40;16;1;0;1.0000;34;6;1
org.apache.catalina.mbeans.NamingResourcesMBean.addResourceLink(String, String);org.apache.tomcat.util.modeler.ManagedBean;1;0;1;0.9444;138;9;2;1;0;0.9756;252;23;13
org.apache.coyote.http11.Http11AprProcessor.process(long);org.apache.juli.logging.Log;7;4;22;0.7241;938;28;36;3;0;0.9531;18;18;0
org.apache.catalina.servlets.WebdavServlet.parseLockNullProperties(HttpServletRequest, XMLWriter, String, int, Vector<String>);org.apache.tomcat.util.http.FastHttpDateFormat;2;3;4;0.8974;1460;29;23;1;0;1.0000;85;6;8
org.apache.catalina.connector.Request.removeAttribute(String);org.apache.juli.logging.Log;3;1;5;0.9718;1084;128;51;1;0;0.9630;18;18;0
org.apache.catalina.connector.CoyoteAdapter.normalize(MessageBytes);org.apache.tomcat.util.buf.ByteChunk;2;1;1;1.0000;505;11;8;3;2;0.8958;425;43;10
org.apache.coyote.ajp.AjpAprProtocol.getUseSendfile();org.apache.tomcat.util.net.AprEndpoint;1;0;1;0.9815;219;40;15;0;1;0.9875;629;27;59
org.apache.catalina.core.ApplicationFilterConfig.registerJMX();org.apache.tomcat.util.modeler.Registry;0;0;0;0;0;0;0;0;0;0;0;0;0
org.apache.catalina.startup.TldConfig.execute();org.apache.catalina.core.StandardContext;1;6;2;0.6667;321;14;11;0;1;0.9969;2385;204;107
org.apache.catalina.ha.session.DeltaSession.removeAttributeInternal(String, boolean, boolean);org.apache.catalina.ha.session.DeltaRequest;0;2;1;0.9400;379;41;7;1;0;0.9615;179;15;15
org.apache.catalina.core.ApplicationContextFacade.getResource(String);org.apache.catalina.core.ApplicationContext;1;1;1;0.9600;426;46;3;1;0;0.9828;460;47;13
org.apache.catalina.session.StoreBase.processExpires();org.apache.catalina.session.PersistentManagerBase;0;1;2;0.8966;85;12;7;1;0;0.9828;420;33;13
org.apache.coyote.http11.Http11Processor.action(ActionCode, Object);org.apache.coyote.http11.Constants;6;1;18;0.8068;847;26;37;0;1;1.0000;0;0;44
org.apache.catalina.core.ApplicationContext.getFilterRegistration(String);org.apache.catalina.core.StandardContext;0;0;0;1.0000;460;47;13;0;0;1.0000;2385;204;107
org.apache.catalina.deploy.NamingResources.getServer();org.apache.catalina.Container;0;0;0;0;0;0;0;0;0;0;0;0;0
org.apache.catalina.startup.ContextConfig.getServletContainerInitializer(InputStream);org.apache.juli.logging.Log;0;0;0;0;0;0;0;0;0;0;0;0;0
org.apache.catalina.core.StandardContextValve.invoke(Request, Response);org.apache.catalina.Container;2;1;2;0.9167;86;5;3;4;0;0.9216;34;34;6
org.apache.tomcat.util.net.AprEndpoint.init();org.apache.catalina.core.AprLifecycleListener;7;0;29;0.6456;629;27;59;0;0;1.0000;127;6;10
org.apache.coyote.http11.Http11Protocol.Http11ConnectionHandler.unregister(Http11Processor);org.apache.juli.logging.Log;4;0;1;0.9375;91;4;4;3;0;0.8800;18;18;0
org.apache.jasper.compiler.AntCompiler.generateClass(String[]);org.apache.jasper.compiler.SmapUtil;2;2;3;0.8667;158;3;3;1;0;1.0000;68;4;1
org.apache.jasper.servlet.JspServletWrapper.getServlet();org.apache.jasper.compiler.JspRuntimeContext;1;1;5;0.8125;314;11;15;1;0;0.9667;174;9;10
org.apache.catalina.core.StandardContext.setAltDDName(String);org.apache.catalina.Globals;1;0;2;0.9935;2385;204;107;0;1;1.0000;0;0;39
org.apache.tomcat.util.IntrospectionUtils.callMethod0(Object, String);org.apache.juli.logging.Log;1;1;2;1.0000;602;31;5;0;0;1.0000;18;18;0
org.apache.coyote.ajp.AjpAprProtocol.AjpConnectionHandler.register(AjpAprProcessor);org.apache.juli.logging.Log;4;0;3;0.8333;86;5;4;3;0;0.8929;18;18;0
org.apache.jasper.compiler.TagFileProcessor.loadTagFile(Compiler, String, TagInfo, PageInfo);org.apache.jasper.compiler.JarResource;0;0;0;0;0;0;0;0;0;0;0;0;0
org.apache.jasper.compiler.JspUtil.checkAttributes(String, Node, ValidAttribute[], ErrorDispatcher);org.apache.jasper.compiler.Node.Nodes;2;0;0;1.0000;693;44;8;2;0;0.8889;43;5;3
org.apache.catalina.ha.deploy.FarmWarDeployer.messageReceived(ClusterMessage);org.apache.catalina.ha.deploy.UndeployMessage;3;7;2;0.8462;376;28;17;0;1;0.9600;52;0;7
org.apache.catalina.startup.Embedded.createConnector(String, int, String);org.apache.tomcat.util.IntrospectionUtils;1;0;1;1.0000;372;34;11;1;0;1.0000;602;31;5
org.apache.catalina.connector.MapperListener.containerEvent(ContainerEvent);org.apache.catalina.ContainerEvent;1;0;1;0.9474;305;10;6;2;0;0.8333;18;4;3
org.apache.jasper.compiler.Generator.GenerateVisitor.visit(Node.JspElement);org.apache.jasper.compiler.Node.JspElement;5;0;1;0.9867;1737;45;16;0;2;0.8947;21;1;2
org.apache.catalina.ssi.SSIPrintenv.process(SSIMediator, String, String[], String[], PrintWriter);org.apache.catalina.ssi.SSIMediator;1;0;0;1.0000;24;1;0;2;1;0.8846;190;16;13
org.apache.catalina.startup.ContextConfig.webConfig();org.apache.tomcat.util.scan.Constants;0;0;0;0;0;0;0;0;0;0;0;0;0
org.apache.coyote.http11.Http11NioProcessor.parseHost(MessageBytes);org.apache.tomcat.util.buf.HexUtils;6;0;6;0.9189;954;28;38;0;1;1.0000;50;5;3
org.apache.catalina.session.ManagerBase.getLastAccessedTimestamp(String);org.apache.catalina.Session;0;0;1;0.9878;489;55;31;1;0;0.9697;32;32;4
org.apache.jasper.JspCompilationContext.compile();org.apache.jasper.compiler.Localizer;1;2;4;0.9077;420;31;31;1;0;1.0000;34;6;1
org.apache.catalina.connector.Response.toAbsolute(String);org.apache.tomcat.util.buf.CharChunk;0;1;3;0.9583;578;70;19;4;0;0.9298;393;39;8
org.apache.jasper.compiler.Validator.ValidateVisitor.visit(Node.ELExpression);org.apache.jasper.compiler.ELParser;4;1;3;0.9130;710;36;19;1;0;1.0000;204;12;8
org.apache.catalina.connector.RequestFacade.getHeader(String);org.apache.catalina.connector.Request;1;0;2;0.9865;462;73;2;1;0;0.9943;1084;128;51
org.apache.coyote.http11.Http11NioProcessor.action(ActionCode, Object);org.apache.tomcat.util.net.NioEndpoint.Poller;12;1;19;0.8269;954;28;38;1;1;0.9747;395;15;7
org.apache.catalina.connector.Request.changeSessionId(String);org.apache.catalina.Context;0;0;0;0;0;0;0;0;0;0;0;0;0
org.apache.catalina.connector.OutputBuffer.setConverter();org.apache.coyote.Response;2;0;7;0.8500;207;25;15;0;1;0.9767;250;19;18
org.apache.catalina.core.StandardWrapperValve.invoke(Request, Response);org.apache.catalina.core.ApplicationFilterChain;4;1;5;0.8780;341;4;6;4;0;0.9149;225;9;13
org.apache.catalina.startup.Embedded.removeHost(Host);org.apache.catalina.Host;0;0;2;0.9796;372;34;11;1;0;0.9615;20;20;2
org.apache.catalina.ha.session.ReplicatedSession.log(String);org.apache.catalina.ha.session.SimpleTcpReplicationManager;1;0;1;0.9524;122;16;4;0;1;1.0000;362;17;17
org.apache.tomcat.util.bcel.classfile.FieldOrMethod.getName();org.apache.tomcat.util.bcel.Constants;0;0;0;0;0;0;0;0;0;0;0;0;0
org.apache.el.ExpressionFactoryImpl.createValueExpression(ELContext, String, Class<?>);org.apache.el.util.MessageFactory;0;0;0;1.0000;26;4;0;1;0;1.0000;24;7;1
org.apache.catalina.session.ManagerBase.destroyInternal();org.apache.juli.logging.Log;0;0;0;0;0;0;0;0;0;0;0;0;0
org.apache.catalina.startup.HostConfig.lifecycleEvent(LifecycleEvent);org.apache.catalina.LifecycleEvent;3;3;7;0.8462;755;35;15;2;0;0.9048;18;3;3
org.apache.jasper.compiler.Generator.generateSetJspContext(TagInfo);org.apache.jasper.compiler.ServletWriter;0;1;1;0.9767;781;28;16;7;0;0.6111;65;13;6
org.apache.jasper.compiler.WebXml.close();org.apache.jasper.compiler.Localizer;0;0;0;0;0;0;0;0;0;0;0;0;0
org.apache.catalina.startup.ContextConfig.processResourceJARs(Set<WebXml>);org.apache.catalina.Context;0;0;0;0;0;0;0;0;0;0;0;0;0
org.apache.catalina.session.StandardSession.passivate();org.apache.tomcat.util.res.StringManager;2;3;3;0.9367;558;58;26;0;0;1.0000;36;3;3
org.apache.coyote.http11.Http11NioProcessor.asyncDispatch(SocketStatus);org.apache.tomcat.util.res.StringManager;0;0;0;0;0;0;0;0;0;0;0;0;0
org.apache.catalina.deploy.NamingResources.removeService(String);org.apache.catalina.deploy.ResourceBase;1;0;3;0.9375;332;35;12;0;1;0.9444;43;9;6
org.apache.catalina.loader.WebappLoader.getObjectNameKeyProperties();org.apache.catalina.Container;0;0;0;0;0;0;0;0;0;0;0;0;0
org.apache.jasper.compiler.Parser.parseCustomTag(Node);org.apache.jasper.compiler.JspReader;0;2;5;0.9079;1203;56;14;7;0;0.8542;322;25;9
org.apache.catalina.tribes.group.interceptors.NonBlockingCoordinator.CoordinationEvent.toString();org.apache.catalina.tribes.ChannelInterceptor;0;0;7;0.4167;59;2;20;1;0;0.9600;16;16;0
org.apache.catalina.connector.CometEventImpl.close();org.apache.tomcat.util.res.StringManager;2;0;3;0.8462;54;6;5;0;0;1.0000;36;3;3
org.apache.catalina.connector.MapperListener.registerWrapper(Wrapper);org.apache.tomcat.util.http.mapper.Mapper;0;0;0;0;0;0;0;0;0;0;0;0;0
org.apache.catalina.ha.tcp.SimpleTcpCluster.getProperty(String);org.apache.juli.logging.Log;1;0;3;0.9697;371;45;31;2;0;0.9000;18;18;0
org.apache.catalina.connector.Request.parseParts();org.apache.tomcat.util.http.fileupload.FileUploadBase;0;0;0;0;0;0;0;0;0;0;0;0;0
org.apache.coyote.ajp.AjpAprProcessor.asyncDispatch(long, SocketStatus);org.apache.coyote.Response;0;0;0;0;0;0;0;0;0;0;0;0;0
org.apache.jasper.tagplugins.jstl.core.Otherwise.doTag(TagPluginContext);org.apache.jasper.compiler.tagplugin.TagPluginContext;0;0;0;1.0000;4;1;0;2;0;0.8571;14;14;0
org.apache.jasper.compiler.Node.JspOutput.accept(Visitor);org.apache.jasper.compiler.Node.Visitor;0;0;0;1.0000;6;1;0;1;0;0.9714;126;35;0
org.apache.catalina.users.MemoryUserDatabase.removeGroup(Group);org.apache.catalina.User;0;1;1;0.9394;252;22;10;1;0;0.9500;17;17;0
org.apache.jasper.servlet.JspServlet.getJspCount();org.apache.jasper.compiler.JspRuntimeContext;0;0;1;0.9333;173;10;5;1;0;0.9524;174;9;10
org.apache.coyote.http11.Http11Processor.prepareResponse();org.apache.tomcat.util.buf.MessageBytes;5;2;11;0.8500;847;26;37;3;0;0.9583;402;31;17
org.apache.catalina.tribes.group.GroupChannel.send(Member[], Serializable, int, ErrorHandler);org.apache.catalina.tribes.io.XByteBuffer;5;1;0;0.9783;268;24;8;2;0;0.9737;317;36;7
org.apache.jasper.compiler.Generator.compileTagHandlerPoolList(Node.Nodes);org.apache.jasper.compiler.Node.Visitor;4;0;1;0.9792;781;28;16;1;0;0.9787;126;35;0
org.apache.catalina.session.StandardManager.doLoad();org.apache.juli.logging.Log;2;1;1;0.9474;328;19;8;3;0;0.9032;18;18;0
org.apache.catalina.session.StandardSession.activate();org.apache.juli.logging.Log;2;3;5;0.9241;558;58;26;1;0;0.9615;18;18;0
org.apache.catalina.connector.Response.sendError(int, String);org.apache.coyote.Response;2;5;3;0.9231;578;70;19;0;2;0.9565;250;19;18
org.apache.catalina.mbeans.MBeanUtils.createMBean(Group);org.apache.tomcat.util.modeler.ManagedBean;0;2;2;1.0000;853;61;5;2;0;0.9429;252;23;13
org.apache.catalina.mbeans.MBeanUtils.createMBean(Group);org.apache.tomcat.util.modeler.Registry;0;2;2;1.0000;853;61;5;1;0;0.9773;446;36;10
org.apache.tomcat.util.net.NioEndpoint.checkParachute();org.apache.juli.logging.Log;0;1;3;0.9796;629;43;64;1;0;0.9500;18;18;0
org.apache.coyote.http11.Http11NioProcessor.event(SocketStatus);org.apache.tomcat.util.net.NioChannel;6;1;10;0.8816;954;28;38;1;0;0.9750;83;15;5
org.apache.coyote.ajp.AjpProcessor.prepareResponse();org.apache.tomcat.util.http.HttpMessages;5;0;4;0.9333;570;12;32;1;0;1.0000;42;2;5
org.apache.catalina.ha.authenticator.ClusterSingleSignOn.deregister(String, Session);org.apache.juli.logging.Log;1;1;2;0.8929;149;16;4;2;0;0.9310;18;18;0
org.apache.catalina.core.ApplicationDispatcher.doInclude(ServletRequest, ServletResponse, DispatcherType);org.apache.catalina.core.ApplicationFilterFactory;3;5;6;0.6071;419;14;10;0;3;1.0000;183;6;11
org.apache.el.lang.FunctionMapperImpl.Function.getMethod();org.apache.el.util.ReflectionUtil;0;0;4;0.6923;58;6;6;2;0;1.0000;87;7;3
org.apache.catalina.core.StandardContext.validateFilterMap(FilterMap);org.apache.catalina.deploy.FilterMap;2;2;0;0.9936;2385;204;107;3;2;0.6875;174;8;22
org.apache.naming.NamingContext.isWritable();org.apache.naming.ContextAccessController;0;0;1;0.9730;282;32;6;1;0;1.0000;25;6;2
org.apache.catalina.deploy.WebXml.mergeResourceMap(Map<String,T>, Map<String,T>, Map<String,T>, Map<String,Boolean>, WebXml);org.apache.juli.logging.Log;2;0;4;0.9718;1446;42;41;1;0;0.9545;18;18;0
org.apache.catalina.util.LifecycleBase.stop();org.apache.catalina.Lifecycle;0;0;0;0;0;0;0;0;0;0;0;0;0
org.apache.catalina.startup.HostConfig.deployDirectory(String, File, String);org.apache.catalina.Host;2;3;7;0.8793;755;35;15;1;0;0.9744;20;20;2
org.apache.el.parser.SimpleNode.accept(NodeVisitor);org.apache.el.parser.NodeVisitor;0;0;1;0.9500;82;15;4;1;0;0.6667;1;1;0
org.apache.catalina.startup.Bootstrap.init();org.apache.juli.logging.Log;0;3;4;0.7143;240;19;8;2;0;0.9167;18;18;0
org.apache.jasper.JspCompilationContext.createOutputDir();org.apache.jasper.compiler.Localizer;0;2;5;0.8852;420;31;31;1;0;1.0000;34;6;1
org.apache.catalina.util.InstanceSupport.fireInstanceEvent(String, Servlet);org.apache.catalina.InstanceListener;0;0;2;0.8667;81;11;3;1;0;0.6667;1;1;0
org.apache.coyote.http11.AbstractInputBuffer.doRead(ByteChunk, Request);org.apache.coyote.http11.InputFilter;0;0;0;0;0;0;0;0;0;0;0;0;0
org.apache.jasper.compiler.PageDataImpl.FirstPassVisitor.visit(Node.JspRoot);org.apache.jasper.compiler.Node;1;1;0;0.9167;65;4;4;0;3;0.8966;170;7;15
org.apache.catalina.core.StandardContext.getHostname();org.apache.catalina.Container;0;0;1;0.9968;2385;204;107;1;0;0.9722;34;34;6
org.apache.catalina.ha.session.SimpleTcpReplicationManager.createSession(String, boolean, boolean);org.apache.catalina.Session;1;0;1;0.9773;362;17;17;5;0;0.8718;32;32;4
org.apache.jasper.compiler.Parser.parseDeclaration(Node);org.apache.jasper.compiler.JspReader;0;1;3;0.9412;1203;56;14;3;0;0.9268;322;25;9
org.apache.naming.resources.DirContextURLConnection.getLastModified();org.apache.naming.resources.ResourceAttributes;1;1;1;0.8889;184;11;7;0;1;1.0000;516;30;30
org.apache.catalina.servlets.DefaultServlet.renderHtml(String, CacheEntry);org.apache.catalina.util.RequestUtil;3;3;2;0.9286;994;37;18;1;0;1.0000;183;13;1
org.apache.coyote.http11.AbstractHttp11Processor.addNoCompressionUserAgent(String);org.apache.juli.logging.Log;0;0;0;0;0;0;0;0;0;0;0;0;0
org.apache.tomcat.util.http.fileupload.FileDeleteStrategy.ForceFileDeleteStrategy.doDelete(File);org.apache.tomcat.util.http.fileupload.FileUtils;0;0;0;0;0;0;0;0;0;0;0;0;0
org.apache.jasper.compiler.Node.JspRoot.accept(Visitor);org.apache.jasper.compiler.Node.Visitor;0;0;0;1.0000;6;1;0;1;0;0.9714;126;35;0
org.apache.catalina.ha.jmx.ClusterJmxHelper.registerDefaultCluster(SimpleTcpCluster);org.apache.juli.logging.Log;0;4;1;1.0000;82;7;4;1;0;0.9444;18;18;0
org.apache.catalina.mbeans.MBeanFactory.createDataSourceRealm(String, String, String, String, String, String, String);org.apache.catalina.realm.DataSourceRealm;2;1;0;0.9767;432;35;2;0;6;0.7692;244;14;12
org.apache.el.ValueExpressionLiteral.getValue(ELContext);org.apache.el.lang.ELSupport;0;0;2;0.8571;51;11;3;1;0;1.0000;351;22;1
org.apache.naming.resources.WARDirContext.setDocBase(String);org.apache.naming.StringManager;0;1;1;0.9459;200;29;3;2;0;0.8333;65;7;2
org.apache.jasper.compiler.Parser.parseBody(Node, String, String);org.apache.jasper.compiler.JspReader;0;6;6;0.8732;1203;56;14;5;0;0.8936;322;25;9
org.apache.tomcat.util.net.NioSelectorPool.open();org.apache.tomcat.util.net.NioBlockingSelector;0;1;3;0.8421;182;9;12;1;0;0.9000;111;4;4
org.apache.jasper.compiler.TagFileProcessor.loadTagFile(Compiler, String, TagInfo, PageInfo);org.apache.jasper.servlet.JspServletWrapper;3;0;1;0.9583;96;5;1;4;1;0.8889;314;11;15
org.apache.catalina.startup.ContextConfig.webConfig();org.apache.catalina.Context;0;0;0;0;0;0;0;0;0;0;0;0;0
org.apache.catalina.deploy.WebXml.configureContext(Context);org.apache.catalina.deploy.NamingResources;5;0;27;0.7453;1446;42;41;7;0;0.9346;332;35;12
org.apache.catalina.core.StandardContext.removeMessageDestinationRef(String);org.apache.catalina.deploy.NamingResources;0;0;1;0.9968;2385;204;107;1;0;0.9800;332;35;12
org.apache.catalina.connector.ResponseFacade.encodeUrl(String);org.apache.tomcat.util.res.StringManager;1;0;2;0.9756;224;40;2;0;0;1.0000;36;3;3
org.apache.catalina.startup.HostConfig.manageApp(Context);org.apache.catalina.Container;0;2;3;0.8980;755;35;15;1;0;0.9762;34;34;6
org.apache.jasper.compiler.ScriptingVariabler.CustomTagCounter.visit(Node.CustomTag);org.apache.jasper.compiler.Node.CustomTag;1;0;2;0.5000;8;1;2;0;1;0.9767;229;10;26
org.apache.coyote.ajp.AjpAprProtocol.start();org.apache.tomcat.util.modeler.Registry;1;1;7;0.9016;219;40;15;2;0;0.9818;446;36;10
org.apache.tomcat.util.http.Parameters.processParameters(byte, int, int, String);org.apache.juli.logging.Log;1;3;4;0.8810;363;23;19;2;0;0.9200;18;18;0
org.apache.catalina.startup.ContextConfig.processAnnotationWebInitParams(ElementValue);org.apache.tomcat.util.bcel.classfile.ElementValue;0;0;0;0;0;0;0;0;0;0;0;0;0
org.apache.tomcat.util.bcel.classfile.LocalVariable.toString();org.apache.tomcat.util.bcel.classfile.Utility;0;0;0;0;0;0;0;0;0;0;0;0;0
org.apache.catalina.mbeans.ServerLifecycleListener.destroyMBeans(Server);org.apache.catalina.mbeans.MBeanUtils;0;2;1;0.9459;569;32;2;1;0;1.0000;853;61;5
org.apache.catalina.tribes.io.ChannelData.generateUUID();org.apache.catalina.tribes.util.UUIDGenerator;0;0;2;0.9375;165;14;7;1;0;1.0000;26;3;6
org.apache.catalina.loader.WebappClassLoader.getResource(String);org.apache.catalina.loader.ResourceEntry;1;2;7;0.8889;1193;44;30;0;1;0.9412;0;0;7
org.apache.jasper.compiler.Validator.ValidateVisitor.getJspAttribute(TagAttributeInfo, String, String, String, String, Node, boolean);org.apache.jasper.compiler.Node;6;0;2;0.9630;710;36;19;2;1;0.9231;170;7;15
org.apache.jasper.compiler.Validator.ValidateVisitor.visit(Node.TaglibDirective);org.apache.jasper.compiler.ErrorDispatcher;0;0;2;0.9767;710;36;19;1;0;0.9565;158;22;2
org.apache.tomcat.util.net.NioSelectorPool.read(ByteBuffer, NioChannel, Selector, long, boolean);org.apache.tomcat.util.net.NioBlockingSelector;1;0;2;0.9524;182;9;12;1;0;0.9000;111;4;4
org.apache.catalina.tribes.membership.McastService.getLocalMemberName();org.apache.catalina.tribes.membership.MemberImpl;0;0;1;0.9841;345;53;13;1;0;0.9750;300;29;19
org.apache.catalina.tribes.membership.McastService.setLocalMemberProperties(String, int, int, int);org.apache.catalina.tribes.membership.MemberImpl;0;0;4;0.9429;345;53;13;8;0;0.8140;300;29;19
org.apache.catalina.tribes.tipis.AbstractReplicatedMap.accept(Serializable, Member);org.apache.juli.logging.Log;0;0;3;0.9701;740;50;17;2;0;0.9048;18;18;0
org.apache.tomcat.util.net.AprEndpoint.processSocketWithOptions(long);org.apache.juli.logging.Log;0;1;3;0.9753;629;27;59;1;0;0.9545;18;18;0
org.apache.naming.ContextBindings.getThread();org.apache.naming.StringManager;0;0;2;1.0000;112;21;6;1;0;0.8750;65;7;2
org.apache.catalina.startup.WebAnnotationSet.addResource(Context, Resource);org.apache.catalina.deploy.ContextService;5;0;0;1.0000;125;6;0;0;1;0.9737;114;18;6
org.apache.tomcat.util.net.AbstractEndpoint.shutdownExecutor();org.apache.tomcat.util.threads.TaskQueue;0;0;0;0;0;0;0;0;0;0;0;0;0
org.apache.coyote.http11.Http11Processor.setSocketBuffer(int);org.apache.coyote.http11.InternalOutputBuffer;0;0;2;0.9672;847;26;37;1;0;0.9756;255;24;14
org.apache.catalina.startup.ContextConfig.processAnnotationWebFilter(String, AnnotationEntry, WebXml);org.apache.catalina.deploy.FilterDef;0;0;0;0;0;0;0;0;0;0;0;0;0
org.apache.jasper.compiler.TagPluginManager.TagPluginContextImpl.generateBody();org.apache.jasper.compiler.Node.CustomTag;1;0;2;0.9000;72;15;4;0;1;0.9762;229;10;26
org.apache.tomcat.util.http.MimeHeaders.getHeader(String);org.apache.tomcat.util.buf.MessageBytes;0;1;0;0.9524;129;18;3;1;0;0.9773;402;31;17
org.apache.tomcat.util.net.AbstractEndpoint.setProperty(String, String);org.apache.juli.logging.Log;0;0;0;0;0;0;0;0;0;0;0;0;0
org.apache.catalina.tribes.membership.McastService.stop(int);org.apache.juli.logging.Log;0;0;2;0.9844;345;53;13;1;0;0.9500;18;18;0
org.apache.catalina.core.StandardContext.getServletContext();org.apache.catalina.Globals;1;1;2;0.9903;2385;204;107;0;1;1.0000;0;0;39
org.apache.catalina.valves.ExtendedAccessLogValve.ServletContextElement.addElement(StringBuilder, Date, Request, Response, long);org.apache.catalina.valves.ExtendedAccessLogValve;0;0;1;0.7500;6;1;1;1;0;0.9231;367;10;2
org.apache.catalina.ha.session.DeltaManager.sessionExpired(String);org.apache.catalina.ha.session.SessionMessage;2;1;4;0.9639;826;43;42;0;1;1.0000;5;5;7
org.apache.catalina.mbeans.ServerLifecycleListener.createMBeans(Service);org.apache.catalina.core.StandardService;0;2;0;0.9429;569;32;2;1;0;0.9792;313;29;18
org.apache.tomcat.util.net.AprEndpoint.Poller.destroy();org.apache.tomcat.jni.Socket;1;0;7;0.4167;168;4;7;1;0;1.0000;37;37;34
org.apache.catalina.core.ContainerBase.invoke(Request, Response);org.apache.catalina.Pipeline;0;0;1;0.9889;603;62;29;1;0;0.8750;6;6;0
org.apache.tomcat.util.http.Parameters.urlDecode(ByteChunk, String);org.apache.tomcat.util.buf.UDecoder;2;0;2;0.9592;363;23;19;1;0;0.9524;152;11;1
org.apache.jasper.servlet.JspServletWrapper.destroy();org.apache.tomcat.InstanceManager;0;0;3;0.8966;314;11;15;1;0;0.8750;4;4;0
org.apache.catalina.ha.deploy.FarmWarDeployer.fileRemoved(File);org.apache.juli.logging.Log;0;2;1;0.9565;376;28;17;3;0;0.8500;18;18;0
org.apache.tomcat.util.modeler.modules.MbeansSource.save();org.apache.juli.logging.Log;0;0;4;0.8571;198;11;10;2;0;0.9091;18;18;0
org.apache.catalina.core.ApplicationContext.populateSessionTrackingModes();org.apache.catalina.Engine;0;0;0;0;0;0;0;0;0;0;0;0;0
org.apache.catalina.core.ApplicationContext.getFilterRegistrations();org.apache.catalina.deploy.FilterDef;0;0;0;0;0;0;0;0;0;0;0;0;0
org.apache.catalina.connector.Response.setDateHeader(String, long);org.apache.tomcat.util.http.FastHttpDateFormat;1;2;2;0.9540;578;70;19;1;0;1.0000;85;6;8
org.apache.coyote.http11.Http11NioProcessor.action(ActionCode, Object);org.apache.coyote.http11.AbstractInputBuffer;0;0;0;0;0;0;0;0;0;0;0;0;0
org.apache.jasper.compiler.Validator.ValidateVisitor.checkNamedAttributes(Node.CustomTag, Node.JspAttribute[], int, Hashtable<String,Object>);org.apache.jasper.compiler.Node.CustomTag;3;0;1;0.9825;710;36;19;0;2;0.9636;229;10;26
org.apache.catalina.deploy.WebXml.addEjbLocalRef(ContextLocalEjb);org.apache.catalina.deploy.ResourceBase;0;0;1;0.9853;1446;42;41;1;0;0.9375;43;9;6
org.apache.catalina.core.ApplicationServletRegistration.setServletSecurity(ServletSecurityElement);org.apache.catalina.Lifecycle;0;0;0;0;0;0;0;0;0;0;0;0;0
org.apache.catalina.connector.RequestFacade.GetParameterMapPrivilegedAction.run();org.apache.catalina.connector.RequestFacade;1;0;0;1.0000;3;1;0;0;1;0.9867;462;73;2
org.apache.jasper.servlet.JspServletWrapper.loadTagFile();org.apache.jasper.Options;0;0;7;0.7742;314;11;15;1;0;0.9737;28;28;0
org.apache.catalina.core.ApplicationContextFacade.getServletRegistrations();org.apache.catalina.security.SecurityUtil;0;0;0;0;0;0;0;0;0;0;0;0;0
org.apache.catalina.core.StandardEngineValve.invoke(Request, Response);org.apache.catalina.Pipeline;1;0;1;1.0000;14;3;2;1;0;0.9091;6;6;0
org.apache.catalina.realm.UserDatabaseRealm.startInternal();org.apache.juli.logging.Log;0;0;0;0;0;0;0;0;0;0;0;0;0
org.apache.catalina.connector.CoyoteAdapter.asyncDispatch(org.apache.coyote.Request, org.apache.coyote.Response, SocketStatus);org.apache.juli.logging.Log;0;0;0;0;0;0;0;0;0;0;0;0;0
org.apache.jasper.compiler.Generator.GenerateVisitor.visit(Node.JspElement);org.apache.jasper.compiler.Node;5;0;1;0.9867;1737;45;16;0;3;0.9250;170;7;15
org.apache.coyote.http11.Http11NioProcessor.action(ActionCode, Object);org.apache.coyote.Request;12;1;19;0.8269;954;28;38;1;9;0.9000;219;17;34
org.apache.catalina.connector.MapperListener.init();org.apache.catalina.Container;0;4;3;0.6250;305;10;6;0;0;1.0000;34;34;6
org.apache.jasper.compiler.Parser.parseNamedAttributes(Node);org.apache.jasper.compiler.JspReader;3;3;2;0.9315;1203;56;14;3;0;0.9362;322;25;9
org.apache.catalina.core.ApplicationContextFacade.getEffectiveMinorVersion();org.apache.catalina.security.SecurityUtil;0;0;0;0;0;0;0;0;0;0;0;0;0
org.apache.catalina.connector.CoyoteAdapter.postParseRequest(org.apache.coyote.Request, Request, org.apache.coyote.Response, Response);org.apache.catalina.util.URLEncoder;11;4;2;0.9571;505;11;8;1;0;0.9848;54;2;2
org.apache.catalina.servlets.DefaultServlet.findXsltInputStream(DirContext);org.apache.naming.resources.Resource;0;0;3;0.9388;994;37;18;1;0;0.8889;23;1;2
org.apache.catalina.servlets.DefaultServlet.copy(CacheEntry, PrintWriter, Iterator<Range>, String);org.apache.naming.resources.Resource;1;1;2;0.9623;994;37;18;1;0;0.9167;23;1;2
org.apache.catalina.connector.InputBuffer.recycle();org.apache.tomcat.util.buf.ByteChunk;1;0;10;0.7619;210;19;17;1;0;0.9844;425;43;10
org.apache.catalina.servlets.DefaultServlet.executePartialPut(HttpServletRequest, Range, String);org.apache.naming.resources.Resource;0;0;2;0.9808;994;37;18;1;0;0.9000;23;1;2
org.apache.catalina.realm.JNDIRealm.bindAsUser(DirContext, User, String);org.apache.juli.logging.Log;1;0;2;0.9733;728;44;31;2;0;0.9091;18;18;0
org.apache.coyote.http11.AbstractHttp11Protocol.getAddress();org.apache.tomcat.util.net.AbstractEndpoint;0;0;0;0;0;0;0;0;0;0;0;0;0
org.apache.tomcat.util.net.NioEndpoint.Poller.processKey(SelectionKey, KeyAttachment);org.apache.tomcat.util.net.NioEndpoint.KeyAttachment;2;4;1;0.8276;395;15;7;1;3;0.8947;155;14;15
org.apache.catalina.ha.session.DeltaRequest.execute(DeltaSession, boolean);org.apache.catalina.session.StandardSession;0;1;8;0.9211;179;15;15;4;0;0.9574;558;58;26
org.apache.catalina.core.StandardHostValve.status(Request, Response);org.apache.catalina.Container;3;1;0;0.9500;149;7;3;2;0;0.9583;34;34;6
org.apache.catalina.servlets.DefaultServlet.serveResource(HttpServletRequest, HttpServletResponse, boolean);org.apache.naming.resources.CacheEntry;4;11;8;0.7377;994;37;18;0;5;0.8529;13;2;8
org.apache.catalina.connector.CoyoteAdapter.postParseRequest(org.apache.coyote.Request, Request, org.apache.coyote.Response, Response);org.apache.tomcat.util.http.mapper.MappingData;11;4;2;0.9571;505;11;8;0;3;0.9571;11;1;9
org.apache.coyote.ajp.AjpProtocol.destroy();org.apache.juli.logging.Log;1;1;5;0.9200;201;32;16;2;0;0.9167;18;18;0
org.apache.catalina.core.StandardWrapper.getErrorCount();org.apache.catalina.core.StandardWrapperValve;1;0;1;0.9902;712;75;32;0;1;0.9000;341;4;6
org.apache.catalina.realm.RealmBase.getDigest(String, String);org.apache.juli.logging.Log;0;2;4;0.9474;688;39;24;1;0;0.9545;18;18;0
org.apache.catalina.connector.RequestFacade.getDateHeader(String);org.apache.tomcat.util.res.StringManager;1;0;2;0.9865;462;73;2;0;0;1.0000;36;3;3
org.apache.tomcat.util.bcel.classfile.ElementValuePair.getNameString();org.apache.tomcat.util.bcel.classfile.ConstantUtf8;0;0;0;0;0;0;0;0;0;0;0;0;0
org.apache.jasper.compiler.TagLibraryInfoImpl.createAttribute(TreeNode, String);org.apache.jasper.compiler.JspUtil;0;0;1;0.9615;523;14;6;1;0;1.0000;693;44;8
org.apache.catalina.core.ApplicationContext.getContext(String);org.apache.catalina.core.StandardContext;0;0;1;0.9833;460;47;13;2;0;0.9936;2385;204;107
org.apache.catalina.tribes.transport.nio.NioReplicationTask.drainChannel(SelectionKey, ObjectReader);org.apache.catalina.tribes.ChannelMessage;4;3;2;0.8667;197;7;5;4;0;0.8667;11;11;0
org.apache.jasper.compiler.TagPluginManager.invokePlugin(Node.CustomTag);org.apache.jasper.compiler.Node.CustomTag;1;0;2;0.7778;66;3;6;0;2;0.9535;229;10;26
org.apache.jasper.runtime.JspWriterImpl.getLocalizeMessage(String);org.apache.jasper.compiler.Localizer;0;0;0;1.0000;233;36;7;1;0;1.0000;34;6;1
org.apache.jasper.compiler.Generator.GenerateVisitor.evaluateAttribute(TagHandlerInfo, Node.JspAttribute, Node.CustomTag, String);org.apache.jasper.compiler.Generator;5;3;2;0.9518;1737;45;16;1;2;0.9841;781;28;16
org.apache.catalina.valves.AccessLogValve.HostElement.addElement(StringBuilder, Date, Request, Response, long);org.apache.catalina.connector.Request;0;0;0;1.0000;3;1;0;1;0;0.9942;1084;128;51
org.apache.catalina.tribes.transport.bio.BioReplicationTask.sendAck(byte[]);org.apache.juli.logging.Log;0;0;2;0.9091;92;6;3;3;0;0.8421;18;18;0
org.apache.catalina.realm.RealmBase.hasResourcePermission(Request, Response, SecurityConstraint[], Context);org.apache.catalina.Context;2;1;3;0.9714;688;39;24;2;0;0.9857;125;125;1
org.apache.catalina.startup.ContextConfig.fixDocBase();org.apache.catalina.core.StandardContext;1;0;1;0.9730;779;23;16;1;1;0.9937;2385;204;107
org.apache.catalina.session.StandardSession.getServletContext();org.apache.catalina.Manager;0;0;1;0.9872;558;58;26;1;0;0.9722;34;34;0
org.apache.jasper.runtime.PageContextImpl.doForward(String);org.apache.jasper.Constants;1;1;4;0.9057;634;40;16;0;1;1.0000;0;0;34
org.apache.catalina.core.StandardWrapper.getWebModuleKeyProperties();org.apache.catalina.core.StandardContext;0;0;0;0;0;0;0;0;0;0;0;0;0
org.apache.jasper.compiler.Validator.ValidateVisitor.FVVisitor.visit(ELNode.Function);org.apache.jasper.compiler.Validator.ValidateVisitor;4;0;0;1.0000;33;1;1;1;2;0.9412;710;36;19
org.apache.catalina.connector.RequestFacade.getRealPath(String);org.apache.catalina.connector.Request;1;0;2;0.9865;462;73;2;1;0;0.9943;1084;128;51
org.apache.catalina.core.StandardHost.map(String);org.apache.catalina.Context;1;0;1;1.0000;289;35;18;1;0;0.9924;125;125;1
org.apache.jasper.compiler.JspReader.popFile();org.apache.jasper.compiler.Mark;1;2;4;0.8421;322;25;9;1;1;0.9333;108;9;11
org.apache.catalina.core.StandardContext.addServletMapping(String, String, boolean);org.apache.catalina.Wrapper;1;2;3;0.9841;2385;204;107;2;0;0.9512;32;32;0
org.apache.jasper.compiler.Generator.genPreambleImports();org.apache.jasper.compiler.PageInfo;1;0;2;0.9512;781;28;16;0;1;0.9877;319;30;44
org.apache.jasper.servlet.JspServletWrapper.getServlet();org.apache.tomcat.InstanceManager;1;1;5;0.8125;314;11;15;1;0;0.9286;4;4;0
org.apache.catalina.ha.tcp.ReplicationValve.createPrimaryIndicator(Request);org.apache.juli.logging.Log;1;0;3;0.9750;283;17;17;2;0;0.9231;18;18;0
org.apache.catalina.startup.Bootstrap.initClassLoaders();org.apache.juli.logging.Log;0;1;4;0.8000;240;19;8;1;0;0.9545;18;18;0
org.apache.catalina.servlets.WebdavServlet.generateLockDiscovery(String, XMLWriter);org.apache.catalina.util.XMLWriter;1;0;2;0.9444;1460;29;23;1;2;0.9412;79;10;5
org.apache.catalina.core.StandardHost.startInternal();org.apache.juli.logging.Log;0;0;0;0;0;0;0;0;0;0;0;0;0
org.apache.catalina.startup.ContextConfig.configureStop();org.apache.juli.logging.Log;0;0;0;0;0;0;0;0;0;0;0;0;0
org.apache.coyote.http11.Http11AprProcessor.prepareResponse();org.apache.coyote.http11.Constants;7;2;12;0.8391;938;28;36;0;10;1.0000;0;0;44
org.apache.catalina.manager.HTMLManagerServlet.removeSessionAttribute(String, String, String);org.apache.catalina.Session;0;1;0;0.9600;601;22;14;1;0;0.9706;32;32;4
org.apache.catalina.mbeans.MBeanFactory.createAccessLoggerValve(String);org.apache.catalina.util.LifecycleMBeanBase;0;0;0;0;0;0;0;0;0;0;0;0;0
org.apache.catalina.realm.LockOutRealm.authenticate(X509Certificate[]);org.apache.juli.logging.Log;1;3;1;0.8000;139;9;6;1;0;0.9545;18;18;0
org.apache.coyote.http11.Http11AprProcessor.action(ActionCode, Object);org.apache.coyote.http11.Constants;9;1;18;0.8068;938;28;36;0;1;1.0000;0;0;44
org.apache.catalina.deploy.WebXml.mergeFilter(FilterDef, FilterDef, boolean);org.apache.catalina.deploy.FilterDef;1;0;0;1.0000;1446;42;41;3;1;0.7500;51;9;7
org.apache.catalina.core.AsyncContextImpl.setTimeout(long);org.apache.coyote.ActionCode;1;0;2;0.9375;244;21;12;0;0;1.0000;6;0;26
org.apache.jasper.compiler.PageDataImpl.SecondPassVisitor.appendText(String, boolean);org.apache.jasper.compiler.TagConstants;1;1;3;0.9149;307;41;6;0;2;1.0000;0;0;57
org.apache.catalina.core.NamingContextListener.addService(ContextService);org.apache.catalina.deploy.ResourceBase;5;0;4;0.9464;745;23;11;4;0;0.8974;43;9;6
org.apache.catalina.session.StandardSession.invalidate();org.apache.tomcat.util.res.StringManager;1;2;1;0.9737;558;58;26;0;0;1.0000;36;3;3
org.apache.catalina.connector.Request.getLocalPort();org.apache.coyote.Request;2;0;2;0.9885;1084;128;51;1;1;0.9630;219;17;34
org.apache.catalina.core.ApplicationContextFacade.getRealPath(String);org.apache.catalina.core.ApplicationContext;0;1;1;0.9600;426;46;3;1;0;0.9828;460;47;13
org.apache.coyote.http11.InternalNioOutputBuffer.recycle();org.apache.tomcat.util.net.NioChannel;2;0;8;0.8298;294;26;16;0;1;0.9688;83;15;5
org.apache.catalina.connector.Response.isClosed();org.apache.catalina.connector.OutputBuffer;1;0;1;0.9886;578;70;19;0;1;0.9756;207;25;15
org.apache.tomcat.util.http.MimeHeaders.addValue(char, int, int);org.apache.tomcat.util.buf.MessageBytes;1;1;0;0.9565;129;18;3;1;0;0.9783;402;31;17
org.apache.catalina.deploy.WebXml.toXml();org.apache.catalina.deploy.SecurityRoleRef;10;2;30;0.7787;1446;42;41;2;0;0.9765;23;3;2
org.apache.jasper.compiler.ELNode.Visitor.visit(Root);org.apache.jasper.compiler.ELNode.Nodes;0;0;0;1.0000;9;4;0;1;0;0.8889;35;5;2
org.apache.jasper.compiler.Validator.ValidateVisitor.visit(Node.JspElement);org.apache.jasper.compiler.Node.Nodes;3;1;1;0.9592;710;36;19;2;0;0.8889;43;5;3
org.apache.jasper.compiler.ParserController.hasJspRoot(JspReader);org.apache.jasper.compiler.JspReader;1;0;0;1.0000;284;13;13;3;0;0.9167;322;25;9
org.apache.catalina.core.ApplicationContextFacade.getServletRegistrations();org.apache.catalina.core.ApplicationContext;0;0;0;0;0;0;0;0;0;0;0;0;0
org.apache.tomcat.util.digester.AbstractRulesImpl.add(String, Rule);org.apache.tomcat.util.digester.Rule;1;1;2;0.6250;25;5;2;0;2;0.8667;31;9;2
org.apache.catalina.core.StandardWrapper.getWebModuleKeyProperties();org.apache.catalina.Context;0;0;0;0;0;0;0;0;0;0;0;0;0
org.apache.catalina.connector.RequestFacade.getRequestedSessionId();org.apache.tomcat.util.res.StringManager;1;0;2;0.9865;462;73;2;0;0;1.0000;36;3;3
org.apache.tomcat.util.http.Cookies.processCookieHeader(byte, int, int);org.apache.tomcat.util.http.ServerCookie;3;4;0;0.9091;269;16;9;1;5;0.7059;218;16;16
org.apache.catalina.startup.SetParentClassLoaderRule.begin(String, String, Attributes);org.apache.catalina.Container;1;0;1;0.8571;8;1;1;1;0;0.9750;34;34;6
org.apache.catalina.core.ApplicationServletRegistration.setAsyncSupported(boolean);org.apache.catalina.Wrapper;0;0;0;0;0;0;0;0;0;0;0;0;0
org.apache.jasper.compiler.JspDocumentParser.checkPrefix(String, String);org.apache.jasper.compiler.PageInfo;1;1;2;0.9545;649;28;20;1;1;0.9740;319;30;44
org.apache.coyote.http11.AbstractHttp11Processor.addInputFilter(InputFilter[], String);org.apache.tomcat.util.buf.ByteChunk;0;0;0;0;0;0;0;0;0;0;0;0;0
org.apache.coyote.ajp.AjpAprProtocol.setAddress(InetAddress);org.apache.tomcat.util.net.AbstractEndpoint;0;0;0;0;0;0;0;0;0;0;0;0;0
org.apache.coyote.http11.Http11NioProcessor.event(SocketStatus);org.apache.juli.logging.Log;6;1;10;0.8816;954;28;38;1;0;0.9737;18;18;0
org.apache.jasper.compiler.Validator.ValidateVisitor.visit(Node.UseBean);org.apache.jasper.compiler.BeanRepository;3;1;3;0.9388;710;36;19;1;0;0.9412;24;3;3
org.apache.catalina.ha.session.BackupManager.startInternal();org.apache.catalina.Cluster;0;0;0;0;0;0;0;0;0;0;0;0;0
org.apache.catalina.startup.SoapHeaderRule.body(String, String, String);org.apache.catalina.deploy.ContextHandler;0;0;0;1.0000;14;1;0;1;0;0.9474;63;12;4
org.apache.tomcat.util.bcel.classfile.PMGClass.getPMGName();org.apache.tomcat.util.bcel.Constants;0;0;0;0;0;0;0;0;0;0;0;0;0
org.apache.catalina.ssi.SSIConditional.process(SSIMediator, String, String[], String[], PrintWriter);org.apache.catalina.ssi.SSIConditionalState;2;1;0;0.8333;67;3;0;0;3;0.4000;0;0;3
org.apache.catalina.session.ManagerBase.getLastAccessedTime(String);org.apache.juli.logging.Log;0;0;2;0.9762;489;55;31;2;0;0.9048;18;18;0
org.apache.catalina.startup.ConnectorCreateRule._setExecutor(Connector, Executor);org.apache.catalina.connector.Connector;1;0;1;1.0000;22;3;1;1;0;0.9892;455;59;40
org.apache.jasper.compiler.Validator.ValidateVisitor.checkXmlAttributes(Node.CustomTag, Node.JspAttribute[], Hashtable<String,Object>);org.apache.jasper.el.ELContextImpl;8;1;3;0.9344;710;36;19;0;1;0.9643;35;1;4
org.apache.catalina.users.MemoryUserDatabase.open();org.apache.tomcat.util.res.StringManager;1;0;6;0.8857;252;22;10;0;0;1.0000;36;3;3
org.apache.catalina.connector.ResponseFacade.getCharacterEncoding();org.apache.tomcat.util.res.StringManager;1;0;2;0.9756;224;40;2;0;0;1.0000;36;3;3
org.apache.catalina.valves.AccessLogValve.invoke(Request, Response);org.apache.catalina.connector.Request;0;2;4;0.8929;373;24;32;1;0;0.9945;1084;128;51
org.apache.catalina.ha.jmx.ClusterJmxHelper.unregisterDefaultCluster(SimpleTcpCluster);org.apache.juli.logging.Log;0;2;1;1.0000;82;7;4;1;0;0.9444;18;18;0
org.apache.catalina.tribes.tipis.AbstractReplicatedMap.init(MapOwner, Channel, String, long, int, ClassLoader[]);org.apache.catalina.tribes.group.RpcChannel;0;2;10;0.8451;740;50;17;0;0;1.0000;98;6;9
org.apache.tomcat.util.net.AprEndpoint.allocatePoller(int, long, int);org.apache.tomcat.jni.Status;2;0;2;1.0000;629;27;59;1;0;1.0000;160;54;59
org.apache.tomcat.util.net.jsse.JSSESupport.getX509Certificates(SSLSession);org.apache.juli.logging.Log;0;0;1;1.0000;131;8;4;4;0;0.7778;18;18;0
org.apache.catalina.connector.RequestFacade.isRequestedSessionIdFromCookie();org.apache.tomcat.util.res.StringManager;1;0;2;0.9865;462;73;2;0;0;1.0000;36;3;3
org.apache.jasper.compiler.Generator.FragmentHelperClass.generatePreamble();org.apache.jasper.compiler.Generator.GenBuffer;1;0;2;0.8571;132;6;4;0;1;0.9286;47;3;4
org.apache.tomcat.util.http.mapper.Mapper.map(MessageBytes, MessageBytes, MappingData);org.apache.tomcat.util.buf.MessageBytes;1;1;1;0.9394;816;39;4;2;1;0.9348;402;31;17
org.apache.coyote.ajp.AjpProcessor.prepareRequest();org.apache.coyote.ajp.AjpMessage;7;1;8;0.8846;570;12;32;4;0;0.9420;235;23;5
org.apache.catalina.manager.ManagerServlet.init();org.apache.catalina.Service;1;0;10;0.8163;913;34;13;1;0;0.9655;15;15;0
org.apache.catalina.connector.CoyoteAdapter.event(org.apache.coyote.Request, org.apache.coyote.Response, SocketStatus);org.apache.tomcat.util.res.StringManager;8;0;4;0.9375;505;11;8;0;0;1.0000;36;3;3
org.apache.catalina.core.StandardContext.setAltDDName(String);org.apache.catalina.core.ApplicationContext;1;0;2;0.9935;2385;204;107;1;0;0.9828;460;47;13
org.apache.tomcat.util.scan.StandardJarScanner.process(JarScannerCallback, URL);org.apache.tomcat.util.scan.Constants;0;0;0;0;0;0;0;0;0;0;0;0;0
org.apache.el.MethodExpressionLiteral.invoke(ELContext, Object[]);org.apache.el.lang.ELSupport;0;0;2;0.8182;43;7;3;1;0;1.0000;351;22;1
org.apache.jasper.compiler.Generator.GenerateVisitor.writeDestroyInstance(String);org.apache.jasper.compiler.ServletWriter;1;0;1;0.9841;1737;45;16;3;0;0.8333;65;13;6
org.apache.catalina.connector.MapperListener.registerWrapper(Wrapper);org.apache.catalina.Wrapper;0;0;0;0;0;0;0;0;0;0;0;0;0
org.apache.el.parser.AstMult.getValue(EvaluationContext);org.apache.el.parser.Node;0;0;0;1.0000;8;1;0;1;0;0.9375;15;15;0
org.apache.jasper.compiler.Validator.ValidateVisitor.checkXmlAttributes(Node.CustomTag, Node.JspAttribute[], Hashtable<String,Object>);org.apache.jasper.compiler.ELNode.Nodes;8;1;3;0.9344;710;36;19;1;0;0.9677;35;5;2
org.apache.tomcat.util.net.AprEndpoint.Sendfile.run();org.apache.tomcat.jni.Status;5;3;5;0.6923;187;5;6;0;4;1.0000;160;54;59
org.apache.catalina.util.ExtensionValidator.addFolderList(String);org.apache.juli.logging.Log;1;1;2;1.0000;182;6;4;1;0;0.9444;18;18;0
org.apache.catalina.core.StandardEngineValve.event(Request, Response, CometEvent);org.apache.catalina.connector.Request;0;0;0;1.0000;14;3;2;1;0;0.9943;1084;128;51
org.apache.catalina.ha.session.DeltaRequest.reset();org.apache.juli.logging.Log;0;0;3;0.9091;179;15;15;1;0;0.9524;18;18;0
org.apache.catalina.connector.Response.getContentLength();org.apache.coyote.Response;0;0;1;0.9886;578;70;19;1;0;0.9737;250;19;18
org.apache.catalina.tribes.transport.nio.ParallelNioSender.sendMessage(Member[], ChannelMessage);org.apache.catalina.tribes.ChannelMessage;2;5;1;0.7500;246;12;4;1;0;0.9600;11;11;0
org.apache.catalina.core.AsyncContextImpl.complete();org.apache.coyote.ActionCode;1;1;3;0.9063;244;21;12;0;0;1.0000;6;0;26
org.apache.catalina.ha.session.SimpleTcpReplicationManager.writeSession(Session);org.apache.juli.logging.Log;0;0;1;1.0000;362;17;17;1;0;0.9500;18;18;0
org.apache.jasper.compiler.Parser.processIncludeDirective(String, Node);org.apache.jasper.compiler.ErrorDispatcher;0;0;4;0.9403;1203;56;14;2;0;0.9231;158;22;2
org.apache.catalina.core.ApplicationDispatcher.invoke(ServletRequest, ServletResponse, State);org.apache.catalina.core.StandardWrapper;3;3;4;0.8462;419;14;10;1;0;1.0000;712;75;32
org.apache.catalina.mbeans.MBeanUtils.createObjectName(String, ContextResource);org.apache.catalina.deploy.ResourceBase;1;0;0;1.0000;853;61;5;3;0;0.8421;43;9;6
org.apache.coyote.http11.InternalNioOutputBuffer.addToBB(byte[], int, int);org.apache.tomcat.util.net.NioChannel;2;1;2;0.9333;294;26;16;1;1;0.9167;83;15;5
org.apache.catalina.mbeans.ServerLifecycleListener.createMBeans(ContextResourceLink);org.apache.catalina.mbeans.MBeanUtils;0;0;1;1.0000;569;32;2;1;0;1.0000;853;61;5
org.apache.catalina.ha.session.JvmRouteBinderValve.startInternal();org.apache.juli.logging.Log;0;0;0;0;0;0;0;0;0;0;0;0;0
org.apache.jasper.compiler.Collector.CollectVisitor.visit(Node.JspBody);org.apache.jasper.compiler.Node.JspBody;2;0;0;1.0000;114;15;6;0;1;0.7500;13;1;1
org.apache.coyote.ajp.AjpAprProcessor.prepareResponse();org.apache.coyote.ajp.AjpMessage;5;0;4;0.9322;616;13;30;5;2;0.8372;235;23;5
org.apache.catalina.startup.VersionRule.begin(String, String, Attributes);org.apache.tomcat.util.digester.Digester;0;0;0;0;0;0;0;0;0;0;0;0;0
org.apache.catalina.ha.tcp.ReplicationValve.sendReplicationMessage(Request, long, boolean, ClusterManager, CatalinaCluster);org.apache.tomcat.util.res.StringManager;1;4;3;0.8438;283;17;17;0;0;1.0000;36;3;3
org.apache.coyote.http11.filters.ChunkedOutputFilter.doWrite(ByteChunk, Response);org.apache.coyote.OutputBuffer;1;0;3;0.7000;38;4;6;1;0;0.8333;1;1;0
org.apache.catalina.connector.Request.addParameter(String, String);org.apache.tomcat.util.http.Parameters;1;0;1;0.9943;1084;128;51;1;0;0.9756;363;23;19
org.apache.tomcat.util.digester.Digester.peek(String);org.apache.juli.logging.Log;0;0;2;0.9852;849;103;29;2;0;0.9048;18;18;0
org.apache.catalina.startup.AbsoluteOrderingRule.begin(String, String, Attributes);org.apache.tomcat.util.res.StringManager;0;0;0;0;0;0;0;0;0;0;0;0;0
org.apache.coyote.http11.Http11AprProcessor.process(long);org.apache.tomcat.util.net.AprEndpoint.Poller;7;4;22;0.7241;938;28;36;1;0;0.9831;168;4;7
org.apache.catalina.realm.JNDIRealm.getAttributeValue(String, Attributes);org.apache.juli.logging.Log;0;0;0;1.0000;728;44;31;2;0;0.8947;18;18;0
org.apache.catalina.util.DOMWriter.setWriterEncoding(String);org.apache.catalina.util.MIME2Java;0;0;1;1.0000;231;6;5;1;0;1.0000;8;2;2
org.apache.tomcat.util.modeler.modules.MbeansSource.execute();org.apache.tomcat.util.DomUtil;2;2;7;0.7308;198;11;10;6;0;1.0000;130;14;1
org.apache.catalina.connector.CoyoteAdapter.service(org.apache.coyote.Request, org.apache.coyote.Response);org.apache.catalina.Service;8;0;4;0.9524;505;11;8;0;0;1.0000;15;15;0
org.apache.catalina.startup.ContextConfig.getHostConfigPath(String);org.apache.catalina.Container;0;0;1;0.9677;779;23;16;2;0;0.9429;34;34;6
org.apache.coyote.ajp.AjpProtocol.setExecutor(Executor);org.apache.tomcat.util.net.AbstractEndpoint;0;0;0;0;0;0;0;0;0;0;0;0;0
org.apache.coyote.http11.Http11NioProcessor.action(ActionCode, Object);org.apache.tomcat.util.net.SSLSupport;12;1;19;0.8269;954;28;38;4;5;0.9322;5;5;6
org.apache.catalina.ha.session.JvmRouteBinderValve.invoke(Request, Response);org.apache.catalina.Context;0;1;2;0.8929;200;15;9;1;0;0.9925;125;125;1
org.apache.coyote.http11.AbstractOutputBuffer.addActiveFilter(OutputFilter);org.apache.coyote.http11.OutputFilter;0;0;0;0;0;0;0;0;0;0;0;0;0
org.apache.catalina.core.ContainerBase.removeChild(Container);org.apache.catalina.Lifecycle;1;1;3;0.9670;603;62;29;1;0;0.9000;5;5;9
org.apache.coyote.http11.Http11Protocol.init();org.apache.tomcat.util.net.AbstractEndpoint;0;0;0;0;0;0;0;0;0;0;0;0;0
org.apache.catalina.startup.TldRuleSet.addRuleInstances(Digester);org.apache.tomcat.util.digester.Digester;0;0;1;0.7500;11;1;1;1;0;0.9925;849;103;29
org.apache.catalina.session.JDBCStore.close(Connection);org.apache.tomcat.util.ExceptionUtils;0;0;0;0;0;0;0;0;0;0;0;0;0
org.apache.catalina.connector.CoyoteAdapter.checkNormalize(MessageBytes);org.apache.tomcat.util.buf.MessageBytes;2;0;0;1.0000;505;11;8;0;1;0.9787;402;31;17
org.apache.catalina.core.ContainerBase.getLoader();org.apache.catalina.Container;0;0;2;0.9775;603;62;29;1;0;0.9722;34;34;6
org.apache.jasper.compiler.Validator.ValidateVisitor.getFunctionMapper(ELNode.Nodes);org.apache.jasper.compiler.ErrorDispatcher;2;0;2;0.9583;710;36;19;1;0;0.9655;158;22;2
org.apache.catalina.tribes.group.interceptors.TcpFailureDetector.sendMessage(Member[], ChannelMessage, InterceptorPayload);org.apache.catalina.tribes.ChannelException;1;1;0;0.9600;227;15;10;1;0;0.9286;46;5;2
org.apache.catalina.valves.ValveBase.toString();org.apache.catalina.Container;0;0;1;0.9524;114;14;10;1;0;0.9714;34;34;6
org.apache.jasper.compiler.Validator.DirectiveVisitor.visit(Node.PageDirective);org.apache.jasper.compiler.JspUtil;6;0;4;0.9268;214;7;4;1;0;1.0000;693;44;8
org.apache.catalina.mbeans.MBeanUtils.createObjectName(String, Realm);org.apache.catalina.Host;0;0;0;1.0000;853;61;5;1;0;0.9583;20;20;2
org.apache.tomcat.util.modeler.modules.MbeansDescriptorsDOMSource.execute();org.apache.tomcat.util.modeler.Registry;2;0;3;0.8889;93;2;6;2;0;0.9818;446;36;10
org.apache.catalina.connector.Response.flushBuffer();org.apache.catalina.connector.OutputBuffer;0;0;1;0.9886;578;70;19;1;0;0.9756;207;25;15
org.apache.catalina.core.StandardContext.getRealPath(String);org.apache.naming.resources.BaseDirContext;0;0;0;0;0;0;0;0;0;0;0;0;0
org.apache.catalina.mbeans.GlobalResourcesLifecycleListener.createMBeans();org.apache.juli.logging.Log;0;1;1;0.8571;103;5;3;2;0;0.8947;18;18;0
org.apache.catalina.tribes.transport.bio.BioSender.waitForAck();org.apache.juli.logging.Log;1;0;5;0.9000;148;9;7;4;0;0.8824;18;18;0
org.apache.catalina.session.StandardManager.file();org.apache.catalina.Context;1;0;1;0.9615;328;19;8;1;0;0.9921;125;125;1
org.apache.jasper.compiler.Generator.GenerateVisitor.writeNewInstance(String, String);org.apache.jasper.compiler.ServletWriter;2;0;1;0.9841;1737;45;16;3;0;0.8333;65;13;6
org.apache.jasper.compiler.ELNode.Function.accept(Visitor);org.apache.jasper.compiler.ELNode.Visitor;0;0;0;1.0000;37;1;6;1;0;0.7500;9;4;0
org.apache.catalina.core.StandardContext.setLoginConfig(LoginConfig);org.apache.catalina.deploy.LoginConfig;1;1;2;0.9937;2385;204;107;4;0;0.7778;53;7;4
org.apache.catalina.tribes.membership.McastServiceImpl.RecoveryThread.init(RecoveryThread);org.apache.catalina.tribes.membership.McastServiceImpl;1;0;2;0.8333;58;4;2;0;1;0.9744;308;12;27
org.apache.catalina.tribes.tipis.AbstractReplicatedMap.MapMessage.getValue();org.apache.catalina.tribes.tipis.AbstractReplicatedMap;1;1;0;0.9583;159;12;20;0;1;1.0000;740;50;17
org.apache.catalina.mbeans.MBeanUtils.getDomain(Service);org.apache.catalina.Service;0;0;0;0;0;0;0;0;0;0;0;0;0
org.apache.catalina.core.NamingContextListener.createNamingContext();org.apache.naming.NamingContext;2;6;8;0.7391;745;23;11;1;0;0.9844;282;32;6
org.apache.tomcat.util.buf.C2BConverter.recycle();org.apache.tomcat.util.buf.WriteConvertor;0;0;2;0.8667;58;8;5;1;0;0.8889;22;4;1
org.apache.jasper.compiler.JspDocumentParser.parseStandardAction(String, String, Attributes, Attributes, Attributes, Mark);org.apache.jasper.compiler.Node.PageDirective;3;1;6;0.8444;649;28;20;1;0;0.9286;27;2;1
org.apache.coyote.http11.Http11Processor.action(ActionCode, Object);org.apache.coyote.RequestInfo;6;1;18;0.8068;847;26;37;0;0;1.0000;134;13;14
org.apache.jasper.compiler.Generator.GenerateVisitor.visit(Node.AttributeGenerator);org.apache.jasper.compiler.Node.CustomTag;4;0;1;0.9846;1737;45;16;0;1;0.9778;229;10;26
org.apache.jasper.compiler.TextOptimizer.concatenate(Compiler, Node.Nodes);org.apache.jasper.compiler.Node.Nodes;0;0;0;1.0000;5;1;0;1;0;0.9091;43;5;3
org.apache.catalina.session.ManagerBase.add(Session);org.apache.catalina.Session;0;0;2;0.9756;489;55;31;1;0;0.9706;32;32;4
org.apache.el.parser.ELParser.Compare();org.apache.el.parser.ELParserTreeConstants;2;3;4;0.9524;2195;111;22;0;4;0.9245;0;0;34
org.apache.catalina.startup.ContextConfig.init();org.apache.juli.logging.Log;1;3;5;0.8529;779;23;16;3;0;0.8800;18;18;0
org.apache.jasper.compiler.Parser.parseParam(Node);org.apache.jasper.compiler.JspReader;0;2;3;0.9265;1203;56;14;3;0;0.9286;322;25;9
org.apache.catalina.tribes.tipis.LazyReplicatedMap.publishEntryInfo(Object, Object);org.apache.catalina.tribes.Member;1;0;1;1.0000;54;2;1;1;0;0.9615;13;13;1
org.apache.catalina.tribes.group.ChannelCoordinator.messageReceived(ChannelMessage);org.apache.juli.logging.Log;1;0;0;1.0000;164;15;5;2;0;0.9091;18;18;0
org.apache.catalina.tribes.group.interceptors.NonBlockingCoordinator.isHighest();org.apache.catalina.tribes.group.AbsoluteOrder;1;1;1;0.9600;352;38;14;0;1;1.0000;7;1;1
org.apache.catalina.servlets.WebdavServlet.parseLockNullProperties(HttpServletRequest, XMLWriter, String, int, Vector<String>);org.apache.catalina.util.RequestUtil;2;3;4;0.8974;1460;29;23;1;0;1.0000;183;13;1
org.apache.el.parser.ELParser.jj_3R_71();org.apache.el.parser.ELParserConstants;0;0;0;0;0;0;0;0;0;0;0;0;0
org.apache.catalina.connector.OutputBuffer.close();org.apache.tomcat.util.buf.ByteChunk;1;1;4;0.8837;207;25;15;1;0;0.9818;425;43;10
org.apache.el.parser.ELParser.jj_3_1();org.apache.el.parser.ELParserConstants;1;2;0;0.9850;2195;111;22;0;2;0.9661;0;0;57
org.apache.catalina.ha.tcp.SimpleTcpCluster.send(ClusterMessage, Member);org.apache.catalina.tribes.Channel;0;1;3;0.9577;371;45;31;2;0;0.9130;15;15;13
org.apache.catalina.loader.WebappLoader.addRepository(String);org.apache.catalina.loader.WebappClassLoader;1;1;6;0.9138;548;39;19;1;0;0.9870;1193;44;30
org.apache.tomcat.util.net.JIoEndpoint.processSocket(Socket);org.apache.tomcat.util.net.SocketWrapper;0;0;0;0;0;0;0;0;0;0;0;0;0
org.apache.catalina.core.StandardHostValve.throwable(Request, Response, Throwable);org.apache.juli.logging.Log;4;3;2;0.9000;149;7;3;3;0;0.9063;18;18;0
org.apache.naming.ContextBindings.getThreadName();org.apache.naming.StringManager;0;0;2;1.0000;112;21;6;1;0;0.8750;65;7;2
org.apache.catalina.session.StandardSession.tellNew();org.apache.catalina.Manager;2;3;2;0.9500;558;58;26;1;0;0.9756;34;34;0
org.apache.catalina.connector.Response.recycle();org.apache.catalina.connector.OutputBuffer;2;0;11;0.8804;578;70;19;1;0;0.9818;207;25;15
org.apache.catalina.realm.DataSourceRealm.open();org.apache.tomcat.util.res.StringManager;1;0;3;0.9231;244;14;12;0;0;1.0000;36;3;3
org.apache.jasper.compiler.Validator.ValidateVisitor.visit(Node.IncludeDirective);org.apache.jasper.compiler.JspUtil;0;0;2;0.9762;710;36;19;1;0;1.0000;693;44;8
org.apache.catalina.mbeans.MBeanUtils.createObjectName(String, NamingResources);org.apache.catalina.Container;1;0;0;1.0000;853;61;5;1;0;0.9730;34;34;6
org.apache.catalina.startup.HostConfig.addWatchedResources(DeployedApplication, String, Context);org.apache.juli.logging.Log;0;1;1;0.9796;755;35;15;2;0;0.9048;18;18;0
org.apache.catalina.authenticator.BasicAuthenticator.authenticate(Request, HttpServletResponse, LoginConfig);org.apache.catalina.Container;0;0;0;0;0;0;0;0;0;0;0;0;0
org.apache.tomcat.util.net.NioEndpoint.Poller.add(NioChannel, int);org.apache.tomcat.util.net.NioEndpoint.PollerEvent;1;1;0;0.9583;395;15;7;1;0;0.9000;60;4;3
org.apache.naming.NamingContext.list(Name);org.apache.naming.StringManager;1;0;2;0.9512;282;32;6;2;0;0.8333;65;7;2
org.apache.catalina.core.AsyncContextImpl.complete();org.apache.juli.logging.Log;1;1;3;0.9063;244;21;12;0;0;1.0000;18;18;0
org.apache.coyote.ajp.AjpAprProtocol.getTcpNoDelay();org.apache.tomcat.util.net.AbstractEndpoint;0;0;0;0;0;0;0;0;0;0;0;0;0
org.apache.coyote.ajp.AjpProcessor.prepareRequest();org.apache.tomcat.util.buf.ByteChunk;7;1;8;0.8846;570;12;32;5;2;0.9205;425;43;10
org.apache.catalina.startup.Tomcat.initWebappDefaults(Context);org.apache.catalina.Context;0;1;1;0.9756;218;21;14;0;0;1.0000;125;125;1
org.apache.tomcat.util.modeler.BaseModelMBean.setAttribute(Attribute);org.apache.tomcat.util.modeler.ManagedBean;0;1;3;0.9189;284;28;9;1;0;0.9750;252;23;13
org.apache.tomcat.util.modeler.Registry.findManagedBean(Object, Class<?>, String);org.apache.tomcat.util.modeler.ManagedBean;0;4;1;0.9111;446;36;10;1;0;0.9756;252;23;13
org.apache.catalina.realm.RealmBase.hasResourcePermission(Request, Response, SecurityConstraint[], Context);org.apache.catalina.realm.Constants;2;1;3;0.9714;688;39;24;0;2;1.0000;0;0;6
org.apache.jasper.runtime.PageContextImpl.removeAttribute(String);org.apache.jasper.compiler.Localizer;0;1;0;0.9811;634;40;16;1;0;1.0000;34;6;1
org.apache.coyote.http11.Http11NioProtocol.start();org.apache.tomcat.util.modeler.Registry;1;1;7;0.9531;448;96;26;2;0;0.9818;446;36;10
org.apache.catalina.core.ApplicationFilterConfig.getFilterName();org.apache.catalina.deploy.FilterDef;0;0;1;0.9333;121;10;5;1;0;0.9412;51;9;7
org.apache.catalina.ha.tcp.ReplicationValve.sendSessionReplicationMessage(Request, ClusterManager, CatalinaCluster);org.apache.catalina.connector.Request;1;2;4;0.8857;283;17;17;2;0;0.9888;1084;128;51
org.apache.jasper.compiler.Parser.parseAttributeValue(String);org.apache.jasper.compiler.PageInfo;0;1;2;0.9559;1203;56;14;0;0;1.0000;319;30;44
org.apache.catalina.core.AsyncContextImpl.doInternalComplete(boolean);org.apache.catalina.core.AsyncListenerWrapper;0;3;5;0.8125;244;21;12;1;0;0.9000;12;2;1
org.apache.jasper.JspC.processFile(String);org.apache.jasper.compiler.Compiler;1;2;11;0.8723;840;35;81;2;0;0.9535;285;11;8
org.apache.catalina.core.ApplicationContextFacade.createServlet(Class<T>);org.apache.catalina.security.SecurityUtil;0;1;1;0.9600;426;46;3;1;0;1.0000;146;11;17
org.apache.el.parser.ELParser.And();org.apache.el.parser.JJTELParserState;2;3;4;0.9493;2195;111;22;4;0;0.8462;74;10;5
org.apache.jasper.compiler.Generator.GenerateVisitor.visit(Node.CustomTag);org.apache.jasper.compiler.Node;5;1;8;0.8861;1737;45;16;0;3;0.9423;170;7;15
org.apache.catalina.connector.Connector.resume();org.apache.tomcat.util.res.StringManager;1;0;3;0.9785;455;59;40;0;0;1.0000;36;3;3
org.apache.tomcat.util.net.NioBlockingSelector.BlockPoller.cancel(SelectionKey, KeyAttachment, int);org.apache.tomcat.util.net.NioEndpoint.KeyAttachment;1;1;0;0.9286;182;9;4;0;2;0.9355;155;14;15
org.apache.catalina.valves.CometConnectionManagerValve.event(Request, Response, CometEvent);org.apache.catalina.comet.CometEvent;1;0;2;0.8947;146;11;6;0;0;1.0000;6;6;2
org.apache.tomcat.util.digester.ParserFeatureSetterFactory.newSAXParser(Properties);org.apache.tomcat.util.digester.GenericParser;0;0;1;1.0000;8;1;1;1;0;1.0000;16;1;3
org.apache.catalina.ha.session.JvmRouteBinderValve.getLocalJvmRoute(Request);org.apache.catalina.session.ManagerBase;0;1;0;0.9545;200;15;9;1;0;0.9880;489;55;31
org.apache.catalina.loader.WebappLoader.getClasspath(ClassLoader);org.apache.juli.logging.Log;0;0;1;1.0000;548;39;19;5;0;0.7222;18;18;0
org.apache.catalina.servlets.WebdavServlet.LockInfo.toXML(XMLWriter);org.apache.catalina.servlets.WebdavServlet;2;0;6;0.6000;53;4;8;0;1;0.9762;1460;29;23
org.apache.catalina.session.StandardSession.activate();org.apache.catalina.Container;2;3;5;0.9241;558;58;26;1;0;0.9762;34;34;6
org.apache.catalina.startup.ContextConfig.parseWebXml(InputSource, WebXml, boolean);org.apache.catalina.startup.WebRuleSet;0;0;0;0;0;0;0;0;0;0;0;0;0
org.apache.catalina.session.PersistentManagerBase.swapIn(String);org.apache.catalina.Store;1;1;2;0.9623;420;33;13;1;0;0.9565;11;11;0
org.apache.jasper.compiler.Generator.GenerateVisitor.attributeValue(Node.JspAttribute, boolean, Class<?>);org.apache.jasper.compiler.Generator;2;1;1;0.9706;1737;45;16;1;0;1.0000;781;28;16
org.apache.naming.resources.ResourceCache.lookup(String);org.apache.naming.resources.CacheEntry;1;1;4;0.7647;211;7;10;0;1;0.9286;13;2;8
org.apache.catalina.connector.Request.doGetSession(boolean);org.apache.catalina.connector.Response;2;4;7;0.9451;1084;128;51;2;0;0.9811;578;70;19
org.apache.catalina.realm.UserDatabaseRealm.getPassword(String);org.apache.catalina.User;0;0;1;0.9000;92;6;5;1;0;0.9474;17;17;0
org.apache.jasper.compiler.JspRuntimeContext.getJspForUnload(int);org.apache.jasper.util.JspQueue;0;0;0;0;0;0;0;0;0;0;0;0;0
org.apache.jasper.compiler.ParserController.doParse(String, Node, JarResource);org.apache.jasper.compiler.JspUtil;1;4;12;0.4286;284;13;13;1;0;1.0000;693;44;8
org.apache.catalina.authenticator.AuthenticatorBase.associate(String, Session);org.apache.catalina.authenticator.SingleSignOn;0;0;1;0.9688;286;20;18;1;0;0.9600;187;18;8
org.apache.catalina.realm.RealmBase.findSecurityConstraints(Request, Context);org.apache.catalina.deploy.SecurityConstraint;0;1;1;0.9846;688;39;24;2;0;0.9375;146;16;6
org.apache.catalina.connector.Response.clearEncoders();org.apache.catalina.connector.OutputBuffer;0;0;1;0.9886;578;70;19;1;0;0.9756;207;25;15
org.apache.catalina.ha.session.DeltaManager.expireAllLocalSessions();org.apache.juli.logging.Log;1;0;2;0.9885;826;43;42;2;0;0.9130;18;18;0
org.apache.tomcat.util.net.NioEndpoint.Poller.timeout(int, boolean);org.apache.tomcat.util.net.NioEndpoint;3;3;3;0.8333;395;15;7;1;2;0.9828;629;43;64
org.apache.catalina.core.StandardContextValve.event(Request, Response, CometEvent);org.apache.catalina.Pipeline;0;0;0;1.0000;86;5;3;1;0;0.8889;6;6;0
org.apache.coyote.ajp.AjpProtocol.init();org.apache.tomcat.util.net.AbstractEndpoint;0;0;0;0;0;0;0;0;0;0;0;0;0
org.apache.catalina.startup.Tomcat.getEngine();org.apache.catalina.Container;0;1;3;0.8889;218;21;14;0;0;1.0000;34;34;6
org.apache.jasper.compiler.Generator.GenerateVisitor.evaluateAttribute(TagHandlerInfo, Node.JspAttribute, Node.CustomTag, String);org.apache.jasper.compiler.Node;5;3;2;0.9518;1737;45;16;0;1;0.9811;170;7;15
org.apache.catalina.ha.session.DeltaManager.handleCHANGE_SESSION_ID(SessionMessage, Member);org.apache.catalina.ha.session.SessionMessage;0;0;0;0;0;0;0;0;0;0;0;0;0
org.apache.catalina.core.StandardThreadExecutor.getActiveCount();org.apache.tomcat.util.threads.ThreadPoolExecutor;0;0;1;0.9630;121;16;10;1;0;0.9091;46;5;1
org.apache.catalina.mbeans.ServerLifecycleListener.createMBeans(Context);org.apache.catalina.Context;1;1;1;0.9773;569;32;2;3;0;0.9778;125;125;1
org.apache.catalina.mbeans.MemoryUserDatabaseMBean.findGroup(String);org.apache.tomcat.util.modeler.ManagedBean;0;0;1;0.9524;168;12;6;1;0;0.9730;252;23;13
org.apache.catalina.mbeans.ServerLifecycleListener.destroyMBeans(Context);org.apache.catalina.Container;0;1;1;0.9756;569;32;2;5;0;0.8718;34;34;6
org.apache.jasper.compiler.JspUtil.getInputStream(String, JarFile, JspCompilationContext, ErrorDispatcher);org.apache.jasper.JspCompilationContext;0;0;0;1.0000;693;44;8;1;0;0.9839;420;31;31
org.apache.catalina.core.StandardHostValve.event(Request, Response, CometEvent);org.apache.catalina.connector.Request;1;2;0;0.8571;149;7;3;3;0;0.9834;1084;128;51
org.apache.catalina.mbeans.ServerLifecycleListener.processContainerPropertyChange(Container, String, Object, Object);org.apache.catalina.mbeans.MBeanUtils;0;2;1;0.9444;569;32;2;3;0;1.0000;853;61;5
org.apache.catalina.core.AprLifecycleListener.init();org.apache.tomcat.util.ExceptionUtils;0;0;0;0;0;0;0;0;0;0;0;0;0
org.apache.jasper.xmlparser.XMLEncodingDetector.scanData(String, XMLStringBuffer);org.apache.jasper.xmlparser.XMLStringBuffer;0;2;6;0.8298;798;23;29;1;0;0.9474;61;5;1
org.apache.jasper.compiler.Generator.FragmentHelperClass.toString();org.apache.jasper.compiler.Generator.GenBuffer;0;0;1;0.9000;132;6;4;1;0;0.8889;47;3;4
org.apache.coyote.http11.AbstractHttp11Protocol.resume();org.apache.juli.logging.Log;0;0;0;0;0;0;0;0;0;0;0;0;0
org.apache.tomcat.util.http.MimeHeaders.removeHeader(int);org.apache.tomcat.util.http.MimeHeaderField;0;0;2;0.9048;129;18;3;1;0;0.8750;13;1;4
org.apache.catalina.mbeans.ServerLifecycleListener.lifecycleEvent(LifecycleEvent);org.apache.catalina.LifecycleEvent;3;5;1;0.8684;569;32;2;2;0;0.8824;18;3;3
org.apache.catalina.startup.ContextConfig.processJarsForWebFragments();org.apache.catalina.Context;0;0;0;0;0;0;0;0;0;0;0;0;0
org.apache.catalina.tribes.group.GroupChannel.setupDefaultStack();org.apache.catalina.tribes.ChannelInterceptor;0;2;0;0.9394;268;24;8;1;0;0.9444;16;16;0
org.apache.catalina.core.ApplicationContextFacade.getServletNames();org.apache.catalina.security.SecurityUtil;0;1;1;0.9600;426;46;3;1;0;1.0000;146;11;17
org.apache.jasper.compiler.ELFunctionMapper.ELFunctionVisitor.visit(Node.IncludeAction);org.apache.jasper.compiler.Node.IncludeAction;2;0;0;1.0000;151;14;1;0;1;0.8000;15;1;1
org.apache.jasper.compiler.Compiler.generateJava();org.apache.jasper.compiler.PageInfo;12;1;7;0.8298;285;11;8;0;6;0.9434;319;30;44
org.apache.tomcat.util.net.AprEndpoint.Sendfile.destroy();org.apache.tomcat.util.net.AprEndpoint;2;0;5;0.5833;187;5;6;0;1;0.9882;629;27;59
org.apache.catalina.ha.session.SerializablePrincipal.readPrincipal(ObjectInput);org.apache.tomcat.util.res.StringManager;1;0;2;1.0000;84;9;7;0;0;1.0000;36;3;3
org.apache.catalina.tribes.tipis.AbstractReplicatedMap.broadcast(int, boolean);org.apache.catalina.tribes.group.RpcChannel;2;2;5;0.9000;740;50;17;1;1;0.9545;98;6;9
org.apache.coyote.ajp.AjpProcessor.finish();org.apache.coyote.Response;1;1;5;0.8750;570;12;32;0;1;0.9762;250;19;18
org.apache.jasper.compiler.Generator.GenerateVisitor.visit(Node.UninterpretedTag);org.apache.jasper.compiler.Node;5;0;2;0.9863;1737;45;16;0;6;0.8286;170;7;15
org.apache.tomcat.util.http.MimeHeaders.clear();org.apache.tomcat.util.http.MimeHeaderField;0;0;2;0.9048;129;18;3;1;0;0.8750;13;1;4
org.apache.tomcat.util.digester.Digester.endDocument();org.apache.juli.logging.Log;0;5;2;0.9489;849;103;29;3;0;0.8889;18;18;0
org.apache.catalina.core.ApplicationContextFacade.getServerInfo();org.apache.catalina.core.ApplicationContext;0;1;1;0.9600;426;46;3;1;0;0.9828;460;47;13
org.apache.coyote.http11.InternalNioOutputBuffer.recycle();org.apache.tomcat.util.net.SecureNioChannel.ApplicationBufferHandler;2;0;8;0.8298;294;26;16;1;0;0.9333;3;3;0
org.apache.catalina.startup.TldConfig.lifecycleEvent(LifecycleEvent);org.apache.juli.logging.Log;2;2;3;0.8571;321;14;11;1;0;0.9583;18;18;0
org.apache.catalina.startup.UserConfig.lifecycleEvent(LifecycleEvent);org.apache.catalina.Lifecycle;2;2;3;0.8333;89;10;8;0;2;1.0000;5;5;9
org.apache.el.lang.ExpressionBuilder.visit(Node);org.apache.el.parser.AstFunction;2;0;2;0.8462;117;7;4;1;2;0.7273;73;4;2
org.apache.catalina.connector.Request.getRemoteAddr();org.apache.tomcat.util.buf.MessageBytes;2;0;2;0.9886;1084;128;51;1;0;0.9787;402;31;17
org.apache.catalina.mbeans.MBeanUtils.destroyMBean(ContextResource);org.apache.tomcat.util.modeler.ManagedBean;0;3;2;1.0000;853;61;5;1;0;0.9730;252;23;13
org.apache.catalina.session.StandardSession.tellNew();org.apache.catalina.Session;2;3;2;0.9500;558;58;26;0;1;1.0000;32;32;4
org.apache.catalina.realm.UserDatabaseRealm.hasRole(Principal, String);org.apache.catalina.User;0;0;1;0.9286;92;6;5;2;0;0.9091;17;17;0
org.apache.jasper.compiler.Dumper.DumpVisitor.visit(Node.UninterpretedTag);org.apache.jasper.compiler.Node;1;3;0;0.8966;122;27;1;0;2;0.9333;170;7;15
org.apache.coyote.http11.AbstractOutputBuffer.sendStatus();org.apache.coyote.Response;0;0;0;0;0;0;0;0;0;0;0;0;0
org.apache.jasper.compiler.Node.NamedAttribute.accept(Visitor);org.apache.jasper.compiler.Node.Visitor;0;0;0;1.0000;65;3;6;1;0;0.9714;126;35;0
org.apache.catalina.connector.ResponseFacade.getLocale();org.apache.tomcat.util.res.StringManager;1;0;2;0.9756;224;40;2;0;0;1.0000;36;3;3
org.apache.tomcat.util.buf.StringCache.toString(ByteChunk);org.apache.tomcat.util.buf.ByteChunk;1;2;10;1.0000;363;13;14;4;3;0.8654;425;43;10
org.apache.catalina.tribes.group.GroupChannel.HeartbeatThread.run();org.apache.catalina.tribes.group.GroupChannel;0;0;4;0.5714;29;3;5;1;0;0.9730;268;24;8
org.apache.catalina.session.ManagerBase.expireSession(String);org.apache.juli.logging.Log;0;0;2;0.9762;489;55;31;2;0;0.9048;18;18;0
org.apache.jasper.compiler.Validator.ValidateVisitor.visit(Node.UninterpretedTag);org.apache.jasper.compiler.Node.UninterpretedTag;3;1;1;0.9574;710;36;19;0;1;0.9000;12;1;1
org.apache.catalina.connector.CoyoteAdapter.event(org.apache.coyote.Request, org.apache.coyote.Response, SocketStatus);org.apache.catalina.Pipeline;8;0;4;0.9375;505;11;8;1;0;0.9655;6;6;0
org.apache.catalina.mbeans.MemoryUserDatabaseMBean.removeGroup(String);org.apache.catalina.UserDatabase;0;0;0;1.0000;168;12;6;2;0;0.8824;16;16;0
org.apache.jasper.compiler.Parser.parseTaglibDirective(Node);org.apache.jasper.compiler.JspReader;4;1;6;0.9114;1203;56;14;1;0;0.9825;322;25;9
org.apache.catalina.authenticator.FormAuthenticator.forwardToLoginPage(Request, HttpServletResponse, LoginConfig);org.apache.catalina.connector.Request;0;0;0;0;0;0;0;0;0;0;0;0;0
org.apache.catalina.ant.jmx.JMXAccessorCondition.getJMXConnection();org.apache.catalina.ant.jmx.JMXAccessorTask;0;0;6;0.6667;164;6;14;1;0;1.0000;363;22;17
org.apache.jasper.compiler.ImplicitTagLibraryInfo.getTagFile(String);org.apache.jasper.JspCompilationContext;1;0;3;0.6250;108;2;11;1;0;0.9846;420;31;31
org.apache.catalina.mbeans.GroupMBean.addRole(String);org.apache.catalina.Group;0;0;0;1.0000;63;4;3;2;0;0.8462;11;11;0
org.apache.coyote.http11.AbstractOutputBuffer.flush();org.apache.coyote.ActionCode;0;0;0;0;0;0;0;0;0;0;0;0;0
org.apache.jasper.compiler.Generator.generateLocalVariables(ServletWriter, Node);org.apache.jasper.compiler.ServletWriter;4;0;0;1.0000;781;28;16;1;0;0.9583;65;13;6
org.apache.tomcat.util.http.Parameters.setQueryStringEncoding(String);org.apache.juli.logging.Log;0;1;2;0.9474;363;23;19;0;0;1.0000;18;18;0
org.apache.catalina.connector.ResponseFacade.setCharacterEncoding(String);org.apache.catalina.connector.Response;1;0;2;0.9756;224;40;2;1;0;0.9888;578;70;19
org.apache.tomcat.util.net.NioEndpoint.Poller.cometInterest(NioChannel);org.apache.tomcat.util.net.NioChannel;2;1;2;0.8750;395;15;7;1;0;0.9583;83;15;5
org.apache.tomcat.util.net.NioChannel.reset();org.apache.tomcat.util.net.SecureNioChannel.ApplicationBufferHandler;0;0;2;0.9048;83;15;5;2;0;0.6000;3;3;0
org.apache.jasper.compiler.Generator.GenerateVisitor.visit(Node.JspElement);org.apache.jasper.compiler.Node.Nodes;5;0;1;0.9867;1737;45;16;2;0;0.9167;43;5;3
org.apache.catalina.authenticator.FormAuthenticator.restoreRequest(Request, Session);org.apache.catalina.authenticator.SavedRequest;3;0;0;1.0000;232;8;3;9;0;0.8000;67;15;9
org.apache.coyote.ajp.AjpAprProcessor.prepareResponse();org.apache.tomcat.util.buf.MessageBytes;5;0;4;0.9322;616;13;30;3;0;0.9538;402;31;17
org.apache.catalina.tribes.group.interceptors.NonBlockingCoordinator.createElectionMsg(MemberImpl, MemberImpl[], MemberImpl);org.apache.catalina.tribes.util.Arrays;1;0;1;1.0000;352;38;14;1;0;1.0000;149;24;1
org.apache.jasper.compiler.Parser.parseExpression(Node);org.apache.jasper.compiler.ErrorDispatcher;0;1;3;0.9412;1203;56;14;1;0;0.9643;158;22;2
org.apache.tomcat.util.net.NioEndpoint.Poller.processSendfile(SelectionKey, KeyAttachment, boolean, boolean);org.apache.tomcat.util.net.NioEndpoint.KeyAttachment;4;3;0;0.9231;395;15;7;1;3;0.9130;155;14;15
org.apache.coyote.http11.filters.IdentityOutputFilter.setResponse(Response);org.apache.coyote.Response;1;0;2;0.7143;50;4;5;0;1;0.9744;250;19;18
org.apache.catalina.mbeans.MBeanUtils.createServer();org.apache.tomcat.util.modeler.Registry;0;0;1;1.0000;853;61;5;2;0;0.9762;446;36;10
org.apache.el.lang.ELSupport.coerceToNumber(Object, Class<?>);org.apache.el.util.MessageFactory;0;2;1;1.0000;351;22;1;1;0;1.0000;24;7;1
org.apache.tomcat.util.net.AprEndpoint.init();org.apache.juli.logging.Log;7;0;29;0.6456;629;27;59;0;0;1.0000;18;18;0
org.apache.jasper.servlet.JspServlet.setJspReloadCount(int);org.apache.jasper.compiler.JspRuntimeContext;1;0;1;0.9333;173;10;5;0;1;0.9524;174;9;10
org.apache.catalina.manager.host.HostManagerServlet.getConfigBase(String);org.apache.catalina.Container;0;0;2;0.9000;301;13;8;1;0;0.9722;34;34;6
org.apache.tomcat.util.bcel.classfile.Attribute.getName();org.apache.tomcat.util.bcel.classfile.ConstantPool;0;0;0;0;0;0;0;0;0;0;0;0;0
org.apache.naming.resources.ProxyDirContext.cacheLoad(CacheEntry);org.apache.naming.resources.ResourceAttributes;2;0;4;0.9556;469;64;15;1;0;0.9831;516;30;30
org.apache.catalina.startup.SetAllPropertiesRule.begin(String, String, Attributes);org.apache.tomcat.util.digester.Digester;2;0;1;0.9000;19;1;1;3;2;0.9632;849;103;29
org.apache.coyote.http11.Http11AprProcessor.event(SocketStatus);org.apache.coyote.http11.AbstractInputBuffer;0;0;0;0;0;0;0;0;0;0;0;0;0
org.apache.catalina.mbeans.MBeanUtils.destroyMBean(Service);org.apache.tomcat.util.modeler.ManagedBean;0;2;2;1.0000;853;61;5;1;0;0.9714;252;23;13
org.apache.coyote.ajp.AjpAprProcessor.refillReadBuffer();org.apache.tomcat.jni.Socket;0;1;4;0.8684;616;13;30;1;0;1.0000;37;37;34
org.apache.catalina.valves.RemoteIpValve.invoke(Request, Response);org.apache.catalina.Valve;0;0;0;0;0;0;0;0;0;0;0;0;0
org.apache.catalina.valves.AccessLogValve.ProtocolElement.addElement(StringBuilder, Date, Request, Response, long);org.apache.catalina.connector.Request;0;0;0;1.0000;3;1;0;1;0;0.9942;1084;128;51
org.apache.catalina.tribes.tipis.AbstractReplicatedMap.equals(Object);org.apache.catalina.tribes.util.Arrays;0;0;1;0.9844;740;50;17;1;0;1.0000;149;24;1
org.apache.coyote.http11.Http11NioProcessor.prepareRequest();org.apache.coyote.Response;7;3;13;0.8222;954;28;38;0;1;0.9872;250;19;18
org.apache.catalina.mbeans.ServerLifecycleListener.createMBeans(Context);org.apache.catalina.core.ContainerBase;1;1;1;0.9773;569;32;2;2;0;0.9800;603;62;29
org.apache.catalina.manager.host.HostManagerServlet.stop(PrintWriter, String);org.apache.catalina.Container;1;0;4;0.8571;301;13;8;1;0;0.9737;34;34;6
org.apache.jasper.compiler.Validator.ValidateVisitor.getJspAttribute(TagAttributeInfo, String, String, String, String, Node, boolean);org.apache.jasper.compiler.ErrorDispatcher;6;0;2;0.9630;710;36;19;1;0;0.9714;158;22;2
org.apache.catalina.core.StandardEngine.logAccess(Request, Response, long, boolean);org.apache.catalina.AccessLog;0;0;0;0;0;0;0;0;0;0;0;0;0
org.apache.catalina.ha.session.DeltaManager.sendCreateSession(String, DeltaSession);org.apache.juli.logging.Log;2;1;5;0.9535;826;43;42;2;0;0.9200;18;18;0
org.apache.jasper.compiler.Validator.ValidateVisitor.visit(Node.Scriptlet);org.apache.jasper.compiler.PageInfo;1;0;2;0.9545;710;36;19;0;1;0.9873;319;30;44
org.apache.jasper.compiler.Validator.DirectiveVisitor.visit(Node.TagDirective);org.apache.jasper.compiler.ErrorDispatcher;6;0;3;0.8800;214;7;4;2;0;0.9459;158;22;2
org.apache.catalina.core.ApplicationFilterRegistration.setInitParameter(String, String);org.apache.catalina.deploy.FilterDef;0;0;0;0;0;0;0;0;0;0;0;0;0
org.apache.catalina.connector.Request.isRequestedSessionIdValid();org.apache.catalina.Session;0;0;2;0.9886;1084;128;51;1;0;0.9722;32;32;4
org.apache.el.parser.AstFunction.toString();org.apache.el.parser.ELParserTreeConstants;1;1;0;0.8750;73;4;2;0;1;0.9722;0;0;34
org.apache.tomcat.util.net.AprEndpoint.processSocket(long, SocketStatus);org.apache.juli.logging.Log;0;1;3;0.9753;629;27;59;1;0;0.9545;18;18;0
org.apache.catalina.valves.CometConnectionManagerValve.event(Request, Response, CometEvent);org.apache.catalina.connector.Response;1;0;2;0.8947;146;11;6;1;0;0.9892;578;70;19
org.apache.catalina.authenticator.FormAuthenticator.authenticate(Request, HttpServletResponse, LoginConfig);org.apache.catalina.Container;3;6;2;0.8158;232;8;3;1;0;0.9857;34;34;6
org.apache.coyote.http11.Http11Protocol.init();org.apache.tomcat.util.net.JIoEndpoint;3;1;10;0.9000;361;52;31;1;2;0.9492;312;23;26
org.apache.catalina.core.NamingContextListener.addEnvironment(ContextEnvironment);org.apache.catalina.deploy.ResourceBase;2;0;3;0.9459;745;23;11;0;0;1.0000;43;9;6
org.apache.coyote.http11.Http11Protocol.Http11ConnectionHandler.process(SocketWrapper<Socket>, SocketStatus);org.apache.tomcat.util.net.SSLImplementation;0;0;0;0;0;0;0;0;0;0;0;0;0
org.apache.catalina.ha.session.JvmRouteBinderValve.changeRequestSessionID(Request, String, String);org.apache.catalina.connector.Request;2;1;3;0.8846;200;15;9;2;1;0.9831;1084;128;51
org.apache.catalina.servlets.WebdavServlet.parseProperties(HttpServletRequest, XMLWriter, String, int, Vector<String>);org.apache.naming.resources.CacheEntry;3;2;3;0.9583;1460;29;23;0;4;0.8261;13;2;8
org.apache.catalina.ha.tcp.ReplicationValve.sendCrossContextSession(CatalinaCluster);org.apache.catalina.Manager;1;1;5;0.8889;283;17;17;1;0;0.9762;34;34;0
org.apache.el.parser.ELParser.Unary();org.apache.el.parser.ELParserTreeConstants;2;4;4;0.9533;2195;111;22;0;3;0.9474;0;0;34
org.apache.jasper.compiler.Parser.parseXMLDeclaration(Node);org.apache.jasper.compiler.ErrorDispatcher;0;1;3;0.9437;1203;56;14;1;0;0.9677;158;22;2
org.apache.catalina.connector.RequestFacade.isSecure();org.apache.tomcat.util.res.StringManager;1;0;2;0.9865;462;73;2;0;0;1.0000;36;3;3
org.apache.catalina.manager.ManagerServlet.roles(PrintWriter);org.apache.catalina.Role;1;0;2;0.9783;913;34;13;2;0;0.7143;5;5;0
org.apache.catalina.core.NamingContextListener.lifecycleEvent(LifecycleEvent);org.apache.catalina.Context;3;2;9;0.7857;745;23;11;1;0;0.9931;125;125;1
org.apache.tomcat.util.net.NioEndpoint.Poller.cancelledKey(SelectionKey, SocketStatus, boolean);org.apache.tomcat.util.net.NioEndpoint.Handler;3;0;0;1.0000;395;15;7;2;0;0.8750;5;5;1
org.apache.jasper.compiler.ParserController.doParse(String, Node, JarResource);org.apache.jasper.compiler.ErrorDispatcher;1;4;12;0.4286;284;13;13;1;0;0.9744;158;22;2
org.apache.catalina.connector.Request.getParameterValues(String);org.apache.coyote.Request;1;1;2;0.9828;1084;128;51;0;1;0.9821;219;17;34
org.apache.catalina.realm.MemoryRealm.authenticate(String, String);org.apache.juli.logging.Log;1;0;3;0.9333;97;8;7;2;0;0.9091;18;18;0
org.apache.jasper.compiler.Generator.GenerateVisitor.visit(Node.SetProperty);org.apache.jasper.compiler.Node.SetProperty;6;0;1;0.9868;1737;45;16;0;1;0.9500;15;1;1
org.apache.coyote.ajp.AjpAprProcessor.asyncDispatch(long, SocketStatus);org.apache.juli.logging.Log;0;0;0;0;0;0;0;0;0;0;0;0;0
org.apache.jasper.compiler.CompilationUnit.getContents();org.apache.jasper.JspCompilationContext;3;0;0;1.0000;52;4;2;0;1;0.9846;420;31;31
org.apache.catalina.realm.RealmBase.hasUserDataPermission(Request, Response, SecurityConstraint[]);org.apache.catalina.realm.Constants;2;0;1;1.0000;688;39;24;0;1;1.0000;0;0;6
org.apache.catalina.tribes.io.XByteBuffer.append(byte[], int, int);org.apache.juli.logging.Log;0;2;5;0.8333;317;36;7;1;0;0.9545;18;18;0
org.apache.catalina.startup.ContextConfig.antiLocking();org.apache.juli.logging.Log;0;0;4;0.9459;779;23;16;2;0;0.9231;18;18;0
org.apache.catalina.connector.CoyoteAdapter.asyncDispatch(org.apache.coyote.Request, org.apache.coyote.Response, SocketStatus);org.apache.coyote.RequestInfo;0;0;0;0;0;0;0;0;0;0;0;0;0
org.apache.tomcat.util.http.fileupload.FileUploadBase.parseRequest(RequestContext);org.apache.tomcat.util.http.fileupload.FileItemStream;0;0;0;0;0;0;0;0;0;0;0;0;0
org.apache.coyote.http11.AbstractHttp11Protocol.getTruststoreFile();org.apache.tomcat.util.net.AbstractEndpoint;0;0;0;0;0;0;0;0;0;0;0;0;0
org.apache.catalina.mbeans.MBeanUtils.destroyMBean(User);org.apache.tomcat.util.modeler.ManagedBean;0;2;2;1.0000;853;61;5;1;0;0.9714;252;23;13
org.apache.jasper.compiler.Parser.parseAttributes();org.apache.jasper.compiler.JspReader;0;1;1;0.9692;1203;56;14;1;0;0.9737;322;25;9
org.apache.catalina.core.ApplicationJspPropertyGroupDescriptor.getUrlPatterns();org.apache.catalina.deploy.JspPropertyGroup;0;0;0;0;0;0;0;0;0;0;0;0;0
org.apache.jasper.compiler.PageInfo.setSession(String, Node, ErrorDispatcher);org.apache.jasper.compiler.ErrorDispatcher;0;0;2;0.9733;319;30;44;1;0;0.9565;158;22;2
org.apache.catalina.startup.Embedded.startInternal();org.apache.catalina.Lifecycle;0;0;0;0;0;0;0;0;0;0;0;0;0
org.apache.catalina.servlets.WebdavServlet.sendReport(HttpServletRequest, HttpServletResponse, Hashtable<String,Integer>);org.apache.catalina.servlets.WebdavStatus;2;2;0;0.9459;1460;29;23;1;1;1.0000;12;2;27
org.apache.catalina.loader.WebappClassLoader.clearReferencesStopTimerThread(Thread);org.apache.juli.logging.Log;0;0;0;0;0;0;0;0;0;0;0;0;0
org.apache.catalina.core.AsyncContextImpl.setTimeout(long);org.apache.catalina.connector.Request;1;0;2;0.9375;244;21;12;1;0;0.9943;1084;128;51
org.apache.el.lang.ExpressionBuilder.visit(Node);org.apache.el.parser.Node;2;0;2;0.8462;117;7;4;1;0;0.9524;15;15;0
org.apache.tomcat.util.bcel.classfile.Attribute.readAttribute(DataInputStream, ConstantPool);org.apache.tomcat.util.bcel.classfile.ConstantPool;0;0;0;0;0;0;0;0;0;0;0;0;0
org.apache.el.parser.ELParserTokenManager.jjMoveStringLiteralDfa7_1(long, long);org.apache.el.parser.SimpleCharStream;0;3;2;0.8864;1035;33;25;1;0;0.9818;257;26;16
org.apache.catalina.realm.CombinedRealm.startInternal();org.apache.juli.logging.Log;0;0;0;0;0;0;0;0;0;0;0;0;0
org.apache.jasper.compiler.Parser.parseAttributeValue(String);org.apache.jasper.compiler.ErrorDispatcher;0;1;2;0.9559;1203;56;14;1;0;0.9630;158;22;2
org.apache.catalina.mbeans.MBeanFactory.createConnector(String, String, int, boolean, boolean);org.apache.catalina.connector.Connector;1;1;0;0.9762;432;35;2;4;2;0.9362;455;59;40
org.apache.catalina.authenticator.FormAuthenticator.forwardToErrorPage(Request, HttpServletResponse, LoginConfig);org.apache.juli.logging.Log;0;0;0;0;0;0;0;0;0;0;0;0;0
org.apache.catalina.manager.StatusManagerServlet.doGet(HttpServletRequest, HttpServletResponse);org.apache.catalina.util.ServerInfo;1;0;5;0.5000;160;4;6;1;0;1.0000;19;4;3
org.apache.jasper.compiler.ErrorDispatcher.ErrorVisitor.doVisit(Node);org.apache.jasper.compiler.Node;1;0;2;0.5000;11;1;2;0;2;0.9310;170;7;15
org.apache.catalina.valves.ValveBase.getObjectNameKeyProperties();org.apache.catalina.mbeans.MBeanUtils;0;0;0;0;0;0;0;0;0;0;0;0;0
org.apache.coyote.http11.Http11AprProtocol.setSendfileSize(int);org.apache.tomcat.util.net.AprEndpoint;1;0;1;0.9901;387;76;26;0;1;0.9875;629;27;59
org.apache.tomcat.util.buf.C2BConverter.setByteChunk(ByteChunk);org.apache.tomcat.util.buf.IntermediateOutputStream;1;0;2;0.8571;58;8;5;0;1;0.9000;25;6;2
org.apache.naming.resources.ResourceCache.unload(String);org.apache.naming.resources.CacheEntry;1;1;2;0.8235;211;7;10;0;1;0.9231;13;2;8
org.apache.jasper.compiler.Generator.GenerateVisitor.visit(Node.ForwardAction);org.apache.jasper.compiler.Node;5;3;4;0.9041;1737;45;16;0;2;0.9556;170;7;15
org.apache.catalina.core.ApplicationFilterConfig.initFilter();org.apache.catalina.Context;0;0;0;0;0;0;0;0;0;0;0;0;0
org.apache.coyote.http11.filters.ChunkedInputFilter.readBytes();org.apache.coyote.InputBuffer;1;0;5;0.7368;128;9;10;1;0;0.8750;1;1;0
org.apache.catalina.ha.jmx.ClusterJmxHelper.getManagedBean(Object);org.apache.tomcat.util.modeler.ManagedBean;0;0;1;1.0000;82;7;4;1;0;0.9714;252;23;13
org.apache.catalina.core.StandardWrapper.getProcessingTime();org.apache.catalina.core.StandardWrapperValve;1;0;1;0.9902;712;75;32;0;1;0.9000;341;4;6
org.apache.coyote.ajp.AjpAprProtocol.AjpConnectionHandler.register(AjpAprProcessor);org.apache.coyote.RequestInfo;4;0;3;0.8333;86;5;4;1;1;0.9474;134;13;14
org.apache.catalina.core.StandardContext.startInternal();org.apache.catalina.util.ExtensionValidator;0;0;0;0;0;0;0;0;0;0;0;0;0
org.apache.catalina.valves.ExtendedAccessLogValve.DateElement.addElement(StringBuilder, Date, Request, Response, long);org.apache.catalina.valves.ExtendedAccessLogValve.ElementTimestampStruct;0;0;0;0;0;0;0;0;0;0;0;0;0
org.apache.jasper.xmlparser.XMLEncodingDetector.scanXMLDecl();org.apache.jasper.xmlparser.SymbolTable;1;5;4;0.8302;798;23;29;1;0;0.9600;84;6;3
org.apache.tomcat.util.http.fileupload.FileCleaningTracker.Tracker.delete();org.apache.tomcat.util.http.fileupload.FileDeleteStrategy;0;0;0;0;0;0;0;0;0;0;0;0;0
org.apache.catalina.startup.ServletDefCreateRule.begin(String, String, Attributes);org.apache.tomcat.util.digester.Digester;1;0;0;1.0000;12;2;0;3;1;0.9708;849;103;29
org.apache.catalina.core.ApplicationServletRegistration.setServletSecurity(ServletSecurityElement);org.apache.catalina.deploy.SecurityCollection;0;0;0;0;0;0;0;0;0;0;0;0;0
org.apache.coyote.http11.Http11AprProcessor.prepareRequest();org.apache.coyote.Request;7;3;13;0.8182;938;28;36;2;5;0.9195;219;17;34
org.apache.catalina.session.JDBCStore.close(Connection);org.apache.catalina.Container;1;1;7;0.8644;495;34;23;1;0;0.9783;34;34;6
org.apache.catalina.util.ManifestResource.getAvailableExtensions(Manifest);org.apache.catalina.util.Extension;1;0;0;1.0000;100;8;7;0;6;0.6667;112;10;8
org.apache.catalina.tribes.group.interceptors.GzipInterceptor.messageReceived(ChannelMessage);org.apache.juli.logging.Log;1;1;0;1.0000;47;5;1;1;0;0.9600;18;18;0
org.apache.jasper.compiler.Parser.parseCustomTag(Node);org.apache.jasper.compiler.ErrorDispatcher;0;2;5;0.9079;1203;56;14;1;0;0.9744;158;22;2
org.apache.coyote.Response.addHeader(String, String);org.apache.tomcat.util.buf.MessageBytes;0;1;1;0.9474;250;19;18;1;0;0.9783;402;31;17
org.apache.catalina.core.ApplicationDispatcher.processRequest(ServletRequest, ServletResponse, State);org.apache.catalina.core.ApplicationFilterFactory;1;2;0;0.9130;419;14;10;0;4;1.0000;183;6;11
org.apache.catalina.connector.Request.getScheme();org.apache.tomcat.util.buf.MessageBytes;1;0;1;0.9943;1084;128;51;1;0;0.9778;402;31;17
org.apache.catalina.connector.CoyoteAdapter.asyncDispatch(org.apache.coyote.Request, org.apache.coyote.Response, SocketStatus);org.apache.catalina.connector.Connector;0;0;0;0;0;0;0;0;0;0;0;0;0
org.apache.catalina.ssi.SSIEcho.process(SSIMediator, String, String[], String[], PrintWriter);org.apache.catalina.ssi.SSIMediator;1;1;2;0.7500;34;2;2;2;1;0.8889;190;16;13
org.apache.catalina.connector.Request.getParameterValues(String);org.apache.tomcat.util.http.Parameters;1;1;2;0.9828;1084;128;51;1;0;0.9767;363;23;19
org.apache.catalina.valves.AccessLogValve.RemoteAddrElement.addElement(StringBuilder, Date, Request, Response, long);org.apache.catalina.connector.Request;0;0;0;1.0000;3;1;0;1;0;0.9942;1084;128;51
org.apache.catalina.core.ApplicationPart.getHeader(String);org.apache.tomcat.util.http.fileupload.DiskFileItem;0;0;0;0;0;0;0;0;0;0;0;0;0
org.apache.coyote.memory.MemoryProtocolHandler.ByteChunkOutputBuffer.doWrite(ByteChunk, Response);org.apache.tomcat.util.buf.ByteChunk;0;0;1;0.6667;7;1;1;2;0;0.9583;425;43;10
org.apache.catalina.connector.ResponseFacade.addDateHeader(String, long);org.apache.catalina.connector.Response;1;1;1;0.9512;224;40;2;1;0;0.9889;578;70;19
org.apache.catalina.core.ApplicationContextFacade.getInitParameter(String);org.apache.catalina.security.SecurityUtil;0;1;1;0.9600;426;46;3;1;0;1.0000;146;11;17
org.apache.coyote.RequestInfo.getRequestBytesSent();org.apache.coyote.Request;2;0;1;0.9643;134;13;14;0;1;0.9815;219;17;34
org.apache.jasper.compiler.Validator.validateXmlView(PageData, Compiler);org.apache.jasper.compiler.Compiler;2;0;0;1.0000;65;3;0;0;2;0.9130;285;11;8
org.apache.catalina.startup.Catalina.load();org.apache.catalina.Lifecycle;1;2;3;0.8824;311;18;8;0;0;1.0000;5;5;9
org.apache.jasper.compiler.Parser.parseXMLTemplateText(Node);org.apache.jasper.compiler.ErrorDispatcher;0;1;3;0.9467;1203;56;14;2;0;0.9412;158;22;2
org.apache.jasper.compiler.Generator.GenerateVisitor.visit(Node.AttributeGenerator);org.apache.jasper.compiler.ServletWriter;4;0;1;0.9846;1737;45;16;1;0;0.9545;65;13;6
org.apache.jasper.compiler.Node.Root.nextTemporaryVariableName();org.apache.jasper.Constants;1;1;2;0.8000;56;2;8;0;1;1.0000;0;0;34
org.apache.catalina.core.ApplicationContextFacade.getSessionCookieConfig();org.apache.catalina.core.ApplicationContext;1;1;1;0.9600;426;46;3;0;1;0.9828;460;47;13
org.apache.catalina.tribes.group.interceptors.FragmentationInterceptor.heartbeat();org.apache.juli.logging.Log;0;1;3;0.7857;96;7;5;2;0;0.9130;18;18;0
org.apache.coyote.http11.Http11Processor.asyncDispatch(SocketStatus);org.apache.coyote.Constants;0;0;0;0;0;0;0;0;0;0;0;0;0
org.apache.coyote.http11.InternalInputBuffer.InputStreamInputBuffer.doRead(ByteChunk, Request);org.apache.coyote.http11.InternalInputBuffer;1;0;0;1.0000;9;1;0;1;3;0.8519;313;11;14
org.apache.catalina.loader.WebappLoader.startInternal();org.apache.juli.logging.Log;0;0;0;0;0;0;0;0;0;0;0;0;0
org.apache.coyote.http11.Http11Protocol.Http11ConnectionHandler.unregister(Http11Processor);org.apache.tomcat.util.modeler.Registry;4;0;1;0.9375;91;4;4;2;0;0.9804;446;36;10
org.apache.catalina.mbeans.MBeanFactory.createStandardContext(String, String, String, boolean, boolean, boolean, boolean);org.apache.catalina.util.LifecycleBase;0;0;0;0;0;0;0;0;0;0;0;0;0
org.apache.tomcat.util.digester.Digester.addRuleSet(RuleSet);org.apache.juli.logging.Log;0;2;1;0.9779;849;103;29;2;0;0.9130;18;18;0
org.apache.catalina.connector.Request.setCometTimeout(long);org.apache.coyote.Request;1;0;1;0.9942;1084;128;51;1;0;0.9811;219;17;34
org.apache.catalina.core.ApplicationContext.getServletRegistrations();org.apache.catalina.core.ContainerBase;0;0;0;0;0;0;0;0;0;0;0;0;0
org.apache.jasper.compiler.Generator.TagHandlerPoolVisitor.createTagHandlerPoolName(String, String, Attributes, Node.Nodes, boolean);org.apache.jasper.compiler.Node.Nodes;2;0;0;1.0000;37;2;1;2;0;0.8182;43;5;3
org.apache.catalina.startup.EngineConfig.lifecycleEvent(LifecycleEvent);org.apache.catalina.LifecycleEvent;2;2;3;0.5000;17;3;3;2;0;0.8333;18;3;3
org.apache.catalina.tribes.group.GroupChannel.HeartbeatThread.run();org.apache.juli.logging.Log;0;0;4;0.5714;29;3;5;1;0;0.9545;18;18;0
org.apache.naming.NamingContext.lookup(Name, boolean);org.apache.naming.StringManager;1;1;5;0.8810;282;32;6;2;0;0.8750;65;7;2
org.apache.catalina.tribes.tipis.AbstractReplicatedMap.MapMessage.getKey();org.apache.juli.logging.Log;1;1;0;0.9583;159;12;20;1;0;0.9474;18;18;0
org.apache.catalina.core.StandardEngineValve.invoke(Request, Response);org.apache.catalina.Valve;1;0;1;1.0000;14;3;2;1;0;0.9091;6;6;0
org.apache.catalina.connector.Request.getHeaderNames();org.apache.tomcat.util.http.MimeHeaders;1;0;1;0.9943;1084;128;51;1;0;0.9565;129;18;3
org.apache.tomcat.util.buf.MessageBytes.indexOf(char, int);org.apache.tomcat.util.buf.CharChunk;0;0;7;0.9091;402;31;17;1;0;0.9811;393;39;8
org.apache.el.parser.ELParserTokenManager.jjMoveStringLiteralDfa9_1(long, long);org.apache.el.parser.SimpleCharStream;0;3;2;0.8864;1035;33;25;1;0;0.9818;257;26;16
org.apache.jasper.compiler.Generator.GenerateVisitor.visit(Node.PlugIn);org.apache.jasper.compiler.Node.ParamAction;10;3;1;0.9487;1737;45;16;0;1;0.9600;15;1;1
org.apache.jasper.compiler.Generator.ScriptingVarVisitor.visit(Node.CustomTag);org.apache.jasper.compiler.ServletWriter;3;0;0;1.0000;46;1;1;3;0;0.8696;65;13;6
org.apache.catalina.core.StandardContext.addConstraint(SecurityConstraint);org.apache.tomcat.util.res.StringManager;1;2;2;0.9871;2385;204;107;0;0;1.0000;36;3;3
org.apache.catalina.startup.TldConfig.tldScanResourcePaths(String);org.apache.catalina.Context;0;0;0;0;0;0;0;0;0;0;0;0;0
org.apache.catalina.startup.UserConfig.deploy(String, String);org.apache.juli.logging.Log;1;0;5;0.8261;89;10;8;2;0;0.9286;18;18;0
org.apache.jasper.compiler.Collector.CollectVisitor.visit(Node.IncludeAction);org.apache.jasper.compiler.Node.IncludeAction;2;0;2;0.9130;114;15;6;0;1;0.8750;15;1;1
org.apache.coyote.http11.Http11AprProtocol.Http11ConnectionHandler.asyncDispatch(long, SocketStatus);org.apache.tomcat.util.net.AbstractEndpoint.Handler;0;0;0;0;0;0;0;0;0;0;0;0;0
org.apache.jasper.util.JspQueue.pop();org.apache.jasper.util.Entry;0;0;0;0;0;0;0;0;0;0;0;0;0
org.apache.catalina.tribes.membership.McastService.getLocalMember(boolean);org.apache.catalina.tribes.membership.MemberImpl;1;0;2;0.9688;345;53;13;0;1;0.9762;300;29;19
org.apache.tomcat.util.net.AprEndpoint.Sendfile.destroy();org.apache.tomcat.jni.Socket;2;0;5;0.5833;187;5;6;1;0;1.0000;37;37;34
org.apache.catalina.tribes.membership.McastServiceImpl.send(boolean, DatagramPacket);org.apache.juli.logging.Log;0;1;6;0.8537;308;12;27;2;0;0.9231;18;18;0
org.apache.catalina.core.StandardHostValve.invoke(Request, Response);org.apache.catalina.connector.Request;2;2;1;0.8667;149;7;3;3;0;0.9835;1084;128;51
org.apache.jasper.compiler.Node.CustomTag.hasEmptyBody();org.apache.jasper.compiler.Node.Nodes;0;0;0;1.0000;229;10;26;2;0;0.8182;43;5;3
org.apache.coyote.http11.InternalAprOutputBuffer.sendAck();org.apache.tomcat.util.res.StringManager;1;0;3;0.9474;235;24;13;1;0;0.8571;36;3;3
org.apache.catalina.realm.RealmBase.hasResourcePermission(Request, Response, SecurityConstraint[], Context);org.apache.catalina.connector.Response;2;1;3;0.9714;688;39;24;1;0;0.9904;578;70;19
org.apache.catalina.ha.session.DeltaManager.sendCreateSession(String, DeltaSession);org.apache.catalina.ha.ClusterMessage;2;1;5;0.9535;826;43;42;1;0;0.9286;6;6;0
org.apache.catalina.core.ApplicationContextFacade.createServlet(Class<T>);org.apache.catalina.core.ApplicationContext;0;1;1;0.9600;426;46;3;1;0;0.9828;460;47;13
org.apache.naming.resources.ResourceCache.removeCache(String);org.apache.naming.resources.CacheEntry;1;1;1;0.9412;211;7;10;0;1;0.9091;13;2;8
org.apache.catalina.connector.ResponseFacade.encodeURL(String);org.apache.tomcat.util.res.StringManager;1;0;2;0.9756;224;40;2;0;0;1.0000;36;3;3
org.apache.coyote.http11.Http11AprProcessor.action(ActionCode, Object);org.apache.coyote.http11.InternalAprOutputBuffer;9;1;18;0.8068;938;28;36;5;0;0.9342;235;24;13
org.apache.catalina.mbeans.ServerLifecycleListener.createMBeans(Engine);org.apache.catalina.core.ContainerBase;0;1;1;0.9737;569;32;2;1;0;0.9895;603;62;29
org.apache.coyote.http11.Http11NioProtocol.setPollerThreadCount(int);org.apache.tomcat.util.net.NioEndpoint;1;0;1;0.9917;448;96;26;0;1;0.9899;629;43;64
org.apache.catalina.servlets.DefaultServlet.getReadme(DirContext);org.apache.naming.resources.Resource;0;1;2;0.9388;994;37;18;1;0;0.8889;23;1;2
org.apache.catalina.core.StandardWrapperValve.event(Request, Response, CometEvent);org.apache.catalina.Globals;3;1;4;0.8667;341;4;6;0;1;1.0000;0;0;39
org.apache.coyote.http11.AbstractHttp11Protocol.getKeepAliveTimeout();org.apache.tomcat.util.net.AbstractEndpoint;0;0;0;0;0;0;0;0;0;0;0;0;0
org.apache.el.parser.ELParser.jj_3R_35();org.apache.el.parser.ELParserConstants;0;2;1;0.9771;2195;111;22;0;0;1.0000;0;0;57
org.apache.catalina.startup.WebAnnotationSet.loadClassAnnotation(Context, String);org.apache.catalina.Loader;0;1;0;1.0000;125;6;0;1;0;0.9375;14;14;0
org.apache.catalina.servlets.DefaultServlet.getRelativePath(HttpServletRequest);org.apache.catalina.Globals;1;0;0;1.0000;994;37;18;0;3;1.0000;0;0;39
org.apache.coyote.http11.Http11AprProcessor.recycle();org.apache.coyote.http11.InternalAprInputBuffer;0;0;3;0.9531;938;28;36;1;0;0.9688;358;13;15
org.apache.catalina.session.StandardSession.expire(boolean);org.apache.juli.logging.Log;2;5;7;0.8851;558;58;26;1;0;0.9737;18;18;0
org.apache.catalina.tribes.group.interceptors.NonBlockingCoordinator.handleViewConf(CoordinationMessage, Member, Membership);org.apache.catalina.tribes.group.AbsoluteOrder;1;5;5;0.8113;352;38;14;0;1;1.0000;7;1;1
org.apache.tomcat.util.net.AbstractEndpoint.getSoLinger();org.apache.tomcat.util.net.SocketProperties;0;0;0;0;0;0;0;0;0;0;0;0;0
org.apache.coyote.RequestGroupInfo.getErrorCount();org.apache.coyote.RequestInfo;1;0;2;0.9091;112;15;7;0;1;0.9655;134;13;14
org.apache.catalina.manager.ManagerServlet.sessions(PrintWriter, String, int);org.apache.catalina.util.RequestUtil;1;0;3;0.9592;913;34;13;1;0;1.0000;183;13;1
org.apache.jasper.servlet.JspServletWrapper.handleJspException(Exception);org.apache.jasper.compiler.Compiler;4;1;2;0.9091;314;11;15;0;1;0.9630;285;11;8
org.apache.catalina.tribes.group.interceptors.NonBlockingCoordinator.startElection(boolean);org.apache.catalina.tribes.membership.Membership;1;5;8;0.7547;352;38;14;1;0;0.9730;136;11;6
org.apache.jasper.compiler.Generator.GenerateVisitor.visit(Node.ELExpression);org.apache.jasper.compiler.ELNode.Nodes;6;0;2;0.9714;1737;45;16;0;1;0.9474;35;5;2
org.apache.coyote.ajp.AjpMessage.appendByteChunk(ByteChunk);org.apache.juli.logging.Log;1;3;2;0.8966;235;23;5;1;0;0.9600;18;18;0
org.apache.catalina.ha.tcp.SimpleTcpCluster.setProperty(String, Object);org.apache.juli.logging.Log;1;0;3;0.9701;371;45;31;3;0;0.8500;18;18;0
org.apache.jasper.compiler.JspUtil.interpreterCall(boolean, String, Class<?>, String, boolean);org.apache.jasper.compiler.Generator;0;1;0;1.0000;693;44;8;1;0;1.0000;781;28;16
org.apache.catalina.tribes.membership.McastService.start(int);org.apache.catalina.tribes.membership.McastServiceImpl;2;1;6;0.9211;345;53;13;1;3;0.9259;308;12;27
org.apache.catalina.ha.context.ReplicatedContext.stopInternal();org.apache.catalina.tribes.tipis.AbstractReplicatedMap;0;0;0;0;0;0;0;0;0;0;0;0;0
org.apache.catalina.servlets.DefaultServlet.serveResource(HttpServletRequest, HttpServletResponse, boolean);org.apache.naming.resources.ProxyDirContext;4;11;8;0.7377;994;37;18;1;0;0.9906;469;64;15
org.apache.catalina.core.NamingContextListener.addResource(ContextResource);org.apache.juli.logging.Log;2;1;4;0.9070;745;23;11;4;0;0.8667;18;18;0
org.apache.catalina.session.PersistentManagerBase.processExpires();org.apache.juli.logging.Log;0;3;2;0.9167;420;33;13;2;0;0.9231;18;18;0
org.apache.jasper.compiler.Generator.GenerateVisitor.ParamVisitor.visit(Node.ParamAction);org.apache.jasper.compiler.ServletWriter;5;0;0;1.0000;17;1;1;1;1;0.9091;65;13;6
org.apache.catalina.realm.MemoryRealm.getDigester();org.apache.tomcat.util.res.StringManager;2;0;3;1.0000;97;8;7;0;0;1.0000;36;3;3
org.apache.catalina.connector.RequestFacade.getReader();org.apache.tomcat.util.res.StringManager;1;0;2;0.9865;462;73;2;0;0;1.0000;36;3;3
org.apache.catalina.manager.ManagerServlet.list(PrintWriter);org.apache.catalina.Manager;1;0;3;0.9600;913;34;13;1;0;0.9762;34;34;0
org.apache.jasper.xmlparser.XMLEncodingDetector.createReader(InputStream, String, Boolean);org.apache.jasper.xmlparser.XMLChar;1;0;3;0.9362;798;23;29;2;0;1.0000;115;21;9
org.apache.tomcat.util.scan.StandardJarScanner.process(JarScannerCallback, URL);org.apache.juli.logging.Log;3;0;4;0.7143;119;3;6;2;0;0.9000;18;18;0
org.apache.catalina.ssi.ExpressionParseTree.StringNode.getValue();org.apache.catalina.ssi.SSIMediator;1;0;2;0.7143;13;3;2;1;0;0.9655;190;16;13
org.apache.coyote.ajp.AjpMessage.appendBytes(byte[], int, int);org.apache.juli.logging.Log;1;3;4;0.8077;235;23;5;2;0;0.9130;18;18;0
org.apache.catalina.core.AprLifecycleListener.lifecycleEvent(LifecycleEvent);org.apache.catalina.LifecycleEvent;2;3;3;0.7500;127;6;10;1;0;0.9231;18;3;3
org.apache.jasper.tagplugins.jstl.core.Remove.doTag(TagPluginContext);org.apache.jasper.tagplugins.jstl.Util;0;0;0;1.0000;11;1;0;1;0;1.0000;110;6;4
org.apache.catalina.tribes.io.BufferPool15Impl.returnBuffer(XByteBuffer);org.apache.catalina.tribes.io.XByteBuffer;0;0;3;0.5000;25;3;3;1;0;0.9630;317;36;7
org.apache.el.parser.AstIdentifier.setValue(EvaluationContext, Object);org.apache.el.lang.EvaluationContext;1;0;0;1.0000;78;7;0;2;2;0.6667;35;7;3
org.apache.catalina.tribes.membership.McastServiceImpl.RecoveryThread.startService();org.apache.catalina.tribes.Channel;2;0;1;0.8571;58;4;2;0;2;1.0000;15;15;13
org.apache.catalina.authenticator.AuthenticatorBase.register(Request, HttpServletResponse, Principal, String, String, String);org.apache.juli.logging.Log;3;1;3;0.9375;286;20;18;2;0;0.9444;18;18;0
org.apache.catalina.ha.deploy.FarmWarDeployer.start();org.apache.catalina.ha.CatalinaCluster;0;0;11;0.8077;376;28;17;1;0;0.9744;20;20;1
org.apache.naming.NamingContext.unbind(Name);org.apache.naming.StringManager;1;1;2;0.9268;282;32;6;2;0;0.8462;65;7;2
org.apache.catalina.ha.session.SimpleTcpReplicationManager.requestCompleted(String);org.apache.catalina.ha.session.ReplicatedSession;2;1;5;0.8810;362;17;17;0;2;0.9394;122;16;4
org.apache.jasper.compiler.TagFileProcessor.loadTagFile(Compiler, String, TagInfo, PageInfo);org.apache.jasper.JspCompilationContext;3;0;1;0.9583;96;5;1;4;7;0.8472;420;31;31
org.apache.catalina.manager.ManagerServlet.deploy(PrintWriter, String, String, boolean, HttpServletRequest);org.apache.catalina.Container;1;9;5;0.7333;913;34;13;1;0;0.9787;34;34;6
org.apache.catalina.ha.session.DeltaManager.createSession(String, boolean);org.apache.catalina.session.StandardSession;1;1;4;0.9651;826;43;42;1;0;0.9881;558;58;26
org.apache.tomcat.util.http.ValuesEnumerator.nextElement();org.apache.tomcat.util.buf.MessageBytes;0;1;1;0.7778;26;3;5;1;0;0.9778;402;31;17
org.apache.catalina.connector.MapperListener.init();org.apache.catalina.Lifecycle;0;4;3;0.6250;305;10;6;0;0;1.0000;5;5;9
org.apache.catalina.connector.RequestFacade.GetLocalesPrivilegedAction.run();org.apache.catalina.connector.RequestFacade;1;0;0;1.0000;3;1;0;0;1;0.9867;462;73;2
org.apache.tomcat.util.bcel.classfile.Code.copy(ConstantPool);org.apache.tomcat.util.bcel.classfile.CodeException;0;0;0;0;0;0;0;0;0;0;0;0;0
org.apache.jasper.compiler.ParserController.doParse(String, Node, JarResource);org.apache.jasper.compiler.Parser;1;4;12;0.4286;284;13;13;1;0;1.0000;1203;56;14
org.apache.coyote.ajp.AjpAprProcessor.read(int);org.apache.tomcat.util.res.StringManager;0;0;3;0.9487;616;13;30;1;0;0.8571;36;3;3
org.apache.jasper.compiler.Generator.ScriptingVarVisitor.visit(Node.CustomTag);org.apache.jasper.compiler.Generator;3;0;0;1.0000;46;1;1;0;1;0.9778;781;28;16
org.apache.catalina.ha.tcp.ReplicationValve.registerReplicationSession(DeltaSession);org.apache.catalina.Container;1;0;3;0.9730;283;17;17;1;0;0.9750;34;34;6
org.apache.jasper.compiler.Validator.ValidateVisitor.FVVisitor.visit(ELNode.Function);org.apache.jasper.compiler.ELNode.Function;4;0;0;1.0000;33;1;1;0;4;0.7500;37;1;6
org.apache.coyote.ajp.AjpMessage.getBytes(MessageBytes);org.apache.tomcat.util.buf.CharChunk;1;1;2;0.8929;235;23;5;1;0;0.9815;393;39;8
org.apache.el.parser.AstDiv.getValue(EvaluationContext);org.apache.el.lang.ELArithmetic;0;0;0;1.0000;8;1;0;1;0;1.0000;96;16;5
org.apache.coyote.http11.Http11AprProcessor.prepareRequest();org.apache.tomcat.util.net.AprEndpoint;7;3;13;0.8182;938;28;36;0;1;0.9917;629;27;59
org.apache.coyote.http11.Http11AprProtocol.Http11ConnectionHandler.unregister(Http11AprProcessor);org.apache.coyote.Request;4;0;1;0.9444;119;5;5;0;1;0.9836;219;17;34
org.apache.jasper.compiler.JspDocumentParser.parseCustomAction(String, String, String, Attributes, Attributes, Attributes, Mark, Node);org.apache.jasper.JspCompilationContext;0;1;2;0.9318;649;28;20;1;0;0.9846;420;31;31
org.apache.catalina.core.ApplicationHttpRequest.getSession(boolean);org.apache.catalina.Manager;0;0;3;0.9388;325;29;17;2;0;0.9512;34;34;0
org.apache.catalina.servlets.WebdavServlet.LockInfo.toXML(XMLWriter);org.apache.catalina.util.XMLWriter;2;0;6;0.6000;53;4;8;2;3;0.9000;79;10;5
org.apache.catalina.startup.SetContextPropertiesRule.begin(String, String, Attributes);org.apache.juli.logging.Log;2;0;0;1.0000;15;1;0;1;0;0.9583;18;18;0
org.apache.coyote.ajp.AjpProtocol.pause();org.apache.tomcat.util.res.StringManager;1;1;3;0.9608;201;32;16;1;0;0.9091;36;3;3
org.apache.catalina.ha.tcp.SimpleTcpCluster.stopInternal();org.apache.catalina.ha.ClusterDeployer;0;0;0;0;0;0;0;0;0;0;0;0;0
org.apache.catalina.authenticator.SingleSignOn.sessionEvent(SessionEvent);org.apache.juli.logging.Log;1;2;1;0.9000;187;18;8;2;0;0.9231;18;18;0
org.apache.catalina.ha.session.DeltaManager.deserializeSessions(byte[]);org.apache.juli.logging.Log;3;1;3;0.9792;826;43;42;3;0;0.9063;18;18;0
org.apache.tomcat.util.IntrospectionUtils.callMethod1(Object, String, Object, String, ClassLoader);org.apache.juli.logging.Log;1;1;1;1.0000;602;31;5;0;0;1.0000;18;18;0
org.apache.jasper.compiler.Validator.ValidateVisitor.visit(Node.JspOutput);org.apache.jasper.compiler.JspUtil;2;0;3;0.9592;710;36;19;1;0;1.0000;693;44;8
org.apache.catalina.startup.HostConfig.createDigester();org.apache.tomcat.util.digester.Digester;1;0;0;1.0000;755;35;15;2;1;0.9774;849;103;29
org.apache.jasper.servlet.JspServletWrapper.service(HttpServletRequest, HttpServletResponse, boolean);org.apache.jasper.JspCompilationContext;0;2;7;0.7000;314;11;15;2;0;0.9718;420;31;31
org.apache.catalina.startup.TldConfig.tldScanStream(InputStream);org.apache.tomcat.util.digester.Digester;0;0;0;0;0;0;0;0;0;0;0;0;0
org.apache.jasper.compiler.Parser.parseOptionalBody(Node, String, String);org.apache.jasper.compiler.ErrorDispatcher;0;2;2;0.9412;1203;56;14;1;0;0.9643;158;22;2
org.apache.jasper.compiler.ParserController.getJspConfigPageEncoding(String);org.apache.jasper.Options;2;0;1;0.9655;284;13;13;1;0;0.9688;28;28;0
org.apache.catalina.session.StandardSession.passivate();org.apache.juli.logging.Log;2;3;3;0.9367;558;58;26;1;0;0.9600;18;18;0
org.apache.catalina.mbeans.ServerLifecycleListener.processContainerRemoveChild(Container, Container);org.apache.catalina.Globals;1;2;1;0.9474;569;32;2;0;2;1.0000;0;0;39
org.apache.catalina.connector.Request.recycle();org.apache.catalina.connector.CometEventImpl;3;0;36;0.8011;1084;128;51;1;0;0.9818;54;6;5
org.apache.catalina.tribes.group.ChannelCoordinator.getLocalMember(boolean);org.apache.catalina.tribes.MembershipService;0;0;1;0.9545;164;15;5;1;0;0.9444;17;17;2
org.apache.jasper.compiler.Compiler.setupContextWriter(String);org.apache.jasper.Options;1;0;2;0.9091;285;11;8;1;0;0.9697;28;28;0
org.apache.tomcat.util.net.AprEndpoint.setSocketOptions(long);org.apache.tomcat.util.net.SocketProperties;1;0;6;0.9512;629;27;59;0;0;1.0000;156;28;22
org.apache.catalina.connector.RequestFacade.GetHeaderNamesPrivilegedAction.run();org.apache.catalina.connector.RequestFacade;1;0;0;1.0000;3;1;0;0;1;0.9867;462;73;2
org.apache.jasper.compiler.JspConfig.getVersion(TreeNode);org.apache.jasper.xmlparser.TreeNode;0;0;0;1.0000;273;6;11;1;0;0.9500;109;13;5
org.apache.catalina.core.ApplicationContext.addListener(String);org.apache.catalina.core.StandardContext;0;0;0;0;0;0;0;0;0;0;0;0;0
org.apache.catalina.tribes.group.interceptors.MessageDispatchInterceptor.sendAsyncData(LinkObject);org.apache.catalina.tribes.transport.bio.util.LinkObject;2;1;1;0.9688;138;12;8;1;3;0.7647;31;1;5
org.apache.catalina.tribes.tipis.AbstractReplicatedMap.init(MapOwner, Channel, String, long, int, ClassLoader[]);org.apache.juli.logging.Log;0;2;10;0.8451;740;50;17;5;0;0.8387;18;18;0
org.apache.catalina.session.StandardSession.getLastAccessedTime();org.apache.tomcat.util.res.StringManager;1;1;2;0.9737;558;58;26;0;0;1.0000;36;3;3
org.apache.coyote.ajp.AjpAprProcessor.asyncDispatch(long, SocketStatus);org.apache.coyote.Constants;0;0;0;0;0;0;0;0;0;0;0;0;0
org.apache.tomcat.util.net.NioChannel.flush(boolean, Selector, long, MutableInteger);org.apache.tomcat.util.MutableInteger;1;0;0;1.0000;83;15;5;0;1;0.5000;11;0;1
org.apache.catalina.realm.DataSourceRealm.open();org.apache.juli.logging.Log;1;0;3;0.9231;244;14;12;1;0;0.9565;18;18;0
org.apache.coyote.http11.Http11NioProcessor.prepareRequest();org.apache.tomcat.util.net.NioEndpoint;7;3;13;0.8222;954;28;38;0;1;0.9928;629;43;64
org.apache.jasper.compiler.BeanRepository.addBean(Node.UseBean, String, String, String);org.apache.jasper.compiler.ErrorDispatcher;0;0;2;0.7143;24;3;3;1;0;0.9565;158;22;2
org.apache.catalina.tribes.group.interceptors.NonBlockingCoordinator.createElectionMsg(MemberImpl, MemberImpl[], MemberImpl);org.apache.catalina.tribes.group.AbsoluteOrder;1;0;1;1.0000;352;38;14;0;1;1.0000;7;1;1
org.apache.tomcat.util.net.AbstractEndpoint.setProperty(String, String);org.apache.tomcat.util.IntrospectionUtils;0;0;0;0;0;0;0;0;0;0;0;0;0
org.apache.catalina.mbeans.MBeanUtils.destroyMBean(Connector, Service);org.apache.catalina.Container;1;1;1;1.0000;853;61;5;1;0;0.9762;34;34;6
org.apache.coyote.http11.Http11NioProcessor.process(NioChannel);org.apache.coyote.Response;11;4;16;0.8182;954;28;38;0;2;0.9773;250;19;18
org.apache.catalina.realm.JNDIRealm.compareCredentials(DirContext, User, String);org.apache.tomcat.util.buf.CharChunk;3;0;0;1.0000;728;44;31;0;1;0.9821;393;39;8
org.apache.catalina.tribes.group.interceptors.NonBlockingCoordinator.hasHigherPriority(Member[], Member[]);org.apache.catalina.tribes.group.AbsoluteOrder.AbsoluteComparator;1;0;0;1.0000;352;38;14;1;0;0.8571;45;7;0
org.apache.jasper.compiler.Generator.compileTagHandlerPoolList(Node.Nodes);org.apache.jasper.compiler.JspUtil;4;0;1;0.9792;781;28;16;1;0;1.0000;693;44;8
org.apache.catalina.startup.Tomcat.stop();org.apache.catalina.Lifecycle;0;1;0;0.9706;218;21;14;0;0;1.0000;5;5;9
org.apache.coyote.ajp.AjpProtocol.AjpConnectionHandler.register(AjpProcessor);org.apache.coyote.ajp.AjpProcessor;4;0;3;0.8235;80;4;4;0;1;0.9808;570;12;32
org.apache.catalina.core.StandardWrapperValve.invoke(Request, Response);org.apache.catalina.Context;4;1;5;0.8780;341;4;6;2;0;0.9876;125;125;1
org.apache.jasper.compiler.Generator.GenerateVisitor.visit(Node.Scriptlet);org.apache.jasper.compiler.Node;2;0;1;0.9848;1737;45;16;0;2;0.9375;170;7;15
org.apache.catalina.servlets.WebdavServlet.doMkcol(HttpServletRequest, HttpServletResponse);org.apache.catalina.servlets.WebdavStatus;1;4;1;0.8649;1460;29;23;1;7;1.0000;12;2;27
org.apache.catalina.tribes.tipis.AbstractReplicatedMap.MapMessage.getKey();org.apache.catalina.tribes.tipis.AbstractReplicatedMap;1;1;0;0.9583;159;12;20;0;1;1.0000;740;50;17
org.apache.catalina.ha.tcp.SimpleTcpCluster.startInternal();org.apache.catalina.ha.jmx.ClusterJmxHelper;0;0;0;0;0;0;0;0;0;0;0;0;0
org.apache.catalina.session.StandardManager.load();org.apache.catalina.security.SecurityUtil;0;1;0;0.9630;328;19;8;1;0;1.0000;146;11;17
org.apache.catalina.core.JasperListener.lifecycleEvent(LifecycleEvent);org.apache.catalina.Lifecycle;1;0;1;1.0000;10;1;2;0;1;1.0000;5;5;9
org.apache.catalina.connector.Request.login(String, String);org.apache.tomcat.util.res.StringManager;0;0;0;1.0000;1084;128;51;0;0;1.0000;36;3;3
org.apache.coyote.Request.getHeader(String);org.apache.tomcat.util.http.MimeHeaders;0;0;1;0.9808;219;17;34;1;0;0.9545;129;18;3
org.apache.catalina.loader.WebappClassLoader.validateJarFile(File);org.apache.juli.logging.Log;0;0;3;0.9861;1193;44;30;3;0;0.8421;18;18;0
org.apache.jasper.compiler.Compiler.generateJava();org.apache.jasper.compiler.JspConfig.JspProperty;12;1;7;0.8298;285;11;8;0;6;0.8500;34;0;8
org.apache.catalina.tribes.membership.McastServiceImpl.memberDataReceived(byte[]);org.apache.catalina.tribes.membership.Membership;2;0;3;0.9545;308;12;27;2;0;0.9259;136;11;6
org.apache.tomcat.util.net.AprEndpoint.Poller.add(long);org.apache.tomcat.util.net.AprEndpoint;0;0;3;0.7273;168;4;7;1;0;0.9878;629;27;59
org.apache.catalina.ha.session.DeltaManager.handleGET_ALL_SESSIONS(SessionMessage, Member);org.apache.catalina.ha.CatalinaCluster;2;1;9;0.9070;826;43;42;1;0;0.9697;20;20;1
org.apache.catalina.connector.Request.getContextPathMB();org.apache.tomcat.util.http.mapper.MappingData;1;0;1;0.9942;1084;128;51;0;1;0.9091;11;1;9
org.apache.catalina.authenticator.AuthenticatorBase.invoke(Request, Response);org.apache.catalina.Session;2;1;6;0.9074;286;20;18;2;0;0.9655;32;32;4
org.apache.coyote.http11.Http11NioProtocol.getPollerThreadCount();org.apache.tomcat.util.net.NioEndpoint;1;0;1;0.9917;448;96;26;0;1;0.9899;629;43;64
org.apache.el.parser.ELParser.jj_3R_63();org.apache.el.parser.ELParserConstants;1;1;0;0.9924;2195;111;22;0;1;0.9828;0;0;57
org.apache.jasper.compiler.Node.ParamsAction.accept(Visitor);org.apache.jasper.compiler.Node.Visitor;0;0;0;1.0000;9;1;0;1;0;0.9714;126;35;0
org.apache.catalina.connector.ResponseFacade.isFinished();org.apache.catalina.connector.Response;1;0;2;0.9756;224;40;2;1;0;0.9888;578;70;19
org.apache.catalina.connector.RequestFacade.getServerName();org.apache.tomcat.util.res.StringManager;1;0;2;0.9865;462;73;2;0;0;1.0000;36;3;3
org.apache.catalina.core.ApplicationSessionCookieConfig.getConfiguredSessionCookieName(Context);org.apache.catalina.Context;0;0;0;0;0;0;0;0;0;0;0;0;0
org.apache.catalina.connector.Response.getStatus();org.apache.coyote.Response;1;0;1;0.9886;578;70;19;0;1;0.9737;250;19;18
org.apache.jasper.compiler.TagPluginManager.TagPluginContextImpl.dontUseTagPlugin();org.apache.jasper.compiler.Node.CustomTag;1;0;1;0.9500;72;15;4;0;1;0.9756;229;10;26
org.apache.el.parser.ELParserTokenManager.jjMoveStringLiteralDfa1_1(long);org.apache.el.parser.SimpleCharStream;0;5;2;0.8409;1035;33;25;1;0;0.9825;257;26;16
org.apache.catalina.startup.HostConfig.start();org.apache.tomcat.util.modeler.Registry;1;1;4;0.9423;755;35;15;2;0;0.9804;446;36;10
org.apache.catalina.startup.Tomcat.start();org.apache.catalina.Lifecycle;0;3;1;0.8857;218;21;14;0;0;1.0000;5;5;9
org.apache.catalina.connector.OutputBuffer.write(char, int, int);org.apache.tomcat.util.buf.C2BConverter;1;0;3;0.9250;207;25;15;1;0;0.9412;58;8;5
org.apache.catalina.core.ApplicationJspPropertyGroupDescriptor.getDeferredSyntaxAllowedAsLiteral();org.apache.catalina.deploy.JspPropertyGroup;0;0;0;0;0;0;0;0;0;0;0;0;0
org.apache.coyote.http11.AbstractHttp11Protocol.getKeystoreProvider();org.apache.tomcat.util.net.AbstractEndpoint;0;0;0;0;0;0;0;0;0;0;0;0;0
org.apache.catalina.realm.JNDIRealm.authenticate(DirContext, String, String);org.apache.tomcat.util.res.StringManager;1;4;2;0.9200;728;44;31;0;0;1.0000;36;3;3
org.apache.jasper.compiler.Generator.GenerateVisitor.visit(Node.JspElement);org.apache.jasper.compiler.ServletWriter;5;0;1;0.9867;1737;45;16;3;1;0.8621;65;13;6
org.apache.catalina.session.ManagerBase.getSession(String);org.apache.catalina.Session;0;1;2;0.9643;489;55;31;1;0;0.9730;32;32;4
org.apache.coyote.http11.Http11Processor.asyncDispatch(SocketStatus);org.apache.tomcat.util.res.StringManager;0;0;0;0;0;0;0;0;0;0;0;0;0
org.apache.jasper.compiler.Generator.GenerateVisitor.visit(Node.TemplateText);org.apache.jasper.compiler.Generator;6;0;3;0.9610;1737;45;16;2;3;0.9444;781;28;16
org.apache.catalina.manager.ManagerServlet.deploy(PrintWriter, String, String);org.apache.catalina.Context;1;8;3;0.8000;913;34;13;1;0;0.9926;125;125;1
org.apache.tomcat.util.bcel.classfile.SimpleElementValue.stringifyValue();org.apache.tomcat.util.bcel.classfile.ConstantUtf8;0;0;0;0;0;0;0;0;0;0;0;0;0
org.apache.coyote.memory.MemoryProtocolHandler.process(Request, ByteChunk, Response, ByteChunk);org.apache.coyote.Response;2;0;1;0.9231;31;10;1;0;1;0.9750;250;19;18
org.apache.catalina.connector.Response.getOutputStream();org.apache.tomcat.util.res.StringManager;1;0;5;0.9540;578;70;19;0;0;1.0000;36;3;3
org.apache.jasper.compiler.AntCompiler.generateClass(String[]);org.apache.juli.logging.Log;2;2;3;0.8667;158;3;3;4;0;0.9091;18;18;0
org.apache.catalina.servlets.DefaultServlet.parseRange(HttpServletRequest, HttpServletResponse, ResourceAttributes);org.apache.naming.resources.ResourceAttributes;0;0;1;1.0000;994;37;18;3;0;0.9362;516;30;30
org.apache.catalina.mbeans.ServerLifecycleListener.createMBeans(Host);org.apache.catalina.Container;0;1;1;0.9744;569;32;2;4;0;0.8947;34;34;6
org.apache.jasper.compiler.CompilationUnit.getContents();org.apache.jasper.compiler.Compiler;3;0;0;1.0000;52;4;2;0;2;0.9091;285;11;8
org.apache.catalina.core.StandardContext.validateFilterMap(FilterMap);org.apache.tomcat.util.res.StringManager;2;2;0;0.9936;2385;204;107;0;0;1.0000;36;3;3
org.apache.catalina.connector.RequestFacade.getCharacterEncoding();org.apache.tomcat.util.res.StringManager;2;0;2;0.9865;462;73;2;0;0;1.0000;36;3;3
org.apache.tomcat.util.bcel.classfile.PMGClass.getPMGClassName();org.apache.tomcat.util.bcel.classfile.ConstantPool;0;0;0;0;0;0;0;0;0;0;0;0;0
org.apache.catalina.core.ApplicationFilterConfig.release();org.apache.catalina.security.SecurityUtil;2;0;2;0.8947;121;10;5;2;0;1.0000;146;11;17
org.apache.catalina.startup.ContextConfig.processJarsForWebFragments();org.apache.tomcat.JarScanner;0;0;0;0;0;0;0;0;0;0;0;0;0
org.apache.coyote.http11.Http11Processor.prepareResponse();org.apache.tomcat.util.http.FastHttpDateFormat;5;2;11;0.8500;847;26;37;1;0;1.0000;85;6;8
org.apache.jasper.compiler.Validator.ValidateVisitor.isExpression(Node, String, boolean);org.apache.jasper.compiler.Node.Root;3;0;1;0.9787;710;36;19;0;1;0.9412;56;2;8
org.apache.catalina.valves.ExtendedAccessLogValve.RequestParameterElement.addElement(StringBuilder, Date, Request, Response, long);org.apache.catalina.valves.ExtendedAccessLogValve;0;1;1;0.5000;12;2;1;1;0;0.9231;367;10;2
org.apache.coyote.ajp.AjpProcessor.SocketInputBuffer.doRead(ByteChunk, Request);org.apache.tomcat.util.buf.ByteChunk;3;0;0;1.0000;19;1;0;2;2;0.9273;425;43;10
org.apache.naming.factory.ResourceFactory.getObjectInstance(Object, Name, Context, Hashtable<?,?>);org.apache.naming.factory.Constants;1;0;0;1.0000;74;1;0;0;2;1.0000;0;0;12
org.apache.tomcat.util.net.AprEndpoint.Poller.run();org.apache.tomcat.jni.Status;4;2;6;0.5789;168;4;7;0;4;1.0000;160;54;59
org.apache.coyote.http11.Http11Processor.asyncDispatch(SocketStatus);org.apache.juli.logging.Log;0;0;0;0;0;0;0;0;0;0;0;0;0
org.apache.catalina.deploy.WebXml.merge(Set<WebXml>);org.apache.catalina.deploy.LoginConfig;3;11;30;0.4853;1446;42;41;0;0;1.0000;53;7;4
org.apache.catalina.startup.ClassLoaderFactory.createClassLoader(File, File, ClassLoader);org.apache.juli.logging.Log;0;0;1;1.0000;88;2;5;2;0;0.8889;18;18;0
org.apache.jasper.compiler.Parser.parseElement(Node);org.apache.jasper.compiler.JspReader;0;2;2;0.9385;1203;56;14;1;0;0.9750;322;25;9
org.apache.jasper.xmlparser.XMLEncodingDetector.scanXMLDecl();org.apache.jasper.xmlparser.XMLStringBuffer;1;5;4;0.8302;798;23;29;3;0;0.8750;61;5;1
org.apache.catalina.tribes.group.ChannelCoordinator.internalStart(int);org.apache.catalina.tribes.ChannelReceiver;3;0;4;0.8750;164;15;5;6;0;0.6471;8;8;1
org.apache.catalina.core.StandardPipeline.startInternal();org.apache.catalina.Lifecycle;0;0;0;0;0;0;0;0;0;0;0;0;0
org.apache.catalina.mbeans.UserMBean.removeGroup(String);org.apache.catalina.UserDatabase;0;0;0;1.0000;85;6;3;1;0;0.9474;16;16;0
org.apache.coyote.ajp.AjpAprProtocol.AjpConnectionHandler.event(long, SocketStatus);org.apache.tomcat.util.net.AbstractEndpoint.Handler;0;0;0;0;0;0;0;0;0;0;0;0;0
org.apache.jasper.compiler.Generator.GenerateVisitor.visit(Node.PlugIn);org.apache.jasper.compiler.ServletWriter;10;3;1;0.9487;1737;45;16;1;1;0.9459;65;13;6
org.apache.catalina.valves.AccessLogValve.ByteSentElement.addElement(StringBuilder, Date, Request, Response, long);org.apache.catalina.connector.Response;0;0;1;0.5000;12;1;1;1;0;0.9888;578;70;19
org.apache.catalina.ssi.SSISet.process(SSIMediator, String, String[], String[], PrintWriter);org.apache.catalina.ssi.SSIMediator;1;0;0;1.0000;30;1;0;3;1;0.8462;190;16;13
org.apache.tomcat.util.buf.B2CConverter.recycle();org.apache.tomcat.util.buf.ReadConvertor;0;0;1;0.9091;39;4;7;1;0;0.8000;17;3;0
org.apache.catalina.core.ApplicationContext.getResource(String);org.apache.catalina.core.ContainerBase;2;1;3;0.9672;460;47;13;3;0;0.9681;603;62;29
org.apache.catalina.deploy.WebXml.mergeMap(Map<String,T>, Map<String,T>, Map<String,T>, WebXml, String);org.apache.juli.logging.Log;1;0;4;0.9710;1446;42;41;1;0;0.9500;18;18;0
org.apache.jasper.compiler.JDTCompiler.generateClass(String[]);org.apache.jasper.Options;2;0;0;1.0000;317;1;0;6;0;0.8667;28;28;0
org.apache.jasper.compiler.Generator.generateSetDynamicAttribute();org.apache.jasper.compiler.ServletWriter;0;0;1;0.9744;781;28;16;3;0;0.8333;65;13;6
org.apache.catalina.ssi.ExpressionParseTree.parseExpression(String);org.apache.catalina.ssi.ExpressionTokenizer;1;2;3;0.6154;100;4;7;2;15;0.7143;90;3;17
org.apache.tomcat.util.http.MimeHeaders.setValue(String);org.apache.tomcat.util.buf.MessageBytes;1;2;2;0.8333;129;18;3;2;0;0.9592;402;31;17
org.apache.catalina.loader.WebappLoader.startInternal();org.apache.tomcat.util.modeler.Registry;0;0;0;0;0;0;0;0;0;0;0;0;0
org.apache.jasper.compiler.Generator.GenerateVisitor.generateCustomDoTag(Node.CustomTag, TagHandlerInfo, String);org.apache.jasper.compiler.Generator;5;4;3;0.9028;1737;45;16;1;0;0.9818;781;28;16
org.apache.catalina.core.ApplicationDispatcher.checkSameObjects(ServletRequest, ServletResponse);org.apache.catalina.core.ApplicationFilterChain;1;0;1;1.0000;419;14;10;2;0;1.0000;225;9;13
org.apache.catalina.loader.WebappClassLoader.findResources(String);org.apache.juli.logging.Log;0;2;7;0.8873;1193;44;30;2;0;0.9231;18;18;0
org.apache.jasper.compiler.Collector.CollectVisitor.visit(Node.ParamAction);org.apache.jasper.compiler.Node.JspAttribute;2;0;2;0.9091;114;15;6;0;1;0.9545;107;7;10
org.apache.jasper.compiler.CompilationUnit.getContents();org.apache.jasper.compiler.JDTCompiler;3;0;0;1.0000;52;4;2;0;0;1.0000;317;1;0
org.apache.tomcat.util.net.NioEndpoint.Poller.processSendfile(SelectionKey, KeyAttachment, boolean, boolean);org.apache.tomcat.util.net.NioEndpoint;4;3;0;0.9231;395;15;7;0;1;1.0000;629;43;64
org.apache.el.parser.AstMod.getValue(EvaluationContext);org.apache.el.parser.Node;0;0;0;1.0000;8;1;0;1;0;0.9375;15;15;0
org.apache.catalina.realm.JAASMemoryLoginModule.login();org.apache.juli.logging.Log;1;0;3;0.8889;151;7;9;1;0;0.9565;18;18;0
org.apache.tomcat.util.digester.CallParamRule.begin(String, String, Attributes);org.apache.juli.logging.Log;2;0;4;0.7895;61;4;5;2;0;0.9259;18;18;0
org.apache.jasper.compiler.ELFunctionMapper.ELFunctionVisitor.doMap(ELNode.Nodes);org.apache.jasper.compiler.ELFunctionMapper;5;1;1;0.9167;151;14;1;0;2;0.8462;12;1;3
org.apache.coyote.ajp.AjpAprProtocol.pause();org.apache.tomcat.util.res.StringManager;1;1;3;0.9655;219;40;15;1;0;0.9091;36;3;3
org.apache.catalina.startup.Embedded.removeEngine(Engine);org.apache.juli.logging.Log;0;0;2;0.9804;372;34;11;3;0;0.8750;18;18;0
org.apache.catalina.mbeans.MBeanFactory.createSingleSignOn(String);org.apache.catalina.core.ContainerBase;1;1;0;0.9730;432;35;2;1;0;0.9890;603;62;29
org.apache.coyote.http11.AbstractHttp11Protocol.getKeystoreType();org.apache.tomcat.util.net.AbstractEndpoint;0;0;0;0;0;0;0;0;0;0;0;0;0
org.apache.coyote.http11.Http11NioProtocol.getUseSendfile();org.apache.tomcat.util.net.NioEndpoint;1;0;1;0.9917;448;96;26;0;1;0.9899;629;43;64
org.apache.jasper.runtime.JspRuntimeLibrary.handleGetProperty(Object, String);org.apache.jasper.compiler.Localizer;0;1;0;1.0000;647;45;2;1;0;1.0000;34;6;1
org.apache.catalina.startup.DigesterFactory.register(String, String, SchemaResolver);org.apache.catalina.util.SchemaResolver;0;0;1;1.0000;49;5;1;1;0;0.8571;32;2;4
org.apache.tomcat.util.bcel.classfile.EnumElementValue.stringifyValue();org.apache.tomcat.util.bcel.classfile.ConstantPool;0;0;0;0;0;0;0;0;0;0;0;0;0
org.apache.catalina.deploy.WebXml.configureContext(Context);org.apache.catalina.deploy.FilterDef;5;0;27;0.7453;1446;42;41;0;0;1.0000;51;9;7
org.apache.jasper.compiler.Validator.ValidateVisitor.checkXmlAttributes(Node.CustomTag, Node.JspAttribute[], Hashtable<String,Object>);org.apache.jasper.compiler.ELNode.Root;8;1;3;0.9344;710;36;19;0;1;0.9630;13;1;2
org.apache.catalina.connector.MapperListener.findDefaultHost();org.apache.catalina.Host;0;0;0;0;0;0;0;0;0;0;0;0;0
org.apache.catalina.manager.HTMLManagerServlet.getSessionForPathAndId(String, String);org.apache.catalina.util.RequestUtil;1;0;0;1.0000;601;22;14;1;0;1.0000;183;13;1
org.apache.catalina.core.ApplicationJspPropertyGroupDescriptor.getIncludeCodas();org.apache.catalina.deploy.JspPropertyGroup;0;0;0;0;0;0;0;0;0;0;0;0;0
org.apache.el.parser.ELParser.jj_3R_57();org.apache.el.parser.ELParserConstants;0;1;0;0.9924;2195;111;22;0;0;1.0000;0;0;57
org.apache.catalina.startup.Tomcat.addContext(Host, String, String);org.apache.catalina.Container;0;0;0;0;0;0;0;0;0;0;0;0;0
org.apache.jasper.compiler.Generator.genPreambleStaticInitializers();org.apache.jasper.compiler.ServletWriter;1;0;2;0.9545;781;28;16;7;0;0.6500;65;13;6
org.apache.coyote.http11.AbstractOutputBuffer.sendStatus();org.apache.coyote.http11.Constants;0;0;0;0;0;0;0;0;0;0;0;0;0
org.apache.catalina.tribes.group.GroupChannel.checkOptionFlags();org.apache.catalina.tribes.ChannelInterceptor;0;0;1;0.9706;268;24;8;2;0;0.8824;16;16;0
org.apache.el.parser.ELParser.jj_3R_64();org.apache.el.parser.ELParserConstants;1;1;0;0.9924;2195;111;22;0;1;0.9828;0;0;57
org.apache.catalina.tribes.tipis.AbstractReplicatedMap.broadcast(int, boolean);org.apache.catalina.tribes.Channel;2;2;5;0.9000;740;50;17;3;0;0.8800;15;15;13
org.apache.jasper.compiler.ELParser.parseEL();org.apache.jasper.compiler.ELNode.Nodes;0;3;2;0.7619;204;12;8;1;0;0.9333;35;5;2
org.apache.catalina.ha.tcp.ReplicationValve.send(ClusterManager, CatalinaCluster, String);org.apache.catalina.ha.ClusterManager;0;0;2;0.9429;283;17;17;2;0;0.8947;15;15;0
org.apache.jasper.runtime.JspFactoryImpl.getJspApplicationContext(ServletContext);org.apache.jasper.runtime.JspApplicationContextImpl;1;0;0;1.0000;71;6;5;1;0;1.0000;73;5;6
org.apache.catalina.tribes.io.BufferPool15Impl.getBuffer(int, boolean);org.apache.catalina.tribes.io.XByteBuffer;1;0;2;0.7778;25;3;3;3;1;0.8462;317;36;7
org.apache.catalina.ha.backend.HeartbeatListener.lifecycleEvent(LifecycleEvent);org.apache.catalina.ha.backend.Sender;2;0;6;0.7222;81;2;10;2;0;0.8462;2;2;0
org.apache.catalina.valves.CometConnectionManagerValve.sessionDestroyed(HttpSessionEvent);org.apache.catalina.connector.Request;4;0;2;0.9167;146;11;6;2;0;0.9890;1084;128;51
org.apache.tomcat.util.buf.ByteChunk.getLong();org.apache.tomcat.util.buf.Ascii;0;0;3;0.9348;425;43;10;1;0;1.0000;91;11;7
org.apache.catalina.loader.WebappClassLoader.clearReferencesResourceBundles();org.apache.juli.logging.Log;0;0;0;0;0;0;0;0;0;0;0;0;0
org.apache.catalina.servlets.DefaultServlet.checkSendfile(HttpServletRequest, HttpServletResponse, CacheEntry, long, Range);org.apache.naming.resources.Resource;2;0;1;0.9815;994;37;18;0;1;0.9167;23;1;2
org.apache.tomcat.util.http.mapper.Mapper.internalMapWildcardWrapper(Wrapper[], int, CharChunk, MappingData);org.apache.tomcat.util.buf.MessageBytes;2;3;0;1.0000;816;39;4;2;0;0.9649;402;31;17
org.apache.jasper.compiler.Parser.parseElements(Node);org.apache.jasper.compiler.JspReader;1;16;4;0.7015;1203;56;14;2;0;0.9649;322;25;9
org.apache.catalina.valves.CometConnectionManagerValve.sessionDestroyed(HttpSessionEvent);org.apache.catalina.comet.CometEvent;4;0;2;0.9167;146;11;6;0;0;1.0000;6;6;2
org.apache.jasper.compiler.JspUtil.checkScope(String, Node, ErrorDispatcher);org.apache.jasper.compiler.ErrorDispatcher;0;0;0;1.0000;693;44;8;1;0;0.9524;158;22;2
org.apache.catalina.core.AsyncContextImpl.start(Runnable);org.apache.juli.logging.Log;1;1;5;0.8438;244;21;12;0;0;1.0000;18;18;0
org.apache.catalina.deploy.WebXml.addBeforeOrderingOthers();org.apache.tomcat.util.res.StringManager;0;0;4;0.9706;1446;42;41;1;0;0.8571;36;3;3
org.apache.catalina.mbeans.MBeanUtils.destroyMBean(Group);org.apache.tomcat.util.modeler.ManagedBean;0;2;2;1.0000;853;61;5;1;0;0.9714;252;23;13
org.apache.coyote.http11.Http11AprProcessor.process(long);org.apache.coyote.Response;7;4;22;0.7241;938;28;36;0;2;0.9762;250;19;18
org.apache.catalina.core.ApplicationContextFacade.getAttributeNames();org.apache.catalina.core.ApplicationContext;0;1;1;0.9600;426;46;3;1;0;0.9828;460;47;13
org.apache.catalina.core.ApplicationFilterConfig.setFilterDef(FilterDef);org.apache.catalina.security.SecurityUtil;2;1;3;0.7895;121;10;5;2;0;1.0000;146;11;17
org.apache.catalina.connector.Request.isAsyncDispatching();org.apache.catalina.core.AsyncContextImpl;0;0;0;0;0;0;0;0;0;0;0;0;0
org.apache.catalina.ha.tcp.ReplicationValve.invoke(Request, Response);org.apache.tomcat.util.res.StringManager;1;3;5;0.8667;283;17;17;0;0;1.0000;36;3;3
org.apache.coyote.http11.Http11AprProcessor.prepareResponse();org.apache.tomcat.util.net.AprEndpoint;7;2;12;0.8391;938;28;36;0;1;0.9915;629;27;59
org.apache.coyote.http11.Http11AprProcessor.process(long);org.apache.coyote.http11.InternalAprInputBuffer;7;4;22;0.7241;938;28;36;4;1;0.9306;358;13;15
org.apache.catalina.core.ApplicationFilterConfig.getInitParameter(String);org.apache.catalina.deploy.FilterDef;0;0;1;0.9333;121;10;5;1;0;0.9412;51;9;7
org.apache.tomcat.util.net.SSLImplementation.getInstance(String);org.apache.juli.logging.Log;0;1;2;1.0000;29;5;3;2;0;0.8889;18;18;0
org.apache.catalina.deploy.NamingResources.removeLocalEjb(String);org.apache.catalina.deploy.ResourceBase;1;0;3;0.9375;332;35;12;0;1;0.9444;43;9;6
org.apache.catalina.ha.session.DeltaSession.writeObject(ObjectOutput);org.apache.catalina.ha.session.SerializablePrincipal;1;0;3;0.9839;379;41;7;1;0;1.0000;84;9;7
org.apache.jasper.compiler.JspDocumentParser.parse(ParserController, String, JarFile, Node, boolean, boolean, String, String, boolean, boolean);org.apache.jasper.compiler.ErrorDispatcher;4;2;6;0.8654;649;28;20;3;0;0.9118;158;22;2
org.apache.catalina.connector.Response.getBufferSize();org.apache.catalina.connector.OutputBuffer;0;0;1;0.9886;578;70;19;1;0;0.9756;207;25;15
org.apache.catalina.users.MemoryRoleCreationFactory.createObject(Attributes);org.apache.catalina.users.MemoryUserDatabase;1;0;1;0.7500;18;2;2;1;0;0.9697;252;22;10
org.apache.naming.NamingService.stop();org.apache.naming.NamingServiceMBean;1;0;4;0.6364;71;8;4;0;4;1.0000;6;6;7
org.apache.catalina.core.ApplicationFilterRegistration.getServletNameMappings();org.apache.catalina.deploy.FilterMap;0;0;0;0;0;0;0;0;0;0;0;0;0
org.apache.catalina.connector.MapperListener.containerEvent(ContainerEvent);org.apache.tomcat.util.http.mapper.Mapper;1;0;1;0.9474;305;10;6;2;0;0.9412;816;39;4
org.apache.catalina.connector.Request.login(String, String);org.apache.catalina.Realm;0;0;0;1.0000;1084;128;51;0;0;1.0000;14;14;0
org.apache.catalina.manager.JspHelper.getDisplayLastAccessedTimeForSession(Session);org.apache.catalina.Session;0;0;1;1.0000;113;12;3;1;0;0.9688;32;32;4
org.apache.catalina.connector.MapperListener.findDefaultHost();org.apache.catalina.Engine;0;0;0;0;0;0;0;0;0;0;0;0;0
org.apache.jasper.compiler.ParserController.doParse(String, Node, JarResource);org.apache.jasper.compiler.PageInfo;1;4;12;0.4286;284;13;13;1;0;0.9892;319;30;44
org.apache.catalina.tribes.membership.McastService.getMembers();org.apache.catalina.tribes.membership.Membership;1;0;2;0.9844;345;53;13;1;0;0.9545;136;11;6
org.apache.catalina.connector.CoyoteAdapter.service(org.apache.coyote.Request, org.apache.coyote.Response);org.apache.coyote.Request;8;0;4;0.9524;505;11;8;3;2;0.9383;219;17;34
org.apache.coyote.http11.Http11AprProcessor.parseHost(MessageBytes);org.apache.coyote.Response;6;0;6;0.9167;938;28;36;0;1;0.9808;250;19;18
org.apache.catalina.core.AsyncContextImpl.doInternalDispatch();org.apache.juli.logging.Log;0;1;7;0.8125;244;21;12;1;0;0.9600;18;18;0
org.apache.juli.ClassLoaderLogManager.Cleaner.run();org.apache.juli.ClassLoaderLogManager;0;0;0;0;0;0;0;0;0;0;0;0;0
org.apache.jasper.compiler.Generator.generateTagHandlerPreamble(JasperTagInfo, Node.Nodes);org.apache.jasper.compiler.ServletWriter;2;9;2;0.7500;781;28;16;6;0;0.8000;65;13;6
org.apache.catalina.startup.Tomcat.addWebapp(Host, String, String);org.apache.catalina.Lifecycle;0;0;0;0;0;0;0;0;0;0;0;0;0
org.apache.tomcat.util.http.mapper.Mapper.internalMap(CharChunk, CharChunk, MappingData);org.apache.tomcat.util.http.mapper.MappingData;2;6;2;0.9333;816;39;4;0;4;0.8400;11;1;9
org.apache.coyote.http11.InternalAprInputBuffer.setSocket(long);org.apache.tomcat.jni.Socket;0;0;2;0.9259;358;13;15;1;0;1.0000;37;37;34
org.apache.catalina.startup.ContextConfig.lifecycleEvent(LifecycleEvent);org.apache.catalina.Lifecycle;2;5;4;0.7941;779;23;16;0;6;1.0000;5;5;9
org.apache.jasper.compiler.PageInfo.setDeferredSyntaxAllowedAsLiteral(String, Node, ErrorDispatcher, boolean);org.apache.jasper.compiler.ErrorDispatcher;0;0;2;0.9733;319;30;44;1;0;0.9565;158;22;2
org.apache.tomcat.util.modeler.modules.MbeansDescriptorsSerSource.execute();org.apache.juli.logging.Log;0;0;3;0.7778;49;2;6;2;0;0.9048;18;18;0
org.apache.tomcat.util.net.AprEndpoint.Poller.run();org.apache.juli.logging.Log;4;2;6;0.5789;168;4;7;2;0;0.9394;18;18;0
org.apache.coyote.http11.Http11AprProcessor.action(ActionCode, Object);org.apache.coyote.http11.filters.BufferedInputFilter;9;1;18;0.8068;938;28;36;1;0;0.9808;49;6;6
org.apache.catalina.connector.RequestFacade.getHeader(String);org.apache.tomcat.util.res.StringManager;1;0;2;0.9865;462;73;2;0;0;1.0000;36;3;3
org.apache.jasper.compiler.PageDataImpl.SecondPassVisitor.appendTag(Node, boolean);org.apache.jasper.compiler.Compiler;4;4;4;0.8519;307;41;6;0;1;0.9697;285;11;8
org.apache.catalina.connector.Connector.startInternal();org.apache.catalina.connector.MapperListener;0;0;0;0;0;0;0;0;0;0;0;0;0
org.apache.tomcat.util.bcel.classfile.AnnotationEntry.getAnnotationType();org.apache.tomcat.util.bcel.classfile.ConstantUtf8;0;0;0;0;0;0;0;0;0;0;0;0;0
org.apache.catalina.connector.RequestFacade.getPathInfo();org.apache.tomcat.util.res.StringManager;1;0;2;0.9865;462;73;2;0;0;1.0000;36;3;3
org.apache.catalina.connector.Request.setCometTimeout(long);org.apache.coyote.ActionCode;1;0;1;0.9942;1084;128;51;0;1;1.0000;6;0;26
org.apache.catalina.core.ApplicationFilterChain.internalDoFilterEvent(CometEvent);org.apache.catalina.comet.CometFilter;5;0;7;0.6923;225;9;13;0;0;1.0000;1;1;0
org.apache.coyote.http11.Http11AprProcessor.action(ActionCode, Object);org.apache.tomcat.jni.Socket;9;1;18;0.8068;938;28;36;0;2;1.0000;37;37;34
org.apache.coyote.ajp.AjpProcessor.action(ActionCode, Object);org.apache.tomcat.util.buf.ByteChunk;6;3;11;0.7857;570;12;32;2;1;0.9589;425;43;10
org.apache.catalina.mbeans.MemoryUserDatabaseMBean.getUsers();org.apache.catalina.User;0;1;0;0.9524;168;12;6;1;0;0.9500;17;17;0
org.apache.tomcat.util.modeler.Registry.removeManagedBean(ManagedBean);org.apache.tomcat.util.modeler.ManagedBean;0;0;2;0.9535;446;36;10;2;0;0.9444;252;23;13
org.apache.coyote.http11.Http11AprProcessor.event(SocketStatus);org.apache.coyote.Adapter;4;1;9;0.8857;938;28;36;1;0;0.9412;2;2;0
org.apache.catalina.tribes.group.interceptors.NonBlockingCoordinator.mergeOnArrive(CoordinationMessage, Member);org.apache.catalina.tribes.group.AbsoluteOrder;1;5;1;0.8800;352;38;14;0;1;1.0000;7;1;1
org.apache.jasper.compiler.Generator.GenerateVisitor.visit(Node.CustomTag);org.apache.jasper.compiler.Generator.GenBuffer;5;1;8;0.8861;1737;45;16;0;1;0.9714;47;3;4
org.apache.jasper.compiler.Validator.ValidateVisitor.visit(Node.ForwardAction);org.apache.jasper.compiler.JspUtil;1;1;2;0.9545;710;36;19;1;0;1.0000;693;44;8
org.apache.jasper.compiler.Node.AttributeDirective.accept(Visitor);org.apache.jasper.compiler.Node.Visitor;0;0;0;1.0000;9;1;0;1;0;0.9714;126;35;0
org.apache.catalina.core.StandardContext.listenerStart();org.apache.tomcat.InstanceManager;2;3;2;0.9873;2385;204;107;1;0;0.9286;4;4;0
org.apache.catalina.loader.WebappClassLoader.openJARs();org.apache.juli.logging.Log;0;0;5;0.9437;1193;44;30;2;0;0.9091;18;18;0
org.apache.coyote.http11.Http11AprProcessor.process(long);org.apache.tomcat.util.net.AprEndpoint;7;4;22;0.7241;938;28;36;2;1;0.9760;629;27;59
org.apache.catalina.core.NamingContextListener.removeLocalEjb(String);org.apache.juli.logging.Log;1;0;3;0.9375;745;23;11;1;0;0.9500;18;18;0
org.apache.jasper.compiler.TagPluginManager.TagPluginContextImpl.getConstantAttribute(String);org.apache.jasper.compiler.Node.JspAttribute;1;1;0;0.9500;72;15;4;0;1;0.9500;107;7;10
org.apache.jasper.compiler.JspDocumentParser.parseStandardAction(String, String, Attributes, Attributes, Attributes, Mark);org.apache.jasper.compiler.PageInfo;3;1;6;0.8444;649;28;20;0;1;0.9881;319;30;44
org.apache.catalina.mbeans.NamingResourcesMBean.addResource(String, String);org.apache.catalina.mbeans.MBeanUtils;1;0;1;0.9444;138;9;2;1;0;1.0000;853;61;5
org.apache.catalina.realm.RealmBase.getServer();org.apache.catalina.Service;0;0;1;0.9828;688;39;24;1;0;0.9444;15;15;0
org.apache.tomcat.util.digester.Digester.getRules();org.apache.tomcat.util.digester.Rules;0;0;1;0.9925;849;103;29;1;0;0.8889;8;8;0
org.apache.catalina.valves.RemoteIpValve.invoke(Request, Response);org.apache.catalina.connector.Request;0;0;0;0;0;0;0;0;0;0;0;0;0
org.apache.catalina.tribes.transport.nio.ParallelNioSender.setupForSend(Member[]);org.apache.catalina.tribes.ChannelException;1;0;2;0.9000;246;12;4;1;0;0.9375;46;5;2
org.apache.naming.resources.ProxyDirContext.cacheLookup(String);org.apache.naming.resources.CacheEntry;1;4;3;0.9136;469;64;15;0;3;0.8333;13;2;8
org.apache.catalina.startup.Catalina.await();org.apache.catalina.Server;0;0;1;0.9583;311;18;8;1;0;0.9375;15;15;0
org.apache.jasper.compiler.Generator.generateDeclarations(Node.Nodes);org.apache.jasper.compiler.Node;4;1;1;0.9815;781;28;16;1;2;0.9302;170;7;15
org.apache.coyote.http11.InternalAprOutputBuffer.flushBuffer();org.apache.tomcat.jni.Socket;0;0;2;0.9459;235;24;13;1;0;1.0000;37;37;34
org.apache.catalina.core.ApplicationDispatcher.invoke(ServletRequest, ServletResponse, State);org.apache.catalina.Globals;3;3;4;0.8462;419;14;10;0;1;1.0000;0;0;39
org.apache.jasper.compiler.Validator.DirectiveVisitor.visit(Node.PageDirective);org.apache.jasper.compiler.Node.PageDirective;6;0;4;0.9268;214;7;4;0;1;0.9737;27;2;1
org.apache.tomcat.util.bcel.classfile.SimpleElementValue.stringifyValue();org.apache.tomcat.util.bcel.classfile.ConstantFloat;0;0;0;0;0;0;0;0;0;0;0;0;0
org.apache.catalina.core.StandardContext.setDistributable(boolean);org.apache.juli.logging.Log;0;0;2;0.9968;2385;204;107;2;0;0.9091;18;18;0
org.apache.jasper.compiler.Validator.ValidateVisitor.processSignature(ELNode.Function);org.apache.jasper.compiler.ELNode.Function;2;0;0;1.0000;710;36;19;0;2;0.7500;37;1;6
org.apache.catalina.mbeans.GroupMBean.getUsers();org.apache.catalina.mbeans.MBeanUtils;0;0;1;0.9000;63;4;3;1;0;1.0000;853;61;5
org.apache.tomcat.util.digester.Digester.popParams();org.apache.juli.logging.Log;0;0;2;0.9853;849;103;29;3;0;0.8571;18;18;0
org.apache.coyote.Response.sendHeaders();org.apache.coyote.ActionCode;1;1;1;0.9444;250;19;18;0;1;1.0000;6;0;26
org.apache.catalina.tribes.group.interceptors.NonBlockingCoordinator.getView();org.apache.catalina.tribes.membership.Membership;0;0;1;0.9800;352;38;14;2;0;0.9048;136;11;6
org.apache.catalina.startup.HostConfig.deployWAR(String, File, String);org.apache.catalina.Container;2;4;8;0.8500;755;35;15;1;0;0.9825;34;34;6
org.apache.tomcat.util.IntrospectionUtils.displayClassPath(String, URL[]);org.apache.juli.logging.Log;0;0;1;1.0000;602;31;5;2;0;0.8889;18;18;0
org.apache.catalina.tribes.group.interceptors.TcpPingInterceptor.sendPingMessage(Member[]);org.apache.juli.logging.Log;1;0;1;1.0000;78;6;10;1;0;0.9583;18;18;0
org.apache.catalina.core.ApplicationFilterRegistration.setAsyncSupported(boolean);org.apache.catalina.deploy.FilterDef;0;0;0;0;0;0;0;0;0;0;0;0;0
org.apache.tomcat.util.net.NioEndpoint.processSocket(NioChannel, SocketStatus, boolean);org.apache.tomcat.util.net.NioChannel;0;0;4;0.9810;629;43;64;1;0;0.9655;83;15;5
org.apache.coyote.ajp.AjpAprProtocol.getThreadPriority();org.apache.tomcat.util.net.AbstractEndpoint;0;0;0;0;0;0;0;0;0;0;0;0;0
org.apache.catalina.tribes.group.interceptors.OrderInterceptor.sendMessage(Member[], ChannelMessage, InterceptorPayload);org.apache.catalina.tribes.ChannelException;0;1;1;0.9231;141;9;8;2;0;0.9000;46;5;2
org.apache.jasper.compiler.Parser.parseTaglibDirective(Node);org.apache.jasper.JspCompilationContext;4;1;6;0.9114;1203;56;14;2;2;0.9494;420;31;31
org.apache.catalina.deploy.WebXml.setPublicId(String);org.apache.juli.logging.Log;0;0;1;0.9853;1446;42;41;0;0;1.0000;18;18;0
org.apache.coyote.http11.Http11AprProtocol.setSSLPassword(String);org.apache.tomcat.util.net.AprEndpoint;1;0;1;0.9901;387;76;26;0;1;0.9875;629;27;59
org.apache.jasper.compiler.Generator.GenerateVisitor.generateJspFragment(Node, String);org.apache.jasper.compiler.Generator.GenBuffer;3;0;7;0.8971;1737;45;16;0;1;0.9545;47;3;4
org.apache.jasper.compiler.TagLibraryInfoImpl.generateTLDLocation(String, JspCompilationContext);org.apache.jasper.JspCompilationContext;1;0;1;0.9583;523;14;6;2;0;0.9688;420;31;31
org.apache.coyote.http11.AbstractHttp11Protocol.getThreadPriority();org.apache.tomcat.util.net.AbstractEndpoint;0;0;0;0;0;0;0;0;0;0;0;0;0
org.apache.catalina.ssi.ResponseIncludeWrapper.addHeader(String, String);org.apache.tomcat.util.ExceptionUtils;0;0;0;0;0;0;0;0;0;0;0;0;0
org.apache.catalina.ha.session.DeltaManager.handleSESSION_CREATED(SessionMessage, Member);org.apache.catalina.ha.ClusterMessage;3;1;5;0.9583;826;43;42;1;0;0.9583;6;6;0
org.apache.catalina.deploy.WebXml.configureContext(Context);org.apache.catalina.Container;5;0;27;0.7453;1446;42;41;2;0;0.9796;34;34;6
org.apache.catalina.startup.ContextConfig.getDefaultContextXml();org.apache.catalina.startup.Constants;1;0;1;0.9655;779;23;16;0;1;1.0000;0;0;45
org.apache.jasper.servlet.JspServletWrapper.handleJspException(Exception);org.apache.jasper.Options;4;1;2;0.9091;314;11;15;1;0;0.9722;28;28;0
org.apache.coyote.http11.InternalAprInputBuffer.parseRequestLine(boolean);org.apache.tomcat.util.buf.MessageBytes;2;1;5;0.8571;358;13;15;2;0;0.9630;402;31;17
org.apache.catalina.core.ContainerBase.setManager(Manager);org.apache.catalina.Manager;0;0;4;0.9674;603;62;29;1;0;0.9750;34;34;0
org.apache.coyote.http11.InternalAprOutputBuffer.commit();org.apache.coyote.Response;1;0;5;0.8684;235;24;13;0;1;0.9762;250;19;18
org.apache.catalina.valves.CometConnectionManagerValve.lifecycleEvent(LifecycleEvent);org.apache.catalina.connector.CometEventImpl;4;0;3;0.8889;146;11;6;1;2;0.8696;54;6;5
org.apache.coyote.http11.Http11AprProcessor.prepareRequest();org.apache.coyote.Response;7;3;13;0.8182;938;28;36;0;1;0.9872;250;19;18
org.apache.catalina.core.ApplicationFilterConfig.setFilterDef(FilterDef);org.apache.catalina.Context;2;1;3;0.7895;121;10;5;1;0;0.9925;125;125;1
org.apache.catalina.core.JasperListener.lifecycleEvent(LifecycleEvent);org.apache.juli.logging.Log;1;0;1;1.0000;10;1;2;1;0;0.9474;18;18;0
org.apache.catalina.tribes.group.ChannelCoordinator.internalStop(int);org.apache.catalina.tribes.ChannelReceiver;2;0;4;0.8462;164;15;5;2;0;0.8667;8;8;1
org.apache.el.parser.AstValue.isReadOnly(EvaluationContext);org.apache.el.util.MessageFactory;0;1;0;0.9167;103;8;1;0;0;1.0000;24;7;1
org.apache.tomcat.util.buf.CharChunk.toString();org.apache.tomcat.util.buf.StringCache;0;0;3;0.9362;393;39;8;1;0;1.0000;363;13;14
org.apache.catalina.ha.session.DeltaManager.getAllClusterSessions();org.apache.juli.logging.Log;2;3;11;0.8681;826;43;42;4;0;0.8889;18;18;0
org.apache.coyote.http11.Http11NioProtocol.setPollerThreadPriority(int);org.apache.tomcat.util.net.NioEndpoint;1;1;1;0.9835;448;96;26;0;1;0.9900;629;43;64
org.apache.coyote.http11.Http11Processor.process(SocketWrapper<Socket>);org.apache.coyote.Response;0;0;0;0;0;0;0;0;0;0;0;0;0
org.apache.tomcat.util.digester.PathCallParamRule.begin(String, String, Attributes);org.apache.tomcat.util.digester.Digester;1;0;1;0.8333;17;2;1;1;1;0.9853;849;103;29
org.apache.catalina.authenticator.AuthenticatorBase.register(Request, HttpServletResponse, Principal, String, String, String);org.apache.catalina.Manager;3;1;3;0.9375;286;20;18;0;0;1.0000;34;34;0
org.apache.catalina.deploy.WebXml.merge(Set<WebXml>);org.apache.catalina.deploy.FilterMap;3;11;30;0.4853;1446;42;41;0;0;1.0000;174;8;22
org.apache.catalina.connector.MapperListener.removeListeners(Container);org.apache.catalina.Container;0;0;0;0;0;0;0;0;0;0;0;0;0
org.apache.catalina.manager.ManagerServlet.init();org.apache.tomcat.util.res.StringManager;1;0;10;0.8163;913;34;13;0;0;1.0000;36;3;3
org.apache.catalina.valves.ExtendedAccessLogValve.ResponseHeaderElement.addElement(StringBuilder, Date, Request, Response, long);org.apache.catalina.connector.Response;0;0;1;0.6667;6;1;1;1;0;0.9889;578;70;19
org.apache.tomcat.util.bcel.classfile.Attribute.getName();org.apache.tomcat.util.bcel.Constants;0;0;0;0;0;0;0;0;0;0;0;0;0
org.apache.coyote.ajp.AjpAprProtocol.setSoTimeout(int);org.apache.tomcat.util.net.AbstractEndpoint;0;0;0;0;0;0;0;0;0;0;0;0;0
org.apache.jasper.compiler.ELFunctionMapper.ELFunctionVisitor.visit(Node.ParamAction);org.apache.jasper.compiler.Node.ParamAction;2;0;0;1.0000;151;14;1;0;1;0.8000;15;1;1
org.apache.el.parser.ELParser.Choice();org.apache.el.parser.ELParserTreeConstants;2;4;1;0.9710;2195;111;22;0;1;0.9773;0;0;34
org.apache.el.parser.ELParser.jj_3R_70();org.apache.el.parser.ELParserConstants;1;1;0;0.9924;2195;111;22;0;1;0.9828;0;0;57
org.apache.jasper.tagplugins.jstl.core.ForEach.doTag(TagPluginContext);org.apache.jasper.compiler.tagplugin.TagPluginContext;0;1;4;0.5833;139;3;4;6;0;0.6842;14;14;0
org.apache.catalina.session.StandardSession.passivate();org.apache.catalina.Manager;2;3;3;0.9367;558;58;26;1;0;0.9756;34;34;0
org.apache.jasper.compiler.Dumper.DumpVisitor.visit(Node.NamedAttribute);org.apache.jasper.compiler.Node;1;3;0;0.8929;122;27;1;0;1;0.9667;170;7;15
org.apache.catalina.core.AsyncContextImpl.dispatch(ServletContext, String);org.apache.juli.logging.Log;1;3;4;0.8421;244;21;12;0;0;1.0000;18;18;0
org.apache.catalina.util.ExtensionValidator.addSystemResource(File);org.apache.catalina.util.ManifestResource;1;1;1;1.0000;182;6;4;0;1;1.0000;100;8;7
org.apache.jasper.xmlparser.UTF8Reader.read(char, int, int);org.apache.juli.logging.Log;0;3;6;0.5556;356;11;7;2;0;0.9231;18;18;0
org.apache.catalina.manager.ManagerServlet.uploadWar(HttpServletRequest, File);org.apache.tomcat.util.ExceptionUtils;0;0;0;0;0;0;0;0;0;0;0;0;0
org.apache.tomcat.util.buf.MessageBytes.duplicate(MessageBytes);org.apache.tomcat.util.buf.CharChunk;0;1;7;0.8958;402;31;17;3;0;0.9464;393;39;8
org.apache.catalina.core.ApplicationDispatcher.doInclude(ServletRequest, ServletResponse, DispatcherType);org.apache.catalina.core.ApplicationHttpRequest;3;5;6;0.6071;419;14;10;1;2;0.9483;325;29;17
org.apache.catalina.connector.CoyoteAdapter.event(org.apache.coyote.Request, org.apache.coyote.Response, SocketStatus);org.apache.catalina.connector.Connector;8;0;4;0.9375;505;11;8;1;0;0.9913;455;59;40
org.apache.catalina.startup.HostConfig.stop();org.apache.tomcat.util.modeler.Registry;1;1;5;0.9184;755;35;15;2;0;0.9796;446;36;10
org.apache.catalina.session.ManagerBase.getCreationTime(String);org.apache.catalina.Session;0;0;2;0.9762;489;55;31;1;0;0.9722;32;32;4
org.apache.catalina.core.ContainerBase.backgroundProcess();org.apache.catalina.Realm;2;0;9;0.9278;603;62;29;1;0;0.9655;14;14;0
org.apache.coyote.http11.Http11Protocol.Http11ConnectionHandler.register(Http11Processor);org.apache.coyote.Request;4;0;3;0.8235;91;4;4;0;1;0.9844;219;17;34
org.apache.catalina.ha.session.SimpleTcpReplicationManager.setPrintToScreen(boolean);org.apache.juli.logging.Log;0;0;2;0.9714;362;17;17;2;0;0.8947;18;18;0
org.apache.catalina.authenticator.SingleSignOnEntry.addSession(SingleSignOn, Session);org.apache.catalina.Session;0;0;1;0.9412;49;9;6;1;0;0.9697;32;32;4
org.apache.catalina.connector.Response.addDateHeader(String, long);org.apache.tomcat.util.http.FastHttpDateFormat;1;2;2;0.9540;578;70;19;1;0;1.0000;85;6;8
org.apache.catalina.core.ApplicationContextFacade.createListener(Class<T>);org.apache.catalina.core.ApplicationContext;0;0;0;0;0;0;0;0;0;0;0;0;0
org.apache.jasper.compiler.Generator.generateTagHandlerAttributes(TagInfo);org.apache.jasper.JspCompilationContext;1;2;2;0.9091;781;28;16;0;1;0.9861;420;31;31
org.apache.catalina.connector.Response.reset();org.apache.catalina.connector.OutputBuffer;0;0;6;0.9326;578;70;19;1;0;0.9787;207;25;15
org.apache.jasper.compiler.Parser.parseTagDependentBody(Node, String);org.apache.jasper.compiler.JspReader;0;0;3;0.9559;1203;56;14;3;0;0.9250;322;25;9
org.apache.catalina.startup.UserConfig.deploy();org.apache.juli.logging.Log;1;1;3;0.8636;89;10;8;3;0;0.8800;18;18;0
org.apache.catalina.core.ApplicationJspPropertyGroupDescriptor.getElIgnored();org.apache.catalina.deploy.JspPropertyGroup;0;0;0;0;0;0;0;0;0;0;0;0;0
org.apache.catalina.connector.RequestFacade.getHeaderNames();org.apache.tomcat.util.res.StringManager;2;0;2;0.9865;462;73;2;0;0;1.0000;36;3;3
org.apache.catalina.core.StandardContext.getServlets();org.apache.catalina.Container;0;0;0;1.0000;2385;204;107;0;0;1.0000;34;34;6
org.apache.catalina.core.StandardContext.addInjectionTarget(Injectable, Map<String,Map<String,String>>);org.apache.catalina.deploy.InjectionTarget;1;0;0;1.0000;2385;204;107;0;2;0.6667;18;0;2
org.apache.catalina.valves.PersistentValve.invoke(Request, Response);org.apache.catalina.Valve;1;1;1;0.9655;76;3;2;1;0;0.9697;6;6;0
org.apache.catalina.tribes.transport.bio.BioReplicationTask.execute(ObjectReader);org.apache.juli.logging.Log;1;1;1;0.9444;92;6;3;1;0;0.9643;18;18;0
org.apache.catalina.manager.ManagerServlet.sessions(PrintWriter, String, int);org.apache.catalina.Manager;1;0;3;0.9592;913;34;13;2;0;0.9500;34;34;0
org.apache.catalina.core.StandardContext.stopInternal();org.apache.juli.logging.Log;0;0;0;0;0;0;0;0;0;0;0;0;0
org.apache.catalina.mbeans.ServerLifecycleListener.destroyMBeans(Server);org.apache.juli.logging.Log;0;2;1;0.9459;569;32;2;2;0;0.9130;18;18;0
org.apache.catalina.tribes.group.interceptors.TcpPingInterceptor.sendPing();org.apache.catalina.tribes.group.interceptors.TcpFailureDetector;0;1;3;0.7333;78;6;10;1;0;0.9643;227;15;10
org.apache.tomcat.util.http.mapper.Mapper.internalMapExactWrapper(Wrapper[], CharChunk, MappingData);org.apache.tomcat.util.buf.MessageBytes;1;1;0;1.0000;816;39;4;1;0;0.9796;402;31;17
org.apache.tomcat.util.http.mapper.Mapper.internalMapExtensionWrapper(Wrapper[], CharChunk, MappingData);org.apache.tomcat.util.buf.CharChunk;2;1;0;1.0000;816;39;4;1;3;0.9259;393;39;8
org.apache.jasper.compiler.Generator.generateDeclarations(Node.Nodes);org.apache.jasper.compiler.Node.Nodes;4;1;1;0.9815;781;28;16;1;0;0.9643;43;5;3
org.apache.tomcat.util.digester.ObjectCreateRule.begin(String, String, Attributes);org.apache.juli.logging.Log;2;0;2;0.8667;43;3;2;2;0;0.9200;18;18;0
org.apache.catalina.tribes.group.interceptors.NonBlockingCoordinator.handleViewConf(CoordinationMessage, Member, Membership);org.apache.catalina.tribes.group.AbsoluteOrder.AbsoluteComparator;1;5;5;0.8113;352;38;14;1;0;0.9524;45;7;0
org.apache.catalina.startup.Embedded.createConnector(String, int, String);org.apache.catalina.connector.Connector;1;0;1;1.0000;372;34;11;2;1;0.9684;455;59;40
org.apache.coyote.http11.Http11AprProtocol.Http11ConnectionHandler.process(long);org.apache.coyote.ActionCode;3;1;3;0.7647;119;5;5;0;1;1.0000;6;0;26
org.apache.catalina.ha.jmx.ClusterJmxHelper.getManagedBean(Object);org.apache.tomcat.util.modeler.Registry;0;0;1;1.0000;82;7;4;1;0;0.9767;446;36;10
org.apache.coyote.http11.Http11NioProcessor.event(SocketStatus);org.apache.coyote.Constants;6;1;10;0.8816;954;28;38;0;2;1.0000;0;0;14
org.apache.tomcat.util.net.NioChannel.getAttachment(boolean);org.apache.tomcat.util.net.NioEndpoint.Poller;1;0;2;0.9000;83;15;5;0;1;0.9600;395;15;7
org.apache.tomcat.util.net.AprEndpoint.SocketEventProcessor.run();org.apache.tomcat.jni.Socket;2;0;2;0.6667;10;1;2;1;0;1.0000;37;37;34
org.apache.catalina.authenticator.FormAuthenticator.matchRequest(Request);org.apache.catalina.authenticator.SavedRequest;1;0;0;1.0000;232;8;3;1;0;0.9630;67;15;9
org.apache.jasper.compiler.Node.TemplateText.accept(Visitor);org.apache.jasper.compiler.Node.Visitor;0;0;0;1.0000;42;5;1;1;0;0.9714;126;35;0
org.apache.catalina.session.ManagerBase.getEntropy();org.apache.catalina.util.Base64;0;1;1;0.9753;489;55;31;0;0;1.0000;120;5;10
org.apache.el.parser.AstDeferredExpression.setValue(EvaluationContext, Object);org.apache.el.parser.Node;0;0;0;1.0000;15;4;0;1;0;0.9375;15;15;0
org.apache.catalina.connector.Request.recycle();org.apache.catalina.util.ParameterMap;3;0;36;0.8011;1084;128;51;1;1;0.9623;34;5;2
org.apache.catalina.tribes.group.interceptors.NonBlockingCoordinator.sendElectionMsgToNextInline(MemberImpl, CoordinationMessage);org.apache.juli.logging.Log;0;1;0;0.9804;352;38;14;1;0;0.9524;18;18;0
org.apache.jasper.compiler.Validator.ValidateVisitor.validateFunctions(ELNode.Nodes, Node);org.apache.jasper.compiler.ELNode.Function;4;1;2;0.9412;710;36;19;0;4;0.7647;37;1;6
org.apache.jasper.compiler.TagFileProcessor.TagFileLoaderVisitor.visit(Node.CustomTag);org.apache.jasper.compiler.PageInfo;2;0;2;0.8182;21;1;2;1;0;0.9881;319;30;44
org.apache.catalina.servlets.CGIServlet.CGIEnvironment.setupFromRequest(HttpServletRequest);org.apache.catalina.Globals;2;0;4;0.8095;305;9;11;0;5;1.0000;0;0;39
org.apache.tomcat.util.net.AprEndpoint.Sendfile.add(SendfileData);org.apache.tomcat.util.res.StringManager;4;0;1;0.9500;187;5;6;1;0;0.9333;36;3;3
org.apache.jasper.compiler.Generator.GenerateVisitor.visit(Node.PlugIn);org.apache.jasper.compiler.Generator;10;3;1;0.9487;1737;45;16;2;1;0.9828;781;28;16
org.apache.catalina.connector.Response.doIsEncodeable(Request, Session, String);org.apache.tomcat.util.net.URL;1;1;0;0.9896;578;70;19;4;0;0.8857;298;17;9
org.apache.tomcat.util.bcel.classfile.ConstantValue.toString();org.apache.tomcat.util.bcel.Constants;0;0;0;0;0;0;0;0;0;0;0;0;0
org.apache.catalina.connector.RequestFacade.getRealPath(String);org.apache.tomcat.util.res.StringManager;1;0;2;0.9865;462;73;2;0;0;1.0000;36;3;3
org.apache.catalina.core.ApplicationContextFacade.getJspConfigDescriptor();org.apache.catalina.core.ApplicationContext;0;0;0;0;0;0;0;0;0;0;0;0;0
org.apache.catalina.ha.authenticator.ClusterSingleSignOn.update(String, Principal, String, String, String);org.apache.catalina.ha.CatalinaCluster;1;1;2;0.8889;149;16;4;2;0;0.9355;20;20;1
org.apache.catalina.session.StandardSession.setAttribute(String, Object, boolean);org.apache.catalina.Container;1;4;3;0.9259;558;58;26;1;0;0.9773;34;34;6
org.apache.catalina.connector.InputBuffer.mark(int);org.apache.tomcat.util.res.StringManager;2;0;5;0.8974;210;19;17;0;0;1.0000;36;3;3
org.apache.catalina.connector.Request.doGetSession(boolean);org.apache.tomcat.util.res.StringManager;2;4;7;0.9451;1084;128;51;0;0;1.0000;36;3;3
org.apache.catalina.servlets.DefaultServlet.renderHtml(String, CacheEntry);org.apache.naming.resources.ProxyDirContext;3;3;2;0.9286;994;37;18;2;0;0.9773;469;64;15
org.apache.tomcat.util.bcel.classfile.Field.equals(Object);org.apache.tomcat.util.bcel.util.BCELComparator;0;0;0;0;0;0;0;0;0;0;0;0;0
org.apache.tomcat.util.net.NioEndpoint.Poller.run();org.apache.tomcat.util.net.NioEndpoint;1;3;4;0.7879;395;15;7;2;7;0.9358;629;43;64
org.apache.catalina.ha.session.SerializablePrincipal.createPrincipal(GenericPrincipal);org.apache.catalina.realm.GenericPrincipal;0;0;0;1.0000;84;9;7;5;0;0.6667;56;7;5
org.apache.jasper.compiler.Validator.ValidateVisitor.visit(Node.ELExpression);org.apache.jasper.compiler.Node;4;1;3;0.9130;710;36;19;0;1;0.9714;170;7;15
org.apache.catalina.realm.UserDatabaseRealm.startInternal();org.apache.catalina.core.StandardServer;0;0;0;0;0;0;0;0;0;0;0;0;0
org.apache.catalina.ha.deploy.FarmWarDeployer.start();org.apache.catalina.Host;0;0;11;0.8077;376;28;17;1;0;0.9737;20;20;2
org.apache.jasper.compiler.Generator.GenerateVisitor.visit(Node.UseBean);org.apache.jasper.compiler.ServletWriter;7;0;1;0.9877;1737;45;16;7;1;0.7419;65;13;6
org.apache.catalina.startup.UserConfig.deploy();org.apache.tomcat.util.res.StringManager;1;1;3;0.8636;89;10;8;0;0;1.0000;36;3;3
org.apache.tomcat.util.digester.FactoryCreateRule.end(String, String);org.apache.tomcat.util.digester.ArrayStack;1;0;2;0.9310;114;5;5;2;0;0.8889;53;6;1
org.apache.catalina.tribes.transport.bio.PooledMultiSender.sendMessage(Member[], ChannelMessage);org.apache.catalina.tribes.transport.DataSender;0;0;0;1.0000;25;2;0;1;0;0.9333;11;11;0
org.apache.catalina.core.StandardWrapper.unload();org.apache.catalina.Context;4;1;10;0.9091;712;75;32;1;0;0.9930;125;125;1
org.apache.tomcat.util.net.NioEndpoint.Acceptor.run();org.apache.tomcat.util.res.StringManager;1;0;0;1.0000;50;1;0;1;0;0.9286;36;3;3
org.apache.jasper.compiler.ErrorDispatcher.jspError(Node, String, String, Exception);org.apache.jasper.compiler.Node;1;1;0;0.9524;158;22;2;0;1;0.9643;170;7;15
org.apache.catalina.startup.Embedded.addEngine(Engine);org.apache.catalina.Lifecycle;0;0;3;0.9592;372;34;11;1;0;0.9167;5;5;9
org.apache.catalina.ha.tcp.ReplicationValve.resetDeltaRequest(Session);org.apache.catalina.Container;1;0;2;1.0000;283;17;17;1;0;0.9744;34;34;6
org.apache.coyote.http11.InternalNioOutputBuffer.isWritable();org.apache.tomcat.util.MutableInteger;1;0;1;0.9767;294;26;16;0;1;0.6667;11;0;1
org.apache.catalina.tribes.group.interceptors.MessageDispatchInterceptor.addToQueue(ChannelMessage, Member[], InterceptorPayload);org.apache.catalina.tribes.transport.bio.util.FastQueue;0;0;1;0.9500;138;12;8;1;0;0.9615;172;11;14
org.apache.catalina.mbeans.ServerLifecycleListener.createMBeans(Server);org.apache.catalina.core.StandardServer;0;2;1;0.9474;569;32;2;1;0;0.9828;331;32;21
org.apache.catalina.connector.Request.getDecodedRequestURI();org.apache.tomcat.util.buf.MessageBytes;1;0;1;0.9943;1084;128;51;1;0;0.9778;402;31;17
org.apache.jasper.compiler.Generator.generateXmlProlog(Node.Nodes);org.apache.jasper.compiler.JspUtil;4;0;3;0.9388;781;28;16;1;0;1.0000;693;44;8
org.apache.coyote.http11.Http11AprProcessor.asyncDispatch(long, SocketStatus);org.apache.tomcat.util.res.StringManager;0;0;0;0;0;0;0;0;0;0;0;0;0
org.apache.catalina.tribes.group.ChannelInterceptorBase.memberAdded(Member);org.apache.catalina.tribes.MembershipListener;0;0;1;0.9444;66;14;4;1;0;0.6667;2;2;0
org.apache.catalina.realm.UserDatabaseRealm.hasRole(Principal, String);org.apache.catalina.realm.GenericPrincipal;0;0;1;0.9286;92;6;5;1;0;0.9524;56;7;5
org.apache.catalina.tribes.io.ObjectReader.append(byte[], int, int, boolean);org.apache.catalina.tribes.io.XByteBuffer;0;0;1;0.9412;71;9;5;2;0;0.9200;317;36;7
org.apache.tomcat.util.modeler.BaseModelMBean.invoke(String, Object, String);org.apache.tomcat.util.modeler.ManagedBean;0;0;3;0.9459;284;28;9;1;0;0.9744;252;23;13
org.apache.juli.logging.LogFactory.getInstance(String);org.apache.juli.logging.DirectJDKLog;0;0;0;1.0000;50;12;6;1;0;1.0000;81;21;3
org.apache.jasper.compiler.JspDocumentParser.endElement(String, String, String);org.apache.jasper.compiler.Node.Nodes;4;2;5;0.8824;649;28;20;3;0;0.8636;43;5;3
org.apache.jasper.compiler.Generator.generatePreamble(Node.Nodes);org.apache.jasper.Constants;4;6;3;0.8545;781;28;16;0;1;1.0000;0;0;34
org.apache.coyote.ajp.AjpProcessor.SocketOutputBuffer.doWrite(ByteChunk, Response);org.apache.tomcat.util.buf.ByteChunk;5;0;0;1.0000;27;1;0;2;1;0.9500;425;43;10
org.apache.catalina.core.StandardWrapper.getWebModuleKeyProperties();org.apache.catalina.Container;0;0;0;0;0;0;0;0;0;0;0;0;0
org.apache.coyote.http11.filters.SavedRequestInputFilter.available();org.apache.tomcat.util.buf.ByteChunk;0;0;1;0.8750;34;7;1;1;0;0.9792;425;43;10
org.apache.tomcat.util.net.AbstractEndpoint.getCurrentThreadsBusy();org.apache.tomcat.util.threads.ThreadPoolExecutor;0;0;0;0;0;0;0;0;0;0;0;0;0
org.apache.tomcat.util.net.AprEndpoint.Sendfile.remove(SendfileData);org.apache.tomcat.util.net.AprEndpoint.SendfileData;2;0;3;0.7273;187;5;6;0;1;0.9091;0;0;8
org.apache.catalina.core.StandardContext.bindThread();org.apache.catalina.Loader;0;1;0;0.9968;2385;204;107;1;0;0.9412;14;14;0
org.apache.el.parser.ELParser.jj_3R_33();org.apache.el.parser.ELParserConstants;1;1;0;0.9924;2195;111;22;0;1;0.9828;0;0;57
org.apache.catalina.tribes.group.GroupChannel.setMembershipService(MembershipService);org.apache.catalina.tribes.group.ChannelCoordinator;0;0;1;0.9697;268;24;8;1;0;0.9565;164;15;5
org.apache.catalina.filters.RequestFilter.processCometEvent(String, CometEvent, CometFilterChain);org.apache.catalina.comet.CometEvent;0;0;0;0;0;0;0;0;0;0;0;0;0
org.apache.catalina.session.PersistentManagerBase.PrivilegedStoreSave.run();org.apache.catalina.Store;1;0;1;0.6667;7;1;1;1;0;0.9231;11;11;0
org.apache.catalina.connector.Request.recycle();org.apache.catalina.connector.Connector;3;0;36;0.8011;1084;128;51;0;1;1.0000;455;59;40
org.apache.catalina.core.NamingContextListener.removeResourceEnvRef(String);org.apache.juli.logging.Log;1;0;3;0.9375;745;23;11;1;0;0.9500;18;18;0
org.apache.catalina.ha.authenticator.ClusterSingleSignOn.deregister(String, Session);org.apache.catalina.ha.CatalinaCluster;1;1;2;0.8929;149;16;4;2;0;0.9375;20;20;1
org.apache.catalina.tribes.transport.bio.MultipointBioSender.sendMessage(Member[], ChannelMessage);org.apache.catalina.tribes.io.XByteBuffer;1;1;0;0.9286;93;9;2;1;0;1.0000;317;36;7
org.apache.coyote.http11.Http11NioProcessor.action(ActionCode, Object);org.apache.coyote.http11.InputFilter;12;1;19;0.8269;954;28;38;1;0;0.9844;7;7;0
org.apache.tomcat.util.net.JIoEndpoint.processSocket(SocketWrapper<Socket>, SocketStatus);org.apache.catalina.Globals;0;0;0;0;0;0;0;0;0;0;0;0;0
org.apache.jasper.compiler.Generator.genCommonPostamble();org.apache.jasper.compiler.ServletWriter;1;0;4;0.9130;781;28;16;3;1;0.8519;65;13;6
org.apache.catalina.loader.WebappLoader.startInternal();org.apache.catalina.mbeans.MBeanUtils;0;0;0;0;0;0;0;0;0;0;0;0;0
org.apache.catalina.tribes.membership.McastService.setLocalMemberProperties(String, int, int, int);org.apache.catalina.tribes.util.UUIDGenerator;0;0;4;0.9429;345;53;13;1;0;1.0000;26;3;6
org.apache.tomcat.util.net.AprEndpoint.Sendfile.destroy();org.apache.tomcat.jni.Poll;2;0;5;0.5833;187;5;6;1;0;1.0000;9;9;11
org.apache.catalina.session.JDBCStore.save(Session);org.apache.catalina.Container;1;6;9;0.7727;495;34;23;1;0;0.9833;34;34;6
org.apache.catalina.loader.WebappLoader.setClassPath();org.apache.catalina.Context;2;1;4;0.9310;548;39;19;1;0;0.9924;125;125;1
org.apache.catalina.authenticator.FormAuthenticator.savedRequestURL(Session);org.apache.catalina.authenticator.SavedRequest;1;0;0;1.0000;232;8;3;2;0;0.9200;67;15;9
org.apache.catalina.core.StandardContext.setResources(DirContext);org.apache.tomcat.util.res.StringManager;3;0;8;0.9748;2385;204;107;0;0;1.0000;36;3;3
org.apache.catalina.core.StandardContext.addResourceJarUrl(URL);org.apache.juli.logging.Log;0;0;0;0;0;0;0;0;0;0;0;0;0
org.apache.jasper.compiler.Validator.ValidateVisitor.visit(Node.UninterpretedTag);org.apache.jasper.compiler.ErrorDispatcher;3;1;1;0.9574;710;36;19;1;0;0.9643;158;22;2
org.apache.catalina.mbeans.NamingResourcesMBean.getResources();org.apache.catalina.mbeans.MBeanUtils;0;0;1;0.9286;138;9;2;1;0;1.0000;853;61;5
org.apache.catalina.ha.session.DeltaManager.handleSESSION_CREATED(SessionMessage, Member);org.apache.catalina.ha.session.DeltaSession;3;1;5;0.9583;826;43;42;4;1;0.9194;379;41;7
org.apache.catalina.valves.CometConnectionManagerValve.invoke(Request, Response);org.apache.catalina.connector.Request;1;0;2;0.9000;146;11;6;1;1;0.9888;1084;128;51
org.apache.catalina.session.JDBCStore.keys();org.apache.juli.logging.Log;1;5;5;0.8305;495;34;23;1;0;0.9688;18;18;0
org.apache.jasper.compiler.JspDocumentParser.endElement(String, String, String);org.apache.jasper.compiler.TagConstants;4;2;5;0.8824;649;28;20;0;1;1.0000;0;0;57
org.apache.catalina.core.ContainerBase.backgroundProcess();org.apache.juli.logging.Log;2;0;9;0.9278;603;62;29;1;0;0.9697;18;18;0
org.apache.catalina.util.LifecycleBase.addLifecycleListener(LifecycleListener);org.apache.catalina.util.LifecycleSupport;0;0;0;0;0;0;0;0;0;0;0;0;0
org.apache.catalina.connector.Request.getLocalAddr();org.apache.coyote.Request;2;0;2;0.9886;1084;128;51;1;1;0.9636;219;17;34
org.apache.coyote.http11.Http11AprProtocol.setSSLCertificateChainFile(String);org.apache.tomcat.util.net.AprEndpoint;1;0;1;0.9901;387;76;26;0;1;0.9875;629;27;59
org.apache.coyote.ajp.AjpProcessor.action(ActionCode, Object);org.apache.juli.logging.Log;6;3;11;0.7857;570;12;32;1;0;0.9783;18;18;0
org.apache.catalina.tribes.group.interceptors.TwoPhaseCommitInterceptor.sendMessage(Member[], ChannelMessage, InterceptorPayload);org.apache.catalina.tribes.ChannelMessage;0;0;3;0.9286;69;3;6;5;0;0.6875;11;11;0
org.apache.jasper.compiler.Generator.GenerateVisitor.visit(Node.PlugIn);org.apache.jasper.Constants;10;3;1;0.9487;1737;45;16;0;2;1.0000;0;0;34
org.apache.catalina.session.ManagerBase.getLastAccessedTime(String);org.apache.catalina.Session;0;0;2;0.9762;489;55;31;1;0;0.9722;32;32;4
org.apache.coyote.ajp.AjpProcessor.action(ActionCode, Object);org.apache.tomcat.util.res.StringManager;6;3;11;0.7857;570;12;32;1;0;0.9697;36;3;3
org.apache.catalina.connector.RequestFacade.setAttribute(String, Object);org.apache.tomcat.util.res.StringManager;1;0;2;0.9865;462;73;2;0;0;1.0000;36;3;3
org.apache.tomcat.util.bcel.classfile.Attribute.toString();org.apache.tomcat.util.bcel.Constants;0;0;0;0;0;0;0;0;0;0;0;0;0
org.apache.el.parser.AstValue.getMethodInfo(EvaluationContext, Class[]);org.apache.el.util.ReflectionUtil;0;1;0;0.9000;103;8;1;1;0;1.0000;87;7;3
org.apache.naming.NamingContext.getNameInNamespace();org.apache.naming.StringManager;0;0;1;0.9737;282;32;6;1;0;0.8889;65;7;2
org.apache.jasper.compiler.PageDataImpl.SecondPassVisitor.visit(Node.ELExpression);org.apache.jasper.compiler.TagConstants;3;0;3;0.9400;307;41;6;0;2;1.0000;0;0;57
org.apache.tomcat.util.digester.ObjectCreateRule.end(String, String);org.apache.juli.logging.Log;1;0;0;1.0000;43;3;2;2;0;0.9091;18;18;0
org.apache.tomcat.util.scan.StandardJarScanner.getJarName(URL);org.apache.tomcat.util.scan.Constants;0;0;0;0;0;0;0;0;0;0;0;0;0
org.apache.coyote.http11.InternalInputBuffer.fill(boolean);org.apache.tomcat.util.res.StringManager;0;0;0;0;0;0;0;0;0;0;0;0;0
org.apache.jasper.runtime.PerThreadTagHandlerPool.init(ServletConfig);org.apache.jasper.Constants;1;0;2;0.7143;60;4;3;0;1;1.0000;0;0;34
org.apache.catalina.core.ApplicationFilterFactory.matchDispatcher(FilterMap, DispatcherType);org.apache.catalina.deploy.FilterMap;0;0;0;0;0;0;0;0;0;0;0;0;0
org.apache.tomcat.util.net.AprEndpoint.Acceptor.run();org.apache.tomcat.util.res.StringManager;1;0;0;1.0000;20;1;0;1;0;0.9000;36;3;3
org.apache.catalina.connector.Request.getParameterMap();org.apache.catalina.util.ParameterMap;1;2;1;0.9828;1084;128;51;1;1;0.8462;34;5;2
org.apache.catalina.manager.ManagerServlet.save(PrintWriter, String);org.apache.catalina.Service;1;0;2;0.9796;913;34;13;1;0;0.9524;15;15;0
org.apache.catalina.mbeans.MBeanFactory.createSingleSignOn(String);org.apache.catalina.Pipeline;1;1;0;0.9730;432;35;2;0;0;1.0000;6;6;0
org.apache.coyote.http11.Http11AprProcessor.prepareResponse();org.apache.coyote.http11.AbstractOutputBuffer;0;0;0;0;0;0;0;0;0;0;0;0;0
org.apache.catalina.connector.InputBuffer.available();org.apache.coyote.Request;2;0;6;0.8421;210;19;17;1;1;0.9667;219;17;34
org.apache.catalina.core.StandardService.setContainer(Container);org.apache.catalina.Engine;1;0;4;0.9149;313;29;18;1;0;0.9231;6;6;0
org.apache.jasper.compiler.PageDataImpl.SecondPassVisitor.visit(Node.ELExpression);org.apache.jasper.compiler.Node.Root;3;0;3;0.9400;307;41;6;0;1;0.9375;56;2;8
org.apache.tomcat.util.http.fileupload.DeferredFileOutputStream.thresholdReached();org.apache.tomcat.util.http.fileupload.ByteArrayOutputStream;0;0;0;0;0;0;0;0;0;0;0;0;0
org.apache.catalina.manager.host.HostManagerServlet.doGet(HttpServletRequest, HttpServletResponse);org.apache.tomcat.util.res.StringManager;2;5;1;0.7368;301;13;8;0;0;1.0000;36;3;3
org.apache.catalina.core.ApplicationDispatcher.doInclude(ServletRequest, ServletResponse, DispatcherType);org.apache.catalina.Context;3;5;6;0.6071;419;14;10;1;0;0.9929;125;125;1
org.apache.jasper.servlet.JspServlet.init(ServletConfig);org.apache.jasper.compiler.Localizer;0;0;5;0.7222;173;10;5;2;0;1.0000;34;6;1
org.apache.tomcat.util.modeler.modules.MbeansDescriptorsIntrospectionSource.createManagedBean(Registry, String, Class<?>, String);org.apache.tomcat.util.modeler.ManagedBean;4;0;1;1.0000;194;7;10;3;0;0.9333;252;23;13
org.apache.catalina.deploy.WebXml.configureContext(Context);org.apache.catalina.deploy.SessionConfig;0;0;0;0;0;0;0;0;0;0;0;0;0
org.apache.catalina.tribes.transport.nio.ParallelNioSender.sendMessage(Member[], ChannelMessage);org.apache.catalina.tribes.Channel;2;5;1;0.7500;246;12;4;0;2;1.0000;15;15;13
org.apache.jasper.compiler.SmapUtil.SmapGenVisitor.visit(Node.TemplateText);org.apache.jasper.compiler.SmapUtil;3;0;2;0.9394;149;23;3;1;0;1.0000;68;4;1
org.apache.catalina.startup.ServiceQnameRule.body(String, String, String);org.apache.tomcat.util.digester.Digester;0;0;0;1.0000;15;1;0;2;0;0.9853;849;103;29
org.apache.tomcat.util.digester.CallMethodRule.setDigester(Digester);org.apache.juli.logging.Log;1;0;2;0.9200;206;7;7;1;0;0.9565;18;18;0
org.apache.tomcat.util.buf.StringCache.toString(ByteChunk);org.apache.juli.logging.Log;1;2;10;1.0000;363;13;14;2;0;0.9286;18;18;0
org.apache.catalina.tribes.transport.nio.ParallelNioSender.doLoop(long, int, boolean, ChannelMessage);org.apache.catalina.tribes.util.Logs;2;0;2;0.9722;246;12;4;0;1;1.0000;0;0;1
org.apache.coyote.http11.Http11NioProtocol.Http11ConnectionHandler.release(SocketChannel);org.apache.tomcat.util.net.NioChannel;2;1;1;0.8750;166;8;6;0;1;0.9600;83;15;5
org.apache.catalina.connector.ResponseFacade.encodeRedirectURL(String);org.apache.catalina.connector.Response;1;0;2;0.9756;224;40;2;1;0;0.9888;578;70;19
org.apache.jasper.compiler.TagHandlerPoolVisitor.createTagHandlerPoolName(String, String, Attributes, Node.Nodes, boolean);org.apache.jasper.compiler.Node.Nodes;2;0;0;1.0000;37;2;1;2;0;0.8182;43;5;3
org.apache.catalina.tribes.io.ObjectReader.append(ByteBuffer, int, boolean);org.apache.catalina.tribes.io.XByteBuffer;0;0;1;0.9412;71;9;5;2;0;0.9200;317;36;7
org.apache.catalina.connector.Request.getDecodedRequestURIMB();org.apache.coyote.Request;1;0;1;0.9942;1084;128;51;0;1;0.9811;219;17;34
org.apache.catalina.ssi.SSIExec.process(SSIMediator, String, String[], String[], PrintWriter);org.apache.catalina.util.IOTools;1;0;2;0.8000;35;1;2;1;0;1.0000;22;4;1
org.apache.tomcat.util.modeler.BaseModelMBean.removeNotificationListener(NotificationListener);org.apache.tomcat.util.modeler.BaseNotificationBroadcaster;0;0;1;0.9706;284;28;9;1;0;0.8750;54;6;1
org.apache.tomcat.util.net.AprEndpoint.allocatePoller(int, long, int);org.apache.juli.logging.Log;2;0;2;1.0000;629;27;59;2;0;0.9000;18;18;0
org.apache.catalina.connector.RequestFacade.getRequestURL();org.apache.catalina.connector.Request;1;0;2;0.9865;462;73;2;1;0;0.9943;1084;128;51
org.apache.coyote.http11.Http11AprProtocol.start();org.apache.tomcat.util.res.StringManager;1;1;7;0.9444;387;76;26;1;0;0.9444;36;3;3
org.apache.catalina.connector.Response.recycle();org.apache.catalina.connector.CoyoteOutputStream;2;0;11;0.8804;578;70;19;1;0;0.9565;24;7;1
org.apache.catalina.ha.session.DeltaManager.handleSESSION_DELTA(SessionMessage, Member);org.apache.catalina.ha.session.SessionMessage;2;1;5;0.9556;826;43;42;2;0;0.8750;5;5;7
org.apache.catalina.authenticator.FormAuthenticator.forwardToErrorPage(Request, HttpServletResponse, LoginConfig);org.apache.catalina.Globals;0;0;0;0;0;0;0;0;0;0;0;0;0
org.apache.coyote.http11.Http11NioProcessor.process(NioChannel);org.apache.coyote.http11.AbstractInputBuffer;0;0;0;0;0;0;0;0;0;0;0;0;0
org.apache.el.parser.ELParser.Function();org.apache.el.parser.ELParserTreeConstants;4;4;4;0.9481;2195;111;22;0;1;0.9844;0;0;34
org.apache.coyote.http11.Http11NioProcessor.recycle();org.apache.coyote.http11.InternalNioOutputBuffer;0;0;11;0.8333;954;28;38;1;0;0.9818;294;26;16
org.apache.catalina.connector.CometEventImpl.getHttpServletResponse();org.apache.catalina.connector.Response;0;0;1;0.9091;54;6;5;1;0;0.9888;578;70;19
org.apache.catalina.tribes.transport.nio.NioReplicationTask.registerForRead(SelectionKey, ObjectReader);org.apache.catalina.tribes.transport.nio.NioReceiver;0;0;2;0.9333;197;7;5;1;0;0.9600;269;15;8
org.apache.catalina.loader.WebappLoader.stopInternal();org.apache.catalina.Globals;0;0;0;0;0;0;0;0;0;0;0;0;0
org.apache.catalina.ha.session.DeltaSession.getClassLoaders();org.apache.catalina.ha.session.ClusterManagerBase;0;0;0;1.0000;379;41;7;2;0;0.8333;23;4;0
org.apache.catalina.startup.Tool.usage();org.apache.juli.logging.Log;0;0;1;1.0000;86;2;6;1;0;0.9444;18;18;0
org.apache.jasper.compiler.ELNode.ELText.accept(Visitor);org.apache.jasper.compiler.ELNode.Visitor;0;0;0;1.0000;9;1;1;1;0;0.7500;9;4;0
org.apache.tomcat.util.http.fileupload.FileUploadBase.FileItemIteratorImpl.findNextItem();org.apache.tomcat.util.http.fileupload.FileItemHeaders;0;0;0;0;0;0;0;0;0;0;0;0;0
org.apache.jasper.JspC.initClassLoader(JspCompilationContext);org.apache.juli.logging.Log;0;1;4;0.9512;840;35;81;1;0;0.9565;18;18;0
org.apache.catalina.core.ApplicationContextFacade.getAttribute(String);org.apache.catalina.core.ApplicationContext;0;1;1;0.9600;426;46;3;1;0;0.9828;460;47;13
org.apache.catalina.tribes.transport.bio.MultipointBioSender.sendMessage(Member[], ChannelMessage);org.apache.catalina.tribes.transport.bio.BioSender;1;1;0;0.9286;93;9;2;1;0;0.9412;148;9;7
org.apache.catalina.authenticator.SingleSignOn.register(String, Principal, String, String, String);org.apache.juli.logging.Log;0;0;1;0.9615;187;18;8;2;0;0.9000;18;18;0
org.apache.catalina.session.JDBCStore.remove(String);org.apache.catalina.Container;1;5;5;0.8361;495;34;23;1;0;0.9800;34;34;6
org.apache.catalina.connector.Request.getParameterNames();org.apache.coyote.Request;1;1;2;0.9828;1084;128;51;0;1;0.9821;219;17;34
org.apache.catalina.core.ApplicationDispatcher.PrivilegedInclude.run();org.apache.catalina.core.ApplicationDispatcher;0;0;2;0.5000;8;1;2;1;0;0.9600;419;14;10
org.apache.coyote.http11.filters.ChunkedOutputFilter.end();org.apache.coyote.OutputBuffer;0;0;2;0.8750;38;4;6;1;0;0.5000;1;1;0
org.apache.catalina.mbeans.MBeanFactory.createRemoteAddrValve(String);org.apache.catalina.util.LifecycleMBeanBase;0;0;0;0;0;0;0;0;0;0;0;0;0
org.apache.catalina.connector.Response.isSuspended();org.apache.catalina.connector.OutputBuffer;1;0;1;0.9886;578;70;19;0;1;0.9756;207;25;15
org.apache.catalina.authenticator.FormAuthenticator.saveRequest(Request, Session);org.apache.tomcat.util.buf.ByteChunk;3;0;0;1.0000;232;8;3;0;1;0.9851;425;43;10
org.apache.catalina.users.MemoryGroup.getUsers();org.apache.catalina.users.MemoryUserDatabase;0;0;1;0.9167;74;8;2;1;0;0.9706;252;22;10
org.apache.jasper.compiler.ParserController.determineSyntaxAndEncoding(String, JarFile, String);org.apache.jasper.compiler.JspUtil;3;2;8;0.6875;284;13;13;1;0;1.0000;693;44;8
org.apache.catalina.ha.tcp.ReplicationValve.invoke(Request, Response);org.apache.catalina.ha.ClusterManager;1;3;5;0.8667;283;17;17;1;0;0.9706;15;15;0
org.apache.catalina.tribes.group.interceptors.TcpFailureDetector.memberDisappeared(Member);org.apache.catalina.tribes.Member;1;2;3;0.8462;227;15;10;1;1;0.9524;13;13;1
org.apache.catalina.startup.Embedded.createHost(String, String);org.apache.juli.logging.Log;0;0;1;1.0000;372;34;11;2;0;0.9000;18;18;0
org.apache.tomcat.util.net.AprEndpoint.init();org.apache.tomcat.jni.Error;7;0;29;0.6456;629;27;59;1;0;1.0000;14;3;2
org.apache.catalina.core.ApplicationContext.log(Exception, String);org.apache.catalina.core.ContainerBase;0;0;1;0.9825;460;47;13;1;0;0.9890;603;62;29
org.apache.catalina.session.JDBCStore.save(Session);org.apache.juli.logging.Log;1;6;9;0.7727;495;34;23;3;0;0.9286;18;18;0
org.apache.tomcat.util.digester.Digester.addRuleSet(RuleSet);org.apache.tomcat.util.digester.RuleSet;0;2;1;0.9779;849;103;29;2;0;0.7143;2;2;0
org.apache.jasper.servlet.JspServletWrapper.handleJspException(Exception);org.apache.jasper.compiler.JavacErrorDetail;4;1;2;0.9091;314;11;15;0;3;0.8235;88;2;6
org.apache.catalina.startup.ContextConfig.processAnnotationWebServlet(String, AnnotationEntry, WebXml);org.apache.tomcat.util.bcel.classfile.ElementValuePair;0;0;0;0;0;0;0;0;0;0;0;0;0
org.apache.coyote.http11.Http11NioProcessor.prepareResponse();org.apache.tomcat.util.net.NioEndpoint;7;2;12;0.8427;954;28;38;0;1;0.9926;629;43;64
org.apache.catalina.tribes.tipis.AbstractReplicatedMap.ping(long);org.apache.catalina.tribes.group.Response;2;2;6;0.8824;740;50;17;0;1;0.9333;18;0;2
org.apache.catalina.tribes.tipis.AbstractReplicatedMap.MapMessage.key(ClassLoader[]);org.apache.catalina.tribes.io.XByteBuffer;0;0;2;0.9130;159;12;20;1;0;1.0000;317;36;7
org.apache.tomcat.util.modeler.modules.MbeansSource.processAttribute(MBeanServer, Node, String);org.apache.juli.logging.Log;0;0;2;0.9583;198;11;10;4;0;0.8095;18;18;0
org.apache.jasper.compiler.SmapUtil.SmapGenVisitor.visit(Node.TemplateText);org.apache.jasper.compiler.SmapStratum;3;0;2;0.9394;149;23;3;2;0;0.8947;89;6;5
org.apache.jasper.compiler.Validator.ValidateVisitor.getJspAttribute(TagAttributeInfo, String, String, String, String, Node, boolean);org.apache.jasper.compiler.PageInfo;6;0;2;0.9630;710;36;19;0;3;0.9655;319;30;44
org.apache.jasper.compiler.JspReader.pushFile(String, String, InputStreamReader);org.apache.juli.logging.Log;0;3;5;0.8000;322;25;9;3;0;0.8929;18;18;0
org.apache.catalina.ha.session.DeltaManager.sendCreateSession(String, DeltaSession);org.apache.catalina.ha.CatalinaCluster;2;1;5;0.9535;826;43;42;1;0;0.9655;20;20;1
org.apache.tomcat.util.http.ServerCookie.recycle();org.apache.tomcat.util.buf.MessageBytes;0;0;8;0.3333;218;16;16;1;0;0.9804;402;31;17
org.apache.catalina.mbeans.NamingResourcesMBean.getResourceLinks();org.apache.catalina.mbeans.MBeanUtils;0;0;1;0.9286;138;9;2;1;0;1.0000;853;61;5
org.apache.catalina.core.ApplicationHttpRequest.AttributeNamesEnumerator.findNext();org.apache.catalina.core.ApplicationHttpRequest;0;0;1;0.8750;39;3;4;1;0;0.9778;325;29;17
org.apache.catalina.realm.RealmBase.findSecurityConstraints(Request, Context);org.apache.catalina.deploy.SecurityCollection;0;1;1;0.9846;688;39;24;2;0;0.9259;105;11;4
org.apache.el.parser.AstIdentifier.getMethodInfo(EvaluationContext, Class<?>[]);org.apache.el.lang.EvaluationContext;1;1;0;0.8750;78;7;0;0;1;0.9167;35;7;3
org.apache.catalina.session.StandardSession.activate();org.apache.catalina.Manager;2;3;5;0.9241;558;58;26;1;0;0.9762;34;34;0
org.apache.catalina.core.ApplicationDispatcher.include(ServletRequest, ServletResponse);org.apache.catalina.Globals;1;1;0;0.9545;419;14;10;0;1;1.0000;0;0;39
org.apache.catalina.core.ApplicationContextFacade.getServletContextName();org.apache.catalina.security.SecurityUtil;0;1;1;0.9600;426;46;3;1;0;1.0000;146;11;17
org.apache.jasper.compiler.Validator.ValidateVisitor.checkNamedAttributes(Node.CustomTag, Node.JspAttribute[], int, Hashtable<String,Object>);org.apache.jasper.compiler.Node.Nodes;3;0;1;0.9825;710;36;19;3;0;0.8750;43;5;3
org.apache.catalina.core.ApplicationContext.getResourceAsStream(String);org.apache.naming.resources.Resource;1;0;1;0.9825;460;47;13;1;0;0.8750;23;1;2
org.apache.jasper.compiler.Generator.TagHandlerPoolVisitor.visit(Node.CustomTag);org.apache.jasper.compiler.Node.CustomTag;3;0;0;1.0000;37;2;1;1;3;0.9091;229;10;26
org.apache.catalina.deploy.WebXml.configureContext(Context);org.apache.catalina.deploy.SecurityRoleRef;5;0;27;0.7453;1446;42;41;2;0;0.9710;23;3;2
org.apache.catalina.core.StandardContext.addResourceJarUrl(URL);org.apache.naming.resources.BaseDirContext;0;0;0;0;0;0;0;0;0;0;0;0;0
org.apache.catalina.ha.session.BackupManager.startInternal();org.apache.juli.logging.Log;0;0;0;0;0;0;0;0;0;0;0;0;0
org.apache.catalina.startup.CopyParentClassLoaderRule.begin(String, String, Attributes);org.apache.tomcat.util.digester.Digester;1;0;0;1.0000;10;1;0;1;1;0.9854;849;103;29
org.apache.tomcat.util.modeler.ManagedBean.getSetter(String, BaseModelMBean, Object);org.apache.tomcat.util.modeler.AttributeInfo;0;0;1;0.9714;252;23;13;1;0;0.9375;55;8;7
org.apache.tomcat.util.http.MimeHeaders.addValue(char, int, int);org.apache.tomcat.util.http.MimeHeaderField;1;1;0;0.9565;129;18;3;0;2;0.7500;13;1;4
org.apache.catalina.util.ExtensionValidator.validateManifestResources(String, ArrayList<ManifestResource>);org.apache.juli.logging.Log;3;1;4;1.0000;182;6;4;1;0;0.9565;18;18;0
org.apache.catalina.deploy.WebXml.setName(String);org.apache.juli.logging.Log;1;0;4;0.9853;1446;42;41;1;0;0.9474;18;18;0
org.apache.catalina.core.StandardHostValve.custom(Request, Response, ErrorPage);org.apache.catalina.Container;0;0;0;1.0000;149;7;3;1;0;0.9783;34;34;6
org.apache.tomcat.util.http.fileupload.FileUploadBase.getFieldName(String);org.apache.tomcat.util.http.fileupload.ParameterParser;0;0;0;0;0;0;0;0;0;0;0;0;0
org.apache.el.parser.ELParser.DotSuffix();org.apache.el.parser.SimpleNode;4;1;1;0.9855;2195;111;22;0;1;0.9630;82;15;4
org.apache.catalina.tribes.group.interceptors.NonBlockingCoordinator.memberDisappeared(Member);org.apache.catalina.tribes.membership.Membership;0;4;2;0.8846;352;38;14;1;0;0.9655;136;11;6
org.apache.juli.AsyncFileHandler.LoggerThread.run();org.apache.juli.AsyncFileHandler;1;0;1;0.8571;25;1;1;1;5;0.8125;42;9;9
org.apache.coyote.http11.AbstractOutputBuffer.sendStatus();org.apache.tomcat.util.http.HttpMessages;0;0;0;0;0;0;0;0;0;0;0;0;0
org.apache.catalina.core.ApplicationFilterChain.internalDoFilterEvent(CometEvent);org.apache.catalina.security.SecurityUtil;5;0;7;0.6923;225;9;13;2;0;1.0000;146;11;17
org.apache.jasper.compiler.Generator.GenerateVisitor.visit(Node.AttributeGenerator);org.apache.jasper.compiler.Node.AttributeGenerator;4;0;1;0.9846;1737;45;16;0;2;0.7500;14;1;2
org.apache.catalina.mbeans.ServerLifecycleListener.destroyMBeans(Connector, Service);org.apache.juli.logging.Log;0;0;1;1.0000;569;32;2;2;0;0.8889;18;18;0
org.apache.catalina.core.ContainerBase.PrivilegedAddChild.run();org.apache.catalina.core.ContainerBase;0;0;1;0.5000;7;1;1;1;0;0.9889;603;62;29
org.apache.catalina.core.StandardHost.MemoryLeakTrackingListener.lifecycleEvent(LifecycleEvent);org.apache.catalina.Loader;0;0;0;0;0;0;0;0;0;0;0;0;0
org.apache.catalina.core.ApplicationContextFacade.addFilter(String, String);org.apache.catalina.core.ApplicationContext;0;1;1;0.9600;426;46;3;1;0;0.9828;460;47;13
org.apache.tomcat.util.net.NioBlockingSelector.BlockPoller.run();org.apache.tomcat.util.net.NioBlockingSelector;3;2;4;0.6471;182;9;4;0;1;1.0000;111;4;4
org.apache.tomcat.util.net.AprEndpoint.Sendfile.add(SendfileData);org.apache.juli.logging.Log;4;0;1;0.9500;187;5;6;1;0;0.9643;18;18;0
org.apache.catalina.core.ApplicationContextFacade.addListener(String);org.apache.catalina.core.ApplicationContext;0;0;0;0;0;0;0;0;0;0;0;0;0
org.apache.catalina.connector.RequestFacade.getRemoteUser();org.apache.tomcat.util.res.StringManager;1;0;2;0.9865;462;73;2;0;0;1.0000;36;3;3
org.apache.catalina.connector.OutputBuffer.getBufferSize();org.apache.tomcat.util.buf.ByteChunk;1;0;1;0.9750;207;25;15;0;1;0.9792;425;43;10
org.apache.catalina.mbeans.MBeanFactory.createStandardContext(String, String, String, boolean, boolean, boolean, boolean);org.apache.catalina.Service;2;3;2;0.9388;432;35;2;1;0;0.9677;15;15;0
org.apache.jasper.xmlparser.XMLEncodingDetector.scanXMLDecl();org.apache.jasper.xmlparser.XMLString;1;5;4;0.8302;798;23;29;0;3;0.8800;52;6;3
org.apache.catalina.loader.WebappLoader.startInternal();org.apache.naming.resources.DirContextURLStreamHandler;0;0;0;0;0;0;0;0;0;0;0;0;0
org.apache.catalina.startup.ContextConfig.fixDocBase();org.apache.catalina.Context;1;0;1;0.9730;779;23;16;3;0;0.9771;125;125;1
org.apache.coyote.http11.InternalNioOutputBuffer.flushBuffer();org.apache.tomcat.util.net.SocketWrapper;0;0;0;0;0;0;0;0;0;0;0;0;0
org.apache.tomcat.util.net.AprEndpoint.Sendfile.run();org.apache.tomcat.jni.Error;5;3;5;0.6923;187;5;6;1;0;1.0000;14;3;2
org.apache.catalina.servlets.DefaultServlet.copy(CacheEntry, PrintWriter, Iterator<Range>, String);org.apache.naming.resources.CacheEntry;1;1;2;0.9623;994;37;18;0;1;0.9375;13;2;8
org.apache.catalina.manager.JspHelper.guessDisplayUserFromSession(Session);org.apache.catalina.manager.util.SessionUtils;0;1;0;1.0000;113;12;3;1;0;1.0000;158;6;5
org.apache.catalina.startup.Bootstrap.createClassLoader(String, ClassLoader);org.apache.catalina.startup.CatalinaProperties;1;2;3;1.0000;240;19;8;1;0;1.0000;66;6;2
org.apache.catalina.ha.session.DeltaManager.findSessionMasterMember();org.apache.juli.logging.Log;1;0;4;0.9765;826;43;42;3;0;0.8571;18;18;0
org.apache.catalina.tribes.io.ChannelData.getDataFromPackage(byte[]);org.apache.catalina.tribes.io.BufferPool;1;0;5;0.7500;165;14;7;2;0;0.9091;37;4;4
org.apache.coyote.ajp.AjpProtocol.setAttribute(String, Object);org.apache.juli.logging.Log;1;0;3;0.9792;201;32;16;2;0;0.8947;18;18;0
org.apache.catalina.mbeans.ServerLifecycleListener.destroyMBeans(Service);org.apache.catalina.Service;0;2;0;0.9429;569;32;2;2;0;0.8889;15;15;0
org.apache.jasper.compiler.ErrorDispatcher.jspError(Node, String, String, String, String);org.apache.jasper.compiler.Node;1;1;0;0.9524;158;22;2;0;1;0.9643;170;7;15
org.apache.catalina.connector.Response.doIsEncodeable(Request, Session, String);org.apache.catalina.Session;1;1;0;0.9896;578;70;19;1;0;0.9756;32;32;4
org.apache.el.parser.AstDynamicExpression.getValue(EvaluationContext);org.apache.el.parser.Node;0;0;0;1.0000;15;4;0;1;0;0.9375;15;15;0
org.apache.catalina.realm.JDBCRealm.getPassword(String);org.apache.tomcat.util.res.StringManager;1;3;2;0.8571;277;13;16;0;0;1.0000;36;3;3
org.apache.catalina.ha.session.DeltaManager.requestCompleted(String, boolean);org.apache.catalina.ha.session.DeltaSession;0;0;0;0;0;0;0;0;0;0;0;0;0
org.apache.jasper.xmlparser.XMLEncodingDetector.createReader(InputStream, String, Boolean);org.apache.jasper.xmlparser.EncodingMap;1;0;3;0.9362;798;23;29;1;0;1.0000;20;6;2
org.apache.catalina.connector.InputBuffer.realReadBytes(byte, int, int);org.apache.coyote.Request;0;0;6;0.8286;210;19;17;1;0;0.9828;219;17;34
org.apache.tomcat.util.http.MimeHeaders.addValue(String);org.apache.tomcat.util.http.MimeHeaderField;1;1;0;0.9565;129;18;3;0;2;0.7500;13;1;4
org.apache.tomcat.util.bcel.classfile.Utility.codeToString(byte[], ConstantPool, int, int, boolean);org.apache.tomcat.util.bcel.util.ByteSequence;0;0;0;0;0;0;0;0;0;0;0;0;0
org.apache.jasper.compiler.TagFileProcessor.loadTagFile(Compiler, String, TagInfo, PageInfo);org.apache.jasper.compiler.JspRuntimeContext;3;0;1;0.9583;96;5;1;2;0;0.9500;174;9;10
org.apache.catalina.tribes.tipis.AbstractReplicatedMap.transferState();org.apache.juli.logging.Log;2;3;8;0.8592;740;50;17;2;0;0.9394;18;18;0
org.apache.catalina.tribes.group.interceptors.ThroughputInterceptor.sendMessage(Member[], ChannelMessage, InterceptorPayload);org.apache.catalina.tribes.io.ChannelData;0;1;9;0.4118;88;3;14;1;0;0.9643;165;14;7
org.apache.jasper.compiler.Node.ScriptingElement.getStart();org.apache.jasper.compiler.Node.Nodes;0;0;0;1.0000;30;2;0;2;0;0.8462;43;5;3
org.apache.tomcat.util.bcel.classfile.ExceptionTable.toString();org.apache.tomcat.util.bcel.Constants;0;0;0;0;0;0;0;0;0;0;0;0;0
org.apache.catalina.startup.IgnoreAnnotationsRule.begin(String, String, Attributes);org.apache.juli.logging.Log;2;0;0;1.0000;12;1;0;2;0;0.9167;18;18;0
org.apache.catalina.manager.ManagerServlet.start(PrintWriter, String);org.apache.catalina.util.RequestUtil;1;0;3;0.9565;913;34;13;1;0;1.0000;183;13;1
org.apache.catalina.ha.session.DeltaManager.sessionExpired(String);org.apache.juli.logging.Log;2;1;4;0.9639;826;43;42;2;0;0.9048;18;18;0
org.apache.catalina.manager.StatusTransformer.writePageHeading(PrintWriter, Object[], int);org.apache.catalina.manager.Constants;1;0;0;1.0000;601;20;0;0;1;1.0000;0;0;11
org.apache.catalina.startup.ContextConfig.processAnnotationWebInitParams(ElementValue);org.apache.tomcat.util.bcel.classfile.AnnotationEntry;0;0;0;0;0;0;0;0;0;0;0;0;0
org.apache.catalina.mbeans.NamingResourcesMBean.getEnvironments();org.apache.tomcat.util.modeler.ManagedBean;0;0;1;0.9286;138;9;2;1;0;0.9730;252;23;13
org.apache.catalina.session.ManagerBase.getDigest();org.apache.juli.logging.Log;1;0;5;0.9643;489;55;31;3;0;0.8571;18;18;0
org.apache.el.parser.AstMod.getValue(EvaluationContext);org.apache.el.lang.ELArithmetic;0;0;0;1.0000;8;1;0;1;0;1.0000;96;16;5
org.apache.tomcat.util.digester.XercesParser.configureOldXerces(SAXParser, Properties);org.apache.juli.logging.Log;1;0;3;1.0000;45;4;7;1;0;0.9444;18;18;0
org.apache.catalina.connector.ResponseFacade.setIntHeader(String, int);org.apache.catalina.connector.Response;0;1;1;0.9512;224;40;2;1;0;0.9889;578;70;19
org.apache.catalina.mbeans.MBeanUtils.createObjectName(String, NamingResources);org.apache.catalina.deploy.NamingResources;1;0;0;1.0000;853;61;5;0;1;0.9804;332;35;12
org.apache.tomcat.util.bcel.classfile.ConstantPool.constantToString(Constant);org.apache.tomcat.util.bcel.classfile.ConstantInteger;0;0;0;0;0;0;0;0;0;0;0;0;0
org.apache.catalina.mbeans.NamingResourcesMBean.addEnvironment(String, String, String);org.apache.tomcat.util.modeler.ManagedBean;2;0;1;0.9474;138;9;2;1;0;0.9762;252;23;13
org.apache.jasper.compiler.TagLibraryInfoImpl.createFunctionInfo(TreeNode);org.apache.juli.logging.Log;0;0;1;0.9600;523;14;6;2;0;0.9091;18;18;0
org.apache.tomcat.util.http.MimeHeaders.findHeader(String, int);org.apache.tomcat.util.buf.MessageBytes;1;0;2;0.9091;129;18;3;1;0;0.9783;402;31;17
org.apache.jasper.compiler.Generator.GenerateVisitor.printParams(Node, String, boolean);org.apache.jasper.compiler.ServletWriter;4;0;1;0.9846;1737;45;16;1;0;0.9545;65;13;6
org.apache.catalina.mbeans.MBeanFactory.createStandardContext(String, String, String, boolean, boolean, boolean, boolean);org.apache.catalina.util.LifecycleMBeanBase;0;0;0;0;0;0;0;0;0;0;0;0;0
org.apache.catalina.connector.Connector.stopInternal();org.apache.coyote.ProtocolHandler;0;0;0;0;0;0;0;0;0;0;0;0;0
org.apache.catalina.util.LifecycleBase.findLifecycleListeners();org.apache.catalina.util.LifecycleSupport;0;0;0;0;0;0;0;0;0;0;0;0;0
org.apache.jasper.runtime.JspRuntimeLibrary.getReadMethod(Class<?>, String);org.apache.jasper.compiler.Localizer;0;0;0;1.0000;647;45;2;2;0;1.0000;34;6;1
org.apache.catalina.manager.util.SessionUtils.guessUserFromSession(Session);org.apache.catalina.Session;0;0;1;1.0000;158;6;5;2;0;0.9375;32;32;4
org.apache.catalina.tribes.tipis.LazyReplicatedMap.publishEntryInfo(Object, Object);org.apache.catalina.tribes.util.Arrays;1;0;1;1.0000;54;2;1;1;0;1.0000;149;24;1
org.apache.tomcat.util.http.Cookies.processCookieHeader(byte, int, int);org.apache.juli.logging.Log;3;4;0;0.9091;269;16;9;0;0;1.0000;18;18;0
org.apache.catalina.core.StandardContext.removeErrorPage(ErrorPage);org.apache.catalina.deploy.ErrorPage;0;0;3;0.9904;2385;204;107;2;0;0.8462;41;6;3
org.apache.catalina.mbeans.MBeanUtils.destroyMBean(Server);org.apache.tomcat.util.modeler.ManagedBean;0;2;2;1.0000;853;61;5;1;0;0.9714;252;23;13
org.apache.tomcat.util.http.fileupload.FileUploadBase.parseHeaderLine(FileItemHeadersImpl, String);org.apache.tomcat.util.http.fileupload.FileItemHeadersImpl;0;0;0;0;0;0;0;0;0;0;0;0;0
org.apache.catalina.core.StandardServer.getServerInfo();org.apache.catalina.util.ServerInfo;0;0;0;1.0000;331;32;21;1;0;1.0000;19;4;3
org.apache.catalina.tribes.group.interceptors.NonBlockingCoordinator.createData(CoordinationMessage, MemberImpl);org.apache.catalina.tribes.io.ChannelData;2;0;0;1.0000;352;38;14;0;4;0.7895;165;14;7
org.apache.catalina.startup.ContextConfig.configureStop();org.apache.catalina.Context;0;0;0;0;0;0;0;0;0;0;0;0;0
org.apache.catalina.connector.Response.generateCookieString(Cookie);org.apache.catalina.security.SecurityUtil;0;0;0;0;0;0;0;0;0;0;0;0;0
org.apache.coyote.ajp.AjpMessage.appendCharChunk(CharChunk);org.apache.juli.logging.Log;1;2;2;0.9310;235;23;5;1;0;0.9583;18;18;0
org.apache.catalina.ha.session.DeltaManager.createSession(String, boolean);org.apache.tomcat.util.res.StringManager;1;1;4;0.9651;826;43;42;0;0;1.0000;36;3;3
org.apache.catalina.tribes.group.interceptors.TcpPingInterceptor.messageReceived(ChannelMessage);org.apache.catalina.tribes.io.XByteBuffer;1;0;2;1.0000;78;6;10;1;1;0.9333;317;36;7
org.apache.catalina.ssi.SSIMediator.formatDate(Date, TimeZone);org.apache.catalina.util.Strftime;0;0;1;0.9643;190;16;13;3;0;0.7000;93;6;2
org.apache.naming.resources.DirContextURLConnection.getContentLength();org.apache.naming.resources.ResourceAttributes;1;0;0;1.0000;184;11;7;0;1;1.0000;516;30;30
org.apache.catalina.core.StandardPipeline.getValveObjectNames();org.apache.catalina.util.LifecycleMBeanBase;0;0;0;0;0;0;0;0;0;0;0;0;0
org.apache.jasper.compiler.ELFunctionMapper.ELFunctionVisitor.matchMap(ArrayList<ELNode.Function>);org.apache.jasper.compiler.ELNode.Function;1;0;1;0.9412;151;14;1;0;3;0.6667;37;1;6
org.apache.catalina.connector.CoyoteReader.read();org.apache.catalina.connector.InputBuffer;0;0;1;0.9333;102;12;4;1;0;0.9722;210;19;17
org.apache.coyote.http11.InternalNioInputBuffer.readSocket(boolean, boolean);org.apache.tomcat.util.res.StringManager;2;1;6;0.8723;457;16;24;1;0;0.9444;36;3;3
org.apache.coyote.http11.Http11NioProtocol.Http11ConnectionHandler.register(Http11NioProcessor);org.apache.coyote.http11.Http11NioProtocol;4;0;4;0.8636;166;8;6;1;2;0.9848;448;96;26
org.apache.el.parser.AstMinus.getValue(EvaluationContext);org.apache.el.parser.Node;0;0;0;1.0000;8;1;0;1;0;0.9375;15;15;0
org.apache.catalina.ssi.SSIServlet.processSSI(HttpServletRequest, HttpServletResponse, URL);org.apache.catalina.ssi.SSIProcessor;0;0;4;0.6364;80;5;6;1;0;0.9412;202;9;6
org.apache.tomcat.util.modeler.modules.MbeansSource.processArg(Node);org.apache.tomcat.util.DomUtil;0;0;0;1.0000;198;11;10;4;0;1.0000;130;14;1
org.apache.el.parser.AstIdentifier.getMethodExpression(EvaluationContext);org.apache.el.lang.EvaluationContext;1;0;0;1.0000;78;7;0;2;1;0.7500;35;7;3
org.apache.catalina.connector.CoyoteAdapter.asyncDispatch(org.apache.coyote.Request, org.apache.coyote.Response, SocketStatus);org.apache.catalina.core.AsyncContextImpl;0;0;0;0;0;0;0;0;0;0;0;0;0
org.apache.naming.resources.DirContextURLStreamHandler.setProtocolHandler();org.apache.naming.resources.Constants;1;0;0;1.0000;91;13;3;0;2;1.0000;0;0;3
org.apache.catalina.startup.ContextConfig.antiLocking();org.apache.catalina.Container;0;0;4;0.9459;779;23;16;1;0;0.9767;34;34;6
org.apache.catalina.core.ApplicationServletRegistration.setServletSecurity(ServletSecurityElement);org.apache.catalina.Context;0;0;0;0;0;0;0;0;0;0;0;0;0
org.apache.catalina.startup.ContextConfig.processAnnotationWebFilter(String, AnnotationEntry, WebXml);org.apache.tomcat.util.bcel.classfile.AnnotationEntry;0;0;0;0;0;0;0;0;0;0;0;0;0
org.apache.catalina.connector.InputBuffer.readByte();org.apache.tomcat.util.buf.ByteChunk;1;0;3;0.9429;210;19;17;1;0;0.9796;425;43;10
org.apache.catalina.ha.session.DeltaSession.isDirty();org.apache.catalina.ha.session.DeltaRequest;0;1;0;0.9792;379;41;7;1;0;0.9545;179;15;15
org.apache.catalina.core.ApplicationPart.getHeaderNames();org.apache.tomcat.util.http.fileupload.FileItemHeaders;0;0;0;0;0;0;0;0;0;0;0;0;0
org.apache.tomcat.util.net.AprEndpoint.Sendfile.destroy();org.apache.tomcat.jni.Pool;2;0;5;0.5833;187;5;6;1;0;1.0000;13;13;0
org.apache.jasper.runtime.JspContextWrapper.removeAttribute(String);org.apache.jasper.compiler.Localizer;0;1;2;0.9333;257;38;7;1;0;1.0000;34;6;1
org.apache.el.parser.ELParser.String();org.apache.el.parser.ELParserTreeConstants;3;1;1;0.9854;2195;111;22;0;1;0.9756;0;0;34
org.apache.catalina.servlets.DefaultServlet.doOptions(HttpServletRequest, HttpServletResponse);org.apache.catalina.connector.RequestFacade;0;0;0;1.0000;994;37;18;1;0;0.9865;462;73;2
org.apache.catalina.connector.MapperListener.removeListeners(Container);org.apache.catalina.Lifecycle;0;0;0;0;0;0;0;0;0;0;0;0;0
org.apache.jasper.compiler.Validator.ValidateVisitor.visit(Node.UseBean);org.apache.jasper.compiler.ErrorDispatcher;3;1;3;0.9388;710;36;19;1;0;0.9677;158;22;2
org.apache.jasper.compiler.Validator.ValidateVisitor.validateFunctions(ELNode.Nodes, Node);org.apache.jasper.compiler.ELNode.Nodes;4;1;2;0.9412;710;36;19;1;0;0.9500;35;5;2
org.apache.jasper.compiler.JspDocumentParser.processChars();org.apache.jasper.compiler.Localizer;3;0;10;0.7778;649;28;20;1;0;1.0000;34;6;1
org.apache.el.parser.ELParser.MethodParameters();org.apache.el.parser.ELParserConstants;0;0;0;0;0;0;0;0;0;0;0;0;0
org.apache.catalina.core.ApplicationContextFacade.setInitParameter(String, String);org.apache.catalina.core.ApplicationContext;0;1;1;0.9600;426;46;3;1;0;0.9828;460;47;13
org.apache.el.lang.FunctionMapperFactory.resolveFunction(String, String);org.apache.el.lang.FunctionMapperImpl;0;0;2;0.5000;19;1;2;1;0;0.8571;22;4;2
org.apache.catalina.connector.CoyoteAdapter.event(org.apache.coyote.Request, org.apache.coyote.Response, SocketStatus);org.apache.catalina.connector.CometEventImpl;8;0;4;0.9375;505;11;8;0;2;0.9394;54;6;5
org.apache.catalina.core.ApplicationFilterFactory.createFilterChain(ServletRequest, Wrapper, Servlet);org.apache.catalina.Container;3;3;2;0.8333;183;6;11;2;0;0.9583;34;34;6
org.apache.catalina.connector.Response.getWriter();org.apache.catalina.connector.OutputBuffer;2;2;5;0.9318;578;70;19;1;0;0.9783;207;25;15
org.apache.el.parser.ELParser.String();org.apache.el.parser.Token;3;1;1;0.9854;2195;111;22;0;1;0.9474;24;3;8
org.apache.catalina.users.MemoryUserDatabase.removeUser(User);org.apache.catalina.User;0;0;1;0.9688;252;22;10;1;0;0.9444;17;17;0
org.apache.jasper.compiler.Parser.parseExpression(Node);org.apache.jasper.compiler.JspReader;0;1;3;0.9412;1203;56;14;3;0;0.9268;322;25;9
org.apache.tomcat.util.net.AprEndpoint.SocketWithOptionsProcessor.run();org.apache.tomcat.util.net.AprEndpoint.Handler;2;0;1;0.8750;20;1;1;1;1;0.7778;2;2;1
org.apache.catalina.startup.ContextConfig.validateSecurityRoles();org.apache.catalina.Context;1;0;3;0.9737;779;23;16;3;0;0.9773;125;125;1
org.apache.tomcat.util.net.AprEndpoint.SocketWithOptionsProcessor.run();org.apache.tomcat.jni.Socket;2;0;1;0.8750;20;1;1;1;0;1.0000;37;37;34
org.apache.tomcat.util.http.fileupload.DiskFileItem.get();org.apache.tomcat.util.http.fileupload.DeferredFileOutputStream;0;0;0;0;0;0;0;0;0;0;0;0;0
org.apache.tomcat.util.http.MimeHeaders.setValue(String);org.apache.tomcat.util.http.MimeHeaderField;1;2;2;0.8333;129;18;3;0;2;0.8333;13;1;4
org.apache.catalina.ant.ValidatorTask.execute();org.apache.catalina.startup.DigesterFactory;2;0;1;0.8571;38;2;1;1;0;1.0000;49;5;1
org.apache.tomcat.util.digester.Digester.endElement(String, String, String);org.apache.juli.logging.Log;0;2;7;0.9353;849;103;29;4;0;0.8667;18;18;0
org.apache.jasper.compiler.Generator.FragmentHelperClass.closeFragment(Fragment, int);org.apache.jasper.compiler.ServletWriter;1;0;0;1.0000;132;6;4;2;0;0.8947;65;13;6
org.apache.catalina.loader.WebappLoader.toString();org.apache.catalina.Container;0;0;1;0.9821;548;39;19;1;0;0.9714;34;34;6
org.apache.catalina.core.ApplicationDispatcher.invoke(ServletRequest, ServletResponse, State);org.apache.catalina.InstanceEvent;3;3;4;0.8462;419;14;10;0;2;1.0000;89;7;17
org.apache.catalina.loader.WebappLoader.stopInternal();org.apache.tomcat.util.modeler.Registry;0;0;0;0;0;0;0;0;0;0;0;0;0
org.apache.tomcat.util.bcel.classfile.ConstantPool.getConstantString(int, byte);org.apache.tomcat.util.bcel.classfile.ConstantClass;0;0;0;0;0;0;0;0;0;0;0;0;0
org.apache.catalina.startup.HostConfig.deployWAR(String, File, String);org.apache.juli.logging.Log;2;4;8;0.8500;755;35;15;4;0;0.8947;18;18;0
org.apache.catalina.deploy.WebXml.addEjbRef(ContextEjb);org.apache.catalina.deploy.ResourceBase;0;0;1;0.9853;1446;42;41;1;0;0.9375;43;9;6
org.apache.jasper.compiler.PageDataImpl.SecondPassVisitor.visit(Node.TemplateText);org.apache.jasper.compiler.Node;2;1;0;0.9800;307;41;6;1;1;0.9310;170;7;15
org.apache.coyote.http11.Http11AprProcessor.action(ActionCode, Object);org.apache.tomcat.jni.SSL;9;1;18;0.8068;938;28;36;0;5;1.0000;14;14;118
org.apache.coyote.http11.Http11Protocol.Http11ConnectionHandler.process(SocketWrapper<Socket>, SocketStatus);org.apache.tomcat.util.res.StringManager;0;0;0;0;0;0;0;0;0;0;0;0;0
org.apache.catalina.manager.JspHelper.getDisplayCreationTimeForSession(Session);org.apache.catalina.Session;0;0;1;1.0000;113;12;3;1;0;0.9688;32;32;4
org.apache.juli.AsyncFileHandler.LogEntry.flush();org.apache.juli.AsyncFileHandler;0;0;0;0;0;0;0;0;0;0;0;0;0
org.apache.catalina.startup.ContextConfig.processAnnotationsJndi(URL, WebXml);org.apache.juli.logging.Log;0;0;0;0;0;0;0;0;0;0;0;0;0
org.apache.tomcat.util.http.mapper.MappingData.recycle();org.apache.tomcat.util.buf.MessageBytes;0;0;9;0.1000;11;1;9;1;0;0.9808;402;31;17
org.apache.catalina.core.ApplicationContextFacade.addFilter(String, Filter);org.apache.catalina.security.SecurityUtil;0;1;1;0.9600;426;46;3;1;0;1.0000;146;11;17
org.apache.coyote.http11.Http11AprProcessor.prepareResponse();org.apache.tomcat.util.http.FastHttpDateFormat;7;2;12;0.8391;938;28;36;1;0;1.0000;85;6;8
org.apache.catalina.core.AsyncContextImpl.start(Runnable);org.apache.coyote.Request;1;1;5;0.8438;244;21;12;1;0;0.9828;219;17;34
org.apache.catalina.manager.ManagerServlet.init();org.apache.catalina.Container;1;0;10;0.8163;913;34;13;2;0;0.9574;34;34;6
org.apache.jasper.JspCompilationContext.getTldLocation(String);org.apache.jasper.Options;0;0;1;0.9839;420;31;31;1;0;0.9667;28;28;0
org.apache.jasper.compiler.JspRuntimeContext.unloadJsp();org.apache.jasper.Options;0;0;0;0;0;0;0;0;0;0;0;0;0
org.apache.tomcat.util.bcel.classfile.ConstantPool.constantToString(Constant);org.apache.tomcat.util.bcel.classfile.ConstantLong;0;0;0;0;0;0;0;0;0;0;0;0;0
org.apache.el.parser.AstValue.getType(EvaluationContext);org.apache.el.util.MessageFactory;0;1;0;0.9167;103;8;1;0;0;1.0000;24;7;1
org.apache.catalina.connector.CoyoteAdapter.parsePathParameters(org.apache.coyote.Request, Request);org.apache.catalina.connector.Connector;0;0;0;0;0;0;0;0;0;0;0;0;0
org.apache.catalina.session.StandardManager.propertyChange(PropertyChangeEvent);org.apache.juli.logging.Log;1;0;0;1.0000;328;19;8;1;0;0.9500;18;18;0
org.apache.catalina.core.StandardService.addConnector(Connector);org.apache.juli.logging.Log;1;0;6;0.8958;313;29;18;1;0;0.9630;18;18;0
org.apache.jasper.JspCompilationContext.createCompiler();org.apache.jasper.Options;0;1;3;0.9365;420;31;31;2;0;0.9394;28;28;0
org.apache.catalina.valves.AccessLogValve.QueryElement.addElement(StringBuilder, Date, Request, Response, long);org.apache.catalina.connector.Request;0;0;0;1.0000;8;1;0;1;0;0.9942;1084;128;51
org.apache.coyote.ajp.AjpProcessor.action(ActionCode, Object);org.apache.coyote.Constants;6;3;11;0.7857;570;12;32;0;0;1.0000;0;0;14
org.apache.catalina.core.AsyncContextImpl.setTimeout(long);org.apache.coyote.Request;1;0;2;0.9375;244;21;12;1;0;0.9818;219;17;34
org.apache.coyote.http11.Http11NioProcessor.process(NioChannel);org.apache.tomcat.util.net.NioEndpoint.SendfileData;11;4;16;0.8182;954;28;38;0;1;0.9825;0;0;5
org.apache.catalina.valves.ExtendedAccessLogValve.getXParameterElement(PatternTokenizer);org.apache.juli.logging.Log;0;1;1;0.9286;367;10;2;1;0;0.9565;18;18;0
org.apache.catalina.deploy.SecurityConstraint.findCollection(String);org.apache.catalina.deploy.SecurityCollection;0;0;1;0.9565;146;16;6;1;0;0.9474;105;11;4
org.apache.catalina.ha.tcp.SimpleTcpCluster.backgroundProcess();org.apache.catalina.tribes.Channel;0;0;3;0.9545;371;45;31;1;0;0.9474;15;15;13
org.apache.catalina.servlets.DefaultServlet.copy(CacheEntry, ServletOutputStream, Iterator<Range>, String);org.apache.naming.resources.Resource;1;1;2;0.9623;994;37;18;1;0;0.9167;23;1;2
org.apache.catalina.authenticator.FormAuthenticator.authenticate(Request, HttpServletResponse, LoginConfig);org.apache.tomcat.util.buf.CharChunk;3;6;2;0.8158;232;8;3;0;1;0.9881;393;39;8
org.apache.catalina.manager.ManagerServlet.resources(PrintWriter, String);org.apache.tomcat.util.res.StringManager;2;0;3;0.9535;913;34;13;0;0;1.0000;36;3;3
org.apache.catalina.connector.Request.getContextPath();org.apache.tomcat.util.buf.MessageBytes;1;0;1;0.9943;1084;128;51;1;0;0.9778;402;31;17
org.apache.catalina.connector.RequestFacade.isAsyncStarted();org.apache.catalina.connector.Request;0;0;1;0.9865;462;73;2;1;0;0.9943;1084;128;51
org.apache.coyote.http11.AbstractHttp11Protocol.setCiphers(String);org.apache.tomcat.util.net.AbstractEndpoint;0;0;0;0;0;0;0;0;0;0;0;0;0
org.apache.catalina.authenticator.AuthenticatorBase.register(Request, HttpServletResponse, Principal, String, String, String);org.apache.catalina.authenticator.Constants;3;1;3;0.9375;286;20;18;0;4;1.0000;0;0;19
org.apache.catalina.tribes.group.interceptors.DomainFilterInterceptor.getMember(Member);org.apache.catalina.tribes.membership.Membership;0;1;1;0.8000;47;8;2;1;0;0.9545;136;11;6
org.apache.coyote.ajp.AjpProcessor.prepareRequest();org.apache.tomcat.util.buf.MessageBytes;7;1;8;0.8846;570;12;32;6;1;0.9167;402;31;17
org.apache.catalina.connector.CoyoteAdapter.service(org.apache.coyote.Request, org.apache.coyote.Response);org.apache.catalina.Pipeline;8;0;4;0.9524;505;11;8;1;0;0.9744;6;6;0
org.apache.jasper.compiler.Generator.GenerateVisitor.visit(Node.CustomTag);org.apache.jasper.compiler.Generator;5;1;8;0.8861;1737;45;16;1;0;1.0000;781;28;16
org.apache.catalina.tribes.group.ChannelCoordinator.getMembers();org.apache.catalina.tribes.MembershipService;0;0;1;0.9545;164;15;5;1;0;0.9444;17;17;2
org.apache.catalina.startup.Bootstrap.createClassLoader(String, ClassLoader);org.apache.juli.logging.Log;1;2;3;1.0000;240;19;8;2;0;0.8889;18;18;0
org.apache.tomcat.util.modeler.modules.MbeansDescriptorsIntrospectionSource.createManagedBean(Registry, String, Class<?>, String);org.apache.tomcat.util.modeler.AttributeInfo;4;0;1;1.0000;194;7;10;0;4;0.8333;55;8;7
org.apache.catalina.valves.ExtendedAccessLogValve.ResponseHeaderElement.addElement(StringBuilder, Date, Request, Response, long);org.apache.catalina.valves.ExtendedAccessLogValve;0;0;1;0.6667;6;1;1;1;0;0.9167;367;10;2
org.apache.catalina.valves.SemaphoreValve.invoke(Request, Response);org.apache.catalina.Valve;0;2;3;0.7222;91;9;9;1;0;0.9167;6;6;0
org.apache.catalina.core.DefaultInstanceManager.loadClassMaybePrivileged(String, ClassLoader);org.apache.catalina.security.SecurityUtil;0;2;0;0.9048;316;14;9;1;0;1.0000;146;11;17
org.apache.coyote.ajp.AjpAprProtocol.AjpConnectionHandler.createProcessor();org.apache.coyote.ajp.AjpAprProtocol;2;1;1;0.8750;86;5;4;0;5;0.9153;219;40;15
org.apache.catalina.core.StandardHostValve.throwable(Request, Response, Throwable);org.apache.catalina.deploy.ErrorPage;4;3;2;0.9000;149;7;3;1;0;0.9600;41;6;3
org.apache.tomcat.util.buf.MessageBytes.equals(String);org.apache.tomcat.util.buf.ByteChunk;0;1;8;0.8636;402;31;17;1;0;0.9815;425;43;10
org.apache.jasper.compiler.Generator.GenerateVisitor.generateNamedAttributeJspFragment(Node.NamedAttribute, String);org.apache.jasper.compiler.Node.NamedAttribute;0;1;1;0.9683;1737;45;16;1;0;0.9333;65;3;6
org.apache.catalina.tribes.transport.bio.PooledMultiSender.sendMessage(Member[], ChannelMessage);org.apache.catalina.tribes.ChannelException;0;0;0;1.0000;25;2;0;1;0;0.9286;46;5;2
org.apache.tomcat.util.bcel.classfile.Utility.codeToString(ByteSequence, ConstantPool, boolean);org.apache.tomcat.util.bcel.Constants;0;0;0;0;0;0;0;0;0;0;0;0;0
org.apache.catalina.manager.host.HTMLHostManagerServlet.list(HttpServletRequest, HttpServletResponse, String);org.apache.catalina.Lifecycle;1;0;7;1.0000;194;6;7;0;0;1.0000;5;5;9
org.apache.catalina.connector.ResponseFacade.SetContentTypePrivilegedAction.run();org.apache.catalina.connector.Response;1;0;1;0.6667;7;1;1;1;0;0.9889;578;70;19
org.apache.catalina.ha.tcp.SimpleTcpCluster.removeManager(Manager);org.apache.catalina.ha.ClusterManager;0;1;4;0.9552;371;45;31;2;0;0.8947;15;15;0
org.apache.catalina.tribes.group.interceptors.NonBlockingCoordinator.createElectionMsg(MemberImpl, MemberImpl[], MemberImpl);org.apache.catalina.tribes.util.UUIDGenerator;1;0;1;1.0000;352;38;14;1;0;1.0000;26;3;6
org.apache.catalina.core.AsyncContextImpl.dispatch(ServletContext, String);org.apache.catalina.connector.Request;1;3;4;0.8421;244;21;12;7;0;0.9611;1084;128;51
org.apache.catalina.servlets.DefaultServlet.renderHtml(String, CacheEntry);org.apache.tomcat.util.res.StringManager;3;3;2;0.9286;994;37;18;0;0;1.0000;36;3;3
org.apache.catalina.startup.TldConfig.createTldDigester(boolean, boolean);org.apache.catalina.startup.DigesterFactory;0;0;2;1.0000;321;14;11;1;0;1.0000;49;5;1
org.apache.coyote.http11.AbstractOutputBuffer.doWrite(ByteChunk, Response);org.apache.coyote.ActionCode;0;0;0;0;0;0;0;0;0;0;0;0;0
org.apache.catalina.tribes.group.interceptors.NonBlockingCoordinator.isHighest();org.apache.catalina.tribes.group.AbsoluteOrder.AbsoluteComparator;1;1;1;0.9600;352;38;14;1;0;0.9000;45;7;0
org.apache.catalina.session.JDBCStore.getName();org.apache.catalina.Manager;0;0;1;0.9828;495;34;23;1;0;0.9737;34;34;0
org.apache.jasper.compiler.Parser.parseElementsScriptless(Node);org.apache.jasper.compiler.JspReader;0;9;4;0.8060;1203;56;14;2;0;0.9600;322;25;9
org.apache.catalina.startup.ConnectorCreateRule._setExecutor(Connector, Executor);org.apache.juli.logging.Log;1;0;1;1.0000;22;3;1;1;0;0.9474;18;18;0
org.apache.catalina.connector.CoyoteAdapter.parseSessionCookiesId(org.apache.coyote.Request, Request);org.apache.catalina.Context;5;1;1;0.9643;505;11;8;1;0;0.9930;125;125;1
org.apache.jasper.compiler.Generator.GenerateVisitor.visit(Node.PlugIn);org.apache.jasper.Options;10;3;1;0.9487;1737;45;16;1;0;0.9796;28;28;0
org.apache.catalina.ha.authenticator.ClusterSingleSignOnListener.getSession(String, String);org.apache.catalina.ha.CatalinaCluster;1;0;1;0.9167;82;4;2;1;0;0.9643;20;20;1
org.apache.catalina.authenticator.FormAuthenticator.authenticate(Request, HttpServletResponse, LoginConfig);org.apache.catalina.Session;3;6;2;0.8158;232;8;3;4;0;0.9385;32;32;4
org.apache.coyote.ajp.AjpProtocol.AjpConnectionHandler.unregister(AjpProcessor);org.apache.juli.logging.Log;4;0;1;0.9375;80;4;4;3;0;0.8800;18;18;0
org.apache.catalina.core.StandardService.removeConnector(Connector);org.apache.juli.logging.Log;1;0;4;0.9362;313;29;18;1;0;0.9583;18;18;0
org.apache.coyote.ajp.AjpProtocol.destroy();org.apache.tomcat.util.modeler.Registry;1;1;5;0.9200;201;32;16;2;0;0.9796;446;36;10
org.apache.catalina.mbeans.ServerLifecycleListener.destroyMBeans(Server);org.apache.catalina.core.StandardServer;0;2;1;0.9459;569;32;2;1;0;0.9825;331;32;21
org.apache.catalina.filters.RequestFilter.processCometEvent(String, CometEvent, CometFilterChain);org.apache.catalina.comet.CometFilterChain;0;0;0;0;0;0;0;0;0;0;0;0;0
org.apache.catalina.core.ApplicationContext.log(String);org.apache.juli.logging.Log;0;0;1;0.9825;460;47;13;1;0;0.9500;18;18;0
org.apache.coyote.http11.InternalAprInputBuffer.parseHeader();org.apache.tomcat.util.res.StringManager;2;1;5;0.8276;358;13;15;1;0;0.9091;36;3;3
org.apache.catalina.authenticator.SingleSignOn.invoke(Request, Response);org.apache.catalina.authenticator.SingleSignOnEntry;2;1;1;0.9474;187;18;8;2;0;0.9375;49;9;6
org.apache.catalina.valves.JDBCAccessLogValve.close();org.apache.tomcat.util.ExceptionUtils;0;0;0;0;0;0;0;0;0;0;0;0;0
org.apache.catalina.core.StandardContext.addChild(Container);org.apache.catalina.Wrapper;1;3;1;0.9905;2385;204;107;3;0;0.9250;32;32;0
org.apache.catalina.tribes.tipis.AbstractReplicatedMap.mapMemberAdded(Member);org.apache.juli.logging.Log;0;1;4;0.9437;740;50;17;1;0;0.9643;18;18;0
org.apache.jasper.JspC.locateUriRoot(File);org.apache.jasper.compiler.Localizer;0;0;3;0.9756;840;35;81;1;0;1.0000;34;6;1
org.apache.jasper.xmlparser.XMLEncodingDetector.scanName();org.apache.jasper.xmlparser.SymbolTable;0;1;7;0.8298;798;23;29;1;0;0.9444;84;6;3
org.apache.catalina.servlets.DefaultServlet.copy(CacheEntry, InputStream, PrintWriter);org.apache.naming.resources.CacheEntry;1;1;1;0.9600;994;37;18;0;1;0.9231;13;2;8
org.apache.el.parser.ELParser.Boolean();org.apache.el.parser.ELParserTreeConstants;2;2;4;0.9562;2195;111;22;0;2;0.9545;0;0;34
org.apache.catalina.core.StandardService.addConnector(Connector);org.apache.catalina.connector.Connector;1;0;6;0.8958;313;29;18;1;2;0.9697;455;59;40
org.apache.el.MethodExpressionImpl.isParmetersProvided();org.apache.el.parser.Node;0;0;0;0;0;0;0;0;0;0;0;0;0
org.apache.tomcat.util.bcel.classfile.CodeException.toString(ConstantPool, boolean);org.apache.tomcat.util.bcel.classfile.Utility;0;0;0;0;0;0;0;0;0;0;0;0;0
org.apache.catalina.mbeans.NamingResourcesMBean.addResourceLink(String, String);org.apache.catalina.deploy.NamingResources;1;0;1;0.9444;138;9;2;2;0;0.9630;332;35;12
org.apache.catalina.tribes.group.interceptors.NonBlockingCoordinator.startElection(boolean);org.apache.catalina.tribes.util.UUIDGenerator;1;5;8;0.7547;352;38;14;1;0;1.0000;26;3;6
org.apache.coyote.http11.Http11NioProtocol.start();org.apache.juli.logging.Log;1;1;7;0.9531;448;96;26;4;0;0.8571;18;18;0
org.apache.catalina.connector.Request.getDateHeader(String);org.apache.tomcat.util.http.FastHttpDateFormat;0;1;1;0.9884;1084;128;51;1;0;1.0000;85;6;8
org.apache.tomcat.util.bcel.classfile.CodeException.toString(ConstantPool, boolean);org.apache.tomcat.util.bcel.Constants;0;0;0;0;0;0;0;0;0;0;0;0;0
org.apache.coyote.http11.Http11Processor.process(SocketWrapper<Socket>);org.apache.coyote.Adapter;0;0;0;0;0;0;0;0;0;0;0;0;0
org.apache.catalina.realm.JNDIRealm.checkCredentials(DirContext, User, String);org.apache.juli.logging.Log;2;2;1;0.9600;728;44;31;2;0;0.9130;18;18;0
org.apache.catalina.startup.Tomcat.addServlet(Context, String, Servlet);org.apache.catalina.Container;0;0;0;0;0;0;0;0;0;0;0;0;0
org.apache.catalina.mbeans.ServerLifecycleListener.processContainerRemoveChild(Container, Container);org.apache.juli.logging.Log;1;2;1;0.9474;569;32;2;3;0;0.8696;18;18;0
org.apache.coyote.http11.Http11AprProtocol.start();org.apache.tomcat.util.net.AprEndpoint;1;1;7;0.9444;387;76;26;1;0;0.9891;629;27;59
org.apache.coyote.http11.AbstractHttp11Protocol.pause();org.apache.juli.logging.Log;0;0;0;0;0;0;0;0;0;0;0;0;0
org.apache.tomcat.util.bcel.classfile.ConstantUtf8.toString();org.apache.tomcat.util.bcel.classfile.Utility;0;0;0;0;0;0;0;0;0;0;0;0;0
org.apache.catalina.session.StandardManager.doLoad();org.apache.catalina.Container;2;1;1;0.9474;328;19;8;1;0;0.9796;34;34;6
org.apache.tomcat.util.digester.Digester.pop(String);org.apache.tomcat.util.digester.ArrayStack;0;0;2;0.9852;849;103;29;1;0;0.9167;53;6;1
org.apache.catalina.core.StandardHostValve.invoke(Request, Response);org.apache.catalina.Loader;2;2;1;0.8667;149;7;3;1;0;0.9600;14;14;0
org.apache.coyote.http11.Http11Processor.action(ActionCode, Object);org.apache.coyote.http11.AbstractOutputBuffer;0;0;0;0;0;0;0;0;0;0;0;0;0
org.apache.catalina.ha.tcp.SimpleTcpCluster.stopInternal();org.apache.catalina.ha.jmx.ClusterJmxHelper;0;0;0;0;0;0;0;0;0;0;0;0;0
org.apache.jasper.el.ExpressionEvaluatorImpl.parseExpression(String, Class, FunctionMapper);org.apache.jasper.el.ELContextImpl;1;0;1;0.6667;19;2;1;0;1;0.8333;35;1;4
org.apache.jasper.compiler.Dumper.DumpVisitor.visit(Node.Scriptlet);org.apache.jasper.compiler.Node.ScriptingElement;0;1;0;0.9643;122;27;1;1;0;0.8000;30;2;0
org.apache.catalina.session.PersistentManagerBase.unload();org.apache.juli.logging.Log;1;1;2;0.9556;420;33;13;2;0;0.9048;18;18;0
org.apache.catalina.startup.Embedded.createEngine();org.apache.juli.logging.Log;0;0;2;0.9783;372;34;11;2;0;0.9000;18;18;0
org.apache.jasper.compiler.Validator.ValidateVisitor.getJspAttribute(TagAttributeInfo, String, String, String, String, Node, boolean);org.apache.jasper.el.ELContextImpl;6;0;2;0.9630;710;36;19;0;1;0.9474;35;1;4
org.apache.catalina.ssi.SSIProcessor.process(Reader, long, PrintWriter);org.apache.catalina.ssi.SSICommand;2;4;5;0.5882;202;9;6;1;0;0.9167;1;1;0
org.apache.catalina.startup.Embedded.addEngine(Engine);org.apache.juli.logging.Log;0;0;3;0.9592;372;34;11;3;0;0.8696;18;18;0
org.apache.catalina.core.StandardWrapperValve.exception(Request, Response, Throwable);org.apache.catalina.Globals;1;0;0;1.0000;341;4;6;0;1;1.0000;0;0;39
org.apache.jasper.compiler.Validator.ValidateVisitor.visit(Node.Declaration);org.apache.jasper.compiler.Node.ScriptingElement;1;0;2;0.9545;710;36;19;1;0;0.8750;30;2;0
org.apache.catalina.session.FileStore.save(Session);org.apache.catalina.Container;1;2;0;0.9091;186;13;6;1;0;0.9767;34;34;6
org.apache.catalina.core.AprLifecycleListener.init();org.apache.tomcat.jni.Library;2;1;7;0.8889;127;6;10;0;4;1.0000;81;9;38
org.apache.catalina.core.ApplicationFilterConfig.release();org.apache.catalina.core.StandardContext;2;0;2;0.8947;121;10;5;0;1;0.9968;2385;204;107
org.apache.catalina.servlets.WebdavServlet.sendReport(HttpServletRequest, HttpServletResponse, Hashtable<String,Integer>);org.apache.catalina.util.XMLWriter;2;2;0;0.9459;1460;29;23;4;2;0.7333;79;10;5
org.apache.jasper.compiler.Generator.GenerateVisitor.visit(Node.Scriptlet);org.apache.jasper.compiler.ServletWriter;2;0;1;0.9848;1737;45;16;2;1;0.8571;65;13;6
org.apache.tomcat.util.bcel.classfile.EnumElementValue.stringifyValue();org.apache.tomcat.util.bcel.Constants;0;0;0;0;0;0;0;0;0;0;0;0;0
org.apache.catalina.core.ContainerBase.removeChild(Container);org.apache.catalina.Container;1;1;3;0.9670;603;62;29;1;1;0.9744;34;34;6
org.apache.catalina.connector.Request.getAttributeNames();org.apache.catalina.Globals;1;2;1;0.9826;1084;128;51;0;1;1.0000;0;0;39
org.apache.jasper.compiler.Validator.ValidateVisitor.checkNamedAttributes(Node.CustomTag, Node.JspAttribute[], int, Hashtable<String,Object>);org.apache.jasper.compiler.ErrorDispatcher;3;0;1;0.9825;710;36;19;2;0;0.9444;158;22;2
org.apache.jasper.compiler.Generator.GenerateVisitor.visit(Node.SetProperty);org.apache.jasper.compiler.Node.JspAttribute;6;0;1;0.9868;1737;45;16;1;5;0.8000;107;7;10
org.apache.catalina.ha.tcp.SimpleTcpCluster.registerManager(Manager);org.apache.catalina.Manager;0;1;5;0.9577;371;45;31;1;0;0.9767;34;34;0
org.apache.jasper.compiler.Generator.genPreambleClassVariableDeclarations();org.apache.jasper.compiler.ServletWriter;0;0;5;0.9268;781;28;16;5;0;0.7500;65;13;6
org.apache.el.lang.ExpressionBuilder.createMethodExpression(Class<?>, Class<?>[]);org.apache.el.util.MessageFactory;0;1;3;0.5000;117;7;4;0;0;1.0000;24;7;1
org.apache.catalina.connector.Request.recycle();org.apache.catalina.Globals;3;0;36;0.8011;1084;128;51;0;1;1.0000;0;0;39
org.apache.coyote.RequestGroupInfo.getBytesReceived();org.apache.coyote.RequestInfo;1;0;2;0.9091;112;15;7;0;1;0.9655;134;13;14
org.apache.catalina.connector.Response.resetBuffer(boolean);org.apache.catalina.connector.OutputBuffer;1;1;5;0.9432;578;70;19;1;0;0.9778;207;25;15
org.apache.catalina.startup.ContextConfig.getDefaultWebXml();org.apache.catalina.startup.Constants;1;0;1;0.9655;779;23;16;0;1;1.0000;0;0;45
org.apache.catalina.core.StandardHostValve.status(Request, Response);org.apache.catalina.core.ApplicationFilterFactory;3;1;0;0.9500;149;7;3;0;3;1.0000;183;6;11
org.apache.jasper.compiler.Validator.ValidateVisitor.visit(Node.Expression);org.apache.jasper.compiler.Node.ScriptingElement;1;0;2;0.9545;710;36;19;1;0;0.8750;30;2;0
org.apache.catalina.core.ApplicationServletRegistration.addMapping(String);org.apache.catalina.Container;0;0;0;0;0;0;0;0;0;0;0;0;0
org.apache.catalina.authenticator.SingleSignOn.update(String, Principal, String, String, String);org.apache.catalina.authenticator.SingleSignOnEntry;0;1;0;0.9643;187;18;8;2;0;0.9048;49;9;6
org.apache.catalina.connector.Request.setServerPort(int);org.apache.coyote.Request;1;0;1;0.9942;1084;128;51;0;1;0.9811;219;17;34
org.apache.tomcat.util.modeler.modules.MbeansDescriptorsSerSource.execute();org.apache.tomcat.util.modeler.Registry;0;0;3;0.7778;49;2;6;2;0;0.9783;446;36;10
org.apache.coyote.ajp.AjpAprProcessor.process(long);org.apache.coyote.Response;5;4;14;0.7115;616;13;30;0;1;0.9846;250;19;18
org.apache.naming.resources.WARDirContext.WARResource.streamContent();org.apache.naming.resources.WARDirContext;1;0;1;0.8000;14;1;1;0;1;0.9737;200;29;3
org.apache.jasper.compiler.Node.TagDirective.accept(Visitor);org.apache.jasper.compiler.Node.Visitor;0;0;0;1.0000;27;2;1;1;0;0.9714;126;35;0
org.apache.jasper.compiler.Compiler.generateJava();org.apache.jasper.JspCompilationContext;12;1;7;0.8298;285;11;8;4;3;0.9231;420;31;31
org.apache.el.parser.AstIdentifier.isReadOnly(EvaluationContext);org.apache.el.lang.EvaluationContext;1;0;0;1.0000;78;7;0;2;2;0.6667;35;7;3
org.apache.jasper.compiler.Validator.ValidateVisitor.throwErrorIfExpression(Node, String, String);org.apache.jasper.compiler.Node;2;1;1;0.9535;710;36;19;0;1;0.9667;170;7;15
org.apache.catalina.ha.authenticator.ClusterSingleSignOn.deregister(String, Session);org.apache.catalina.Session;1;1;2;0.8929;149;16;4;2;0;0.9535;32;32;4
org.apache.tomcat.util.http.mapper.Mapper.clearWelcomeFiles(String, String);org.apache.juli.logging.Log;0;0;0;0;0;0;0;0;0;0;0;0;0
org.apache.coyote.http11.AbstractHttp11Protocol.setTcpNoDelay(boolean);org.apache.tomcat.util.net.AbstractEndpoint;0;0;0;0;0;0;0;0;0;0;0;0;0
org.apache.catalina.tribes.membership.MemberImpl.getMember(byte[], int, int, MemberImpl);org.apache.catalina.tribes.io.XByteBuffer;0;4;8;0.7436;300;29;19;3;0;1.0000;317;36;7
org.apache.catalina.session.FileStore.save(Session);org.apache.catalina.Manager;1;2;0;0.9091;186;13;6;1;0;0.9767;34;34;0
org.apache.catalina.realm.JNDIRealm.authenticate(String, String);org.apache.juli.logging.Log;1;4;0;0.9474;728;44;31;4;0;0.8261;18;18;0
org.apache.catalina.ha.session.JvmRouteBinderValve.handlePossibleTurnover(Request);org.apache.tomcat.util.res.StringManager;0;0;0;0;0;0;0;0;0;0;0;0;0
org.apache.catalina.manager.ManagerServlet.save(PrintWriter, String);org.apache.catalina.core.StandardServer;1;0;2;0.9796;913;34;13;2;0;0.9643;331;32;21
org.apache.catalina.ssi.SSIMediator.encode(String, String);org.apache.tomcat.util.http.HttpMessages;0;0;1;1.0000;190;16;13;1;0;1.0000;42;2;5
org.apache.catalina.mbeans.MBeanUtils.createMBean(UserDatabase);org.apache.tomcat.util.modeler.Registry;0;2;2;1.0000;853;61;5;1;0;0.9773;446;36;10
org.apache.catalina.core.ApplicationFilterRegistration.getInitParameters();org.apache.catalina.deploy.FilterDef;0;0;0;0;0;0;0;0;0;0;0;0;0
org.apache.jasper.compiler.Generator.DeclarationVisitor.visit(Node.PageDirective);org.apache.jasper.compiler.Generator;2;0;0;1.0000;36;3;1;1;1;0.9778;781;28;16
org.apache.catalina.mbeans.MBeanFactory.createRemoteHostValve(String);org.apache.catalina.util.LifecycleMBeanBase;0;0;0;0;0;0;0;0;0;0;0;0;0
org.apache.tomcat.util.modeler.modules.MbeansSource.processAttribute(MBeanServer, Node, String);org.apache.tomcat.util.DomUtil;0;0;2;0.9583;198;11;10;2;0;1.0000;130;14;1
org.apache.catalina.tribes.group.interceptors.DomainFilterInterceptor.getMembers();org.apache.catalina.tribes.membership.Membership;0;1;1;0.8000;47;8;2;1;0;0.9545;136;11;6
org.apache.coyote.ajp.AjpAprProcessor.action(ActionCode, Object);org.apache.coyote.Constants;6;3;13;0.7636;616;13;30;0;0;1.0000;0;0;14
org.apache.jasper.compiler.TagPluginManager.init(ErrorDispatcher);org.apache.jasper.xmlparser.ParserUtils;0;0;5;0.7500;66;3;6;1;0;0.9091;58;3;3
org.apache.catalina.ha.session.SimpleTcpReplicationManager.startInternal();org.apache.catalina.Cluster;0;0;0;0;0;0;0;0;0;0;0;0;0
org.apache.catalina.ha.session.DeltaManager.sendSessions(Member, Session[], long);org.apache.catalina.ha.ClusterMessage;2;1;5;0.9529;826;43;42;1;0;0.9231;6;6;0
org.apache.coyote.http11.filters.BufferedInputFilter.setRequest(Request);org.apache.coyote.InputBuffer;0;0;3;0.7500;49;6;6;1;0;0.8333;1;1;0
org.apache.coyote.http11.InternalAprOutputBuffer.endRequest();org.apache.coyote.http11.OutputFilter;1;1;5;0.8462;235;24;13;1;0;0.9231;6;6;0
org.apache.tomcat.util.buf.C2BConverter.flushBuffer();org.apache.tomcat.util.buf.WriteConvertor;0;0;1;0.9286;58;8;5;1;0;0.8571;22;4;1
org.apache.catalina.ha.deploy.FarmWarDeployer.remove(String);org.apache.catalina.Lifecycle;0;5;3;0.8511;376;28;17;1;0;0.9333;5;5;9
org.apache.catalina.connector.CoyoteWriter.flush();org.apache.catalina.connector.OutputBuffer;0;0;2;0.9355;141;28;3;1;0;0.9762;207;25;15
org.apache.tomcat.util.modeler.BaseModelMBean.preRegister(MBeanServer, ObjectName);org.apache.juli.logging.Log;0;0;3;0.9429;284;28;9;2;0;0.9000;18;18;0
org.apache.jasper.runtime.TagHandlerPool.get(Class<? extends Tag>);org.apache.jasper.Constants;1;0;3;0.7273;98;6;6;0;1;1.0000;0;0;34
org.apache.catalina.servlets.DefaultServlet.renderHtml(String, CacheEntry);org.apache.naming.resources.CacheEntry;3;3;2;0.9286;994;37;18;0;4;0.7778;13;2;8
org.apache.jasper.compiler.JDTCompiler.generateClass(String[]);org.apache.jasper.JspCompilationContext;2;0;0;1.0000;317;1;0;5;2;0.9091;420;31;31
org.apache.catalina.startup.CatalinaProperties.loadProperties();org.apache.juli.logging.Log;0;2;2;1.0000;66;6;2;1;0;0.9444;18;18;0
org.apache.tomcat.util.bcel.classfile.StackMapTable.copy(ConstantPool);org.apache.tomcat.util.bcel.classfile.StackMapTableEntry;0;0;0;0;0;0;0;0;0;0;0;0;0
org.apache.catalina.core.ContainerBase.setCluster(Cluster);org.apache.catalina.Cluster;0;0;4;0.9674;603;62;29;1;0;0.9412;11;11;0
org.apache.catalina.tribes.transport.ReceiverBase.getBind();org.apache.juli.logging.Log;0;0;3;0.9636;325;21;33;3;0;0.8500;18;18;0
org.apache.jasper.servlet.JspServletWrapper.loadTagFilePrototype();org.apache.jasper.JspCompilationContext;1;1;1;0.9286;314;11;15;0;1;0.9841;420;31;31
org.apache.catalina.connector.MapperListener.findDefaultHost();org.apache.catalina.connector.Connector;0;0;0;0;0;0;0;0;0;0;0;0;0
org.apache.jasper.compiler.TagLibraryInfoImpl.createFunctionInfo(TreeNode);org.apache.jasper.compiler.Localizer;0;0;1;0.9600;523;14;6;1;0;1.0000;34;6;1
org.apache.catalina.ha.session.BackupManager.listSessionIdsFull();org.apache.catalina.tribes.tipis.AbstractReplicatedMap;0;0;0;1.0000;146;20;7;1;0;0.9848;740;50;17
org.apache.tomcat.util.digester.WithDefaultsRulesWrapper.getNamespaceURI();org.apache.tomcat.util.digester.Rules;0;0;1;0.9167;55;8;3;1;0;0.8889;8;8;0
org.apache.catalina.connector.CoyoteInputStream.read(byte[]);org.apache.catalina.security.SecurityUtil;0;0;1;0.8889;141;8;1;1;0;1.0000;146;11;17
org.apache.el.parser.ELParserTokenManager.jjFillToken();org.apache.el.parser.Token;1;0;3;0.9615;1035;33;25;1;4;0.7895;24;3;8
org.apache.catalina.util.LifecycleMBeanBase.register(Object, String);org.apache.juli.logging.Log;0;0;0;0;0;0;0;0;0;0;0;0;0
org.apache.catalina.mbeans.MBeanUtils.createObjectName(String, Service);org.apache.catalina.Service;0;0;0;1.0000;853;61;5;1;0;0.9333;15;15;0
org.apache.catalina.authenticator.BasicAuthenticator.authenticate(Request, HttpServletResponse, LoginConfig);org.apache.juli.logging.Log;0;0;0;0;0;0;0;0;0;0;0;0;0
org.apache.catalina.startup.UserConfig.deploy(String, String);org.apache.catalina.Lifecycle;1;0;5;0.8261;89;10;8;1;0;0.9375;5;5;9
org.apache.tomcat.util.net.NioEndpoint.Poller.register(NioChannel);org.apache.tomcat.util.net.SocketProperties;3;1;0;0.9688;395;15;7;1;0;0.9833;156;28;22
org.apache.catalina.authenticator.FormAuthenticator.authenticate(Request, HttpServletResponse, LoginConfig);org.apache.tomcat.util.buf.MessageBytes;3;6;2;0.8158;232;8;3;1;1;0.9873;402;31;17
org.apache.jasper.compiler.JspDocumentParser.getTaglibInfo(String, String);org.apache.jasper.compiler.TagConstants;2;0;4;0.9130;649;28;20;0;2;1.0000;0;0;57
org.apache.jasper.compiler.Parser.parseJspAttributeAndBody(Node, String, String);org.apache.jasper.compiler.ErrorDispatcher;0;2;2;0.9420;1203;56;14;1;0;0.9655;158;22;2
org.apache.catalina.loader.WebappClassLoader.clearReferencesStaticFinal();org.apache.catalina.loader.ResourceEntry;0;0;0;0;0;0;0;0;0;0;0;0;0
org.apache.catalina.mbeans.MBeanUtils.createObjectName(String, NamingResources);org.apache.catalina.Host;1;0;0;1.0000;853;61;5;1;0;0.9565;20;20;2
org.apache.catalina.tribes.transport.nio.NioReplicationTask.remoteEof(SelectionKey);org.apache.juli.logging.Log;0;1;1;0.9231;197;7;5;2;0;0.8947;18;18;0
org.apache.catalina.connector.ResponseFacade.containsHeader(String);org.apache.catalina.connector.Response;1;0;2;0.9756;224;40;2;1;0;0.9888;578;70;19
org.apache.catalina.startup.WebAnnotationSet.addResource(Context, Resource);org.apache.catalina.deploy.ResourceBase;5;0;0;1.0000;125;6;0;1;3;0.8462;43;9;6
org.apache.catalina.core.NamingContextListener.createNamingContext();org.apache.juli.logging.Log;2;6;8;0.7391;745;23;11;3;0;0.9286;18;18;0
org.apache.catalina.startup.ContextConfig.checkHandlesTypes(JavaClass);org.apache.tomcat.util.bcel.classfile.JavaClass;0;0;0;0;0;0;0;0;0;0;0;0;0
org.apache.catalina.manager.HTMLManagerServlet.findleaks();org.apache.tomcat.util.res.StringManager;0;0;0;0;0;0;0;0;0;0;0;0;0
org.apache.coyote.ajp.AjpAprProtocol.AjpConnectionHandler.process(long);org.apache.tomcat.util.res.StringManager;3;1;1;0.8571;86;5;4;1;0;0.9167;36;3;3
org.apache.coyote.ajp.AjpAprProtocol.pause();org.apache.juli.logging.Log;1;1;3;0.9655;219;40;15;3;0;0.8636;18;18;0
org.apache.catalina.realm.CombinedRealm.authenticate(X509Certificate[]);org.apache.catalina.Realm;2;0;3;0.9333;143;12;3;1;0;0.9412;14;14;0
org.apache.catalina.tribes.group.GroupChannel.memberAdded(Member);org.apache.catalina.tribes.MembershipListener;0;0;1;0.9697;268;24;8;1;0;0.6667;2;2;0
org.apache.catalina.startup.SetContextPropertiesRule.begin(String, String, Attributes);org.apache.tomcat.util.IntrospectionUtils;2;0;0;1.0000;15;1;0;1;0;1.0000;602;31;5
org.apache.jasper.compiler.Validator.TagExtraInfoVisitor.visit(Node.CustomTag);org.apache.jasper.compiler.Node;2;0;1;0.8750;27;1;1;0;1;0.9697;170;7;15
org.apache.coyote.http11.AbstractHttp11Protocol.setKeystoreFile(String);org.apache.tomcat.util.net.AbstractEndpoint;0;0;0;0;0;0;0;0;0;0;0;0;0
org.apache.tomcat.util.http.fileupload.FileUploadBase.getFieldName(FileItemHeaders);org.apache.tomcat.util.http.fileupload.FileItemHeaders;0;0;0;0;0;0;0;0;0;0;0;0;0
org.apache.catalina.ha.session.DeltaManager.stopInternal();org.apache.tomcat.util.ExceptionUtils;0;0;0;0;0;0;0;0;0;0;0;0;0
org.apache.catalina.startup.SetNextNamingRule.end(String, String);org.apache.tomcat.util.IntrospectionUtils;0;0;2;0.7500;25;2;2;1;0;1.0000;602;31;5
org.apache.catalina.realm.RealmBase.findSecurityConstraints(Request, Context);org.apache.juli.logging.Log;0;1;1;0.9846;688;39;24;2;0;0.9259;18;18;0
org.apache.catalina.session.PersistentManagerBase.processMaxIdleBackups();org.apache.catalina.session.StandardSession;1;1;3;0.9375;420;33;13;3;0;0.9639;558;58;26
org.apache.coyote.http11.Http11NioProcessor.action(ActionCode, Object);org.apache.coyote.Response;12;1;19;0.8269;954;28;38;0;2;0.9785;250;19;18
org.apache.catalina.util.RequestUtil.URLDecode(byte[], String, boolean);org.apache.juli.logging.Log;0;1;0;1.0000;183;13;1;0;0;1.0000;18;18;0
org.apache.catalina.core.StandardPipeline.addValve(Valve);org.apache.juli.logging.Log;0;1;5;0.8214;234;16;8;1;0;0.9630;18;18;0
org.apache.catalina.ssi.SSIFilter.doFilter(ServletRequest, ServletResponse, FilterChain);org.apache.catalina.ssi.ByteArrayServletOutputStream;1;0;6;0.5385;63;3;6;1;0;0.9286;9;2;1
org.apache.tomcat.util.digester.Digester.register(String, String);org.apache.juli.logging.Log;0;0;2;0.9851;849;103;29;2;0;0.9000;18;18;0
org.apache.catalina.connector.InputBuffer.read();org.apache.tomcat.util.buf.CharChunk;1;0;3;0.9429;210;19;17;1;0;0.9800;393;39;8
org.apache.catalina.manager.ManagerServlet.reload(PrintWriter, String);org.apache.catalina.Context;1;0;4;0.9348;913;34;13;2;0;0.9845;125;125;1
org.apache.el.parser.ELParser.FloatingPoint();org.apache.el.parser.ELParserConstants;4;1;1;0.9854;2195;111;22;0;1;0.9844;0;0;57
org.apache.jasper.compiler.Generator.GenerateVisitor.visit(Node.GetProperty);org.apache.jasper.compiler.BeanRepository;3;0;1;0.9853;1737;45;16;2;0;0.8571;24;3;3
org.apache.catalina.core.ApplicationFilterRegistration.getInitParameter(String);org.apache.catalina.deploy.FilterDef;0;0;0;0;0;0;0;0;0;0;0;0;0
org.apache.tomcat.util.digester.WithDefaultsRulesWrapper.setDigester(Digester);org.apache.tomcat.util.digester.Rule;1;0;2;0.8462;55;8;3;0;1;0.9333;31;9;2
org.apache.tomcat.util.bcel.classfile.StackMapEntry.dump(DataOutputStream);org.apache.tomcat.util.bcel.classfile.StackMapType;0;0;0;0;0;0;0;0;0;0;0;0;0
org.apache.jasper.compiler.Collector.CollectVisitor.checkSeen(Node.ChildInfo, Node);org.apache.jasper.compiler.Node.CustomTag;3;0;6;0.8065;114;15;6;1;2;0.9444;229;10;26
org.apache.tomcat.util.modeler.modules.MbeansSource.start();org.apache.tomcat.util.modeler.Registry;0;0;2;0.8947;198;11;10;1;0;0.9773;446;36;10
org.apache.jasper.compiler.Validator.ValidateVisitor.isExpression(Node, String, boolean);org.apache.jasper.compiler.PageInfo;3;0;1;0.9787;710;36;19;0;2;0.9750;319;30;44
org.apache.el.parser.ELParser.jj_consume_token(int);org.apache.el.parser.Token;1;1;7;0.9416;2195;111;22;0;2;0.9167;24;3;8
org.apache.catalina.authenticator.SingleSignOn.invoke(Request, Response);org.apache.catalina.connector.Response;2;1;1;0.9474;187;18;8;1;0;0.9904;578;70;19
org.apache.catalina.core.ContainerBase.ContainerBackgroundProcessor.processChildren(Container, ClassLoader);org.apache.catalina.core.ContainerBase;1;1;0;1.0000;37;2;0;0;1;1.0000;603;62;29
org.apache.catalina.connector.CoyoteAdapter.postParseRequest(org.apache.coyote.Request, Request, org.apache.coyote.Response, Response);org.apache.catalina.Container;11;4;2;0.9571;505;11;8;0;0;1.0000;34;34;6
org.apache.catalina.mbeans.MBeanFactory.createStandardServiceEngine(String, String, String);org.apache.catalina.Service;0;0;0;0;0;0;0;0;0;0;0;0;0
org.apache.catalina.ha.session.DeltaSession.removeAttribute(String, boolean, boolean);org.apache.tomcat.util.res.StringManager;1;2;1;0.9574;379;41;7;0;0;1.0000;36;3;3
org.apache.coyote.http11.Http11Protocol.Http11ConnectionHandler.createProcessor();org.apache.coyote.http11.Http11Processor;2;1;1;0.9429;91;4;4;6;7;0.8333;847;26;37
org.apache.tomcat.util.net.AprEndpoint.SocketProcessor.run();org.apache.tomcat.util.net.AprEndpoint.Handler;2;0;1;0.7500;9;1;1;1;1;0.6000;2;2;1
org.apache.catalina.manager.HTMLManagerServlet.list(HttpServletRequest, HttpServletResponse, String);org.apache.catalina.Context;2;0;10;1.0000;601;22;14;3;0;0.9781;125;125;1
org.apache.catalina.core.StandardWrapper.allocate();org.apache.tomcat.util.res.StringManager;1;1;8;0.9245;712;75;32;0;0;1.0000;36;3;3
org.apache.el.lang.ELSupport.coerceToNumber(Object, Class<?>);org.apache.el.lang.ELArithmetic;0;2;1;1.0000;351;22;1;1;0;1.0000;96;16;5
org.apache.catalina.core.StandardWrapper.incrementErrorCount();org.apache.catalina.core.StandardWrapperValve;1;0;1;0.9902;712;75;32;0;1;0.9000;341;4;6
org.apache.catalina.util.RequestUtil.URLDecode(String, String, boolean);org.apache.juli.logging.Log;0;1;0;1.0000;183;13;1;0;0;1.0000;18;18;0
org.apache.catalina.session.JDBCStore.getSize();org.apache.juli.logging.Log;1;5;5;0.8305;495;34;23;1;0;0.9688;18;18;0
org.apache.catalina.ssi.SSIMediator.log(String);org.apache.catalina.ssi.SSIExternalResolver;0;0;1;0.9615;190;16;13;1;0;0.8889;8;8;0
org.apache.catalina.startup.TldConfig.tldScanResourcePaths(String);org.apache.juli.logging.Log;0;0;0;0;0;0;0;0;0;0;0;0;0
org.apache.catalina.session.ManagerBase.getDigest();org.apache.tomcat.util.res.StringManager;1;0;5;0.9643;489;55;31;0;0;1.0000;36;3;3
org.apache.catalina.core.AsyncContextImpl.start(Runnable);org.apache.catalina.connector.Request;1;1;5;0.8438;244;21;12;1;0;0.9944;1084;128;51
org.apache.catalina.mbeans.MBeanUtils.createMBean(ContextResource);org.apache.tomcat.util.modeler.ManagedBean;0;2;2;1.0000;853;61;5;2;0;0.9429;252;23;13
org.apache.catalina.core.ApplicationFilterChain.internalDoFilter(ServletRequest, ServletResponse);org.apache.catalina.Wrapper;3;0;10;0.7059;225;9;13;0;0;1.0000;32;32;0
org.apache.catalina.connector.RequestFacade.isRequestedSessionIdFromURL();org.apache.tomcat.util.res.StringManager;1;0;2;0.9865;462;73;2;0;0;1.0000;36;3;3
org.apache.catalina.authenticator.FormAuthenticator.saveRequest(Request, Session);org.apache.catalina.authenticator.SavedRequest;3;0;0;1.0000;232;8;3;3;5;0.7838;67;15;9
org.apache.tomcat.util.bcel.classfile.ElementValuePair.dump(DataOutputStream);org.apache.tomcat.util.bcel.classfile.ElementValue;0;0;0;0;0;0;0;0;0;0;0;0;0
org.apache.catalina.core.StandardContext.setResources(DirContext);org.apache.naming.resources.FileDirContext;3;0;8;0.9748;2385;204;107;0;2;0.9565;229;25;6
org.apache.naming.ContextBindings.unbindContext(Object, Object);org.apache.naming.ContextAccessController;0;0;1;1.0000;112;21;6;1;0;1.0000;25;6;2
org.apache.coyote.ajp.AjpProcessor.readMessage(AjpMessage);org.apache.coyote.ajp.AjpMessage;1;1;0;0.9767;570;12;32;2;2;0.8462;235;23;5
org.apache.jasper.compiler.ELParser.parseFunction();org.apache.jasper.compiler.ELNode.Nodes;0;3;3;0.7143;204;12;8;1;0;0.9375;35;5;2
org.apache.jasper.compiler.JspDocumentParser.startElement(String, String, String, Attributes);org.apache.jasper.compiler.Localizer;6;5;11;0.6667;649;28;20;1;0;1.0000;34;6;1
org.apache.catalina.tribes.group.RpcChannel.messageReceived(Serializable, Member);org.apache.catalina.tribes.Channel;1;0;4;0.8421;98;6;9;1;0;0.9630;15;15;13
org.apache.jasper.tagplugins.jstl.core.Url.doTag(TagPluginContext);org.apache.jasper.tagplugins.jstl.Util;0;0;0;1.0000;45;1;0;1;0;1.0000;110;6;4
org.apache.tomcat.util.http.fileupload.DiskFileItem.writeObject(ObjectOutputStream);org.apache.tomcat.util.http.fileupload.DeferredFileOutputStream;0;0;0;0;0;0;0;0;0;0;0;0;0
org.apache.catalina.core.ApplicationContext.addServlet(String, String, Servlet);org.apache.catalina.core.StandardContext;0;0;0;0;0;0;0;0;0;0;0;0;0
org.apache.coyote.http11.Http11Processor.action(ActionCode, Object);org.apache.tomcat.util.net.JIoEndpoint;6;1;18;0.8068;847;26;37;0;0;1.0000;312;23;26
org.apache.tomcat.util.net.NioEndpoint.Poller.register(NioChannel);org.apache.tomcat.util.net.NioChannel;3;1;0;0.9688;395;15;7;0;1;0.9667;83;15;5
org.apache.catalina.core.ApplicationContextFacade.addServlet(String, Class<? extends Servlet>);org.apache.catalina.security.SecurityUtil;0;1;1;0.9592;426;46;3;1;0;1.0000;146;11;17
org.apache.catalina.session.ManagerBase.toString();org.apache.catalina.Container;0;0;0;0;0;0;0;0;0;0;0;0;0
org.apache.coyote.http11.Http11Processor.process(SocketWrapper<Socket>);org.apache.coyote.http11.InternalOutputBuffer;0;0;0;0;0;0;0;0;0;0;0;0;0
org.apache.catalina.mbeans.ServerLifecycleListener.lifecycleEvent(LifecycleEvent);org.apache.catalina.mbeans.MBeanUtils;3;5;1;0.8684;569;32;2;2;0;1.0000;853;61;5
org.apache.tomcat.util.http.mapper.Mapper.addWrapper(String, String, String, Object, boolean);org.apache.juli.logging.Log;0;2;2;0.9394;816;39;4;1;0;0.9565;18;18;0
org.apache.catalina.valves.ValveBase.getObjectNameKeyProperties();org.apache.catalina.Pipeline;0;0;0;0;0;0;0;0;0;0;0;0;0
org.apache.coyote.http11.filters.GzipOutputFilter.doWrite(ByteChunk, Response);org.apache.tomcat.util.buf.ByteChunk;1;0;2;0.7778;26;4;5;2;1;0.9388;425;43;10
org.apache.catalina.realm.RealmBase.getServer();org.apache.catalina.Engine;0;0;1;0.9828;688;39;24;1;0;0.8889;6;6;0
org.apache.jasper.runtime.JspFactoryImpl.getPageContext(Servlet, ServletRequest, ServletResponse, String, boolean, int, boolean);org.apache.jasper.Constants;1;1;0;0.8571;71;6;5;0;1;1.0000;0;0;34
org.apache.catalina.mbeans.ServerLifecycleListener.lifecycleEvent(LifecycleEvent);org.apache.catalina.Lifecycle;3;5;1;0.8684;569;32;2;0;2;1.0000;5;5;9
org.apache.catalina.mbeans.MBeanUtils.getDomain(Service);org.apache.catalina.Container;0;0;0;0;0;0;0;0;0;0;0;0;0
org.apache.catalina.tribes.transport.bio.util.FastQueue.setAddWaitTimeout(long);org.apache.catalina.tribes.transport.bio.util.SingleRemoveSynchronizedAddLock;1;0;2;0.9200;172;11;14;0;1;0.9375;88;6;7
org.apache.jasper.compiler.Generator.GenerateVisitor.visit(Node.Expression);org.apache.jasper.compiler.Node;2;0;1;0.9851;1737;45;16;0;2;0.9394;170;7;15
org.apache.jasper.compiler.Generator.GenerateVisitor.generateSetters(Node.CustomTag, String, TagHandlerInfo, boolean);org.apache.jasper.compiler.ServletWriter;5;0;4;0.9467;1737;45;16;4;0;0.8750;65;13;6
org.apache.catalina.tribes.group.ChannelCoordinator.sendMessage(Member[], ChannelMessage, InterceptorPayload);org.apache.catalina.tribes.Channel;2;0;2;0.9286;164;15;5;0;1;1.0000;15;15;13
org.apache.coyote.http11.Http11NioProcessor.parseHost(MessageBytes);org.apache.tomcat.util.buf.MessageBytes;6;0;6;0.9189;954;28;38;2;1;0.9464;402;31;17
org.apache.catalina.startup.TldConfig.init();org.apache.catalina.Context;1;1;4;0.8261;321;14;11;3;0;0.9773;125;125;1
org.apache.catalina.loader.WebappClassLoader.findResource(String);org.apache.catalina.loader.ResourceEntry;1;1;3;0.9583;1193;44;30;0;1;0.9167;0;0;7
org.apache.catalina.tribes.transport.bio.BioReplicationTask.close();org.apache.catalina.tribes.io.ObjectReader;0;0;2;0.8182;92;6;3;1;0;0.9500;71;9;5
org.apache.jasper.compiler.Compiler.isOutDated(boolean);org.apache.jasper.servlet.JspServletWrapper;2;0;3;0.9000;285;11;8;2;1;0.9250;314;11;15
org.apache.catalina.core.StandardContext.removeFilterDef(FilterDef);org.apache.catalina.deploy.FilterDef;0;0;1;0.9968;2385;204;107;1;0;0.9444;51;9;7
org.apache.tomcat.util.http.Cookies.recycle();org.apache.tomcat.util.http.ServerCookie;0;0;3;0.8000;269;16;9;1;0;0.9333;218;16;16
org.apache.tomcat.util.bcel.classfile.LocalVariable.getSignature();org.apache.tomcat.util.bcel.Constants;0;0;0;0;0;0;0;0;0;0;0;0;0
org.apache.jasper.compiler.ErrorDispatcher.createJavacError(String, Node.Nodes, StringBuilder, int, JspCompilationContext);org.apache.jasper.compiler.Node;2;0;0;1.0000;158;22;2;0;2;0.9355;170;7;15
org.apache.catalina.core.StandardWrapper.setParent(Container);org.apache.catalina.core.StandardContext;1;0;2;0.9808;712;75;32;2;0;0.9936;2385;204;107
org.apache.catalina.ha.deploy.FileMessageFactory.writeMessage(FileMessage);org.apache.catalina.ha.deploy.FileMessage;1;1;6;0.7600;128;6;14;0;6;0.6842;53;2;7
org.apache.catalina.ha.session.DeltaManager.requestCompleted(String, boolean);org.apache.catalina.ha.session.DeltaRequest;0;0;0;0;0;0;0;0;0;0;0;0;0
org.apache.catalina.core.ApplicationContextFacade.getRequestDispatcher(String);org.apache.catalina.core.ApplicationContext;0;1;1;0.9600;426;46;3;1;0;0.9828;460;47;13
org.apache.coyote.http11.AbstractHttp11Protocol.getKeystorePass();org.apache.tomcat.util.net.AbstractEndpoint;0;0;0;0;0;0;0;0;0;0;0;0;0
org.apache.coyote.http11.Http11AprProtocol.getSendfileSize();org.apache.tomcat.util.net.AprEndpoint;1;0;1;0.9901;387;76;26;0;1;0.9875;629;27;59
org.apache.catalina.connector.Response.sendError(int, String);org.apache.catalina.Wrapper;2;5;3;0.9231;578;70;19;1;0;0.9762;32;32;0
org.apache.catalina.startup.Catalina.CatalinaShutdownHook.run();org.apache.catalina.startup.Catalina;1;0;0;1.0000;5;1;0;1;1;0.9167;311;18;8
org.apache.coyote.http11.InternalInputBuffer.InputStreamInputBuffer.doRead(ByteChunk, Request);org.apache.tomcat.util.buf.ByteChunk;1;0;0;1.0000;9;1;0;1;0;0.9804;425;43;10
org.apache.coyote.http11.InternalNioOutputBuffer.SocketOutputBuffer.doWrite(ByteChunk, Response);org.apache.tomcat.util.buf.ByteChunk;1;0;0;1.0000;7;1;0;1;2;0.9375;425;43;10
org.apache.catalina.core.ApplicationContextFacade.addListener(T);org.apache.catalina.core.ApplicationContext;0;0;0;0;0;0;0;0;0;0;0;0;0
org.apache.tomcat.util.http.fileupload.FileUploadBase.parseRequest(RequestContext);org.apache.tomcat.util.http.fileupload.FileItemFactory;0;0;0;0;0;0;0;0;0;0;0;0;0
org.apache.catalina.core.StandardServer.getDomainInternal();org.apache.catalina.mbeans.MBeanUtils;0;0;0;0;0;0;0;0;0;0;0;0;0
org.apache.tomcat.util.net.JIoEndpoint.Acceptor.run();org.apache.tomcat.util.net.JIoEndpoint;1;0;0;1.0000;28;1;0;1;6;0.8750;312;23;26
org.apache.catalina.connector.Request.getAttribute(String);org.apache.tomcat.util.buf.MessageBytes;3;2;4;0.9714;1084;128;51;1;0;0.9800;402;31;17
org.apache.el.parser.ELParser.ValuePrefix();org.apache.el.parser.ELParserConstants;1;4;3;0.9496;2195;111;22;0;8;0.8750;0;0;57
org.apache.catalina.core.StandardHostValve.event(Request, Response, CometEvent);org.apache.catalina.Valve;1;2;0;0.8571;149;7;3;1;0;0.9375;6;6;0
org.apache.catalina.mbeans.MemoryUserDatabaseMBean.removeGroup(String);org.apache.catalina.mbeans.MBeanUtils;0;0;0;1.0000;168;12;6;1;0;1.0000;853;61;5
org.apache.catalina.util.SchemaResolver.resolveEntity(String, String);org.apache.tomcat.util.digester.Digester;1;0;3;0.5000;32;2;4;0;1;0.9926;849;103;29
org.apache.catalina.startup.CallParamMultiRule.end(String, String);org.apache.tomcat.util.digester.Digester;0;0;0;1.0000;14;1;0;1;0;0.9928;849;103;29
org.apache.catalina.mbeans.MBeanFactory.createStandardHost(String, String, String, boolean, boolean, boolean, boolean);org.apache.catalina.Container;0;0;0;0;0;0;0;0;0;0;0;0;0
org.apache.jasper.compiler.Parser.parseDirective(Node);org.apache.jasper.compiler.JspReader;0;6;5;0.8406;1203;56;14;3;0;0.9388;322;25;9
org.apache.catalina.connector.Request.getProtocol();org.apache.tomcat.util.buf.MessageBytes;1;0;1;0.9943;1084;128;51;1;0;0.9778;402;31;17
org.apache.catalina.ha.deploy.FarmWarDeployer.copy(File, File);org.apache.juli.logging.Log;0;0;1;1.0000;376;28;17;1;0;0.9444;18;18;0
org.apache.coyote.ajp.AjpAprProtocol.getName();org.apache.tomcat.util.net.AbstractEndpoint;0;0;0;0;0;0;0;0;0;0;0;0;0
org.apache.catalina.startup.HomesUserDatabase.init();org.apache.catalina.startup.UserConfig;0;0;2;0.7500;27;5;2;1;0;0.9444;89;10;8
org.apache.catalina.mbeans.MBeanUtils.createObjectName(String, Loader);org.apache.catalina.Host;0;0;0;1.0000;853;61;5;1;0;0.9583;20;20;2
org.apache.catalina.connector.Request.recycle();org.apache.catalina.Session;3;0;36;0.8011;1084;128;51;1;0;0.9868;32;32;4
org.apache.catalina.ha.tcp.SimpleTcpCluster.setManagerClassName(String);org.apache.juli.logging.Log;0;0;1;1.0000;371;45;31;1;0;0.9444;18;18;0
org.apache.catalina.connector.RequestFacade.GetRequestDispatcherPrivilegedAction.run();org.apache.catalina.connector.Request;1;0;1;0.6667;6;1;1;1;0;0.9943;1084;128;51
org.apache.catalina.connector.Request.setServletPath(String);org.apache.tomcat.util.buf.MessageBytes;1;0;1;0.9943;1084;128;51;1;0;0.9778;402;31;17
org.apache.coyote.RequestGroupInfo.setMaxTime(long);org.apache.coyote.RequestInfo;1;0;2;0.9091;112;15;7;0;1;0.9655;134;13;14
org.apache.catalina.connector.CoyoteAdapter.asyncDispatch(org.apache.coyote.Request, org.apache.coyote.Response, SocketStatus);org.apache.coyote.ActionCode;0;0;0;0;0;0;0;0;0;0;0;0;0
org.apache.catalina.connector.ResponseFacade.encodeRedirectURL(String);org.apache.tomcat.util.res.StringManager;1;0;2;0.9756;224;40;2;0;0;1.0000;36;3;3
org.apache.catalina.util.ExtensionValidator.validateApplication(DirContext, Context);org.apache.naming.resources.Resource;2;2;1;1.0000;182;6;4;1;0;0.8571;23;1;2
org.apache.tomcat.util.bcel.classfile.Utility.classOrInterface(int);org.apache.tomcat.util.bcel.Constants;0;0;0;0;0;0;0;0;0;0;0;0;0
org.apache.catalina.connector.RequestFacade.isSecure();org.apache.catalina.connector.Request;1;0;2;0.9865;462;73;2;1;0;0.9943;1084;128;51
org.apache.catalina.ha.session.DeltaManager.messageReceived(SessionMessage, Member);org.apache.juli.logging.Log;2;8;4;0.8851;826;43;42;3;0;0.9032;18;18;0
org.apache.catalina.tribes.group.interceptors.FragmentationInterceptor.FragKey.hashCode();org.apache.catalina.tribes.io.XByteBuffer;0;0;1;0.7500;15;3;2;1;0;1.0000;317;36;7
org.apache.coyote.ajp.AjpAprProcessor.readt(int, boolean);org.apache.tomcat.jni.Socket;1;0;3;0.9487;616;13;30;1;0;1.0000;37;37;34
org.apache.catalina.ssi.SSIMediator.setConfigTimeFmt(String, boolean);org.apache.catalina.util.DateTool;1;1;2;0.8800;190;16;13;0;1;1.0000;0;0;11
org.apache.catalina.tribes.transport.ReplicationTransmitter.sendMessage(ChannelMessage, Member[]);org.apache.catalina.tribes.transport.MultiPointSender;0;0;1;0.9000;30;7;3;1;0;0.8750;7;7;0
org.apache.catalina.ha.session.SimpleTcpReplicationManager.messageReceived(SessionMessage, Member);org.apache.juli.logging.Log;1;2;4;0.9000;362;17;17;4;0;0.8889;18;18;0
org.apache.coyote.http11.AbstractHttp11Protocol.getSessionTimeout();org.apache.tomcat.util.net.AbstractEndpoint;0;0;0;0;0;0;0;0;0;0;0;0;0
org.apache.catalina.servlets.DefaultServlet.checkIfUnmodifiedSince(HttpServletRequest, HttpServletResponse, ResourceAttributes);org.apache.naming.resources.ResourceAttributes;0;0;0;1.0000;994;37;18;1;0;0.9767;516;30;30
org.apache.jasper.compiler.Validator.ValidateVisitor.visit(Node.PlugIn);org.apache.jasper.compiler.Node.PlugIn;1;2;2;0.9362;710;36;19;0;2;0.8333;21;1;2
org.apache.catalina.connector.Request.getRemoteHost();org.apache.coyote.Request;2;1;3;0.9773;1084;128;51;1;1;0.9655;219;17;34
org.apache.catalina.startup.HostConfig.deployWAR(String, File, String);org.apache.catalina.Host;2;4;8;0.8500;755;35;15;1;0;0.9767;20;20;2
org.apache.jasper.JspCompilationContext.getServletClassName();org.apache.jasper.compiler.JspUtil;0;0;4;0.9333;420;31;31;1;0;1.0000;693;44;8
org.apache.tomcat.util.bcel.classfile.SimpleElementValue.stringifyValue();org.apache.tomcat.util.bcel.classfile.ConstantLong;0;0;0;0;0;0;0;0;0;0;0;0;0
org.apache.catalina.connector.Response.setLocale(Locale);org.apache.coyote.Response;0;2;4;0.9341;578;70;19;2;0;0.9556;250;19;18
org.apache.catalina.session.ManagerBase.changeSessionId(Session);org.apache.catalina.Session;0;0;0;0;0;0;0;0;0;0;0;0;0
org.apache.jasper.compiler.ErrorDispatcher.javacError(JavacErrorDetail[]);org.apache.jasper.compiler.ErrorHandler;0;0;1;0.9524;158;22;2;1;0;0.8000;4;4;0
org.apache.jasper.compiler.Node.Scriptlet.accept(Visitor);org.apache.jasper.compiler.Node.Visitor;0;0;0;1.0000;9;1;0;1;0;0.9714;126;35;0
org.apache.catalina.authenticator.AuthenticatorBase.startInternal();org.apache.catalina.Container;0;0;0;0;0;0;0;0;0;0;0;0;0
org.apache.catalina.mbeans.MBeanUtils.destroyMBean(Realm);org.apache.tomcat.util.modeler.ManagedBean;0;2;2;1.0000;853;61;5;1;0;0.9714;252;23;13
org.apache.catalina.tribes.transport.nio.NioReplicationTask.drainChannel(SelectionKey, ObjectReader);org.apache.catalina.tribes.io.ChannelData;4;3;2;0.8667;197;7;5;2;1;1.0000;165;14;7
org.apache.catalina.ha.session.SimpleTcpReplicationManager.createSession(String, boolean, boolean);org.apache.tomcat.util.res.StringManager;1;0;1;0.9773;362;17;17;1;0;0.9375;36;3;3
org.apache.catalina.ha.deploy.FarmWarDeployer.start();org.apache.tomcat.util.modeler.Registry;0;0;11;0.8077;376;28;17;2;0;0.9833;446;36;10
org.apache.catalina.connector.Connector.initInternal();org.apache.catalina.connector.MapperListener;0;0;0;0;0;0;0;0;0;0;0;0;0
org.apache.catalina.session.PersistentManagerBase.load();org.apache.catalina.Store;1;1;2;0.9583;420;33;13;1;0;0.9444;11;11;0
org.apache.coyote.ajp.AjpAprProcessor.receive();org.apache.coyote.ajp.AjpMessage;1;1;4;0.8810;616;13;30;3;1;0.8667;235;23;5
org.apache.coyote.http11.AbstractHttp11Protocol.setAllowUnsafeLegacyRenegotiation(String);org.apache.tomcat.util.net.AbstractEndpoint;0;0;0;0;0;0;0;0;0;0;0;0;0
org.apache.catalina.tribes.group.interceptors.TcpFailureDetector.memberDisappeared(Member);org.apache.catalina.tribes.membership.Membership;1;2;3;0.8462;227;15;10;1;0;0.9643;136;11;6
org.apache.catalina.mbeans.MBeanUtils.createMBean(ContextResourceLink);org.apache.tomcat.util.modeler.Registry;0;2;2;1.0000;853;61;5;1;0;0.9773;446;36;10
org.apache.catalina.startup.TaglibUriRule.body(String, String, String);org.apache.catalina.startup.TldConfig;0;0;0;0;0;0;0;0;0;0;0;0;0
org.apache.coyote.http11.Http11AprProtocol.Http11ConnectionHandler.register(Http11AprProcessor);org.apache.coyote.http11.AbstractHttp11Processor;0;0;0;0;0;0;0;0;0;0;0;0;0
org.apache.coyote.http11.Http11Processor.asyncDispatch(SocketStatus);org.apache.coyote.RequestInfo;0;0;0;0;0;0;0;0;0;0;0;0;0
org.apache.catalina.connector.MapperListener.registerHost(Host);org.apache.juli.logging.Log;0;0;0;0;0;0;0;0;0;0;0;0;0
org.apache.catalina.tribes.tipis.AbstractReplicatedMap.MapMessage.writeMembers(ObjectOutput, Member[]);org.apache.catalina.tribes.membership.MemberImpl;0;0;0;1.0000;159;12;20;1;0;0.9744;300;29;19
org.apache.catalina.authenticator.AuthenticatorBase.reauthenticateFromSSO(String, Request);org.apache.catalina.connector.Request;0;2;2;0.9211;286;20;18;3;0;0.9833;1084;128;51
org.apache.catalina.connector.CoyoteAdapter.parseSessionSslId(Request);org.apache.tomcat.util.net.SSLSupport;3;0;1;1.0000;505;11;8;0;1;1.0000;5;5;6
org.apache.catalina.connector.CoyoteAdapter.convertURI(MessageBytes, Request);org.apache.catalina.connector.Connector;4;0;2;0.9630;505;11;8;2;0;0.9815;455;59;40
org.apache.tomcat.util.net.NioEndpoint.Poller.cancelledKey(SelectionKey, SocketStatus, boolean);org.apache.tomcat.util.net.NioEndpoint.KeyAttachment;3;0;0;1.0000;395;15;7;1;3;0.8947;155;14;15
org.apache.catalina.realm.RealmBase.hasResourcePermission(Request, Response, SecurityConstraint[], Context);org.apache.catalina.connector.Request;2;1;3;0.9714;688;39;24;3;0;0.9840;1084;128;51
org.apache.jasper.servlet.JspServlet.handleMissingResource(HttpServletRequest, HttpServletResponse, String);org.apache.jasper.compiler.Localizer;0;0;1;0.9333;173;10;5;1;0;1.0000;34;6;1
org.apache.catalina.loader.WebappClassLoader.clearReferences();org.apache.tomcat.util.IntrospectionUtils;1;1;3;0.9730;1193;44;30;1;0;1.0000;602;31;5
org.apache.el.parser.JJTELParserState.openNodeScope(Node);org.apache.el.parser.Node;0;0;3;0.8125;74;10;5;1;0;0.9444;15;15;0
org.apache.jasper.compiler.TagLibraryInfoImpl.createVariable(TreeNode);org.apache.jasper.xmlparser.TreeNode;0;0;1;0.9600;523;14;6;3;0;0.8696;109;13;5
org.apache.coyote.http11.Http11Processor.action(ActionCode, Object);org.apache.coyote.http11.InternalOutputBuffer;6;1;18;0.8068;847;26;37;5;0;0.9367;255;24;14
org.apache.jasper.compiler.ImplicitTagLibraryInfo.getTagFile(String);org.apache.jasper.compiler.ParserController;1;0;3;0.6250;108;2;11;0;1;0.9667;284;13;13
org.apache.jasper.compiler.SmapUtil.SDEInstaller.copyMembers();org.apache.juli.logging.Log;0;4;1;0.8077;227;21;8;2;0;0.9130;18;18;0
org.apache.coyote.http11.filters.ChunkedInputFilter.parseChunkHeader();org.apache.coyote.http11.Constants;2;1;5;0.6250;128;9;10;0;3;1.0000;0;0;44
org.apache.catalina.util.ExtensionValidator.validateApplication(DirContext, Context);org.apache.tomcat.util.ExceptionUtils;0;0;0;0;0;0;0;0;0;0;0;0;0
org.apache.catalina.connector.Response.encodeRedirectURL(String);org.apache.catalina.Session;0;3;1;0.9551;578;70;19;1;0;0.9730;32;32;4
org.apache.naming.resources.WARDirContext.doLookup(String);org.apache.juli.logging.Log;0;1;0;0.9697;200;29;3;0;0;1.0000;18;18;0
org.apache.catalina.tribes.transport.nio.NioReceiver.createRxTask();org.apache.catalina.tribes.transport.AbstractRxTask;2;0;0;1.0000;269;15;8;0;2;0.8000;37;1;6
org.apache.jasper.runtime.PageContextImpl.getException();org.apache.jasper.runtime.JspRuntimeLibrary;0;0;1;0.9811;634;40;16;1;0;1.0000;647;45;2
org.apache.catalina.loader.WebappLoader.stopInternal();org.apache.catalina.mbeans.MBeanUtils;0;0;0;0;0;0;0;0;0;0;0;0;0
org.apache.tomcat.util.bcel.classfile.JavaClass.toString();org.apache.tomcat.util.bcel.classfile.Utility;0;0;0;0;0;0;0;0;0;0;0;0;0
org.apache.catalina.core.ApplicationFilterChain.internalDoFilter(ServletRequest, ServletResponse);org.apache.catalina.core.ApplicationDispatcher;3;0;10;0.7059;225;9;13;0;0;1.0000;419;14;10
org.apache.catalina.connector.Request.parseParts();org.apache.catalina.core.ApplicationPart;0;0;0;0;0;0;0;0;0;0;0;0;0
org.apache.catalina.startup.ContextConfig.getServletContainerInitializer(InputStream);org.apache.catalina.Container;0;0;0;0;0;0;0;0;0;0;0;0;0
org.apache.catalina.connector.Request.login(String, String);org.apache.catalina.Context;0;0;0;1.0000;1084;128;51;0;0;1.0000;125;125;1
org.apache.coyote.http11.AbstractHttp11Processor.addFilter(String);org.apache.juli.logging.Log;0;0;0;0;0;0;0;0;0;0;0;0;0
org.apache.naming.resources.DirContextURLConnection.list();org.apache.naming.resources.ProxyDirContext;0;1;3;0.7778;184;11;7;0;0;1.0000;469;64;15
org.apache.catalina.mbeans.ServerLifecycleListener.destroyMBeans(Context);org.apache.catalina.mbeans.MBeanUtils;0;1;1;0.9756;569;32;2;1;0;1.0000;853;61;5
org.apache.jasper.compiler.Node.Visitor.visitBody(Node);org.apache.jasper.compiler.Node.Nodes;1;0;0;1.0000;126;35;0;1;0;0.9091;43;5;3
org.apache.tomcat.util.http.fileupload.MultipartStream.ItemInputStream.makeAvailable();org.apache.tomcat.util.http.fileupload.MultipartStream.ProgressNotifier;0;0;0;0;0;0;0;0;0;0;0;0;0
org.apache.jasper.compiler.Dumper.DumpVisitor.visit(Node.Comment);org.apache.jasper.compiler.Node;1;1;0;0.9643;122;27;1;0;1;0.9643;170;7;15
org.apache.catalina.connector.CoyoteInputStream.available();org.apache.catalina.connector.InputBuffer;0;0;1;0.8889;141;8;1;1;0;0.9722;210;19;17
org.apache.tomcat.util.modeler.BaseModelMBean.getAttribute(String);org.apache.tomcat.util.modeler.ManagedBean;0;0;3;0.9412;284;28;9;1;0;0.9722;252;23;13
org.apache.naming.resources.ProxyDirContext.revalidate(CacheEntry);org.apache.naming.resources.ResourceAttributes;1;0;1;0.9878;469;64;15;2;0;0.9574;516;30;30
org.apache.catalina.mbeans.MBeanUtils.createMBean(ContextEnvironment);org.apache.tomcat.util.modeler.ManagedBean;0;2;2;1.0000;853;61;5;2;0;0.9429;252;23;13
org.apache.jasper.compiler.Parser.parseInclude(Node);org.apache.jasper.compiler.JspReader;0;2;3;0.9385;1203;56;14;1;0;0.9750;322;25;9
org.apache.jasper.compiler.Validator.ValidateVisitor.visit(Node.UseBean);org.apache.jasper.compiler.Node.UseBean;3;1;3;0.9388;710;36;19;0;1;0.9286;15;1;1
org.apache.coyote.http11.Http11NioProtocol.Http11ConnectionHandler.process(NioChannel);org.apache.tomcat.util.net.AbstractEndpoint.Handler;0;0;0;0;0;0;0;0;0;0;0;0;0
org.apache.catalina.tribes.tipis.AbstractReplicatedMap.get(Object);org.apache.catalina.tribes.tipis.ReplicatedMapEntry;3;2;8;0.8902;740;50;17;1;0;0.9722;10;10;0
org.apache.tomcat.util.modeler.BaseModelMBean.addAttributeChangeNotificationListener(NotificationListener, String, Object);org.apache.juli.logging.Log;0;0;2;0.9722;284;28;9;2;0;0.9000;18;18;0
org.apache.jasper.compiler.ELFunctionMapper.ELFunctionVisitor.visit(Node.JspElement);org.apache.jasper.compiler.Node.JspElement;2;0;0;1.0000;151;14;1;0;2;0.6667;21;1;2
org.apache.catalina.connector.Request.getRemoteAddr();org.apache.coyote.ActionCode;2;0;2;0.9886;1084;128;51;0;1;1.0000;6;0;26
org.apache.catalina.tribes.tipis.ReplicatedMap.publishEntryInfo(Object, Object);org.apache.catalina.tribes.Channel;1;0;0;1.0000;20;2;1;2;0;0.8947;15;15;13
org.apache.coyote.http11.Http11AprProtocol.getName();org.apache.tomcat.util.net.AbstractEndpoint;0;0;0;0;0;0;0;0;0;0;0;0;0
org.apache.coyote.ajp.AjpProcessor.prepareRequest();org.apache.coyote.ajp.Constants;7;1;8;0.8846;570;12;32;0;20;1.0000;5;1;105
org.apache.coyote.Response.recycle();org.apache.coyote.Constants;1;0;14;0.6486;250;19;18;0;1;1.0000;0;0;14
org.apache.tomcat.util.net.NioEndpoint.Poller.timeout(int, boolean);org.apache.tomcat.util.net.SocketWrapper;0;0;0;0;0;0;0;0;0;0;0;0;0
org.apache.catalina.tribes.io.ChannelData.getDataPackageLength();org.apache.catalina.tribes.io.XByteBuffer;1;0;3;0.8333;165;14;7;0;1;0.9643;317;36;7
org.apache.tomcat.util.digester.FactoryCreateRule.begin(String, String, Attributes);org.apache.juli.logging.Log;2;1;2;0.8966;114;5;5;5;0;0.8077;18;18;0
org.apache.el.parser.ELParser.FloatingPoint();org.apache.el.parser.SimpleNode;4;1;1;0.9854;2195;111;22;0;1;0.9615;82;15;4
org.apache.catalina.core.StandardService.initInternal();org.apache.juli.logging.Log;0;0;0;0;0;0;0;0;0;0;0;0;0
org.apache.coyote.http11.Http11Processor.process(SocketWrapper<Socket>);org.apache.tomcat.util.net.SocketWrapper;0;0;0;0;0;0;0;0;0;0;0;0;0
org.apache.jasper.compiler.Validator.ValidateVisitor.getParameters(ELNode.Function);org.apache.jasper.compiler.ErrorDispatcher;1;0;1;0.9778;710;36;19;1;0;0.9600;158;22;2
org.apache.jasper.compiler.Validator.ValidateVisitor.getJspAttribute(TagAttributeInfo, String, String, String, String, Node, boolean);org.apache.jasper.compiler.ELNode.Nodes;6;0;2;0.9630;710;36;19;2;0;0.9048;35;5;2
org.apache.coyote.http11.AbstractHttp11Protocol.getKeyAlias();org.apache.tomcat.util.net.AbstractEndpoint;0;0;0;0;0;0;0;0;0;0;0;0;0
org.apache.catalina.connector.Request.getPathInfoMB();org.apache.tomcat.util.http.mapper.MappingData;1;0;1;0.9942;1084;128;51;0;1;0.9091;11;1;9
org.apache.catalina.core.ApplicationDispatcher.doForward(ServletRequest, ServletResponse);org.apache.catalina.Container;3;4;7;0.7143;419;14;10;1;0;0.9821;34;34;6
org.apache.catalina.ha.tcp.ReplicationValve.sendSessionReplicationMessage(Request, ClusterManager, CatalinaCluster);org.apache.juli.logging.Log;1;2;4;0.8857;283;17;17;2;0;0.9167;18;18;0
org.apache.naming.ContextBindings.getClassLoaderName();org.apache.naming.StringManager;0;0;2;1.0000;112;21;6;1;0;0.8750;65;7;2
org.apache.catalina.connector.Response.recycle();org.apache.catalina.Globals;2;0;11;0.8804;578;70;19;0;1;1.0000;0;0;39
org.apache.jasper.compiler.TldLocationsCache.tldScanStream(String, String, InputStream);org.apache.jasper.xmlparser.ParserUtils;0;0;0;0;0;0;0;0;0;0;0;0;0
org.apache.catalina.tribes.group.interceptors.TcpFailureDetector.performBasicCheck();org.apache.catalina.tribes.membership.Membership;0;1;4;0.8667;227;15;10;3;0;0.9000;136;11;6
org.apache.catalina.startup.ConnectorCreateRule.begin(String, String, Attributes);org.apache.tomcat.util.digester.Digester;1;1;0;0.8333;22;3;1;2;0;0.9853;849;103;29
org.apache.catalina.ha.deploy.FarmWarDeployer.remove(String, boolean);org.apache.juli.logging.Log;0;4;2;0.9020;376;28;17;6;0;0.7600;18;18;0
org.apache.jasper.runtime.PageContextImpl.doInclude(String, boolean);org.apache.jasper.runtime.JspRuntimeLibrary;0;0;3;0.9434;634;40;16;1;0;1.0000;647;45;2
org.apache.tomcat.util.modeler.modules.MbeansDescriptorsDOMSource.execute();org.apache.tomcat.util.modeler.FeatureInfo;2;0;3;0.8889;93;2;6;1;0;0.9500;18;3;5
org.apache.coyote.ajp.AjpAprProcessor.action(ActionCode, Object);org.apache.coyote.ActionCode;6;3;13;0.7636;616;13;30;0;9;1.0000;6;0;26
org.apache.naming.resources.DirContextURLConnection.connect();org.apache.naming.resources.ProxyDirContext;1;0;6;0.7000;184;11;7;0;2;0.9762;469;64;15
org.apache.catalina.ha.tcp.SimpleTcpCluster.registerManager(Manager);org.apache.catalina.ha.ClusterManager;0;1;5;0.9577;371;45;31;4;0;0.8095;15;15;0
org.apache.catalina.ha.session.BackupManager.stopInternal();org.apache.catalina.Cluster;0;0;0;0;0;0;0;0;0;0;0;0;0
org.apache.jasper.compiler.Validator.ValidateVisitor.visit(Node.UseBean);org.apache.jasper.compiler.JspUtil;3;1;3;0.9388;710;36;19;2;0;1.0000;693;44;8
org.apache.el.lang.ELSupport.coerceToType(Object, Class<?>);org.apache.el.util.MessageFactory;0;5;0;1.0000;351;22;1;1;0;1.0000;24;7;1
org.apache.catalina.tribes.tipis.AbstractReplicatedMap.transferState();org.apache.catalina.tribes.group.Response;2;3;8;0.8592;740;50;17;0;2;0.8947;18;0;2
org.apache.jasper.compiler.Validator.validateXmlView(PageData, Compiler);org.apache.jasper.compiler.PageInfo;2;0;0;1.0000;65;3;0;1;1;0.9747;319;30;44
org.apache.coyote.http11.Http11Processor.parseHost(MessageBytes);org.apache.tomcat.util.net.SocketWrapper;0;0;0;0;0;0;0;0;0;0;0;0;0
org.apache.jasper.compiler.Validator.ValidateVisitor.visit(Node.Scriptlet);org.apache.jasper.compiler.Node.ScriptingElement;1;0;2;0.9545;710;36;19;1;0;0.8750;30;2;0
org.apache.catalina.session.PersistentManagerBase.writeSession(Session);org.apache.catalina.security.SecurityUtil;1;0;2;0.9783;420;33;13;1;0;1.0000;146;11;17
org.apache.catalina.manager.host.HostManagerServlet.remove(PrintWriter, String);org.apache.catalina.Container;1;0;4;0.8636;301;13;8;2;0;0.9474;34;34;6
org.apache.catalina.core.ApplicationContextFacade.getMimeType(String);org.apache.catalina.core.ApplicationContext;0;1;1;0.9600;426;46;3;1;0;0.9828;460;47;13
org.apache.tomcat.util.net.AprEndpoint.Sendfile.run();org.apache.tomcat.util.res.StringManager;5;3;5;0.6923;187;5;6;1;0;0.9643;36;3;3
org.apache.catalina.valves.AccessLogValve.MethodElement.addElement(StringBuilder, Date, Request, Response, long);org.apache.catalina.connector.Request;0;0;0;1.0000;5;1;0;1;0;0.9942;1084;128;51
org.apache.catalina.core.StandardWrapperValve.invoke(Request, Response);org.apache.catalina.core.AsyncContextImpl;4;1;5;0.8780;341;4;6;0;0;1.0000;244;21;12
org.apache.coyote.http11.Http11Processor.process(SocketWrapper<Socket>);org.apache.tomcat.util.res.StringManager;0;0;0;0;0;0;0;0;0;0;0;0;0
org.apache.tomcat.util.buf.MessageBytes.equalsIgnoreCase(String);org.apache.tomcat.util.buf.ByteChunk;0;0;7;0.9091;402;31;17;1;0;0.9808;425;43;10
org.apache.catalina.core.ApplicationFilterConfig.release();org.apache.tomcat.InstanceManager;2;0;2;0.8947;121;10;5;1;0;0.9000;4;4;0
org.apache.naming.NamingContext.unbind(Name);org.apache.naming.NamingEntry;1;1;2;0.9268;282;32;6;0;3;0.8182;16;2;7
org.apache.catalina.mbeans.ServerLifecycleListener.createMBeans(Engine);org.apache.juli.logging.Log;0;1;1;0.9737;569;32;2;2;0;0.9130;18;18;0
org.apache.coyote.http11.Http11AprProcessor.process(long);org.apache.coyote.RequestInfo;7;4;22;0.7241;938;28;36;0;1;0.9867;134;13;14
org.apache.tomcat.util.bcel.classfile.StackMapType.toString();org.apache.tomcat.util.bcel.Constants;0;0;0;0;0;0;0;0;0;0;0;0;0
org.apache.jasper.compiler.Node.DoBodyAction.accept(Visitor);org.apache.jasper.compiler.Node.Visitor;0;0;0;1.0000;9;1;0;1;0;0.9714;126;35;0
org.apache.catalina.tribes.group.interceptors.NonBlockingCoordinator.mergeOnArrive(CoordinationMessage, Member);org.apache.catalina.tribes.util.Arrays;1;5;1;0.8800;352;38;14;2;0;1.0000;149;24;1
org.apache.jasper.compiler.Validator.ValidateVisitor.visit(Node.UninterpretedTag);org.apache.jasper.compiler.Node;3;1;1;0.9574;710;36;19;1;1;0.9394;170;7;15
org.apache.jasper.compiler.TagLibraryInfoImpl.parseTLD(String, InputStream, JarResource);org.apache.jasper.xmlparser.TreeNode;0;4;3;0.7586;523;14;6;4;0;0.8750;109;13;5
org.apache.jasper.compiler.TagLibraryInfoImpl.createTagFileInfo(TreeNode, JarResource);org.apache.jasper.compiler.Localizer;0;0;4;0.8519;523;14;6;1;0;1.0000;34;6;1
org.apache.tomcat.util.digester.SetPropertyRule.begin(String, String, Attributes);org.apache.juli.logging.Log;2;0;2;0.8571;40;2;2;3;0;0.8846;18;18;0
org.apache.tomcat.util.net.AprEndpoint.SocketProcessor.run();org.apache.tomcat.jni.Socket;2;0;1;0.7500;9;1;1;1;0;1.0000;37;37;34
org.apache.catalina.manager.ManagerServlet.roles(PrintWriter);org.apache.catalina.UserDatabase;1;0;2;0.9783;913;34;13;1;0;0.9474;16;16;0
org.apache.catalina.core.ApplicationFilterConfig.toString();org.apache.catalina.deploy.FilterDef;0;0;1;0.9375;121;10;5;2;0;0.8824;51;9;7
org.apache.catalina.ha.session.JvmRouteBinderValve.startInternal();org.apache.catalina.Container;0;0;0;0;0;0;0;0;0;0;0;0;0
org.apache.catalina.connector.CoyoteAdapter.postParseRequest(org.apache.coyote.Request, Request, org.apache.coyote.Response, Response);org.apache.coyote.Response;11;4;2;0.9571;505;11;8;2;2;0.9583;250;19;18
org.apache.tomcat.util.digester.Digester.startElement(String, String, String, Attributes);org.apache.tomcat.util.digester.Rule;1;3;6;0.9343;849;103;29;1;0;0.9600;31;9;2
org.apache.coyote.ajp.AjpProtocol.AjpConnectionHandler.process(SocketWrapper<Socket>, SocketStatus);org.apache.juli.logging.Log;0;0;0;0;0;0;0;0;0;0;0;0;0
org.apache.catalina.connector.Request.getHeader(String);org.apache.coyote.Request;0;0;1;0.9942;1084;128;51;1;0;0.9811;219;17;34
org.apache.catalina.loader.WebappClassLoader.findResourceInternal(String, String);org.apache.naming.resources.ResourceAttributes;2;4;17;0.7625;1193;44;30;2;0;0.9718;516;30;30
org.apache.el.parser.AstValue.getTarget(EvaluationContext);org.apache.el.parser.Node;0;0;0;1.0000;103;8;1;2;0;0.9048;15;15;0
org.apache.catalina.core.StandardContextValve.invoke(Request, Response);org.apache.catalina.core.ContainerBase;2;1;2;0.9167;86;5;3;1;0;0.9908;603;62;29
org.apache.catalina.mbeans.MBeanFactory.removeHost(String);org.apache.catalina.util.LifecycleBase;0;0;0;0;0;0;0;0;0;0;0;0;0
org.apache.tomcat.util.digester.Digester.createSAXException(String, Exception);org.apache.juli.logging.Log;1;0;2;0.9850;849;103;29;1;0;0.9500;18;18;0
org.apache.tomcat.util.net.NioBlockingSelector.read(ByteBuffer, NioChannel, long);org.apache.tomcat.util.net.NioEndpoint.KeyAttachment;3;0;1;0.9444;111;4;4;3;1;0.8974;155;14;15
org.apache.catalina.connector.CoyoteAdapter.convertMB(MessageBytes);org.apache.tomcat.util.buf.CharChunk;3;0;0;1.0000;505;11;8;1;1;0.9636;393;39;8
org.apache.coyote.http11.Http11AprProtocol.init();org.apache.tomcat.util.net.AbstractEndpoint;0;0;0;0;0;0;0;0;0;0;0;0;0
org.apache.catalina.connector.InputBuffer.ready();org.apache.tomcat.util.res.StringManager;1;1;2;0.9412;210;19;17;0;0;1.0000;36;3;3
org.apache.catalina.mbeans.MBeanFactory.createStandardHost(String, String, String, boolean, boolean, boolean, boolean);org.apache.catalina.core.StandardHost;0;0;0;0;0;0;0;0;0;0;0;0;0
org.apache.catalina.core.ApplicationFilterRegistration.getClassName();org.apache.catalina.deploy.FilterDef;0;0;0;0;0;0;0;0;0;0;0;0;0
org.apache.catalina.connector.CoyoteAdapter.log(org.apache.coyote.Request, org.apache.coyote.Response, long);org.apache.coyote.Response;0;0;0;0;0;0;0;0;0;0;0;0;0
org.apache.catalina.util.InstanceSupport.fireInstanceEvent(String, Filter, ServletRequest, ServletResponse, Throwable);org.apache.catalina.InstanceListener;0;0;2;0.8667;81;11;3;1;0;0.6667;1;1;0
org.apache.catalina.connector.RequestFacade.getDateHeader(String);org.apache.catalina.connector.Request;1;0;2;0.9865;462;73;2;1;0;0.9943;1084;128;51
org.apache.catalina.ha.backend.TcpSender.init(HeartbeatListener);org.apache.catalina.ha.backend.HeartbeatListener;2;0;5;0.5000;129;3;6;0;1;0.9444;81;2;10
org.apache.catalina.tribes.membership.McastServiceImpl.init();org.apache.catalina.tribes.membership.MemberImpl;0;1;7;0.8205;308;12;27;2;0;0.9565;300;29;19
org.apache.coyote.http11.Http11Protocol.start();org.apache.juli.logging.Log;1;1;7;0.9326;361;52;31;4;0;0.8571;18;18;0
org.apache.catalina.tribes.transport.nio.ParallelNioSender.sendMessage(Member[], ChannelMessage);org.apache.catalina.tribes.io.XByteBuffer;2;5;1;0.7500;246;12;4;1;0;1.0000;317;36;7
org.apache.jasper.compiler.Node.Visitor.visitBody(Node);org.apache.jasper.compiler.Node;1;0;0;1.0000;126;35;0;0;1;0.9643;170;7;15
org.apache.catalina.realm.JNDIRealm.getRoles(DirContext, User);org.apache.juli.logging.Log;1;4;6;0.8701;728;44;31;2;0;0.9375;18;18;0
org.apache.tomcat.util.http.fileupload.DeferredFileOutputStream.getData();org.apache.tomcat.util.http.fileupload.ByteArrayOutputStream;0;0;0;0;0;0;0;0;0;0;0;0;0
org.apache.coyote.http11.Http11AprProtocol.getPort();org.apache.tomcat.util.net.AbstractEndpoint;0;0;0;0;0;0;0;0;0;0;0;0;0
org.apache.catalina.mbeans.MBeanUtils.destroyMBean(Connector, Service);org.apache.catalina.connector.Connector;1;1;1;1.0000;853;61;5;1;1;0.9798;455;59;40
org.apache.catalina.core.ApplicationContextFacade.getServlet(String);org.apache.catalina.core.ApplicationContext;0;1;1;0.9600;426;46;3;1;0;0.9828;460;47;13
org.apache.catalina.startup.ContextConfig.processContextConfig(URL);org.apache.catalina.Container;0;0;0;0;0;0;0;0;0;0;0;0;0
org.apache.catalina.tribes.membership.McastService.memberAdded(Member);org.apache.catalina.tribes.MembershipListener;0;0;1;0.9841;345;53;13;1;0;0.6667;2;2;0
org.apache.catalina.tribes.tipis.AbstractReplicatedMap.MapMessage.value(ClassLoader[]);org.apache.catalina.tribes.io.XByteBuffer;0;0;2;0.9130;159;12;20;1;0;1.0000;317;36;7
org.apache.jasper.compiler.PageInfo.setIsThreadSafe(String, Node, ErrorDispatcher);org.apache.jasper.compiler.ErrorDispatcher;0;0;2;0.9733;319;30;44;1;0;0.9565;158;22;2
org.apache.catalina.core.ApplicationPart.delete();org.apache.tomcat.util.http.fileupload.FileItem;0;0;1;0.9167;59;9;2;1;0;0.9375;15;15;0
org.apache.catalina.core.ApplicationContext.getContext(String);org.apache.catalina.core.ContainerBase;0;0;1;0.9833;460;47;13;1;0;0.9894;603;62;29
org.apache.catalina.core.ApplicationContext.createFilter(Class<T>);org.apache.catalina.core.StandardContext;0;0;0;1.0000;460;47;13;0;0;1.0000;2385;204;107
org.apache.catalina.connector.Request.getRemoteHost();org.apache.tomcat.util.buf.MessageBytes;2;1;3;0.9773;1084;128;51;1;0;0.9800;402;31;17
org.apache.coyote.ajp.AjpProcessor.prepareRequest();org.apache.tomcat.util.net.AbstractEndpoint;0;0;0;0;0;0;0;0;0;0;0;0;0
org.apache.catalina.tribes.group.interceptors.NonBlockingCoordinator.hasMembers();org.apache.catalina.tribes.membership.Membership;0;0;1;0.9796;352;38;14;1;0;0.9524;136;11;6
org.apache.catalina.mbeans.ServerLifecycleListener.destroyMBeans(NamingResources);org.apache.catalina.mbeans.MBeanUtils;0;3;1;0.9211;569;32;2;1;0;1.0000;853;61;5
org.apache.tomcat.util.net.AbstractEndpoint.createExecutor();org.apache.tomcat.util.threads.TaskQueue;0;0;0;0;0;0;0;0;0;0;0;0;0
org.apache.catalina.session.PersistentManagerBase.writeSession(Session);org.apache.juli.logging.Log;1;0;2;0.9783;420;33;13;1;0;0.9545;18;18;0
org.apache.catalina.mbeans.JmxRemoteLifecycleListener.createServer(String, int, int, HashMap<String,Object>, MBeanServer);org.apache.juli.logging.Log;1;0;2;1.0000;109;4;13;2;0;0.8889;18;18;0
org.apache.catalina.loader.WebappLoader.getDomainInternal();org.apache.catalina.mbeans.MBeanUtils;0;0;0;0;0;0;0;0;0;0;0;0;0
org.apache.catalina.connector.CoyoteAdapter.service(org.apache.coyote.Request, org.apache.coyote.Response);org.apache.coyote.Response;8;0;4;0.9524;505;11;8;3;0;0.9559;250;19;18
org.apache.tomcat.util.bcel.classfile.JavaClass.getAnnotationEntries();org.apache.tomcat.util.bcel.classfile.Annotations;0;0;0;0;0;0;0;0;0;0;0;0;0
org.apache.jasper.compiler.JDTCompiler.CompilationUnit.getContents();org.apache.jasper.JspCompilationContext;2;0;0;1.0000;52;4;2;0;1;0.9846;420;31;31
org.apache.catalina.core.ContainerBase.ContainerBackgroundProcessor.run();org.apache.catalina.core.ContainerBase;1;1;0;0.8333;37;2;0;1;2;0.9674;603;62;29
org.apache.el.parser.ELParserTokenManager.jjMoveStringLiteralDfa5_1(long, long);org.apache.el.parser.SimpleCharStream;0;3;2;0.8864;1035;33;25;1;0;0.9818;257;26;16
org.apache.jasper.compiler.TagLibraryInfoImpl.getResourceAsStream(String);org.apache.jasper.JspCompilationContext;0;0;1;0.9545;523;14;6;2;0;0.9677;420;31;31
org.apache.coyote.Request.getContentLengthLong();org.apache.tomcat.util.buf.MessageBytes;0;0;2;0.9630;219;17;34;2;0;0.9565;402;31;17
org.apache.jasper.compiler.TagFileProcessor.TagFileDirectiveVisitor.visit(Node.AttributeDirective);org.apache.jasper.compiler.ErrorDispatcher;0;1;6;0.8148;213;8;24;2;0;0.9259;158;22;2
org.apache.tomcat.util.net.NioEndpoint.Poller.cometInterest(NioChannel);org.apache.tomcat.util.net.NioEndpoint;2;1;2;0.8750;395;15;7;0;1;1.0000;629;43;64
org.apache.catalina.session.StandardSession.removeAttributeInternal(String, boolean);org.apache.catalina.Container;1;2;3;0.9500;558;58;26;1;0;0.9756;34;34;6
org.apache.coyote.http11.Http11Processor.prepareRequest();org.apache.tomcat.util.buf.ByteChunk;6;3;13;0.8391;847;26;37;5;1;0.9268;425;43;10
org.apache.catalina.startup.ContextConfig.validateSecurityRoles();org.apache.catalina.Container;1;0;3;0.9737;779;23;16;1;0;0.9767;34;34;6
org.apache.catalina.ssi.SSIServletExternalResolver.getCGIVariable(String);org.apache.catalina.connector.Request;1;1;2;0.9000;400;20;7;1;0;0.9944;1084;128;51
org.apache.jasper.compiler.Parser.parseElementsScriptless(Node);org.apache.jasper.compiler.PageInfo;0;9;4;0.8060;1203;56;14;0;0;1.0000;319;30;44
org.apache.catalina.tribes.transport.nio.NioReplicationTask.registerForRead(SelectionKey, ObjectReader);org.apache.juli.logging.Log;0;0;2;0.9333;197;7;5;2;0;0.9048;18;18;0
org.apache.catalina.startup.Catalina.initDirs();org.apache.tomcat.util.IntrospectionUtils;0;0;0;0;0;0;0;0;0;0;0;0;0
org.apache.catalina.core.StandardService.getDomainInternal();org.apache.catalina.mbeans.MBeanUtils;0;0;0;0;0;0;0;0;0;0;0;0;0
org.apache.catalina.tribes.transport.nio.NioSender.read(SelectionKey);org.apache.catalina.tribes.transport.Constants;1;0;5;0.8214;255;12;11;0;2;1.0000;0;0;5
org.apache.catalina.tribes.io.DirectByteArrayOutputStream.write(int);org.apache.catalina.tribes.io.XByteBuffer;0;0;1;0.8333;15;4;1;1;0;0.9600;317;36;7
org.apache.catalina.core.ApplicationDispatcher.invoke(ServletRequest, ServletResponse, State);org.apache.catalina.Wrapper;3;3;4;0.8462;419;14;10;6;0;0.8776;32;32;0
org.apache.catalina.mbeans.ServerLifecycleListener.createMBeans(ContextResource);org.apache.juli.logging.Log;0;0;1;1.0000;569;32;2;2;0;0.8889;18;18;0
org.apache.catalina.manager.HTMLManagerServlet.getSessionForPathAndId(String, String);org.apache.catalina.Manager;1;0;0;1.0000;601;22;14;1;0;0.9730;34;34;0
org.apache.jasper.compiler.Generator.GenerateVisitor.visit(Node.PlugIn);org.apache.jasper.compiler.Node;10;3;1;0.9487;1737;45;16;1;3;0.9111;170;7;15
org.apache.coyote.http11.AbstractHttp11Protocol.setPort(int);org.apache.tomcat.util.net.AbstractEndpoint;0;0;0;0;0;0;0;0;0;0;0;0;0
org.apache.catalina.startup.Tomcat.silence(String);org.apache.catalina.Host;0;1;0;0.9706;218;21;14;0;0;1.0000;20;20;2
org.apache.coyote.http11.Http11NioProcessor.prepareRequest();org.apache.tomcat.util.buf.ByteChunk;7;3;13;0.8222;954;28;38;5;1;0.9277;425;43;10
org.apache.catalina.authenticator.BasicAuthenticator.authenticate(Request, HttpServletResponse, LoginConfig);org.apache.catalina.connector.Request;0;0;0;0;0;0;0;0;0;0;0;0;0
org.apache.catalina.connector.Request.changeSessionId(String);org.apache.catalina.connector.Response;0;0;0;0;0;0;0;0;0;0;0;0;0
org.apache.tomcat.util.net.AbstractEndpoint.unlockAccept();org.apache.tomcat.util.net.SocketProperties;0;0;0;0;0;0;0;0;0;0;0;0;0
org.apache.catalina.connector.ResponseFacade.setCharacterEncoding(String);org.apache.tomcat.util.res.StringManager;1;0;2;0.9756;224;40;2;0;0;1.0000;36;3;3
org.apache.coyote.http11.Http11Processor.prepareRequest();org.apache.coyote.Request;6;3;13;0.8391;847;26;37;1;5;0.9310;219;17;34
org.apache.catalina.core.ApplicationServletRegistration.setRunAsRole(String);org.apache.catalina.Wrapper;0;0;0;0;0;0;0;0;0;0;0;0;0
org.apache.catalina.session.PersistentManagerBase.propertyChange(PropertyChangeEvent);org.apache.juli.logging.Log;1;0;1;1.0000;420;33;13;1;0;0.9474;18;18;0
org.apache.catalina.session.PersistentManagerBase.PrivilegedStoreClear.run();org.apache.catalina.Store;1;0;0;1.0000;6;1;0;1;0;0.9167;11;11;0
org.apache.catalina.tribes.group.interceptors.NonBlockingCoordinator.messageReceived(ChannelMessage);org.apache.catalina.tribes.util.Arrays;1;2;2;0.9630;352;38;14;2;0;1.0000;149;24;1
org.apache.coyote.http11.Http11NioProcessor.process(NioChannel);org.apache.coyote.Adapter;11;4;16;0.8182;954;28;38;1;0;0.9815;2;2;0
org.apache.catalina.authenticator.SSLAuthenticator.authenticate(Request, HttpServletResponse, LoginConfig);org.apache.catalina.Container;4;0;0;1.0000;37;4;1;1;0;0.9792;34;34;6
org.apache.naming.SelectorContext.getBoundContext();org.apache.naming.ContextBindings;0;0;3;0.9412;146;31;6;8;0;1.0000;112;21;6
org.apache.coyote.http11.Http11NioProtocol.Http11ConnectionHandler.event(NioChannel, SocketStatus);org.apache.coyote.http11.Http11NioProcessor;5;0;2;0.9200;166;8;6;1;1;0.9744;954;28;38
org.apache.jasper.compiler.Generator.declareTemporaryScriptingVars(Node.Nodes);org.apache.jasper.compiler.Node.Nodes;2;0;1;0.9778;781;28;16;1;0;0.9474;43;5;3
org.apache.el.parser.ELParser.Choice();org.apache.el.parser.ELParserConstants;2;4;1;0.9710;2195;111;22;0;2;0.9697;0;0;57
org.apache.catalina.manager.ManagerServlet.stop(PrintWriter, String);org.apache.catalina.Container;1;0;4;0.9348;913;34;13;1;0;0.9744;34;34;6
org.apache.coyote.ajp.AjpAprProcessor.prepareRequest();org.apache.coyote.Request;7;1;8;0.8831;616;13;30;2;15;0.7952;219;17;34
org.apache.catalina.startup.UserConfig.start();org.apache.catalina.Container;1;1;2;0.8889;89;10;8;1;0;0.9737;34;34;6
org.apache.jasper.compiler.Generator.GenerateVisitor.attributeValue(Node.JspAttribute, boolean, Class<?>);org.apache.jasper.compiler.JspUtil;2;1;1;0.9706;1737;45;16;0;0;1.0000;693;44;8
org.apache.coyote.RequestInfo.getRequestProcessingTime();org.apache.coyote.Request;2;0;2;0.9259;134;13;14;0;1;0.9815;219;17;34
org.apache.catalina.mbeans.MBeanFactory.removeConnector(String);org.apache.catalina.connector.Connector;0;1;0;0.9750;432;35;2;3;0;0.9684;455;59;40
org.apache.coyote.ajp.AjpAprProcessor.process(long);org.apache.tomcat.util.res.StringManager;5;4;14;0.7115;616;13;30;1;0;0.9697;36;3;3
org.apache.coyote.http11.Http11AprProtocol.Http11ConnectionHandler.asyncDispatch(long, SocketStatus);org.apache.coyote.http11.Http11AprProtocol;0;0;0;0;0;0;0;0;0;0;0;0;0
org.apache.catalina.core.StandardHostValve.throwable(Request, Response, Throwable);org.apache.catalina.Container;4;3;2;0.9000;149;7;3;2;0;0.9592;34;34;6
org.apache.jasper.compiler.DeclarationVisitor.visit(Node.CustomTag);org.apache.jasper.compiler.Node.Nodes;1;0;0;1.0000;36;3;1;1;0;0.9286;43;5;3
org.apache.coyote.http11.Http11NioProtocol.setSelectorTimeout(long);org.apache.tomcat.util.net.NioEndpoint;1;0;1;0.9917;448;96;26;0;1;0.9899;629;43;64
org.apache.catalina.mbeans.MBeanUtils.createMBean(ContextResourceLink);org.apache.tomcat.util.modeler.ManagedBean;0;2;2;1.0000;853;61;5;2;0;0.9429;252;23;13
org.apache.catalina.core.ApplicationContext.setAttribute(String, Object);org.apache.tomcat.util.res.StringManager;1;2;4;0.9138;460;47;13;0;0;1.0000;36;3;3
org.apache.catalina.core.StandardHostValve.status(Request, Response);org.apache.catalina.Context;3;1;0;0.9500;149;7;3;1;0;0.9929;125;125;1
org.apache.catalina.core.ApplicationContext.getResource(String);org.apache.catalina.util.RequestUtil;2;1;3;0.9672;460;47;13;1;0;1.0000;183;13;1
org.apache.catalina.valves.CometConnectionManagerValve.lifecycleEvent(LifecycleEvent);org.apache.catalina.LifecycleEvent;4;0;3;0.8889;146;11;6;1;0;0.9545;18;3;3
org.apache.catalina.users.MemoryUser.toString();org.apache.catalina.Group;0;0;2;0.9000;108;12;3;1;0;0.9412;11;11;0
org.apache.jasper.compiler.JspRuntimeContext.checkCompile();org.apache.jasper.servlet.JspServletWrapper;1;0;3;0.8750;174;9;10;1;1;0.9412;314;11;15
org.apache.tomcat.util.net.NioEndpoint.Poller.timeout(int, boolean);org.apache.tomcat.util.net.SocketProperties;3;3;3;0.8333;395;15;7;1;1;0.9706;156;28;22
org.apache.catalina.startup.ContextConfig.authenticatorConfig();org.apache.catalina.deploy.LoginConfig;1;0;7;0.9286;779;23;16;1;0;0.9643;53;7;4
org.apache.jasper.security.SecurityClassLoad.securityClassLoad(ClassLoader);org.apache.juli.logging.Log;0;0;1;1.0000;40;1;1;1;0;0.9444;18;18;0
org.apache.jasper.servlet.JspServlet.periodicEvent();org.apache.jasper.compiler.JspRuntimeContext;0;0;1;0.9333;173;10;5;1;0;0.9524;174;9;10
org.apache.tomcat.util.http.MimeHeaders.getValue(String);org.apache.tomcat.util.http.MimeHeaderField;1;0;2;0.9130;129;18;3;0;2;0.7778;13;1;4
org.apache.catalina.util.HexUtils.convert2Int(byte[]);org.apache.tomcat.util.res.StringManager;1;0;2;1.0000;48;4;2;0;0;1.0000;36;3;3
org.apache.catalina.tribes.membership.McastServiceImpl.waitForMembers(int);org.apache.juli.logging.Log;0;0;2;0.9744;308;12;27;2;0;0.8947;18;18;0
org.apache.coyote.ajp.AjpProcessor.parseHost(MessageBytes);org.apache.tomcat.util.buf.MessageBytes;5;0;4;0.9245;570;12;32;4;1;0.9107;402;31;17
org.apache.catalina.tribes.transport.bio.util.FastQueue.unlockRemove();org.apache.catalina.tribes.transport.bio.util.SingleRemoveSynchronizedAddLock;0;0;1;0.9600;172;11;14;1;0;0.9333;88;6;7
org.apache.catalina.core.ApplicationContext.addListener(T);org.apache.catalina.core.StandardContext;0;0;0;0;0;0;0;0;0;0;0;0;0
org.apache.tomcat.util.bcel.classfile.StackMapType.printIndex();org.apache.tomcat.util.bcel.classfile.ConstantPool;0;0;0;0;0;0;0;0;0;0;0;0;0
org.apache.catalina.core.StandardService.startInternal();org.apache.catalina.Lifecycle;0;0;0;0;0;0;0;0;0;0;0;0;0
org.apache.catalina.connector.CoyoteAdapter.postParseRequest(org.apache.coyote.Request, Request, org.apache.coyote.Response, Response);org.apache.coyote.ActionCode;11;4;2;0.9571;505;11;8;0;1;1.0000;6;0;26
org.apache.catalina.connector.ResponseFacade.setContentType(String);org.apache.catalina.security.SecurityUtil;0;1;1;0.9512;224;40;2;1;0;1.0000;146;11;17
org.apache.coyote.ajp.AjpAprProtocol.start();org.apache.juli.logging.Log;1;1;7;0.9016;219;40;15;4;0;0.8571;18;18;0
org.apache.catalina.ha.tcp.ReplicationValve.resetReplicationRequest(Request, boolean);org.apache.catalina.connector.Request;1;1;1;0.9394;283;17;17;1;0;0.9943;1084;128;51
org.apache.catalina.core.ApplicationContextFacade.getDefaultSessionTrackingModes();org.apache.catalina.core.ApplicationContext;1;1;1;0.9600;426;46;3;0;1;0.9828;460;47;13
org.apache.jasper.compiler.Generator.generateTagHandlerAttributes(TagInfo);org.apache.jasper.compiler.ServletWriter;1;2;2;0.9091;781;28;16;7;0;0.6818;65;13;6
org.apache.coyote.http11.Http11AprProcessor.process(long);org.apache.coyote.http11.AbstractOutputBuffer;0;0;0;0;0;0;0;0;0;0;0;0;0
org.apache.catalina.ha.session.DeltaManager.handleALL_SESSION_DATA(SessionMessage, Member);org.apache.juli.logging.Log;1;1;4;0.9643;826;43;42;2;0;0.9091;18;18;0
org.apache.jasper.compiler.Generator.compileTagHandlerPoolList(Node.Nodes);org.apache.jasper.compiler.Node;4;0;1;0.9792;781;28;16;1;3;0.8889;170;7;15
org.apache.catalina.connector.RequestFacade.getQueryString();org.apache.catalina.connector.Request;1;0;2;0.9865;462;73;2;1;0;0.9943;1084;128;51
org.apache.tomcat.util.net.AprEndpoint.SocketProcessor.run();org.apache.tomcat.util.net.AprEndpoint;2;0;1;0.7500;9;1;1;0;1;0.9878;629;27;59
org.apache.naming.resources.FileDirContext.normalize(String);org.apache.catalina.util.RequestUtil;0;0;0;1.0000;229;25;6;1;0;1.0000;183;13;1
org.apache.catalina.startup.ExpandWar.validate(Host, URL, String);org.apache.tomcat.util.ExceptionUtils;0;0;0;0;0;0;0;0;0;0;0;0;0
org.apache.catalina.ha.session.SimpleTcpReplicationManager.readSession(byte[], String);org.apache.catalina.ha.session.SerializablePrincipal;1;2;1;0.9630;362;17;17;1;0;0.9730;84;9;7
org.apache.coyote.http11.Http11AprProtocol.setAddress(InetAddress);org.apache.tomcat.util.net.AbstractEndpoint;0;0;0;0;0;0;0;0;0;0;0;0;0
org.apache.tomcat.util.digester.SetNextRule.end(String, String);org.apache.juli.logging.Log;1;0;2;0.8667;41;2;3;2;0;0.9200;18;18;0
org.apache.tomcat.util.net.AprEndpoint.setSocketOptions(long);org.apache.tomcat.util.res.StringManager;1;0;6;0.9512;629;27;59;1;0;0.9167;36;3;3
org.apache.catalina.manager.HTMLManagerServlet.extractFilename(String);org.apache.tomcat.util.http.fileupload.ParameterParser;0;0;0;0;0;0;0;0;0;0;0;0;0
org.apache.coyote.ajp.AjpProtocol.resume();org.apache.juli.logging.Log;1;1;3;0.9608;201;32;16;3;0;0.8636;18;18;0
org.apache.catalina.connector.ResponseFacade.flushBuffer();org.apache.catalina.connector.Response;1;1;1;0.9524;224;40;2;1;1;0.9778;578;70;19
org.apache.tomcat.util.digester.Digester.addRule(String, Rule);org.apache.tomcat.util.digester.Rules;1;1;0;0.9925;849;103;29;1;0;0.9000;8;8;0
org.apache.catalina.ha.tcp.SimpleTcpCluster.memberDisappeared(Member);org.apache.catalina.tribes.Channel;0;0;6;0.9565;371;45;31;1;0;0.9545;15;15;13
org.apache.catalina.core.StandardWrapperValve.event(Request, Response, CometEvent);org.apache.catalina.core.ApplicationFilterFactory;3;1;4;0.8667;341;4;6;0;3;1.0000;183;6;11
org.apache.catalina.tribes.group.GroupChannel.messageReceived(ChannelMessage);org.apache.catalina.tribes.Member;3;1;1;0.9574;268;24;8;1;0;0.9655;13;13;1
org.apache.catalina.connector.Request.setAttribute(String, Object);org.apache.catalina.Container;2;2;7;0.9548;1084;128;51;1;0;0.9783;34;34;6
org.apache.jasper.tagplugins.jstl.core.ForEach.generateIterators(TagPluginContext);org.apache.jasper.compiler.tagplugin.TagPluginContext;0;0;0;1.0000;139;3;4;1;0;0.9286;14;14;0
org.apache.catalina.valves.PersistentValve.invoke(Request, Response);org.apache.catalina.Container;1;1;1;0.9655;76;3;2;3;0;0.9492;34;34;6
org.apache.tomcat.util.threads.ThreadPoolExecutor.execute(Runnable, long, TimeUnit);org.apache.tomcat.util.threads.TaskQueue;0;0;0;1.0000;46;5;1;1;0;0.8571;28;3;1
org.apache.catalina.core.ContainerBase.setRealm(Realm);org.apache.catalina.Realm;0;0;4;0.9674;603;62;29;1;0;0.9500;14;14;0
org.apache.catalina.realm.CombinedRealm.getName();org.apache.juli.logging.Log;1;0;2;1.0000;143;12;3;1;0;0.9444;18;18;0
org.apache.tomcat.util.net.AprEndpoint.setSocketOptions(long);org.apache.tomcat.jni.SSL;1;0;6;0.9512;629;27;59;1;0;1.0000;14;14;118
org.apache.catalina.authenticator.DigestAuthenticator.authenticate(Request, HttpServletResponse, LoginConfig);org.apache.catalina.Container;1;4;1;0.8235;123;8;5;1;0;0.9787;34;34;6
org.apache.catalina.deploy.WebXml.toXml();org.apache.catalina.deploy.LoginConfig;10;2;30;0.7787;1446;42;41;4;0;0.9560;53;7;4
org.apache.catalina.valves.ExtendedAccessLogValve.getServletRequestElement(String);org.apache.juli.logging.Log;0;0;1;1.0000;367;10;2;1;0;0.9444;18;18;0
org.apache.catalina.ha.session.SessionMessageImpl.getEventTypeString();org.apache.catalina.ha.session.SessionMessage;1;0;1;0.9167;65;3;7;0;7;1.0000;5;5;7
org.apache.catalina.startup.Catalina.start();org.apache.juli.logging.Log;0;3;4;0.7857;311;18;8;3;0;0.8846;18;18;0
org.apache.catalina.tribes.group.ChannelCoordinator.setMembershipService(MembershipService);org.apache.catalina.tribes.MembershipService;0;0;1;0.9545;164;15;5;1;0;0.9444;17;17;2
org.apache.jasper.compiler.TagLibraryInfoImpl.createValidator(TreeNode);org.apache.jasper.compiler.ErrorDispatcher;0;1;3;0.8519;523;14;6;1;0;0.9677;158;22;2
org.apache.jasper.compiler.Generator.GenerateVisitor.generateCustomEnd(Node.CustomTag, String, String, String);org.apache.jasper.compiler.ServletWriter;3;1;5;0.9178;1737;45;16;6;0;0.8000;65;13;6
org.apache.catalina.session.FileStore.remove(String);org.apache.catalina.Manager;1;2;0;0.9000;186;13;6;1;0;0.9756;34;34;0
org.apache.catalina.session.ManagerBase.createSession(String);org.apache.catalina.Session;0;2;2;0.9535;489;55;31;5;0;0.8611;32;32;4
org.apache.jasper.compiler.SmapUtil.generateSmap(JspCompilationContext, Node.Nodes);org.apache.jasper.Options;3;1;1;1.0000;68;4;1;2;0;0.9459;28;28;0
org.apache.catalina.tribes.transport.bio.BioReplicationTask.execute(ObjectReader);org.apache.catalina.tribes.ChannelMessage;1;1;1;0.9444;92;6;3;3;0;0.8421;11;11;0
org.apache.tomcat.util.modeler.BaseNotificationBroadcaster.sendNotification(Notification);org.apache.tomcat.util.modeler.BaseNotificationBroadcasterEntry;1;0;1;0.8889;54;6;1;0;3;0.4000;5;0;3
org.apache.catalina.mbeans.MBeanFactory.createConnector(String, String, int, boolean, boolean);org.apache.catalina.Service;1;1;0;0.9762;432;35;2;1;0;0.9545;15;15;0
org.apache.catalina.ha.session.BackupManager.stopInternal();org.apache.juli.logging.Log;0;0;0;0;0;0;0;0;0;0;0;0;0
org.apache.tomcat.util.bcel.classfile.LocalVariableTypeTable.toString();org.apache.tomcat.util.bcel.classfile.LocalVariable;0;0;0;0;0;0;0;0;0;0;0;0;0
org.apache.catalina.connector.ResponseFacade.resetBuffer();org.apache.catalina.connector.Response;0;1;1;0.9512;224;40;2;1;0;0.9889;578;70;19
org.apache.coyote.http11.Http11AprProtocol.getSSLCipherSuite();org.apache.tomcat.util.net.AprEndpoint;1;0;1;0.9901;387;76;26;0;1;0.9875;629;27;59
org.apache.tomcat.util.http.fileupload.DiskFileItem.write(File);org.apache.tomcat.util.http.fileupload.IOUtils;0;0;0;0;0;0;0;0;0;0;0;0;0
org.apache.catalina.core.ApplicationContextFacade.log(Exception, String);org.apache.catalina.core.ApplicationContext;0;1;1;0.9600;426;46;3;1;0;0.9828;460;47;13
org.apache.tomcat.util.bcel.classfile.Method.toString();org.apache.tomcat.util.bcel.classfile.ConstantUtf8;0;0;0;0;0;0;0;0;0;0;0;0;0
org.apache.catalina.authenticator.AuthenticatorBase.register(Request, HttpServletResponse, Principal, String, String, String);org.apache.catalina.authenticator.SingleSignOn;3;1;3;0.9375;286;20;18;3;1;0.9000;187;18;8
org.apache.catalina.mbeans.MBeanFactory.removeConnector(String);org.apache.catalina.util.LifecycleBase;0;0;0;0;0;0;0;0;0;0;0;0;0
org.apache.catalina.mbeans.MBeanUtils.createObjectName(String, Manager);org.apache.catalina.Manager;0;0;0;1.0000;853;61;5;1;0;0.9737;34;34;0
org.apache.catalina.startup.HostConfig.deployDirectory(String, File, String);org.apache.catalina.startup.Constants;2;3;7;0.8793;755;35;15;0;1;1.0000;0;0;45
org.apache.jasper.runtime.PageContextImpl.include(String, boolean);org.apache.jasper.security.SecurityUtil;0;1;0;0.9811;634;40;16;1;0;1.0000;31;2;1
org.apache.catalina.core.ApplicationHttpRequest.recycle();org.apache.catalina.Session;0;0;1;0.9773;325;29;17;1;0;0.9697;32;32;4
org.apache.jasper.compiler.Parser.parseParam(Node);org.apache.jasper.compiler.ErrorDispatcher;0;2;3;0.9265;1203;56;14;1;0;0.9655;158;22;2
org.apache.catalina.connector.RequestFacade.GetLocalePrivilegedAction.run();org.apache.catalina.connector.RequestFacade;1;0;0;1.0000;3;1;0;0;1;0.9867;462;73;2
org.apache.jasper.runtime.JspFactoryImpl.getJspApplicationContext(ServletContext);org.apache.jasper.Constants;1;0;0;1.0000;71;6;5;0;1;1.0000;0;0;34
org.apache.catalina.core.StandardServer.findService(String);org.apache.catalina.Service;0;0;1;0.9804;331;32;21;1;0;0.9375;15;15;0
org.apache.catalina.tribes.group.interceptors.NonBlockingCoordinator.handleViewConf(CoordinationMessage, Member, Membership);org.apache.catalina.tribes.membership.Membership;1;5;5;0.8113;352;38;14;1;0;0.9706;136;11;6
org.apache.catalina.core.StandardContext.getAppBase();org.apache.catalina.Container;0;0;0;1.0000;2385;204;107;1;0;0.9714;34;34;6
org.apache.jasper.compiler.Generator.GenerateVisitor.generateCustomDoTag(Node.CustomTag, TagHandlerInfo, String);org.apache.jasper.compiler.JspUtil;5;4;3;0.9028;1737;45;16;1;0;1.0000;693;44;8
org.apache.catalina.mbeans.MBeanUtils.createObjectName(String, ContextResourceLink);org.apache.catalina.Container;1;0;0;1.0000;853;61;5;1;0;0.9744;34;34;6
org.apache.catalina.mbeans.MBeanFactory.getParentContainerFromParent(ObjectName);org.apache.catalina.core.ContainerBase;0;2;0;0.9474;432;35;2;1;0;0.9892;603;62;29
org.apache.catalina.mbeans.MBeanUtils.createObjectName(String, Role);org.apache.catalina.UserDatabase;0;0;0;1.0000;853;61;5;1;0;0.9444;16;16;0
org.apache.coyote.http11.Http11AprProtocol.Http11ConnectionHandler.unregister(Http11AprProcessor);org.apache.coyote.http11.AbstractHttp11Processor;0;0;0;0;0;0;0;0;0;0;0;0;0
org.apache.catalina.connector.Request.removeAttribute(String);org.apache.coyote.Request;3;1;5;0.9718;1084;128;51;0;1;0.9836;219;17;34
org.apache.jasper.compiler.TagFileProcessor.TagFileLoaderVisitor.visit(Node.CustomTag);org.apache.jasper.compiler.TagFileProcessor;2;0;2;0.8182;21;1;2;1;0;0.9231;96;5;1
org.apache.catalina.core.StandardContextValve.invoke(Request, Response);org.apache.juli.logging.Log;2;1;2;0.9167;86;5;3;1;0;0.9737;18;18;0
org.apache.jasper.compiler.Validator.ValidateVisitor.visit(Node.ParamsAction);org.apache.jasper.compiler.ErrorDispatcher;1;0;1;0.9773;710;36;19;1;0;0.9583;158;22;2
org.apache.catalina.tribes.transport.ReceiverBase.start();org.apache.catalina.tribes.util.ExecutorFactory;0;0;0;0;0;0;0;0;0;0;0;0;0
org.apache.tomcat.util.net.NioEndpoint.Poller.cancelledKey(SelectionKey, SocketStatus, boolean);org.apache.juli.logging.Log;3;0;0;1.0000;395;15;7;2;0;0.9286;18;18;0
org.apache.catalina.tribes.group.RpcChannel.breakdown();org.apache.catalina.tribes.Channel;0;0;1;0.9000;98;6;9;1;0;0.9375;15;15;13
org.apache.tomcat.util.net.JIoEndpoint.SocketProcessor.run();org.apache.tomcat.util.net.JIoEndpoint;1;0;1;0.7500;13;1;1;1;1;0.9565;312;23;26
org.apache.catalina.valves.ErrorReportValve.invoke(Request, Response);org.apache.catalina.Globals;1;1;0;0.9091;129;4;2;0;1;1.0000;0;0;39
org.apache.tomcat.util.digester.FactoryCreateRule.end(String, String);org.apache.tomcat.util.digester.Digester;1;0;2;0.9310;114;5;5;1;2;0.9789;849;103;29
org.apache.el.parser.ELParser.Boolean();org.apache.el.parser.ELParserConstants;2;2;4;0.9562;2195;111;22;0;2;0.9701;0;0;57
org.apache.coyote.Request.doRead(ByteChunk);org.apache.coyote.InputBuffer;0;0;2;0.9615;219;17;34;1;0;0.6667;1;1;0
org.apache.catalina.connector.InputBuffer.read();org.apache.tomcat.util.res.StringManager;1;0;3;0.9429;210;19;17;0;0;1.0000;36;3;3
org.apache.catalina.deploy.WebXml.configureContext(Context);org.apache.catalina.Context;5;0;27;0.7453;1446;42;41;22;0;0.8698;125;125;1
org.apache.catalina.tribes.transport.bio.BioSender.waitForAck();org.apache.catalina.tribes.io.XByteBuffer;1;0;5;0.9000;148;9;7;5;0;0.8718;317;36;7
org.apache.catalina.tribes.group.interceptors.GzipInterceptor.sendMessage(Member[], ChannelMessage, InterceptorPayload);org.apache.catalina.tribes.ChannelInterceptor;1;1;0;1.0000;47;5;1;1;0;0.9565;16;16;0
org.apache.catalina.core.StandardHost.MemoryLeakTrackingListener.lifecycleEvent(LifecycleEvent);org.apache.catalina.Lifecycle;0;0;0;0;0;0;0;0;0;0;0;0;0
org.apache.jasper.compiler.ParserController.determineSyntaxAndEncoding(String, JarFile, String);org.apache.jasper.compiler.JspConfig;3;2;8;0.6875;284;13;13;1;0;0.9688;273;6;11
org.apache.catalina.mbeans.UserMBean.removeGroup(String);org.apache.catalina.User;0;0;0;1.0000;85;6;3;2;0;0.8947;17;17;0
org.apache.tomcat.util.http.Parameters.setEncoding(String);org.apache.juli.logging.Log;0;1;2;0.9474;363;23;19;0;0;1.0000;18;18;0
org.apache.catalina.realm.CombinedRealm.startInternal();org.apache.catalina.Lifecycle;0;0;0;0;0;0;0;0;0;0;0;0;0
org.apache.catalina.ssi.SSIFsize.process(SSIMediator, String, String[], String[], PrintWriter);org.apache.catalina.ssi.SSIMediator;1;1;0;0.9000;74;4;2;5;2;0.7407;190;16;13
org.apache.jasper.compiler.JspRuntimeContext.initClassPath();org.apache.jasper.Options;1;0;5;0.7826;174;9;10;2;0;0.9429;28;28;0
org.apache.coyote.RequestGroupInfo.setBytesReceived(long);org.apache.coyote.RequestInfo;1;0;2;0.9091;112;15;7;0;1;0.9655;134;13;14
org.apache.jasper.JspCompilationContext.compile();org.apache.jasper.compiler.Compiler;1;2;4;0.9077;420;31;31;3;0;0.8889;285;11;8
org.apache.catalina.realm.MemoryUserRule.begin(String, String, Attributes);org.apache.catalina.realm.MemoryRealm;1;0;0;1.0000;12;1;0;1;0;0.9286;97;8;7
org.apache.catalina.core.ContainerBase.startInternal();org.apache.catalina.Lifecycle;0;0;0;0;0;0;0;0;0;0;0;0;0
org.apache.catalina.tribes.group.RpcChannel.accept(Serializable, Member);org.apache.catalina.tribes.group.RpcMessage;1;0;1;0.9000;98;6;9;0;1;0.9000;36;3;4
org.apache.el.parser.ELParser.jj_3R_61();org.apache.el.parser.ELParserConstants;0;2;1;0.9771;2195;111;22;0;0;1.0000;0;0;57
org.apache.coyote.RequestGroupInfo.setProcessingTime(long);org.apache.coyote.RequestInfo;1;0;2;0.9091;112;15;7;0;1;0.9655;134;13;14
org.apache.catalina.tribes.membership.McastServiceImpl.SenderThread.run();org.apache.juli.logging.Log;1;0;2;0.7500;25;1;2;2;0;0.9130;18;18;0
org.apache.catalina.startup.TldConfig.tldScanJar(JarURLConnection);org.apache.juli.logging.Log;0;0;0;0;0;0;0;0;0;0;0;0;0
org.apache.catalina.valves.JDBCAccessLogValve.log(Request, Response, long);org.apache.catalina.Container;0;0;0;0;0;0;0;0;0;0;0;0;0
org.apache.catalina.tribes.UniqueId.toString();org.apache.catalina.tribes.util.Arrays;0;0;1;0.8000;32;3;1;1;0;1.0000;149;24;1
org.apache.el.util.ReflectionUtil.getMethod(Object, Object, Class<?>[]);org.apache.el.util.MessageFactory;0;1;0;1.0000;87;7;3;1;0;1.0000;24;7;1
org.apache.jasper.compiler.Parser.parseXMLDeclaration(Node);org.apache.jasper.compiler.JspReader;0;1;3;0.9437;1203;56;14;6;0;0.8537;322;25;9
org.apache.catalina.realm.LockOutRealm.authenticate(String, String);org.apache.juli.logging.Log;1;3;1;0.8000;139;9;6;1;0;0.9545;18;18;0
org.apache.catalina.tribes.tipis.ReplicatedMap.publishEntryInfo(Object, Object);org.apache.catalina.tribes.tipis.AbstractReplicatedMap.MapMessage;1;0;0;1.0000;20;2;1;0;1;1.0000;159;12;20
org.apache.el.parser.ELParserTokenManager.jjMoveStringLiteralDfa4_1(long, long);org.apache.el.parser.SimpleCharStream;0;4;2;0.8636;1035;33;25;1;0;0.9821;257;26;16
org.apache.catalina.connector.Request.setAttribute(String, Object);org.apache.catalina.Globals;2;2;7;0.9548;1084;128;51;0;3;1.0000;0;0;39
org.apache.tomcat.util.bcel.classfile.StackMapTable.dump(DataOutputStream);org.apache.tomcat.util.bcel.classfile.StackMapTableEntry;0;0;0;0;0;0;0;0;0;0;0;0;0
org.apache.catalina.core.ApplicationContext.getResourcePaths(String);org.apache.catalina.core.ContainerBase;1;1;2;0.9643;460;47;13;1;0;0.9890;603;62;29
org.apache.coyote.http11.filters.IdentityInputFilter.recycle();org.apache.tomcat.util.buf.ByteChunk;0;0;3;0.6667;57;5;6;1;0;0.9800;425;43;10
org.apache.catalina.util.LifecycleMBeanBase.unregister(ObjectName);org.apache.juli.logging.Log;0;0;0;0;0;0;0;0;0;0;0;0;0
org.apache.catalina.tribes.tipis.AbstractReplicatedMap.messageReceived(Serializable, Member);org.apache.catalina.tribes.Member;0;2;4;0.9425;740;50;17;1;0;0.9750;13;13;1
org.apache.catalina.session.StandardSession.fireContainerEvent(Context, String, Object);org.apache.catalina.core.ContainerBase;0;0;2;0.9868;558;58;26;0;0;1.0000;603;62;29
org.apache.jasper.compiler.JspRuntimeContext.getJspForUnload(int);org.apache.jasper.servlet.JspServletWrapper;0;0;0;0;0;0;0;0;0;0;0;0;0
org.apache.naming.NamingContext.bind(Name, Object, boolean);org.apache.naming.StringManager;1;1;3;0.9024;282;32;6;2;0;0.8571;65;7;2
org.apache.catalina.ha.tcp.SimpleTcpCluster.send(ClusterMessage, Member);org.apache.juli.logging.Log;0;1;3;0.9577;371;45;31;4;0;0.8333;18;18;0
org.apache.coyote.http11.Http11NioProtocol.setUseSendfile(boolean);org.apache.tomcat.util.net.NioEndpoint;1;0;1;0.9917;448;96;26;0;1;0.9899;629;43;64
org.apache.catalina.realm.MemoryRealm.getDigester();org.apache.tomcat.util.digester.Digester;2;0;3;1.0000;97;8;7;2;1;0.9776;849;103;29
org.apache.tomcat.util.bcel.classfile.ExceptionTable.toString();org.apache.tomcat.util.bcel.classfile.ConstantPool;0;0;0;0;0;0;0;0;0;0;0;0;0
org.apache.jasper.xmlparser.MyEntityResolver.resolveEntity(String, String);org.apache.juli.logging.Log;1;0;0;1.0000;18;1;0;3;0;0.8333;18;18;0
org.apache.jasper.compiler.Generator.GenerateVisitor.generateAliasMap(Node.CustomTag, String);org.apache.jasper.compiler.Node;0;0;1;0.9846;1737;45;16;1;0;0.9688;170;7;15
org.apache.catalina.mbeans.JmxRemoteLifecycleListener.destroyServer(String, JMXConnectorServer);org.apache.juli.logging.Log;1;0;2;1.0000;109;4;13;1;0;0.9444;18;18;0
org.apache.tomcat.util.buf.ByteChunk.getInt();org.apache.tomcat.util.buf.Ascii;0;0;3;0.9348;425;43;10;1;0;1.0000;91;11;7
org.apache.catalina.ha.authenticator.ClusterSingleSignOn.deregister(String);org.apache.catalina.ha.CatalinaCluster;1;1;2;0.8750;149;16;4;2;0;0.9286;20;20;1
org.apache.tomcat.util.modeler.modules.MbeansDescriptorsIntrospectionSource.initMethods(Class<?>, Method, Hashtable<String,Method>, Hashtable<String,Method>, Hashtable<String,Method>, Hashtable<String,Method>);org.apache.juli.logging.Log;0;2;2;0.9167;194;7;10;2;0;0.8947;18;18;0
org.apache.jasper.compiler.Generator.GenerateVisitor.visit(Node.PlugIn);org.apache.jasper.compiler.Node.JspAttribute;10;3;1;0.9487;1737;45;16;0;2;0.9487;107;7;10
org.apache.tomcat.util.http.mapper.Mapper.internalMapWrapper(Context, CharChunk, MappingData);org.apache.tomcat.util.buf.MessageBytes;2;3;0;0.9444;816;39;4;3;0;0.9559;402;31;17
org.apache.el.parser.ELParserTokenManager.jjMoveStringLiteralDfa3_1(long, long);org.apache.el.parser.SimpleCharStream;0;4;2;0.8636;1035;33;25;1;0;0.9821;257;26;16
org.apache.jasper.compiler.SmapUtil.SmapGenVisitor.doSmap(Node, int, int, int);org.apache.jasper.compiler.SmapStratum;2;0;1;0.9688;149;23;3;2;0;0.8824;89;6;5
org.apache.jasper.compiler.Generator.generateDeclarations(Node.Nodes);org.apache.jasper.compiler.Node.ScriptingElement;4;1;1;0.9815;781;28;16;1;0;0.9545;30;2;0
org.apache.jasper.JspC.main(String);org.apache.jasper.compiler.Localizer;0;2;3;0.9630;840;35;81;1;0;1.0000;34;6;1
org.apache.catalina.tribes.membership.McastService.messageReceived(ChannelMessage);org.apache.catalina.tribes.MessageListener;0;0;1;0.9844;345;53;13;2;0;0.6000;4;4;0
org.apache.coyote.http11.Http11NioProtocol.init();org.apache.tomcat.util.net.AbstractEndpoint;0;0;0;0;0;0;0;0;0;0;0;0;0
org.apache.coyote.http11.Http11AprProtocol.Http11ConnectionHandler.asyncDispatch(long, SocketStatus);org.apache.tomcat.util.net.AprEndpoint;0;0;0;0;0;0;0;0;0;0;0;0;0
org.apache.catalina.core.NamingContextListener.removeEnvironment(String);org.apache.juli.logging.Log;1;0;3;0.9375;745;23;11;1;0;0.9500;18;18;0
org.apache.el.ValueExpressionImpl.getValue(ELContext);org.apache.el.parser.Node;0;1;3;0.7778;73;11;5;1;0;0.9474;15;15;0
org.apache.catalina.core.ApplicationContext.createListener(Class<T>);org.apache.tomcat.InstanceManager;0;0;0;0;0;0;0;0;0;0;0;0;0
org.apache.catalina.ssi.SSIServletExternalResolver.getFileText(String, boolean);org.apache.catalina.ssi.ResponseIncludeWrapper;1;1;3;0.8710;400;20;7;1;0;0.9615;108;11;11
org.apache.catalina.loader.WebappClassLoader.clearReferences();org.apache.juli.logging.LogFactory;1;1;3;0.9730;1193;44;30;1;0;1.0000;50;12;6
org.apache.jasper.compiler.Validator.ValidateVisitor.visit(Node.PlugIn);org.apache.jasper.compiler.ErrorDispatcher;1;2;2;0.9362;710;36;19;1;0;0.9655;158;22;2
org.apache.catalina.tribes.membership.McastService.hasMembers();org.apache.catalina.tribes.membership.Membership;1;0;1;0.9844;345;53;13;1;0;0.9545;136;11;6
org.apache.catalina.realm.RealmBase.hasResourcePermission(Request, Response, SecurityConstraint[], Context);org.apache.catalina.deploy.LoginConfig;2;1;3;0.9714;688;39;24;3;0;0.8889;53;7;4
org.apache.coyote.ajp.AjpAprProcessor.SocketOutputBuffer.doWrite(ByteChunk, Response);org.apache.coyote.ajp.AjpAprProcessor;4;0;0;1.0000;32;1;0;2;4;0.8605;616;13;30
org.apache.coyote.http11.AbstractHttp11Protocol.setKeyAlias(String);org.apache.tomcat.util.net.AbstractEndpoint;0;0;0;0;0;0;0;0;0;0;0;0;0
org.apache.coyote.http11.Http11AprProcessor.prepareResponse();org.apache.coyote.Request;7;2;12;0.8391;938;28;36;1;1;0.9775;219;17;34
org.apache.catalina.ssi.SSIServletExternalResolver.getFileText(String, boolean);org.apache.catalina.ssi.ByteArrayServletOutputStream;1;1;3;0.8710;400;20;7;1;0;0.9091;9;2;1
org.apache.catalina.connector.Response.encodeURL(String);org.apache.catalina.Session;0;3;1;0.9551;578;70;19;1;0;0.9730;32;32;4
org.apache.catalina.ssi.SSIFilter.doFilter(ServletRequest, ServletResponse, FilterChain);org.apache.catalina.Globals;1;0;6;0.5385;63;3;6;0;1;1.0000;0;0;39
org.apache.coyote.ajp.AjpProcessor.recycle();org.apache.coyote.Request;0;0;8;0.8095;570;12;32;1;0;0.9839;219;17;34
org.apache.coyote.http11.AbstractOutputBuffer.sendHeader(ByteChunk, ByteChunk);org.apache.coyote.http11.Constants;0;0;0;0;0;0;0;0;0;0;0;0;0
org.apache.catalina.tribes.io.ChannelData.getDataFromPackage(byte[]);org.apache.catalina.tribes.membership.MemberImpl;1;0;5;0.7500;165;14;7;1;0;1.0000;300;29;19
org.apache.catalina.valves.ExtendedAccessLogValve.ServletContextElement.addElement(StringBuilder, Date, Request, Response, long);org.apache.catalina.Context;0;0;1;0.7500;6;1;1;1;0;0.9922;125;125;1
org.apache.catalina.util.HexUtils.convert(String);org.apache.tomcat.util.res.StringManager;1;0;1;1.0000;48;4;2;0;0;1.0000;36;3;3
org.apache.catalina.loader.WebappClassLoader.findResourceInternal(String, String);org.apache.catalina.loader.ResourceEntry;2;4;17;0.7625;1193;44;30;0;6;0.8065;0;0;7
org.apache.jasper.runtime.JspWriterImpl.getLocalizeMessage(String);org.apache.jasper.security.SecurityUtil;0;0;0;1.0000;233;36;7;1;0;1.0000;31;2;1
org.apache.tomcat.util.http.fileupload.DiskFileItemFactory.createItem(String, String, boolean, String);org.apache.tomcat.util.http.fileupload.DiskFileItem;0;0;0;0;0;0;0;0;0;0;0;0;0
org.apache.catalina.core.ApplicationContextFacade.addServlet(String, String);org.apache.catalina.core.ApplicationContext;0;1;1;0.9592;426;46;3;0;0;1.0000;460;47;13
org.apache.coyote.ajp.AjpAprProtocol.setTcpNoDelay(boolean);org.apache.tomcat.util.net.AbstractEndpoint;0;0;0;0;0;0;0;0;0;0;0;0;0
org.apache.jasper.compiler.Generator.GenerateVisitor.visit(Node.GetProperty);org.apache.jasper.compiler.Generator;3;0;1;0.9853;1737;45;16;0;1;0.9778;781;28;16
org.apache.catalina.tribes.group.interceptors.TwoPhaseCommitInterceptor.messageReceived(ChannelMessage);org.apache.catalina.tribes.util.Arrays;2;0;4;0.9375;69;3;6;2;0;1.0000;149;24;1
org.apache.tomcat.util.bcel.classfile.InnerClasses.toString();org.apache.tomcat.util.bcel.classfile.InnerClass;0;0;0;0;0;0;0;0;0;0;0;0;0
org.apache.catalina.core.ApplicationPart.getName();org.apache.tomcat.util.http.fileupload.FileItem;0;0;1;0.9167;59;9;2;1;0;0.9375;15;15;0
org.apache.catalina.core.StandardContext.listenerStart();org.apache.catalina.core.ApplicationContext;2;3;2;0.9873;2385;204;107;0;0;1.0000;460;47;13
org.apache.catalina.connector.CoyoteAdapter.log(org.apache.coyote.Request, org.apache.coyote.Response, long);org.apache.catalina.connector.Request;0;0;0;0;0;0;0;0;0;0;0;0;0
org.apache.coyote.RequestGroupInfo.setBytesSent(long);org.apache.coyote.RequestInfo;1;0;2;0.9091;112;15;7;0;1;0.9655;134;13;14
org.apache.catalina.connector.Connector.pause();org.apache.tomcat.util.res.StringManager;1;0;3;0.9785;455;59;40;0;0;1.0000;36;3;3
org.apache.catalina.mbeans.MBeanFactory.createAccessLoggerValve(String);org.apache.catalina.Pipeline;1;1;0;0.9730;432;35;2;0;0;1.0000;6;6;0
org.apache.catalina.startup.HostConfig.undeployApps();org.apache.juli.logging.Log;1;0;4;0.9608;755;35;15;3;0;0.8696;18;18;0
org.apache.catalina.valves.ExtendedAccessLogValve.SessionAttributeElement.addElement(StringBuilder, Date, Request, Response, long);org.apache.catalina.valves.ExtendedAccessLogValve;0;0;1;0.6667;10;1;1;1;0;0.9167;367;10;2
org.apache.jasper.compiler.DeclarationVisitor.visit(Node.CustomTag);org.apache.jasper.compiler.Node.CustomTag;1;0;0;1.0000;36;3;1;0;3;0.9286;229;10;26
org.apache.tomcat.util.log.SystemLogHandler.stopCapture();org.apache.tomcat.util.log.CaptureLog;0;0;2;1.0000;128;29;3;2;0;0.6000;13;2;2
org.apache.catalina.startup.HostConfig.stop();org.apache.tomcat.util.res.StringManager;1;1;5;0.9184;755;35;15;0;0;1.0000;36;3;3
org.apache.catalina.startup.Embedded.addLifecycleListener(LifecycleListener);org.apache.catalina.util.LifecycleSupport;0;0;1;0.9773;372;34;11;1;0;0.8750;38;3;3
org.apache.catalina.connector.Response.getHeaders(String);org.apache.tomcat.util.http.MimeHeaders;1;0;1;0.9888;578;70;19;1;0;0.9565;129;18;3
org.apache.tomcat.util.net.NioEndpoint.SocketProcessor.run();org.apache.tomcat.util.net.AbstractEndpoint.Handler;0;0;0;0;0;0;0;0;0;0;0;0;0
org.apache.coyote.http11.AbstractOutputBuffer.endRequest();org.apache.coyote.ActionCode;0;0;0;0;0;0;0;0;0;0;0;0;0
org.apache.catalina.core.StandardHost.addChild(Container);org.apache.catalina.Lifecycle;1;0;0;1.0000;289;35;18;0;0;1.0000;5;5;9
org.apache.jasper.compiler.Validator.DirectiveVisitor.visit(Node.TagDirective);org.apache.jasper.compiler.Node.Root;6;0;3;0.8800;214;7;4;0;1;0.9643;56;2;8
org.apache.catalina.core.StandardHostValve.invoke(Request, Response);org.apache.catalina.Valve;2;2;1;0.8667;149;7;3;1;0;0.9412;6;6;0
org.apache.catalina.tribes.group.GroupChannel.sendNoRpcChannelReply(RpcMessage, Member);org.apache.catalina.tribes.group.RpcMessage;2;1;0;0.9714;268;24;8;0;2;0.8182;36;3;4
org.apache.coyote.http11.Http11NioProtocol.Http11ConnectionHandler.process(NioChannel);org.apache.coyote.http11.Http11NioProtocol;8;1;3;0.8667;166;8;6;0;4;0.9858;448;96;26
org.apache.coyote.ajp.AjpAprProtocol.getPort();org.apache.tomcat.util.net.AbstractEndpoint;0;0;0;0;0;0;0;0;0;0;0;0;0
org.apache.catalina.core.ApplicationContext.getEffectiveMajorVersion();org.apache.catalina.core.StandardContext;0;0;0;0;0;0;0;0;0;0;0;0;0
org.apache.catalina.connector.CoyoteAdapter.parseSessionCookiesId(org.apache.coyote.Request, Request);org.apache.tomcat.util.http.mapper.MappingData;5;1;1;0.9643;505;11;8;0;1;0.9643;11;1;9
org.apache.naming.resources.ResourceCache.allocate(int);org.apache.naming.resources.CacheEntry;1;0;9;0.5000;211;7;10;0;2;0.8947;13;2;8
org.apache.el.ValueExpressionImpl.readExternal(ObjectInput);org.apache.el.util.ReflectionUtil;0;0;4;0.7647;73;11;5;1;0;1.0000;87;7;3
org.apache.tomcat.util.buf.C2BConverter.convert(MessageBytes);org.apache.tomcat.util.buf.CharChunk;3;3;2;0.8333;58;8;5;1;2;0.9500;393;39;8
org.apache.catalina.tribes.group.interceptors.FragmentationInterceptor.FragCollection.assemble();org.apache.catalina.tribes.ChannelMessage;1;1;2;0.7500;30;4;3;2;0;0.8824;11;11;0
org.apache.catalina.mbeans.MBeanFactory.createStandardContext(String, String, String, boolean, boolean, boolean, boolean);org.apache.juli.logging.Log;2;3;2;0.9388;432;35;2;1;0;0.9706;18;18;0
org.apache.catalina.startup.Embedded.removeEngine(Engine);org.apache.catalina.connector.Connector;0;0;2;0.9804;372;34;11;1;0;0.9900;455;59;40
org.apache.jasper.compiler.Generator.GenerateVisitor.syncScriptingVars(Node.CustomTag, int);org.apache.jasper.compiler.ServletWriter;1;0;1;0.9848;1737;45;16;3;0;0.8571;65;13;6
org.apache.catalina.connector.MapperListener.registerHost(Host);org.apache.catalina.Container;0;0;0;0;0;0;0;0;0;0;0;0;0
org.apache.catalina.core.ApplicationContext.getClassLoader();org.apache.catalina.Globals;0;0;0;0;0;0;0;0;0;0;0;0;0
org.apache.catalina.connector.Request.changeSessionId(String);org.apache.catalina.core.ApplicationSessionCookieConfig;0;0;0;0;0;0;0;0;0;0;0;0;0
org.apache.catalina.core.StandardPipeline.isAsyncSupported();org.apache.catalina.Valve;0;0;0;0;0;0;0;0;0;0;0;0;0
org.apache.coyote.http11.Http11Protocol.Http11ConnectionHandler.register(Http11Processor);org.apache.coyote.http11.AbstractHttp11Processor;0;0;0;0;0;0;0;0;0;0;0;0;0
org.apache.catalina.core.ApplicationFilterRegistration.addMappingForUrlPatterns(EnumSet<DispatcherType>, boolean, String);org.apache.catalina.Context;0;0;0;0;0;0;0;0;0;0;0;0;0
org.apache.catalina.tribes.membership.McastService.getMember(Member);org.apache.catalina.tribes.membership.McastServiceImpl;1;0;1;0.9844;345;53;13;0;1;0.9750;308;12;27
org.apache.catalina.connector.RequestFacade.getUserPrincipal();org.apache.tomcat.util.res.StringManager;1;0;2;0.9865;462;73;2;0;0;1.0000;36;3;3
org.apache.catalina.tribes.transport.bio.BioReplicationTask.execute(ObjectReader);org.apache.catalina.tribes.io.BufferPool;1;1;1;0.9444;92;6;3;2;0;0.9286;37;4;4
org.apache.jasper.compiler.TagPluginManager.TagPluginContextImpl.isScriptless();org.apache.jasper.compiler.Node.CustomTag;2;0;1;0.9524;72;15;4;0;1;0.9762;229;10;26
org.apache.coyote.ajp.AjpMessage.appendBytes(MessageBytes);org.apache.tomcat.util.res.StringManager;1;5;2;0.8333;235;23;5;1;0;0.9333;36;3;3
org.apache.tomcat.util.http.mapper.Mapper.internalMapWrapper(Context, CharChunk, MappingData);org.apache.tomcat.util.http.mapper.MappingData;2;3;0;0.9444;816;39;4;0;6;0.8125;11;1;9
org.apache.catalina.startup.WebAnnotationSet.addResource(Context, Resource);org.apache.catalina.Context;5;0;0;1.0000;125;6;0;1;0;0.9928;125;125;1
org.apache.catalina.core.ContainerBase.backgroundProcess();org.apache.catalina.Cluster;2;0;9;0.9278;603;62;29;1;0;0.9615;11;11;0
org.apache.jasper.runtime.JspRuntimeLibrary.getValueFromBeanInfoPropertyEditor(Class<?>, String, String, Class<?>);org.apache.jasper.compiler.Localizer;0;0;0;1.0000;647;45;2;1;0;1.0000;34;6;1
org.apache.tomcat.util.scan.StandardJarScanner.process(JarScannerCallback, URL);org.apache.tomcat.JarScannerCallback;0;0;0;0;0;0;0;0;0;0;0;0;0
org.apache.catalina.startup.EngineConfig.stop();org.apache.catalina.Container;1;0;2;0.8333;17;3;3;1;0;0.9730;34;34;6
org.apache.catalina.core.StandardContext.createWrapper();org.apache.catalina.Container;0;0;8;0.9776;2385;204;107;1;0;0.9773;34;34;6
org.apache.catalina.connector.ResponseFacade.isFinished();org.apache.tomcat.util.res.StringManager;1;0;2;0.9756;224;40;2;0;0;1.0000;36;3;3
org.apache.catalina.core.ApplicationContextFacade.removeAttribute(String);org.apache.catalina.core.ApplicationContext;0;1;1;0.9600;426;46;3;1;0;0.9828;460;47;13
org.apache.catalina.core.ApplicationContextFacade.addFilter(String, Class<? extends Filter>);org.apache.catalina.security.SecurityUtil;0;1;1;0.9600;426;46;3;1;0;1.0000;146;11;17
org.apache.jasper.compiler.Generator.generate(ServletWriter, Compiler, Node.Nodes);org.apache.jasper.JspCompilationContext;2;2;4;0.8571;781;28;16;0;3;0.9565;420;31;31
org.apache.catalina.util.LifecycleBase.init();org.apache.catalina.Lifecycle;0;0;0;0;0;0;0;0;0;0;0;0;0
org.apache.el.parser.AstDiv.getValue(EvaluationContext);org.apache.el.parser.Node;0;0;0;1.0000;8;1;0;1;0;0.9375;15;15;0
org.apache.catalina.mbeans.ContextResourceMBean.setAttribute(Attribute);org.apache.catalina.deploy.ResourceBase;2;0;0;1.0000;76;2;0;3;3;0.7000;43;9;6
org.apache.tomcat.util.bcel.classfile.ConstantPool.getConstantString(int, byte);org.apache.tomcat.util.bcel.classfile.ConstantString;0;0;0;0;0;0;0;0;0;0;0;0;0
org.apache.catalina.tribes.tipis.AbstractReplicatedMap.finalize();org.apache.catalina.tribes.group.RpcChannel;0;1;5;0.9104;740;50;17;1;0;0.9444;98;6;9
org.apache.juli.AsyncFileHandler.LoggerThread.run();org.apache.juli.AsyncFileHandler.LogEntry;0;0;0;0;0;0;0;0;0;0;0;0;0
org.apache.catalina.ha.tcp.SimpleTcpCluster.lifecycleEvent(LifecycleEvent);org.apache.juli.logging.Log;1;0;2;0.9853;371;45;31;2;0;0.9048;18;18;0
org.apache.el.parser.ELParser.String();org.apache.el.parser.ELParserConstants;3;1;1;0.9854;2195;111;22;0;1;0.9844;0;0;57
org.apache.catalina.realm.RealmBase.hasUserDataPermission(Request, Response, SecurityConstraint[]);org.apache.catalina.connector.Connector;2;0;1;1.0000;688;39;24;1;0;0.9904;455;59;40
org.apache.jasper.compiler.Collector.CollectVisitor.visit(Node.ParamAction);org.apache.jasper.compiler.Node.ParamAction;2;0;2;0.9091;114;15;6;0;1;0.8571;15;1;1
org.apache.catalina.startup.ContextConfig.validateSecurityRoles();org.apache.catalina.Wrapper;1;0;3;0.9737;779;23;16;3;0;0.9231;32;32;0
org.apache.tomcat.util.buf.ByteChunk.toString();org.apache.tomcat.util.buf.StringCache;0;0;3;0.9348;425;43;10;1;0;1.0000;363;13;14
org.apache.catalina.core.StandardServer.removeService(Service);org.apache.catalina.Lifecycle;0;0;2;0.9608;331;32;21;1;0;0.8571;5;5;9
org.apache.coyote.http11.AbstractHttp11Protocol.getTruststorePass();org.apache.tomcat.util.net.AbstractEndpoint;0;0;0;0;0;0;0;0;0;0;0;0;0
org.apache.jasper.compiler.TagPluginManager.TagPluginContextImpl.getTemporaryVariableName();org.apache.jasper.compiler.Node.Root;0;0;1;0.9524;72;15;4;1;0;0.9231;56;2;8
org.apache.catalina.tribes.group.RpcChannel.send(Member[], Serializable, int, int, long);org.apache.catalina.tribes.Channel;1;0;4;0.7500;98;6;9;1;1;0.9500;15;15;13
org.apache.catalina.deploy.WebXml.toXml();org.apache.catalina.deploy.ResourceBase;10;2;30;0.7787;1446;42;41;4;1;0.9457;43;9;6
org.apache.coyote.http11.Http11AprProtocol.getThreadPriority();org.apache.tomcat.util.net.AbstractEndpoint;0;0;0;0;0;0;0;0;0;0;0;0;0
org.apache.catalina.deploy.LoginConfig.setLoginPage(String);org.apache.catalina.util.RequestUtil;0;0;1;0.9167;53;7;4;1;0;1.0000;183;13;1
org.apache.catalina.ssi.SSIFilter.doFilter(ServletRequest, ServletResponse, FilterChain);org.apache.catalina.ssi.SSIProcessor;1;0;6;0.5385;63;3;6;1;0;0.9565;202;9;6
org.apache.coyote.http11.AbstractInputBuffer.endRequest();org.apache.coyote.http11.InputFilter;0;0;0;0;0;0;0;0;0;0;0;0;0
org.apache.catalina.manager.ManagerServlet.start(PrintWriter, String);org.apache.catalina.Container;1;0;3;0.9565;913;34;13;1;0;0.9737;34;34;6
org.apache.tomcat.util.net.JIoEndpoint.SocketProcessor.run();org.apache.tomcat.util.net.JIoEndpoint.Handler;1;0;1;0.7500;13;1;1;1;0;0.7500;1;1;0
org.apache.catalina.tribes.group.GroupChannel.setChannelReceiver(ChannelReceiver);org.apache.catalina.tribes.group.ChannelCoordinator;0;0;1;0.9697;268;24;8;1;0;0.9565;164;15;5
org.apache.el.parser.ELParser.DotSuffix();org.apache.el.parser.JJTELParserState;4;1;1;0.9855;2195;111;22;2;0;0.9130;74;10;5
org.apache.jasper.servlet.JspServlet.handleMissingResource(HttpServletRequest, HttpServletResponse, String);org.apache.jasper.security.SecurityUtil;0;0;1;0.9333;173;10;5;1;0;1.0000;31;2;1
org.apache.catalina.core.AsyncContextImpl.dispatch(String);org.apache.catalina.connector.Request;0;1;1;0.9355;244;21;12;1;0;0.9943;1084;128;51
org.apache.catalina.mbeans.UserMBean.removeRole(String);org.apache.catalina.UserDatabase;0;0;0;1.0000;85;6;3;1;0;0.9474;16;16;0
org.apache.catalina.connector.Request.getServletPathMB();org.apache.tomcat.util.http.mapper.MappingData;1;0;1;0.9942;1084;128;51;0;1;0.9091;11;1;9
org.apache.catalina.authenticator.AuthenticatorBase.register(Request, HttpServletResponse, Principal, String, String, String);org.apache.catalina.Container;3;1;3;0.9375;286;20;18;0;0;1.0000;34;34;6
org.apache.catalina.startup.TldConfig.tldScanJar(JarURLConnection);org.apache.tomcat.util.ExceptionUtils;0;0;0;0;0;0;0;0;0;0;0;0;0
org.apache.coyote.http11.Http11AprProtocol.Http11ConnectionHandler.createProcessor();org.apache.coyote.http11.AbstractHttp11Processor;0;0;0;0;0;0;0;0;0;0;0;0;0
org.apache.coyote.http11.Http11AprProtocol.Http11ConnectionHandler.process(long);org.apache.coyote.http11.Http11AprProtocol;3;1;3;0.7647;119;5;5;0;3;0.9911;387;76;26
org.apache.catalina.manager.util.SessionUtils.guessLocaleFromSession(Session);org.apache.catalina.Session;0;1;0;1.0000;158;6;5;1;0;0.9688;32;32;4
org.apache.catalina.tribes.transport.bio.BioReceiver.listen();org.apache.catalina.tribes.transport.RxTaskPool;1;0;2;0.9630;94;7;2;2;0;0.9355;89;5;7
org.apache.catalina.valves.CometConnectionManagerValve.sessionDestroyed(HttpSessionEvent);org.apache.catalina.Wrapper;4;0;2;0.9167;146;11;6;1;0;0.9762;32;32;0
org.apache.jasper.xmlparser.MyEntityResolver.resolveEntity(String, String);org.apache.jasper.compiler.Localizer;1;0;0;1.0000;18;1;0;1;0;1.0000;34;6;1
org.apache.catalina.tribes.group.ChannelInterceptorBase.start(int);org.apache.catalina.tribes.ChannelInterceptor;0;0;1;0.9444;66;14;4;1;0;0.9412;16;16;0
org.apache.catalina.core.JreMemoryLeakPreventionListener.lifecycleEvent(LifecycleEvent);org.apache.catalina.LifecycleEvent;0;0;0;0;0;0;0;0;0;0;0;0;0
org.apache.tomcat.util.bcel.classfile.LocalVariable.getSignature();org.apache.tomcat.util.bcel.classfile.ConstantUtf8;0;0;0;0;0;0;0;0;0;0;0;0;0
org.apache.catalina.ha.tcp.ReplicationValve.updateStats(long, long);org.apache.juli.logging.Log;1;0;9;0.7879;283;17;17;2;0;0.9200;18;18;0
org.apache.catalina.core.ApplicationContextFacade.getServlet(String);org.apache.catalina.security.SecurityUtil;0;1;1;0.9600;426;46;3;1;0;1.0000;146;11;17
org.apache.catalina.core.StandardService.removeExecutor(Executor);org.apache.juli.logging.Log;0;0;3;0.9556;313;29;18;1;0;0.9524;18;18;0
org.apache.catalina.startup.ContextConfig.authenticatorConfig();org.apache.tomcat.util.res.StringManager;1;0;7;0.9286;779;23;16;0;0;1.0000;36;3;3
org.apache.catalina.session.StandardSession.removeAttribute(String, boolean);org.apache.tomcat.util.res.StringManager;1;2;1;0.9737;558;58;26;0;0;1.0000;36;3;3
org.apache.el.parser.ELParser.Math();org.apache.el.parser.ELParserTreeConstants;2;3;4;0.9496;2195;111;22;0;2;0.9574;0;0;34
org.apache.catalina.mbeans.MemoryUserDatabaseMBean.findGroup(String);org.apache.catalina.mbeans.MBeanUtils;0;0;1;0.9524;168;12;6;1;0;1.0000;853;61;5
org.apache.jasper.compiler.Validator.validateXmlView(PageData, Compiler);org.apache.jasper.compiler.Localizer;2;0;0;1.0000;65;3;0;1;0;1.0000;34;6;1
org.apache.catalina.core.ApplicationContext.addListener(T);org.apache.catalina.util.LifecycleBase;0;0;0;0;0;0;0;0;0;0;0;0;0
org.apache.catalina.manager.JspHelper.getDisplayTTLForSession(Session);org.apache.catalina.manager.util.SessionUtils;0;1;0;1.0000;113;12;3;1;0;1.0000;158;6;5
org.apache.catalina.deploy.WebXml.addResourceRef(ContextResource);org.apache.catalina.deploy.ResourceBase;1;0;2;0.9853;1446;42;41;1;0;0.9375;43;9;6
org.apache.catalina.session.StandardSession.getServletContext();org.apache.catalina.Context;0;0;1;0.9872;558;58;26;1;0;0.9921;125;125;1
org.apache.catalina.core.ApplicationContextFacade.getRealPath(String);org.apache.catalina.security.SecurityUtil;0;1;1;0.9600;426;46;3;1;0;1.0000;146;11;17
org.apache.catalina.startup.Embedded.removeContext(Context);org.apache.catalina.Context;0;0;2;0.9796;372;34;11;1;0;0.9924;125;125;1
org.apache.catalina.startup.WebAnnotationSet.loadApplicationServletAnnotations(Context);org.apache.catalina.core.StandardWrapper;0;1;0;1.0000;125;6;0;2;0;0.9810;712;75;32
org.apache.el.parser.AstMethodParameters.getParameters(EvaluationContext);org.apache.el.parser.Node;0;0;0;0;0;0;0;0;0;0;0;0;0
org.apache.coyote.ajp.AjpAprProcessor.parseHost(MessageBytes);org.apache.tomcat.util.buf.HexUtils;5;0;4;0.9231;616;13;30;0;1;1.0000;50;5;3
org.apache.catalina.core.StandardEngineValve.event(Request, Response, CometEvent);org.apache.catalina.Pipeline;0;0;0;1.0000;14;3;2;1;0;0.8889;6;6;0
org.apache.catalina.authenticator.NonLoginAuthenticator.authenticate(Request, HttpServletResponse, LoginConfig);org.apache.juli.logging.Log;0;0;0;1.0000;7;2;1;2;0;0.8947;18;18;0
org.apache.catalina.core.StandardHost.startInternal();org.apache.catalina.Pipeline;0;0;0;0;0;0;0;0;0;0;0;0;0
org.apache.catalina.manager.host.HTMLHostManagerServlet.list(HttpServletRequest, HttpServletResponse, String);org.apache.tomcat.util.res.StringManager;1;0;7;1.0000;194;6;7;1;0;0.9091;36;3;3
org.apache.catalina.startup.SetAuthConstraintRule.begin(String, String, Attributes);org.apache.tomcat.util.digester.Digester;2;0;0;1.0000;9;1;0;1;1;0.9854;849;103;29
org.apache.tomcat.util.modeler.modules.MbeansSource.save();org.apache.tomcat.util.DomUtil;0;0;4;0.8571;198;11;10;1;0;1.0000;130;14;1
org.apache.catalina.connector.RequestFacade.getRemoteUser();org.apache.catalina.connector.Request;1;0;2;0.9865;462;73;2;1;0;0.9943;1084;128;51
org.apache.catalina.connector.Request.clearEncoders();org.apache.catalina.connector.InputBuffer;0;0;1;0.9942;1084;128;51;1;0;0.9722;210;19;17
org.apache.catalina.core.ApplicationContext.getEffectiveMinorVersion();org.apache.catalina.core.StandardContext;0;0;0;0;0;0;0;0;0;0;0;0;0
org.apache.catalina.connector.MapperListener.init();org.apache.catalina.Service;0;4;3;0.6250;305;10;6;0;0;1.0000;15;15;0
org.apache.catalina.mbeans.ContextResourceLinkMBean.setAttribute(Attribute);org.apache.catalina.deploy.ResourceBase;0;0;0;1.0000;19;1;0;2;0;0.8947;43;9;6
org.apache.catalina.valves.ErrorReportValve.invoke(Request, Response);org.apache.catalina.connector.Request;1;1;0;0.9091;129;4;2;1;0;0.9945;1084;128;51
org.apache.catalina.mbeans.MBeanUtils.destroyMBean(Context);org.apache.catalina.Container;0;1;1;1.0000;853;61;5;2;0;0.9412;34;34;6
org.apache.coyote.http11.AbstractHttp11Protocol.setSslProtocol(String);org.apache.tomcat.util.net.AbstractEndpoint;0;0;0;0;0;0;0;0;0;0;0;0;0
org.apache.catalina.session.StandardSession.setAttribute(String, Object, boolean);org.apache.juli.logging.Log;1;4;3;0.9259;558;58;26;1;0;0.9643;18;18;0
org.apache.catalina.mbeans.MBeanUtils.destroyMBean(Role);org.apache.tomcat.util.modeler.ManagedBean;0;2;2;1.0000;853;61;5;1;0;0.9714;252;23;13
org.apache.jasper.compiler.Validator.ValidateVisitor.getMethod(ELNode.Function);org.apache.jasper.compiler.ErrorDispatcher;1;0;1;0.9778;710;36;19;1;0;0.9600;158;22;2
org.apache.el.parser.ELParser.jj_3_2();org.apache.el.parser.ELParserConstants;1;2;1;0.9774;2195;111;22;0;2;0.9667;0;0;57
org.apache.catalina.mbeans.MBeanUtils.destroyMBean(Valve, Container);org.apache.tomcat.util.modeler.ManagedBean;0;2;2;1.0000;853;61;5;1;0;0.9722;252;23;13
org.apache.jasper.runtime.JspContextWrapper.setAttribute(String, Object);org.apache.jasper.compiler.Localizer;0;1;1;0.9556;257;38;7;1;0;1.0000;34;6;1
org.apache.tomcat.util.net.NioEndpoint.Poller.events();org.apache.tomcat.util.net.NioEndpoint.PollerEvent;1;0;1;0.9600;395;15;7;1;0;0.9091;60;4;3
org.apache.coyote.http11.Http11NioProcessor.process(NioChannel);org.apache.tomcat.util.net.AbstractEndpoint;0;0;0;0;0;0;0;0;0;0;0;0;0
org.apache.catalina.ha.session.DeltaSession.expire(boolean, boolean);org.apache.catalina.ha.CatalinaCluster;1;0;3;0.9815;379;41;7;0;0;1.0000;20;20;1
org.apache.catalina.ha.tcp.SimpleTcpCluster.startInternal();org.apache.juli.logging.Log;0;0;0;0;0;0;0;0;0;0;0;0;0
org.apache.jasper.compiler.Generator.FragmentHelperClass.openFragment(Node, int);org.apache.jasper.compiler.Node;2;0;3;0.8333;132;6;4;0;1;0.9737;170;7;15
org.apache.catalina.core.ApplicationContext.setAttribute(String, Object);org.apache.catalina.core.ContainerBase;1;2;4;0.9138;460;47;13;1;0;0.9896;603;62;29
org.apache.jasper.compiler.Generator.GenerateVisitor.visit(Node.SetProperty);org.apache.jasper.compiler.ServletWriter;6;0;1;0.9868;1737;45;16;4;1;0.8276;65;13;6
org.apache.coyote.ajp.AjpAprProcessor.process(long);org.apache.coyote.RequestInfo;5;4;14;0.7115;616;13;30;0;1;0.9818;134;13;14
org.apache.tomcat.util.buf.MessageBytes.startsWithIgnoreCase(String, int);org.apache.tomcat.util.buf.Ascii;0;0;7;0.9091;402;31;17;1;0;1.0000;91;11;7
org.apache.tomcat.util.buf.MessageBytes.isNull();org.apache.tomcat.util.buf.CharChunk;0;0;3;0.9318;402;31;17;1;0;0.9808;393;39;8
org.apache.naming.factory.EjbFactory.getObjectInstance(Object, Name, Context, Hashtable<?,?>);org.apache.naming.factory.Constants;2;0;0;1.0000;67;1;0;0;2;1.0000;0;0;12
org.apache.catalina.connector.RequestFacade.getLocalName();org.apache.tomcat.util.res.StringManager;1;0;2;0.9865;462;73;2;0;0;1.0000;36;3;3
org.apache.tomcat.util.buf.MessageBytes.toChars();org.apache.tomcat.util.buf.CharChunk;0;1;4;0.9091;402;31;17;2;0;0.9615;393;39;8
org.apache.catalina.deploy.WebXml.toXml();org.apache.catalina.deploy.ContextLocalEjb;10;2;30;0.7787;1446;42;41;3;0;0.9651;45;4;3
org.apache.jasper.compiler.Generator.GenerateVisitor.generateSetters(Node.CustomTag, String, TagHandlerInfo, boolean);org.apache.jasper.compiler.Node.CustomTag;5;0;4;0.9467;1737;45;16;1;1;0.9649;229;10;26
org.apache.catalina.startup.ContextConfig.configureStart();org.apache.catalina.Container;0;0;0;0;0;0;0;0;0;0;0;0;0
org.apache.jasper.compiler.Parser.parseForward(Node);org.apache.jasper.compiler.JspReader;0;2;3;0.9385;1203;56;14;1;0;0.9750;322;25;9
org.apache.coyote.http11.Http11AprProcessor.action(ActionCode, Object);org.apache.tomcat.util.net.AprEndpoint;9;1;18;0.8068;938;28;36;0;4;1.0000;629;27;59
org.apache.catalina.tribes.transport.ReplicationTransmitter.heartbeat();org.apache.catalina.tribes.transport.DataSender;0;0;1;0.9000;30;7;3;1;0;0.9167;11;11;0
org.apache.coyote.ajp.AjpAprProcessor.recycle();org.apache.coyote.Request;0;0;10;0.7561;616;13;30;1;0;0.9844;219;17;34
org.apache.catalina.session.JDBCStore.save(Session);org.apache.catalina.Manager;1;6;9;0.7727;495;34;23;1;0;0.9833;34;34;0
org.apache.catalina.authenticator.FormAuthenticator.restoreRequest(Request, Session);org.apache.tomcat.util.http.Parameters;3;0;0;1.0000;232;8;3;2;0;0.9701;363;23;19
org.apache.coyote.http11.Http11AprProtocol.Http11ConnectionHandler.process(long);org.apache.tomcat.util.net.AprEndpoint;3;1;3;0.7647;119;5;5;1;0;0.9889;629;27;59
org.apache.catalina.core.StandardPipeline.removeValve(Valve);org.apache.catalina.Lifecycle;0;1;4;0.8571;234;16;8;1;0;0.9231;5;5;9
org.apache.catalina.realm.MemoryRealm.getPassword(String);org.apache.catalina.realm.GenericPrincipal;0;0;1;0.9091;97;8;7;1;0;0.9375;56;7;5
org.apache.el.parser.AstDynamicExpression.isReadOnly(EvaluationContext);org.apache.el.parser.Node;0;0;0;1.0000;15;4;0;1;0;0.9375;15;15;0
org.apache.catalina.util.ParameterMap.putAll(Map<? extends K,? extends V>);org.apache.tomcat.util.res.StringManager;1;0;2;0.8889;34;5;2;0;0;1.0000;36;3;3
org.apache.jasper.compiler.Generator.GenerateVisitor.generateCustomEnd(Node.CustomTag, String, String, String);org.apache.jasper.compiler.Generator;3;1;5;0.9178;1737;45;16;0;1;0.9818;781;28;16
org.apache.coyote.ajp.AjpProcessor.asyncDispatch(SocketStatus);org.apache.coyote.RequestInfo;0;0;0;0;0;0;0;0;0;0;0;0;0
org.apache.catalina.connector.CoyoteAdapter.service(org.apache.coyote.Request, org.apache.coyote.Response);org.apache.tomcat.util.res.StringManager;8;0;4;0.9524;505;11;8;0;0;1.0000;36;3;3
org.apache.tomcat.util.net.AbstractEndpoint.getCurrentThreadsBusy();org.apache.tomcat.util.threads.ResizableExecutor;0;0;0;0;0;0;0;0;0;0;0;0;0
org.apache.jasper.compiler.Validator.ValidateVisitor.checkXmlAttributes(Node.CustomTag, Node.JspAttribute[], Hashtable<String,Object>);org.apache.jasper.compiler.Node.JspAttribute;8;1;3;0.9344;710;36;19;1;0;0.9762;107;7;10
org.apache.catalina.core.StandardHostValve.event(Request, Response, CometEvent);org.apache.catalina.Loader;1;2;0;0.8571;149;7;3;1;0;0.9583;14;14;0
org.apache.tomcat.util.bcel.classfile.LocalVariableTable.copy(ConstantPool);org.apache.tomcat.util.bcel.classfile.LocalVariable;0;0;0;0;0;0;0;0;0;0;0;0;0
org.apache.catalina.connector.Response.getReporter();org.apache.catalina.connector.OutputBuffer;0;0;2;0.9775;578;70;19;2;0;0.9524;207;25;15
org.apache.catalina.core.NamingContextListener.addService(ContextService);org.apache.naming.ServiceRef;5;0;4;0.9464;745;23;11;1;2;0.9714;71;5;9
org.apache.coyote.http11.Http11NioProcessor.action(ActionCode, Object);org.apache.coyote.Constants;12;1;19;0.8269;954;28;38;0;1;1.0000;0;0;14
org.apache.coyote.Request.isProcessing();org.apache.coyote.RequestInfo;0;0;0;0;0;0;0;0;0;0;0;0;0
org.apache.catalina.core.ContainerBase.logName();org.apache.catalina.Container;0;0;1;0.9889;603;62;29;2;0;0.9429;34;34;6
org.apache.coyote.ajp.AjpAprProcessor.prepareResponse();org.apache.coyote.Response;5;0;4;0.9322;616;13;30;1;6;0.8727;250;19;18
org.apache.jasper.compiler.Node.IncludeAction.accept(Visitor);org.apache.jasper.compiler.Node.Visitor;0;0;0;1.0000;15;1;1;1;0;0.9714;126;35;0
org.apache.catalina.mbeans.MBeanUtils.createObjectName(String, Manager);org.apache.catalina.Host;0;0;0;1.0000;853;61;5;1;0;0.9583;20;20;2
org.apache.catalina.core.ApplicationContextFacade.addServlet(String, Servlet);org.apache.catalina.core.ApplicationContext;0;1;1;0.9592;426;46;3;0;0;1.0000;460;47;13
org.apache.catalina.connector.Request.isUserInRole(String);org.apache.catalina.Container;0;0;3;0.9829;1084;128;51;1;0;0.9744;34;34;6
org.apache.catalina.tribes.group.interceptors.ThroughputInterceptor.messageReceived(ChannelMessage);org.apache.catalina.tribes.io.XByteBuffer;0;1;5;0.6471;88;3;14;1;0;1.0000;317;36;7
org.apache.jasper.compiler.Collector.CollectVisitor.updatePageInfo(PageInfo);org.apache.jasper.compiler.PageInfo;1;0;1;0.9524;114;15;6;0;1;0.9868;319;30;44
org.apache.jasper.compiler.Node.Expression.accept(Visitor);org.apache.jasper.compiler.Node.Visitor;0;0;0;1.0000;9;1;0;1;0;0.9714;126;35;0
org.apache.catalina.core.ApplicationFilterConfig.release();org.apache.catalina.Container;2;0;2;0.8947;121;10;5;1;0;0.9750;34;34;6
org.apache.catalina.mbeans.MBeanFactory.removeContext(String);org.apache.catalina.core.StandardService;0;2;2;0.9524;432;35;2;1;0;0.9808;313;29;18
org.apache.catalina.deploy.WebXml.addAfterOrderingOthers();org.apache.tomcat.util.res.StringManager;0;0;4;0.9706;1446;42;41;1;0;0.8571;36;3;3
org.apache.catalina.core.ApplicationFilterConfig.setFilterDef(FilterDef);org.apache.catalina.Container;2;1;3;0.7895;121;10;5;1;0;0.9762;34;34;6
org.apache.naming.NamingContext.bind(Name, Object, boolean);org.apache.naming.NamingEntry;1;1;3;0.9024;282;32;6;0;6;0.8333;16;2;7
org.apache.catalina.tribes.membership.Membership.removeMember(MemberImpl);org.apache.catalina.tribes.membership.MemberImpl;0;0;3;0.8500;136;11;6;1;0;0.9762;300;29;19
org.apache.catalina.tribes.group.interceptors.NonBlockingCoordinator.getMembers();org.apache.catalina.tribes.membership.Membership;0;0;1;0.9796;352;38;14;1;0;0.9524;136;11;6
org.apache.tomcat.util.bcel.classfile.Code.toString(boolean);org.apache.tomcat.util.bcel.classfile.Utility;0;0;0;0;0;0;0;0;0;0;0;0;0
org.apache.catalina.core.StandardContext.bindThread();org.apache.naming.resources.DirContextURLStreamHandler;0;1;0;0.9968;2385;204;107;1;0;1.0000;91;13;3
org.apache.tomcat.util.digester.WithDefaultsRulesWrapper.setDigester(Digester);org.apache.tomcat.util.digester.Rules;1;0;2;0.8462;55;8;3;1;0;0.9091;8;8;0
org.apache.catalina.core.StandardContext.findMessageDestinationRefs();org.apache.catalina.deploy.NamingResources;0;0;1;0.9968;2385;204;107;1;0;0.9796;332;35;12
org.apache.catalina.core.ApplicationHttpRequest.AttributeNamesEnumerator.nextElement();org.apache.catalina.core.ApplicationHttpRequest;1;1;3;0.5000;39;3;4;1;1;0.9792;325;29;17
org.apache.jasper.compiler.TagFileProcessor.TagFileDirectiveVisitor.checkUniqueName(String, String, Node, TagAttributeInfo);org.apache.jasper.compiler.Mark;2;0;5;0.8966;213;8;24;0;1;0.9667;108;9;11
org.apache.catalina.startup.Tomcat.DefaultWebXmlListener.lifecycleEvent(LifecycleEvent);org.apache.catalina.LifecycleEvent;0;0;0;0;0;0;0;0;0;0;0;0;0
org.apache.tomcat.util.modeler.BaseNotificationBroadcaster.addNotificationListener(NotificationListener, NotificationFilter, Object);org.apache.tomcat.util.modeler.BaseAttributeFilter;1;0;1;0.9167;54;6;1;3;0;0.7273;34;5;1
org.apache.el.parser.AstValue.invoke(EvaluationContext, Class[], Object[]);org.apache.el.parser.AstMethodParameters;0;0;0;0;0;0;0;0;0;0;0;0;0
org.apache.jasper.compiler.Generator.GenerateVisitor.visit(Node.Expression);org.apache.jasper.compiler.ServletWriter;2;0;1;0.9851;1737;45;16;3;1;0.8095;65;13;6
org.apache.coyote.http11.Http11Processor.action(ActionCode, Object);org.apache.coyote.Request;6;1;18;0.8068;847;26;37;1;7;0.9101;219;17;34
org.apache.catalina.authenticator.FormAuthenticator.restoreRequest(Request, Session);org.apache.tomcat.util.buf.MessageBytes;3;0;0;1.0000;232;8;3;2;0;0.9861;402;31;17
org.apache.coyote.ajp.AjpProcessor.process(SocketWrapper<Socket>);org.apache.juli.logging.Log;0;0;0;0;0;0;0;0;0;0;0;0;0
org.apache.naming.NamingService.preRegister(MBeanServer, ObjectName);org.apache.naming.NamingServiceMBean;1;0;0;1.0000;71;8;4;0;1;1.0000;6;6;7
org.apache.jasper.runtime.PageContextImpl.removeAttribute(String, int);org.apache.jasper.security.SecurityUtil;0;1;0;0.9811;634;40;16;1;0;1.0000;31;2;1
org.apache.jasper.compiler.Validator.ValidateVisitor.visit(Node.CustomTag);org.apache.jasper.compiler.ErrorDispatcher;4;0;1;0.9825;710;36;19;3;0;0.9143;158;22;2
org.apache.catalina.session.StandardManager.doLoad();org.apache.catalina.Loader;2;1;1;0.9474;328;19;8;1;0;0.9655;14;14;0
org.apache.jasper.compiler.Validator.DirectiveVisitor.visit(Node.TagDirective);org.apache.jasper.compiler.Node.TagDirective;6;0;3;0.8800;214;7;4;0;1;0.9545;27;2;1
org.apache.tomcat.util.modeler.modules.MbeansDescriptorsIntrospectionSource.execute();org.apache.juli.logging.Log;0;1;4;0.6923;194;7;10;1;0;0.9583;18;18;0
org.apache.coyote.http11.AbstractOutputBuffer.sendHeader(MessageBytes, MessageBytes);org.apache.coyote.http11.Constants;0;0;0;0;0;0;0;0;0;0;0;0;0
org.apache.jasper.compiler.Validator.ValidateVisitor.visit(Node.JspRoot);org.apache.jasper.compiler.ErrorDispatcher;0;0;2;0.9773;710;36;19;1;0;0.9583;158;22;2
org.apache.jasper.compiler.Generator.GenerateVisitor.getTagHandlerInfo(Node.CustomTag);org.apache.jasper.compiler.Node;3;0;1;0.9844;1737;45;16;0;1;0.9677;170;7;15
org.apache.el.parser.ELParser.Choice();org.apache.el.parser.JJTELParserState;2;4;1;0.9710;2195;111;22;4;0;0.8261;74;10;5
org.apache.catalina.ha.tcp.ReplicationValve.registerReplicationSession(DeltaSession);org.apache.juli.logging.Log;1;0;3;0.9730;283;17;17;2;0;0.9130;18;18;0
org.apache.jasper.runtime.PageContextImpl.getAttributeNamesInScope(int);org.apache.jasper.security.SecurityUtil;0;1;0;0.9811;634;40;16;1;0;1.0000;31;2;1
org.apache.jasper.compiler.Generator.GenerateVisitor.visit(Node.PlugIn);org.apache.jasper.compiler.Node.PlugIn;10;3;1;0.9487;1737;45;16;0;2;0.9200;21;1;2
org.apache.coyote.ajp.AjpProtocol.getName();org.apache.tomcat.util.net.AbstractEndpoint;0;0;0;0;0;0;0;0;0;0;0;0;0
org.apache.jasper.compiler.Generator.generateTagHandlerPostamble(TagInfo);org.apache.jasper.compiler.ServletWriter;0;2;3;0.9070;781;28;16;7;0;0.6667;65;13;6
org.apache.coyote.http11.Http11AprProcessor.action(ActionCode, Object);org.apache.coyote.Constants;9;1;18;0.8068;938;28;36;0;0;1.0000;0;0;14
org.apache.jasper.compiler.ScriptingVariabler.set(Node.Nodes, ErrorDispatcher);org.apache.jasper.compiler.Node.Nodes;0;0;0;1.0000;4;1;1;1;0;0.9000;43;5;3
org.apache.catalina.tribes.tipis.AbstractReplicatedMap.heartbeat();org.apache.juli.logging.Log;0;1;2;0.9692;740;50;17;1;0;0.9500;18;18;0
org.apache.jasper.compiler.Validator.DirectiveVisitor.visit(Node.PageDirective);org.apache.jasper.compiler.Node;6;0;4;0.9268;214;7;4;1;1;0.9661;170;7;15
org.apache.catalina.mbeans.ServerLifecycleListener.containerEvent(ContainerEvent);org.apache.juli.logging.Log;1;2;1;0.9444;569;32;2;1;0;0.9565;18;18;0
org.apache.jasper.compiler.Validator.ValidateVisitor.visit(Node.ForwardAction);org.apache.jasper.compiler.Node.ForwardAction;1;1;2;0.9545;710;36;19;0;1;0.8750;15;1;1
org.apache.coyote.ajp.AjpProtocol.init();org.apache.juli.logging.Log;3;1;4;0.9423;201;32;16;3;0;0.8750;18;18;0
org.apache.tomcat.util.net.AprEndpoint.Sendfile.run();org.apache.tomcat.util.net.AprEndpoint.SendfileData;5;3;5;0.6923;187;5;6;0;6;0.7692;0;0;8
org.apache.coyote.RequestInfo.getCurrentUri();org.apache.tomcat.util.buf.MessageBytes;1;0;1;0.9643;134;13;14;1;0;0.9778;402;31;17
org.apache.catalina.core.ApplicationContextFacade.getClassLoader();org.apache.catalina.core.ApplicationContext;0;0;0;0;0;0;0;0;0;0;0;0;0
org.apache.coyote.http11.Http11AprProtocol.getTcpNoDelay();org.apache.tomcat.util.net.AbstractEndpoint;0;0;0;0;0;0;0;0;0;0;0;0;0
org.apache.catalina.core.ApplicationContextFacade.addFilter(String, String);org.apache.catalina.security.SecurityUtil;0;1;1;0.9600;426;46;3;1;0;1.0000;146;11;17
org.apache.tomcat.util.net.AprEndpoint.allocatePoller(int, long, int);org.apache.tomcat.jni.Poll;2;0;2;1.0000;629;27;59;1;0;1.0000;9;9;11
org.apache.jasper.compiler.TagFileProcessor.parseTagFileDirectives(ParserController, String, String, JarResource, TagLibraryInfo);org.apache.jasper.compiler.Compiler;2;0;0;1.0000;96;5;1;0;1;0.9600;285;11;8
org.apache.el.parser.AstIdentifier.getType(EvaluationContext);org.apache.el.util.MessageFactory;1;0;0;1.0000;78;7;0;0;0;1.0000;24;7;1
org.apache.coyote.ajp.AjpProcessor.SocketInputBuffer.doRead(ByteChunk, Request);org.apache.tomcat.util.buf.MessageBytes;3;0;0;1.0000;19;1;0;0;1;0.9815;402;31;17
org.apache.catalina.connector.Request.removeAttribute(String);org.apache.catalina.Container;3;1;5;0.9718;1084;128;51;1;0;0.9767;34;34;6
org.apache.el.parser.AstGreaterThanEqual.getValue(EvaluationContext);org.apache.el.parser.Node;0;0;0;1.0000;14;1;0;1;0;0.9375;15;15;0
org.apache.tomcat.util.digester.Digester.addRule(String, Rule);org.apache.tomcat.util.digester.Rule;1;1;0;0.9925;849;103;29;0;1;0.9286;31;9;2
org.apache.el.parser.ELParserTokenManager.jjMoveStringLiteralDfa2_1(long, long);org.apache.el.parser.SimpleCharStream;0;4;2;0.8636;1035;33;25;1;0;0.9821;257;26;16
org.apache.coyote.ajp.AjpProcessor.prepareResponse();org.apache.tomcat.util.http.MimeHeaders;5;0;4;0.9333;570;12;32;3;1;0.9048;129;18;3
org.apache.catalina.tribes.membership.Membership.getMember(Member);org.apache.catalina.tribes.membership.MemberImpl;0;1;1;0.9000;136;11;6;1;0;0.9756;300;29;19
org.apache.jasper.compiler.Validator.ValidateVisitor.getMethod(ELNode.Function);org.apache.jasper.compiler.ELNode.Function;1;0;1;0.9778;710;36;19;0;3;0.7000;37;1;6
org.apache.coyote.ajp.AjpAprProcessor.SocketInputBuffer.doRead(ByteChunk, Request);org.apache.coyote.Request;3;0;0;1.0000;19;1;0;1;0;0.9841;219;17;34
org.apache.catalina.ha.session.ClusterManagerBase.getClassLoaders(Container);org.apache.catalina.Container;0;0;0;1.0000;23;4;0;1;0;0.9714;34;34;6
org.apache.jasper.compiler.ErrorDispatcher.javacError(String, Exception);org.apache.jasper.compiler.ErrorHandler;0;0;1;0.9524;158;22;2;1;0;0.8000;4;4;0
org.apache.catalina.ha.session.BackupManager.getClassLoaders();org.apache.catalina.ha.session.ClusterManagerBase;0;0;0;1.0000;146;20;7;1;0;1.0000;23;4;0
org.apache.jasper.xmlparser.XMLEncodingDetector.scanData(String, XMLStringBuffer);org.apache.jasper.xmlparser.XMLChar;0;2;6;0.8298;798;23;29;1;0;1.0000;115;21;9
org.apache.tomcat.util.http.Cookies.processCookies(MimeHeaders);org.apache.tomcat.util.buf.ByteChunk;3;2;1;0.9130;269;16;9;2;1;0.9455;425;43;10
org.apache.jasper.compiler.JspDocumentParser.startElement(String, String, String, Attributes);org.apache.jasper.compiler.TagConstants;6;5;11;0.6667;649;28;20;0;4;1.0000;0;0;57
org.apache.jasper.compiler.Parser.parseTaglibDirective(Node);org.apache.jasper.compiler.TagConstants;4;1;6;0.9114;1203;56;14;0;1;1.0000;0;0;57
org.apache.catalina.startup.Embedded.removeContext(Context);org.apache.catalina.Container;0;0;2;0.9796;372;34;11;3;0;0.9211;34;34;6
org.apache.catalina.startup.Embedded.initDirs();org.apache.juli.logging.Log;1;0;2;1.0000;372;34;11;1;0;0.9444;18;18;0
org.apache.coyote.ajp.AjpAprProtocol.pause();org.apache.tomcat.util.net.AprEndpoint;1;1;3;0.9655;219;40;15;1;0;0.9882;629;27;59
org.apache.catalina.ha.deploy.FarmWarDeployer.start();org.apache.catalina.Container;0;0;11;0.8077;376;28;17;2;0;0.9608;34;34;6
org.apache.catalina.ha.session.DeltaManager.handleGET_ALL_SESSIONS(SessionMessage, Member);org.apache.catalina.ha.ClusterMessage;2;1;9;0.9070;826;43;42;1;0;0.9444;6;6;0
org.apache.catalina.session.JDBCStore.remove(String);org.apache.catalina.Manager;1;5;5;0.8361;495;34;23;1;0;0.9800;34;34;0
org.apache.catalina.core.ContainerBase.setCluster(Cluster);org.apache.juli.logging.Log;0;0;4;0.9674;603;62;29;1;0;0.9583;18;18;0
org.apache.jasper.compiler.TagFileProcessor.TagFileDirectiveVisitor.checkConflict(Node, String, String);org.apache.jasper.compiler.ErrorDispatcher;0;0;1;0.9615;213;8;24;1;0;0.9565;158;22;2
org.apache.catalina.ha.tcp.SimpleTcpCluster.checkDefaults();org.apache.catalina.tribes.group.GroupChannel;0;2;4;0.9104;371;45;31;1;0;0.9756;268;24;8
org.apache.jasper.compiler.ELFunctionMapper.ELFunctionVisitor.doMap(ELNode.Nodes);org.apache.jasper.compiler.ELNode.Nodes;5;1;1;0.9167;151;14;1;1;1;0.8889;35;5;2
org.apache.catalina.authenticator.AuthenticatorBase.invoke(Request, Response);org.apache.catalina.deploy.SecurityConstraint;2;1;6;0.9074;286;20;18;3;0;0.9375;146;16;6
org.apache.tomcat.util.http.fileupload.FileUploadBase.FileItemIteratorImpl.FileItemStreamImpl.openStream();org.apache.tomcat.util.http.fileupload.Closeable;0;0;0;0;0;0;0;0;0;0;0;0;0
org.apache.tomcat.util.net.AprEndpoint.Acceptor.run();org.apache.tomcat.util.net.AprEndpoint;1;0;0;1.0000;20;1;0;1;5;0.9506;629;27;59
org.apache.catalina.session.StandardManager.doLoad();org.apache.catalina.session.StandardSession;2;1;1;0.9474;328;19;8;3;1;0.9551;558;58;26
org.apache.catalina.core.StandardWrapperValve.event(Request, Response, CometEvent);org.apache.juli.logging.Log;3;1;4;0.8667;341;4;6;2;0;0.9524;18;18;0
org.apache.jasper.compiler.Generator.GenerateVisitor.generateSetters(Node.CustomTag, String, TagHandlerInfo, boolean);org.apache.jasper.compiler.Mark;5;0;4;0.9467;1737;45;16;0;3;0.9231;108;9;11
org.apache.coyote.http11.Http11AprProcessor.process(long);org.apache.coyote.Constants;7;4;22;0.7241;938;28;36;0;5;1.0000;0;0;14
org.apache.tomcat.util.bcel.classfile.Method.getLocalVariableTable();org.apache.tomcat.util.bcel.classfile.Code;0;0;0;0;0;0;0;0;0;0;0;0;0
org.apache.catalina.mbeans.ServerLifecycleListener.createMBeans(ContextResourceLink);org.apache.juli.logging.Log;0;0;1;1.0000;569;32;2;2;0;0.8889;18;18;0
org.apache.catalina.ha.session.SimpleTcpReplicationManager.messageReceived(SessionMessage, Member);org.apache.catalina.ha.session.SessionMessage;1;2;4;0.9000;362;17;17;4;5;0.8261;5;5;7
org.apache.el.parser.ELParser.DeferredExpression();org.apache.el.parser.JJTELParserState;2;2;1;0.9783;2195;111;22;4;0;0.8182;74;10;5
org.apache.coyote.http11.Http11AprProtocol.Http11ConnectionHandler.register(Http11AprProcessor);org.apache.tomcat.util.modeler.Registry;4;0;3;0.8421;119;5;5;2;0;0.9815;446;36;10
org.apache.catalina.loader.WebappClassLoader.findClass(String);org.apache.catalina.Globals;1;1;4;0.9459;1193;44;30;0;1;1.0000;0;0;39
org.apache.jasper.compiler.TagLibraryInfoImpl.createTagInfo(TreeNode, String);org.apache.jasper.compiler.Localizer;0;2;3;0.8214;523;14;6;1;0;1.0000;34;6;1
org.apache.jasper.compiler.Validator.ValidateVisitor.getFunctionMapper(ELNode.Nodes);org.apache.jasper.compiler.ELNode.Function;2;0;2;0.9583;710;36;19;0;5;0.5833;37;1;6
org.apache.catalina.core.StandardHostValve.event(Request, Response, CometEvent);org.apache.catalina.connector.Response;1;2;0;0.8571;149;7;3;1;0;0.9898;578;70;19
org.apache.tomcat.util.net.NioEndpoint.SocketProcessor.run();org.apache.tomcat.util.net.NioEndpoint.KeyAttachment;5;0;2;0.9200;91;2;2;0;2;0.9608;155;14;15
org.apache.tomcat.util.bcel.classfile.SourceFile.getSourceFileName();org.apache.tomcat.util.bcel.classfile.ConstantPool;0;0;0;0;0;0;0;0;0;0;0;0;0
org.apache.catalina.session.StandardManager.startInternal();org.apache.juli.logging.Log;0;0;0;0;0;0;0;0;0;0;0;0;0
org.apache.coyote.ajp.AjpProtocol.getPort();org.apache.tomcat.util.net.AbstractEndpoint;0;0;0;0;0;0;0;0;0;0;0;0;0
org.apache.catalina.tribes.group.interceptors.FragmentationInterceptor.frag(Member[], ChannelMessage, InterceptorPayload);org.apache.catalina.tribes.io.XByteBuffer;1;0;1;0.9474;96;7;5;4;2;0.7857;317;36;7
org.apache.jasper.runtime.TagHandlerPool.reuse(Tag);org.apache.tomcat.InstanceManager;0;0;4;0.6364;98;6;6;1;0;0.8889;4;4;0
org.apache.tomcat.util.net.jsse.JSSESocketFactory.getTrustStore(String, String);org.apache.tomcat.util.net.AbstractEndpoint;0;0;0;0;0;0;0;0;0;0;0;0;0
org.apache.catalina.mbeans.MBeanUtils.createObjectName(String, Context);org.apache.catalina.Context;0;0;0;1.0000;853;61;5;1;0;0.9921;125;125;1
org.apache.catalina.tribes.io.XByteBuffer.append(ByteBuffer, int);org.apache.juli.logging.Log;0;2;5;0.8333;317;36;7;1;0;0.9545;18;18;0
org.apache.jasper.compiler.Parser.parseElementsTemplateText(Node);org.apache.jasper.compiler.PageInfo;0;6;3;0.8657;1203;56;14;0;0;1.0000;319;30;44
org.apache.tomcat.util.modeler.Registry.addManagedBean(ManagedBean);org.apache.tomcat.util.modeler.ManagedBean;0;0;2;0.9535;446;36;10;2;0;0.9444;252;23;13
org.apache.jasper.compiler.Generator.GenerateVisitor.generateAliasMap(Node.CustomTag, String);org.apache.jasper.compiler.Generator;0;0;1;0.9846;1737;45;16;1;0;1.0000;781;28;16
org.apache.catalina.core.StandardWrapper.getRequestCount();org.apache.catalina.core.StandardWrapperValve;1;0;1;0.9902;712;75;32;0;1;0.9000;341;4;6
org.apache.coyote.http11.Http11AprProtocol.getPollerSize();org.apache.tomcat.util.net.AprEndpoint;1;0;1;0.9901;387;76;26;0;1;0.9875;629;27;59
org.apache.coyote.Request.recycle();org.apache.tomcat.util.http.Parameters;0;0;23;0.5818;219;17;34;1;0;0.9846;363;23;19
org.apache.jasper.compiler.Collector.CollectVisitor.visit(Node.PlugIn);org.apache.jasper.compiler.Node.JspAttribute;2;0;1;0.9583;114;15;6;0;1;0.9565;107;7;10
org.apache.coyote.http11.InternalAprInputBuffer.available();org.apache.coyote.http11.InputFilter;0;0;4;0.8571;358;13;15;1;0;0.9091;7;7;0
org.apache.jasper.compiler.Dumper.DumpVisitor.visit(Node.PlugIn);org.apache.jasper.compiler.Node;1;3;0;0.8929;122;27;1;0;1;0.9667;170;7;15
org.apache.catalina.mbeans.MBeanUtils.createObjectName(String, ContextResourceLink);org.apache.catalina.Context;1;0;0;1.0000;853;61;5;1;0;0.9923;125;125;1
org.apache.catalina.util.ManifestResource.isFulfilled();org.apache.catalina.util.Extension;1;0;1;0.9231;100;8;7;0;1;0.9474;112;10;8
org.apache.jasper.compiler.PageDataImpl.FirstPassVisitor.visit(Node.TaglibDirective);org.apache.jasper.compiler.TagConstants;4;0;1;0.8889;65;4;4;0;2;1.0000;0;0;57
org.apache.catalina.servlets.DefaultServlet.renderXml(String, CacheEntry, InputStream);org.apache.naming.resources.CacheEntry;1;3;2;0.9123;994;37;18;0;5;0.7368;13;2;8
org.apache.catalina.core.StandardPipeline.addValve(Valve);org.apache.catalina.Lifecycle;0;1;5;0.8214;234;16;8;1;0;0.9286;5;5;9
org.apache.catalina.core.StandardContext.resourcesStop();org.apache.juli.logging.Log;1;2;3;0.9873;2385;204;107;1;0;0.9630;18;18;0
org.apache.jasper.compiler.Validator.ValidateVisitor.FVVisitor.visit(ELNode.Function);org.apache.jasper.compiler.Node;4;0;0;1.0000;33;1;1;1;0;0.9737;170;7;15
org.apache.catalina.ssi.SSIServletExternalResolver.getAbsolutePath(String);org.apache.catalina.ssi.SSIServletRequestUtil;0;1;1;0.9259;400;20;7;1;0;1.0000;19;2;0
org.apache.catalina.tribes.tipis.AbstractReplicatedMap.get(Object);org.apache.catalina.tribes.group.Response;3;2;8;0.8902;740;50;17;0;1;0.9667;18;0;2
org.apache.coyote.http11.Http11NioProcessor.prepareRequest();org.apache.tomcat.util.http.MimeHeaders;7;3;13;0.8222;954;28;38;2;0;0.9672;129;18;3
org.apache.catalina.valves.ExtendedAccessLogValve.RequestAttributeElement.addElement(StringBuilder, Date, Request, Response, long);org.apache.catalina.valves.ExtendedAccessLogValve;0;0;1;0.6667;6;1;1;1;0;0.9167;367;10;2
org.apache.tomcat.util.net.AprEndpoint.init();org.apache.tomcat.jni.Address;7;0;29;0.6456;629;27;59;2;0;1.0000;8;8;1
org.apache.catalina.ha.authenticator.ClusterSingleSignOnListener.messageReceived(ClusterMessage);org.apache.catalina.ha.authenticator.SingleSignOnMessage;1;1;1;0.9000;82;4;2;0;13;0.6957;76;2;16
org.apache.catalina.startup.Catalina.stopServer(String[]);org.apache.tomcat.util.res.StringManager;3;2;2;0.9063;311;18;8;1;0;0.9375;36;3;3
org.apache.catalina.ha.session.DeltaRequest.execute(DeltaSession, boolean);org.apache.catalina.ha.session.SerializablePrincipal;0;1;8;0.9211;179;15;15;1;0;0.9714;84;9;7
org.apache.coyote.http11.Http11AprProtocol.Http11ConnectionHandler.asyncDispatch(long, SocketStatus);org.apache.tomcat.util.net.AprEndpoint.Poller;0;0;0;0;0;0;0;0;0;0;0;0;0
org.apache.el.parser.ELParser.Identifier();org.apache.el.parser.JJTELParserState;4;1;1;0.9854;2195;111;22;2;0;0.9091;74;10;5
org.apache.jasper.compiler.Generator.GenerateVisitor.writeNewInstance(String, String);org.apache.jasper.Constants;2;0;1;0.9841;1737;45;16;0;1;1.0000;0;0;34
org.apache.catalina.connector.RequestFacade.getLocalName();org.apache.catalina.connector.Request;1;0;2;0.9865;462;73;2;1;0;0.9943;1084;128;51
org.apache.coyote.http11.Http11NioProtocol.Http11ConnectionHandler.register(Http11NioProcessor);org.apache.coyote.http11.AbstractHttp11Processor;0;0;0;0;0;0;0;0;0;0;0;0;0
org.apache.catalina.servlets.DefaultServlet.init();org.apache.catalina.Globals;1;0;13;0.7500;994;37;18;0;1;1.0000;0;0;39
org.apache.el.lang.ELSupport.coerceToCharacter(Object);org.apache.el.lang.ELArithmetic;0;0;0;1.0000;351;22;1;1;0;1.0000;96;16;5
org.apache.catalina.connector.MapperListener.unregisterContext(Context);org.apache.juli.logging.Log;0;0;0;0;0;0;0;0;0;0;0;0;0
org.apache.jasper.compiler.TagLibraryInfoImpl.createTagFileInfo(TreeNode, JarResource);org.apache.jasper.compiler.ErrorDispatcher;0;0;4;0.8519;523;14;6;1;0;0.9677;158;22;2
org.apache.jasper.tagplugins.jstl.core.Set.doTag(TagPluginContext);org.apache.jasper.compiler.tagplugin.TagPluginContext;0;0;0;1.0000;99;1;0;6;0;0.5714;14;14;0
org.apache.jasper.compiler.TldLocationsCache.tldScanWebXml();org.apache.jasper.compiler.WebXml;0;0;0;0;0;0;0;0;0;0;0;0;0
org.apache.catalina.startup.Embedded.initNaming();org.apache.juli.logging.Log;0;0;2;0.9783;372;34;11;3;0;0.8421;18;18;0
org.apache.el.parser.ELParser.Function();org.apache.el.parser.Token;4;4;4;0.9481;2195;111;22;0;1;0.9762;24;3;8
org.apache.catalina.startup.ExpandWar.expand(Host, URL, String);org.apache.tomcat.util.ExceptionUtils;0;0;0;0;0;0;0;0;0;0;0;0;0
org.apache.catalina.tribes.group.GroupChannel.send(Member[], Serializable, int, ErrorHandler);org.apache.catalina.tribes.io.BufferPool;5;1;0;0.9783;268;24;8;3;0;0.8824;37;4;4
org.apache.catalina.session.FileStore.remove(String);org.apache.catalina.Container;1;2;0;0.9000;186;13;6;1;0;0.9756;34;34;6
org.apache.catalina.connector.CoyoteAdapter.parsePathParameters(org.apache.coyote.Request, Request);org.apache.tomcat.util.buf.MessageBytes;0;0;0;0;0;0;0;0;0;0;0;0;0
org.apache.catalina.manager.StatusTransformer.writeFooter(PrintWriter, int);org.apache.catalina.manager.Constants;1;0;0;1.0000;601;20;0;0;1;1.0000;0;0;11
org.apache.catalina.manager.ManagerServlet.serverinfo(PrintWriter);org.apache.catalina.util.ServerInfo;1;0;2;0.9767;913;34;13;1;0;1.0000;19;4;3
org.apache.jasper.runtime.ProtectedFunctionMapper.getInstance();org.apache.jasper.security.SecurityUtil;0;0;1;0.8000;83;4;2;1;0;1.0000;31;2;1
org.apache.coyote.http11.InternalNioOutputBuffer.SocketOutputBuffer.doWrite(ByteChunk, Response);org.apache.coyote.http11.InternalNioOutputBuffer;1;0;0;1.0000;7;1;0;1;0;0.9783;294;26;16
org.apache.el.parser.ELParser.jj_3_3();org.apache.el.parser.ELParserConstants;1;1;0;0.9925;2195;111;22;0;2;0.9655;0;0;57
org.apache.coyote.ajp.AjpAprProcessor.asyncDispatch(long, SocketStatus);org.apache.tomcat.util.res.StringManager;0;0;0;0;0;0;0;0;0;0;0;0;0
org.apache.catalina.connector.InputBuffer.reset();org.apache.tomcat.util.buf.ByteChunk;2;0;7;0.8378;210;19;17;1;0;0.9818;425;43;10
org.apache.coyote.http11.Http11NioProtocol.Http11ConnectionHandler.event(NioChannel, SocketStatus);org.apache.juli.logging.Log;5;0;2;0.9200;166;8;6;4;0;0.8621;18;18;0
org.apache.catalina.mbeans.ServerLifecycleListener.destroyMBeans(ContextResource);org.apache.catalina.mbeans.MBeanUtils;0;0;1;1.0000;569;32;2;1;0;1.0000;853;61;5
org.apache.catalina.core.ApplicationHttpRequest.setAttribute(String, Object);org.apache.catalina.Globals;1;1;2;0.9302;325;29;17;0;2;1.0000;0;0;39
org.apache.tomcat.util.bcel.classfile.Method.toString();org.apache.tomcat.util.bcel.classfile.Utility;0;0;0;0;0;0;0;0;0;0;0;0;0
org.apache.jasper.compiler.Generator.FragmentHelperClass.generatePostamble();org.apache.jasper.compiler.Generator.GenBuffer;2;0;2;0.8889;132;6;4;2;1;0.8125;47;3;4
org.apache.catalina.ha.session.DeltaRequest.setPrincipal(Principal);org.apache.catalina.ha.session.SerializablePrincipal;1;1;7;0.9130;179;15;15;1;0;1.0000;84;9;7
org.apache.tomcat.util.net.jsse.JSSESocketFactory.getParameters(String, String, KeyStore);org.apache.juli.logging.Log;0;1;1;0.9655;433;21;15;1;0;0.9500;18;18;0
org.apache.catalina.manager.ManagerServlet.doPut(HttpServletRequest, HttpServletResponse);org.apache.tomcat.util.res.StringManager;2;1;1;0.9767;913;34;13;0;0;1.0000;36;3;3
org.apache.coyote.http11.Http11AprProcessor.process(long);org.apache.coyote.Request;7;4;22;0.7241;938;28;36;1;2;0.9694;219;17;34
org.apache.catalina.startup.Tomcat.getServer();org.apache.catalina.Service;2;1;2;0.9167;218;21;14;0;0;1.0000;15;15;0
org.apache.coyote.http11.Http11AprProtocol.Http11ConnectionHandler.unregister(Http11AprProcessor);org.apache.coyote.RequestInfo;4;0;1;0.9444;119;5;5;1;1;0.9429;134;13;14
org.apache.catalina.session.JDBCStore.getSize();org.apache.catalina.Manager;1;5;5;0.8305;495;34;23;1;0;0.9792;34;34;0
org.apache.tomcat.util.http.fileupload.DeferredFileOutputStream.writeTo(OutputStream);org.apache.tomcat.util.http.fileupload.IOUtils;0;0;0;0;0;0;0;0;0;0;0;0;0
org.apache.catalina.connector.RequestFacade.getContentType();org.apache.tomcat.util.res.StringManager;1;0;2;0.9865;462;73;2;0;0;1.0000;36;3;3
org.apache.catalina.startup.ContextConfig.getContextWebXmlSource();org.apache.catalina.Context;0;0;0;0;0;0;0;0;0;0;0;0;0
org.apache.catalina.servlets.WebdavServlet.getRelativePath(HttpServletRequest);org.apache.catalina.Globals;1;0;0;1.0000;1460;29;23;0;2;1.0000;0;0;39
org.apache.tomcat.util.http.mapper.Mapper.compareIgnoreCase(CharChunk, int, int, String);org.apache.tomcat.util.buf.Ascii;1;0;0;1.0000;816;39;4;1;0;1.0000;91;11;7
org.apache.coyote.ajp.AjpProcessor.process(SocketWrapper<Socket>);org.apache.tomcat.util.res.StringManager;0;0;0;0;0;0;0;0;0;0;0;0;0
org.apache.catalina.ha.session.DeltaManager.handleSESSION_EXPIRED(SessionMessage, Member);org.apache.catalina.ha.session.DeltaSession;1;0;5;0.9651;826;43;42;1;0;0.9818;379;41;7
org.apache.tomcat.util.bcel.classfile.StackMapTableEntry.dump(DataOutputStream);org.apache.tomcat.util.bcel.Constants;0;0;0;0;0;0;0;0;0;0;0;0;0
org.apache.catalina.startup.TldConfig.tldScanJar(JarURLConnection);org.apache.catalina.startup.XmlErrorHandler;0;0;0;0;0;0;0;0;0;0;0;0;0
org.apache.catalina.startup.Tomcat.DefaultWebXmlListener.lifecycleEvent(LifecycleEvent);org.apache.catalina.startup.Tomcat;0;0;0;0;0;0;0;0;0;0;0;0;0
org.apache.tomcat.util.net.JIoEndpoint.init();org.apache.tomcat.util.net.ServerSocketFactory;0;0;7;0.8444;312;23;26;3;0;0.8750;23;8;2
org.apache.tomcat.util.net.AprEndpoint.Sendfile.run();org.apache.tomcat.jni.Socket;5;3;5;0.6923;187;5;6;3;0;1.0000;37;37;34
org.apache.catalina.loader.WebappClassLoader.findResourceInternal(File, String);org.apache.catalina.loader.ResourceEntry;1;2;0;0.9718;1193;44;30;0;2;0.7778;0;0;7
org.apache.jasper.compiler.Validator.ValidateVisitor.getParameters(ELNode.Function);org.apache.jasper.compiler.ELNode.Function;1;0;1;0.9778;710;36;19;0;3;0.7000;37;1;6
org.apache.catalina.tribes.group.ChannelCoordinator.sendMessage(Member[], ChannelMessage, InterceptorPayload);org.apache.catalina.tribes.ChannelSender;2;0;2;0.9286;164;15;5;1;0;0.9286;6;6;0
org.apache.catalina.tribes.transport.nio.ParallelNioSender.remove(Member);org.apache.catalina.tribes.transport.nio.NioSender;0;0;1;0.9375;246;12;4;1;0;0.9583;255;12;11
org.apache.catalina.session.FileStore.save(Session);org.apache.catalina.session.StandardSession;1;2;0;0.9091;186;13;6;1;0;0.9884;558;58;26
org.apache.coyote.ajp.AjpAprProtocol.AjpConnectionHandler.register(AjpAprProcessor);org.apache.coyote.Request;4;0;3;0.8333;86;5;4;0;1;0.9844;219;17;34
org.apache.jasper.compiler.TextOptimizer.TextCatVisitor.collectText();org.apache.jasper.compiler.Node.TemplateText;1;0;3;0.8125;41;9;6;0;1;1.0000;42;5;1
org.apache.jasper.compiler.Validator.validateXmlView(PageData, Compiler);org.apache.jasper.compiler.TagLibraryInfoImpl;2;0;0;1.0000;65;3;0;1;0;0.9615;523;14;6
org.apache.catalina.tribes.membership.MemberImpl.setPayload(byte[]);org.apache.catalina.tribes.membership.McastServiceImpl;1;1;1;0.9474;300;29;19;0;1;1.0000;308;12;27
org.apache.catalina.core.StandardWrapper.unload();org.apache.catalina.util.InstanceSupport;4;1;10;0.9091;712;75;32;2;0;0.9375;81;11;3
org.apache.catalina.servlets.DefaultServlet.render(String, CacheEntry);org.apache.naming.resources.CacheEntry;1;3;0;0.9388;994;37;18;0;1;0.9231;13;2;8
org.apache.catalina.startup.ContextConfig.FragmentJarScannerCallback.scan(JarURLConnection);org.apache.catalina.startup.ContextConfig;0;0;0;0;0;0;0;0;0;0;0;0;0
org.apache.tomcat.util.net.AprEndpoint.Sendfile.destroy();org.apache.tomcat.util.net.AprEndpoint.SendfileData;2;0;5;0.5833;187;5;6;0;1;0.9286;0;0;8
org.apache.catalina.core.StandardWrapperValve.invoke(Request, Response);org.apache.juli.logging.Log;4;1;5;0.8780;341;4;6;3;0;0.9434;18;18;0
org.apache.catalina.realm.RealmBase.hasResourcePermission(Request, Response, SecurityConstraint[], Context);org.apache.catalina.deploy.SecurityConstraint;2;1;3;0.9714;688;39;24;3;0;0.9189;146;16;6
org.apache.catalina.realm.RealmBase.authenticate(String, String, String, String, String, String, String, String);org.apache.juli.logging.Log;0;2;4;0.9492;688;39;24;3;0;0.8636;18;18;0
org.apache.catalina.connector.ResponseFacade.setStatus(int);org.apache.catalina.connector.Response;0;1;1;0.9512;224;40;2;1;0;0.9889;578;70;19
org.apache.catalina.session.StandardManager.doUnload();org.apache.catalina.session.StandardSession;1;1;1;0.9394;328;19;8;4;0;0.9524;558;58;26
org.apache.catalina.deploy.WebXml.toXml();org.apache.catalina.deploy.SecurityConstraint;10;2;30;0.7787;1446;42;41;4;0;0.9604;146;16;6
org.apache.catalina.core.ApplicationFilterConfig.unregisterJMX();org.apache.tomcat.util.modeler.Registry;0;0;0;0;0;0;0;0;0;0;0;0;0
org.apache.tomcat.util.bcel.classfile.AnnotationElementValue.dump(DataOutputStream);org.apache.tomcat.util.bcel.classfile.AnnotationEntry;0;0;0;0;0;0;0;0;0;0;0;0;0
org.apache.catalina.connector.Request.getAttribute(String);org.apache.catalina.Globals;3;2;4;0.9714;1084;128;51;0;7;1.0000;0;0;39
org.apache.catalina.manager.host.HostManagerServlet.init();org.apache.tomcat.util.res.StringManager;1;0;4;0.8421;301;13;8;0;0;1.0000;36;3;3
org.apache.coyote.ajp.AjpProcessor.action(ActionCode, Object);org.apache.coyote.Request;6;3;11;0.7857;570;12;32;1;5;0.9200;219;17;34
org.apache.catalina.connector.RequestFacade.getCookies();org.apache.catalina.security.SecurityUtil;1;0;2;0.9865;462;73;2;1;0;1.0000;146;11;17
org.apache.tomcat.util.net.NioEndpoint.Poller.cometInterest(NioChannel);org.apache.tomcat.util.net.NioEndpoint.KeyAttachment;2;1;2;0.8750;395;15;7;0;1;0.9706;155;14;15
org.apache.catalina.ha.tcp.SimpleTcpCluster.addClusterListener(ClusterListener);org.apache.catalina.ha.ClusterListener;0;0;1;0.9846;371;45;31;1;0;0.9091;27;7;3
org.apache.catalina.ha.tcp.SimpleTcpCluster.send(ClusterMessage, Member);org.apache.catalina.ha.ClusterMessage;0;1;3;0.9577;371;45;31;1;0;0.9333;6;6;0
org.apache.catalina.ha.tcp.SimpleTcpCluster.registerManager(Manager);org.apache.juli.logging.Log;0;1;5;0.9577;371;45;31;1;0;0.9630;18;18;0
org.apache.catalina.connector.MapperListener.registerHost(Host);org.apache.catalina.Host;0;0;0;0;0;0;0;0;0;0;0;0;0
org.apache.tomcat.util.buf.MessageBytes.setChars(char[], int, int);org.apache.tomcat.util.buf.CharChunk;0;0;7;0.8605;402;31;17;1;0;0.9815;393;39;8
org.apache.catalina.core.StandardPipeline.setBasic(Valve);org.apache.catalina.Lifecycle;0;0;5;0.8621;234;16;8;2;0;0.8462;5;5;9
org.apache.catalina.manager.HTMLManagerServlet.invalidateSessions(String, String[]);org.apache.catalina.Session;0;1;0;0.9600;601;22;14;1;0;0.9706;32;32;4
org.apache.jasper.compiler.Parser.parseAttribute(AttributesImpl);org.apache.jasper.compiler.ErrorDispatcher;1;2;3;0.9296;1203;56;14;2;0;0.9355;158;22;2
org.apache.catalina.tribes.group.ChannelCoordinator.internalStop(int);org.apache.catalina.tribes.Channel;2;0;4;0.8462;164;15;5;0;5;1.0000;15;15;13
org.apache.jasper.compiler.Generator.DeclarationVisitor.visit(Node.Declaration);org.apache.jasper.compiler.Generator;3;0;0;1.0000;36;3;1;0;1;0.9767;781;28;16
org.apache.catalina.core.ApplicationFilterConfig.registerJMX();org.apache.juli.logging.Log;0;0;0;0;0;0;0;0;0;0;0;0;0
org.apache.jasper.compiler.SmapUtil.SmapGenVisitor.doSmapText(Node);org.apache.jasper.compiler.Node;1;1;0;0.9630;149;23;3;0;1;0.9643;170;7;15
org.apache.coyote.http11.AbstractHttp11Protocol.setKeystoreProvider(String);org.apache.tomcat.util.net.AbstractEndpoint;0;0;0;0;0;0;0;0;0;0;0;0;0
org.apache.coyote.ajp.AjpAprProcessor.prepareRequest();org.apache.tomcat.util.buf.MessageBytes;7;1;8;0.8831;616;13;30;6;1;0.9167;402;31;17
org.apache.catalina.connector.InputBuffer.realReadChars(char, int, int);org.apache.tomcat.util.buf.CharChunk;3;1;7;0.8140;210;19;17;1;3;0.9344;393;39;8
org.apache.coyote.http11.InternalNioOutputBuffer.recycle();org.apache.tomcat.util.MutableInteger;2;0;8;0.8298;294;26;16;0;1;0.9286;11;0;1
org.apache.coyote.http11.Http11AprProtocol.Http11ConnectionHandler.register(Http11AprProcessor);org.apache.coyote.Request;4;0;3;0.8421;119;5;5;0;1;0.9844;219;17;34
org.apache.catalina.session.StandardSession.passivate();org.apache.catalina.Container;2;3;3;0.9367;558;58;26;1;0;0.9756;34;34;6
org.apache.catalina.mbeans.MBeanFactory.createWebappLoader(String);org.apache.catalina.mbeans.MBeanUtils;0;1;0;0.9722;432;35;2;1;0;1.0000;853;61;5
org.apache.catalina.ha.session.JvmRouteBinderValve.sendSessionIDClusterBackup(ClusterManager, Request, String, String);org.apache.catalina.ha.CatalinaCluster;1;0;1;0.9688;200;15;9;2;0;0.9355;20;20;1
org.apache.catalina.connector.Request.getContentLength();org.apache.coyote.Request;0;0;1;0.9942;1084;128;51;1;0;0.9811;219;17;34
org.apache.jasper.compiler.Parser.parseJspBody(Node, String);org.apache.jasper.compiler.ErrorDispatcher;0;1;2;0.9559;1203;56;14;1;0;0.9630;158;22;2
org.apache.tomcat.util.net.NioEndpoint.Poller.events();org.apache.juli.logging.Log;1;0;1;0.9600;395;15;7;1;0;0.9524;18;18;0
org.apache.coyote.ajp.AjpMessage.dump(String);org.apache.juli.logging.Log;1;0;4;0.8846;235;23;5;2;0;0.9048;18;18;0
org.apache.catalina.ha.session.DeltaManager.handleALL_SESSION_TRANSFERCOMPLETE(SessionMessage, Member);org.apache.juli.logging.Log;1;0;6;0.9535;826;43;42;2;0;0.9200;18;18;0
org.apache.el.ValueExpressionImpl.isReadOnly(ELContext);org.apache.el.parser.Node;0;1;2;0.8333;73;11;5;1;0;0.9444;15;15;0
org.apache.jasper.runtime.TagHandlerPool.release();org.apache.tomcat.InstanceManager;0;0;4;0.6364;98;6;6;1;0;0.8889;4;4;0
org.apache.catalina.mbeans.MBeanUtils.createObjectName(String, User);org.apache.catalina.User;0;0;0;1.0000;853;61;5;2;0;0.8889;17;17;0
org.apache.catalina.session.PersistentManagerBase.clearStore();org.apache.catalina.security.SecurityUtil;0;0;2;0.9773;420;33;13;1;0;1.0000;146;11;17
org.apache.jasper.compiler.SmapGenerator.main(String);org.apache.jasper.compiler.SmapStratum;0;3;1;0.6667;58;5;5;3;0;0.8125;89;6;5
org.apache.coyote.http11.Http11AprProtocol.setBacklog(int);org.apache.tomcat.util.net.AbstractEndpoint;0;0;0;0;0;0;0;0;0;0;0;0;0
org.apache.el.parser.AstMult.getValue(EvaluationContext);org.apache.el.lang.ELArithmetic;0;0;0;1.0000;8;1;0;1;0;1.0000;96;16;5
org.apache.coyote.http11.AbstractHttp11Protocol.setTruststoreFile(String);org.apache.tomcat.util.net.AbstractEndpoint;0;0;0;0;0;0;0;0;0;0;0;0;0
org.apache.coyote.http11.Http11Protocol.Http11ConnectionHandler.unregister(Http11Processor);org.apache.coyote.RequestInfo;4;0;1;0.9375;91;4;4;1;1;0.9429;134;13;14
org.apache.catalina.mbeans.MBeanUtils.destroyMBean(Realm);org.apache.tomcat.util.modeler.Registry;0;2;2;1.0000;853;61;5;1;0;0.9767;446;36;10
org.apache.catalina.mbeans.JmxRemoteLifecycleListener.lifecycleEvent(LifecycleEvent);org.apache.catalina.LifecycleEvent;1;3;11;0.0667;109;4;13;1;0;0.9545;18;3;3
org.apache.catalina.tribes.membership.McastService.setPayload(byte[]);org.apache.catalina.tribes.membership.McastServiceImpl;0;0;4;0.9545;345;53;13;1;0;0.9773;308;12;27
org.apache.jasper.compiler.JDTCompiler.generateClass(String[]);org.apache.jasper.compiler.ErrorDispatcher;2;0;0;1.0000;317;1;0;1;0;0.9767;158;22;2
org.apache.catalina.realm.CombinedRealm.getPrincipal(String);org.apache.tomcat.util.res.StringManager;1;0;2;1.0000;143;12;3;0;0;1.0000;36;3;3
org.apache.tomcat.util.net.AprEndpoint.Poller.add(long);org.apache.tomcat.jni.Socket;0;0;3;0.7273;168;4;7;1;0;1.0000;37;37;34
org.apache.catalina.session.FileStore.save(Session);org.apache.juli.logging.Log;1;2;0;0.9091;186;13;6;2;0;0.9231;18;18;0
org.apache.catalina.core.StandardPipeline.setBasic(Valve);org.apache.catalina.Valve;0;0;5;0.8621;234;16;8;2;0;0.8571;6;6;0
org.apache.catalina.tribes.group.interceptors.NonBlockingCoordinator.hasHigherPriority(Member[], Member[]);org.apache.catalina.tribes.group.AbsoluteOrder;1;0;0;1.0000;352;38;14;1;1;1.0000;7;1;1
org.apache.catalina.core.StandardWrapper.removeInstanceListener(InstanceListener);org.apache.catalina.util.InstanceSupport;0;0;1;0.9902;712;75;32;1;0;0.9375;81;11;3
org.apache.jasper.runtime.JspContextWrapper.setAttribute(String, Object, int);org.apache.jasper.compiler.Localizer;0;1;2;0.9333;257;38;7;1;0;1.0000;34;6;1
org.apache.jasper.compiler.Validator.ValidateVisitor.checkXmlAttributes(Node.CustomTag, Node.JspAttribute[], Hashtable<String,Object>);org.apache.jasper.compiler.Node;8;1;3;0.9344;710;36;19;1;4;0.8913;170;7;15
org.apache.catalina.ha.tcp.ReplicationValve.send(ClusterManager, CatalinaCluster, String);org.apache.catalina.ha.CatalinaCluster;0;0;2;0.9429;283;17;17;2;0;0.9200;20;20;1
org.apache.coyote.Response.acknowledge();org.apache.coyote.ActionCode;1;1;0;0.9722;250;19;18;0;1;1.0000;6;0;26
org.apache.catalina.ha.tcp.SimpleTcpCluster.messageReceived(Serializable, Member);org.apache.catalina.ha.ClusterMessage;0;1;0;0.9846;371;45;31;1;0;0.8571;6;6;0
org.apache.catalina.tribes.membership.Constants.main(String[]);org.apache.catalina.tribes.util.Arrays;0;0;0;1.0000;4;1;1;1;0;1.0000;149;24;1
org.apache.catalina.tribes.transport.bio.util.FastQueue.getRemoveWaitTimeout();org.apache.catalina.tribes.transport.bio.util.SingleRemoveSynchronizedAddLock;1;0;2;0.9200;172;11;14;0;1;0.9375;88;6;7
org.apache.catalina.realm.DataSourceRealm.open();org.apache.naming.ContextBindings;1;0;3;0.9231;244;14;12;1;0;1.0000;112;21;6
org.apache.jasper.compiler.TagPluginManager.TagPluginContextImpl.getParentContext();org.apache.jasper.compiler.Node;2;0;1;0.9524;72;15;4;0;1;0.9655;170;7;15
org.apache.coyote.ajp.AjpProcessor.process(SocketWrapper<Socket>);org.apache.coyote.Constants;0;0;0;0;0;0;0;0;0;0;0;0;0
org.apache.jasper.compiler.Generator.GenerateVisitor.visit(Node.IncludeAction);org.apache.jasper.compiler.Node.JspAttribute;5;3;1;0.9429;1737;45;16;1;2;0.9000;107;7;10
org.apache.jasper.xmlparser.XMLEncodingDetector.RewindableInputStream.available();org.apache.jasper.xmlparser.XMLEncodingDetector;1;0;4;0.7778;116;9;7;0;2;0.9608;798;23;29
org.apache.catalina.tribes.tipis.AbstractReplicatedMap.MapEntry.apply(byte[], int, int, boolean);org.apache.catalina.tribes.io.XByteBuffer;0;1;2;0.8500;93;11;6;1;0;1.0000;317;36;7
org.apache.catalina.realm.CombinedRealm.startInternal();org.apache.catalina.Realm;0;0;0;0;0;0;0;0;0;0;0;0;0
org.apache.catalina.tribes.group.interceptors.TcpFailureDetector.hasMembers();org.apache.catalina.tribes.membership.Membership;0;1;1;0.9091;227;15;10;1;0;0.9545;136;11;6
org.apache.catalina.startup.Tomcat.addServlet(String, String, Servlet);org.apache.catalina.Container;0;0;0;0;0;0;0;0;0;0;0;0;0
org.apache.coyote.Response.setHeader(String, String);org.apache.tomcat.util.http.MimeHeaders;0;1;1;0.9474;250;19;18;1;0;0.9583;129;18;3
org.apache.catalina.ha.session.BackupManager.objectMadePrimay(Object, Object);org.apache.catalina.session.StandardSession;0;0;0;1.0000;146;20;7;2;0;0.9740;558;58;26
org.apache.coyote.http11.Http11NioProtocol.Http11ConnectionHandler.event(NioChannel, SocketStatus);org.apache.tomcat.util.net.NioEndpoint.Poller;5;0;2;0.9200;166;8;6;2;0;0.9444;395;15;7
org.apache.coyote.ajp.AjpAprProtocol.AjpConnectionHandler.asyncDispatch(long, SocketStatus);org.apache.tomcat.util.net.AprEndpoint.Poller;0;0;0;0;0;0;0;0;0;0;0;0;0
org.apache.jasper.compiler.Parser.parseScriptlet(Node);org.apache.jasper.compiler.JspReader;0;1;3;0.9412;1203;56;14;3;0;0.9268;322;25;9
org.apache.catalina.mbeans.MBeanUtils.createObjectName(String, Loader);org.apache.catalina.Loader;0;0;0;1.0000;853;61;5;1;0;0.9444;14;14;0
org.apache.el.parser.ELParser.jj_scan_token(int);org.apache.el.parser.ELParserTokenManager;1;1;7;0.9403;2195;111;22;1;0;0.9815;1035;33;25
org.apache.catalina.core.ApplicationContextFacade.setSessionTrackingModes(Set<SessionTrackingMode>);org.apache.catalina.security.SecurityUtil;0;1;1;0.9600;426;46;3;1;0;1.0000;146;11;17
org.apache.catalina.ha.tcp.ReplicationValve.invoke(Request, Response);org.apache.catalina.connector.Request;1;3;5;0.8667;283;17;17;1;0;0.9948;1084;128;51
org.apache.catalina.authenticator.FormAuthenticator.restoreRequest(Request, Session);org.apache.coyote.Request;3;0;0;1.0000;232;8;3;1;6;0.9067;219;17;34
org.apache.catalina.tribes.membership.McastServiceImpl.start(int);org.apache.catalina.tribes.Channel;1;2;9;0.7368;308;12;27;0;2;1.0000;15;15;13
org.apache.catalina.valves.RemoteIpValve.invoke(Request, Response);org.apache.coyote.Request;0;0;0;0;0;0;0;0;0;0;0;0;0
org.apache.catalina.session.PersistentManagerBase.clearStore();org.apache.catalina.Store;0;0;2;0.9773;420;33;13;1;0;0.9231;11;11;0
org.apache.coyote.ajp.AjpAprProtocol.AjpConnectionHandler.process(long);org.apache.coyote.ActionCode;3;1;1;0.8571;86;5;4;0;2;1.0000;6;0;26
org.apache.catalina.core.NamingContextListener.createObjectName(ContextResource);org.apache.catalina.util.LifecycleMBeanBase;0;0;0;0;0;0;0;0;0;0;0;0;0
org.apache.catalina.ssi.SSIMediator.getVariableValue(String, String);org.apache.catalina.ssi.SSIExternalResolver;0;2;2;0.8462;190;16;13;1;0;0.9167;8;8;0
org.apache.catalina.authenticator.DigestAuthenticator.findPrincipal(Request, String, Realm);org.apache.catalina.Realm;0;2;2;1.0000;123;8;5;1;0;0.9375;14;14;0
org.apache.tomcat.util.net.JIoEndpoint.AsyncTimeout.run();org.apache.tomcat.util.net.SocketWrapper;0;0;0;0;0;0;0;0;0;0;0;0;0
org.apache.jasper.compiler.Generator.GenerateVisitor.visit(Node.InvokeAction);org.apache.jasper.compiler.Generator;2;1;1;0.9718;1737;45;16;2;0;0.9796;781;28;16
org.apache.catalina.startup.TldConfig.TldJarScannerCallback.scan(JarURLConnection);org.apache.catalina.startup.TldConfig;0;0;0;0;0;0;0;0;0;0;0;0;0
org.apache.tomcat.util.bcel.classfile.PMGClass.getPMGClassName();org.apache.tomcat.util.bcel.Constants;0;0;0;0;0;0;0;0;0;0;0;0;0
org.apache.catalina.ha.session.JvmRouteSessionIDBinderListener.messageReceived(ClusterMessage);org.apache.catalina.Cluster;3;0;0;1.0000;54;5;3;1;0;0.9655;11;11;0
org.apache.catalina.manager.ManagerServlet.init();org.apache.catalina.Engine;1;0;10;0.8163;913;34;13;1;0;0.9500;6;6;0
org.apache.catalina.tribes.membership.McastService.memberDisappeared(Member);org.apache.catalina.tribes.MembershipListener;0;0;1;0.9841;345;53;13;1;0;0.6667;2;2;0
org.apache.el.parser.AstIdentifier.getValue(EvaluationContext);org.apache.el.lang.EvaluationContext;1;0;0;1.0000;78;7;0;2;2;0.6667;35;7;3
org.apache.jasper.compiler.Validator.ValidateVisitor.findUri(String, Node);org.apache.jasper.compiler.Node;2;0;0;1.0000;710;36;19;0;2;0.9259;170;7;15
org.apache.jasper.compiler.Generator.generatePreamble(Node.Nodes);org.apache.jasper.Options;4;6;3;0.8545;781;28;16;1;0;0.9815;28;28;0
org.apache.catalina.mbeans.MBeanUtils.createMBean(MBeanFactory);org.apache.tomcat.util.modeler.Registry;0;2;2;1.0000;853;61;5;1;0;0.9773;446;36;10
org.apache.coyote.http11.AbstractOutputBuffer.doWrite(ByteChunk, Response);org.apache.coyote.Response;0;0;0;0;0;0;0;0;0;0;0;0;0
org.apache.catalina.ha.session.SimpleTcpReplicationManager.messageReceived(SessionMessage, Member);org.apache.catalina.Session;1;2;4;0.9000;362;17;17;4;0;0.9200;32;32;4
org.apache.catalina.tribes.io.ChannelData.sendAckSync(int);org.apache.catalina.tribes.Channel;1;0;0;1.0000;165;14;7;0;2;1.0000;15;15;13
org.apache.catalina.tribes.group.interceptors.StaticMembershipInterceptor.start(int);org.apache.catalina.tribes.Channel;1;0;1;0.9000;56;7;2;0;2;1.0000;15;15;13
org.apache.catalina.core.ApplicationContext.getResource(String);org.apache.catalina.Container;2;1;3;0.9672;460;47;13;1;0;0.9756;34;34;6
org.apache.catalina.servlets.DefaultServlet.renderHtml(String, CacheEntry);org.apache.catalina.util.ServerInfo;3;3;2;0.9286;994;37;18;1;0;1.0000;19;4;3
org.apache.tomcat.util.buf.StringCache.compare(ByteChunk, byte[]);org.apache.tomcat.util.buf.ByteChunk;1;0;0;1.0000;363;13;14;0;3;0.9362;425;43;10
org.apache.jasper.compiler.TagFileProcessor.loadTagFile(Compiler, String, TagInfo, PageInfo);org.apache.jasper.compiler.Compiler;3;0;1;0.9583;96;5;1;0;1;0.9750;285;11;8
org.apache.coyote.http11.Http11Processor.parseHost(MessageBytes);org.apache.coyote.Request;5;0;6;0.9143;847;26;37;0;2;0.9697;219;17;34
org.apache.catalina.realm.CombinedRealm.authenticate(String, String, String, String, String, String, String, String);org.apache.juli.logging.Log;1;0;3;0.9375;143;12;3;2;0;0.9048;18;18;0
org.apache.catalina.startup.Catalina.stopServer(String[]);org.apache.juli.logging.Log;3;2;2;0.9063;311;18;8;2;0;0.9286;18;18;0
org.apache.catalina.connector.Response.getHeader(String);org.apache.tomcat.util.http.MimeHeaders;1;0;1;0.9888;578;70;19;1;0;0.9565;129;18;3
org.apache.catalina.core.ApplicationJspPropertyGroupDescriptor.getDefaultContentType();org.apache.catalina.deploy.JspPropertyGroup;0;0;0;0;0;0;0;0;0;0;0;0;0
org.apache.catalina.loader.WebappLoader.modified();org.apache.catalina.loader.WebappClassLoader;0;0;1;0.9821;548;39;19;1;0;0.9859;1193;44;30
org.apache.jasper.compiler.Parser.parseNamedAttributes(Node);org.apache.jasper.compiler.Node.NamedAttribute;3;3;2;0.9315;1203;56;14;0;1;0.9583;65;3;6
org.apache.catalina.connector.CoyoteAdapter.postParseRequest(org.apache.coyote.Request, Request, org.apache.coyote.Response, Response);org.apache.tomcat.util.http.mapper.Mapper;11;4;2;0.9571;505;11;8;1;0;0.9891;816;39;4
org.apache.catalina.tribes.group.interceptors.FragmentationInterceptor.frag(Member[], ChannelMessage, InterceptorPayload);org.apache.catalina.tribes.ChannelMessage;1;0;1;0.9474;96;7;5;2;0;0.8947;11;11;0
org.apache.catalina.startup.EngineConfig.stop();org.apache.juli.logging.Log;1;0;2;0.8333;17;3;3;2;0;0.9000;18;18;0
org.apache.coyote.http11.filters.GzipOutputFilter.FakeOutputStream.write(int);org.apache.tomcat.util.buf.ByteChunk;1;0;2;0.7500;13;4;2;1;0;0.9804;425;43;10
org.apache.el.parser.ELParser.Null();org.apache.el.parser.ELParserConstants;2;1;1;0.9852;2195;111;22;0;1;0.9839;0;0;57
org.apache.catalina.ha.deploy.FarmWarDeployer.getFactory(FileMessage);org.apache.catalina.ha.deploy.FileMessageFactory;1;0;2;0.9545;376;28;17;1;0;1.0000;128;6;14
org.apache.tomcat.util.http.fileupload.MultipartStream.ItemInputStream.read(byte[], int, int);org.apache.tomcat.util.http.fileupload.MultipartStream;0;0;0;0;0;0;0;0;0;0;0;0;0
org.apache.catalina.core.StandardContext.resourcesStop();org.apache.tomcat.util.modeler.Registry;1;2;3;0.9873;2385;204;107;2;0;0.9804;446;36;10
org.apache.catalina.tribes.tipis.AbstractReplicatedMap.ping(long);org.apache.catalina.tribes.group.RpcChannel;2;2;6;0.8824;740;50;17;1;1;0.9524;98;6;9
org.apache.el.lang.FunctionMapperImpl.Function.writeExternal(ObjectOutput);org.apache.el.util.ReflectionUtil;0;1;6;0.4615;58;6;6;1;0;1.0000;87;7;3
org.apache.catalina.ha.session.DeltaManager.registerSessionAtReplicationValve(DeltaSession);org.apache.catalina.ha.CatalinaCluster;0;0;3;0.9770;826;43;42;1;0;0.9643;20;20;1
org.apache.jasper.compiler.Compiler.init(JspCompilationContext, JspServletWrapper);org.apache.jasper.JspCompilationContext;1;0;3;0.8421;285;11;8;0;1;0.9844;420;31;31
org.apache.jasper.servlet.JspServletWrapper.getServlet();org.apache.jasper.runtime.InstanceManagerFactory;1;1;5;0.8125;314;11;15;1;0;1.0000;9;1;0
org.apache.catalina.users.MemoryGroup.toString();org.apache.catalina.Role;0;0;1;0.9231;74;8;2;1;0;0.8750;5;5;0
org.apache.coyote.http11.Http11AprProtocol.init();org.apache.tomcat.util.net.AprEndpoint;3;1;4;0.9717;387;76;26;1;1;0.9767;629;27;59
org.apache.tomcat.util.bcel.classfile.Constant.toString();org.apache.tomcat.util.bcel.Constants;0;0;0;0;0;0;0;0;0;0;0;0;0
org.apache.catalina.tribes.tipis.AbstractReplicatedMap.remove(Object, boolean);org.apache.juli.logging.Log;0;1;4;0.9403;740;50;17;1;0;0.9583;18;18;0
org.apache.catalina.core.StandardThreadExecutor.startInternal();org.apache.tomcat.util.threads.TaskQueue;0;0;0;0;0;0;0;0;0;0;0;0;0
org.apache.catalina.session.PersistentManagerBase.removeSession(String);org.apache.catalina.Store;0;0;2;0.9773;420;33;13;1;0;0.9231;11;11;0
org.apache.coyote.http11.Http11AprProcessor.endRequest();org.apache.coyote.http11.InternalAprOutputBuffer;1;0;6;0.9403;938;28;36;1;0;0.9783;235;24;13
org.apache.coyote.http11.Http11AprProtocol.setPollerThreadCount(int);org.apache.tomcat.util.net.AprEndpoint;1;0;1;0.9901;387;76;26;0;1;0.9875;629;27;59
org.apache.catalina.startup.UserConfig.lifecycleEvent(LifecycleEvent);org.apache.juli.logging.Log;2;2;3;0.8333;89;10;8;1;0;0.9565;18;18;0
org.apache.jasper.compiler.Parser.parseElementsTemplateText(Node);org.apache.jasper.compiler.ErrorDispatcher;0;6;3;0.8657;1203;56;14;1;0;0.9688;158;22;2
org.apache.catalina.tribes.transport.bio.BioReceiver.run();org.apache.juli.logging.Log;0;1;1;0.8889;94;7;2;1;0;0.9474;18;18;0
org.apache.catalina.session.PersistentManagerBase.load();org.apache.juli.logging.Log;1;1;2;0.9583;420;33;13;4;0;0.8182;18;18;0
org.apache.catalina.startup.ContextConfig.FragmentJarScannerCallback.scan(File);org.apache.catalina.startup.ContextConfig;0;0;0;0;0;0;0;0;0;0;0;0;0
org.apache.catalina.connector.MapperListener.unregisterWrapper(Wrapper);org.apache.catalina.Wrapper;0;0;0;0;0;0;0;0;0;0;0;0;0
org.apache.tomcat.util.bcel.classfile.LocalVariable.getName();org.apache.tomcat.util.bcel.classfile.ConstantUtf8;0;0;0;0;0;0;0;0;0;0;0;0;0
org.apache.tomcat.util.http.Cookies.processCookies(MimeHeaders);org.apache.juli.logging.Log;3;2;1;0.9130;269;16;9;0;0;1.0000;18;18;0
org.apache.jasper.compiler.Node.JspBody.accept(Visitor);org.apache.jasper.compiler.Node.Visitor;0;0;0;1.0000;13;1;1;1;0;0.9714;126;35;0
org.apache.catalina.servlets.DefaultServlet.serveResource(HttpServletRequest, HttpServletResponse, boolean);org.apache.naming.resources.ResourceAttributes;4;11;8;0.7377;994;37;18;3;1;0.9412;516;30;30
org.apache.catalina.authenticator.SingleSignOn.deregister(String);org.apache.juli.logging.Log;0;0;2;0.9333;187;18;8;4;0;0.8261;18;18;0
org.apache.catalina.core.NamingContextListener.createObjectName(ContextResource);org.apache.catalina.deploy.ResourceBase;1;0;1;0.9737;745;23;11;2;0;0.9048;43;9;6
org.apache.catalina.ha.context.ReplicatedContext.getServletContext();org.apache.catalina.core.ApplicationContext;1;0;0;1.0000;68;6;4;1;0;0.9833;460;47;13
org.apache.catalina.connector.CoyoteAdapter.parseSessionCookiesId(org.apache.coyote.Request, Request);org.apache.catalina.connector.Request;5;1;1;0.9643;505;11;8;4;3;0.9622;1084;128;51
org.apache.catalina.connector.RequestFacade.isUserInRole(String);org.apache.tomcat.util.res.StringManager;1;0;2;0.9865;462;73;2;0;0;1.0000;36;3;3
org.apache.catalina.servlets.CGIServlet.CGIEnvironment.setCGIEnvironment(HttpServletRequest);org.apache.catalina.servlets.CGIServlet;1;3;8;0.4762;305;9;11;0;2;0.9474;195;5;6
org.apache.coyote.ajp.AjpProcessor.prepareResponse();org.apache.coyote.ajp.Constants;5;0;4;0.9333;570;12;32;1;1;1.0000;5;1;105
org.apache.catalina.session.PersistentManagerBase.processMaxActiveSwaps();org.apache.catalina.session.StandardSession;1;2;3;0.9149;420;33;13;0;0;1.0000;558;58;26
org.apache.catalina.startup.SetPublicIdRule.begin(String, String, Attributes);org.apache.juli.logging.Log;1;0;1;0.8750;20;1;1;3;0;0.8696;18;18;0
org.apache.jasper.compiler.Validator.ValidateVisitor.checkNamedAttributes(Node.CustomTag, Node.JspAttribute[], int, Hashtable<String,Object>);org.apache.jasper.compiler.Node.NamedAttribute;3;0;1;0.9825;710;36;19;1;3;0.8333;65;3;6
org.apache.catalina.session.ManagerBase.getEntropy();org.apache.tomcat.util.ExceptionUtils;0;0;0;0;0;0;0;0;0;0;0;0;0
org.apache.jasper.compiler.JspUtil.getInputStream(String, JarFile, JspCompilationContext, ErrorDispatcher);org.apache.jasper.compiler.ErrorDispatcher;0;0;0;1.0000;693;44;8;1;0;0.9545;158;22;2
org.apache.catalina.mbeans.ServerLifecycleListener.destroyMBeans(Engine);org.apache.catalina.Container;0;1;1;0.9730;569;32;2;3;0;0.9189;34;34;6
org.apache.jasper.compiler.Collector.CollectVisitor.visit(Node.JspElement);org.apache.jasper.compiler.Node.JspAttribute;2;0;1;0.9583;114;15;6;0;1;0.9565;107;7;10
org.apache.catalina.ha.tcp.SimpleTcpCluster.unregisterClusterValve();org.apache.catalina.ha.ClusterValve;1;1;2;0.9701;371;45;31;1;0;0.8333;2;2;0
org.apache.catalina.tribes.group.interceptors.MessageDispatchInterceptor.startQueue();org.apache.catalina.tribes.transport.bio.util.FastQueue;0;0;3;0.8500;138;12;8;1;0;0.9643;172;11;14
org.apache.coyote.ajp.AjpAprProtocol.AjpConnectionHandler.asyncDispatch(long, SocketStatus);org.apache.tomcat.util.net.AbstractEndpoint.Handler;0;0;0;0;0;0;0;0;0;0;0;0;0
org.apache.catalina.core.StandardContext.addConstraint(SecurityConstraint);org.apache.catalina.deploy.SecurityCollection;1;2;2;0.9871;2385;204;107;1;0;0.9565;105;11;4
org.apache.catalina.ha.session.JvmRouteBinderValve.invoke(Request, Response);org.apache.catalina.connector.Request;0;1;2;0.8929;200;15;9;1;0;0.9945;1084;128;51
org.apache.catalina.tribes.group.interceptors.NonBlockingCoordinator.CoordinationMessage.write();org.apache.catalina.tribes.group.interceptors.NonBlockingCoordinator;2;0;6;0.7143;90;8;7;0;1;1.0000;352;38;14
org.apache.catalina.deploy.WebXml.toXml();org.apache.catalina.deploy.ContextEnvironment;10;2;30;0.7787;1446;42;41;1;0;0.9896;64;8;7
org.apache.jasper.compiler.Generator.GenerateVisitor.generateNamedAttributeValue(Node.NamedAttribute);org.apache.jasper.compiler.ServletWriter;1;0;1;0.9851;1737;45;16;1;0;0.9583;65;13;6
org.apache.catalina.ha.session.JvmRouteBinderValve.getManager(Request);org.apache.juli.logging.Log;1;0;2;0.9615;200;15;9;2;0;0.9091;18;18;0
org.apache.catalina.connector.RequestFacade.getLocalPort();org.apache.tomcat.util.res.StringManager;1;0;2;0.9865;462;73;2;0;0;1.0000;36;3;3
org.apache.catalina.connector.Response.getHeaderNames();org.apache.tomcat.util.buf.MessageBytes;2;0;1;0.9890;578;70;19;1;0;0.9787;402;31;17
org.apache.catalina.mbeans.MBeanFactory.removeHost(String);org.apache.catalina.Container;0;1;0;0.9744;432;35;2;2;0;0.9459;34;34;6
org.apache.catalina.session.StandardSession.getAttribute(String);org.apache.tomcat.util.res.StringManager;1;1;2;0.9737;558;58;26;0;0;1.0000;36;3;3
org.apache.jasper.servlet.JspServlet.destroy();org.apache.juli.logging.Log;0;0;2;0.8824;173;10;5;2;0;0.9048;18;18;0
org.apache.catalina.authenticator.FormAuthenticator.authenticate(Request, HttpServletResponse, LoginConfig);org.apache.tomcat.util.res.StringManager;3;6;2;0.8158;232;8;3;1;0;0.9756;36;3;3
org.apache.jasper.compiler.Validator.validateXmlView(PageData, Compiler);org.apache.jasper.compiler.ErrorDispatcher;2;0;0;1.0000;65;3;0;1;0;0.9615;158;22;2
org.apache.catalina.startup.ContextConfig.processServletContainerInitializers(Set<WebXml>);org.apache.catalina.Context;0;0;0;0;0;0;0;0;0;0;0;0;0
org.apache.catalina.connector.RequestFacade.getAsyncContext();org.apache.catalina.connector.Request;0;0;1;0.9865;462;73;2;1;0;0.9943;1084;128;51
org.apache.catalina.tribes.group.interceptors.NonBlockingCoordinator.memberAdded(Member, boolean);org.apache.catalina.tribes.membership.Membership;0;3;2;0.9038;352;38;14;1;0;0.9643;136;11;6
org.apache.jasper.compiler.Dumper.DumpVisitor.dumpBody(Node);org.apache.jasper.compiler.Node;1;0;0;1.0000;122;27;1;0;1;0.9643;170;7;15
org.apache.coyote.http11.Http11Protocol.init();org.apache.juli.logging.Log;3;1;10;0.9000;361;52;31;3;0;0.9091;18;18;0
org.apache.tomcat.util.digester.Digester.setRules(Rules);org.apache.tomcat.util.digester.Rules;0;0;1;0.9925;849;103;29;1;0;0.8889;8;8;0
org.apache.jasper.compiler.Parser.parseNamedAttributes(Node);org.apache.jasper.compiler.Node.TemplateText;3;3;2;0.9315;1203;56;14;1;0;0.9500;42;5;1
org.apache.catalina.startup.ContextConfig.getHostWebXmlSource();org.apache.tomcat.util.res.StringManager;0;0;0;0;0;0;0;0;0;0;0;0;0
org.apache.tomcat.util.bcel.classfile.StackMapType.setType(byte);org.apache.tomcat.util.bcel.Constants;0;0;0;0;0;0;0;0;0;0;0;0;0
org.apache.catalina.tribes.group.ChannelCoordinator.heartbeat();org.apache.catalina.tribes.ChannelSender;0;0;1;0.9565;164;15;5;1;0;0.8750;6;6;0
org.apache.catalina.startup.ContextConfig.webConfig();org.apache.tomcat.util.res.StringManager;0;0;0;0;0;0;0;0;0;0;0;0;0
org.apache.catalina.tribes.group.RpcChannel.send(Member[], Serializable, int, int, long);org.apache.catalina.tribes.util.UUIDGenerator;1;0;4;0.7500;98;6;9;1;0;1.0000;26;3;6
org.apache.jasper.compiler.Generator.GenerateVisitor.visit(Node.GetProperty);org.apache.jasper.compiler.JspUtil;3;0;1;0.9853;1737;45;16;1;0;1.0000;693;44;8
org.apache.catalina.servlets.WebdavServlet.doProppatch(HttpServletRequest, HttpServletResponse);org.apache.catalina.servlets.WebdavStatus;1;1;0;0.9706;1460;29;23;0;2;1.0000;12;2;27
org.apache.catalina.core.StandardServer.storeConfig();org.apache.juli.logging.Log;0;0;2;0.9804;331;32;21;1;0;0.9474;18;18;0
org.apache.catalina.connector.CoyoteAdapter.postParseRequest(org.apache.coyote.Request, Request, org.apache.coyote.Response, Response);org.apache.catalina.Wrapper;11;4;2;0.9571;505;11;8;1;0;0.9894;32;32;0
org.apache.catalina.ha.tcp.SimpleTcpCluster.stopInternal();org.apache.catalina.tribes.Channel;0;0;0;0;0;0;0;0;0;0;0;0;0
org.apache.catalina.tribes.transport.nio.NioReplicationTask.cancelKey(SelectionKey);org.apache.catalina.tribes.transport.nio.NioReceiver;1;0;2;0.9375;197;7;5;1;0;0.9615;269;15;8
org.apache.catalina.realm.JDBCRealm.close(Connection);org.apache.juli.logging.Log;1;0;4;0.8889;277;13;16;1;0;0.9545;18;18;0
org.apache.catalina.mbeans.MemoryUserDatabaseMBean.findRole(String);org.apache.tomcat.util.modeler.ManagedBean;0;0;1;0.9524;168;12;6;1;0;0.9730;252;23;13
org.apache.coyote.http11.InternalAprOutputBuffer.SocketOutputBuffer.doWrite(ByteChunk, Response);org.apache.coyote.http11.InternalAprOutputBuffer;2;0;0;1.0000;18;1;0;1;1;0.9512;235;24;13
org.apache.jasper.compiler.Validator.ValidateVisitor.getFunctionMapper(ELNode.Nodes);org.apache.jasper.compiler.ELNode.Nodes;2;0;2;0.9583;710;36;19;1;0;0.9375;35;5;2
org.apache.catalina.mbeans.GroupMBean.getUsers();org.apache.catalina.Group;0;0;1;0.9000;63;4;3;1;0;0.9286;11;11;0
org.apache.jasper.compiler.TagPluginManager.TagPluginContextImpl.getTemporaryVariableName();org.apache.jasper.compiler.Node;0;0;1;0.9524;72;15;4;1;0;0.9655;170;7;15
org.apache.jasper.compiler.ParserController.doParse(String, Node, JarResource);org.apache.jasper.compiler.JspDocumentParser;1;4;12;0.4286;284;13;13;1;0;1.0000;649;28;20
org.apache.coyote.RequestInfo.getMethod();org.apache.tomcat.util.buf.MessageBytes;1;0;1;0.9643;134;13;14;1;0;0.9778;402;31;17
org.apache.catalina.mbeans.MBeanFactory.createStandardHost(String, String, String, boolean, boolean, boolean, boolean);org.apache.catalina.Service;0;0;0;0;0;0;0;0;0;0;0;0;0
org.apache.catalina.mbeans.GroupMBean.getRoles();org.apache.catalina.Group;0;0;1;0.9000;63;4;3;1;0;0.9286;11;11;0
org.apache.catalina.mbeans.GroupMBean.getUsers();org.apache.tomcat.util.modeler.ManagedBean;0;0;1;0.9000;63;4;3;1;0;0.9730;252;23;13
org.apache.tomcat.util.net.NioEndpoint.Poller.processSendfile(SelectionKey, KeyAttachment, boolean, boolean);org.apache.juli.logging.Log;4;3;0;0.9231;395;15;7;4;0;0.8824;18;18;0
org.apache.jasper.servlet.JspServletWrapper.service(HttpServletRequest, HttpServletResponse, boolean);org.apache.jasper.Options;0;2;7;0.7000;314;11;15;1;0;0.9744;28;28;0
org.apache.jasper.compiler.Validator.ValidateVisitor.MapperELVisitor.visit(ELNode.Function);org.apache.jasper.compiler.ELNode.Function;3;0;0;1.0000;30;1;1;0;5;0.5455;37;1;6
org.apache.catalina.tribes.transport.nio.ParallelNioSender.sendMessage(Member[], ChannelMessage);org.apache.catalina.tribes.transport.nio.NioSender;2;5;1;0.7500;246;12;4;0;1;0.9730;255;12;11
org.apache.tomcat.util.net.AprEndpoint.SocketWithOptionsProcessor.run();org.apache.tomcat.util.net.AprEndpoint;2;0;1;0.8750;20;1;1;2;2;0.9518;629;27;59
org.apache.tomcat.util.bcel.classfile.ConstantPool.getConstant(int, byte);org.apache.tomcat.util.bcel.classfile.Constant;0;0;0;0;0;0;0;0;0;0;0;0;0
org.apache.tomcat.util.net.NioEndpoint.destroy();org.apache.juli.logging.Log;0;2;5;0.9286;629;43;64;0;0;1.0000;18;18;0
org.apache.catalina.ha.session.SimpleTcpReplicationManager.startInternal();org.apache.catalina.ha.CatalinaCluster;0;0;0;0;0;0;0;0;0;0;0;0;0
org.apache.jasper.compiler.Generator.GenerateVisitor.visit(Node.TemplateText);org.apache.jasper.compiler.ServletWriter;6;0;3;0.9610;1737;45;16;6;1;0.7667;65;13;6
org.apache.catalina.ssi.SSIConditional.process(SSIMediator, String, String[], String[], PrintWriter);org.apache.catalina.ssi.SSIMediator;2;1;0;0.8333;67;3;0;0;1;0.9667;190;16;13
org.apache.catalina.mbeans.ServerLifecycleListener.createMBeans(Context);org.apache.catalina.mbeans.MBeanUtils;1;1;1;0.9773;569;32;2;2;0;1.0000;853;61;5
org.apache.jasper.compiler.ParserController.hasJspRoot(JspReader);org.apache.jasper.compiler.TagConstants;1;0;0;1.0000;284;13;13;0;1;1.0000;0;0;57
org.apache.catalina.authenticator.AuthenticatorBase.reauthenticateFromSSO(String, Request);org.apache.catalina.authenticator.SingleSignOn;0;2;2;0.9211;286;20;18;1;0;0.9697;187;18;8
org.apache.coyote.Response.containsHeader(String);org.apache.tomcat.util.http.MimeHeaders;0;0;1;0.9730;250;19;18;1;0;0.9545;129;18;3
org.apache.catalina.tribes.transport.nio.NioReplicationTask.run();org.apache.catalina.tribes.ChannelReceiver;1;2;4;0.7619;197;7;5;0;1;1.0000;8;8;1
org.apache.catalina.core.ApplicationContextFacade.addServlet(String, String);org.apache.catalina.security.SecurityUtil;0;1;1;0.9592;426;46;3;1;0;1.0000;146;11;17
org.apache.catalina.connector.InputBuffer.setConverter();org.apache.coyote.Request;0;0;6;0.8571;210;19;17;1;0;0.9825;219;17;34
org.apache.catalina.manager.HTMLManagerServlet.list(HttpServletRequest, HttpServletResponse, String);org.apache.tomcat.util.res.StringManager;2;0;10;1.0000;601;22;14;0;0;1.0000;36;3;3
org.apache.catalina.ssi.SSIServletRequestUtil.getRelativePath(HttpServletRequest);org.apache.catalina.util.RequestUtil;0;0;0;1.0000;19;2;0;1;0;1.0000;183;13;1
org.apache.catalina.startup.ContextConfig.processAnnotationWebServlet(String, AnnotationEntry, WebXml);org.apache.tomcat.util.bcel.classfile.ElementValue;0;0;0;0;0;0;0;0;0;0;0;0;0
org.apache.catalina.ha.session.DeltaManager.changeSessionId(Session, boolean);org.apache.juli.logging.Log;0;0;0;0;0;0;0;0;0;0;0;0;0
org.apache.catalina.connector.Response.addSessionCookieInternal(Cookie);org.apache.tomcat.util.http.MimeHeaders;0;0;0;0;0;0;0;0;0;0;0;0;0
org.apache.catalina.manager.host.HostManagerServlet.start(PrintWriter, String);org.apache.catalina.Lifecycle;1;0;4;0.8571;301;13;8;1;0;0.8889;5;5;9
org.apache.catalina.core.ApplicationContext.addFilter(String, String, Filter);org.apache.catalina.deploy.FilterDef;0;0;0;0;0;0;0;0;0;0;0;0;0
org.apache.jasper.compiler.Parser.parseElementsTemplateText(Node);org.apache.jasper.compiler.JspReader;0;6;3;0.8657;1203;56;14;2;0;0.9565;322;25;9
org.apache.catalina.mbeans.MBeanUtils.createObjectName(String, Host);org.apache.catalina.Host;0;0;0;1.0000;853;61;5;1;0;0.9500;20;20;2
org.apache.jasper.compiler.ELFunctionMapper.ELFunctionVisitor.getMapName();org.apache.jasper.compiler.ELFunctionMapper;1;0;0;1.0000;151;14;1;0;1;0.6667;12;1;3
org.apache.naming.SelectorContext.list(Name);org.apache.juli.logging.Log;0;2;0;0.9412;146;31;6;0;0;1.0000;18;18;0
org.apache.coyote.http11.Http11AprProcessor.prepareRequest();org.apache.coyote.http11.Constants;7;3;13;0.8182;938;28;36;0;8;1.0000;0;0;44
org.apache.catalina.deploy.WebXml.toXml();org.apache.catalina.deploy.FilterMap;10;2;30;0.7787;1446;42;41;3;2;0.9451;174;8;22
org.apache.tomcat.util.digester.Digester.endDocument();org.apache.tomcat.util.digester.Rule;0;5;2;0.9489;849;103;29;1;0;0.9565;31;9;2
org.apache.catalina.connector.ResponseFacade.setHeader(String, String);org.apache.catalina.connector.Response;0;1;1;0.9512;224;40;2;1;0;0.9889;578;70;19
org.apache.catalina.tribes.group.GroupChannel.sendNoRpcChannelReply(RpcMessage, Member);org.apache.juli.logging.Log;2;1;0;0.9714;268;24;8;1;0;0.9524;18;18;0
org.apache.tomcat.util.digester.SetNextRule.end(String, String);org.apache.tomcat.util.digester.Digester;1;0;2;0.8667;41;2;3;2;2;0.9710;849;103;29
org.apache.catalina.core.ContainerBase.getAccessLog();org.apache.catalina.Pipeline;0;0;0;0;0;0;0;0;0;0;0;0;0
org.apache.jasper.runtime.PageContextImpl.getAttributesScope(String);org.apache.jasper.compiler.Localizer;0;1;0;0.9811;634;40;16;1;0;1.0000;34;6;1
org.apache.jasper.xmlparser.XMLEncodingDetector.reportFatalError(String, String);org.apache.jasper.compiler.ErrorDispatcher;0;0;1;0.9787;798;23;29;1;0;0.9545;158;22;2
org.apache.catalina.loader.WebappLoader.stopInternal();org.apache.catalina.Context;0;0;0;0;0;0;0;0;0;0;0;0;0
org.apache.coyote.http11.Http11NioProcessor.prepareResponse();org.apache.tomcat.util.buf.MessageBytes;7;2;12;0.8427;954;28;38;3;0;0.9620;402;31;17
org.apache.catalina.core.StandardContext.startInternal();org.apache.catalina.loader.WebappLoader;0;0;0;0;0;0;0;0;0;0;0;0;0
org.apache.coyote.memory.MemoryProtocolHandler.ByteChunkInputBuffer.doRead(ByteChunk, Request);org.apache.tomcat.util.buf.ByteChunk;0;0;1;0.5000;6;1;1;1;0;0.9792;425;43;10
org.apache.el.parser.AstDeferredExpression.getType(EvaluationContext);org.apache.el.parser.Node;0;0;0;1.0000;15;4;0;1;0;0.9375;15;15;0
org.apache.catalina.core.StandardWrapper.loadServlet();org.apache.catalina.Wrapper;6;3;15;0.8729;712;75;32;3;0;0.9508;32;32;0
org.apache.coyote.http11.Http11NioProcessor.asyncDispatch(SocketStatus);org.apache.coyote.Request;0;0;0;0;0;0;0;0;0;0;0;0;0
org.apache.jasper.compiler.Generator.generatePostamble();org.apache.jasper.compiler.ServletWriter;0;1;1;0.9487;781;28;16;3;0;0.8421;65;13;6
org.apache.jasper.compiler.Generator.DeclarationVisitor.visit(Node.Declaration);org.apache.jasper.compiler.Node.ScriptingElement;3;0;0;1.0000;36;3;1;1;0;0.9000;30;2;0
org.apache.catalina.startup.RelativeOrderingRule.begin(String, String, Attributes);org.apache.tomcat.util.res.StringManager;0;0;0;0;0;0;0;0;0;0;0;0;0
org.apache.coyote.http11.Http11NioProcessor.asyncDispatch(SocketStatus);org.apache.tomcat.util.net.AbstractEndpoint;0;0;0;0;0;0;0;0;0;0;0;0;0
org.apache.catalina.realm.JNDIRealm.compareCredentials(DirContext, User, String);org.apache.juli.logging.Log;3;0;0;1.0000;728;44;31;3;0;0.8750;18;18;0
org.apache.catalina.core.ApplicationDispatcher.PrivilegedForward.run();org.apache.catalina.core.ApplicationDispatcher;0;0;2;0.5000;8;1;2;1;0;0.9600;419;14;10
org.apache.jasper.compiler.TagFileProcessor.TagFileDirectiveVisitor.postCheck();org.apache.jasper.compiler.Node;2;0;3;0.9000;213;8;24;0;1;0.9714;170;7;15
org.apache.catalina.tribes.group.interceptors.TwoPhaseCommitInterceptor.messageReceived(ChannelMessage);org.apache.catalina.tribes.UniqueId;2;0;4;0.9375;69;3;6;0;1;0.9412;32;3;1
org.apache.coyote.http11.AbstractHttp11Protocol.getCiphers();org.apache.tomcat.util.net.AbstractEndpoint;0;0;0;0;0;0;0;0;0;0;0;0;0
org.apache.catalina.loader.WebappClassLoader.clearReferencesThreads();org.apache.juli.logging.Log;0;0;0;0;0;0;0;0;0;0;0;0;0
org.apache.catalina.tribes.group.interceptors.DomainFilterInterceptor.memberAdded(Member);org.apache.catalina.tribes.Member;0;1;2;0.7500;47;8;2;1;0;0.9444;13;13;1
org.apache.el.parser.AstBracketSuffix.getValue(EvaluationContext);org.apache.el.parser.Node;0;0;0;1.0000;6;1;0;1;0;0.9375;15;15;0
org.apache.catalina.connector.Response.getContentCountLong();org.apache.catalina.connector.OutputBuffer;0;0;1;0.9886;578;70;19;1;0;0.9756;207;25;15
org.apache.catalina.startup.Embedded.createContext(String, String);org.apache.catalina.startup.ContextConfig;2;0;2;0.9796;372;34;11;0;1;0.9722;779;23;16
org.apache.catalina.startup.ContextConfig.processAnnotationsJar(URL, WebXml);org.apache.juli.logging.Log;0;0;0;0;0;0;0;0;0;0;0;0;0
org.apache.catalina.servlets.WebdavServlet.parseProperties(HttpServletRequest, XMLWriter, String, int, Vector<String>);org.apache.catalina.util.XMLWriter;3;2;3;0.9583;1460;29;23;4;3;0.8462;79;10;5
org.apache.tomcat.util.http.Cookies.processCookies(MimeHeaders);org.apache.tomcat.util.buf.MessageBytes;3;2;1;0.9130;269;16;9;2;3;0.9200;402;31;17
org.apache.jasper.compiler.TagPluginManager.TagPluginContextImpl.isScriptless();org.apache.jasper.compiler.Node.ChildInfo;2;0;1;0.9524;72;15;4;0;1;0.8750;36;0;6
org.apache.el.parser.ELParser.Function();org.apache.el.parser.JJTELParserState;4;4;4;0.9481;2195;111;22;4;0;0.9070;74;10;5
org.apache.catalina.core.StandardHost.MemoryLeakTrackingListener.lifecycleEvent(LifecycleEvent);org.apache.catalina.LifecycleEvent;0;0;0;0;0;0;0;0;0;0;0;0;0
org.apache.coyote.http11.filters.IdentityInputFilter.end();org.apache.coyote.InputBuffer;0;0;3;0.6667;57;5;6;1;0;0.7500;1;1;0
org.apache.catalina.loader.WebappLoader.setRepositories();org.apache.catalina.Container;3;2;5;0.9231;548;39;19;1;0;0.9792;34;34;6
org.apache.catalina.authenticator.BasicAuthenticator.authenticate(Request, HttpServletResponse, LoginConfig);org.apache.tomcat.util.http.MimeHeaders;0;0;0;0;0;0;0;0;0;0;0;0;0
org.apache.catalina.startup.ContextConfig.processAnnotationsStream(InputStream, WebXml);org.apache.tomcat.util.bcel.classfile.JavaClass;0;0;0;0;0;0;0;0;0;0;0;0;0
org.apache.jasper.compiler.Generator.generateTagHandlerAttributes(TagInfo);org.apache.jasper.compiler.JspUtil;1;2;2;0.9091;781;28;16;1;0;1.0000;693;44;8
org.apache.jasper.compiler.SmapUtil.SmapGenVisitor.visit(Node.TemplateText);org.apache.jasper.compiler.Mark;3;0;2;0.9394;149;23;3;0;2;0.9333;108;9;11
org.apache.jasper.JspC.processFile(String);org.apache.jasper.JspCompilationContext;1;2;11;0.8723;840;35;81;1;4;0.9390;420;31;31
org.apache.jasper.compiler.Validator.DirectiveVisitor.comparePageEncodings(String, Node.PageDirective);org.apache.jasper.compiler.Node;1;0;1;0.9412;214;7;4;1;0;0.9706;170;7;15
org.apache.catalina.tribes.group.interceptors.NonBlockingCoordinator.handleViewConf(CoordinationMessage, Member, Membership);org.apache.catalina.tribes.util.Arrays;1;5;5;0.8113;352;38;14;1;0;1.0000;149;24;1
org.apache.jasper.compiler.DeclarationVisitor.visit(Node.PageDirective);org.apache.jasper.compiler.ServletWriter;2;0;0;1.0000;36;3;1;7;0;0.6316;65;13;6
org.apache.coyote.http11.AbstractHttp11Processor.isCompressable();org.apache.coyote.Request;0;0;0;0;0;0;0;0;0;0;0;0;0
org.apache.catalina.tribes.group.interceptors.NonBlockingCoordinator.stop(int);org.apache.catalina.tribes.membership.Membership;0;3;8;0.7800;352;38;14;1;0;0.9688;136;11;6
org.apache.jasper.compiler.TagLibraryInfoImpl.createValidator(TreeNode);org.apache.juli.logging.Log;0;1;3;0.8519;523;14;6;2;0;0.9259;18;18;0
org.apache.catalina.mbeans.GlobalResourcesLifecycleListener.createMBeans(String, UserDatabase);org.apache.catalina.mbeans.MBeanUtils;0;0;1;1.0000;103;5;3;4;0;1.0000;853;61;5
org.apache.catalina.realm.JNDIRealm.close(DirContext);org.apache.tomcat.util.res.StringManager;1;0;1;0.9867;728;44;31;0;0;1.0000;36;3;3
org.apache.catalina.authenticator.AuthenticatorBase.invoke(Request, Response);org.apache.catalina.Context;2;1;6;0.9074;286;20;18;2;0;0.9868;125;125;1
org.apache.catalina.connector.RequestFacade.removeAttribute(String);org.apache.tomcat.util.res.StringManager;1;0;2;0.9865;462;73;2;0;0;1.0000;36;3;3
org.apache.catalina.tribes.transport.nio.NioReplicationTask.serviceChannel(SelectionKey);org.apache.catalina.tribes.io.ObjectReader;1;0;2;0.9286;197;7;5;0;1;0.9474;71;9;5
org.apache.catalina.tribes.tipis.AbstractReplicatedMap.replicate(Object, boolean);org.apache.juli.logging.Log;0;0;4;0.9620;740;50;17;3;0;0.9091;18;18;0
org.apache.jasper.compiler.PageDataImpl.SecondPassVisitor.appendPageDirective(Node.PageDirective);org.apache.jasper.compiler.Node.PageDirective;3;0;3;0.9400;307;41;6;0;1;0.9000;27;2;1
org.apache.coyote.http11.Http11AprProcessor.prepareResponse();org.apache.coyote.Response;7;2;12;0.8391;938;28;36;1;4;0.9296;250;19;18
org.apache.catalina.core.AsyncContextImpl.complete();org.apache.coyote.Request;1;1;3;0.9063;244;21;12;1;0;0.9821;219;17;34
org.apache.catalina.valves.ValveBase.getDomainInternal();org.apache.catalina.mbeans.MBeanUtils;0;0;0;0;0;0;0;0;0;0;0;0;0
org.apache.catalina.session.PersistentManagerBase.findSession(String);org.apache.catalina.Session;0;1;0;0.9783;420;33;13;3;0;0.9118;32;32;4
org.apache.coyote.http11.Http11NioProcessor.endRequest();org.apache.coyote.Adapter;1;0;6;0.9420;954;28;38;0;0;1.0000;2;2;0
org.apache.catalina.connector.ResponseFacade.addCookie(Cookie);org.apache.catalina.connector.Response;0;1;1;0.9512;224;40;2;1;0;0.9889;578;70;19
org.apache.catalina.ha.tcp.ReplicationValve.resetDeltaRequest(Session);org.apache.catalina.ha.session.DeltaSession;1;0;2;1.0000;283;17;17;1;0;0.9811;379;41;7
org.apache.catalina.servlets.DefaultServlet.executePartialPut(HttpServletRequest, Range, String);org.apache.naming.resources.ProxyDirContext;0;0;2;0.9808;994;37;18;1;0;0.9878;469;64;15
org.apache.catalina.startup.Embedded.removeHost(Host);org.apache.catalina.Container;0;0;2;0.9796;372;34;11;3;0;0.9211;34;34;6
org.apache.catalina.tribes.group.interceptors.NonBlockingCoordinator.setupMembership();org.apache.catalina.tribes.group.AbsoluteOrder;1;0;1;0.9796;352;38;14;0;1;1.0000;7;1;1
org.apache.tomcat.util.bcel.classfile.ConstantValue.toString();org.apache.tomcat.util.bcel.classfile.ConstantString;0;0;0;0;0;0;0;0;0;0;0;0;0
org.apache.coyote.http11.Http11AprProtocol.setSoLinger(int);org.apache.tomcat.util.net.AbstractEndpoint;0;0;0;0;0;0;0;0;0;0;0;0;0
org.apache.catalina.ha.authenticator.ClusterSingleSignOn.register(String, Principal, String, String, String);org.apache.catalina.ha.authenticator.SingleSignOnMessage;1;1;2;0.8889;149;16;4;0;5;0.8095;76;2;16
org.apache.coyote.http11.Http11AprProtocol.destroy();org.apache.tomcat.util.modeler.Registry;1;1;5;0.9615;387;76;26;2;0;0.9796;446;36;10
org.apache.coyote.http11.filters.GzipOutputFilter.FakeOutputStream.write(int);org.apache.coyote.OutputBuffer;1;0;2;0.7500;13;4;2;1;0;0.8000;1;1;0
org.apache.jasper.compiler.WebXml.close();org.apache.juli.logging.Log;0;0;0;0;0;0;0;0;0;0;0;0;0
org.apache.catalina.connector.Response.reset();org.apache.coyote.Response;0;0;6;0.9326;578;70;19;1;0;0.9773;250;19;18
org.apache.catalina.authenticator.FormAuthenticator.saveRequest(Request, Session);org.apache.catalina.authenticator.Constants;3;0;0;1.0000;232;8;3;0;1;1.0000;0;0;19
org.apache.el.parser.ELParser.Multiplication();org.apache.el.parser.ELParserTreeConstants;2;3;4;0.9510;2195;111;22;0;3;0.9400;0;0;34
org.apache.catalina.core.NamingContextListener.lifecycleEvent(LifecycleEvent);org.apache.naming.factory.ResourceLinkFactory;3;2;9;0.7857;745;23;11;1;0;1.0000;17;2;1
org.apache.catalina.servlets.WebdavServlet.parseProperties(HttpServletRequest, XMLWriter, String, int, Vector<String>);org.apache.tomcat.util.http.FastHttpDateFormat;3;2;3;0.9583;1460;29;23;1;0;1.0000;85;6;8
org.apache.catalina.mbeans.MBeanFactory.createDataSourceRealm(String, String, String, String, String, String, String);org.apache.catalina.util.LifecycleMBeanBase;0;0;0;0;0;0;0;0;0;0;0;0;0
org.apache.coyote.http11.Http11AprProcessor.action(ActionCode, Object);org.apache.coyote.Request;9;1;18;0.8068;938;28;36;1;8;0.8953;219;17;34
org.apache.jasper.runtime.JspContextWrapper.removeAttribute(String, int);org.apache.jasper.compiler.Localizer;0;0;2;0.9556;257;38;7;1;0;1.0000;34;6;1
org.apache.jasper.compiler.Generator.GenerateVisitor.attributeValue(Node.JspAttribute, boolean, Class<?>);org.apache.jasper.compiler.Node.JspAttribute;2;1;1;0.9706;1737;45;16;1;5;0.7391;107;7;10
org.apache.catalina.startup.ContextConfig.configureStop();org.apache.tomcat.util.res.StringManager;0;0;0;0;0;0;0;0;0;0;0;0;0
org.apache.coyote.http11.Http11Protocol.Http11ConnectionHandler.register(Http11Processor);org.apache.juli.logging.Log;4;0;3;0.8235;91;4;4;3;0;0.8929;18;18;0
org.apache.catalina.connector.InputBuffer.mark(int);org.apache.tomcat.util.buf.CharChunk;2;0;5;0.8974;210;19;17;1;4;0.9038;393;39;8
org.apache.jasper.compiler.Generator.GenerateVisitor.visit(Node.JspElement);org.apache.jasper.compiler.Node.JspAttribute;5;0;1;0.9867;1737;45;16;0;3;0.9063;107;7;10
org.apache.catalina.core.ApplicationFilterChain.doFilterEvent(CometEvent);org.apache.catalina.Globals;1;1;0;0.9167;225;9;13;0;1;1.0000;0;0;39
org.apache.catalina.startup.HostConfig.appBase();org.apache.catalina.Host;0;1;2;0.9348;755;35;15;1;0;0.9565;20;20;2
org.apache.catalina.core.NamingContextListener.addService(ContextService);org.apache.naming.HandlerRef;5;0;4;0.9464;745;23;11;0;6;1.0000;50;2;9
org.apache.tomcat.util.bcel.classfile.ConstantPool.constantToString(Constant);org.apache.tomcat.util.bcel.Constants;0;0;0;0;0;0;0;0;0;0;0;0;0
org.apache.coyote.http11.InternalNioInputBuffer.parseRequestLine(boolean);org.apache.tomcat.util.res.StringManager;2;2;11;0.7447;457;16;24;1;0;0.9583;36;3;3
org.apache.coyote.http11.Http11NioProtocol.Http11ConnectionHandler.event(NioChannel, SocketStatus);org.apache.tomcat.util.net.SocketWrapper;0;0;0;0;0;0;0;0;0;0;0;0;0
org.apache.catalina.core.StandardWrapper.unload();org.apache.tomcat.util.modeler.Registry;4;1;10;0.9091;712;75;32;0;0;1.0000;446;36;10
org.apache.catalina.connector.Request.parseParameters();org.apache.coyote.Request;5;4;9;0.9396;1084;128;51;0;1;0.9861;219;17;34
org.apache.jasper.compiler.Dumper.DumpVisitor.visit(Node.IncludeDirective);org.apache.jasper.compiler.Node;1;2;0;0.9286;122;27;1;0;1;0.9655;170;7;15
org.apache.jasper.compiler.TagPluginManager.TagPluginContextImpl.generateDeclaration(String, String);org.apache.jasper.compiler.PageInfo;1;0;3;0.8636;72;15;4;1;0;0.9875;319;30;44
org.apache.coyote.ajp.AjpProcessor.process(SocketWrapper<Socket>);org.apache.coyote.ajp.Constants;0;0;0;0;0;0;0;0;0;0;0;0;0
org.apache.tomcat.util.digester.Digester.setRuleNamespaceURI(String);org.apache.tomcat.util.digester.Rules;0;1;0;0.9925;849;103;29;1;0;0.8889;8;8;0
org.apache.jasper.compiler.ParserController.getPageEncodingForJspSyntax(JspReader, Mark);org.apache.jasper.compiler.Parser;0;1;0;0.9655;284;13;13;1;0;1.0000;1203;56;14
org.apache.catalina.startup.ContextConfig.processAnnotationWebServlet(String, AnnotationEntry, WebXml);org.apache.catalina.deploy.ServletDef;0;0;0;0;0;0;0;0;0;0;0;0;0
org.apache.catalina.core.ContainerBase.getRealm();org.apache.catalina.Container;0;0;2;0.9775;603;62;29;1;0;0.9722;34;34;6
org.apache.catalina.deploy.NamingResources.getServer();org.apache.catalina.Service;0;0;0;0;0;0;0;0;0;0;0;0;0
org.apache.jasper.runtime.PageContextImpl.release();org.apache.jasper.compiler.Localizer;0;0;14;0.7455;634;40;16;1;0;1.0000;34;6;1
org.apache.jasper.compiler.Node.Declaration.accept(Visitor);org.apache.jasper.compiler.Node.Visitor;0;0;0;1.0000;9;1;0;1;0;0.9714;126;35;0
org.apache.catalina.startup.WebRuleSet.recycle();org.apache.catalina.startup.SetSessionConfig;3;0;3;0.7500;183;4;4;0;1;0.8750;8;1;1
org.apache.jasper.compiler.Parser.parse(ParserController, JspReader, Node, boolean, boolean, JarResource, String, String, boolean, boolean);org.apache.jasper.compiler.ParserController;4;3;0;0.9600;1203;56;14;0;1;0.9737;284;13;13
org.apache.catalina.loader.WebappLoader.startInternal();org.apache.catalina.core.StandardContext;0;0;0;0;0;0;0;0;0;0;0;0;0
org.apache.catalina.users.MemoryUserDatabase.save();org.apache.juli.logging.Log;1;5;5;0.7576;252;22;10;2;0;0.9231;18;18;0
org.apache.catalina.realm.JAASMemoryLoginModule.load();org.apache.juli.logging.Log;1;0;2;0.9524;151;7;9;2;0;0.9167;18;18;0
org.apache.coyote.http11.AbstractHttp11Protocol.setSSLEnabled(boolean);org.apache.tomcat.util.net.AbstractEndpoint;0;0;0;0;0;0;0;0;0;0;0;0;0
org.apache.catalina.servlets.WebdavServlet.doPut(HttpServletRequest, HttpServletResponse);org.apache.catalina.servlets.WebdavStatus;1;2;1;0.9118;1460;29;23;0;1;1.0000;12;2;27
org.apache.catalina.connector.CoyoteAdapter.normalize(MessageBytes);org.apache.tomcat.util.buf.MessageBytes;2;1;1;1.0000;505;11;8;0;1;0.9792;402;31;17
org.apache.jasper.runtime.PageContextImpl.setAttribute(String, Object, int);org.apache.jasper.security.SecurityUtil;0;1;0;0.9811;634;40;16;1;0;1.0000;31;2;1
org.apache.coyote.http11.AbstractHttp11Protocol.setKeyPass(String);org.apache.tomcat.util.net.AbstractEndpoint;0;0;0;0;0;0;0;0;0;0;0;0;0
org.apache.catalina.util.ParameterMap.remove(Object);org.apache.tomcat.util.res.StringManager;1;0;2;0.8889;34;5;2;0;0;1.0000;36;3;3
org.apache.tomcat.util.bcel.classfile.InnerClass.toString(ConstantPool);org.apache.tomcat.util.bcel.classfile.Utility;0;0;0;0;0;0;0;0;0;0;0;0;0
org.apache.jasper.compiler.DeclarationVisitor.visit(Node.Declaration);org.apache.jasper.compiler.Generator;3;0;0;1.0000;36;3;1;0;1;0.9767;781;28;16
org.apache.catalina.core.StandardWrapper.initServlet(Servlet);org.apache.catalina.util.InstanceSupport;0;0;0;0;0;0;0;0;0;0;0;0;0
org.apache.jasper.compiler.TagPluginManager.TagPluginContextImpl.generateAttribute(String);org.apache.jasper.compiler.Node;1;0;2;0.9048;72;15;4;0;1;0.9667;170;7;15
org.apache.jasper.compiler.JspRuntimeContext.destroy();org.apache.jasper.servlet.JspServletWrapper;0;0;1;0.9500;174;9;10;1;0;0.9655;314;11;15
org.apache.catalina.tribes.group.interceptors.MessageDispatchInterceptor.stop(int);org.apache.catalina.tribes.Channel;1;1;1;0.9000;138;12;8;0;1;1.0000;15;15;13
org.apache.catalina.connector.CoyoteAdapter.parseSessionCookiesId(org.apache.coyote.Request, Request);org.apache.tomcat.util.http.Cookies;5;1;1;0.9643;505;11;8;2;0;0.9375;269;16;9
org.apache.catalina.ha.context.ReplicatedContext.startInternal();org.apache.catalina.core.ApplicationContext;0;0;0;0;0;0;0;0;0;0;0;0;0
org.apache.catalina.tribes.transport.nio.ParallelNioSender.setupForSend(Member[]);org.apache.catalina.tribes.transport.nio.NioSender;1;0;2;0.9000;246;12;4;1;1;0.9286;255;12;11
org.apache.tomcat.util.IntrospectionUtils.addToolsJar(Vector<URL>);org.apache.juli.logging.Log;0;0;1;1.0000;602;31;5;2;0;0.8889;18;18;0
org.apache.coyote.http11.AbstractHttp11Protocol.setTrustMaxCertLength(String);org.apache.tomcat.util.net.AbstractEndpoint;0;0;0;0;0;0;0;0;0;0;0;0;0
org.apache.catalina.loader.WebappLoader.stopInternal();org.apache.catalina.Lifecycle;0;0;0;0;0;0;0;0;0;0;0;0;0
org.apache.catalina.deploy.ServletDef.addSecurityRoleRef(String, String);org.apache.catalina.deploy.SecurityRoleRef;0;0;0;0;0;0;0;0;0;0;0;0;0
org.apache.jasper.compiler.JspUtil.checkAttributes(String, Node, ValidAttribute[], ErrorDispatcher);org.apache.jasper.compiler.Node;2;0;0;1.0000;693;44;8;1;3;0.8788;170;7;15
org.apache.coyote.http11.Http11NioProtocol.Http11ConnectionHandler.deregister(Http11NioProcessor);org.apache.tomcat.util.modeler.Registry;4;0;2;0.9048;166;8;6;2;0;0.9808;446;36;10
org.apache.jasper.compiler.Generator.TagHandlerPoolVisitor.createTagHandlerPoolName(String, String, Attributes, Node.Nodes, boolean);org.apache.jasper.compiler.Node;2;0;0;1.0000;37;2;1;0;1;0.9655;170;7;15
org.apache.catalina.connector.CoyoteAdapter.event(org.apache.coyote.Request, org.apache.coyote.Response, SocketStatus);org.apache.coyote.Request;8;0;4;0.9375;505;11;8;1;1;0.9730;219;17;34
org.apache.catalina.startup.TldConfig.tldScanDir(File);org.apache.juli.logging.Log;0;0;0;0;0;0;0;0;0;0;0;0;0
org.apache.catalina.startup.HostConfig.deployDirectory(String, File, String);org.apache.catalina.Container;2;3;7;0.8793;755;35;15;1;0;0.9811;34;34;6
org.apache.catalina.deploy.WebXml.toXml();org.apache.catalina.deploy.ContextResource;10;2;30;0.7787;1446;42;41;2;0;0.9765;35;3;2
org.apache.catalina.deploy.WebXml.addResourceEnvRef(ContextResourceEnvRef);org.apache.catalina.deploy.ResourceBase;1;0;2;0.9853;1446;42;41;1;0;0.9375;43;9;6
org.apache.catalina.users.MemoryUserDatabase.open();org.apache.tomcat.util.ExceptionUtils;0;0;0;0;0;0;0;0;0;0;0;0;0
org.apache.jasper.runtime.PageContextImpl.getAttribute(String, int);org.apache.jasper.security.SecurityUtil;0;1;0;0.9811;634;40;16;1;0;1.0000;31;2;1
org.apache.coyote.http11.AbstractHttp11Processor.isCompressable();org.apache.tomcat.util.buf.MessageBytes;0;0;0;0;0;0;0;0;0;0;0;0;0
org.apache.coyote.http11.AbstractHttp11Protocol.setProperty(String, String);org.apache.tomcat.util.net.AbstractEndpoint;0;0;0;0;0;0;0;0;0;0;0;0;0
org.apache.jasper.compiler.Node.NamedAttribute.getText();org.apache.jasper.compiler.Node.Nodes;1;0;0;1.0000;65;3;6;1;0;0.9167;43;5;3
org.apache.catalina.realm.JDBCRealm.authenticate(Connection, String, String);org.apache.juli.logging.Log;1;2;1;0.9333;277;13;16;2;0;0.9130;18;18;0
org.apache.catalina.ha.tcp.SimpleTcpCluster.getManagerName(String, Manager);org.apache.catalina.Manager;0;1;0;0.9851;371;45;31;1;0;0.9730;34;34;0
org.apache.coyote.http11.Http11AprProcessor.process(long);org.apache.tomcat.util.net.AbstractEndpoint;0;0;0;0;0;0;0;0;0;0;0;0;0
org.apache.catalina.connector.OutputBuffer.doFlush(boolean);org.apache.coyote.ActionCode;2;0;5;0.8889;207;25;15;0;1;1.0000;6;0;26
org.apache.jasper.compiler.Generator.GenerateVisitor.generateJspFragment(Node, String);org.apache.jasper.compiler.Generator.FragmentHelperClass.Fragment;3;0;7;0.8971;1737;45;16;0;2;0.8750;10;0;2
org.apache.catalina.loader.WebappClassLoader.findLoadedResource(String);org.apache.catalina.loader.ResourceEntry;1;0;1;0.9857;1193;44;30;0;1;0.8750;0;0;7
org.apache.jasper.compiler.SmapUtil.generateSmap(JspCompilationContext, Node.Nodes);org.apache.jasper.JspCompilationContext;3;1;1;1.0000;68;4;1;2;1;0.9565;420;31;31
org.apache.catalina.ha.tcp.ReplicationValve.setFilter(String);org.apache.juli.logging.Log;1;0;4;0.9444;283;17;17;5;0;0.7500;18;18;0
org.apache.coyote.http11.AbstractHttp11Protocol.getKeyPass();org.apache.tomcat.util.net.AbstractEndpoint;0;0;0;0;0;0;0;0;0;0;0;0;0
org.apache.jasper.compiler.Generator.GenerateVisitor.visit(Node.Scriptlet);org.apache.jasper.compiler.Node.ScriptingElement;2;0;1;0.9848;1737;45;16;1;0;0.9000;30;2;0
org.apache.catalina.core.ApplicationServletRegistration.setLoadOnStartup(int);org.apache.catalina.Wrapper;0;0;0;0;0;0;0;0;0;0;0;0;0
org.apache.catalina.loader.WebappLoader.stopInternal();org.apache.naming.resources.DirContextURLStreamHandler;0;0;0;0;0;0;0;0;0;0;0;0;0
org.apache.catalina.session.PersistentManagerBase.load();org.apache.catalina.security.SecurityUtil;1;1;2;0.9583;420;33;13;1;0;1.0000;146;11;17
org.apache.catalina.tribes.group.interceptors.DomainFilterInterceptor.setDomain(String);org.apache.catalina.tribes.util.Arrays;0;0;0;0;0;0;0;0;0;0;0;0;0
org.apache.catalina.core.ApplicationFilterRegistration.addMappingForServletNames(EnumSet<DispatcherType>, boolean, String);org.apache.catalina.deploy.FilterMap;0;0;0;0;0;0;0;0;0;0;0;0;0
org.apache.catalina.manager.StatusTransformer.writeProcessorState(PrintWriter, ObjectName, MBeanServer, int);org.apache.catalina.util.RequestUtil;0;3;0;1.0000;601;20;0;1;0;1.0000;183;13;1
org.apache.catalina.connector.RequestFacade.getScheme();org.apache.tomcat.util.res.StringManager;1;0;2;0.9865;462;73;2;0;0;1.0000;36;3;3
org.apache.jasper.runtime.PageContextImpl.proprietaryEvaluate(String, Class<?>, PageContext, ProtectedFunctionMapper, boolean);org.apache.jasper.security.SecurityUtil;1;1;1;1.0000;634;40;16;1;0;1.0000;31;2;1
org.apache.catalina.connector.Response.setLocale(Locale);org.apache.catalina.Context;0;2;4;0.9341;578;70;19;1;0;0.9925;125;125;1
org.apache.tomcat.util.bcel.classfile.ConstantPool.constantToString(Constant);org.apache.tomcat.util.bcel.classfile.Utility;0;0;0;0;0;0;0;0;0;0;0;0;0
org.apache.tomcat.util.buf.MessageBytes.hash();org.apache.tomcat.util.buf.ByteChunk;0;0;7;0.9091;402;31;17;1;0;0.9808;425;43;10
org.apache.catalina.deploy.SecurityConstraint.createConstraints(ServletSecurityElement, String);org.apache.catalina.deploy.SecurityCollection;0;0;0;0;0;0;0;0;0;0;0;0;0
org.apache.jasper.xmlparser.XMLEncodingDetector.scanLiteral(int, XMLString);org.apache.jasper.xmlparser.XMLChar;0;2;7;0.8085;798;23;29;1;0;1.0000;115;21;9
org.apache.tomcat.util.http.fileupload.DiskFileItem.isInMemory();org.apache.tomcat.util.http.fileupload.DeferredFileOutputStream;0;0;0;0;0;0;0;0;0;0;0;0;0
org.apache.coyote.http11.Http11AprProtocol.getSSLCARevocationPath();org.apache.tomcat.util.net.AprEndpoint;1;0;1;0.9901;387;76;26;0;1;0.9875;629;27;59
org.apache.catalina.core.ContainerBase.setRealm(Realm);org.apache.catalina.Lifecycle;0;0;4;0.9674;603;62;29;2;0;0.8000;5;5;9
org.apache.tomcat.util.net.NioBlockingSelector.BlockPoller.run();org.apache.juli.logging.Log;3;2;4;0.6471;182;9;4;3;0;0.8846;18;18;0
org.apache.catalina.manager.ManagerServlet.deploy(PrintWriter, String, String, String, boolean);org.apache.catalina.Context;1;9;4;0.7609;913;34;13;2;0;0.9854;125;125;1
org.apache.catalina.ha.tcp.SimpleTcpCluster.lifecycleEvent(LifecycleEvent);org.apache.catalina.LifecycleEvent;1;0;2;0.9853;371;45;31;2;0;0.8182;18;3;3
org.apache.jasper.compiler.Parser.parseDoBody(Node);org.apache.jasper.compiler.JspReader;0;2;2;0.9385;1203;56;14;1;0;0.9750;322;25;9
org.apache.jasper.compiler.ErrorDispatcher.createJavacError(String, Node.Nodes, StringBuilder, int, JspCompilationContext);org.apache.jasper.compiler.Node.Nodes;2;0;0;1.0000;158;22;2;1;0;0.9333;43;5;3
org.apache.naming.SelectorContext.lookupLink(Name);org.apache.juli.logging.Log;0;2;0;0.9412;146;31;6;0;0;1.0000;18;18;0
org.apache.catalina.ha.session.DeltaManager.requestCompleted(String, boolean);org.apache.juli.logging.Log;0;0;0;0;0;0;0;0;0;0;0;0;0
org.apache.catalina.connector.CoyoteReader.ready();org.apache.catalina.connector.InputBuffer;0;0;1;0.9333;102;12;4;1;0;0.9722;210;19;17
org.apache.catalina.ha.session.BackupManager.requestCompleted(String);org.apache.catalina.tribes.tipis.AbstractReplicatedMap;0;0;0;1.0000;146;20;7;1;0;0.9851;740;50;17
org.apache.catalina.core.ApplicationContextFacade.getMimeType(String);org.apache.catalina.security.SecurityUtil;0;1;1;0.9600;426;46;3;1;0;1.0000;146;11;17
org.apache.catalina.startup.WebRuleSet.configureNamingRules(Digester);org.apache.tomcat.util.digester.Digester;0;1;1;0.8571;183;4;4;5;0;0.9630;849;103;29
org.apache.catalina.connector.CoyoteAdapter.service(org.apache.coyote.Request, org.apache.coyote.Response);org.apache.coyote.ActionCode;8;0;4;0.9524;505;11;8;0;2;1.0000;6;0;26
org.apache.el.ExpressionFactoryImpl.coerceToType(Object, Class<?>);org.apache.el.lang.ELSupport;0;0;0;1.0000;26;4;0;1;0;1.0000;351;22;1
org.apache.catalina.connector.MapperListener.unregisterContext(Context);org.apache.tomcat.util.http.mapper.Mapper;0;0;0;0;0;0;0;0;0;0;0;0;0
org.apache.catalina.realm.RealmBase.hasRole(Principal, String);org.apache.juli.logging.Log;1;0;2;1.0000;688;39;24;2;0;0.9000;18;18;0
org.apache.catalina.startup.ContextConfig.applicationAnnotationsConfig();org.apache.catalina.startup.WebAnnotationSet;1;0;1;0.9667;779;23;16;1;0;1.0000;125;6;0
org.apache.catalina.ha.session.JvmRouteSessionIDBinderListener.messageReceived(ClusterMessage);org.apache.juli.logging.Log;3;0;0;1.0000;54;5;3;6;0;0.8065;18;18;0
org.apache.jasper.compiler.Generator.GenerateVisitor.generateCustomEnd(Node.CustomTag, String, String, String);org.apache.jasper.compiler.Node.CustomTag;3;1;5;0.9178;1737;45;16;1;5;0.8868;229;10;26
org.apache.tomcat.util.modeler.ManagedBean.getSetter(String, BaseModelMBean, Object);org.apache.tomcat.util.modeler.BaseModelMBean;0;0;1;0.9714;252;23;13;1;0;1.0000;284;28;9
org.apache.jasper.runtime.JspFactoryImpl.PageContextPool.put(PageContext);org.apache.jasper.runtime.JspFactoryImpl;1;0;2;0.5000;17;2;2;0;1;1.0000;71;6;5
org.apache.jasper.compiler.PageDataImpl.SecondPassVisitor.printAttributes(Node, boolean);org.apache.jasper.compiler.JspUtil;2;0;2;0.9600;307;41;6;1;0;1.0000;693;44;8
org.apache.coyote.http11.Http11AprProcessor.endRequest();org.apache.tomcat.util.res.StringManager;1;0;6;0.9403;938;28;36;1;0;0.9231;36;3;3
org.apache.catalina.connector.RequestFacade.getAllowTrace();org.apache.catalina.connector.Request;0;0;1;0.9867;462;73;2;1;0;0.9943;1084;128;51
org.apache.tomcat.util.bcel.classfile.ClassElementValue.stringifyValue();org.apache.tomcat.util.bcel.classfile.ConstantPool;0;0;0;0;0;0;0;0;0;0;0;0;0
org.apache.coyote.ajp.AjpProcessor.process(SocketWrapper<Socket>);org.apache.coyote.Response;0;0;0;0;0;0;0;0;0;0;0;0;0
org.apache.catalina.ha.deploy.FarmWarDeployer.getAppBase();org.apache.catalina.Host;0;0;2;0.9545;376;28;17;1;0;0.9545;20;20;2
org.apache.el.parser.ELParser.LiteralExpression();org.apache.el.parser.AstLiteralExpression;3;1;1;0.9854;2195;111;22;1;0;0.9091;29;3;0
org.apache.coyote.RequestGroupInfo.getProcessingTime();org.apache.coyote.RequestInfo;1;0;2;0.9091;112;15;7;0;1;0.9655;134;13;14
org.apache.catalina.startup.HostConfig.start();org.apache.catalina.Container;1;1;4;0.9423;755;35;15;1;0;0.9767;34;34;6
org.apache.catalina.session.StandardSession.tellNew();org.apache.catalina.Context;2;3;2;0.9500;558;58;26;1;0;0.9924;125;125;1
org.apache.catalina.startup.ContextConfig.webConfig();org.apache.catalina.deploy.WebXml;0;0;0;0;0;0;0;0;0;0;0;0;0
org.apache.catalina.tribes.transport.nio.NioReplicationTask.drainChannel(SelectionKey, ObjectReader);org.apache.catalina.tribes.io.ObjectReader;4;3;2;0.8667;197;7;5;6;1;0.7813;71;9;5
org.apache.catalina.core.ApplicationContextFacade.addServlet(String, Class<? extends Servlet>);org.apache.catalina.core.ApplicationContext;0;1;1;0.9592;426;46;3;0;0;1.0000;460;47;13
org.apache.catalina.core.ApplicationContext.getResources();org.apache.catalina.core.ContainerBase;0;0;1;0.9821;460;47;13;1;0;0.9889;603;62;29
org.apache.catalina.ha.session.ReplicatedSession.setId(String, boolean);org.apache.catalina.Manager;0;0;0;1.0000;122;16;4;2;0;0.9459;34;34;0
org.apache.catalina.realm.JAASRealm.createPrincipal(String, Subject, LoginContext);org.apache.tomcat.util.res.StringManager;1;0;4;0.9091;195;15;10;0;0;1.0000;36;3;3
org.apache.catalina.loader.WebappLoader.stopInternal();org.apache.tomcat.util.res.StringManager;0;0;0;0;0;0;0;0;0;0;0;0;0
org.apache.catalina.valves.PersistentValve.invoke(Request, Response);org.apache.catalina.Session;1;1;1;0.9655;76;3;2;6;0;0.8889;32;32;4
org.apache.tomcat.util.buf.MessageBytes.getLength();org.apache.tomcat.util.buf.CharChunk;0;1;7;0.8864;402;31;17;1;0;0.9815;393;39;8
org.apache.catalina.startup.ContextConfig.authenticatorConfig();org.apache.juli.logging.Log;1;0;7;0.9286;779;23;16;4;0;0.8667;18;18;0
org.apache.catalina.servlets.DefaultServlet.checkIfNoneMatch(HttpServletRequest, HttpServletResponse, ResourceAttributes);org.apache.naming.resources.ResourceAttributes;0;0;0;1.0000;994;37;18;1;0;0.9767;516;30;30
org.apache.catalina.ha.session.DeltaManager.handleGET_ALL_SESSIONS(SessionMessage, Member);org.apache.juli.logging.Log;2;1;9;0.9070;826;43;42;2;0;0.9310;18;18;0
org.apache.catalina.startup.HostConfig.deployWAR(String, File, String);org.apache.tomcat.util.digester.Digester;2;4;8;0.8500;755;35;15;2;0;0.9871;849;103;29
org.apache.catalina.deploy.WebXml.addServlet(ServletDef);org.apache.catalina.deploy.ServletDef;0;0;0;0;0;0;0;0;0;0;0;0;0
org.apache.coyote.http11.AbstractOutputBuffer.doWrite(ByteChunk, Response);org.apache.coyote.OutputBuffer;0;0;0;0;0;0;0;0;0;0;0;0;0
org.apache.catalina.mbeans.MBeanUtils.destroyMBean(NamingResources);org.apache.tomcat.util.modeler.ManagedBean;0;2;2;1.0000;853;61;5;1;0;0.9714;252;23;13
org.apache.coyote.http11.AbstractInputBuffer.recycle();org.apache.coyote.Request;0;0;0;0;0;0;0;0;0;0;0;0;0
org.apache.catalina.core.ApplicationPart.getHeader(String);org.apache.tomcat.util.http.fileupload.FileItemHeaders;0;0;0;0;0;0;0;0;0;0;0;0;0
org.apache.jasper.compiler.Generator.GenerateVisitor.generateCustomDoTag(Node.CustomTag, TagHandlerInfo, String);org.apache.jasper.compiler.Node;5;4;3;0.9028;1737;45;16;0;3;0.9302;170;7;15
org.apache.coyote.http11.Http11Processor.process(SocketWrapper<Socket>);org.apache.coyote.http11.AbstractInputBuffer;0;0;0;0;0;0;0;0;0;0;0;0;0
org.apache.catalina.connector.RequestFacade.getServletPath();org.apache.catalina.connector.Request;1;0;2;0.9865;462;73;2;1;0;0.9943;1084;128;51
org.apache.catalina.connector.RequestFacade.GetCookiesPrivilegedAction.run();org.apache.catalina.connector.Request;1;0;0;1.0000;3;1;0;1;0;0.9943;1084;128;51
org.apache.jasper.compiler.Parser.parseTaglibDirective(Node);org.apache.jasper.compiler.Mark;4;1;6;0.9114;1203;56;14;0;2;0.9535;108;9;11
org.apache.catalina.tribes.membership.McastServiceImpl.stop(int);org.apache.catalina.tribes.Channel;3;1;8;0.7750;308;12;27;0;2;1.0000;15;15;13
org.apache.catalina.connector.Request.getContentType();org.apache.coyote.Request;0;0;1;0.9942;1084;128;51;1;0;0.9811;219;17;34
org.apache.catalina.connector.CoyoteAdapter.event(org.apache.coyote.Request, org.apache.coyote.Response, SocketStatus);org.apache.catalina.comet.CometEvent;8;0;4;0.9375;505;11;8;0;0;1.0000;6;6;2
org.apache.catalina.startup.RelativeOrderingRule.begin(String, String, Attributes);org.apache.juli.logging.Log;0;0;0;0;0;0;0;0;0;0;0;0;0
org.apache.coyote.ajp.AjpAprProtocol.AjpConnectionHandler.process(long);org.apache.coyote.ajp.AjpAprProcessor;3;1;1;0.8571;86;5;4;1;0;0.9783;616;13;30
org.apache.el.lang.ELSupport.coerceToCharacter(Object);org.apache.el.util.MessageFactory;0;0;0;1.0000;351;22;1;1;0;1.0000;24;7;1
org.apache.tomcat.util.digester.Digester.peek(int);org.apache.tomcat.util.digester.ArrayStack;0;0;2;0.9851;849;103;29;1;0;0.9091;53;6;1
org.apache.catalina.ha.session.JvmRouteSessionIDBinderListener.stop();org.apache.tomcat.util.res.StringManager;0;0;1;0.9231;54;5;3;1;0;0.9091;36;3;3
org.apache.jasper.compiler.Generator.GenerateVisitor.visit(Node.InvokeAction);org.apache.jasper.compiler.Node;2;1;1;0.9718;1737;45;16;1;2;0.9189;170;7;15
org.apache.coyote.ajp.AjpProtocol.setSoTimeout(int);org.apache.tomcat.util.net.AbstractEndpoint;0;0;0;0;0;0;0;0;0;0;0;0;0
org.apache.catalina.realm.JNDIRealm.authenticate(String, String);org.apache.tomcat.util.res.StringManager;1;4;0;0.9474;728;44;31;0;0;1.0000;36;3;3
org.apache.tomcat.util.http.fileupload.DeferredFileOutputStream.writeTo(OutputStream);org.apache.tomcat.util.http.fileupload.ByteArrayOutputStream;0;0;0;0;0;0;0;0;0;0;0;0;0
org.apache.catalina.tribes.transport.bio.BioReceiver.listen();org.apache.catalina.tribes.transport.bio.BioReplicationTask;1;0;2;0.9630;94;7;2;1;0;0.9643;92;6;3
org.apache.catalina.connector.Request.setAttribute(String, Object);org.apache.catalina.Context;2;2;7;0.9548;1084;128;51;2;0;0.9853;125;125;1
org.apache.catalina.tribes.membership.McastServiceImpl.ReceiverThread.run();org.apache.juli.logging.Log;1;0;1;0.8750;33;1;1;3;0;0.8636;18;18;0
org.apache.catalina.mbeans.ServerLifecycleListener.createMBeans(Context);org.apache.catalina.Globals;1;1;1;0.9773;569;32;2;0;2;1.0000;0;0;39
org.apache.jasper.compiler.ELFunctionMapper.map(Node.Nodes);org.apache.jasper.compiler.Node.Nodes;1;0;2;0.6000;12;1;3;1;1;0.8333;43;5;3
org.apache.jasper.runtime.PageContextImpl.findAttribute(String);org.apache.jasper.compiler.Localizer;0;1;0;0.9811;634;40;16;1;0;1.0000;34;6;1
org.apache.catalina.authenticator.SingleSignOn.reauthenticate(String, Realm, Request);org.apache.catalina.connector.Request;1;1;0;0.9667;187;18;8;1;1;0.9888;1084;128;51
org.apache.coyote.memory.MemoryProtocolHandler.process(Request, ByteChunk, Response, ByteChunk);org.apache.coyote.Request;2;0;1;0.9231;31;10;1;0;1;0.9818;219;17;34
org.apache.catalina.core.StandardHostValve.event(Request, Response, CometEvent);org.apache.catalina.Container;1;2;0;0.8571;149;7;3;2;0;0.9535;34;34;6
org.apache.catalina.session.ManagerBase.expireSession(String);org.apache.catalina.Session;0;0;2;0.9762;489;55;31;1;0;0.9722;32;32;4
org.apache.coyote.http11.Http11NioProcessor.action(ActionCode, Object);org.apache.coyote.http11.Constants;12;1;19;0.8269;954;28;38;0;1;1.0000;0;0;44
org.apache.coyote.http11.AbstractOutputBuffer.sendHeader(String, String);org.apache.coyote.http11.Constants;0;0;0;0;0;0;0;0;0;0;0;0;0
org.apache.catalina.core.StandardContext.createWrapper();org.apache.catalina.Wrapper;0;0;8;0.9776;2385;204;107;1;0;0.9762;32;32;0
org.apache.catalina.core.NamingContextListener.containerEvent(ContainerEvent);org.apache.naming.ContextAccessController;0;15;3;0.5500;745;23;11;2;0;1.0000;25;6;2
org.apache.catalina.connector.Request.removeAttribute(String);org.apache.tomcat.util.res.StringManager;3;1;5;0.9718;1084;128;51;0;0;1.0000;36;3;3
org.apache.catalina.connector.RequestFacade.getAuthType();org.apache.tomcat.util.res.StringManager;1;0;2;0.9865;462;73;2;0;0;1.0000;36;3;3
org.apache.catalina.deploy.NamingResources.getServer();org.apache.catalina.Engine;0;0;0;0;0;0;0;0;0;0;0;0;0
org.apache.tomcat.util.scan.StandardJarScanner.scan(ServletContext, ClassLoader, JarScannerCallback, Set<String>);org.apache.tomcat.util.res.StringManager;2;2;4;0.6667;119;3;6;1;0;0.9091;36;3;3
org.apache.tomcat.util.modeler.modules.MbeansDescriptorsDigesterSource.execute();org.apache.tomcat.util.modeler.Registry;0;1;4;0.8182;77;3;7;2;0;0.9792;446;36;10
org.apache.catalina.ha.session.BackupManager.getActiveSessionsFull();org.apache.catalina.tribes.tipis.AbstractReplicatedMap;0;0;0;1.0000;146;20;7;1;0;0.9848;740;50;17
org.apache.jasper.compiler.Node.ScriptingElement.getText();org.apache.jasper.compiler.Node.Nodes;0;0;0;1.0000;30;2;0;2;0;0.8333;43;5;3
org.apache.catalina.tribes.group.interceptors.NonBlockingCoordinator.getMember(Member);org.apache.catalina.tribes.membership.Membership;0;0;1;0.9796;352;38;14;1;0;0.9524;136;11;6
org.apache.catalina.deploy.NamingResources.addEnvironment(ContextEnvironment);org.apache.catalina.Server;2;4;3;0.8679;332;35;12;1;0;0.9630;15;15;0
org.apache.jasper.runtime.JspRuntimeLibrary.getValueFromPropertyEditorManager(Class<?>, String, String);org.apache.jasper.compiler.Localizer;0;0;0;1.0000;647;45;2;2;0;1.0000;34;6;1
org.apache.catalina.tribes.tipis.AbstractReplicatedMap.messageReceived(Serializable, Member);org.apache.catalina.tribes.tipis.ReplicatedMapEntry;0;2;4;0.9425;740;50;17;4;0;0.8824;10;10;0
org.apache.jasper.compiler.Validator.ValidateVisitor.visit(Node.InvokeAction);org.apache.jasper.compiler.JspUtil;0;0;2;0.9767;710;36;19;2;0;1.0000;693;44;8
org.apache.el.lang.ExpressionBuilder.build();org.apache.el.parser.Node;0;2;1;0.7778;117;7;4;1;0;0.9412;15;15;0
org.apache.catalina.realm.CombinedRealm.getPassword(String);org.apache.tomcat.util.res.StringManager;1;0;2;1.0000;143;12;3;0;0;1.0000;36;3;3
org.apache.coyote.http11.Http11AprProtocol.setSSLVerifyClient(String);org.apache.tomcat.util.net.AprEndpoint;1;0;1;0.9901;387;76;26;0;1;0.9875;629;27;59
org.apache.coyote.ajp.AjpAprProtocol.setMaxThreads(int);org.apache.tomcat.util.net.AbstractEndpoint;0;0;0;0;0;0;0;0;0;0;0;0;0
org.apache.coyote.ajp.AjpAprProcessor.SocketOutputBuffer.doWrite(ByteChunk, Response);org.apache.coyote.ajp.Constants;4;0;0;1.0000;32;1;0;0;4;1.0000;5;1;105
org.apache.jasper.compiler.Generator.GenerateVisitor.printParams(Node, String, boolean);org.apache.jasper.compiler.Node;4;0;1;0.9846;1737;45;16;1;1;0.9355;170;7;15
org.apache.catalina.loader.WebappLoader.backgroundProcess();org.apache.catalina.core.StandardContext;0;2;2;0.9310;548;39;19;1;0;0.9968;2385;204;107
org.apache.catalina.core.ApplicationFilterRegistration.getUrlPatternMappings();org.apache.catalina.Context;0;0;0;0;0;0;0;0;0;0;0;0;0
org.apache.catalina.session.StandardSession.activate();org.apache.catalina.Session;2;3;5;0.9241;558;58;26;0;1;1.0000;32;32;4
org.apache.catalina.mbeans.NamingResourcesMBean.addResourceLink(String, String);org.apache.catalina.mbeans.MBeanUtils;1;0;1;0.9444;138;9;2;1;0;1.0000;853;61;5
org.apache.jasper.runtime.JspRuntimeLibrary.PrivilegedIntrospectHelper.run();org.apache.jasper.runtime.JspRuntimeLibrary;0;0;6;0.1429;12;1;6;1;0;1.0000;647;45;2
org.apache.catalina.valves.CometConnectionManagerValve.lifecycleEvent(LifecycleEvent);org.apache.tomcat.util.res.StringManager;4;0;3;0.8889;146;11;6;0;0;1.0000;36;3;3
org.apache.catalina.connector.Request.parseCookies();org.apache.coyote.Request;2;1;3;0.9780;1084;128;51;0;1;0.9846;219;17;34
org.apache.coyote.ajp.AjpAprProcessor.prepareResponse();org.apache.coyote.ajp.Constants;5;0;4;0.9322;616;13;30;1;1;1.0000;5;1;105
org.apache.tomcat.util.net.NioEndpoint.PollerEvent.run();org.apache.tomcat.util.net.SocketWrapper;0;0;0;0;0;0;0;0;0;0;0;0;0
org.apache.coyote.ajp.AjpAprProcessor.process(long);org.apache.tomcat.jni.Socket;5;4;14;0.7115;616;13;30;3;0;1.0000;37;37;34
org.apache.jasper.compiler.Mark.getURL();org.apache.jasper.JspCompilationContext;0;0;2;0.9130;108;9;11;1;0;0.9841;420;31;31
org.apache.jasper.compiler.Generator.generatePageScopedVariables(JasperTagInfo);org.apache.jasper.compiler.ServletWriter;1;2;2;0.9565;781;28;16;8;0;0.6190;65;13;6
org.apache.tomcat.util.net.NioEndpoint.SocketProcessor.run();org.apache.tomcat.util.net.NioEndpoint;5;0;2;0.9200;91;2;2;1;8;0.9386;629;43;64
org.apache.jasper.compiler.Collector.CollectVisitor.visit(Node.IncludeAction);org.apache.jasper.compiler.Node.JspAttribute;2;0;2;0.9130;114;15;6;0;1;0.9565;107;7;10
org.apache.catalina.connector.Connector.resume();org.apache.juli.logging.Log;1;0;3;0.9785;455;59;40;1;0;0.9524;18;18;0
org.apache.el.parser.AstValue.setValue(EvaluationContext, Object);org.apache.el.util.MessageFactory;0;2;1;0.8333;103;8;1;0;0;1.0000;24;7;1
org.apache.coyote.http11.AbstractHttp11Protocol.setClientAuth(String);org.apache.tomcat.util.net.AbstractEndpoint;0;0;0;0;0;0;0;0;0;0;0;0;0
org.apache.catalina.mbeans.MemoryUserDatabaseMBean.getUsers();org.apache.catalina.UserDatabase;0;1;0;0.9524;168;12;6;1;0;0.9474;16;16;0
org.apache.el.parser.ELParserTokenManager.SwitchTo(int);org.apache.el.parser.TokenMgrError;1;0;1;0.9767;1035;33;25;0;1;1.0000;59;3;5
org.apache.catalina.loader.WebappLoader.setRepositories();org.apache.juli.logging.Log;3;2;5;0.9231;548;39;19;3;0;0.9000;18;18;0
org.apache.tomcat.util.buf.MessageBytes.recycle();org.apache.tomcat.util.buf.ByteChunk;0;0;10;0.7955;402;31;17;1;0;0.9825;425;43;10
org.apache.catalina.manager.HTMLManagerServlet.list(HttpServletRequest, HttpServletResponse, String);org.apache.catalina.Host;2;0;10;1.0000;601;22;14;1;0;0.9706;20;20;2
org.apache.catalina.filters.RemoteIpFilter.doFilter(HttpServletRequest, HttpServletResponse, FilterChain);org.apache.juli.logging.Log;0;0;0;0;0;0;0;0;0;0;0;0;0
org.apache.catalina.connector.RequestFacade.GetSessionPrivilegedAction.run();org.apache.catalina.connector.RequestFacade;1;0;1;0.6667;6;1;1;0;1;0.9868;462;73;2
org.apache.catalina.connector.RequestFacade.GetCharacterEncodingPrivilegedAction.run();org.apache.catalina.connector.Request;1;0;0;1.0000;3;1;0;1;0;0.9943;1084;128;51
org.apache.catalina.core.ApplicationContextFacade.log(String);org.apache.catalina.core.ApplicationContext;0;1;1;0.9600;426;46;3;1;0;0.9828;460;47;13
org.apache.coyote.ajp.AjpProcessor.action(ActionCode, Object);org.apache.coyote.ActionCode;6;3;11;0.7857;570;12;32;0;9;1.0000;6;0;26
org.apache.coyote.http11.Http11NioProtocol.Http11ConnectionHandler.deregister(Http11NioProcessor);org.apache.coyote.Request;4;0;2;0.9048;166;8;6;0;1;0.9839;219;17;34
org.apache.catalina.core.ContainerBase.getDomainInternal();org.apache.catalina.mbeans.MBeanUtils;0;0;0;0;0;0;0;0;0;0;0;0;0
org.apache.catalina.core.StandardContext.listenerStart();org.apache.tomcat.util.res.StringManager;2;3;2;0.9873;2385;204;107;0;0;1.0000;36;3;3
org.apache.tomcat.util.bcel.classfile.CodeException.toString(ConstantPool, boolean);org.apache.tomcat.util.bcel.classfile.ConstantPool;0;0;0;0;0;0;0;0;0;0;0;0;0
org.apache.catalina.core.ApplicationFilterChain.internalDoFilter(ServletRequest, ServletResponse);org.apache.catalina.InstanceEvent;3;0;10;0.7059;225;9;13;0;4;1.0000;89;7;17
org.apache.catalina.connector.CoyoteAdapter.convertMB(MessageBytes);org.apache.tomcat.util.buf.MessageBytes;3;0;0;1.0000;505;11;8;1;4;0.9167;402;31;17
org.apache.catalina.ha.tcp.ReplicationValve.registerReplicationSession(DeltaSession);org.apache.catalina.Manager;1;0;3;0.9730;283;17;17;1;0;0.9750;34;34;0
org.apache.catalina.servlets.WebdavServlet.doDelete(HttpServletRequest, HttpServletResponse);org.apache.catalina.servlets.WebdavStatus;1;2;0;0.9412;1460;29;23;0;2;1.0000;12;2;27
org.apache.catalina.core.ApplicationFilterChain.doFilter(ServletRequest, ServletResponse);org.apache.catalina.Globals;1;1;0;0.9167;225;9;13;0;1;1.0000;0;0;39
org.apache.coyote.ajp.AjpAprProtocol.AjpConnectionHandler.unregister(AjpAprProcessor);org.apache.coyote.RequestInfo;4;0;1;0.9412;86;5;4;1;1;0.9429;134;13;14
org.apache.catalina.authenticator.AuthenticatorBase.invoke(Request, Response);org.apache.catalina.connector.Request;2;1;6;0.9074;286;20;18;6;1;0.9639;1084;128;51
org.apache.jasper.compiler.Validator.ValidateVisitor.visit(Node.UninterpretedTag);org.apache.jasper.compiler.PageInfo;3;1;1;0.9574;710;36;19;0;0;1.0000;319;30;44
org.apache.catalina.core.StandardWrapperValve.invoke(Request, Response);org.apache.catalina.connector.Request;4;1;5;0.8780;341;4;6;6;1;0.9657;1084;128;51
org.apache.catalina.mbeans.NamingResourcesMBean.addEnvironment(String, String, String);org.apache.tomcat.util.modeler.Registry;2;0;1;0.9474;138;9;2;1;0;0.9800;446;36;10
org.apache.naming.ContextBindings.bindClassLoader(Object, Object, ClassLoader);org.apache.naming.ContextAccessController;0;0;4;1.0000;112;21;6;1;0;1.0000;25;6;2
org.apache.coyote.ajp.AjpAprProcessor.action(ActionCode, Object);org.apache.coyote.Request;6;3;13;0.7636;616;13;30;1;5;0.9211;219;17;34
org.apache.catalina.core.ApplicationDispatcher.doForward(ServletRequest, ServletResponse);org.apache.juli.logging.Log;3;4;7;0.7143;419;14;10;2;0;0.9487;18;18;0
org.apache.catalina.loader.WebappLoader.setPermissions();org.apache.catalina.loader.WebappClassLoader;1;0;2;0.9661;548;39;19;3;0;0.9589;1193;44;30
org.apache.catalina.ha.tcp.ReplicationValve.invoke(Request, Response);org.apache.juli.logging.Log;1;3;5;0.8667;283;17;17;4;0;0.8824;18;18;0
org.apache.catalina.ha.authenticator.ClusterSingleSignOnListener.getSession(String, String);org.apache.catalina.ha.authenticator.ClusterSingleSignOn;1;0;1;0.9167;82;4;2;0;1;0.9615;149;16;4
org.apache.catalina.tribes.group.interceptors.TcpFailureDetector.sendMessage(Member[], ChannelMessage, InterceptorPayload);org.apache.catalina.tribes.ChannelException.FaultyMember;1;1;0;0.9600;227;15;10;0;2;0.7778;20;3;2
org.apache.catalina.manager.HTMLManagerServlet.setSessionMaxInactiveInterval(String, String, int);org.apache.catalina.Session;0;1;0;0.9600;601;22;14;1;0;0.9706;32;32;4
org.apache.coyote.http11.Http11AprProcessor.action(ActionCode, Object);org.apache.juli.logging.Log;9;1;18;0.8068;938;28;36;1;0;0.9833;18;18;0
org.apache.tomcat.util.bcel.classfile.ConstantValue.toString();org.apache.tomcat.util.bcel.classfile.ConstantDouble;0;0;0;0;0;0;0;0;0;0;0;0;0
org.apache.coyote.http11.AbstractOutputBuffer.doWrite(ByteChunk, Response);org.apache.coyote.http11.OutputFilter;0;0;0;0;0;0;0;0;0;0;0;0;0
org.apache.jasper.compiler.TagLibraryInfoImpl.createTagFileInfo(TreeNode, JarResource);org.apache.juli.logging.Log;0;0;4;0.8519;523;14;6;2;0;0.9259;18;18;0
org.apache.catalina.authenticator.SingleSignOn.deregister(String, Session);org.apache.catalina.authenticator.SingleSignOnEntry;0;1;2;0.8800;187;18;8;2;0;0.9000;49;9;6
org.apache.catalina.valves.CometConnectionManagerValve.invoke(Request, Response);org.apache.catalina.Valve;1;0;2;0.9000;146;11;6;1;0;0.9167;6;6;0
org.apache.coyote.ajp.AjpAprProcessor.action(ActionCode, Object);org.apache.tomcat.util.net.AprEndpoint.Poller;6;3;13;0.7636;616;13;30;0;0;1.0000;168;4;7
org.apache.jasper.JspCompilationContext.getJspLoader();org.apache.jasper.compiler.JspRuntimeContext;1;1;3;0.9355;420;31;31;0;2;0.9167;174;9;10
org.apache.jasper.compiler.Validator.ValidateVisitor.visit(Node.IncludeAction);org.apache.jasper.compiler.JspUtil;1;1;2;0.9545;710;36;19;1;0;1.0000;693;44;8
org.apache.coyote.http11.AbstractHttp11Protocol.destroy();org.apache.tomcat.util.modeler.Registry;0;0;0;0;0;0;0;0;0;0;0;0;0
org.apache.coyote.http11.AbstractHttp11Protocol.setSessionTimeout(String);org.apache.tomcat.util.net.AbstractEndpoint;0;0;0;0;0;0;0;0;0;0;0;0;0
org.apache.catalina.mbeans.MBeanFactory.getParentContainerFromChild(ObjectName);org.apache.catalina.Service;0;2;0;0.9459;432;35;2;1;0;0.9444;15;15;0
org.apache.catalina.tribes.transport.bio.MultipointBioSender.sendMessage(Member[], ChannelMessage);org.apache.catalina.tribes.ChannelException;1;1;0;0.9286;93;9;2;1;0;0.9231;46;5;2
org.apache.tomcat.util.bcel.classfile.ElementValuePair.getNameString();org.apache.tomcat.util.bcel.classfile.ConstantPool;0;0;0;0;0;0;0;0;0;0;0;0;0
org.apache.el.lang.ExpressionBuilder.createMethodExpression(Class<?>, Class<?>[]);org.apache.el.parser.Node;0;1;3;0.5000;117;7;4;0;0;1.0000;15;15;0
org.apache.jasper.compiler.Generator.GenerateVisitor.visit(Node.IncludeAction);org.apache.jasper.compiler.Node.IncludeAction;5;3;1;0.9429;1737;45;16;0;1;0.9412;15;1;1
org.apache.jasper.runtime.PageContextImpl.getELContext();org.apache.jasper.runtime.JspApplicationContextImpl;0;0;2;0.9630;634;40;16;1;0;0.9091;73;5;6
org.apache.catalina.deploy.WebXml.toXml();org.apache.catalina.deploy.SecurityCollection;10;2;30;0.7787;1446;42;41;4;0;0.9583;105;11;4
org.apache.catalina.connector.OutputBuffer.doFlush(boolean);org.apache.coyote.Response;2;0;5;0.8889;207;25;15;3;1;0.9091;250;19;18
org.apache.catalina.ha.jmx.ClusterJmxHelper.getDefaultClusterName(SimpleTcpCluster);org.apache.catalina.util.LifecycleMBeanBase;0;0;0;0;0;0;0;0;0;0;0;0;0
org.apache.catalina.session.PersistentManagerBase.PrivilegedStoreKeys.run();org.apache.catalina.session.PersistentManagerBase;1;0;0;1.0000;5;1;0;0;1;0.9773;420;33;13
org.apache.catalina.connector.Request.setCharacterEncoding(String);org.apache.coyote.Request;1;0;2;0.9884;1084;128;51;0;1;0.9815;219;17;34
org.apache.jasper.compiler.Validator.ValidateVisitor.visit(Node.JspElement);org.apache.jasper.compiler.Node;3;1;1;0.9592;710;36;19;1;1;0.9429;170;7;15
org.apache.catalina.tribes.transport.ReceiverBase.bind(ServerSocket, int, int);org.apache.juli.logging.Log;0;2;2;0.9623;325;21;33;1;0;0.9500;18;18;0
org.apache.coyote.ajp.AjpAprProtocol.AjpConnectionHandler.asyncDispatch(long, SocketStatus);org.apache.tomcat.util.res.StringManager;0;0;0;0;0;0;0;0;0;0;0;0;0
org.apache.catalina.connector.RequestFacade.GetAttributePrivilegedAction.run();org.apache.catalina.connector.RequestFacade;1;0;0;1.0000;3;1;0;0;1;0.9867;462;73;2
org.apache.catalina.connector.Request.getLocalAddr();org.apache.tomcat.util.buf.MessageBytes;2;0;2;0.9886;1084;128;51;1;0;0.9787;402;31;17
org.apache.catalina.ha.jmx.ClusterJmxHelper.getDefaultClusterName(SimpleTcpCluster);org.apache.catalina.Container;0;1;0;1.0000;82;7;4;1;0;0.9730;34;34;6
org.apache.catalina.core.NamingContextListener.lifecycleEvent(LifecycleEvent);org.apache.catalina.Container;3;2;9;0.7857;745;23;11;1;0;0.9811;34;34;6
org.apache.catalina.core.ApplicationFilterConfig.registerJMX();org.apache.catalina.Container;0;0;0;0;0;0;0;0;0;0;0;0;0
org.apache.catalina.connector.CoyoteAdapter.postParseRequest(org.apache.coyote.Request, Request, org.apache.coyote.Response, Response);org.apache.catalina.connector.Request;11;4;2;0.9571;505;11;8;7;6;0.9417;1084;128;51
org.apache.catalina.mbeans.UserMBean.getRoles();org.apache.catalina.mbeans.MBeanUtils;0;0;1;0.9167;85;6;3;1;0;1.0000;853;61;5
org.apache.tomcat.util.http.fileupload.FileUploadBase.FileItemIteratorImpl.findNextItem();org.apache.tomcat.util.http.fileupload.MultipartStream.ProgressNotifier;0;0;0;0;0;0;0;0;0;0;0;0;0
org.apache.el.lang.ExpressionBuilder.visit(Node);org.apache.el.util.MessageFactory;2;0;2;0.8462;117;7;4;3;0;1.0000;24;7;1
org.apache.el.parser.ELParser.ValueSuffix();org.apache.el.parser.ELParserConstants;1;4;3;0.9474;2195;111;22;0;2;0.9688;0;0;57
org.apache.catalina.connector.ResponseFacade.addDateHeader(String, long);org.apache.catalina.Globals;1;1;1;0.9512;224;40;2;0;1;1.0000;0;0;39
org.apache.jasper.compiler.Parser.parseStandardAction(Node);org.apache.jasper.compiler.ErrorDispatcher;1;9;3;0.8235;1203;56;14;2;0;0.9429;158;22;2
org.apache.jasper.tagplugins.jstl.core.Remove.doTag(TagPluginContext);org.apache.jasper.compiler.tagplugin.TagPluginContext;0;0;0;1.0000;11;1;0;3;0;0.7857;14;14;0
org.apache.coyote.http11.Http11NioProtocol.Http11ConnectionHandler.process(NioChannel);org.apache.tomcat.util.res.StringManager;8;1;3;0.8667;166;8;6;1;0;0.9615;36;3;3
org.apache.coyote.http11.Http11NioProcessor.event(SocketStatus);org.apache.tomcat.util.net.AbstractEndpoint;0;0;0;0;0;0;0;0;0;0;0;0;0
org.apache.coyote.http11.Http11NioProcessor.endRequest();org.apache.coyote.http11.InternalNioOutputBuffer;1;0;6;0.9420;954;28;38;1;0;0.9804;294;26;16
org.apache.coyote.http11.Http11AprProtocol.setSSLCACertificateFile(String);org.apache.tomcat.util.net.AprEndpoint;1;0;1;0.9901;387;76;26;0;1;0.9875;629;27;59
org.apache.catalina.loader.WebappLoader.startInternal();org.apache.catalina.core.ContainerBase;0;0;0;0;0;0;0;0;0;0;0;0;0
org.apache.el.parser.ELParser.Equality();org.apache.el.parser.ELParserConstants;2;3;4;0.9504;2195;111;22;0;4;0.9429;0;0;57
org.apache.catalina.core.StandardService.removeConnector(Connector);org.apache.catalina.connector.Connector;1;0;4;0.9362;313;29;18;0;2;0.9794;455;59;40
org.apache.catalina.authenticator.SingleSignOn.deregister(String);org.apache.catalina.authenticator.SingleSignOnEntry;0;0;2;0.9333;187;18;8;1;0;0.9600;49;9;6
org.apache.tomcat.util.http.mapper.Mapper.nthSlash(CharChunk, int);org.apache.tomcat.util.buf.CharChunk;1;0;0;1.0000;816;39;4;0;3;0.9375;393;39;8
org.apache.catalina.startup.HostConfig.deployDescriptor(String, File, String);org.apache.catalina.Lifecycle;1;3;6;0.9048;755;35;15;1;0;0.9643;5;5;9
org.apache.catalina.core.ContainerBase.setLoader(Loader);org.apache.catalina.Loader;0;0;4;0.9674;603;62;29;1;0;0.9500;14;14;0
org.apache.coyote.http11.Http11AprProcessor.endRequest();org.apache.coyote.Adapter;1;0;6;0.9403;938;28;36;0;0;1.0000;2;2;0
org.apache.tomcat.util.http.fileupload.FileUploadBase.getFileName(String);org.apache.tomcat.util.http.fileupload.ParameterParser;0;0;0;0;0;0;0;0;0;0;0;0;0
org.apache.coyote.http11.Http11NioProcessor.action(ActionCode, Object);org.apache.juli.logging.Log;12;1;19;0.8269;954;28;38;1;0;0.9867;18;18;0
org.apache.catalina.core.StandardContext.getDeploymentDescriptor();org.apache.catalina.startup.Constants;1;1;0;0.9968;2385;204;107;0;1;1.0000;0;0;45
org.apache.juli.logging.LogFactory.release();org.apache.juli.logging.DirectJDKLog;0;0;0;1.0000;50;12;6;1;0;1.0000;81;21;3
org.apache.coyote.http11.Http11AprProtocol.getSSLCACertificatePath();org.apache.tomcat.util.net.AprEndpoint;1;0;1;0.9901;387;76;26;0;1;0.9875;629;27;59
org.apache.el.parser.ELParser.Function();org.apache.el.parser.ELParserConstants;4;4;4;0.9481;2195;111;22;0;15;0.7945;0;0;57
org.apache.catalina.startup.WebAnnotationSet.loadApplicationListenerAnnotations(Context);org.apache.catalina.Context;0;1;0;1.0000;125;6;0;1;0;0.9920;125;125;1
org.apache.jasper.tagplugins.jstl.core.If.doTag(TagPluginContext);org.apache.jasper.compiler.tagplugin.TagPluginContext;0;0;0;1.0000;27;1;0;6;0;0.5714;14;14;0
org.apache.coyote.http11.AbstractHttp11Protocol.getSslProtocol();org.apache.tomcat.util.net.AbstractEndpoint;0;0;0;0;0;0;0;0;0;0;0;0;0
org.apache.catalina.core.StandardHostValve.custom(Request, Response, ErrorPage);org.apache.catalina.connector.Response;0;0;0;1.0000;149;7;3;3;0;0.9694;578;70;19
org.apache.catalina.tribes.membership.MemberImpl.isFailing();org.apache.catalina.tribes.transport.SenderState;0;0;0;1.0000;300;29;19;2;0;0.8750;45;9;5
org.apache.catalina.connector.Request.setPathInfo(String);org.apache.tomcat.util.http.mapper.MappingData;1;0;1;0.9943;1084;128;51;0;1;0.9167;11;1;9
org.apache.catalina.session.ManagerBase.getThisAccessedTimestamp(String);org.apache.catalina.Session;0;0;1;0.9878;489;55;31;1;0;0.9697;32;32;4
org.apache.catalina.ha.ClusterListener.setCluster(CatalinaCluster);org.apache.juli.logging.Log;0;0;2;0.9091;27;7;3;2;0;0.8947;18;18;0
org.apache.catalina.ha.session.SimpleTcpReplicationManager.setCluster(CatalinaCluster);org.apache.juli.logging.Log;0;0;2;0.9714;362;17;17;2;0;0.8947;18;18;0
org.apache.catalina.connector.Connector.stopInternal();org.apache.catalina.connector.MapperListener;0;0;0;0;0;0;0;0;0;0;0;0;0
org.apache.catalina.mbeans.ServerLifecycleListener.destroyMBeans(Engine);org.apache.juli.logging.Log;0;1;1;0.9730;569;32;2;2;0;0.9091;18;18;0
org.apache.catalina.loader.WebappClassLoader.findResourceInternal(String, String);org.apache.naming.resources.Resource;2;4;17;0.7625;1193;44;30;1;0;0.9714;23;1;2
org.apache.coyote.http11.Http11NioProcessor.action(ActionCode, Object);org.apache.coyote.http11.AbstractOutputBuffer;0;0;0;0;0;0;0;0;0;0;0;0;0
org.apache.el.parser.ELParser.getToken(int);org.apache.el.parser.Token;1;0;2;0.9850;2195;111;22;0;1;0.9333;24;3;8
org.apache.tomcat.util.bcel.classfile.AnnotationEntry.read(DataInputStream, ConstantPool, boolean);org.apache.tomcat.util.bcel.classfile.ElementValue;0;0;0;0;0;0;0;0;0;0;0;0;0
org.apache.catalina.connector.RequestFacade.getPathTranslated();org.apache.catalina.connector.Request;1;0;2;0.9865;462;73;2;1;0;0.9943;1084;128;51
org.apache.el.ExpressionFactoryImpl.createMethodExpression(ELContext, String, Class<?>, Class<?>[]);org.apache.el.lang.ExpressionBuilder;0;0;0;1.0000;26;4;0;1;0;0.8889;117;7;4
org.apache.catalina.mbeans.MBeanUtils.createObjectName(String, Realm);org.apache.catalina.Realm;0;0;0;1.0000;853;61;5;1;0;0.9444;14;14;0
org.apache.catalina.loader.WebappClassLoader.clearReferencesJdbc();org.apache.juli.logging.Log;0;0;0;0;0;0;0;0;0;0;0;0;0
org.apache.jasper.compiler.PageDataImpl.SecondPassVisitor.visit(Node.ELExpression);org.apache.jasper.compiler.Node;3;0;3;0.9400;307;41;6;1;1;0.9355;170;7;15
org.apache.coyote.http11.Http11AprProcessor.asyncDispatch(long, SocketStatus);org.apache.coyote.Adapter;0;0;0;0;0;0;0;0;0;0;0;0;0
org.apache.catalina.authenticator.SSLAuthenticator.authenticate(Request, HttpServletResponse, LoginConfig);org.apache.catalina.connector.Request;4;0;0;1.0000;37;4;1;5;0;0.9727;1084;128;51
org.apache.coyote.ajp.AjpAprProcessor.flush();org.apache.tomcat.util.res.StringManager;0;0;3;0.9487;616;13;30;1;0;0.8571;36;3;3
org.apache.catalina.authenticator.FormAuthenticator.restoreRequest(Request, Session);org.apache.coyote.ActionCode;3;0;0;1.0000;232;8;3;0;1;1.0000;6;0;26
org.apache.el.MethodExpressionImpl.getMethodInfo(ELContext);org.apache.el.parser.Node;0;1;3;0.7500;56;8;6;1;0;0.9474;15;15;0
org.apache.catalina.connector.Request.isProcessing();org.apache.coyote.Request;0;0;0;0;0;0;0;0;0;0;0;0;0
org.apache.catalina.mbeans.UserMBean.getRoles();org.apache.tomcat.util.modeler.ManagedBean;0;0;1;0.9167;85;6;3;1;0;0.9730;252;23;13
org.apache.catalina.tribes.tipis.AbstractReplicatedMap.MapMessage.setValue(Serializable);org.apache.catalina.tribes.io.XByteBuffer;0;0;2;0.9130;159;12;20;1;0;1.0000;317;36;7
org.apache.catalina.realm.RealmBase.hasRole(Principal, String);org.apache.catalina.realm.GenericPrincipal;1;0;2;1.0000;688;39;24;2;0;0.8824;56;7;5
org.apache.catalina.startup.TaglibLocationRule.begin(String, String, Attributes);org.apache.catalina.deploy.WebXml;0;0;0;0;0;0;0;0;0;0;0;0;0
org.apache.catalina.authenticator.FormAuthenticator.restoreRequest(Request, Session);org.apache.catalina.connector.Connector;3;0;0;1.0000;232;8;3;1;0;0.9917;455;59;40
org.apache.jasper.JspCompilationContext.load();org.apache.jasper.compiler.Localizer;0;2;3;0.9167;420;31;31;1;0;1.0000;34;6;1
org.apache.catalina.core.AprLifecycleListener.lifecycleEvent(LifecycleEvent);org.apache.catalina.Lifecycle;2;3;3;0.7500;127;6;10;0;2;1.0000;5;5;9
org.apache.coyote.http11.Http11AprProtocol.getSSLPassword();org.apache.tomcat.util.net.AprEndpoint;1;0;1;0.9901;387;76;26;0;1;0.9875;629;27;59
org.apache.catalina.core.StandardWrapper.isSingleThreadModel();org.apache.tomcat.util.ExceptionUtils;0;0;0;0;0;0;0;0;0;0;0;0;0
org.apache.catalina.tribes.group.interceptors.NonBlockingCoordinator.CoordinationMessage.write();org.apache.catalina.tribes.UniqueId;2;0;6;0.7143;90;8;7;0;1;0.9375;32;3;1
org.apache.jasper.JspCompilationContext.createCompiler(String);org.apache.juli.logging.Log;0;0;1;0.9841;420;31;31;3;0;0.8421;18;18;0
org.apache.jasper.compiler.TextOptimizer.TextCatVisitor.visit(Node.TemplateText);org.apache.jasper.compiler.Node;3;0;6;0.6842;41;9;6;0;1;0.9722;170;7;15
org.apache.tomcat.util.net.NioSelectorPool.read(ByteBuffer, NioChannel, Selector, long, boolean);org.apache.tomcat.util.net.NioChannel;1;0;2;0.9524;182;9;12;1;1;0.9091;83;15;5
org.apache.coyote.http11.Http11Protocol.Http11ConnectionHandler.process(SocketWrapper<Socket>, SocketStatus);org.apache.coyote.ActionCode;0;0;0;0;0;0;0;0;0;0;0;0;0
org.apache.catalina.core.StandardWrapperValve.event(Request, Response, CometEvent);org.apache.catalina.core.StandardWrapper;3;1;4;0.8667;341;4;6;7;0;0.9508;712;75;32
org.apache.naming.resources.ProxyDirContext.lookup(Name);org.apache.naming.resources.CacheEntry;1;2;2;0.9500;469;64;15;0;3;0.7857;13;2;8
org.apache.catalina.connector.CoyoteReader.read(char[]);org.apache.catalina.connector.InputBuffer;0;0;1;0.9333;102;12;4;1;0;0.9722;210;19;17
org.apache.catalina.mbeans.MBeanUtils.destroyMBean(Group);org.apache.tomcat.util.modeler.Registry;0;2;2;1.0000;853;61;5;1;0;0.9767;446;36;10
org.apache.jasper.compiler.TagFileProcessor.loadTagFile(Compiler, String, TagInfo, PageInfo);org.apache.jasper.runtime.JspSourceDependent;3;0;1;0.9583;96;5;1;1;0;0.9545;1;1;0
org.apache.el.parser.ELParser.Unary();org.apache.el.parser.JJTELParserState;2;4;4;0.9533;2195;111;22;4;0;0.8947;74;10;5
org.apache.naming.NamingContext.listBindings(Name);org.apache.naming.NamingEntry;1;0;2;0.9512;282;32;6;0;3;0.8000;16;2;7
org.apache.catalina.startup.SetContextPropertiesRule.begin(String, String, Attributes);org.apache.tomcat.util.digester.Digester;2;0;0;1.0000;15;1;0;3;2;0.9630;849;103;29
org.apache.coyote.http11.Http11Protocol.Http11ConnectionHandler.register(Http11Processor);org.apache.coyote.RequestInfo;4;0;3;0.8235;91;4;4;1;1;0.9474;134;13;14
org.apache.catalina.core.ApplicationFilterFactory.createFilterChain(ServletRequest, Wrapper, Servlet);org.apache.catalina.deploy.FilterMap;3;3;2;0.8333;183;6;11;1;0;0.9655;174;8;22
org.apache.catalina.session.FileStore.load(String);org.apache.catalina.Loader;2;2;0;0.9200;186;13;6;1;0;0.9615;14;14;0
org.apache.jasper.compiler.Dumper.DumpVisitor.visit(Node.CustomTag);org.apache.jasper.compiler.Node;1;3;0;0.8966;122;27;1;0;2;0.9333;170;7;15
org.apache.catalina.connector.RequestFacade.getHeaders(String);org.apache.catalina.connector.Request;2;0;2;0.9865;462;73;2;1;0;0.9943;1084;128;51
org.apache.coyote.ajp.AjpProcessor.action(ActionCode, Object);org.apache.tomcat.util.net.JIoEndpoint;6;3;11;0.7857;570;12;32;0;0;1.0000;312;23;26
org.apache.catalina.core.ApplicationContextFacade.getMinorVersion();org.apache.catalina.core.ApplicationContext;0;0;1;0.9800;426;46;3;1;0;0.9825;460;47;13
org.apache.catalina.session.JDBCStore.remove(String);org.apache.juli.logging.Log;1;5;5;0.8361;495;34;23;3;0;0.9063;18;18;0
org.apache.jasper.compiler.Generator.GenerateVisitor.visit(Node.UninterpretedTag);org.apache.jasper.compiler.Node.UninterpretedTag;5;0;2;0.9863;1737;45;16;0;1;0.9375;12;1;1
org.apache.tomcat.util.net.NioEndpoint.Poller.events();org.apache.tomcat.util.net.NioEndpoint;1;0;1;0.9600;395;15;7;0;2;0.9901;629;43;64
org.apache.catalina.mbeans.MBeanUtils.createObjectName(String, ContextResource);org.apache.catalina.Context;1;0;0;1.0000;853;61;5;1;0;0.9924;125;125;1
org.apache.coyote.http11.Http11Processor.action(ActionCode, Object);org.apache.coyote.ActionCode;6;1;18;0.8068;847;26;37;0;17;1.0000;6;0;26
org.apache.coyote.ajp.AjpProcessor.process(SocketWrapper<Socket>);org.apache.coyote.RequestInfo;0;0;0;0;0;0;0;0;0;0;0;0;0
org.apache.catalina.mbeans.ServerLifecycleListener.createMBeans(Context);org.apache.catalina.Container;1;1;1;0.9773;569;32;2;5;0;0.8810;34;34;6
org.apache.catalina.tribes.membership.McastServiceImpl.memberDataReceived(byte[]);org.apache.juli.logging.Log;2;0;3;0.9545;308;12;27;4;0;0.8261;18;18;0
org.apache.catalina.startup.HostConfig.lifecycleEvent(LifecycleEvent);org.apache.catalina.Lifecycle;3;3;7;0.8462;755;35;15;0;3;1.0000;5;5;9
org.apache.naming.NamingContextBindingsEnumeration.nextElementInternal();org.apache.naming.NamingEntry;1;0;2;0.8182;40;6;2;0;5;0.6250;16;2;7
org.apache.catalina.mbeans.MBeanFactory.createStandardContext(String, String, String, boolean, boolean, boolean, boolean);org.apache.catalina.core.StandardContext;2;3;2;0.9388;432;35;2;2;6;0.9748;2385;204;107
org.apache.catalina.mbeans.NamingResourcesMBean.addEnvironment(String, String, String);org.apache.catalina.deploy.NamingResources;2;0;1;0.9474;138;9;2;2;0;0.9636;332;35;12
org.apache.catalina.core.StandardContext.addConstraint(SecurityConstraint);org.apache.catalina.deploy.SecurityConstraint;1;2;2;0.9871;2385;204;107;1;0;0.9643;146;16;6
org.apache.coyote.RequestInfo.getVirtualHost();org.apache.tomcat.util.buf.MessageBytes;1;0;1;0.9643;134;13;14;1;0;0.9778;402;31;17
org.apache.coyote.RequestGroupInfo.getBytesSent();org.apache.coyote.RequestInfo;1;0;2;0.9091;112;15;7;0;1;0.9655;134;13;14
org.apache.catalina.connector.RequestFacade.getContextPath();org.apache.catalina.connector.Request;1;0;2;0.9865;462;73;2;1;0;0.9943;1084;128;51
org.apache.catalina.connector.Connector.startInternal();org.apache.coyote.ProtocolHandler;0;0;0;0;0;0;0;0;0;0;0;0;0
org.apache.catalina.connector.Response.setContentLength(int);org.apache.coyote.Response;1;1;3;0.9545;578;70;19;0;1;0.9756;250;19;18
org.apache.coyote.http11.InternalAprInputBuffer.SocketInputBuffer.doRead(ByteChunk, Request);org.apache.tomcat.util.buf.ByteChunk;1;0;0;1.0000;9;1;0;1;0;0.9804;425;43;10
org.apache.catalina.mbeans.ConnectorMBean.getAttribute(String);org.apache.tomcat.util.IntrospectionUtils;0;0;0;1.0000;34;2;0;1;0;1.0000;602;31;5
org.apache.catalina.valves.ErrorReportValve.report(Request, Response, Throwable);org.apache.catalina.Container;2;1;1;0.9231;129;4;2;1;0;0.9773;34;34;6
org.apache.catalina.session.ManagerBase.getObjectNameKeyProperties();org.apache.catalina.Context;0;0;0;0;0;0;0;0;0;0;0;0;0
org.apache.jasper.runtime.JspContextWrapper.findAttribute(String);org.apache.jasper.compiler.Localizer;0;1;2;0.9333;257;38;7;1;0;1.0000;34;6;1
org.apache.catalina.connector.RequestFacade.getRemoteAddr();org.apache.tomcat.util.res.StringManager;1;0;2;0.9865;462;73;2;0;0;1.0000;36;3;3
org.apache.catalina.tribes.membership.McastServiceImpl.getServiceStartTime();org.apache.catalina.tribes.membership.MemberImpl;1;0;1;0.9737;308;12;27;0;1;0.9750;300;29;19
org.apache.catalina.core.ApplicationDispatcher.invoke(ServletRequest, ServletResponse, State);org.apache.catalina.core.ApplicationFilterChain;3;3;4;0.8462;419;14;10;2;0;0.9412;225;9;13
org.apache.catalina.tribes.group.interceptors.ThroughputInterceptor.report(double);org.apache.juli.logging.Log;0;0;9;0.5294;88;3;14;2;0;0.9231;18;18;0
org.apache.catalina.manager.ManagerServlet.list(PrintWriter);org.apache.catalina.Host;1;0;3;0.9600;913;34;13;1;0;0.9643;20;20;2
org.apache.catalina.tribes.group.ChannelInterceptorBase.sendMessage(Member[], ChannelMessage, InterceptorPayload);org.apache.catalina.tribes.ChannelInterceptor;0;0;1;0.9444;66;14;4;1;0;0.9412;16;16;0
org.apache.catalina.session.PersistentManagerBase.writeSession(Session);org.apache.catalina.Session;1;0;2;0.9783;420;33;13;2;0;0.9429;32;32;4
org.apache.naming.resources.FileDirContext.setDocBase(String);org.apache.naming.StringManager;0;0;2;0.9412;229;25;6;2;0;0.8333;65;7;2
org.apache.catalina.startup.TldConfig.addApplicationListener(String);org.apache.juli.logging.Log;0;0;2;0.9444;321;14;11;1;0;0.9474;18;18;0
org.apache.coyote.ajp.AjpAprProtocol.getAttribute(String);org.apache.juli.logging.Log;1;0;3;0.9818;219;40;15;2;0;0.8947;18;18;0
org.apache.catalina.startup.Catalina.initDirs();org.apache.juli.logging.Log;0;0;0;0;0;0;0;0;0;0;0;0;0
org.apache.coyote.ajp.AjpAprProtocol.init();org.apache.tomcat.util.net.AprEndpoint;2;1;4;0.9508;219;40;15;1;3;0.9535;629;27;59
org.apache.coyote.http11.InternalNioInputBuffer.readSocket(boolean, boolean);org.apache.tomcat.util.net.NioSelectorPool;2;1;6;0.8723;457;16;24;3;0;0.9000;182;9;12
org.apache.jasper.compiler.Validator.ValidateVisitor.isExpression(Node, String, boolean);org.apache.jasper.compiler.Node;3;0;1;0.9787;710;36;19;1;0;0.9697;170;7;15
org.apache.jasper.compiler.TldLocationsCache.TldJarScannerCallback.scan(JarURLConnection);org.apache.jasper.compiler.TldLocationsCache;0;0;0;0;0;0;0;0;0;0;0;0;0
org.apache.catalina.session.PersistentManagerBase.PrivilegedStoreRemove.run();org.apache.catalina.Store;1;0;1;0.6667;7;1;1;1;0;0.9231;11;11;0
org.apache.tomcat.util.bcel.classfile.ConstantValue.toString();org.apache.tomcat.util.bcel.classfile.ConstantUtf8;0;0;0;0;0;0;0;0;0;0;0;0;0
org.apache.jasper.compiler.Validator.ValidateVisitor.visit(Node.Expression);org.apache.jasper.compiler.PageInfo;1;0;2;0.9545;710;36;19;0;1;0.9873;319;30;44
org.apache.jasper.compiler.Generator.GenerateVisitor.evaluateAttribute(TagHandlerInfo, Node.JspAttribute, Node.CustomTag, String);org.apache.jasper.compiler.Generator.TagHandlerInfo;5;3;2;0.9518;1737;45;16;2;0;0.9355;27;2;3
org.apache.catalina.tribes.tipis.AbstractReplicatedMap.get(Object);org.apache.catalina.tribes.Channel;3;2;8;0.8902;740;50;17;2;1;0.9500;15;15;13
org.apache.catalina.tribes.tipis.LazyReplicatedMap.publishEntryInfo(Object, Object);org.apache.catalina.tribes.tipis.AbstractReplicatedMap.MapMessage;1;0;1;1.0000;54;2;1;0;2;1.0000;159;12;20
org.apache.coyote.http11.AbstractOutputBuffer.write(CharChunk);org.apache.tomcat.util.buf.CharChunk;0;0;0;0;0;0;0;0;0;0;0;0;0
org.apache.jasper.compiler.TagLibraryInfoImpl.createTagInfo(TreeNode, String);org.apache.jasper.compiler.JspUtil;0;2;3;0.8214;523;14;6;1;0;1.0000;693;44;8
org.apache.catalina.core.ApplicationServletRegistration.addMapping(String);org.apache.catalina.Context;0;0;0;0;0;0;0;0;0;0;0;0;0
org.apache.catalina.startup.ContextConfig.processAnnotationsJndi(URL, WebXml);org.apache.naming.resources.DirContextURLConnection;0;0;0;0;0;0;0;0;0;0;0;0;0
org.apache.catalina.connector.MapperListener.registerContext(Context);org.apache.catalina.Container;0;0;0;0;0;0;0;0;0;0;0;0;0
org.apache.catalina.ha.session.JvmRouteSessionIDBinderListener.messageReceived(ClusterMessage);org.apache.catalina.Manager;3;0;0;1.0000;54;5;3;1;0;0.9808;34;34;0
org.apache.catalina.connector.CoyoteInputStream.read();org.apache.catalina.connector.InputBuffer;0;0;1;0.8889;141;8;1;1;0;0.9722;210;19;17
org.apache.jasper.compiler.Compiler.generateJava();org.apache.jasper.compiler.ParserController;12;1;7;0.8298;285;11;8;2;0;0.9672;284;13;13
org.apache.coyote.http11.Http11NioProcessor.parseHost(MessageBytes);org.apache.tomcat.util.buf.ByteChunk;6;0;6;0.9189;954;28;38;2;1;0.9500;425;43;10
org.apache.catalina.mbeans.GroupMBean.getRoles();org.apache.catalina.mbeans.MBeanUtils;0;0;1;0.9000;63;4;3;1;0;1.0000;853;61;5
org.apache.coyote.ajp.AjpAprProtocol.resume();org.apache.juli.logging.Log;1;1;3;0.9655;219;40;15;3;0;0.8636;18;18;0
org.apache.coyote.ajp.AjpMessage.appendString(String);org.apache.juli.logging.Log;0;2;2;0.9231;235;23;5;1;0;0.9524;18;18;0
org.apache.catalina.connector.RequestFacade.getRequestDispatcher(String);org.apache.catalina.connector.Request;2;0;2;0.9865;462;73;2;1;0;0.9943;1084;128;51
org.apache.coyote.http11.Http11AprProtocol.Http11ConnectionHandler.event(long, SocketStatus);org.apache.tomcat.util.net.AbstractEndpoint.Handler;0;0;0;0;0;0;0;0;0;0;0;0;0
org.apache.tomcat.util.bcel.classfile.Method.toString();org.apache.tomcat.util.bcel.classfile.Attribute;0;0;0;0;0;0;0;0;0;0;0;0;0
org.apache.tomcat.util.digester.Digester.pushParams(Object);org.apache.juli.logging.Log;1;0;2;0.9851;849;103;29;2;0;0.9000;18;18;0
org.apache.catalina.connector.Request.doGetSession(boolean);org.apache.catalina.core.ApplicationSessionCookieConfig;0;0;0;0;0;0;0;0;0;0;0;0;0
org.apache.catalina.core.ApplicationContext.getRequestDispatcher(String);org.apache.tomcat.util.http.mapper.Mapper;3;1;3;0.9565;460;47;13;1;0;0.9783;816;39;4
org.apache.jasper.compiler.JspDocumentParser.getTaglibInfo(String, String);org.apache.jasper.Options;2;0;4;0.9130;649;28;20;2;0;0.9412;28;28;0
org.apache.catalina.core.ApplicationContextFacade.getEffectiveSessionTrackingModes();org.apache.catalina.core.ApplicationContext;0;1;1;0.9600;426;46;3;1;0;0.9828;460;47;13
org.apache.catalina.tribes.transport.nio.NioReplicationTask.cancelKey(SelectionKey);org.apache.juli.logging.Log;1;0;2;0.9375;197;7;5;2;0;0.9091;18;18;0
org.apache.catalina.mbeans.MBeanFactory.createMemoryRealm(String);org.apache.catalina.core.ContainerBase;1;1;0;0.9730;432;35;2;1;0;0.9890;603;62;29
org.apache.catalina.core.StandardContext.reload();org.apache.juli.logging.Log;1;2;2;0.9904;2385;204;107;3;0;0.8696;18;18;0
org.apache.jasper.compiler.Validator.DirectiveVisitor.comparePageEncodings(String, Node.PageDirective);org.apache.jasper.compiler.Node.Root;1;0;1;0.9412;214;7;4;0;5;0.6429;56;2;8
org.apache.jasper.compiler.Validator.ValidateVisitor.visit(Node.ParamAction);org.apache.jasper.compiler.Node.ParamAction;1;2;2;0.9318;710;36;19;0;1;0.8889;15;1;1
org.apache.catalina.loader.WebappClassLoader.findResourceInternal(String, String);org.apache.juli.logging.Log;2;4;17;0.7625;1193;44;30;2;0;0.9565;18;18;0
org.apache.catalina.mbeans.MBeanUtils.destroyMBean(ContextResourceLink);org.apache.tomcat.util.modeler.Registry;0;2;2;1.0000;853;61;5;1;0;0.9767;446;36;10
org.apache.catalina.mbeans.MBeanUtils.createObjectName(String, Group);org.apache.catalina.Group;0;0;0;1.0000;853;61;5;2;0;0.8333;11;11;0
org.apache.catalina.manager.HTMLManagerServlet.getSessionsForPath(String);org.apache.catalina.util.RequestUtil;1;0;0;1.0000;601;22;14;1;0;1.0000;183;13;1
org.apache.tomcat.util.http.Cookies.processCookies(MimeHeaders);org.apache.tomcat.util.http.MimeHeaders;3;2;1;0.9130;269;16;9;2;0;0.9333;129;18;3
org.apache.catalina.startup.TldConfig.lifecycleEvent(LifecycleEvent);org.apache.catalina.Context;2;2;3;0.8571;321;14;11;1;0;0.9924;125;125;1
org.apache.catalina.core.StandardWrapper.load();org.apache.tomcat.util.modeler.Registry;0;1;1;0.9802;712;75;32;0;0;1.0000;446;36;10
org.apache.tomcat.util.bcel.classfile.Code.dump(DataOutputStream);org.apache.tomcat.util.bcel.classfile.CodeException;0;0;0;0;0;0;0;0;0;0;0;0;0
org.apache.naming.resources.ProxyDirContext.getAttributes(String);org.apache.naming.resources.CacheEntry;1;2;2;0.9494;469;64;15;0;2;0.8571;13;2;8
org.apache.catalina.core.StandardHost.addChild(Container);org.apache.tomcat.util.res.StringManager;1;0;0;1.0000;289;35;18;0;0;1.0000;36;3;3
org.apache.coyote.http11.filters.ChunkedInputFilter.doRead(ByteChunk, Request);org.apache.tomcat.util.buf.ByteChunk;0;4;6;0.4118;128;9;10;1;0;0.9825;425;43;10
org.apache.jasper.compiler.Generator.FragmentHelperClass.generatePostamble();org.apache.jasper.compiler.ServletWriter;2;0;2;0.8889;132;6;4;4;1;0.7826;65;13;6
org.apache.catalina.startup.HostConfig.configBase();org.apache.catalina.Host;0;1;2;0.9388;755;35;15;2;0;0.9200;20;20;2
org.apache.tomcat.util.bcel.classfile.Attribute.getName();org.apache.tomcat.util.bcel.classfile.ConstantUtf8;0;0;0;0;0;0;0;0;0;0;0;0;0
org.apache.coyote.http11.Http11AprProtocol.Http11ConnectionHandler.asyncDispatch(long, SocketStatus);org.apache.juli.logging.Log;0;0;0;0;0;0;0;0;0;0;0;0;0
org.apache.catalina.connector.Request.recycle();org.apache.catalina.connector.InputBuffer;3;0;36;0.8011;1084;128;51;1;0;0.9873;210;19;17
org.apache.jasper.compiler.DefaultErrorHandler.javacError(JavacErrorDetail[]);org.apache.jasper.compiler.Localizer;1;0;0;1.0000;36;4;0;2;0;1.0000;34;6;1
org.apache.tomcat.util.buf.MessageBytes.getLong();org.apache.tomcat.util.buf.ByteChunk;0;1;5;0.8837;402;31;17;1;0;0.9808;425;43;10
org.apache.catalina.authenticator.AuthenticatorBase.reauthenticateFromSSO(String, Request);org.apache.catalina.Container;0;2;2;0.9211;286;20;18;1;0;0.9767;34;34;6
org.apache.catalina.startup.ContextConfig.antiLocking();org.apache.catalina.Context;0;0;4;0.9459;779;23;16;3;0;0.9773;125;125;1
org.apache.catalina.realm.RealmBase.hasResourcePermission(Request, Response, SecurityConstraint[], Context);org.apache.tomcat.util.res.StringManager;2;1;3;0.9714;688;39;24;0;0;1.0000;36;3;3
org.apache.naming.factory.ResourceLinkFactory.getObjectInstance(Object, Name, Context, Hashtable<?,?>);org.apache.naming.ResourceLinkRef;1;0;1;1.0000;17;2;1;0;1;1.0000;26;1;2
org.apache.catalina.mbeans.UserMBean.getGroups();org.apache.tomcat.util.modeler.ManagedBean;0;0;1;0.9167;85;6;3;1;0;0.9730;252;23;13
org.apache.jasper.compiler.ELFunctionMapper.ELFunctionVisitor.Fvisitor.visit(ELNode.Function);org.apache.jasper.compiler.ELNode.Function;2;0;0;1.0000;7;1;2;0;2;0.7500;37;1;6
org.apache.coyote.ajp.AjpAprProtocol.setExecutor(Executor);org.apache.tomcat.util.net.AbstractEndpoint;0;0;0;0;0;0;0;0;0;0;0;0;0
org.apache.jasper.compiler.Parser.parseJspBody(Node, String);org.apache.jasper.compiler.JspReader;0;1;2;0.9559;1203;56;14;3;0;0.9250;322;25;9
org.apache.tomcat.util.buf.MessageBytes.startsWith(String);org.apache.tomcat.util.buf.CharChunk;0;0;7;0.9091;402;31;17;1;0;0.9811;393;39;8
org.apache.catalina.startup.ExpandWar.delete(File, boolean);org.apache.juli.logging.Log;0;0;0;0;0;0;0;0;0;0;0;0;0
org.apache.catalina.core.ApplicationContext.log(String, Throwable);org.apache.juli.logging.Log;0;0;1;0.9825;460;47;13;1;0;0.9500;18;18;0
org.apache.catalina.core.NamingContextListener.addResourceLink(ContextResourceLink);org.apache.juli.logging.Log;3;0;5;0.9250;745;23;11;3;0;0.8889;18;18;0
org.apache.coyote.http11.Http11NioProcessor.asyncDispatch(SocketStatus);org.apache.tomcat.util.net.SocketWrapper;0;0;0;0;0;0;0;0;0;0;0;0;0
org.apache.coyote.http11.Http11NioProcessor.action(ActionCode, Object);org.apache.tomcat.util.net.NioEndpoint;12;1;19;0.8269;954;28;38;0;1;1.0000;629;43;64
org.apache.catalina.servlets.DefaultServlet.doPut(HttpServletRequest, HttpServletResponse);org.apache.naming.resources.ProxyDirContext;0;3;2;0.9020;994;37;18;3;0;0.9639;469;64;15
org.apache.catalina.startup.ContextConfig.destroy();org.apache.catalina.startup.ExpandWar;1;0;3;0.9688;779;23;16;1;0;1.0000;183;6;2
org.apache.catalina.ha.session.ClusterSessionListener.messageReceived(ClusterMessage);org.apache.catalina.ha.session.SessionMessage;0;0;0;1.0000;32;3;1;1;0;0.9167;5;5;7
org.apache.jasper.compiler.Parser.parseEmptyBody(Node, String);org.apache.jasper.compiler.JspReader;0;1;2;0.9565;1203;56;14;4;0;0.9000;322;25;9
org.apache.catalina.servlets.CGIServlet.CGIRunner.run();org.apache.catalina.servlets.CGIServlet;1;3;7;0.4118;240;8;7;0;2;0.8889;195;5;6
org.apache.catalina.ha.backend.HeartbeatListener.lifecycleEvent(LifecycleEvent);org.apache.catalina.Lifecycle;2;0;6;0.7222;81;2;10;0;1;1.0000;5;5;9
org.apache.coyote.http11.Http11Processor.parseHost(MessageBytes);org.apache.tomcat.util.buf.MessageBytes;5;0;6;0.9143;847;26;37;3;1;0.9273;402;31;17
org.apache.jasper.runtime.JspRuntimeLibrary.internalIntrospecthelper(Object, String, String, ServletRequest, String, boolean);org.apache.jasper.compiler.Localizer;0;2;0;1.0000;647;45;2;3;0;1.0000;34;6;1
org.apache.jasper.xmlparser.XMLEncodingDetector.scanName();org.apache.jasper.xmlparser.XMLChar;0;1;7;0.8298;798;23;29;2;0;1.0000;115;21;9
org.apache.catalina.core.StandardService.removeExecutor(Executor);org.apache.catalina.Lifecycle;0;0;3;0.9556;313;29;18;1;0;0.8750;5;5;9
org.apache.catalina.core.StandardContext.addWelcomeFile(String);org.apache.catalina.Context;0;2;3;0.9838;2385;204;107;0;0;1.0000;125;125;1
org.apache.catalina.core.ApplicationContextFacade.getNamedDispatcher(String);org.apache.catalina.security.SecurityUtil;0;1;1;0.9600;426;46;3;1;0;1.0000;146;11;17
org.apache.tomcat.util.net.NioEndpoint.Poller.cancelledKey(SelectionKey, SocketStatus, boolean);org.apache.tomcat.util.net.NioEndpoint.SendfileData;3;0;0;1.0000;395;15;7;0;1;0.9375;0;0;5
org.apache.catalina.core.StandardHostValve.throwable(Request, Response, Throwable);org.apache.catalina.connector.Request;4;3;2;0.9000;149;7;3;4;0;0.9785;1084;128;51
org.apache.catalina.core.DefaultInstanceManager.preDestroy(Object, Class<?>);org.apache.catalina.Globals;1;1;0;1.0000;316;14;9;0;1;1.0000;0;0;39
org.apache.catalina.core.StandardThreadExecutor.execute(Runnable);org.apache.tomcat.util.threads.TaskQueue;0;0;1;0.9643;121;16;10;1;0;0.8889;28;3;1
org.apache.catalina.core.StandardHost.map(String);org.apache.juli.logging.Log;1;0;1;1.0000;289;35;18;5;0;0.7500;18;18;0
org.apache.catalina.connector.Request.getSession(boolean);org.apache.catalina.Session;0;1;0;0.9942;1084;128;51;1;0;0.9697;32;32;4
org.apache.catalina.connector.Request.getHeaders(String);org.apache.tomcat.util.http.MimeHeaders;1;0;1;0.9943;1084;128;51;1;0;0.9565;129;18;3
org.apache.jasper.compiler.Parser.parseXMLScriptlet(Node);org.apache.jasper.compiler.JspReader;0;1;3;0.9437;1203;56;14;6;0;0.8537;322;25;9
org.apache.catalina.core.ApplicationContext.log(Exception, String);org.apache.juli.logging.Log;0;0;1;0.9825;460;47;13;1;0;0.9500;18;18;0
org.apache.catalina.core.ContainerBase.ContainerBackgroundProcessor.processChildren(Container, ClassLoader);org.apache.juli.logging.Log;1;1;0;1.0000;37;2;0;1;0;0.9565;18;18;0
org.apache.tomcat.util.net.jsse.JSSESupport.getKeySize();org.apache.tomcat.util.net.SSLSupport;2;0;1;0.9231;131;8;4;0;2;1.0000;5;5;6
org.apache.jasper.xmlparser.ParserUtils.convert(TreeNode, Node);org.apache.jasper.xmlparser.TreeNode;5;1;0;1.0000;58;3;3;1;1;0.9000;109;13;5
org.apache.tomcat.util.bcel.classfile.LocalVariable.getSignature();org.apache.tomcat.util.bcel.classfile.ConstantPool;0;0;0;0;0;0;0;0;0;0;0;0;0
org.apache.catalina.realm.JAASRealm.getPrincipal(String);org.apache.catalina.authenticator.Constants;1;1;0;0.9500;195;15;10;0;1;1.0000;0;0;19
org.apache.jasper.compiler.AntCompiler.generateClass(String[]);org.apache.jasper.compiler.Localizer;2;2;3;0.8667;158;3;3;2;0;1.0000;34;6;1
org.apache.catalina.tribes.group.ChannelCoordinator.internalStop(int);org.apache.catalina.tribes.ChannelSender;2;0;4;0.8462;164;15;5;1;0;0.9286;6;6;0
org.apache.catalina.core.StandardServer.addService(Service);org.apache.catalina.Service;0;0;5;0.9259;331;32;21;2;0;0.9048;15;15;0
org.apache.jasper.compiler.PageDataImpl.SecondPassVisitor.printAttributes(Node, boolean);org.apache.jasper.compiler.Node;2;0;2;0.9600;307;41;6;0;3;0.8966;170;7;15
org.apache.jasper.compiler.Validator.ValidateVisitor.visit(Node.UseBean);org.apache.jasper.compiler.PageInfo;3;1;3;0.9388;710;36;19;0;2;0.9762;319;30;44
org.apache.jasper.compiler.ErrorDispatcher.dispatch(Mark, String, Object[], Exception);org.apache.jasper.compiler.Mark;2;0;2;0.9231;158;22;2;1;3;0.8519;108;9;11
org.apache.jasper.compiler.Generator.DeclarationVisitor.visit(Node.PageDirective);org.apache.jasper.compiler.ServletWriter;2;0;0;1.0000;36;3;1;7;0;0.6316;65;13;6
org.apache.coyote.http11.Http11NioProcessor.endRequest();org.apache.coyote.Response;1;0;6;0.9420;954;28;38;0;1;0.9778;250;19;18
org.apache.catalina.core.NamingContextListener.removeResource(String);org.apache.tomcat.util.modeler.Registry;1;0;4;0.9091;745;23;11;2;0;0.9783;446;36;10
org.apache.catalina.core.ApplicationContextFacade.getAttributeNames();org.apache.catalina.security.SecurityUtil;0;1;1;0.9600;426;46;3;1;0;1.0000;146;11;17
org.apache.tomcat.util.net.AbstractEndpoint.setSoLinger(int);org.apache.tomcat.util.net.SocketProperties;0;0;0;0;0;0;0;0;0;0;0;0;0
org.apache.jasper.compiler.Validator.ValidateVisitor.visit(Node.InvokeAction);org.apache.jasper.compiler.Node;0;0;2;0.9767;710;36;19;1;0;0.9655;170;7;15
org.apache.catalina.core.StandardWrapperValve.event(Request, Response, CometEvent);org.apache.catalina.Context;3;1;4;0.8667;341;4;6;2;0;0.9866;125;125;1
org.apache.catalina.tribes.membership.McastService.main(String);org.apache.juli.logging.Log;0;2;1;0.9692;345;53;13;2;0;0.9000;18;18;0
org.apache.coyote.http11.InternalNioOutputBuffer.commit();org.apache.coyote.Response;1;1;4;0.8837;294;26;16;0;1;0.9762;250;19;18
org.apache.jasper.compiler.Generator.genPreambleImports();org.apache.jasper.compiler.ServletWriter;1;0;2;0.9512;781;28;16;4;0;0.8000;65;13;6
org.apache.catalina.ha.authenticator.ClusterSingleSignOn.update(String, Principal, String, String, String);org.apache.juli.logging.Log;1;1;2;0.8889;149;16;4;2;0;0.9286;18;18;0
org.apache.catalina.ssi.ResponseIncludeWrapper.setHeader(String, String);org.apache.tomcat.util.ExceptionUtils;0;0;0;0;0;0;0;0;0;0;0;0;0
org.apache.catalina.startup.Tomcat.FixContextListener.lifecycleEvent(LifecycleEvent);org.apache.catalina.LifecycleEvent;1;0;0;1.0000;11;1;0;2;0;0.7778;18;3;3
org.apache.jasper.compiler.Dumper.DumpVisitor.visit(Node.SetProperty);org.apache.jasper.compiler.Node;1;3;0;0.8929;122;27;1;0;1;0.9667;170;7;15
org.apache.catalina.core.ApplicationContext.setSessionTrackingModes(Set<SessionTrackingMode>);org.apache.catalina.util.LifecycleBase;0;0;0;0;0;0;0;0;0;0;0;0;0
org.apache.catalina.session.PersistentManagerBase.stopInternal();org.apache.catalina.Lifecycle;0;0;0;0;0;0;0;0;0;0;0;0;0
org.apache.catalina.connector.RequestFacade.isRequestedSessionIdValid();org.apache.tomcat.util.res.StringManager;1;0;2;0.9865;462;73;2;0;0;1.0000;36;3;3
org.apache.tomcat.util.net.JIoEndpoint.setSocketOptions(Socket);org.apache.juli.logging.Log;0;0;4;0.9388;312;23;26;3;0;0.8750;18;18;0
org.apache.catalina.realm.JAASMemoryLoginModule.commit();org.apache.catalina.realm.GenericPrincipal;0;0;4;0.8125;151;7;9;1;0;0.9474;56;7;5
org.apache.jasper.JspC.initClassLoader(JspCompilationContext);org.apache.jasper.JspCompilationContext;0;1;4;0.9512;840;35;81;1;0;0.9848;420;31;31
org.apache.tomcat.util.bcel.classfile.Unknown.toString();org.apache.tomcat.util.bcel.classfile.Utility;0;0;0;0;0;0;0;0;0;0;0;0;0
org.apache.tomcat.util.buf.MessageBytes.equals(MessageBytes);org.apache.tomcat.util.buf.ByteChunk;0;2;7;0.8667;402;31;17;2;0;0.9630;425;43;10
org.apache.catalina.manager.HTMLManagerServlet.list(HttpServletRequest, HttpServletResponse, String);org.apache.catalina.util.URLEncoder;2;0;10;1.0000;601;22;14;1;0;0.9444;54;2;2
org.apache.catalina.startup.ContextConfig.processAnnotationsStream(InputStream, WebXml);org.apache.catalina.deploy.WebXml;0;0;0;0;0;0;0;0;0;0;0;0;0
org.apache.catalina.manager.ManagerServlet.start(PrintWriter, String);org.apache.catalina.Context;1;0;3;0.9565;913;34;13;1;0;0.9922;125;125;1
org.apache.catalina.ha.session.BackupManager.stopInternal();org.apache.catalina.tribes.tipis.AbstractReplicatedMap;0;0;0;0;0;0;0;0;0;0;0;0;0
org.apache.catalina.session.ManagerBase.initInternal();org.apache.catalina.Context;0;0;0;0;0;0;0;0;0;0;0;0;0
org.apache.catalina.tribes.group.GroupChannel.messageReceived(ChannelMessage);org.apache.catalina.tribes.ChannelListener;3;1;1;0.9574;268;24;8;2;0;0.8947;4;4;0
org.apache.jasper.compiler.TagFileProcessor.parseTagFileDirectives(ParserController, String, String, JarResource, TagLibraryInfo);org.apache.jasper.compiler.ParserController;2;0;0;1.0000;96;5;1;1;1;0.9355;284;13;13
org.apache.catalina.connector.RequestFacade.getRequestedSessionId();org.apache.catalina.connector.Request;1;0;2;0.9865;462;73;2;1;0;0.9943;1084;128;51
org.apache.tomcat.util.bcel.classfile.Method.toString();org.apache.tomcat.util.bcel.classfile.ExceptionTable;0;0;0;0;0;0;0;0;0;0;0;0;0
org.apache.catalina.session.PersistentManagerBase.writeSession(Session);org.apache.catalina.Store;1;0;2;0.9783;420;33;13;1;0;0.9333;11;11;0
org.apache.jasper.el.ExpressionEvaluatorImpl.parseExpression(String, Class, FunctionMapper);org.apache.jasper.el.ELResolverImpl;1;0;1;0.6667;19;2;1;1;0;1.0000;89;7;2
org.apache.catalina.connector.Request.setUserPrincipal(Principal);org.apache.catalina.Globals;1;1;2;0.9826;1084;128;51;0;2;1.0000;0;0;39
org.apache.tomcat.util.http.MimeHeaders.getUniqueValue(String);org.apache.tomcat.util.buf.MessageBytes;1;0;2;0.9130;129;18;3;1;0;0.9787;402;31;17
org.apache.tomcat.util.digester.Digester.characters(char, int, int);org.apache.juli.logging.Log;0;0;2;0.9851;849;103;29;2;0;0.9000;18;18;0
org.apache.catalina.manager.HTMLManagerServlet.list(HttpServletRequest, HttpServletResponse, String);org.apache.catalina.util.RequestUtil;2;0;10;1.0000;601;22;14;1;0;1.0000;183;13;1
org.apache.catalina.tribes.transport.nio.NioSender.read(SelectionKey);org.apache.catalina.tribes.io.XByteBuffer;1;0;5;0.8214;255;12;11;4;0;0.8710;317;36;7
org.apache.catalina.tribes.transport.ReceiverBase.bindUdp(DatagramSocket, int, int);org.apache.juli.logging.Log;0;2;2;0.9623;325;21;33;1;0;0.9500;18;18;0
org.apache.catalina.mbeans.MBeanUtils.createMBean(Loader);org.apache.tomcat.util.modeler.ManagedBean;0;2;2;1.0000;853;61;5;2;0;0.9429;252;23;13
org.apache.catalina.startup.ContextConfig.processAnnotationsStream(InputStream, WebXml);org.apache.tomcat.util.bcel.classfile.ClassParser;0;0;0;0;0;0;0;0;0;0;0;0;0
org.apache.jasper.compiler.Generator.generatePreamble(Node.Nodes);org.apache.jasper.compiler.PageInfo;4;6;3;0.8545;781;28;16;1;7;0.9149;319;30;44
org.apache.jasper.xmlparser.XMLEncodingDetector.scanSurrogates(XMLStringBuffer);org.apache.jasper.xmlparser.XMLChar;0;2;1;0.9375;798;23;29;3;0;1.0000;115;21;9
org.apache.catalina.core.NamingContextListener.addService(ContextService);org.apache.catalina.deploy.ContextHandler;5;0;4;0.9464;745;23;11;7;0;0.8108;63;12;4
org.apache.catalina.connector.ResponseFacade.encodeURL(String);org.apache.catalina.connector.Response;1;0;2;0.9756;224;40;2;1;0;0.9888;578;70;19
org.apache.coyote.http11.Http11AprProcessor.prepareRequest();org.apache.tomcat.util.buf.ByteChunk;7;3;13;0.8182;938;28;36;5;1;0.9277;425;43;10
org.apache.tomcat.util.digester.NodeCreateRule.begin(String, String, Attributes);org.apache.tomcat.util.digester.Digester;5;0;2;0.8000;44;2;2;2;0;0.9853;849;103;29
org.apache.coyote.ajp.AjpProcessor.parseHost(MessageBytes);org.apache.coyote.Response;5;0;4;0.9245;570;12;32;0;1;0.9815;250;19;18
org.apache.coyote.http11.Http11NioProcessor.asyncDispatch(SocketStatus);org.apache.coyote.RequestInfo;0;0;0;0;0;0;0;0;0;0;0;0;0
org.apache.catalina.session.StandardSession.writeObject(ObjectOutputStream);org.apache.catalina.Manager;1;3;11;0.8519;558;58;26;1;0;0.9800;34;34;0
org.apache.coyote.http11.Http11AprProtocol.setSendfileThreadCount(int);org.apache.tomcat.util.net.AprEndpoint;1;0;1;0.9901;387;76;26;0;1;0.9875;629;27;59
org.apache.tomcat.util.bcel.classfile.Constant.equals(Object);org.apache.tomcat.util.bcel.util.BCELComparator;0;0;0;0;0;0;0;0;0;0;0;0;0
org.apache.catalina.tribes.transport.bio.PooledMultiSender.sendMessage(Member[], ChannelMessage);org.apache.catalina.tribes.transport.MultiPointSender;0;0;0;1.0000;25;2;0;1;0;0.9091;7;7;0
org.apache.coyote.http11.Http11AprProtocol.Http11ConnectionHandler.process(long);org.apache.juli.logging.Log;3;1;3;0.7647;119;5;5;2;0;0.9286;18;18;0
org.apache.catalina.deploy.NamingResources.removeEnvironment(String);org.apache.catalina.deploy.ResourceBase;1;0;3;0.9375;332;35;12;0;0;1.0000;43;9;6
org.apache.catalina.tribes.group.interceptors.NonBlockingCoordinator.handleMyToken(MemberImpl, CoordinationMessage, Member, Membership);org.apache.catalina.tribes.membership.MemberImpl;1;3;3;0.9107;352;38;14;1;0;0.9804;300;29;19
org.apache.catalina.session.JDBCStore.getConnection();org.apache.catalina.Container;1;2;1;0.9508;495;34;23;1;0;0.9767;34;34;6
org.apache.catalina.manager.ManagerServlet.init();org.apache.tomcat.util.ExceptionUtils;0;0;0;0;0;0;0;0;0;0;0;0;0
org.apache.jasper.compiler.Generator.generateXmlProlog(Node.Nodes);org.apache.jasper.compiler.ServletWriter;4;0;3;0.9388;781;28;16;4;0;0.8621;65;13;6
org.apache.tomcat.util.net.AprEndpoint.SocketEventProcessor.run();org.apache.tomcat.util.net.AprEndpoint;2;0;2;0.6667;10;1;2;0;1;0.9880;629;27;59
org.apache.tomcat.util.buf.ByteChunk.equals(CharChunk);org.apache.tomcat.util.buf.CharChunk;2;0;0;1.0000;425;43;10;2;1;0.9375;393;39;8
org.apache.catalina.connector.ResponseFacade.finish();org.apache.catalina.connector.Response;1;0;2;0.9756;224;40;2;1;0;0.9888;578;70;19
org.apache.catalina.mbeans.ServerLifecycleListener.createMBeans(Host);org.apache.juli.logging.Log;0;1;1;0.9744;569;32;2;2;0;0.9167;18;18;0
org.apache.catalina.startup.Embedded.createContext(String, String);org.apache.catalina.core.StandardContext;2;0;2;0.9796;372;34;11;1;1;0.9936;2385;204;107
org.apache.catalina.valves.PersistentValve.invoke(Request, Response);org.apache.catalina.Manager;1;1;1;0.9655;76;3;2;2;0;0.9667;34;34;0
org.apache.catalina.authenticator.FormAuthenticator.forwardToErrorPage(Request, HttpServletResponse, LoginConfig);org.apache.catalina.connector.Request;0;0;0;0;0;0;0;0;0;0;0;0;0
org.apache.el.parser.AstGreaterThan.getValue(EvaluationContext);org.apache.el.parser.Node;0;0;0;1.0000;14;1;0;1;0;0.9375;15;15;0
org.apache.catalina.core.StandardContext.findStatusPage(int);org.apache.catalina.deploy.ErrorPage;0;0;1;0.9968;2385;204;107;1;0;0.9000;41;6;3
org.apache.catalina.valves.ExtendedAccessLogValve.ResponseAllHeaderElement.addElement(StringBuilder, Date, Request, Response, long);org.apache.catalina.valves.ExtendedAccessLogValve;0;0;0;0;0;0;0;0;0;0;0;0;0
org.apache.catalina.core.ApplicationFilterConfig.setFilterDef(FilterDef);org.apache.catalina.core.StandardContext;2;1;3;0.7895;121;10;5;0;1;0.9968;2385;204;107
org.apache.catalina.startup.SetParentClassLoaderRule.begin(String, String, Attributes);org.apache.tomcat.util.digester.Digester;1;0;1;0.8571;8;1;1;1;1;0.9855;849;103;29
org.apache.catalina.mbeans.MBeanUtils.destroyMBean(ContextResource);org.apache.catalina.deploy.ResourceBase;0;3;2;1.0000;853;61;5;2;0;0.8824;43;9;6
org.apache.catalina.startup.CatalinaProperties.loadProperties();org.apache.tomcat.util.ExceptionUtils;0;0;0;0;0;0;0;0;0;0;0;0;0
org.apache.catalina.core.ApplicationJspPropertyGroupDescriptor.getScriptingInvalid();org.apache.catalina.deploy.JspPropertyGroup;0;0;0;0;0;0;0;0;0;0;0;0;0
org.apache.coyote.http11.Http11NioProcessor.process(NioChannel);org.apache.tomcat.util.net.SocketWrapper;0;0;0;0;0;0;0;0;0;0;0;0;0
org.apache.tomcat.util.http.Cookies.processCookieHeader(byte, int, int);org.apache.tomcat.util.http.CookieSupport;0;0;0;0;0;0;0;0;0;0;0;0;0
org.apache.catalina.connector.RequestFacade.login(String, String);org.apache.catalina.connector.Request;0;1;0;1.0000;462;73;2;0;0;1.0000;1084;128;51
org.apache.catalina.tribes.membership.McastServiceImpl.RecoveryThread.stopService();org.apache.catalina.tribes.membership.McastServiceImpl;2;0;1;0.8333;58;4;2;1;1;0.9750;308;12;27
org.apache.catalina.core.ApplicationContext.addFilter(String, String, Filter);org.apache.catalina.util.LifecycleBase;0;0;0;0;0;0;0;0;0;0;0;0;0
org.apache.tomcat.util.bcel.classfile.LineNumberTable.dump(DataOutputStream);org.apache.tomcat.util.bcel.classfile.LineNumber;0;0;0;0;0;0;0;0;0;0;0;0;0
org.apache.catalina.startup.TaglibListenerRule.body(String, String, String);org.apache.tomcat.util.digester.Digester;0;0;0;0;0;0;0;0;0;0;0;0;0
org.apache.jasper.runtime.ProtectedFunctionMapper.getMapForFunction(String, Class<?>, String, Class<?>[]);org.apache.jasper.security.SecurityUtil;0;0;1;0.8000;83;4;2;1;0;1.0000;31;2;1
org.apache.tomcat.util.modeler.modules.MbeansSource.destroy();org.apache.tomcat.util.modeler.Registry;0;0;2;0.8947;198;11;10;1;0;0.9773;446;36;10
org.apache.catalina.mbeans.NamingResourcesMBean.removeEnvironment(String);org.apache.catalina.deploy.NamingResources;0;0;0;1.0000;138;9;2;2;0;0.9592;332;35;12
org.apache.coyote.ajp.AjpAprProtocol.resume();org.apache.tomcat.util.net.AprEndpoint;1;1;3;0.9655;219;40;15;1;0;0.9882;629;27;59
org.apache.coyote.http11.Http11NioProtocol.Http11ConnectionHandler.process(NioChannel);org.apache.tomcat.util.net.NioEndpoint.Poller;8;1;3;0.8667;166;8;6;2;0;0.9535;395;15;7
org.apache.catalina.tribes.transport.bio.MultipointBioSender.sendMessage(Member[], ChannelMessage);org.apache.catalina.tribes.Channel;1;1;0;0.9286;93;9;2;0;1;1.0000;15;15;13
org.apache.el.parser.ELParser.Value();org.apache.el.parser.ELParserTreeConstants;2;3;4;0.9496;2195;111;22;0;1;0.9792;0;0;34
org.apache.catalina.filters.RemoteHostFilter.doFilterEvent(CometEvent, CometFilterChain);org.apache.catalina.comet.CometEvent;0;0;0;0;0;0;0;0;0;0;0;0;0
org.apache.jasper.compiler.Generator.generate(ServletWriter, Compiler, Node.Nodes);org.apache.jasper.compiler.Node.Nodes;2;2;4;0.8571;781;28;16;1;0;0.9500;43;5;3
org.apache.catalina.startup.Embedded.removeContext(Context);org.apache.juli.logging.Log;0;0;2;0.9796;372;34;11;2;0;0.9130;18;18;0
org.apache.catalina.realm.RealmBase.hasResourcePermission(Request, Response, SecurityConstraint[], Context);org.apache.juli.logging.Log;2;1;3;0.9714;688;39;24;2;0;0.9394;18;18;0
org.apache.jasper.compiler.Validator.TagExtraInfoVisitor.visit(Node.CustomTag);org.apache.jasper.compiler.ErrorDispatcher;2;0;1;0.8750;27;1;1;2;0;0.9231;158;22;2
org.apache.tomcat.util.net.NioEndpoint.Acceptor.run();org.apache.tomcat.util.net.NioEndpoint;1;0;0;1.0000;50;1;0;2;7;0.9412;629;43;64
org.apache.catalina.mbeans.MemoryUserDatabaseMBean.createGroup(String, String);org.apache.catalina.mbeans.MBeanUtils;0;1;0;0.9500;168;12;6;1;0;1.0000;853;61;5
org.apache.tomcat.util.modeler.modules.MbeansDescriptorsIntrospectionSource.createManagedBean(Registry, String, Class<?>, String);org.apache.tomcat.util.modeler.OperationInfo;4;0;1;1.0000;194;7;10;1;1;0.9600;53;8;4
org.apache.jasper.compiler.Generator.GenerateVisitor.generateAliasMap(Node.CustomTag, String);org.apache.jasper.compiler.ServletWriter;0;0;1;0.9846;1737;45;16;3;0;0.8500;65;13;6
org.apache.tomcat.util.net.AprEndpoint.unlockAccept();org.apache.tomcat.util.net.SocketProperties;1;0;4;0.9750;629;27;59;0;0;1.0000;156;28;22
org.apache.jasper.xmlparser.MyErrorHandler.warning(SAXParseException);org.apache.juli.logging.LogFactory;0;0;0;1.0000;10;3;0;1;0;1.0000;50;12;6
org.apache.catalina.session.StandardSession.setAttribute(String, Object, boolean);org.apache.catalina.Manager;1;4;3;0.9259;558;58;26;2;0;0.9535;34;34;0
org.apache.catalina.util.ResourceSet.remove(Object);org.apache.tomcat.util.res.StringManager;1;0;2;0.8750;30;4;2;0;0;1.0000;36;3;3
org.apache.coyote.http11.AbstractHttp11Processor.addInputFilter(InputFilter[], String);org.apache.coyote.http11.InputFilter;0;0;0;0;0;0;0;0;0;0;0;0;0
org.apache.coyote.http11.AbstractHttp11Processor.isCompressable();org.apache.tomcat.util.http.MimeHeaders;0;0;0;0;0;0;0;0;0;0;0;0;0
org.apache.tomcat.util.http.mapper.Mapper.internalMapWildcardWrapper(Wrapper[], int, CharChunk, MappingData);org.apache.tomcat.util.http.mapper.MappingData;2;3;0;1.0000;816;39;4;0;5;0.7619;11;1;9
org.apache.catalina.ha.tcp.SimpleTcpCluster.removeClusterListener(ClusterListener);org.apache.catalina.ha.ClusterListener;0;0;1;0.9846;371;45;31;1;0;0.9091;27;7;3
org.apache.tomcat.util.IntrospectionUtils.callMethodN(Object, String, Object, Class<?>);org.apache.juli.logging.Log;1;1;1;1.0000;602;31;5;0;0;1.0000;18;18;0
org.apache.coyote.http11.Http11AprProtocol.Http11ConnectionHandler.event(long, SocketStatus);org.apache.coyote.http11.Http11AprProtocol;2;0;3;0.8235;119;5;5;0;3;0.9910;387;76;26
org.apache.catalina.startup.HostConfig.deployDescriptor(String, File, String);org.apache.tomcat.util.digester.Digester;1;3;6;0.9048;755;35;15;2;0;0.9871;849;103;29
org.apache.jasper.compiler.ErrorDispatcher.dispatch(Mark, String, Object[], Exception);org.apache.jasper.compiler.Localizer;2;0;2;0.9231;158;22;2;1;0;1.0000;34;6;1
org.apache.catalina.authenticator.FormAuthenticator.savedRequestURL(Session);org.apache.catalina.authenticator.Constants;1;0;0;1.0000;232;8;3;0;1;1.0000;0;0;19
org.apache.catalina.session.FileStore.directory();org.apache.catalina.Manager;1;0;2;0.8824;186;13;6;1;0;0.9737;34;34;0
org.apache.catalina.mbeans.ServerLifecycleListener.lifecycleEvent(LifecycleEvent);org.apache.catalina.Context;3;5;1;0.8684;569;32;2;0;1;1.0000;125;125;1
org.apache.catalina.tribes.transport.ReplicationTransmitter.remove(Member);org.apache.catalina.tribes.transport.MultiPointSender;0;0;1;0.9000;30;7;3;1;0;0.8750;7;7;0
org.apache.catalina.mbeans.MBeanFactory.createStandardServiceEngine(String, String, String);org.apache.catalina.core.ContainerBase;0;0;0;0;0;0;0;0;0;0;0;0;0
org.apache.jasper.compiler.Parser.checkUnbalancedEndTag();org.apache.jasper.compiler.PageInfo;0;0;4;0.9420;1203;56;14;1;0;0.9880;319;30;44
org.apache.catalina.manager.ManagerServlet.save(PrintWriter, String);org.apache.tomcat.util.res.StringManager;1;0;2;0.9796;913;34;13;0;0;1.0000;36;3;3
org.apache.tomcat.util.modeler.modules.MbeansDescriptorsIntrospectionSource.createManagedBean(Registry, String, Class<?>, String);org.apache.tomcat.util.modeler.FeatureInfo;4;0;1;1.0000;194;7;10;0;3;0.8333;18;3;5
org.apache.tomcat.util.net.AprEndpoint.init();org.apache.tomcat.jni.Library;7;0;29;0.6456;629;27;59;0;2;1.0000;81;9;38
org.apache.catalina.tribes.group.interceptors.TcpFailureDetector.memberAlive(Member, byte[], boolean, boolean, long, long, int);org.apache.catalina.tribes.io.ChannelData;3;0;1;1.0000;227;15;10;0;4;0.8095;165;14;7
org.apache.catalina.connector.OutputBuffer.realWriteBytes(byte, int, int);org.apache.coyote.Response;0;0;3;0.9268;207;25;15;1;0;0.9756;250;19;18
org.apache.coyote.ajp.AjpProcessor.parseHost(MessageBytes);org.apache.coyote.Request;5;0;4;0.9245;570;12;32;0;5;0.9231;219;17;34
org.apache.catalina.connector.RequestFacade.getAttribute(String);org.apache.tomcat.util.res.StringManager;1;0;2;0.9865;462;73;2;0;0;1.0000;36;3;3
org.apache.jasper.xmlparser.ParserUtils.parseXMLDocument(String, InputSource);org.apache.jasper.compiler.Localizer;2;1;3;0.5000;58;3;3;2;0;1.0000;34;6;1
org.apache.catalina.connector.InputBuffer.available();org.apache.coyote.ActionCode;2;0;6;0.8421;210;19;17;0;1;1.0000;6;0;26
org.apache.coyote.Request.recycle();org.apache.tomcat.util.http.MimeHeaders;0;0;23;0.5818;219;17;34;1;0;0.9787;129;18;3
org.apache.catalina.authenticator.BasicAuthenticator.authenticate(Request, HttpServletResponse, LoginConfig);org.apache.catalina.util.Base64;0;0;0;0;0;0;0;0;0;0;0;0;0
org.apache.el.parser.AstOr.getValue(EvaluationContext);org.apache.el.parser.Node;0;0;0;1.0000;13;1;0;1;0;0.9375;15;15;0
org.apache.catalina.manager.ManagerServlet.doPut(HttpServletRequest, HttpServletResponse);org.apache.catalina.manager.Constants;2;1;1;0.9767;913;34;13;0;1;1.0000;0;0;11
org.apache.catalina.authenticator.SingleSignOn.deregister(String);org.apache.catalina.Session;0;0;2;0.9333;187;18;8;1;0;0.9750;32;32;4
org.apache.catalina.tribes.group.interceptors.TwoPhaseCommitInterceptor.messageReceived(ChannelMessage);org.apache.catalina.tribes.io.XByteBuffer;2;0;4;0.9375;69;3;6;0;2;0.9412;317;36;7
org.apache.catalina.ssi.SSIFilter.doFilter(ServletRequest, ServletResponse, FilterChain);org.apache.catalina.ssi.ResponseIncludeWrapper;1;0;6;0.5385;63;3;6;3;0;0.8889;108;11;11
org.apache.catalina.connector.RequestFacade.getServletContext();org.apache.catalina.connector.Request;1;0;2;0.9865;462;73;2;1;0;0.9943;1084;128;51
org.apache.catalina.session.PersistentManagerBase.clearStore();org.apache.juli.logging.Log;0;0;2;0.9773;420;33;13;1;0;0.9500;18;18;0
org.apache.coyote.ajp.AjpMessage.getBytes(MessageBytes);org.apache.tomcat.util.buf.MessageBytes;1;1;2;0.8929;235;23;5;2;1;0.9362;402;31;17
org.apache.catalina.startup.EngineConfig.start();org.apache.catalina.Container;1;0;2;0.8333;17;3;3;1;0;0.9730;34;34;6
org.apache.catalina.connector.Request.parseCookies();org.apache.tomcat.util.http.ServerCookie;2;1;3;0.9780;1084;128;51;0;6;0.7000;218;16;16
org.apache.catalina.connector.RequestFacade.getRemoteHost();org.apache.tomcat.util.res.StringManager;1;0;2;0.9865;462;73;2;0;0;1.0000;36;3;3
org.apache.coyote.http11.Http11Processor.asyncDispatch(SocketStatus);org.apache.coyote.Adapter;0;0;0;0;0;0;0;0;0;0;0;0;0
org.apache.jasper.JspCompilationContext.createOutputDir();org.apache.jasper.Options;0;2;5;0.8852;420;31;31;1;0;0.9714;28;28;0
org.apache.tomcat.util.buf.C2BConverter.convert(MessageBytes);org.apache.tomcat.util.buf.ByteChunk;3;3;2;0.8333;58;8;5;2;0;0.9667;425;43;10
org.apache.coyote.ajp.AjpAprProcessor.parseHost(MessageBytes);org.apache.tomcat.util.buf.ByteChunk;5;0;4;0.9231;616;13;30;2;1;0.9516;425;43;10
org.apache.tomcat.util.net.JIoEndpoint.setSocketOptions(Socket);org.apache.tomcat.util.net.SocketProperties;0;0;4;0.9388;312;23;26;1;0;0.9828;156;28;22
org.apache.catalina.tribes.transport.bio.BioReplicationTask.run();org.apache.catalina.tribes.io.ObjectReader;0;1;3;0.7500;92;6;3;1;0;0.9545;71;9;5
org.apache.catalina.tribes.group.interceptors.NonBlockingCoordinator.alive(Member);org.apache.catalina.tribes.group.interceptors.TcpFailureDetector;0;0;2;0.9796;352;38;14;1;0;1.0000;227;15;10
org.apache.jasper.compiler.Compiler.compile(boolean, boolean);org.apache.jasper.compiler.TagFileProcessor;1;2;7;0.6400;285;11;8;1;0;0.9474;96;5;1
org.apache.naming.resources.WARDirContext.list(Entry);org.apache.naming.NamingEntry;1;0;1;0.9722;200;29;3;0;1;1.0000;16;2;7
org.apache.catalina.ha.deploy.FileMessageFactory.writeMessage(FileMessage);org.apache.juli.logging.Log;1;1;6;0.7600;128;6;14;3;0;0.9000;18;18;0
org.apache.jasper.compiler.Generator.compileTagHandlerPoolList(Node.Nodes);org.apache.jasper.compiler.Node.CustomTag;4;0;1;0.9792;781;28;16;1;3;0.9184;229;10;26
org.apache.catalina.core.ApplicationContext.getServletRegistration(String);org.apache.catalina.core.ContainerBase;0;0;0;1.0000;460;47;13;0;0;1.0000;603;62;29
org.apache.catalina.core.StandardContextValve.invoke(Request, Response);org.apache.catalina.Globals;2;1;2;0.9167;86;5;3;0;1;1.0000;0;0;39
org.apache.tomcat.util.buf.UEncoder.urlEncode(Writer, String);org.apache.tomcat.util.buf.ByteChunk;2;1;5;0.7333;87;6;6;2;2;0.9245;425;43;10
org.apache.catalina.core.StandardWrapper.setRequestCount(int);org.apache.catalina.core.StandardWrapperValve;1;0;1;0.9902;712;75;32;0;1;0.9000;341;4;6
org.apache.coyote.http11.Http11NioProcessor.action(ActionCode, Object);org.apache.coyote.http11.InternalNioInputBuffer;12;1;19;0.8269;954;28;38;2;2;0.9574;457;16;24
org.apache.coyote.http11.AbstractHttp11Protocol.setCrlFile(String);org.apache.tomcat.util.net.AbstractEndpoint;0;0;0;0;0;0;0;0;0;0;0;0;0
org.apache.catalina.startup.HostConfig.addWatchedResources(DeployedApplication, String, Context);org.apache.catalina.Context;0;1;1;0.9796;755;35;15;1;0;0.9922;125;125;1
org.apache.el.parser.ELParserTokenManager.jjMoveStringLiteralDfa8_1(long, long);org.apache.el.parser.SimpleCharStream;0;3;2;0.8864;1035;33;25;1;0;0.9818;257;26;16
org.apache.catalina.authenticator.FormAuthenticator.restoreRequest(Request, Session);org.apache.catalina.Session;3;0;0;1.0000;232;8;3;2;0;0.9667;32;32;4
org.apache.catalina.connector.Request.doGetSession(boolean);org.apache.catalina.Context;2;4;7;0.9451;1084;128;51;1;0;0.9931;125;125;1
org.apache.catalina.core.ApplicationContextFacade.addListener(Class<? extends EventListener>);org.apache.catalina.security.SecurityUtil;0;0;0;0;0;0;0;0;0;0;0;0;0
org.apache.catalina.tribes.transport.nio.ParallelNioSender.doLoop(long, int, boolean, ChannelMessage);org.apache.catalina.tribes.ChannelMessage;2;0;2;0.9722;246;12;4;1;0;0.9688;11;11;0
org.apache.coyote.http11.Http11NioProcessor.prepareResponse();org.apache.tomcat.util.net.NioEndpoint.SendfileData;7;2;12;0.8427;954;28;38;0;3;0.9268;0;0;5
org.apache.catalina.core.ApplicationHttpRequest.mergeParameters();org.apache.catalina.util.RequestUtil;0;1;2;0.9302;325;29;17;1;0;1.0000;183;13;1
org.apache.catalina.valves.CometConnectionManagerValve.sessionDestroyed(HttpSessionEvent);org.apache.catalina.Container;4;0;2;0.9167;146;11;6;2;0;0.9535;34;34;6
org.apache.catalina.startup.WebAnnotationSet.addResource(Context, Resource);org.apache.catalina.deploy.MessageDestinationRef;5;0;0;1.0000;125;6;0;0;1;0.9655;66;8;7
org.apache.tomcat.util.modeler.Registry.registerComponent(Object, ObjectName, String);org.apache.tomcat.util.modeler.ManagedBean;0;2;1;0.9565;446;36;10;1;0;0.9750;252;23;13
org.apache.catalina.connector.ResponseFacade.isCommitted();org.apache.tomcat.util.res.StringManager;1;0;2;0.9756;224;40;2;0;0;1.0000;36;3;3
org.apache.catalina.startup.Tomcat.getHost();org.apache.catalina.Host;0;1;2;0.9143;218;21;14;0;0;1.0000;20;20;2
org.apache.tomcat.util.net.AbstractEndpoint.getTcpNoDelay();org.apache.tomcat.util.net.SocketProperties;0;0;0;0;0;0;0;0;0;0;0;0;0
org.apache.jasper.JspCompilationContext.compile();org.apache.jasper.Options;1;2;4;0.9077;420;31;31;0;0;1.0000;28;28;0
org.apache.coyote.http11.InternalInputBuffer.parseHeader();org.apache.tomcat.util.buf.MessageBytes;2;1;5;0.8148;313;11;14;1;0;0.9796;402;31;17
org.apache.naming.resources.ResourceCache.find(CacheEntry[], String);org.apache.naming.resources.CacheEntry;1;0;0;1.0000;211;7;10;0;1;0.9000;13;2;8
org.apache.tomcat.util.digester.ObjectParamRule.begin(String, String, Attributes);org.apache.tomcat.util.digester.Digester;1;0;3;0.6250;32;2;3;1;0;0.9927;849;103;29
org.apache.catalina.session.PersistentManagerBase.PrivilegedStoreLoad.run();org.apache.catalina.Store;1;0;1;0.6667;6;1;1;1;0;0.9231;11;11;0
org.apache.catalina.core.ApplicationContext.getClassLoader();org.apache.catalina.core.ContainerBase;0;0;0;0;0;0;0;0;0;0;0;0;0
org.apache.naming.resources.VirtualDirContext.getVirtualNamingEntries();org.apache.naming.NamingEntry;1;0;1;0.8889;86;7;3;0;1;1.0000;16;2;7
org.apache.coyote.http11.Http11AprProcessor.prepareRequest();org.apache.coyote.http11.AbstractInputBuffer;0;0;0;0;0;0;0;0;0;0;0;0;0
org.apache.catalina.connector.Response.setDateHeader(String, long);org.apache.catalina.util.DateTool;1;2;2;0.9540;578;70;19;0;1;1.0000;0;0;11
org.apache.coyote.http11.Http11NioProcessor.process(NioChannel);org.apache.tomcat.util.net.NioEndpoint.Poller;11;4;16;0.8182;954;28;38;1;1;0.9730;395;15;7
org.apache.jasper.compiler.Parser.parseTemplateText(Node);org.apache.jasper.compiler.PageInfo;1;0;3;0.9565;1203;56;14;0;1;0.9878;319;30;44
org.apache.jasper.compiler.TagPluginManager.TagPluginContextImpl.isConstantAttribute(String);org.apache.jasper.compiler.Node.JspAttribute;0;1;0;0.9500;72;15;4;1;0;0.9500;107;7;10
org.apache.catalina.authenticator.FormAuthenticator.matchRequest(Request);org.apache.catalina.Session;1;0;0;1.0000;232;8;3;1;0;0.9714;32;32;4
org.apache.catalina.manager.ManagerServlet.init();org.apache.catalina.core.StandardServer;1;0;10;0.8163;913;34;13;1;0;0.9846;331;32;21
org.apache.catalina.authenticator.SSLAuthenticator.authenticate(Request, HttpServletResponse, LoginConfig);org.apache.tomcat.util.res.StringManager;4;0;0;1.0000;37;4;1;1;0;0.9474;36;3;3
org.apache.catalina.core.StandardEngineValve.invoke(Request, Response);org.apache.catalina.connector.Request;1;0;1;1.0000;14;3;2;2;0;0.9887;1084;128;51
org.apache.catalina.ha.session.DeltaManager.sendSessions(Member, Session[], long);org.apache.catalina.ha.session.SessionMessage;2;1;5;0.9529;826;43;42;0;1;1.0000;5;5;7
org.apache.coyote.http11.InternalAprInputBuffer.SocketInputBuffer.doRead(ByteChunk, Request);org.apache.coyote.http11.InternalAprInputBuffer;1;0;0;1.0000;9;1;0;1;3;0.8621;358;13;15
org.apache.catalina.ha.session.JvmRouteBinderValve.sendSessionIDClusterBackup(ClusterManager, Request, String, String);org.apache.catalina.connector.Request;1;0;1;0.9688;200;15;9;1;0;0.9946;1084;128;51
org.apache.catalina.connector.Response.getHeader(String);org.apache.coyote.Response;1;0;1;0.9888;578;70;19;0;1;0.9744;250;19;18
org.apache.tomcat.util.modeler.ManagedBean.addAttribute(AttributeInfo);org.apache.tomcat.util.modeler.FeatureInfo;0;0;1;0.9706;252;23;13;1;0;0.8750;18;3;5
org.apache.catalina.deploy.NamingResources.addService(ContextService);org.apache.catalina.deploy.ResourceBase;1;0;3;0.9400;332;35;12;2;1;0.8333;43;9;6
org.apache.catalina.startup.Tomcat.initWebappDefaults(Context);org.apache.catalina.Wrapper;0;1;1;0.9756;218;21;14;0;0;1.0000;32;32;0
org.apache.catalina.ha.session.DeltaManager.deserializeDeltaRequest(DeltaSession, byte[]);org.apache.catalina.tribes.io.ReplicationStream;1;0;0;1.0000;826;43;42;1;0;0.9167;74;6;1
org.apache.jasper.compiler.ELFunctionMapper.ELFunctionVisitor.doMap(ELNode.Nodes);org.apache.jasper.compiler.ELNode.Function;5;1;1;0.9167;151;14;1;0;6;0.5714;37;1;6
org.apache.coyote.ajp.AjpAprProtocol.start();org.apache.tomcat.util.net.AprEndpoint;1;1;7;0.9016;219;40;15;1;0;0.9891;629;27;59
org.apache.catalina.startup.ContextConfig.destroy();org.apache.juli.logging.Log;1;0;3;0.9688;779;23;16;2;0;0.9000;18;18;0
org.apache.catalina.loader.WebappClassLoader.PrivilegedFindResourceByName.run();org.apache.catalina.loader.WebappClassLoader;0;0;0;0;0;0;0;0;0;0;0;0;0
org.apache.catalina.ha.tcp.SimpleTcpCluster.toString();org.apache.catalina.Container;0;0;0;0;0;0;0;0;0;0;0;0;0
org.apache.catalina.util.ManifestResource.getRequiredExtensions(Manifest);org.apache.catalina.util.Extension;1;0;0;1.0000;100;8;7;0;5;0.7222;112;10;8
org.apache.catalina.servlets.DefaultServlet.copy(CacheEntry, PrintWriter, Range);org.apache.naming.resources.Resource;1;1;1;0.9615;994;37;18;1;0;0.9091;23;1;2
org.apache.coyote.http11.Http11AprProtocol.Http11ConnectionHandler.asyncDispatch(long, SocketStatus);org.apache.tomcat.util.res.StringManager;0;0;0;0;0;0;0;0;0;0;0;0;0
org.apache.catalina.core.ApplicationFilterChain.internalDoFilterEvent(CometEvent);org.apache.tomcat.util.res.StringManager;5;0;7;0.6923;225;9;13;0;0;1.0000;36;3;3
org.apache.tomcat.util.modeler.OperationInfo.getMBeanParameterInfo();org.apache.tomcat.util.modeler.ParameterInfo;0;1;0;0.9167;53;8;4;1;0;0.6667;9;1;1
org.apache.catalina.mbeans.NamingResourcesMBean.removeResourceLink(String);org.apache.catalina.deploy.NamingResources;0;0;0;1.0000;138;9;2;2;0;0.9592;332;35;12
org.apache.catalina.core.StandardContextValve.event(Request, Response, CometEvent);org.apache.catalina.Container;0;0;0;1.0000;86;5;3;1;0;0.9730;34;34;6
org.apache.catalina.mbeans.GlobalResourcesLifecycleListener.lifecycleEvent(LifecycleEvent);org.apache.catalina.Lifecycle;1;2;1;0.5714;103;5;3;0;2;1.0000;5;5;9
org.apache.catalina.realm.RealmBase.authenticate(String, String, String, String, String, String, String, String);org.apache.catalina.util.MD5Encoder;0;2;4;0.9492;688;39;24;1;0;0.8571;11;1;1
org.apache.catalina.connector.Connector.pause();org.apache.coyote.ProtocolHandler;1;0;3;0.9785;455;59;40;1;0;0.9231;10;10;0
org.apache.catalina.connector.CoyoteAdapter.event(org.apache.coyote.Request, org.apache.coyote.Response, SocketStatus);org.apache.catalina.Globals;8;0;4;0.9375;505;11;8;0;1;1.0000;0;0;39
org.apache.catalina.connector.Response.encodeRedirectURL(String);org.apache.catalina.connector.Request;0;3;1;0.9551;578;70;19;1;0;0.9944;1084;128;51
org.apache.catalina.util.LifecycleBase.destroy();org.apache.catalina.Lifecycle;0;0;0;0;0;0;0;0;0;0;0;0;0
org.apache.jasper.compiler.TagLibraryInfoImpl.createValidator(TreeNode);org.apache.jasper.compiler.Localizer;0;1;3;0.8519;523;14;6;1;0;1.0000;34;6;1
org.apache.tomcat.util.modeler.Registry.registerComponent(Object, ObjectName, String);org.apache.juli.logging.Log;0;2;1;0.9565;446;36;10;4;0;0.8095;18;18;0
org.apache.el.parser.ELParser.Identifier();org.apache.el.parser.SimpleNode;4;1;1;0.9854;2195;111;22;0;1;0.9615;82;15;4
org.apache.tomcat.util.modeler.BaseModelMBean.addNotificationListener(NotificationListener, NotificationFilter, Object);org.apache.juli.logging.Log;0;0;3;0.9444;284;28;9;2;0;0.9048;18;18;0
org.apache.tomcat.util.net.AbstractEndpoint.unlockAccept();org.apache.juli.logging.Log;0;0;0;0;0;0;0;0;0;0;0;0;0
org.apache.catalina.mbeans.MBeanFactory.createStandardContext(String, String, String, boolean, boolean, boolean, boolean);org.apache.catalina.Container;2;3;2;0.9388;432;35;2;2;0;0.9592;34;34;6
org.apache.jasper.runtime.PageContextImpl._initialize(Servlet, ServletRequest, ServletResponse, String, boolean, int, boolean);org.apache.jasper.runtime.JspWriterImpl;0;1;12;0.7593;634;40;16;1;0;0.9828;233;36;7
org.apache.el.parser.ELParser.Null();org.apache.el.parser.JJTELParserState;2;1;1;0.9852;2195;111;22;2;0;0.9000;74;10;5
org.apache.catalina.startup.TaglibUriRule.body(String, String, String);org.apache.juli.logging.Log;0;0;0;0;0;0;0;0;0;0;0;0;0
org.apache.catalina.loader.WebappLoader.setSearchExternalFirst(boolean);org.apache.catalina.loader.WebappClassLoader;0;0;0;0;0;0;0;0;0;0;0;0;0
org.apache.el.parser.ELParser.Identifier();org.apache.el.parser.Token;4;1;1;0.9854;2195;111;22;0;1;0.9474;24;3;8
org.apache.catalina.core.StandardEngine.logAccess(Request, Response, long, boolean);org.apache.catalina.Container;0;0;0;0;0;0;0;0;0;0;0;0;0
org.apache.jasper.compiler.Parser.parseTagDependentBody(Node, String);org.apache.jasper.compiler.ErrorDispatcher;0;0;3;0.9559;1203;56;14;1;0;0.9630;158;22;2
org.apache.catalina.session.PersistentManagerBase.setContainer(Container);org.apache.catalina.Container;0;0;0;1.0000;420;33;13;2;0;0.9474;34;34;6
org.apache.catalina.core.ApplicationDispatcher.forward(ServletRequest, ServletResponse);org.apache.catalina.Globals;1;1;0;0.9545;419;14;10;0;1;1.0000;0;0;39
org.apache.catalina.connector.RequestFacade.getLocalAddr();org.apache.catalina.connector.Request;1;0;2;0.9865;462;73;2;1;0;0.9943;1084;128;51
org.apache.jasper.compiler.Parser.checkUnbalancedEndTag();org.apache.jasper.compiler.JspReader;0;0;4;0.9420;1203;56;14;3;0;0.9286;322;25;9
org.apache.coyote.http11.Http11Processor.prepareRequest();org.apache.tomcat.util.buf.MessageBytes;6;3;13;0.8391;847;26;37;5;1;0.9231;402;31;17
org.apache.catalina.tribes.group.interceptors.TcpPingInterceptor.sendPing();org.apache.catalina.tribes.group.interceptors.StaticMembershipInterceptor;0;1;3;0.7333;78;6;10;1;0;0.9375;56;7;2
org.apache.catalina.core.ApplicationContext.populateSessionTrackingModes();org.apache.catalina.core.ContainerBase;0;0;0;0;0;0;0;0;0;0;0;0;0
org.apache.jasper.compiler.Collector.CollectVisitor.checkSeen(Node.ChildInfo, Node);org.apache.jasper.compiler.Node.ChildInfo;3;0;6;0.8065;114;15;6;0;6;0.6471;36;0;6
org.apache.tomcat.util.http.Cookies.toString();org.apache.tomcat.util.http.ServerCookie;0;2;0;0.8667;269;16;9;1;0;0.9286;218;16;16
org.apache.jasper.compiler.Parser.parseComment(Node);org.apache.jasper.compiler.JspReader;0;0;3;0.9559;1203;56;14;3;0;0.9250;322;25;9
org.apache.catalina.startup.ContextConfig.processAnnotationWebServlet(String, AnnotationEntry, WebXml);org.apache.tomcat.util.bcel.classfile.AnnotationEntry;0;0;0;0;0;0;0;0;0;0;0;0;0
org.apache.catalina.mbeans.NamingResourcesMBean.addResource(String, String);org.apache.catalina.deploy.ResourceBase;1;0;1;0.9444;138;9;2;0;2;0.9048;43;9;6
org.apache.catalina.connector.Request.getPathTranslated();org.apache.catalina.Context;0;1;1;0.9884;1084;128;51;1;0;0.9921;125;125;1
org.apache.tomcat.util.http.mapper.Mapper.compareIgnoreCase(CharChunk, int, int, String);org.apache.tomcat.util.buf.CharChunk;1;0;0;1.0000;816;39;4;0;1;0.9792;393;39;8
org.apache.tomcat.util.net.JIoEndpoint.processSocket(Socket);org.apache.tomcat.util.res.StringManager;0;1;3;0.9348;312;23;26;1;0;0.9000;36;3;3
org.apache.tomcat.util.buf.MessageBytes.setInt(int);org.apache.tomcat.util.buf.ByteChunk;2;0;8;0.8478;402;31;17;2;2;0.9259;425;43;10
org.apache.jasper.compiler.Node.ParamAction.accept(Visitor);org.apache.jasper.compiler.Node.Visitor;0;0;0;1.0000;15;1;1;1;0;0.9714;126;35;0
org.apache.coyote.RequestInfo.getProtocol();org.apache.tomcat.util.buf.MessageBytes;1;0;1;0.9643;134;13;14;1;0;0.9778;402;31;17
org.apache.tomcat.util.net.AprEndpoint.Sendfile.add(SendfileData);org.apache.tomcat.util.net.AprEndpoint;4;0;1;0.9500;187;5;6;0;3;0.9888;629;27;59
org.apache.jasper.compiler.TagLibraryInfoImpl.createAttribute(TreeNode, String);org.apache.juli.logging.Log;0;0;1;0.9615;523;14;6;2;0;0.9130;18;18;0
org.apache.catalina.realm.CombinedRealm.authenticate(X509Certificate[]);org.apache.juli.logging.Log;2;0;3;0.9333;143;12;3;2;0;0.9000;18;18;0
org.apache.catalina.tribes.group.interceptors.TwoPhaseCommitInterceptor.sendMessage(Member[], ChannelMessage, InterceptorPayload);org.apache.catalina.tribes.util.UUIDGenerator;0;0;3;0.9286;69;3;6;1;0;1.0000;26;3;6
org.apache.catalina.session.ManagerBase.processExpires();org.apache.juli.logging.Log;0;2;2;0.9524;489;55;31;2;0;0.9130;18;18;0
org.apache.tomcat.util.http.fileupload.FileUploadBase.FileItemIteratorImpl.findNextItem();org.apache.tomcat.util.http.fileupload.FileUploadBase;0;0;0;0;0;0;0;0;0;0;0;0;0
org.apache.catalina.tribes.transport.bio.BioReplicationTask.run();org.apache.catalina.tribes.transport.RxTaskPool;0;1;3;0.7500;92;6;3;1;0;0.9474;89;5;7
org.apache.jasper.compiler.Dumper.DumpVisitor.visit(Node.ParamsAction);org.apache.jasper.compiler.Node;1;3;0;0.8929;122;27;1;0;1;0.9667;170;7;15
org.apache.catalina.ssi.SSIFlastmod.formatDate(Date, String);org.apache.catalina.util.Strftime;1;0;0;1.0000;31;2;0;1;0;0.8889;93;6;2
org.apache.coyote.http11.AbstractOutputBuffer.nextRequest();org.apache.coyote.Response;0;0;0;0;0;0;0;0;0;0;0;0;0
org.apache.catalina.core.ApplicationContextFacade.getFilterRegistrations();org.apache.catalina.security.SecurityUtil;0;0;0;0;0;0;0;0;0;0;0;0;0
org.apache.catalina.manager.ManagerServlet.stop(PrintWriter, String);org.apache.catalina.Lifecycle;1;0;4;0.9348;913;34;13;1;0;0.9000;5;5;9
org.apache.jasper.compiler.JspReader.hasMoreInput();org.apache.jasper.compiler.Mark;1;1;2;0.9189;322;25;9;0;2;0.9231;108;9;11
org.apache.coyote.Request.getCharacterEncoding();org.apache.tomcat.util.http.ContentType;0;1;1;0.9608;219;17;34;1;0;1.0000;28;2;0
org.apache.coyote.ajp.AjpAprProtocol.getAddress();org.apache.tomcat.util.net.AbstractEndpoint;0;0;0;0;0;0;0;0;0;0;0;0;0
org.apache.catalina.ha.tcp.ReplicationValve.sendCrossContextSession(CatalinaCluster);org.apache.catalina.Session;1;1;5;0.8889;283;17;17;1;0;0.9750;32;32;4
org.apache.el.parser.ELParser.jj_ntk();org.apache.el.parser.Token;1;0;4;0.9701;2195;111;22;0;2;0.8824;24;3;8
org.apache.tomcat.util.net.NioEndpoint.SocketProcessor.run();org.apache.tomcat.util.net.NioEndpoint.Poller;5;0;2;0.9200;91;2;2;2;1;0.9302;395;15;7
org.apache.catalina.deploy.WebXml.mergeServlet(ServletDef, ServletDef, boolean);org.apache.catalina.deploy.ServletDef;0;0;0;0;0;0;0;0;0;0;0;0;0
org.apache.jasper.compiler.Validator.DirectiveVisitor.visit(Node.PageDirective);org.apache.jasper.compiler.Node.Root;6;0;4;0.9268;214;7;4;0;1;0.9773;56;2;8
org.apache.catalina.connector.Response.doIsEncodeable(Request, Session, String);org.apache.catalina.connector.Request;1;1;0;0.9896;578;70;19;3;0;0.9833;1084;128;51
org.apache.coyote.http11.AbstractHttp11Protocol.getCrlFile();org.apache.tomcat.util.net.AbstractEndpoint;0;0;0;0;0;0;0;0;0;0;0;0;0
org.apache.catalina.session.StandardSession.removeAttributeInternal(String, boolean);org.apache.tomcat.util.res.StringManager;1;2;3;0.9500;558;58;26;0;0;1.0000;36;3;3
org.apache.catalina.valves.CometConnectionManagerValve.lifecycleEvent(LifecycleEvent);org.apache.catalina.comet.CometEvent;4;0;3;0.8889;146;11;6;0;0;1.0000;6;6;2
org.apache.tomcat.util.digester.Digester.popParams();org.apache.tomcat.util.digester.ArrayStack;0;0;2;0.9853;849;103;29;1;0;0.9231;53;6;1
org.apache.catalina.core.ContainerBase.setCluster(Cluster);org.apache.catalina.Lifecycle;0;0;4;0.9674;603;62;29;2;0;0.8000;5;5;9
org.apache.catalina.core.StandardContext.addInjectionTarget(Injectable, Map<String,Map<String,String>>);org.apache.catalina.deploy.Injectable;1;0;0;1.0000;2385;204;107;2;0;0.6000;3;3;0
org.apache.tomcat.util.digester.Digester.pop();org.apache.tomcat.util.digester.ArrayStack;0;0;2;0.9851;849;103;29;1;0;0.9091;53;6;1
org.apache.catalina.tribes.transport.bio.util.FastQueue.setEnabled(boolean);org.apache.catalina.tribes.transport.bio.util.SingleRemoveSynchronizedAddLock;0;0;4;0.8400;172;11;14;1;0;0.9444;88;6;7
org.apache.jasper.compiler.Collector.collect(Compiler, Node.Nodes);org.apache.jasper.compiler.Compiler;1;0;0;1.0000;5;1;0;0;1;0.9524;285;11;8
org.apache.tomcat.util.bcel.classfile.FieldOrMethod.getName();org.apache.tomcat.util.bcel.classfile.ConstantPool;0;0;0;0;0;0;0;0;0;0;0;0;0
org.apache.catalina.mbeans.MBeanUtils.createObjectName(String, Valve);org.apache.catalina.Context;1;1;0;1.0000;853;61;5;1;0;0.9923;125;125;1
org.apache.catalina.connector.CoyoteAdapter.convertURI(MessageBytes, Request);org.apache.catalina.connector.Request;4;0;2;0.9630;505;11;8;0;1;0.9947;1084;128;51
org.apache.catalina.tribes.membership.McastServiceImpl.checkExpired();org.apache.catalina.tribes.membership.Membership;0;0;5;0.9024;308;12;27;1;0;0.9630;136;11;6
org.apache.catalina.core.ApplicationContextFacade.getClassLoader();org.apache.catalina.security.SecurityUtil;0;0;0;0;0;0;0;0;0;0;0;0;0
org.apache.catalina.tribes.membership.Membership.MemberComparator.compare(Member, Member);org.apache.catalina.tribes.Member;0;0;0;1.0000;6;1;0;1;0;0.9231;13;13;1
org.apache.catalina.core.NamingContextListener.lifecycleEvent(LifecycleEvent);org.apache.catalina.deploy.NamingResources;3;2;9;0.7857;745;23;11;2;0;0.9697;332;35;12
org.apache.catalina.mbeans.MBeanUtils.destroyMBean(Connector, Service);org.apache.catalina.Service;1;1;1;1.0000;853;61;5;1;0;0.9565;15;15;0
org.apache.catalina.ha.deploy.FarmWarDeployer.remove(String);org.apache.catalina.Container;0;5;3;0.8511;376;28;17;1;0;0.9773;34;34;6
org.apache.catalina.servlets.WebdavServlet.parseProperties(HttpServletRequest, XMLWriter, String, int, Vector<String>);org.apache.naming.resources.ResourceAttributes;3;2;3;0.9583;1460;29;23;4;0;0.9286;516;30;30
org.apache.naming.NamingContextEnumeration.nextElement();org.apache.naming.NamingEntry;1;0;1;0.8571;18;5;1;0;2;0.7143;16;2;7
org.apache.tomcat.util.digester.CallMethodRule.end(String, String);org.apache.tomcat.util.IntrospectionUtils;2;1;5;0.8065;206;7;7;1;0;1.0000;602;31;5
org.apache.jasper.JspCompilationContext.getResource(String);org.apache.jasper.compiler.JarResource;0;0;0;0;0;0;0;0;0;0;0;0;0
org.apache.coyote.http11.AbstractHttp11Protocol.setKeystorePass(String);org.apache.tomcat.util.net.AbstractEndpoint;0;0;0;0;0;0;0;0;0;0;0;0;0
org.apache.catalina.connector.Response.sendError(int, String);org.apache.catalina.connector.Request;2;5;3;0.9231;578;70;19;1;0;0.9945;1084;128;51
org.apache.catalina.mbeans.MBeanUtils.destroyMBean(Manager);org.apache.tomcat.util.modeler.ManagedBean;0;2;2;1.0000;853;61;5;1;0;0.9714;252;23;13
org.apache.tomcat.util.bcel.classfile.Constant.hashCode();org.apache.tomcat.util.bcel.util.BCELComparator;0;0;0;0;0;0;0;0;0;0;0;0;0
org.apache.catalina.users.MemoryUserDatabase.removeRole(Role);org.apache.catalina.Group;0;2;1;0.9118;252;22;10;1;0;0.9375;11;11;0
org.apache.jasper.compiler.Node.PlugIn.accept(Visitor);org.apache.jasper.compiler.Node.Visitor;0;0;0;1.0000;21;1;2;1;0;0.9714;126;35;0
org.apache.catalina.realm.RealmBase.findSecurityConstraints(Request, Context);org.apache.tomcat.util.buf.MessageBytes;0;1;1;0.9846;688;39;24;1;0;0.9811;402;31;17
org.apache.catalina.ssi.SSIMediator.getFileLastModified(String, boolean);org.apache.catalina.ssi.SSIExternalResolver;0;0;1;0.9615;190;16;13;1;0;0.8889;8;8;0
org.apache.coyote.http11.Http11NioProcessor.action(ActionCode, Object);org.apache.tomcat.util.net.NioEndpoint.KeyAttachment;12;1;19;0.8269;954;28;38;0;3;0.9647;155;14;15
org.apache.tomcat.util.http.mapper.Mapper.internalMapWrapper(Context, CharChunk, MappingData);org.apache.tomcat.util.buf.CharChunk;2;3;0;0.9444;816;39;4;4;3;0.8986;393;39;8
org.apache.el.parser.ELParserTokenManager.jjMoveStringLiteralDfa1_0(long);org.apache.el.parser.SimpleCharStream;0;3;2;0.8864;1035;33;25;1;0;0.9818;257;26;16
org.apache.coyote.RequestInfo.getRequestBytesSent();org.apache.coyote.Response;2;0;1;0.9643;134;13;14;0;1;0.9744;250;19;18
org.apache.catalina.session.PersistentManagerBase.stopInternal();org.apache.catalina.session.StandardSession;0;0;0;0;0;0;0;0;0;0;0;0;0
org.apache.jasper.compiler.JspDocumentParser.parseCustomAction(String, String, String, Attributes, Attributes, Attributes, Mark, Node);org.apache.jasper.compiler.Localizer;0;1;2;0.9318;649;28;20;1;0;1.0000;34;6;1
org.apache.coyote.http11.InternalNioOutputBuffer.sendAck();org.apache.tomcat.util.net.NioChannel;2;1;2;0.9318;294;26;16;0;1;0.9583;83;15;5
org.apache.jasper.compiler.Generator.GenerateVisitor.generateNamedAttributeValue(Node.NamedAttribute);org.apache.jasper.compiler.Generator;1;0;1;0.9851;1737;45;16;1;0;1.0000;781;28;16
org.apache.jasper.compiler.Validator.ValidateVisitor.visit(Node.JspRoot);org.apache.jasper.compiler.JspUtil;0;0;2;0.9773;710;36;19;1;0;1.0000;693;44;8
org.apache.catalina.tribes.group.interceptors.GzipInterceptor.messageReceived(ChannelMessage);org.apache.catalina.tribes.ChannelMessage;1;1;0;1.0000;47;5;1;1;0;0.9444;11;11;0
org.apache.catalina.connector.RequestFacade.GetHeaderNamesPrivilegedAction.run();org.apache.catalina.connector.Request;1;0;0;1.0000;3;1;0;1;0;0.9943;1084;128;51
org.apache.tomcat.util.net.AprEndpoint.SocketWithOptionsProcessor.run();org.apache.tomcat.util.net.AprEndpoint.Poller;2;0;1;0.8750;20;1;1;1;0;0.9444;168;4;7
org.apache.jasper.compiler.Validator.ValidateVisitor.validateFunctions(ELNode.Nodes, Node);org.apache.jasper.compiler.ErrorDispatcher;4;1;2;0.9412;710;36;19;1;0;0.9697;158;22;2
org.apache.catalina.ha.backend.TcpSender.send(String);org.apache.juli.logging.Log;2;1;6;0.4545;129;3;6;1;0;0.9630;18;18;0
org.apache.catalina.servlets.DefaultServlet.renderHtml(String, CacheEntry);org.apache.catalina.util.TomcatCSS;3;3;2;0.9286;994;37;18;0;1;1.0000;0;0;1
org.apache.coyote.http11.Http11NioProcessor.action(ActionCode, Object);org.apache.tomcat.util.buf.MessageBytes;12;1;19;0.8269;954;28;38;2;0;0.9798;402;31;17
org.apache.el.parser.ELParserTokenManager.getNextToken();org.apache.el.parser.TokenMgrError;1;3;7;0.8367;1035;33;25;0;1;1.0000;59;3;5
org.apache.catalina.valves.ErrorReportValve.report(Request, Response, Throwable);org.apache.tomcat.util.res.StringManager;2;1;1;0.9231;129;4;2;0;0;1.0000;36;3;3
org.apache.tomcat.util.net.AprEndpoint.Acceptor.run();org.apache.tomcat.jni.Socket;1;0;0;1.0000;20;1;0;2;0;1.0000;37;37;34
org.apache.coyote.http11.AbstractOutputBuffer.write(MessageBytes);org.apache.tomcat.util.buf.MessageBytes;0;0;0;0;0;0;0;0;0;0;0;0;0
org.apache.catalina.core.StandardContext.adjustURLPattern(String);org.apache.juli.logging.Log;1;1;1;0.9968;2385;204;107;2;0;0.8947;18;18;0
org.apache.catalina.tribes.group.interceptors.NonBlockingCoordinator.CoordinationMessage.getHeader();org.apache.catalina.tribes.group.interceptors.NonBlockingCoordinator;1;0;0;1.0000;90;8;7;0;1;1.0000;352;38;14
org.apache.catalina.core.StandardContext.startInternal();org.apache.catalina.Cluster;0;0;0;0;0;0;0;0;0;0;0;0;0
org.apache.el.parser.ELParser.DotSuffix();org.apache.el.parser.ELParserTreeConstants;4;1;1;0.9855;2195;111;22;0;1;0.9762;0;0;34
org.apache.el.parser.AstEqual.getValue(EvaluationContext);org.apache.el.parser.Node;0;0;0;1.0000;8;1;0;1;0;0.9375;15;15;0
org.apache.catalina.ha.session.JvmRouteSessionIDBinderListener.start();org.apache.tomcat.util.res.StringManager;0;0;1;0.9231;54;5;3;1;0;0.9091;36;3;3
org.apache.catalina.core.StandardWrapper.loadServlet();org.apache.catalina.Container;6;3;15;0.8729;712;75;32;1;0;0.9846;34;34;6
org.apache.catalina.core.ApplicationContextFacade.getServletRegistration(String);org.apache.catalina.core.ApplicationContext;0;0;0;0;0;0;0;0;0;0;0;0;0
org.apache.coyote.ajp.AjpAprProtocol.setThreadPriority(int);org.apache.tomcat.util.net.AbstractEndpoint;0;0;0;0;0;0;0;0;0;0;0;0;0
org.apache.catalina.core.NamingContextListener.createObjectName(ContextResource);org.apache.catalina.Container;1;0;1;0.9737;745;23;11;1;0;0.9756;34;34;6
org.apache.coyote.http11.Http11AprProcessor.parseHost(MessageBytes);org.apache.tomcat.util.buf.MessageBytes;6;0;6;0.9167;938;28;36;2;1;0.9464;402;31;17
org.apache.catalina.authenticator.AuthenticatorBase.invoke(Request, Response);org.apache.catalina.Container;2;1;6;0.9074;286;20;18;1;0;0.9836;34;34;6
org.apache.el.parser.AstValue.getValue(EvaluationContext);org.apache.el.lang.EvaluationContext;0;0;0;1.0000;103;8;1;2;0;0.8571;35;7;3
org.apache.tomcat.util.http.mapper.Mapper.map(MessageBytes, MessageBytes, MappingData);org.apache.tomcat.util.buf.CharChunk;1;1;1;0.9394;816;39;4;1;0;0.9811;393;39;8
org.apache.el.parser.ELParser.ReInit(java.io.Reader);org.apache.el.parser.JJTELParserState;1;0;8;0.9398;2195;111;22;1;0;0.9600;74;10;5
org.apache.catalina.ha.tcp.ReplicationValve.sendInvalidSessions(ClusterManager, CatalinaCluster);org.apache.catalina.ha.ClusterManager;1;1;2;0.9697;283;17;17;1;0;0.9412;15;15;0
org.apache.jasper.compiler.Validator.ValidateVisitor.checkNamedAttributes(Node.CustomTag, Node.JspAttribute[], int, Hashtable<String,Object>);org.apache.jasper.compiler.Node;3;0;1;0.9825;710;36;19;1;3;0.9000;170;7;15
org.apache.tomcat.util.http.fileupload.MultipartStream.ItemInputStream.skip(long);org.apache.tomcat.util.http.fileupload.MultipartStream;0;0;0;0;0;0;0;0;0;0;0;0;0
org.apache.catalina.core.ApplicationContext.getRealPath(String);org.apache.catalina.core.StandardContext;0;0;2;0.9643;460;47;13;1;0;0.9968;2385;204;107
org.apache.tomcat.util.net.JIoEndpoint.SocketProcessor.run();org.apache.tomcat.util.net.SocketWrapper;0;0;0;0;0;0;0;0;0;0;0;0;0
org.apache.el.parser.ELParser.jj_3R_69();org.apache.el.parser.ELParserConstants;1;1;0;0.9924;2195;111;22;0;1;0.9828;0;0;57
org.apache.jasper.compiler.ParserController.parse(String);org.apache.jasper.JspCompilationContext;1;1;3;0.8519;284;13;13;0;2;0.9692;420;31;31
org.apache.jasper.compiler.Generator.GenerateVisitor.visit(Node.UseBean);org.apache.jasper.compiler.Node;7;0;1;0.9877;1737;45;16;1;2;0.9348;170;7;15
org.apache.catalina.connector.Response.hasScheme(String);org.apache.tomcat.util.net.URL;0;0;0;1.0000;578;70;19;1;0;1.0000;298;17;9
org.apache.catalina.loader.WebappClassLoader.getResourceAsStream(String);org.apache.juli.logging.Log;0;2;5;0.9155;1193;44;30;2;0;0.9167;18;18;0
org.apache.catalina.connector.ResponseFacade.SetContentTypePrivilegedAction.run();org.apache.catalina.connector.ResponseFacade;1;0;1;0.6667;7;1;1;0;1;0.9767;224;40;2
org.apache.catalina.ha.session.JvmRouteBinderValve.changeSessionID(Request, String, String, Session);org.apache.juli.logging.Log;1;2;3;0.8519;200;15;9;2;0;0.9231;18;18;0
org.apache.catalina.startup.TldConfig.tldScanWebXml();org.apache.tomcat.util.res.StringManager;0;0;0;0;0;0;0;0;0;0;0;0;0
org.apache.catalina.mbeans.ServerLifecycleListener.destroyMBeans(ContextResource);org.apache.juli.logging.Log;0;0;1;1.0000;569;32;2;2;0;0.8889;18;18;0
org.apache.catalina.connector.Response.getWriter();org.apache.tomcat.util.res.StringManager;2;2;5;0.9318;578;70;19;0;0;1.0000;36;3;3
org.apache.jasper.compiler.Generator.TagHandlerPoolVisitor.createTagHandlerPoolName(String, String, Attributes, Node.Nodes, boolean);org.apache.jasper.compiler.JspUtil;2;0;0;1.0000;37;2;1;1;0;1.0000;693;44;8
org.apache.coyote.http11.AbstractHttp11Protocol.getExecutor();org.apache.tomcat.util.net.AbstractEndpoint;0;0;0;0;0;0;0;0;0;0;0;0;0
org.apache.jasper.compiler.Generator.GenerateVisitor.prepareParams(Node);org.apache.jasper.compiler.Node;2;0;0;1.0000;1737;45;16;0;1;0.9655;170;7;15
org.apache.tomcat.util.net.NioEndpoint.Poller.register(NioChannel);org.apache.tomcat.util.net.NioEndpoint.KeyAttachment;3;1;0;0.9688;395;15;7;2;1;0.9211;155;14;15
org.apache.catalina.realm.RealmBase.hasUserDataPermission(Request, Response, SecurityConstraint[]);org.apache.juli.logging.Log;2;0;1;1.0000;688;39;24;2;0;0.9310;18;18;0
org.apache.catalina.startup.HostConfig.deployDirectory(String, File, String);org.apache.juli.logging.Log;2;3;7;0.8793;755;35;15;4;0;0.8824;18;18;0
org.apache.el.parser.AstChoice.getValue(EvaluationContext);org.apache.el.parser.Node;0;0;0;1.0000;12;2;0;1;0;0.9375;15;15;0
org.apache.tomcat.util.bcel.classfile.ConstantValue.toString();org.apache.tomcat.util.bcel.classfile.Constant;0;0;0;0;0;0;0;0;0;0;0;0;0
org.apache.catalina.tribes.transport.nio.NioReceiver.stopListening();org.apache.juli.logging.Log;0;1;2;0.9091;269;15;8;1;0;0.9524;18;18;0
org.apache.catalina.valves.ExtendedAccessLogValve.RequestHeaderElement.addElement(StringBuilder, Date, Request, Response, long);org.apache.catalina.connector.Request;0;0;1;0.6667;6;1;1;1;0;0.9943;1084;128;51
org.apache.catalina.mbeans.MBeanFactory.getParentContainerFromChild(ObjectName);org.apache.catalina.core.ContainerBase;0;2;0;0.9459;432;35;2;1;0;0.9891;603;62;29
org.apache.tomcat.util.net.AbstractEndpoint.adjustRelativePath(String, String);org.apache.juli.logging.Log;0;0;0;0;0;0;0;0;0;0;0;0;0
org.apache.tomcat.util.modeler.modules.MbeansDescriptorsDigesterSource.createDigester(Registry);org.apache.tomcat.util.digester.Digester;1;0;0;1.0000;77;3;7;5;2;0.9474;849;103;29
org.apache.tomcat.util.modeler.BaseModelMBean.addNotificationListener(NotificationListener, NotificationFilter, Object);org.apache.tomcat.util.modeler.BaseNotificationBroadcaster;0;0;3;0.9444;284;28;9;1;0;0.9091;54;6;1
org.apache.tomcat.util.bcel.classfile.ClassParser.readAttributes();org.apache.tomcat.util.bcel.classfile.Attribute;0;0;0;0;0;0;0;0;0;0;0;0;0
org.apache.catalina.startup.Tomcat.initWebappDefaults(Context);org.apache.catalina.Container;0;1;1;0.9756;218;21;14;0;0;1.0000;34;34;6
org.apache.coyote.http11.Http11Processor.process(SocketWrapper<Socket>);org.apache.coyote.http11.InternalInputBuffer;0;0;0;0;0;0;0;0;0;0;0;0;0
org.apache.coyote.http11.Http11AprProcessor.asyncDispatch(long, SocketStatus);org.apache.coyote.Request;0;0;0;0;0;0;0;0;0;0;0;0;0
org.apache.jasper.compiler.TagLibraryInfoImpl.createTagFileInfo(TreeNode, JarResource);org.apache.jasper.xmlparser.TreeNode;0;0;4;0.8519;523;14;6;3;0;0.8929;109;13;5
org.apache.catalina.core.StandardPipeline.addValve(Valve);org.apache.catalina.Container;0;1;5;0.8214;234;16;8;0;0;1.0000;34;34;6
org.apache.catalina.servlets.WebdavServlet.copyResource(HttpServletRequest, HttpServletResponse);org.apache.catalina.util.RequestUtil;1;4;1;0.8611;1460;29;23;2;0;1.0000;183;13;1
org.apache.catalina.ha.tcp.SimpleTcpCluster.startInternal();org.apache.catalina.ha.ClusterDeployer;0;0;0;0;0;0;0;0;0;0;0;0;0
org.apache.catalina.startup.UserConfig.start();org.apache.tomcat.util.res.StringManager;1;1;2;0.8889;89;10;8;0;0;1.0000;36;3;3
org.apache.jasper.compiler.Parser.parseUseBean(Node);org.apache.jasper.compiler.JspReader;0;2;2;0.9385;1203;56;14;1;0;0.9750;322;25;9
org.apache.catalina.ha.session.DeltaSession.expire(boolean, boolean);org.apache.catalina.ha.ClusterManager;1;0;3;0.9815;379;41;7;1;0;0.9545;15;15;0
org.apache.catalina.valves.PersistentValve.invoke(Request, Response);org.apache.catalina.connector.Request;1;1;1;0.9655;76;3;2;3;0;0.9848;1084;128;51
org.apache.catalina.core.StandardPipeline.addValve(Valve);org.apache.catalina.Contained;0;1;5;0.8214;234;16;8;1;0;0.9091;2;2;0
org.apache.catalina.connector.CoyoteAdapter.log(org.apache.coyote.Request, org.apache.coyote.Response, long);org.apache.catalina.Service;0;0;0;0;0;0;0;0;0;0;0;0;0
org.apache.jasper.compiler.Validator.ValidateVisitor.getJspAttribute(TagAttributeInfo, String, String, String, String, Node, boolean);org.apache.jasper.compiler.ELParser;6;0;2;0.9630;710;36;19;1;0;1.0000;204;12;8
org.apache.catalina.startup.SetParentClassLoaderRule.begin(String, String, Attributes);org.apache.juli.logging.Log;1;0;1;0.8571;8;1;1;2;0;0.9130;18;18;0
org.apache.el.parser.ELParser.Unary();org.apache.el.parser.ELParserConstants;2;4;4;0.9533;2195;111;22;0;12;0.8310;0;0;57
org.apache.catalina.servlets.WebdavServlet.parseLockNullProperties(HttpServletRequest, XMLWriter, String, int, Vector<String>);org.apache.catalina.servlets.WebdavStatus;2;3;4;0.8974;1460;29;23;1;2;1.0000;12;2;27
org.apache.coyote.ajp.AjpMessage.appendByteChunk(ByteChunk);org.apache.tomcat.util.res.StringManager;1;3;2;0.8966;235;23;5;1;0;0.9167;36;3;3
org.apache.jasper.compiler.Node.VariableDirective.accept(Visitor);org.apache.jasper.compiler.Node.Visitor;0;0;0;1.0000;9;1;0;1;0;0.9714;126;35;0
org.apache.catalina.connector.CoyoteAdapter.postParseRequest(org.apache.coyote.Request, Request, org.apache.coyote.Response, Response);org.apache.catalina.core.ApplicationSessionCookieConfig;0;0;0;0;0;0;0;0;0;0;0;0;0
org.apache.tomcat.util.bcel.classfile.JavaClass.hashCode();org.apache.tomcat.util.bcel.util.BCELComparator;0;0;0;0;0;0;0;0;0;0;0;0;0
org.apache.tomcat.util.digester.Digester.startElement(String, String, String, Attributes);org.apache.juli.logging.Log;1;3;6;0.9343;849;103;29;3;0;0.8966;18;18;0
org.apache.catalina.tribes.io.ChannelData.getDataFromPackage(byte[]);org.apache.catalina.tribes.io.XByteBuffer;1;0;5;0.7500;165;14;7;3;1;0.9333;317;36;7
org.apache.jasper.compiler.JspDocumentParser.checkScriptingBody(Node.ScriptingElement);org.apache.jasper.compiler.TagConstants;2;0;0;1.0000;649;28;20;0;3;1.0000;0;0;57
org.apache.tomcat.util.buf.MessageBytes.getInt();org.apache.tomcat.util.buf.ByteChunk;0;1;5;0.8837;402;31;17;1;0;0.9808;425;43;10
org.apache.catalina.core.StandardContext.removeServletMapping(String);org.apache.catalina.Wrapper;0;0;3;0.9904;2385;204;107;1;0;0.9737;32;32;0
org.apache.tomcat.util.buf.MessageBytes.startsWithIgnoreCase(String, int);org.apache.tomcat.util.buf.CharChunk;0;0;7;0.9091;402;31;17;1;0;0.9811;393;39;8
org.apache.el.parser.AstIdentifier.invoke(EvaluationContext, Class<?>[], Object[]);org.apache.el.lang.EvaluationContext;1;1;0;0.8750;78;7;0;0;1;0.9167;35;7;3
org.apache.catalina.session.ManagerBase.getObjectNameKeyProperties();org.apache.catalina.Container;0;0;0;0;0;0;0;0;0;0;0;0;0
org.apache.catalina.startup.HostConfig.lifecycleEvent(LifecycleEvent);org.apache.juli.logging.Log;3;3;7;0.8462;755;35;15;1;0;0.9688;18;18;0
org.apache.catalina.connector.RequestFacade.getCookies();org.apache.tomcat.util.res.StringManager;1;0;2;0.9865;462;73;2;0;0;1.0000;36;3;3
org.apache.catalina.manager.ManagerServlet.start(PrintWriter, String);org.apache.catalina.Lifecycle;1;0;3;0.9565;913;34;13;1;0;0.8889;5;5;9
org.apache.coyote.ajp.AjpProtocol.AjpConnectionHandler.register(AjpProcessor);org.apache.coyote.ajp.AjpProtocol;4;0;3;0.8235;80;4;4;1;2;0.9655;201;32;16
org.apache.catalina.core.StandardContext.getAuthenticator();org.apache.catalina.Pipeline;0;0;0;0;0;0;0;0;0;0;0;0;0
org.apache.tomcat.util.digester.CallMethodRule.end(String, String);org.apache.juli.logging.Log;2;1;5;0.8065;206;7;7;4;0;0.8667;18;18;0
org.apache.jasper.compiler.Generator.GenBuffer.adjustJavaLines(int);org.apache.jasper.compiler.Node.Nodes;0;1;2;0.7500;47;3;4;1;0;0.9167;43;5;3
org.apache.naming.NamingService.start();org.apache.naming.Constants;2;0;4;0.6364;71;8;4;0;1;1.0000;0;0;2
org.apache.catalina.core.ApplicationContext.createFilter(Class<T>);org.apache.tomcat.InstanceManager;0;0;0;1.0000;460;47;13;0;0;1.0000;4;4;0
org.apache.coyote.http11.Http11NioProtocol.Http11ConnectionHandler.release(NioChannel);org.apache.coyote.http11.Http11NioProcessor;0;0;2;0.8462;166;8;6;1;0;0.9851;954;28;38
org.apache.tomcat.util.buf.MessageBytes.getLength();org.apache.tomcat.util.buf.ByteChunk;0;1;7;0.8864;402;31;17;1;0;0.9811;425;43;10
org.apache.catalina.connector.RequestFacade.logout();org.apache.catalina.connector.Request;0;0;1;0.9865;462;73;2;1;0;0.9943;1084;128;51
org.apache.coyote.http11.Http11AprProtocol.getSSLVerifyDepth();org.apache.tomcat.util.net.AprEndpoint;1;0;1;0.9901;387;76;26;0;1;0.9875;629;27;59
org.apache.catalina.startup.WebRuleSet.recycle();org.apache.catalina.startup.SetLoginConfig;3;0;3;0.7500;183;4;4;0;1;0.8750;8;1;1
org.apache.catalina.core.StandardContext.checkUnusualURLPattern(String);org.apache.juli.logging.Log;0;0;1;1.0000;2385;204;107;2;0;0.8947;18;18;0
org.apache.catalina.session.PersistentManagerBase.setContainer(Container);org.apache.catalina.Context;0;0;0;1.0000;420;33;13;1;0;0.9923;125;125;1
org.apache.tomcat.util.http.mapper.Mapper.map(MessageBytes, MappingData);org.apache.tomcat.util.buf.CharChunk;2;1;1;0.9375;816;39;4;0;1;0.9808;393;39;8
org.apache.catalina.servlets.DefaultServlet.copy(CacheEntry, ServletOutputStream, Range);org.apache.naming.resources.Resource;1;1;1;0.9615;994;37;18;1;0;0.9091;23;1;2
org.apache.el.parser.AstMinus.getValue(EvaluationContext);org.apache.el.lang.ELArithmetic;0;0;0;1.0000;8;1;0;1;0;1.0000;96;16;5
org.apache.tomcat.util.http.Cookies.getTokenEndPosition(byte, int, int, int, boolean);org.apache.tomcat.util.http.CookieSupport;0;0;0;0;0;0;0;0;0;0;0;0;0
org.apache.catalina.connector.CoyoteAdapter.convertURI(MessageBytes, Request);org.apache.tomcat.util.buf.CharChunk;4;0;2;0.9630;505;11;8;3;3;0.9000;393;39;8
org.apache.catalina.core.ContainerBase.setResources(DirContext);org.apache.naming.resources.ProxyDirContext;1;2;2;0.9551;603;62;29;0;2;1.0000;469;64;15
org.apache.catalina.core.ApplicationJspPropertyGroupDescriptor.getBuffer();org.apache.catalina.deploy.JspPropertyGroup;0;0;0;0;0;0;0;0;0;0;0;0;0
org.apache.catalina.tribes.tipis.AbstractReplicatedMap.replyRequest(Serializable, Member);org.apache.catalina.tribes.Channel;0;1;3;0.9459;740;50;17;1;0;0.9643;15;15;13
org.apache.catalina.connector.OutputBuffer.setBufferSize(int);org.apache.tomcat.util.buf.ByteChunk;1;0;1;0.9750;207;25;15;0;1;0.9792;425;43;10
org.apache.catalina.connector.Request.getRequestDispatcher(String);org.apache.catalina.Globals;1;3;1;0.9769;1084;128;51;0;1;1.0000;0;0;39
org.apache.naming.ContextBindings.bindContext(Object, Context, Object);org.apache.naming.ContextAccessController;0;0;1;1.0000;112;21;6;1;0;1.0000;25;6;2
org.apache.catalina.connector.RequestFacade.getServerName();org.apache.catalina.connector.Request;1;0;2;0.9865;462;73;2;1;0;0.9943;1084;128;51
org.apache.naming.resources.FileDirContext.list(File);org.apache.juli.logging.Log;1;2;3;0.8824;229;25;6;1;0;0.9600;18;18;0
org.apache.catalina.startup.HostConfig.undeployApps();org.apache.tomcat.util.res.StringManager;1;0;4;0.9608;755;35;15;0;0;1.0000;36;3;3
org.apache.catalina.core.ApplicationServletRegistration.getName();org.apache.catalina.Container;0;0;0;0;0;0;0;0;0;0;0;0;0
org.apache.jasper.compiler.TagLibraryInfoImpl.createTagInfo(TreeNode, String);org.apache.jasper.xmlparser.TreeNode;0;2;3;0.8214;523;14;6;4;0;0.8621;109;13;5
org.apache.jasper.compiler.TagFileProcessor.loadTagFile(Compiler, String, TagInfo, PageInfo);org.apache.jasper.compiler.TldLocation;0;0;0;0;0;0;0;0;0;0;0;0;0
org.apache.jasper.compiler.PageDataImpl.FirstPassVisitor.visit(Node.Root);org.apache.jasper.compiler.PageInfo;4;0;4;0.6667;65;4;4;1;1;0.9753;319;30;44
org.apache.coyote.http11.Http11AprProcessor.action(ActionCode, Object);org.apache.tomcat.util.net.AbstractEndpoint;0;0;0;0;0;0;0;0;0;0;0;0;0
org.apache.catalina.startup.ContextConfig.configureStart();org.apache.catalina.Context;0;0;0;0;0;0;0;0;0;0;0;0;0
org.apache.jasper.compiler.TldLocationsCache.init();org.apache.jasper.compiler.JarScannerFactory;0;0;0;0;0;0;0;0;0;0;0;0;0
org.apache.jasper.compiler.TagFileProcessor.TagFileDirectiveVisitor.visit(Node.AttributeDirective);org.apache.jasper.compiler.JspUtil;0;1;6;0.8148;213;8;24;2;0;1.0000;693;44;8
org.apache.catalina.ha.tcp.ReplicationValve.createPrimaryIndicator(Request);org.apache.catalina.ha.ClusterSession;1;0;3;0.9750;283;17;17;1;0;0.9091;2;2;0
org.apache.catalina.mbeans.ContextResourceLinkMBean.setAttribute(Attribute);org.apache.catalina.deploy.ContextResourceLink;0;0;0;1.0000;19;1;0;0;0;1.0000;27;2;2
org.apache.catalina.core.ApplicationDispatcher.doForward(ServletRequest, ServletResponse);org.apache.catalina.Globals;3;4;7;0.7143;419;14;10;0;6;1.0000;0;0;39
org.apache.coyote.ajp.AjpAprProcessor.prepareRequest();org.apache.coyote.ajp.Constants;7;1;8;0.8831;616;13;30;0;20;1.0000;5;1;105
org.apache.coyote.http11.Http11Processor.endRequest();org.apache.coyote.Response;0;0;0;0;0;0;0;0;0;0;0;0;0
org.apache.catalina.mbeans.ContextResourceLinkMBean.getAttribute(String);org.apache.catalina.deploy.ResourceBase;0;0;0;0;0;0;0;0;0;0;0;0;0
org.apache.catalina.core.NamingContextListener.containerEvent(ContainerEvent);org.apache.catalina.ContainerEvent;0;15;3;0.5500;745;23;11;2;0;0.9394;18;4;3
org.apache.jasper.compiler.Validator.ValidateVisitor.validateFunctions(ELNode.Nodes, Node);org.apache.jasper.compiler.Node;4;1;2;0.9412;710;36;19;1;0;0.9744;170;7;15
org.apache.jasper.compiler.Generator.GenerateVisitor.prepareParams(Node);org.apache.jasper.compiler.Node.Nodes;2;0;0;1.0000;1737;45;16;2;0;0.8182;43;5;3
org.apache.tomcat.util.modeler.Registry.findManagedBeans(String);org.apache.tomcat.util.modeler.ManagedBean;0;0;1;0.9767;446;36;10;2;0;0.9429;252;23;13
org.apache.tomcat.util.net.AprEndpoint.SocketEventProcessor.run();org.apache.tomcat.util.net.AprEndpoint.Handler;2;0;2;0.6667;10;1;2;1;1;0.6667;2;2;1
org.apache.catalina.connector.ResponseFacade.setStatus(int, String);org.apache.catalina.connector.Response;0;1;1;0.9512;224;40;2;1;0;0.9889;578;70;19
org.apache.el.parser.AstValue.getTarget(EvaluationContext);org.apache.el.util.MessageFactory;0;0;0;1.0000;103;8;1;1;0;1.0000;24;7;1
org.apache.catalina.tribes.group.GroupChannel.InterceptorIterator.next();org.apache.catalina.tribes.ChannelInterceptor;0;1;1;0.6667;17;3;2;1;0;0.9444;16;16;0
org.apache.catalina.tribes.tipis.AbstractReplicatedMap.MapMessage.readMembers(ObjectInput);org.apache.catalina.tribes.membership.MemberImpl;0;0;0;1.0000;159;12;20;1;0;1.0000;300;29;19
org.apache.catalina.connector.RequestFacade.getAttributeNames();org.apache.tomcat.util.res.StringManager;2;0;2;0.9865;462;73;2;0;0;1.0000;36;3;3
org.apache.catalina.tribes.group.GroupChannel.send(Member[], Serializable, int, ErrorHandler);org.apache.catalina.tribes.util.Arrays;5;1;0;0.9783;268;24;8;1;0;1.0000;149;24;1
org.apache.catalina.valves.ExtendedAccessLogValve.open();org.apache.catalina.util.ServerInfo;0;0;0;1.0000;367;10;2;1;0;1.0000;19;4;3
org.apache.catalina.ha.deploy.FarmWarDeployer.install(String, URL);org.apache.catalina.ha.CatalinaCluster;0;0;2;0.9796;376;28;17;3;0;0.8800;20;20;1
org.apache.coyote.http11.Http11NioProcessor.prepareRequest();org.apache.coyote.http11.Constants;7;3;13;0.8222;954;28;38;0;8;1.0000;0;0;44
org.apache.tomcat.util.modeler.ManagedBean.getMBeanInfo();org.apache.tomcat.util.modeler.AttributeInfo;0;5;1;0.8333;252;23;13;1;0;0.9545;55;8;7
org.apache.coyote.ajp.AjpProtocol.getAddress();org.apache.tomcat.util.net.AbstractEndpoint;0;0;0;0;0;0;0;0;0;0;0;0;0
org.apache.catalina.manager.ManagerServlet.reload(PrintWriter, String);org.apache.catalina.util.RequestUtil;1;0;4;0.9348;913;34;13;1;0;1.0000;183;13;1
org.apache.catalina.connector.Request.removeAttribute(String);org.apache.catalina.Globals;3;1;5;0.9718;1084;128;51;0;1;1.0000;0;0;39
org.apache.catalina.mbeans.ServerLifecycleListener.destroyMBeans(ContextResourceLink);org.apache.juli.logging.Log;0;0;1;1.0000;569;32;2;2;0;0.8889;18;18;0
org.apache.jasper.compiler.Validator.DirectiveVisitor.compareTagEncodings(String, Node.TagDirective);org.apache.jasper.compiler.Node.Root;1;0;1;0.9375;214;7;4;0;4;0.7143;56;2;8
org.apache.tomcat.util.bcel.classfile.StackMapTableEntry.dump(DataOutputStream);org.apache.tomcat.util.bcel.classfile.StackMapType;0;0;0;0;0;0;0;0;0;0;0;0;0
org.apache.jasper.servlet.JspServletWrapper.getServlet();org.apache.jasper.JspCompilationContext;1;1;5;0.8125;314;11;15;2;1;0.9565;420;31;31
org.apache.naming.resources.ProxyDirContext.cacheLookup(String);org.apache.naming.resources.ResourceCache;1;4;3;0.9136;469;64;15;1;0;0.9630;211;7;10
org.apache.catalina.session.StoreBase.processExpires();org.apache.juli.logging.Log;0;1;2;0.8966;85;12;7;3;0;0.9032;18;18;0
org.apache.tomcat.util.http.mapper.Mapper.internalMapExtensionWrapper(Wrapper[], CharChunk, MappingData);org.apache.tomcat.util.http.mapper.MappingData;2;1;0;1.0000;816;39;4;0;3;0.8235;11;1;9
org.apache.coyote.ajp.AjpAprProcessor.asyncDispatch(long, SocketStatus);org.apache.coyote.Adapter;0;0;0;0;0;0;0;0;0;0;0;0;0
org.apache.naming.factory.webservices.ServiceRefFactory.getObjectInstance(Object, Name, Context, Hashtable<?,?>);org.apache.naming.HandlerRef;0;0;0;0;0;0;0;0;0;0;0;0;0
org.apache.catalina.core.ApplicationContext.getRequestDispatcher(String);org.apache.tomcat.util.http.mapper.MappingData;3;1;3;0.9565;460;47;13;1;3;0.8261;11;1;9
org.apache.jasper.compiler.Dumper.dump(Node.Nodes);org.apache.jasper.compiler.Node.Nodes;0;0;0;1.0000;16;2;0;1;0;0.9000;43;5;3
org.apache.catalina.startup.ContextConfig.parseWebXml(InputSource, WebXml, boolean);org.apache.tomcat.util.digester.Digester;0;0;0;0;0;0;0;0;0;0;0;0;0
org.apache.tomcat.util.net.NioEndpoint.Poller.processSendfile(SelectionKey, KeyAttachment, boolean, boolean);org.apache.tomcat.util.net.SocketWrapper;0;0;0;0;0;0;0;0;0;0;0;0;0
org.apache.catalina.deploy.WebXml.toXml();org.apache.catalina.deploy.ContextEjb;10;2;30;0.7787;1446;42;41;3;0;0.9651;45;4;3
org.apache.catalina.servlets.DefaultServlet.copy(CacheEntry, InputStream, ServletOutputStream);org.apache.naming.resources.Resource;2;1;1;0.9608;994;37;18;1;1;0.7778;23;1;2
org.apache.catalina.core.NamingContextListener.addEnvironment(ContextEnvironment);org.apache.catalina.deploy.ContextEnvironment;2;0;3;0.9459;745;23;11;3;0;0.8500;64;8;7
org.apache.catalina.startup.ServiceQnameRule.body(String, String, String);org.apache.catalina.deploy.ContextService;0;0;0;1.0000;15;1;0;2;0;0.9259;114;18;6
org.apache.catalina.core.ApplicationContextFacade.addFilter(String, Filter);org.apache.catalina.core.ApplicationContext;0;1;1;0.9600;426;46;3;1;0;0.9828;460;47;13
org.apache.catalina.connector.Request.recycle();org.apache.catalina.connector.CoyoteReader;3;0;36;0.8011;1084;128;51;1;0;0.9831;102;12;4
org.apache.catalina.valves.ErrorReportValve.invoke(Request, Response);org.apache.tomcat.util.ExceptionUtils;0;0;0;0;0;0;0;0;0;0;0;0;0
org.apache.catalina.startup.SetPublicIdRule.begin(String, String, Attributes);org.apache.tomcat.util.digester.Digester;1;0;1;0.8750;20;1;1;2;1;0.9783;849;103;29
org.apache.jasper.compiler.ParserController.getJspConfigPageEncoding(String);org.apache.jasper.compiler.JspConfig.JspProperty;2;0;1;0.9655;284;13;13;0;1;0.9231;34;0;8
org.apache.catalina.loader.WebappLoader.stopInternal();org.apache.catalina.core.StandardContext;0;0;0;0;0;0;0;0;0;0;0;0;0
org.apache.jasper.compiler.PageDataImpl.SecondPassVisitor.appendTagDirective(Node.TagDirective);org.apache.jasper.compiler.Node;2;1;0;0.9792;307;41;6;0;1;0.9643;170;7;15
org.apache.catalina.core.ApplicationFilterRegistration.addMappingForUrlPatterns(EnumSet<DispatcherType>, boolean, String);org.apache.catalina.deploy.FilterDef;0;0;0;0;0;0;0;0;0;0;0;0;0
org.apache.jasper.compiler.Generator.GenerateVisitor.createTagVarName(String, String, String);org.apache.jasper.compiler.JspUtil;0;0;1;0.9833;1737;45;16;1;0;1.0000;693;44;8
org.apache.coyote.http11.AbstractHttp11Protocol.setExecutor(Executor);org.apache.tomcat.util.net.AbstractEndpoint;0;0;0;0;0;0;0;0;0;0;0;0;0
org.apache.catalina.connector.InputBuffer.skip(long);org.apache.tomcat.util.buf.CharChunk;3;0;3;0.9474;210;19;17;2;2;0.9200;393;39;8
org.apache.jasper.compiler.Generator.GenerateVisitor.generateCustomStart(Node.CustomTag, TagHandlerInfo, String, String, String);org.apache.jasper.compiler.Node.CustomTag;6;1;2;0.9620;1737;45;16;1;5;0.8929;229;10;26
org.apache.catalina.users.MemoryUser.toString();org.apache.catalina.Role;0;0;2;0.9000;108;12;3;1;0;0.9091;5;5;0
org.apache.catalina.startup.ContextConfig.getWebXmlSource(String, String);org.apache.juli.logging.Log;0;0;0;0;0;0;0;0;0;0;0;0;0
org.apache.el.parser.AstNot.getValue(EvaluationContext);org.apache.el.parser.Node;0;0;0;1.0000;11;2;0;1;0;0.9375;15;15;0
org.apache.catalina.core.ApplicationContextFacade.getJspConfigDescriptor();org.apache.catalina.security.SecurityUtil;0;0;0;0;0;0;0;0;0;0;0;0;0
org.apache.catalina.startup.ContextConfig.FragmentJarScannerCallback.scan(JarURLConnection);org.apache.tomcat.util.ExceptionUtils;0;0;0;0;0;0;0;0;0;0;0;0;0
org.apache.catalina.core.ApplicationPart.getHeaderNames();org.apache.tomcat.util.http.fileupload.DiskFileItem;0;0;0;0;0;0;0;0;0;0;0;0;0
org.apache.coyote.http11.Http11AprProtocol.setSSLProtocol(String);org.apache.tomcat.util.net.AprEndpoint;1;0;1;0.9901;387;76;26;0;1;0.9875;629;27;59
org.apache.catalina.core.ApplicationFilterConfig.setFilterDef(FilterDef);org.apache.juli.logging.Log;2;1;3;0.7895;121;10;5;1;0;0.9615;18;18;0
org.apache.catalina.connector.Response.getLocale();org.apache.coyote.Response;1;0;1;0.9886;578;70;19;0;1;0.9737;250;19;18
org.apache.catalina.tribes.transport.bio.BioReceiver.getReplicationThread();org.apache.catalina.tribes.transport.AbstractRxTask;1;0;0;1.0000;94;7;2;0;2;0.7500;37;1;6
org.apache.tomcat.util.bcel.classfile.ConstantPool.constantToString(Constant);org.apache.tomcat.util.bcel.classfile.Constant;0;0;0;0;0;0;0;0;0;0;0;0;0
org.apache.catalina.valves.AccessLogValve.SessionAttributeElement.addElement(StringBuilder, Date, Request, Response, long);org.apache.catalina.connector.Request;0;0;1;0.5000;24;1;1;1;0;0.9943;1084;128;51
org.apache.catalina.connector.CoyoteAdapter.service(org.apache.coyote.Request, org.apache.coyote.Response);org.apache.coyote.RequestInfo;8;0;4;0.9524;505;11;8;0;1;0.9833;134;13;14
org.apache.jasper.compiler.Generator.genPreamblePackage(String);org.apache.jasper.compiler.ServletWriter;0;0;1;0.9737;781;28;16;2;0;0.8889;65;13;6
org.apache.catalina.util.ExtensionValidator.getManifest(InputStream);org.apache.tomcat.util.ExceptionUtils;0;0;0;0;0;0;0;0;0;0;0;0;0
org.apache.catalina.startup.Embedded.createConnector(String, int, String);org.apache.juli.logging.Log;1;0;1;1.0000;372;34;11;3;0;0.8571;18;18;0
org.apache.jasper.runtime.BodyContentImpl.clear();org.apache.jasper.Constants;1;0;4;0.9231;249;35;6;0;1;1.0000;0;0;34
org.apache.coyote.http11.Http11Processor.action(ActionCode, Object);org.apache.coyote.http11.InputFilter;6;1;18;0.8068;847;26;37;1;0;0.9804;7;7;0
org.apache.catalina.core.ApplicationContext.populateSessionTrackingModes();org.apache.catalina.connector.Connector;0;0;0;0;0;0;0;0;0;0;0;0;0
org.apache.catalina.connector.InputBuffer.recycle();org.apache.tomcat.util.buf.B2CConverter;1;0;10;0.7619;210;19;17;1;0;0.9643;39;4;7
org.apache.catalina.mbeans.ServerLifecycleListener.containerEvent(ContainerEvent);org.apache.catalina.ContainerEvent;1;2;1;0.9444;569;32;2;3;0;0.7273;18;4;3
org.apache.coyote.ajp.AjpProtocol.resume();org.apache.tomcat.util.net.JIoEndpoint;1;1;3;0.9608;201;32;16;1;0;0.9800;312;23;26
org.apache.tomcat.util.net.SecureNioChannel.flush(boolean, Selector, long, MutableInteger);org.apache.tomcat.util.net.NioSelectorPool;0;1;2;0.8750;255;15;8;1;0;0.9545;182;9;12
org.apache.catalina.util.RequestUtil.URLDecode(byte[], String, boolean);org.apache.tomcat.util.res.StringManager;0;1;0;1.0000;183;13;1;0;0;1.0000;36;3;3
org.apache.catalina.core.ApplicationServletRegistration.getRunAsRole();org.apache.catalina.Wrapper;0;0;0;0;0;0;0;0;0;0;0;0;0
org.apache.catalina.core.StandardWrapper.loadServlet();org.apache.tomcat.util.log.SystemLogHandler;6;3;15;0.8729;712;75;32;2;0;1.0000;128;29;3
org.apache.tomcat.util.modeler.Registry.unregisterComponent(String);org.apache.juli.logging.Log;0;1;1;0.9762;446;36;10;1;0;0.9474;18;18;0
org.apache.catalina.ssi.SSIProcessor.process(Reader, long, PrintWriter);org.apache.catalina.util.IOTools;2;4;5;0.5882;202;9;6;1;0;1.0000;22;4;1
org.apache.catalina.core.NamingContextListener.addResource(ContextResource);org.apache.catalina.deploy.ResourceBase;2;1;4;0.9070;745;23;11;5;0;0.8077;43;9;6
org.apache.catalina.connector.Request.getParameterNames();org.apache.tomcat.util.http.Parameters;1;1;2;0.9828;1084;128;51;1;0;0.9767;363;23;19
org.apache.catalina.core.ApplicationFilterConfig.getFilter();org.apache.tomcat.InstanceManager;0;2;3;0.7059;121;10;5;1;0;0.9091;4;4;0
org.apache.catalina.deploy.WebXml.toXml();org.apache.catalina.deploy.SessionConfig;0;0;0;0;0;0;0;0;0;0;0;0;0
org.apache.catalina.mbeans.ServerLifecycleListener.destroyMBeans(Context);org.apache.catalina.core.ContainerBase;0;1;1;0.9756;569;32;2;1;0;0.9898;603;62;29
org.apache.tomcat.util.net.AprEndpoint.init();org.apache.tomcat.jni.Pool;7;0;29;0.6456;629;27;59;1;0;1.0000;13;13;0
org.apache.tomcat.util.digester.Digester.unparsedEntityDecl(String, String, String, String);org.apache.juli.logging.Log;0;0;1;0.9925;849;103;29;2;0;0.8947;18;18;0
org.apache.catalina.connector.InputBuffer.realWriteChars(char, int, int);org.apache.tomcat.util.buf.CharChunk;1;0;2;0.9444;210;19;17;0;2;0.9600;393;39;8
org.apache.coyote.http11.Http11AprProcessor.process(long);org.apache.coyote.http11.AbstractInputBuffer;0;0;0;0;0;0;0;0;0;0;0;0;0
org.apache.catalina.mbeans.MBeanFactory.removeContext(String);org.apache.catalina.util.LifecycleBase;0;0;0;0;0;0;0;0;0;0;0;0;0
org.apache.jasper.compiler.Parser.parseCustomTag(Node);org.apache.jasper.compiler.PageInfo;0;2;5;0.9079;1203;56;14;3;0;0.9670;319;30;44
org.apache.catalina.session.StandardSession.removeAttributeInternal(String, boolean);org.apache.catalina.Manager;1;2;3;0.9500;558;58;26;1;0;0.9756;34;34;0
org.apache.catalina.realm.CombinedRealm.addRealm(Realm);org.apache.catalina.Realm;1;0;3;0.9286;143;12;3;1;0;0.9375;14;14;0
org.apache.catalina.tribes.group.interceptors.TwoPhaseCommitInterceptor.messageReceived(ChannelMessage);org.apache.juli.logging.Log;2;0;4;0.9375;69;3;6;1;0;0.9655;18;18;0
org.apache.tomcat.util.bcel.classfile.ConstantValue.toString();org.apache.tomcat.util.bcel.classfile.Utility;0;0;0;0;0;0;0;0;0;0;0;0;0
org.apache.coyote.http11.Http11NioProcessor.process(NioChannel);org.apache.coyote.Request;11;4;16;0.8182;954;28;38;2;2;0.9604;219;17;34
org.apache.catalina.session.ManagerBase.getThisAccessedTime(String);org.apache.catalina.Session;0;0;2;0.9762;489;55;31;1;0;0.9722;32;32;4
org.apache.catalina.ha.jmx.ClusterJmxHelper.initMetaData(Class<?>);org.apache.juli.logging.Log;0;0;2;1.0000;82;7;4;1;0;0.9474;18;18;0
org.apache.catalina.tribes.tipis.AbstractReplicatedMap.printMap(String);org.apache.catalina.tribes.Member;0;1;2;0.9538;740;50;17;1;0;0.9375;13;13;1
org.apache.el.parser.AstNegative.getValue(EvaluationContext);org.apache.el.parser.Node;0;0;0;1.0000;44;2;0;1;0;0.9375;15;15;0
org.apache.catalina.valves.AccessLogValve.invoke(Request, Response);org.apache.catalina.Valve;0;2;4;0.8929;373;24;32;1;0;0.9333;6;6;0
org.apache.catalina.session.StandardManager.stopInternal();org.apache.tomcat.util.ExceptionUtils;0;0;0;0;0;0;0;0;0;0;0;0;0
org.apache.coyote.http11.AbstractHttp11Protocol.getKeepAlive();org.apache.tomcat.util.net.AbstractEndpoint;0;0;0;0;0;0;0;0;0;0;0;0;0
org.apache.catalina.ssi.SSIServletExternalResolver.getAbsolutePath(String);org.apache.catalina.util.RequestUtil;0;1;1;0.9259;400;20;7;1;0;1.0000;183;13;1
org.apache.catalina.startup.ContextConfig.parseWebXml(InputSource, WebXml, boolean);org.apache.catalina.startup.XmlErrorHandler;0;0;0;0;0;0;0;0;0;0;0;0;0
org.apache.jasper.xmlparser.XMLEncodingDetector.scanSurrogates(XMLStringBuffer);org.apache.jasper.xmlparser.XMLStringBuffer;0;2;1;0.9375;798;23;29;1;0;0.9333;61;5;1
org.apache.jasper.runtime.PageContextImpl.doGetAttribute(String, int);org.apache.jasper.compiler.Localizer;0;0;4;0.9245;634;40;16;1;0;1.0000;34;6;1
org.apache.catalina.mbeans.MBeanFactory.removeValve(String);org.apache.catalina.core.ContainerBase;1;1;0;0.9737;432;35;2;2;0;0.9780;603;62;29
org.apache.catalina.connector.Request.cometClose();org.apache.coyote.ActionCode;1;1;1;0.9884;1084;128;51;0;1;1.0000;6;0;26
org.apache.tomcat.util.modeler.Registry.getMBeanServer();org.apache.juli.logging.Log;0;0;2;0.9767;446;36;10;2;0;0.8947;18;18;0
org.apache.catalina.ha.authenticator.ClusterSingleSignOn.register(String, Principal, String, String, String);org.apache.juli.logging.Log;1;1;2;0.8889;149;16;4;2;0;0.9286;18;18;0
org.apache.coyote.ajp.AjpProcessor.prepareResponse();org.apache.coyote.ajp.AjpMessage;5;0;4;0.9333;570;12;32;5;2;0.8372;235;23;5
org.apache.tomcat.util.http.fileupload.FileUploadBase.parseRequest(RequestContext);org.apache.tomcat.util.http.fileupload.FileItem;0;0;0;0;0;0;0;0;0;0;0;0;0
org.apache.catalina.valves.RemoteAddrValve.invoke(Request, Response);org.apache.catalina.connector.Request;0;0;0;1.0000;6;2;1;1;0;0.9943;1084;128;51
org.apache.tomcat.util.net.AprEndpoint.setSocketOptions(long);org.apache.juli.logging.Log;1;0;6;0.9512;629;27;59;3;0;0.8696;18;18;0
org.apache.tomcat.util.bcel.classfile.SimpleElementValue.stringifyValue();org.apache.tomcat.util.bcel.classfile.ConstantDouble;0;0;0;0;0;0;0;0;0;0;0;0;0
org.apache.catalina.mbeans.NamingResourcesMBean.getResources();org.apache.catalina.deploy.NamingResources;0;0;1;0.9286;138;9;2;1;0;0.9804;332;35;12
org.apache.coyote.http11.Http11AprProtocol.Http11ConnectionHandler.asyncDispatch(long, SocketStatus);org.apache.coyote.http11.Http11AprProcessor;0;0;0;0;0;0;0;0;0;0;0;0;0
org.apache.catalina.mbeans.MemoryUserDatabaseMBean.findRole(String);org.apache.catalina.UserDatabase;0;0;1;0.9524;168;12;6;1;0;0.9474;16;16;0
org.apache.tomcat.util.bcel.classfile.ConstantPool.constantToString(Constant);org.apache.tomcat.util.bcel.classfile.ConstantCP;0;0;0;0;0;0;0;0;0;0;0;0;0
org.apache.catalina.manager.HTMLManagerServlet.upload(HttpServletRequest);org.apache.tomcat.util.res.StringManager;0;0;0;0;0;0;0;0;0;0;0;0;0
org.apache.catalina.tribes.transport.nio.NioReceiver.start();org.apache.juli.logging.Log;0;1;1;0.9615;269;15;8;1;0;0.9583;18;18;0
org.apache.catalina.core.StandardContext.loadOnStartup(Container);org.apache.catalina.Wrapper;1;0;0;1.0000;2385;204;107;2;0;0.9429;32;32;0
org.apache.catalina.ha.session.DeltaSession.recycle();org.apache.catalina.ha.session.DeltaRequest;0;2;1;0.9388;379;41;7;1;0;0.9600;179;15;15
org.apache.catalina.connector.RequestFacade.getCharacterEncoding();org.apache.catalina.Globals;2;0;2;0.9865;462;73;2;0;1;1.0000;0;0;39
org.apache.tomcat.util.buf.CharChunk.equalsIgnoreCase(String);org.apache.tomcat.util.buf.Ascii;0;0;3;0.9362;393;39;8;1;0;1.0000;91;11;7
org.apache.coyote.http11.AbstractHttp11Processor.findBytes(ByteChunk, byte[]);org.apache.tomcat.util.buf.ByteChunk;0;0;0;0;0;0;0;0;0;0;0;0;0
org.apache.catalina.startup.ContextConfig.validateSecurityRoles();org.apache.catalina.deploy.SecurityConstraint;1;0;3;0.9737;779;23;16;1;0;0.9688;146;16;6
org.apache.tomcat.util.digester.SetTopRule.end(String, String);org.apache.tomcat.util.IntrospectionUtils;1;0;2;0.8667;41;2;3;1;0;1.0000;602;31;5
org.apache.catalina.mbeans.ServerLifecycleListener.createMBeans(ContextEnvironment);org.apache.juli.logging.Log;0;0;1;1.0000;569;32;2;2;0;0.8889;18;18;0
org.apache.catalina.tribes.group.RpcChannel.messageReceived(Serializable, Member);org.apache.juli.logging.Log;1;0;4;0.8421;98;6;9;1;0;0.9667;18;18;0
org.apache.coyote.http11.Http11AprProcessor.action(ActionCode, Object);org.apache.tomcat.util.res.StringManager;9;1;18;0.8068;938;28;36;1;0;0.9787;36;3;3
org.apache.catalina.tribes.group.interceptors.MessageDispatchInterceptor.stopQueue();org.apache.catalina.tribes.transport.bio.util.FastQueue;0;1;3;0.8000;138;12;8;1;0;0.9655;172;11;14
org.apache.tomcat.util.buf.UDecoder.convert(MessageBytes, boolean);org.apache.tomcat.util.buf.MessageBytes;1;3;0;0.7692;152;11;1;2;6;0.8913;402;31;17
org.apache.jasper.compiler.Generator.ScriptingVarVisitor.visit(Node.CustomTag);org.apache.jasper.compiler.Node.CustomTag;3;0;0;1.0000;46;1;1;1;3;0.9111;229;10;26
org.apache.catalina.valves.ErrorReportValve.report(Request, Response, Throwable);org.apache.juli.logging.Log;2;1;1;0.9231;129;4;2;2;0;0.9259;18;18;0
org.apache.catalina.core.ApplicationContextFacade.getMajorVersion();org.apache.catalina.core.ApplicationContext;0;0;1;0.9800;426;46;3;1;0;0.9825;460;47;13
org.apache.coyote.http11.Http11NioProcessor.action(ActionCode, Object);org.apache.coyote.ActionCode;12;1;19;0.8269;954;28;38;0;20;1.0000;6;0;26
org.apache.catalina.tribes.membership.Membership.memberAlive(MemberImpl);org.apache.catalina.tribes.membership.MemberImpl;1;1;4;0.8148;136;11;6;3;3;0.8696;300;29;19
org.apache.catalina.core.StandardEngineValve.event(Request, Response, CometEvent);org.apache.catalina.Container;0;0;0;1.0000;14;3;2;1;0;0.9730;34;34;6
org.apache.jasper.compiler.Node.ForwardAction.accept(Visitor);org.apache.jasper.compiler.Node.Visitor;0;0;0;1.0000;15;1;1;1;0;0.9714;126;35;0
org.apache.jasper.compiler.Collector.collect(Compiler, Node.Nodes);org.apache.jasper.compiler.Node.Nodes;1;0;0;1.0000;5;1;0;1;0;0.9167;43;5;3
org.apache.catalina.connector.Request.recycle();org.apache.catalina.core.AsyncContextImpl;3;0;36;0.8011;1084;128;51;0;0;1.0000;244;21;12
org.apache.catalina.valves.CometConnectionManagerValve.lifecycleEvent(LifecycleEvent);org.apache.catalina.Valve;4;0;3;0.8889;146;11;6;1;0;0.9500;6;6;0
org.apache.coyote.http11.Http11NioProcessor.action(ActionCode, Object);org.apache.tomcat.util.res.StringManager;12;1;19;0.8269;954;28;38;1;0;0.9839;36;3;3
org.apache.coyote.http11.Http11Processor.action(ActionCode, Object);org.apache.tomcat.util.buf.MessageBytes;6;1;18;0.8068;847;26;37;2;0;0.9767;402;31;17
org.apache.coyote.http11.Http11AprProtocol.start();org.apache.juli.logging.Log;1;1;7;0.9444;387;76;26;4;0;0.8571;18;18;0
org.apache.catalina.ha.session.JvmRouteBinderValve.changeSessionID(Request, String, String, Session);org.apache.catalina.ha.session.DeltaSession;1;2;3;0.8519;200;15;9;1;0;0.9825;379;41;7
org.apache.catalina.session.StandardSession.writeObject(ObjectOutputStream);org.apache.catalina.Container;1;3;11;0.8519;558;58;26;1;0;0.9800;34;34;6
org.apache.catalina.core.StandardWrapper.getMinTime();org.apache.catalina.core.StandardWrapperValve;1;0;1;0.9902;712;75;32;0;1;0.9000;341;4;6
org.apache.catalina.ha.session.DeltaManager.handleSESSION_DELTA(SessionMessage, Member);org.apache.catalina.ha.session.DeltaRequest;2;1;5;0.9556;826;43;42;1;0;0.9697;179;15;15
org.apache.jasper.compiler.Validator.validateExDirectives(Compiler, Node.Nodes);org.apache.jasper.compiler.Node.Root;4;1;0;1.0000;65;3;0;0;3;0.8000;56;2;8
org.apache.jasper.compiler.Validator.ValidateVisitor.visit(Node.DoBodyAction);org.apache.jasper.compiler.JspUtil;0;0;2;0.9767;710;36;19;2;0;1.0000;693;44;8
org.apache.catalina.startup.IgnoreAnnotationsRule.begin(String, String, Attributes);org.apache.tomcat.util.digester.Digester;2;0;0;1.0000;12;1;0;2;1;0.9783;849;103;29
org.apache.el.lang.ExpressionBuilder.createNodeInternal(String);org.apache.el.util.MessageFactory;1;0;1;1.0000;117;7;4;2;0;1.0000;24;7;1
org.apache.catalina.tribes.group.interceptors.TcpFailureDetector.getMember(Member);org.apache.catalina.tribes.membership.Membership;0;1;1;0.9091;227;15;10;1;0;0.9545;136;11;6
org.apache.jasper.compiler.Compiler.isOutDated(boolean);org.apache.juli.logging.Log;2;0;3;0.9000;285;11;8;2;0;0.9355;18;18;0
org.apache.jasper.runtime.PageContextImpl.removeAttribute(String, int);org.apache.jasper.compiler.Localizer;0;1;0;0.9811;634;40;16;1;0;1.0000;34;6;1
org.apache.catalina.realm.MemoryRealm.startInternal();org.apache.juli.logging.Log;0;0;0;0;0;0;0;0;0;0;0;0;0
org.apache.catalina.authenticator.AuthenticatorBase.invoke(Request, Response);org.apache.catalina.Valve;2;1;6;0.9074;286;20;18;1;0;0.9697;6;6;0
org.apache.tomcat.util.modeler.ManagedBean.createMBean(Object);org.apache.tomcat.util.modeler.BaseModelMBean;1;1;1;0.9714;252;23;13;1;1;0.9429;284;28;9
org.apache.catalina.ha.session.DeltaManager.serializeDeltaRequest(DeltaSession, DeltaRequest);org.apache.catalina.ha.session.DeltaSession;0;0;0;1.0000;826;43;42;2;0;0.9592;379;41;7
org.apache.catalina.ha.session.DeltaSession.getClassLoaders();org.apache.catalina.session.ManagerBase;0;0;0;1.0000;379;41;7;1;0;0.9882;489;55;31
org.apache.catalina.manager.host.HTMLHostManagerServlet.list(HttpServletRequest, HttpServletResponse, String);org.apache.catalina.manager.host.Constants;1;0;7;1.0000;194;6;7;0;7;1.0000;0;0;9
org.apache.catalina.loader.WebappLoader.setRepositories();org.apache.naming.resources.Resource;3;2;5;0.9231;548;39;19;1;0;0.9500;23;1;2
org.apache.naming.SelectorContext.parseName(String);org.apache.naming.StringManager;0;0;4;0.9429;146;31;6;1;0;0.9000;65;7;2
org.apache.jasper.compiler.PageInfo.setAutoFlush(String, Node, ErrorDispatcher);org.apache.jasper.compiler.ErrorDispatcher;0;0;2;0.9733;319;30;44;1;0;0.9565;158;22;2
org.apache.coyote.ajp.AjpProtocol.AjpConnectionHandler.register(AjpProcessor);org.apache.juli.logging.Log;4;0;3;0.8235;80;4;4;3;0;0.8929;18;18;0
org.apache.catalina.tribes.group.interceptors.NonBlockingCoordinator.handleMyToken(MemberImpl, CoordinationMessage, Member, Membership);org.apache.catalina.tribes.membership.Membership;1;3;3;0.9107;352;38;14;1;0;0.9688;136;11;6
org.apache.catalina.tribes.group.ChannelInterceptorBase.stop(int);org.apache.catalina.tribes.ChannelInterceptor;0;0;1;0.9444;66;14;4;1;0;0.9412;16;16;0
org.apache.catalina.deploy.WebXml.toXml();org.apache.catalina.deploy.InjectionTarget;10;2;30;0.7787;1446;42;41;0;2;0.9762;18;0;2
org.apache.jasper.compiler.Parser.parseGetProperty(Node);org.apache.jasper.compiler.JspReader;0;2;2;0.9385;1203;56;14;1;0;0.9750;322;25;9
org.apache.tomcat.util.net.AprEndpoint.Sendfile.run();org.apache.tomcat.jni.Poll;5;3;5;0.6923;187;5;6;3;3;1.0000;9;9;11
org.apache.catalina.mbeans.MBeanUtils.createMBean(UserDatabase);org.apache.tomcat.util.modeler.ManagedBean;0;2;2;1.0000;853;61;5;2;0;0.9429;252;23;13
org.apache.catalina.tribes.tipis.LazyReplicatedMap.getStateMessageType();org.apache.catalina.tribes.tipis.AbstractReplicatedMap.MapMessage;1;0;0;1.0000;54;2;1;0;1;1.0000;159;12;20
org.apache.catalina.connector.Request.setContextPath(String);org.apache.tomcat.util.buf.MessageBytes;1;0;1;0.9943;1084;128;51;1;0;0.9778;402;31;17
org.apache.catalina.session.JDBCStore.getSize();org.apache.catalina.Container;1;5;5;0.8305;495;34;23;1;0;0.9792;34;34;6
org.apache.coyote.ajp.AjpProtocol.setAddress(InetAddress);org.apache.tomcat.util.net.AbstractEndpoint;0;0;0;0;0;0;0;0;0;0;0;0;0
org.apache.catalina.mbeans.MemoryUserDatabaseMBean.createUser(String, String, String);org.apache.catalina.mbeans.MBeanUtils;0;1;0;0.9500;168;12;6;1;0;1.0000;853;61;5
org.apache.catalina.core.StandardEngine.startInternal();org.apache.juli.logging.Log;0;0;0;0;0;0;0;0;0;0;0;0;0
org.apache.catalina.core.ApplicationHttpRequest.getSession(boolean);org.apache.catalina.Container;0;0;3;0.9388;325;29;17;1;0;0.9762;34;34;6
org.apache.catalina.tribes.group.GroupChannel.heartbeat();org.apache.catalina.tribes.Heartbeat;0;0;2;0.9412;268;24;8;1;0;0.7500;1;1;0
org.apache.jasper.compiler.Generator.GenerateVisitor.generateNamedAttributeValue(Node.NamedAttribute);org.apache.jasper.compiler.Node.Nodes;1;0;1;0.9851;1737;45;16;2;0;0.8750;43;5;3
org.apache.tomcat.util.bcel.classfile.SimpleElementValue.stringifyValue();org.apache.tomcat.util.bcel.classfile.ConstantPool;0;0;0;0;0;0;0;0;0;0;0;0;0
org.apache.catalina.connector.RequestFacade.getDispatcherType();org.apache.catalina.connector.Request;0;0;1;0.9865;462;73;2;1;0;0.9943;1084;128;51
org.apache.jasper.compiler.ParserController.doParse(String, Node, JarResource);org.apache.jasper.compiler.JarResource;0;0;0;0;0;0;0;0;0;0;0;0;0
org.apache.catalina.valves.PersistentValve.isSessionStale(Session, long);org.apache.catalina.Session;0;0;0;1.0000;76;3;2;2;0;0.9375;32;32;4
org.apache.catalina.ha.deploy.WarWatcher.check();org.apache.juli.logging.Log;0;1;4;0.6923;49;3;4;2;0;0.9231;18;18;0
org.apache.catalina.core.ApplicationFilterRegistration.getInitParameters();org.apache.catalina.util.ParameterMap;0;0;0;0;0;0;0;0;0;0;0;0;0
org.apache.tomcat.util.digester.FactoryCreateRule.end(String, String);org.apache.juli.logging.Log;1;0;2;0.9310;114;5;5;4;0;0.8462;18;18;0
org.apache.catalina.tribes.io.XByteBuffer.createDataPackage(ChannelData);org.apache.catalina.tribes.io.ChannelData;0;2;2;1.0000;317;36;7;2;0;0.8824;165;14;7
org.apache.coyote.http11.Http11AprProcessor.event(SocketStatus);org.apache.coyote.Response;4;1;9;0.8857;938;28;36;0;1;0.9808;250;19;18
org.apache.coyote.http11.Http11NioProcessor.process(NioChannel);org.apache.tomcat.util.net.NioChannel;11;4;16;0.8182;954;28;38;1;2;0.9571;83;15;5
org.apache.catalina.core.ContainerBase.ContainerBackgroundProcessor.processChildren(Container, ClassLoader);org.apache.catalina.Loader;1;1;0;1.0000;37;2;0;1;0;0.9474;14;14;0
org.apache.coyote.http11.Http11Processor.prepareRequest();org.apache.coyote.http11.AbstractInputBuffer;0;0;0;0;0;0;0;0;0;0;0;0;0
org.apache.jasper.compiler.TagFileProcessor.TagFileDirectiveVisitor.postCheck();org.apache.jasper.compiler.Mark;2;0;3;0.9000;213;8;24;0;1;0.9677;108;9;11
org.apache.jasper.compiler.JspRuntimeContext.checkCompile();org.apache.jasper.JspCompilationContext;1;0;3;0.8750;174;9;10;2;0;0.9701;420;31;31
org.apache.coyote.ajp.AjpProcessor.parseHost(MessageBytes);org.apache.tomcat.util.buf.ByteChunk;5;0;4;0.9245;570;12;32;2;1;0.9516;425;43;10
org.apache.catalina.ha.session.JvmRouteBinderValve.handlePossibleTurnover(Request);org.apache.catalina.connector.Request;0;0;0;0;0;0;0;0;0;0;0;0;0
org.apache.catalina.valves.PersistentValve.invoke(Request, Response);org.apache.catalina.connector.Response;1;1;1;0.9655;76;3;2;1;0;0.9913;578;70;19
org.apache.coyote.http11.Http11NioProtocol.setAcceptorThreadPriority(int);org.apache.tomcat.util.net.NioEndpoint;1;1;1;0.9835;448;96;26;0;1;0.9900;629;43;64
org.apache.coyote.http11.Http11AprProcessor.action(ActionCode, Object);org.apache.coyote.http11.InputFilter;9;1;18;0.8068;938;28;36;1;0;0.9796;7;7;0
org.apache.coyote.http11.filters.GzipOutputFilter.FakeOutputStream.write(byte[], int, int);org.apache.tomcat.util.buf.ByteChunk;1;0;1;0.8750;13;4;2;1;0;0.9800;425;43;10
org.apache.jasper.compiler.TagPluginManager.init(ErrorDispatcher);org.apache.jasper.xmlparser.TreeNode;0;0;5;0.7500;66;3;6;4;0;0.8400;109;13;5
org.apache.catalina.ha.session.DeltaManager.sendSessions(Member, Session[], long);org.apache.juli.logging.Log;2;1;5;0.9529;826;43;42;2;0;0.9167;18;18;0
org.apache.catalina.core.StandardWrapper.setServletClass(String);org.apache.catalina.core.Constants;1;0;2;0.9804;712;75;32;0;1;1.0000;0;0;6
org.apache.catalina.valves.CometConnectionManagerValve.lifecycleEvent(LifecycleEvent);org.apache.catalina.connector.Request;4;0;3;0.8889;146;11;6;3;0;0.9838;1084;128;51
org.apache.catalina.startup.Catalina.stopServer(String[]);org.apache.catalina.Server;3;2;2;0.9063;311;18;8;3;0;0.8750;15;15;0
org.apache.catalina.session.StandardManager.startInternal();org.apache.tomcat.util.res.StringManager;0;0;0;0;0;0;0;0;0;0;0;0;0
org.apache.catalina.core.StandardContext.addChild(Container);org.apache.juli.logging.Log;1;3;1;0.9905;2385;204;107;2;0;0.9259;18;18;0
org.apache.catalina.core.ContainerBase.getCluster();org.apache.catalina.Container;0;0;2;0.9775;603;62;29;1;0;0.9722;34;34;6
org.apache.catalina.core.ApplicationDispatcher.invoke(ServletRequest, ServletResponse, State);org.apache.juli.logging.Log;3;3;4;0.8462;419;14;10;2;0;0.9487;18;18;0
org.apache.jasper.runtime.ProtectedFunctionMapper.mapFunction(String, Class<?>, String, Class<?>[]);org.apache.jasper.security.SecurityUtil;0;0;1;0.7500;83;4;2;1;0;1.0000;31;2;1
org.apache.coyote.http11.InternalAprOutputBuffer.endRequest();org.apache.coyote.ActionCode;1;1;5;0.8462;235;24;13;0;1;1.0000;6;0;26
org.apache.catalina.core.ContainerBase.setResources(DirContext);org.apache.catalina.Container;1;2;2;0.9551;603;62;29;1;0;0.9737;34;34;6
org.apache.catalina.realm.JNDIRealm.startInternal();org.apache.tomcat.util.res.StringManager;0;0;0;0;0;0;0;0;0;0;0;0;0
org.apache.jasper.compiler.ELFunctionMapper.ELFunctionVisitor.visit(Node.SetProperty);org.apache.jasper.compiler.Node.SetProperty;2;0;0;1.0000;151;14;1;0;1;0.8000;15;1;1
org.apache.catalina.tribes.tipis.AbstractReplicatedMap.transferState();org.apache.catalina.tribes.group.RpcChannel;2;3;8;0.8592;740;50;17;1;1;0.9615;98;6;9
org.apache.coyote.ajp.AjpAprProtocol.AjpConnectionHandler.unregister(AjpAprProcessor);org.apache.coyote.Request;4;0;1;0.9412;86;5;4;0;1;0.9836;219;17;34
org.apache.catalina.core.StandardContext.unbindThread(ClassLoader);org.apache.naming.resources.DirContextURLStreamHandler;0;1;0;0.9968;2385;204;107;1;0;1.0000;91;13;3
org.apache.catalina.core.StandardContextValve.invoke(Request, Response);org.apache.catalina.Pipeline;2;1;2;0.9167;86;5;3;1;0;0.9615;6;6;0
org.apache.catalina.connector.Request.login(String, String);org.apache.catalina.Container;0;0;0;1.0000;1084;128;51;0;0;1.0000;34;34;6
org.apache.catalina.connector.Request.isUserInRole(String);org.apache.catalina.Wrapper;0;0;3;0.9829;1084;128;51;1;0;0.9730;32;32;0
org.apache.tomcat.util.net.JIoEndpoint.setProperty(String, String);org.apache.juli.logging.Log;0;0;2;0.9773;312;23;26;1;0;0.9474;18;18;0
org.apache.catalina.valves.ErrorReportValve.report(Request, Response, Throwable);org.apache.catalina.util.RequestUtil;2;1;1;0.9231;129;4;2;1;0;1.0000;183;13;1
org.apache.catalina.manager.StatusTransformer.writeManager(PrintWriter, Object[], int);org.apache.catalina.manager.Constants;1;0;0;1.0000;601;20;0;0;1;1.0000;0;0;11
org.apache.jasper.compiler.Generator.GenerateVisitor.generateCustomDoTag(Node.CustomTag, TagHandlerInfo, String);org.apache.jasper.compiler.ServletWriter;5;4;3;0.9028;1737;45;16;3;1;0.8750;65;13;6
org.apache.jasper.compiler.TagFileProcessor.loadTagFile(Compiler, String, TagInfo, PageInfo);org.apache.jasper.compiler.PageInfo;3;0;1;0.9583;96;5;1;1;0;0.9896;319;30;44
org.apache.jasper.runtime.JspRuntimeLibrary.introspecthelper(Object, String, String, ServletRequest, String, boolean);org.apache.jasper.Constants;1;1;0;1.0000;647;45;2;0;1;1.0000;0;0;34
org.apache.tomcat.util.net.AprEndpoint.Sendfile.run();org.apache.tomcat.jni.Pool;5;3;5;0.6923;187;5;6;1;0;1.0000;13;13;0
org.apache.coyote.http11.InternalNioInputBuffer.readSocket(boolean, boolean);org.apache.tomcat.util.net.SecureNioChannel.ApplicationBufferHandler;2;1;6;0.8723;457;16;24;1;0;0.9375;3;3;0
org.apache.tomcat.util.buf.C2BConverter.convert(MessageBytes);org.apache.tomcat.util.buf.MessageBytes;3;3;2;0.8333;58;8;5;0;7;0.9259;402;31;17
org.apache.catalina.tribes.transport.bio.BioSender.pushMessage(byte[], boolean, boolean);org.apache.catalina.tribes.transport.SenderState;0;3;1;0.7647;148;9;7;2;0;0.9333;45;9;5
org.apache.catalina.ssi.SSIServletExternalResolver.getServletContextAndPathFromVirtualPath(String);org.apache.catalina.util.RequestUtil;0;3;2;0.8148;400;20;7;1;0;1.0000;183;13;1
org.apache.catalina.connector.MapperListener.registerHost(Host);org.apache.tomcat.util.http.mapper.Mapper;0;0;0;0;0;0;0;0;0;0;0;0;0
org.apache.jasper.compiler.Generator.GenerateVisitor.visit(Node.PlugIn);org.apache.jasper.JspCompilationContext;10;3;1;0.9487;1737;45;16;0;1;0.9878;420;31;31
org.apache.catalina.realm.JAASMemoryLoginModule.load();org.apache.tomcat.util.digester.Digester;1;0;2;0.9524;151;7;9;4;1;0.9632;849;103;29
org.apache.catalina.session.JDBCStore.clear();org.apache.catalina.Container;1;5;4;0.8475;495;34;23;1;0;0.9787;34;34;6
org.apache.jasper.compiler.Generator.GenerateVisitor.visit(Node.UseBean);org.apache.jasper.compiler.Node.JspAttribute;7;0;1;0.9877;1737;45;16;0;2;0.9487;107;7;10
org.apache.catalina.valves.ExtendedAccessLogValve.RequestAttributeElement.addElement(StringBuilder, Date, Request, Response, long);org.apache.catalina.connector.Request;0;0;1;0.6667;6;1;1;1;0;0.9943;1084;128;51
org.apache.jasper.compiler.Compiler.generateJava();org.apache.jasper.compiler.ServletWriter;12;1;7;0.8298;285;11;8;1;0;0.9811;65;13;6
org.apache.catalina.ha.session.DeltaManager.stopInternal();org.apache.catalina.ha.session.DeltaSession;0;0;0;0;0;0;0;0;0;0;0;0;0
org.apache.catalina.ha.deploy.FarmWarDeployer.remove(String, boolean);org.apache.catalina.ha.CatalinaCluster;0;4;2;0.9020;376;28;17;2;0;0.9375;20;20;1
org.apache.jasper.compiler.Parser.parsePluginTags(Node);org.apache.jasper.compiler.JspReader;0;2;1;0.9545;1203;56;14;2;0;0.9487;322;25;9
org.apache.coyote.http11.Http11NioProcessor.parseHost(MessageBytes);org.apache.coyote.Request;6;0;6;0.9189;954;28;38;0;2;0.9697;219;17;34
org.apache.jasper.compiler.JspRuntimeContext.checkCompile();org.apache.jasper.Options;1;0;3;0.8750;174;9;10;1;0;0.9714;28;28;0
org.apache.el.parser.ELParser.Value();org.apache.el.parser.ELParserConstants;2;3;4;0.9496;2195;111;22;0;2;0.9714;0;0;57
org.apache.catalina.util.ResourceSet.add(T);org.apache.tomcat.util.res.StringManager;1;0;2;0.8750;30;4;2;0;0;1.0000;36;3;3
org.apache.catalina.mbeans.MBeanFactory.createJDBCRealm(String, String, String, String, String);org.apache.catalina.realm.JDBCRealm;2;1;0;0.9756;432;35;2;0;4;0.8621;277;13;16
org.apache.jasper.compiler.Generator.GenerateVisitor.visit(Node.GetProperty);org.apache.jasper.compiler.ServletWriter;3;0;1;0.9853;1737;45;16;1;1;0.9167;65;13;6
org.apache.catalina.loader.WebappClassLoader.loadClass(String, boolean);org.apache.juli.logging.Log;1;3;7;0.8889;1193;44;30;3;0;0.8846;18;18;0
org.apache.catalina.connector.Response.setStatus(int, String);org.apache.coyote.Response;1;1;2;0.9663;578;70;19;0;2;0.9500;250;19;18
org.apache.catalina.realm.UserDatabaseRealm.getPrincipal(String);org.apache.catalina.User;0;0;1;0.9231;92;6;5;3;0;0.8500;17;17;0
org.apache.catalina.tribes.group.interceptors.NonBlockingCoordinator.getCoordinator();org.apache.catalina.tribes.membership.Membership;0;0;1;0.9800;352;38;14;2;0;0.9048;136;11;6
org.apache.tomcat.util.modeler.BaseModelMBean.invoke(String, Object, String);org.apache.juli.logging.Log;0;0;3;0.9459;284;28;9;3;0;0.8571;18;18;0
org.apache.catalina.connector.RequestFacade.GetParameterValuePrivilegedAction.run();org.apache.catalina.connector.RequestFacade;1;0;1;0.6667;6;1;1;0;1;0.9868;462;73;2
org.apache.jasper.compiler.PageInfo.setIsErrorPage(String, Node, ErrorDispatcher);org.apache.jasper.compiler.ErrorDispatcher;0;0;2;0.9733;319;30;44;1;0;0.9565;158;22;2
org.apache.tomcat.util.net.jsse.JSSESocketFactory.getStore(String, String, String, String);org.apache.juli.logging.Log;1;0;2;1.0000;433;21;15;1;0;0.9444;18;18;0
org.apache.catalina.authenticator.AuthenticatorBase.invoke(Request, Response);org.apache.catalina.authenticator.Constants;2;1;6;0.9074;286;20;18;0;1;1.0000;0;0;19
org.apache.naming.resources.ProxyDirContext.lookup(String);org.apache.naming.resources.CacheEntry;1;2;2;0.9500;469;64;15;0;3;0.7857;13;2;8
org.apache.catalina.connector.RequestFacade.getParameterMap();org.apache.tomcat.util.res.StringManager;2;0;2;0.9865;462;73;2;0;0;1.0000;36;3;3
org.apache.catalina.session.FileStore.load(String);org.apache.catalina.Container;2;2;0;0.9200;186;13;6;2;0;0.9556;34;34;6
org.apache.coyote.http11.Http11Protocol.Http11ConnectionHandler.process(SocketWrapper<Socket>, SocketStatus);org.apache.juli.logging.Log;0;0;0;0;0;0;0;0;0;0;0;0;0
org.apache.jasper.compiler.SmapUtil.evaluateNodes(Node.Nodes, SmapStratum, HashMap<String,SmapStratum>, boolean);org.apache.jasper.compiler.Node.Nodes;0;0;0;1.0000;68;4;1;1;0;0.9000;43;5;3
org.apache.catalina.core.StandardHostValve.throwable(Request, Response, Throwable);org.apache.catalina.core.ApplicationFilterFactory;4;3;2;0.9000;149;7;3;0;3;1.0000;183;6;11
org.apache.catalina.connector.InputBuffer.skip(long);org.apache.tomcat.util.res.StringManager;3;0;3;0.9474;210;19;17;0;0;1.0000;36;3;3
org.apache.catalina.connector.Request.getServletContext();org.apache.catalina.Context;0;0;1;0.9942;1084;128;51;1;0;0.9921;125;125;1
org.apache.catalina.connector.MapperListener.containerEvent(ContainerEvent);org.apache.catalina.Context;1;0;1;0.9474;305;10;6;0;0;1.0000;125;125;1
org.apache.coyote.http11.Http11NioProcessor.findBytes(ByteChunk, byte[]);org.apache.tomcat.util.buf.Ascii;1;0;0;1.0000;954;28;38;1;0;1.0000;91;11;7
org.apache.catalina.connector.Request.setCoyoteRequest(org.apache.coyote.Request);org.apache.catalina.connector.InputBuffer;1;0;2;0.9884;1084;128;51;0;1;0.9730;210;19;17
org.apache.tomcat.util.net.AprEndpoint.Poller.run();org.apache.tomcat.jni.Poll;4;2;6;0.5789;168;4;7;3;3;1.0000;9;9;11
org.apache.coyote.ajp.AjpProcessor.SocketOutputBuffer.doWrite(ByteChunk, Response);org.apache.coyote.Response;5;0;0;1.0000;27;1;0;0;1;0.9808;250;19;18
org.apache.el.parser.ELParserTokenManager.jjMoveNfa_0(int, int);org.apache.el.parser.SimpleCharStream;0;3;7;0.7955;1035;33;25;1;0;0.9831;257;26;16
org.apache.jasper.compiler.Collector.CollectVisitor.visit(Node.UseBean);org.apache.jasper.compiler.Node.JspAttribute;2;0;2;0.9130;114;15;6;0;1;0.9565;107;7;10
org.apache.catalina.mbeans.MBeanUtils.destroyMBean(UserDatabase);org.apache.tomcat.util.modeler.Registry;0;2;2;1.0000;853;61;5;1;0;0.9767;446;36;10
org.apache.catalina.core.NamingContextListener.addResourceLink(ContextResourceLink);org.apache.catalina.deploy.ContextResourceLink;3;0;5;0.9250;745;23;11;1;1;0.8571;27;2;2
org.apache.catalina.tribes.tipis.AbstractReplicatedMap.MapMessage.setKey(Serializable);org.apache.catalina.tribes.io.XByteBuffer;0;0;2;0.9130;159;12;20;1;0;1.0000;317;36;7
org.apache.catalina.ssi.SSIMediator.setVariableValue(String, String);org.apache.catalina.ssi.SSIExternalResolver;0;1;1;0.9231;190;16;13;1;0;0.9000;8;8;0
org.apache.el.parser.SimpleNode.toString();org.apache.el.parser.ELParserTreeConstants;1;0;2;0.8947;82;15;4;0;1;0.9722;0;0;34
org.apache.catalina.session.JDBCStore.keys();org.apache.catalina.Container;1;5;5;0.8305;495;34;23;1;0;0.9792;34;34;6
org.apache.catalina.mbeans.ServerLifecycleListener.createMBeans(Context);org.apache.juli.logging.Log;1;1;1;0.9773;569;32;2;2;0;0.9310;18;18;0
org.apache.catalina.core.ApplicationContextFacade.getEffectiveMajorVersion();org.apache.catalina.core.ApplicationContext;0;0;0;0;0;0;0;0;0;0;0;0;0
org.apache.tomcat.util.buf.MessageBytes.toBytes();org.apache.tomcat.util.buf.ByteChunk;0;1;4;0.9091;402;31;17;2;0;0.9608;425;43;10
org.apache.catalina.mbeans.MBeanFactory.removeValve(String);org.apache.catalina.util.LifecycleMBeanBase;0;0;0;0;0;0;0;0;0;0;0;0;0
org.apache.catalina.tribes.membership.McastServiceImpl.memberDataReceived(byte[]);org.apache.catalina.tribes.Member;2;0;3;0.9545;308;12;27;0;1;1.0000;13;13;1
org.apache.jasper.compiler.Generator.GenerateVisitor.declareScriptingVars(Node.CustomTag, int);org.apache.jasper.compiler.Node.CustomTag;1;0;1;0.9846;1737;45;16;1;1;0.9545;229;10;26
org.apache.catalina.mbeans.NamingResourcesMBean.addResource(String, String);org.apache.catalina.deploy.NamingResources;1;0;1;0.9444;138;9;2;2;0;0.9630;332;35;12
org.apache.catalina.ha.session.DeltaManager.changeSessionId(Session, boolean);org.apache.catalina.Session;0;0;0;0;0;0;0;0;0;0;0;0;0
org.apache.jasper.compiler.Generator.generatePreamble(Node.Nodes);org.apache.jasper.compiler.ServletWriter;4;6;3;0.8545;781;28;16;7;0;0.8108;65;13;6
org.apache.catalina.ha.authenticator.ClusterSingleSignOn.deregister(String, Session);org.apache.catalina.ha.authenticator.SingleSignOnMessage;1;1;2;0.8929;149;16;4;0;3;0.9167;76;2;16
org.apache.jasper.xmlparser.XMLEncodingDetector.scanPIData(String, XMLString);org.apache.jasper.xmlparser.XMLStringBuffer;0;6;2;0.8431;798;23;29;1;0;0.9565;61;5;1
org.apache.catalina.realm.JNDIRealm.compareCredentials(DirContext, User, String);org.apache.catalina.util.Base64;3;0;0;1.0000;728;44;31;2;0;1.0000;120;5;10
org.apache.catalina.tribes.transport.nio.NioReplicationTask.registerForRead(SelectionKey, ObjectReader);org.apache.catalina.tribes.io.ObjectReader;0;0;2;0.9333;197;7;5;1;0;0.9500;71;9;5
org.apache.catalina.core.StandardWrapper.initServlet(Servlet);org.apache.catalina.Globals;0;0;0;0;0;0;0;0;0;0;0;0;0
org.apache.coyote.http11.Http11NioProtocol.start();org.apache.tomcat.util.net.AbstractEndpoint;0;0;0;0;0;0;0;0;0;0;0;0;0
org.apache.tomcat.util.net.AprEndpoint.Poller.destroy();org.apache.tomcat.jni.Poll;1;0;7;0.4167;168;4;7;1;0;1.0000;9;9;11
org.apache.catalina.core.StandardContext.listenerStop();org.apache.tomcat.InstanceManager;2;3;2;0.9873;2385;204;107;1;0;0.9231;4;4;0
org.apache.coyote.http11.InternalOutputBuffer.sendAck();org.apache.coyote.http11.Constants;1;0;2;0.9474;255;24;14;0;1;1.0000;0;0;44
org.apache.catalina.startup.HostConfig.lifecycleEvent(LifecycleEvent);org.apache.catalina.core.StandardHost;3;3;7;0.8462;755;35;15;2;2;0.9365;289;35;18
org.apache.catalina.tribes.group.interceptors.NonBlockingCoordinator.messageReceived(ChannelMessage);org.apache.catalina.tribes.ChannelMessage;1;2;2;0.9630;352;38;14;2;0;0.8824;11;11;0
org.apache.catalina.session.PersistentManagerBase.isLoaded(String);org.apache.juli.logging.Log;0;0;1;1.0000;420;33;13;1;0;0.9474;18;18;0
org.apache.catalina.mbeans.GlobalResourcesLifecycleListener.createMBeans(String, UserDatabase);org.apache.catalina.UserDatabase;0;0;1;1.0000;103;5;3;3;0;0.8333;16;16;0
org.apache.catalina.mbeans.ServerLifecycleListener.createMBeans(Service);org.apache.catalina.Service;0;2;0;0.9429;569;32;2;2;0;0.8889;15;15;0
org.apache.tomcat.util.http.fileupload.DiskFileItem.getCharSet();org.apache.tomcat.util.http.fileupload.ParameterParser;0;0;0;0;0;0;0;0;0;0;0;0;0
org.apache.catalina.tribes.group.interceptors.NonBlockingCoordinator.CoordinationEvent.toString();org.apache.catalina.tribes.Member;0;0;7;0.4167;59;2;20;1;0;0.9545;13;13;1
org.apache.jasper.compiler.Validator.ValidateVisitor.getJspAttribute(TagAttributeInfo, String, String, String, String, Node, boolean);org.apache.jasper.compiler.Node.JspAttribute;6;0;2;0.9630;710;36;19;1;0;0.9697;107;7;10
org.apache.catalina.tribes.group.RpcChannel.RpcCollector.hashCode();org.apache.catalina.tribes.group.RpcChannel.RpcCollectorKey;0;0;1;0.9091;39;5;5;1;0;0.7500;13;2;1
org.apache.catalina.core.ApplicationContext.mergeParameters();org.apache.catalina.core.StandardContext;0;0;2;0.9672;460;47;13;3;0;0.9904;2385;204;107
org.apache.catalina.servlets.WebdavServlet.getDocumentBuilder();org.apache.tomcat.util.res.StringManager;0;0;0;1.0000;1460;29;23;1;0;0.8000;36;3;3
org.apache.jasper.compiler.Validator.ValidateVisitor.getFunctionMapper(ELNode.Nodes);org.apache.jasper.compiler.JspUtil;2;0;2;0.9583;710;36;19;1;0;1.0000;693;44;8
org.apache.catalina.connector.Response.toEncoded(String, String);org.apache.catalina.core.ApplicationSessionCookieConfig;0;0;0;0;0;0;0;0;0;0;0;0;0
org.apache.catalina.core.StandardPipeline.setBasic(Valve);org.apache.juli.logging.Log;0;0;5;0.8621;234;16;8;1;0;0.9630;18;18;0
org.apache.catalina.valves.AccessLogValve.ThreadNameElement.addElement(StringBuilder, Date, Request, Response, long);org.apache.catalina.connector.Request;2;0;0;1.0000;9;1;0;1;0;0.9943;1084;128;51
org.apache.coyote.http11.Http11NioProtocol.Http11ConnectionHandler.process(NioChannel);org.apache.juli.logging.Log;8;1;3;0.8667;166;8;6;2;0;0.9474;18;18;0
org.apache.jasper.compiler.Node.IncludeDirective.accept(Visitor);org.apache.jasper.compiler.Node.Visitor;0;0;0;1.0000;9;1;0;1;0;0.9714;126;35;0
org.apache.jasper.compiler.Node.AttributeGenerator.accept(Visitor);org.apache.jasper.compiler.Node.Visitor;0;0;0;1.0000;14;1;2;1;0;0.9714;126;35;0
org.apache.coyote.http11.AbstractHttp11Protocol.getTruststoreType();org.apache.tomcat.util.net.AbstractEndpoint;0;0;0;0;0;0;0;0;0;0;0;0;0
org.apache.catalina.users.MemoryGroupCreationFactory.createObject(Attributes);org.apache.catalina.users.MemoryUserDatabase;1;0;1;0.8571;40;2;2;3;0;0.9118;252;22;10
org.apache.catalina.connector.Response.doIsEncodeable(Request, Session, String);org.apache.catalina.Context;1;1;0;0.9896;578;70;19;1;0;0.9925;125;125;1
org.apache.catalina.core.StandardContextValve.invoke(Request, Response);org.apache.catalina.Wrapper;2;1;2;0.9167;86;5;3;1;0;0.9808;32;32;0
org.apache.tomcat.util.net.JIoEndpoint.Acceptor.run();org.apache.juli.logging.Log;1;0;0;1.0000;28;1;0;1;0;0.9630;18;18;0
org.apache.catalina.connector.CoyoteAdapter.service(org.apache.coyote.Request, org.apache.coyote.Response);org.apache.catalina.connector.Request;8;0;4;0.9524;505;11;8;4;3;0.9650;1084;128;51
org.apache.catalina.tribes.util.Arrays.toNameString(Member[], int, int);org.apache.catalina.tribes.Member;0;0;0;1.0000;149;24;1;1;0;0.9231;13;13;1
org.apache.catalina.mbeans.ServerLifecycleListener.processContainerAddChild(Container, Container);org.apache.juli.logging.Log;0;3;1;0.9143;569;32;2;3;0;0.8571;18;18;0
org.apache.jasper.compiler.Validator.ValidateVisitor.checkXmlAttributes(Node.CustomTag, Node.JspAttribute[], Hashtable<String,Object>);org.apache.jasper.compiler.JspUtil;8;1;3;0.9344;710;36;19;1;0;1.0000;693;44;8
org.apache.catalina.core.StandardContext.setPublicId(String);org.apache.juli.logging.Log;0;0;2;0.9968;2385;204;107;2;0;0.9000;18;18;0
org.apache.catalina.connector.Request.getAttribute(String);org.apache.coyote.ActionCode;3;2;4;0.9714;1084;128;51;0;1;1.0000;6;0;26
org.apache.catalina.realm.JAASCallbackHandler.handle(Callback);org.apache.catalina.realm.RealmBase;1;0;11;0.3750;69;1;11;1;0;0.9855;688;39;24
org.apache.catalina.session.StandardManager.PrivilegedDoLoad.run();org.apache.catalina.session.StandardManager;0;0;0;1.0000;6;1;0;1;0;0.9600;328;19;8
org.apache.catalina.tribes.group.interceptors.ThroughputInterceptor.sendMessage(Member[], ChannelMessage, InterceptorPayload);org.apache.catalina.tribes.io.XByteBuffer;0;1;9;0.4118;88;3;14;1;0;1.0000;317;36;7
org.apache.catalina.core.NamingContextListener.addEjb(ContextEjb);org.apache.catalina.deploy.ResourceBase;2;0;3;0.9487;745;23;11;4;0;0.8095;43;9;6
org.apache.catalina.valves.AccessLogValve.LocalPortElement.addElement(StringBuilder, Date, Request, Response, long);org.apache.catalina.connector.Request;0;0;0;1.0000;3;1;0;1;0;0.9942;1084;128;51
org.apache.catalina.core.StandardWrapper.loadServlet();org.apache.tomcat.InstanceManager;6;3;15;0.8729;712;75;32;1;0;0.9714;4;4;0
org.apache.jasper.compiler.Node.UninterpretedTag.accept(Visitor);org.apache.jasper.compiler.Node.Visitor;0;0;0;1.0000;12;1;1;1;0;0.9714;126;35;0
org.apache.catalina.valves.PersistentValve.invoke(Request, Response);org.apache.catalina.Store;1;1;1;0.9655;76;3;2;3;0;0.9167;11;11;0
org.apache.catalina.tribes.group.interceptors.FragmentationInterceptor.FragCollection.assemble();org.apache.catalina.tribes.io.XByteBuffer;1;1;2;0.7500;30;4;3;1;2;0.8966;317;36;7
org.apache.catalina.startup.ContextConfig.getGlobalWebXmlSource();org.apache.catalina.core.StandardContext;0;0;0;0;0;0;0;0;0;0;0;0;0
org.apache.catalina.startup.WebAnnotationSet.addResource(Context, Resource);org.apache.catalina.deploy.ContextEnvironment;5;0;0;1.0000;125;6;0;0;1;0.9655;64;8;7
org.apache.jasper.JspC.execute();org.apache.juli.logging.Log;0;7;6;0.8571;840;35;81;4;0;0.8667;18;18;0
org.apache.jasper.compiler.Generator.GenerateVisitor.findJspBody(Node);org.apache.jasper.compiler.Node.Nodes;1;0;0;1.0000;1737;45;16;2;0;0.8182;43;5;3
org.apache.catalina.servlets.WebdavServlet.copyResource(HttpServletRequest, HttpServletResponse);org.apache.naming.resources.ProxyDirContext;1;4;1;0.8611;1460;29;23;1;0;0.9882;469;64;15
org.apache.catalina.ha.authenticator.ClusterSingleSignOn.removeSession(String, Session);org.apache.catalina.ha.ClusterManager;1;1;2;0.8929;149;16;4;1;0;0.9630;15;15;0
org.apache.catalina.core.StandardWrapperValve.invoke(Request, Response);org.apache.tomcat.util.log.SystemLogHandler;4;1;5;0.8780;341;4;6;2;0;1.0000;128;29;3
org.apache.tomcat.util.net.NioEndpoint.SocketProcessor.run();org.apache.juli.logging.Log;5;0;2;0.9200;91;2;2;3;0;0.9211;18;18;0
org.apache.jasper.compiler.Generator.declareTemporaryScriptingVars(Node.Nodes);org.apache.jasper.compiler.Node.CustomTag;2;0;1;0.9778;781;28;16;1;3;0.9130;229;10;26
org.apache.catalina.core.NamingContextListener.addEjb(ContextEjb);org.apache.catalina.deploy.ContextEjb;2;0;3;0.9487;745;23;11;3;0;0.7857;45;4;3
org.apache.jasper.compiler.Generator.GenerateVisitor.declareScriptingVars(Node.CustomTag, int);org.apache.jasper.compiler.ServletWriter;1;0;1;0.9846;1737;45;16;3;0;0.8500;65;13;6
org.apache.coyote.RequestInfo.getCurrentQueryString();org.apache.coyote.Request;1;0;1;0.9643;134;13;14;0;1;0.9815;219;17;34
org.apache.catalina.ha.context.ReplicatedContext.startInternal();org.apache.catalina.Globals;0;0;0;0;0;0;0;0;0;0;0;0;0
org.apache.catalina.ha.deploy.FarmWarDeployer.getFactory(FileMessage);org.apache.catalina.ha.deploy.FileMessage;1;0;2;0.9545;376;28;17;0;1;0.9167;53;2;7
org.apache.el.parser.ELParser.Integer();org.apache.el.parser.SimpleNode;4;1;1;0.9854;2195;111;22;0;1;0.9615;82;15;4
org.apache.catalina.deploy.WebXml.configureContext(Context);org.apache.catalina.deploy.ServletDef;0;0;0;0;0;0;0;0;0;0;0;0;0
org.apache.jasper.compiler.PageInfo.setTrimDirectiveWhitespaces(String, Node, ErrorDispatcher, boolean);org.apache.jasper.compiler.ErrorDispatcher;0;0;2;0.9733;319;30;44;1;0;0.9565;158;22;2
org.apache.tomcat.util.net.NioEndpoint.Poller.cancelledKey(SelectionKey, SocketStatus, boolean);org.apache.tomcat.util.net.NioEndpoint;3;0;0;1.0000;395;15;7;1;2;0.9815;629;43;64
org.apache.naming.NamingContext.checkWritable();org.apache.naming.StringManager;0;1;1;0.9474;282;32;6;1;0;0.9000;65;7;2
org.apache.catalina.manager.ManagerServlet.doGet(HttpServletRequest, HttpServletResponse);org.apache.tomcat.util.res.StringManager;2;12;1;0.7209;913;34;13;0;0;1.0000;36;3;3
org.apache.catalina.ha.session.JvmRouteBinderValve.getManager(Request);org.apache.catalina.Container;1;0;2;0.9615;200;15;9;2;0;0.9474;34;34;6
org.apache.coyote.http11.AbstractOutputBuffer.endHeaders();org.apache.coyote.http11.Constants;0;0;0;0;0;0;0;0;0;0;0;0;0
org.apache.catalina.connector.RequestFacade.getContentLength();org.apache.tomcat.util.res.StringManager;1;0;2;0.9865;462;73;2;0;0;1.0000;36;3;3
org.apache.catalina.startup.ContextConfig.fixDocBase();org.apache.catalina.startup.ExpandWar;1;0;1;0.9730;779;23;16;1;0;1.0000;183;6;2
org.apache.jasper.compiler.Generator.GenerateVisitor.visit(Node.GetProperty);org.apache.jasper.runtime.JspRuntimeLibrary;3;0;1;0.9853;1737;45;16;1;0;1.0000;647;45;2
org.apache.coyote.http11.AbstractHttp11Protocol.setThreadPriority(int);org.apache.tomcat.util.net.AbstractEndpoint;0;0;0;0;0;0;0;0;0;0;0;0;0
org.apache.coyote.http11.AbstractOutputBuffer.sendStatus();org.apache.coyote.Constants;0;0;0;0;0;0;0;0;0;0;0;0;0
org.apache.tomcat.util.bcel.classfile.Method.equals(Object);org.apache.tomcat.util.bcel.util.BCELComparator;0;0;0;0;0;0;0;0;0;0;0;0;0
org.apache.jasper.compiler.DefaultErrorHandler.javacError(String, Exception);org.apache.jasper.compiler.Localizer;0;0;0;1.0000;36;4;0;1;0;1.0000;34;6;1
org.apache.tomcat.util.net.AprEndpoint.processSocket(long, SocketStatus);org.apache.catalina.Globals;0;1;3;0.9753;629;27;59;0;0;1.0000;0;0;39
org.apache.coyote.http11.filters.GzipOutputFilter.FakeOutputStream.write(byte[], int, int);org.apache.coyote.OutputBuffer;1;0;1;0.8750;13;4;2;1;0;0.7500;1;1;0
org.apache.catalina.startup.ContextConfig.processJarsForWebFragments();org.apache.catalina.Loader;0;0;0;0;0;0;0;0;0;0;0;0;0
org.apache.coyote.http11.Http11AprProcessor.action(ActionCode, Object);org.apache.tomcat.jni.SSLSocket;9;1;18;0.8068;938;28;36;4;0;1.0000;6;6;0
org.apache.catalina.connector.Request.getLocalName();org.apache.coyote.ActionCode;2;0;2;0.9886;1084;128;51;0;1;1.0000;6;0;26
org.apache.jasper.compiler.Parser.parseCustomTag(Node);org.apache.jasper.JspCompilationContext;0;2;5;0.9079;1203;56;14;1;0;0.9873;420;31;31
org.apache.catalina.core.ApplicationContext.getResourceAsStream(String);org.apache.catalina.util.RequestUtil;1;0;1;0.9825;460;47;13;1;0;1.0000;183;13;1
org.apache.catalina.core.ApplicationServletRegistration.getClassName();org.apache.catalina.Wrapper;0;0;0;0;0;0;0;0;0;0;0;0;0
org.apache.jasper.compiler.Node.Comment.accept(Visitor);org.apache.jasper.compiler.Node.Visitor;0;0;0;1.0000;6;1;0;1;0;0.9714;126;35;0
org.apache.jasper.compiler.Parser.parseStandardAction(Node);org.apache.jasper.compiler.TagConstants;1;9;3;0.8235;1203;56;14;0;15;1.0000;0;0;57
org.apache.tomcat.util.net.AprEndpoint.Poller.destroy();org.apache.tomcat.jni.Pool;1;0;7;0.4167;168;4;7;1;0;1.0000;13;13;0
org.apache.catalina.core.AsyncContextImpl.dispatch(ServletContext, String);org.apache.coyote.ActionCode;1;3;4;0.8421;244;21;12;0;0;1.0000;6;0;26
org.apache.catalina.startup.AbsoluteOrderingRule.begin(String, String, Attributes);org.apache.juli.logging.Log;0;0;0;0;0;0;0;0;0;0;0;0;0
org.apache.catalina.ha.authenticator.ClusterSingleSignOn.associate(String, Session);org.apache.catalina.Session;1;1;2;0.8929;149;16;4;2;0;0.9535;32;32;4
org.apache.catalina.ha.session.DeltaManager.serializeSessions(Session[]);org.apache.catalina.ha.session.DeltaSession;1;0;2;1.0000;826;43;42;1;0;0.9796;379;41;7
org.apache.catalina.util.InstanceSupport.fireInstanceEvent(String, Servlet, ServletRequest, ServletResponse, Throwable);org.apache.catalina.InstanceListener;0;0;2;0.8667;81;11;3;1;0;0.6667;1;1;0
org.apache.el.parser.ELParser.DynamicExpression();org.apache.el.parser.JJTELParserState;2;2;1;0.9783;2195;111;22;4;0;0.8182;74;10;5
org.apache.catalina.startup.TldConfig.tldScanWebXml();org.apache.catalina.Context;0;0;0;0;0;0;0;0;0;0;0;0;0
org.apache.catalina.core.ApplicationContextFacade.declareRoles(String);org.apache.catalina.security.SecurityUtil;0;0;0;0;0;0;0;0;0;0;0;0;0
org.apache.catalina.ha.session.DeltaSession.applyDiff(byte[], int, int);org.apache.catalina.ha.ClusterManager;1;4;0;0.9200;379;41;7;1;0;0.9524;15;15;0
org.apache.catalina.ha.session.DeltaManager.sendCreateSession(String, DeltaSession);org.apache.catalina.session.StandardSession;2;1;5;0.9535;826;43;42;1;0;0.9882;558;58;26
org.apache.jasper.compiler.Generator.DeclarationVisitor.visit(Node.Declaration);org.apache.jasper.compiler.Node;3;0;0;1.0000;36;3;1;0;2;0.9375;170;7;15
org.apache.jasper.compiler.Node.SetProperty.accept(Visitor);org.apache.jasper.compiler.Node.Visitor;0;0;0;1.0000;15;1;1;1;0;0.9714;126;35;0
org.apache.catalina.core.StandardServer.startInternal();org.apache.catalina.Lifecycle;0;0;0;0;0;0;0;0;0;0;0;0;0
org.apache.tomcat.util.http.mapper.Mapper.internalMapWildcardWrapper(Wrapper[], int, CharChunk, MappingData);org.apache.tomcat.util.buf.CharChunk;2;3;0;1.0000;816;39;4;3;3;0.8966;393;39;8
org.apache.catalina.realm.CombinedRealm.addRealm(Realm);org.apache.juli.logging.Log;1;0;3;0.9286;143;12;3;1;0;0.9500;18;18;0
org.apache.tomcat.util.net.NioBlockingSelector.KeyReference.finalize();org.apache.tomcat.util.net.NioBlockingSelector;1;0;1;0.5000;11;1;1;0;1;1.0000;111;4;4
org.apache.coyote.http11.Http11Processor.recycle();org.apache.coyote.http11.AbstractInputBuffer;0;0;0;0;0;0;0;0;0;0;0;0;0
org.apache.jasper.tagplugins.jstl.core.Import.doTag(TagPluginContext);org.apache.jasper.compiler.tagplugin.TagPluginContext;0;0;0;1.0000;243;1;0;6;0;0.5714;14;14;0
org.apache.coyote.ajp.AjpProcessor.action(ActionCode, Object);org.apache.coyote.Response;6;3;11;0.7857;570;12;32;0;1;0.9846;250;19;18
org.apache.coyote.http11.Http11NioProtocol.Http11ConnectionHandler.event(NioChannel, SocketStatus);org.apache.coyote.http11.AbstractHttp11Processor;0;0;0;0;0;0;0;0;0;0;0;0;0
org.apache.catalina.core.ApplicationContextFacade.getServletContextName();org.apache.catalina.core.ApplicationContext;0;1;1;0.9600;426;46;3;1;0;0.9828;460;47;13
org.apache.catalina.core.StandardContext.buildInjectionMap(NamingResources);org.apache.catalina.deploy.NamingResources;0;1;0;0.9968;2385;204;107;7;0;0.8571;332;35;12
org.apache.catalina.connector.Request.setPathInfo(String);org.apache.tomcat.util.buf.MessageBytes;1;0;1;0.9943;1084;128;51;1;0;0.9778;402;31;17
org.apache.catalina.loader.WebappLoader.startInternal();org.apache.tomcat.util.res.StringManager;0;0;0;0;0;0;0;0;0;0;0;0;0
org.apache.catalina.connector.RequestFacade.getParameterValues(String);org.apache.catalina.security.SecurityUtil;1;0;2;0.9865;462;73;2;1;0;1.0000;146;11;17
org.apache.catalina.startup.Embedded.removeEngine(Engine);org.apache.catalina.Lifecycle;0;0;2;0.9804;372;34;11;1;0;0.9231;5;5;9
org.apache.coyote.http11.InternalOutputBuffer.setSocketBuffer(int);org.apache.tomcat.util.buf.ByteChunk;0;0;2;0.9487;255;24;14;1;0;0.9796;425;43;10
org.apache.catalina.connector.RequestFacade.getRequestDispatcher(String);org.apache.catalina.Globals;2;0;2;0.9865;462;73;2;0;1;1.0000;0;0;39
org.apache.catalina.manager.ManagerServlet.sessions(PrintWriter, String, int);org.apache.catalina.Session;1;0;3;0.9592;913;34;13;2;0;0.9474;32;32;4
org.apache.catalina.connector.RequestFacade.getAuthType();org.apache.catalina.connector.Request;1;0;2;0.9865;462;73;2;1;0;0.9943;1084;128;51
org.apache.catalina.core.ApplicationContext.populateSessionTrackingModes();org.apache.catalina.core.StandardContext;0;0;0;0;0;0;0;0;0;0;0;0;0
org.apache.catalina.startup.ContextConfig.processAnnotationWebFilter(String, AnnotationEntry, WebXml);org.apache.tomcat.util.bcel.classfile.ElementValue;0;0;0;0;0;0;0;0;0;0;0;0;0
org.apache.jasper.tagplugins.jstl.core.Catch.doTag(TagPluginContext);org.apache.jasper.compiler.tagplugin.TagPluginContext;0;0;0;1.0000;24;1;0;5;0;0.6429;14;14;0
org.apache.catalina.startup.ContextConfig.createContextDigester();org.apache.tomcat.util.digester.Digester;1;0;0;1.0000;779;23;16;1;1;0.9850;849;103;29
org.apache.catalina.tribes.transport.nio.NioReceiver.events();org.apache.juli.logging.Log;0;0;2;0.9565;269;15;8;3;0;0.8421;18;18;0
org.apache.catalina.session.StandardSession.getSession();org.apache.catalina.security.SecurityUtil;0;0;1;0.9868;558;58;26;1;0;1.0000;146;11;17
org.apache.catalina.tribes.group.interceptors.NonBlockingCoordinator.startElection(boolean);org.apache.catalina.tribes.group.AbsoluteOrder.AbsoluteComparator;1;5;8;0.7547;352;38;14;1;0;0.9583;45;7;0
org.apache.catalina.core.ApplicationContext.mergeParameters();org.apache.catalina.deploy.ApplicationParameter;0;0;2;0.9672;460;47;13;3;0;0.7857;39;5;4
org.apache.catalina.ha.session.DeltaManager.getAllClusterSessions();org.apache.catalina.ha.CatalinaCluster;2;3;11;0.8681;826;43;42;2;0;0.9512;20;20;1
org.apache.catalina.ha.session.SimpleTcpReplicationManager.startInternal();org.apache.juli.logging.Log;0;0;0;0;0;0;0;0;0;0;0;0;0
org.apache.jasper.compiler.Compiler.removeGeneratedClassFiles();org.apache.juli.logging.Log;0;0;2;0.9048;285;11;8;2;0;0.9048;18;18;0
org.apache.catalina.startup.ContextConfig.contextConfig();org.apache.juli.logging.Log;2;5;2;0.7813;779;23;16;0;0;1.0000;18;18;0
org.apache.catalina.valves.ExtendedAccessLogValve.ServletContextElement.addElement(StringBuilder, Date, Request, Response, long);org.apache.catalina.connector.Request;0;0;1;0.7500;6;1;1;1;0;0.9943;1084;128;51
org.apache.catalina.ha.session.DeltaSession.setAttribute(String, Object, boolean, boolean);org.apache.tomcat.util.res.StringManager;1;2;2;0.9400;379;41;7;0;0;1.0000;36;3;3
org.apache.catalina.startup.HostConfig.deployWAR(String, File, String);org.apache.tomcat.util.ExceptionUtils;0;0;0;0;0;0;0;0;0;0;0;0;0
org.apache.coyote.http11.Http11NioProtocol.Http11ConnectionHandler.process(NioChannel);org.apache.tomcat.util.net.SecureNioChannel;8;1;3;0.8667;166;8;6;0;1;0.9778;255;15;8
org.apache.catalina.users.MemoryUserDatabase.removeRole(Role);org.apache.catalina.User;0;2;1;0.9118;252;22;10;1;0;0.9545;17;17;0
org.apache.catalina.connector.CoyoteAdapter.log(org.apache.coyote.Request, org.apache.coyote.Response, long);org.apache.catalina.connector.Connector;0;0;0;0;0;0;0;0;0;0;0;0;0
org.apache.catalina.core.JreMemoryLeakPreventionListener.lifecycleEvent(LifecycleEvent);org.apache.tomcat.util.res.StringManager;0;0;0;0;0;0;0;0;0;0;0;0;0
org.apache.naming.SelectorContext.lookupLink(String);org.apache.juli.logging.Log;0;2;0;0.9412;146;31;6;0;0;1.0000;18;18;0
org.apache.catalina.deploy.WebXml.merge(Set<WebXml>);org.apache.catalina.deploy.SessionConfig;0;0;0;0;0;0;0;0;0;0;0;0;0
org.apache.catalina.ha.tcp.ReplicationValve.invoke(Request, Response);org.apache.catalina.core.StandardContext;1;3;5;0.8667;283;17;17;1;0;0.9970;2385;204;107
org.apache.jasper.compiler.TagLibraryInfoImpl.parseTLD(String, InputStream, JarResource);org.apache.jasper.compiler.ErrorDispatcher;0;4;3;0.7586;523;14;6;2;0;0.9429;158;22;2
org.apache.catalina.connector.Request.getLocalAddr();org.apache.coyote.ActionCode;2;0;2;0.9886;1084;128;51;0;1;1.0000;6;0;26
org.apache.catalina.connector.Request.isSSLAttribute(String);org.apache.catalina.Globals;1;0;0;1.0000;1084;128;51;0;5;1.0000;0;0;39
org.apache.catalina.tribes.membership.MemberImpl.getMember(byte[], int, int, MemberImpl);org.apache.catalina.tribes.util.Arrays;0;4;8;0.7436;300;29;19;1;0;1.0000;149;24;1
org.apache.catalina.tribes.transport.bio.util.FastQueue.add(ChannelMessage, Member[], InterceptorPayload);org.apache.juli.logging.Log;1;0;10;0.7273;172;11;14;6;0;0.8000;18;18;0
org.apache.el.parser.ELParser.jj_3R_37();org.apache.el.parser.ELParserConstants;0;1;0;0.9924;2195;111;22;0;0;1.0000;0;0;57
org.apache.jasper.compiler.ELFunctionMapper.ELFunctionVisitor.doMap(Node.JspAttribute);org.apache.jasper.compiler.Node.JspAttribute;2;0;0;1.0000;151;14;1;0;1;0.9474;107;7;10
org.apache.tomcat.util.net.NioEndpoint.init();org.apache.tomcat.util.net.NioSelectorPool;0;2;22;0.7576;629;43;64;1;0;0.9773;182;9;12
org.apache.tomcat.util.buf.C2BConverter.convert(MessageBytes);org.apache.juli.logging.Log;3;3;2;0.8333;58;8;5;2;0;0.9355;18;18;0
org.apache.catalina.servlets.WebdavServlet.parseProperties(HttpServletRequest, XMLWriter, String, int, Vector<String>);org.apache.naming.resources.ProxyDirContext;3;2;3;0.9583;1460;29;23;1;0;0.9894;469;64;15
org.apache.jasper.compiler.Dumper.DumpVisitor.visit(Node.ForwardAction);org.apache.jasper.compiler.Node;1;3;0;0.8929;122;27;1;0;1;0.9667;170;7;15
org.apache.catalina.startup.ServletDefCreateRule.begin(String, String, Attributes);org.apache.juli.logging.Log;1;0;0;1.0000;12;2;0;2;0;0.9167;18;18;0
org.apache.jasper.compiler.Generator.GenerateVisitor.generateCustomStart(Node.CustomTag, TagHandlerInfo, String, String, String);org.apache.jasper.compiler.Generator.TagHandlerInfo;6;1;2;0.9620;1737;45;16;0;1;0.9630;27;2;3
org.apache.catalina.core.NamingContextListener.lifecycleEvent(LifecycleEvent);org.apache.juli.logging.Log;3;2;9;0.7857;745;23;11;3;0;0.9143;18;18;0
org.apache.catalina.core.StandardContext.loadOnStartup(Container);org.apache.catalina.core.StandardWrapper;1;0;0;1.0000;2385;204;107;1;0;1.0000;712;75;32
org.apache.catalina.realm.RealmBase.digest(String);org.apache.juli.logging.Log;2;1;4;0.9464;688;39;24;1;0;0.9524;18;18;0
org.apache.catalina.startup.UserConfig.deploy();org.apache.catalina.startup.UserDatabase;1;1;3;0.8636;89;10;8;3;0;0.7273;4;4;0
org.apache.catalina.startup.CopyParentClassLoaderRule.begin(String, String, Attributes);org.apache.juli.logging.Log;1;0;0;1.0000;10;1;0;2;0;0.9091;18;18;0
org.apache.catalina.startup.IgnoreAnnotationsRule.begin(String, String, Attributes);org.apache.catalina.deploy.WebXml;2;0;0;1.0000;12;1;0;0;0;1.0000;1446;42;41
org.apache.catalina.connector.RequestFacade.getSession(boolean);org.apache.catalina.connector.Request;1;0;2;0.9865;462;73;2;1;0;0.9943;1084;128;51
org.apache.coyote.http11.InternalNioInputBuffer.SocketInputBuffer.doRead(ByteChunk, Request);org.apache.tomcat.util.buf.ByteChunk;1;0;0;1.0000;9;1;0;1;0;0.9804;425;43;10
org.apache.catalina.core.NamingContextListener.lifecycleEvent(LifecycleEvent);org.apache.naming.ContextBindings;3;2;9;0.7857;745;23;11;4;0;1.0000;112;21;6
org.apache.catalina.core.ApplicationContext.log(String, Throwable);org.apache.catalina.core.ContainerBase;0;0;1;0.9825;460;47;13;1;0;0.9890;603;62;29
org.apache.coyote.Response.doWrite(ByteChunk);org.apache.coyote.OutputBuffer;0;0;2;0.9474;250;19;18;1;0;0.7500;1;1;0
org.apache.catalina.tribes.transport.ReplicationTransmitter.add(Member);org.apache.catalina.tribes.transport.MultiPointSender;0;0;1;0.9000;30;7;3;1;0;0.8750;7;7;0
org.apache.jasper.xmlparser.UTF8Reader.expectedByte(int, int);org.apache.jasper.compiler.Localizer;0;0;0;1.0000;356;11;7;1;0;1.0000;34;6;1
org.apache.catalina.ant.ValidatorTask.execute();org.apache.tomcat.util.digester.Digester;2;0;1;0.8571;38;2;1;1;0;0.9928;849;103;29
org.apache.jasper.compiler.Generator.GenerateVisitor.visit(Node.CustomTag);org.apache.jasper.compiler.ServletWriter;5;1;8;0.8861;1737;45;16;7;0;0.8158;65;13;6
org.apache.catalina.tribes.group.interceptors.NonBlockingCoordinator.messageReceived(ChannelMessage);org.apache.juli.logging.Log;1;2;2;0.9630;352;38;14;1;0;0.9600;18;18;0
org.apache.jasper.compiler.JDTCompiler.CompilationUnit.getContents();org.apache.juli.logging.Log;2;0;0;1.0000;52;4;2;1;0;0.9545;18;18;0
org.apache.coyote.http11.Http11NioProcessor.event(SocketStatus);org.apache.coyote.Request;6;1;10;0.8816;954;28;38;1;1;0.9718;219;17;34
org.apache.catalina.tribes.transport.bio.BioReceiver.start();org.apache.juli.logging.Log;0;1;1;0.9286;94;7;2;1;0;0.9583;18;18;0
org.apache.tomcat.util.digester.SetPropertyRule.begin(String, String, Attributes);org.apache.tomcat.util.digester.Digester;2;0;2;0.8571;40;2;2;3;2;0.9640;849;103;29
org.apache.jasper.compiler.JarScannerFactory.getJarScanner(ServletContext);org.apache.jasper.compiler.Localizer;0;0;0;0;0;0;0;0;0;0;0;0;0
org.apache.catalina.core.ApplicationContextFacade.setInitParameter(String, String);org.apache.catalina.security.SecurityUtil;0;1;1;0.9600;426;46;3;1;0;1.0000;146;11;17
org.apache.tomcat.util.http.mapper.Mapper.map(MessageBytes, MappingData);org.apache.tomcat.util.buf.MessageBytes;2;1;1;0.9375;816;39;4;1;1;0.9565;402;31;17
org.apache.catalina.realm.UserDatabaseRealm.getPrincipal(String);org.apache.catalina.Group;0;0;1;0.9231;92;6;5;1;0;0.9375;11;11;0
org.apache.catalina.loader.WebappLoader.startInternal();org.apache.catalina.Lifecycle;0;0;0;0;0;0;0;0;0;0;0;0;0
org.apache.catalina.tribes.group.interceptors.MessageDispatchInterceptor.sendAsyncData(LinkObject);org.apache.catalina.tribes.io.XByteBuffer;2;1;1;0.9688;138;12;8;0;1;0.9730;317;36;7
org.apache.catalina.authenticator.FormAuthenticator.forwardToErrorPage(Request, HttpServletResponse, LoginConfig);org.apache.catalina.Context;0;0;0;0;0;0;0;0;0;0;0;0;0
org.apache.catalina.ha.session.JvmRouteSessionIDBinderListener.messageReceived(ClusterMessage);org.apache.catalina.Session;3;0;0;1.0000;54;5;3;1;0;0.9800;32;32;4
org.apache.catalina.core.StandardHostValve.throwable(Request, Response, Throwable);org.apache.catalina.Globals;4;3;2;0.9000;149;7;3;0;6;1.0000;0;0;39
org.apache.jasper.compiler.Node.FallBackAction.accept(Visitor);org.apache.jasper.compiler.Node.Visitor;0;0;0;1.0000;9;1;0;1;0;0.9714;126;35;0
org.apache.jasper.el.ELResolverImpl.getDefaultResolver();org.apache.jasper.Constants;1;0;1;1.0000;89;7;2;0;1;1.0000;0;0;34
org.apache.catalina.ha.session.DeltaManager.requestCompleted(String, boolean);org.apache.catalina.ha.ClusterMessage;0;0;0;0;0;0;0;0;0;0;0;0;0
org.apache.naming.ContextBindings.bindThread(Object, Object);org.apache.naming.ContextAccessController;0;0;4;1.0000;112;21;6;1;0;1.0000;25;6;2
org.apache.coyote.http11.Http11NioProcessor.parseHost(MessageBytes);org.apache.coyote.Response;6;0;6;0.9189;954;28;38;0;1;0.9808;250;19;18
org.apache.catalina.tribes.group.interceptors.TcpFailureDetector.performForcedCheck();org.apache.catalina.tribes.membership.Membership;0;1;3;0.8519;227;15;10;3;0;0.8889;136;11;6
org.apache.tomcat.util.bcel.classfile.EnumElementValue.stringifyValue();org.apache.tomcat.util.bcel.classfile.ConstantUtf8;0;0;0;0;0;0;0;0;0;0;0;0;0
org.apache.catalina.tribes.io.ObjectReader.hasPackage();org.apache.catalina.tribes.io.XByteBuffer;0;0;1;0.9375;71;9;5;1;0;0.9600;317;36;7
org.apache.catalina.servlets.WebdavServlet.parseProperties(HttpServletRequest, XMLWriter, String, int, Vector<String>);org.apache.catalina.servlets.WebdavStatus;3;2;3;0.9583;1460;29;23;1;2;1.0000;12;2;27
org.apache.catalina.connector.Request.getRemoteAddr();org.apache.coyote.Request;2;0;2;0.9886;1084;128;51;1;1;0.9636;219;17;34
org.apache.catalina.realm.JDBCRealm.credentials(Connection, String);org.apache.juli.logging.Log;0;0;4;0.8571;277;13;16;2;0;0.9130;18;18;0
org.apache.coyote.http11.Http11NioProtocol.Http11ConnectionHandler.release(SocketChannel);org.apache.coyote.http11.Http11NioProcessor;2;1;1;0.8750;166;8;6;1;0;0.9857;954;28;38
org.apache.jasper.compiler.JspDocumentParser.parse(ParserController, String, JarFile, Node, boolean, boolean, String, String, boolean, boolean);org.apache.jasper.compiler.JspUtil;4;2;6;0.8654;649;28;20;1;0;1.0000;693;44;8
org.apache.tomcat.util.http.NamesEnumerator.findNext();org.apache.tomcat.util.buf.MessageBytes;0;0;4;0.6000;30;3;4;2;0;0.9583;402;31;17
org.apache.coyote.RequestInfo.getCurrentUri();org.apache.coyote.Request;1;0;1;0.9643;134;13;14;0;1;0.9815;219;17;34
org.apache.catalina.connector.Connector.pause();org.apache.juli.logging.Log;1;0;3;0.9785;455;59;40;1;0;0.9524;18;18;0
org.apache.jasper.compiler.Generator.GenerateVisitor.visit(Node.TemplateText);org.apache.jasper.compiler.Generator.GenBuffer;6;0;3;0.9610;1737;45;16;0;1;0.9630;47;3;4
org.apache.catalina.realm.RealmBase.getDigest(String, String);org.apache.catalina.util.MD5Encoder;0;2;4;0.9474;688;39;24;1;0;0.8000;11;1;1
org.apache.catalina.session.StandardSession.expire(boolean);org.apache.catalina.Context;2;5;7;0.8851;558;58;26;1;0;0.9931;125;125;1
org.apache.catalina.ssi.SSIExec.process(SSIMediator, String, String[], String[], PrintWriter);org.apache.catalina.ssi.SSIMediator;1;0;2;0.8000;35;1;2;2;1;0.8929;190;16;13
org.apache.catalina.loader.WebappLoader.setRepositories();org.apache.tomcat.util.res.StringManager;3;2;5;0.9231;548;39;19;0;0;1.0000;36;3;3
org.apache.jasper.compiler.Generator.generateTagHandlerPreamble(JasperTagInfo, Node.Nodes);org.apache.jasper.JspCompilationContext;2;9;2;0.7500;781;28;16;0;1;0.9873;420;31;31
org.apache.catalina.core.JreMemoryLeakPreventionListener.lifecycleEvent(LifecycleEvent);org.apache.catalina.Lifecycle;0;0;0;0;0;0;0;0;0;0;0;0;0
org.apache.coyote.http11.Http11NioProtocol.Http11ConnectionHandler.deregister(Http11NioProcessor);org.apache.coyote.http11.Http11NioProtocol;4;0;2;0.9048;166;8;6;0;2;0.9924;448;96;26
org.apache.coyote.http11.filters.VoidOutputFilter.doWrite(ByteChunk, Response);org.apache.tomcat.util.buf.ByteChunk;0;0;0;1.0000;16;4;3;1;0;0.9787;425;43;10
org.apache.catalina.core.ApplicationFilterConfig.registerJMX();org.apache.catalina.deploy.FilterDef;0;0;0;0;0;0;0;0;0;0;0;0;0
org.apache.catalina.connector.CoyoteReader.mark(int);org.apache.catalina.connector.InputBuffer;0;0;1;0.9333;102;12;4;1;0;0.9722;210;19;17
org.apache.catalina.ha.session.JvmRouteBinderValve.invoke(Request, Response);org.apache.catalina.Valve;0;1;2;0.8929;200;15;9;1;0;0.9333;6;6;0
org.apache.catalina.session.ManagerBase.getJvmRoute();org.apache.catalina.Engine;0;1;0;0.9878;489;55;31;1;0;0.8571;6;6;0
org.apache.catalina.ha.session.SimpleTcpReplicationManager.readSession(byte[], String);org.apache.catalina.Session;1;2;1;0.9630;362;17;17;6;0;0.8776;32;32;4
org.apache.jasper.compiler.Validator.ValidateVisitor.visit(Node.PlugIn);org.apache.jasper.compiler.JspUtil;1;2;2;0.9362;710;36;19;1;0;1.0000;693;44;8
org.apache.catalina.tribes.transport.ReplicationTransmitter.stop();org.apache.catalina.tribes.transport.DataSender;0;0;1;0.9000;30;7;3;1;0;0.9167;11;11;0
org.apache.coyote.RequestInfo.getRemoteAddr();org.apache.coyote.Request;2;0;1;0.9655;134;13;14;1;1;0.9630;219;17;34
org.apache.catalina.tribes.group.GroupChannel.getChannelReceiver();org.apache.catalina.tribes.group.ChannelCoordinator;1;0;1;0.9697;268;24;8;0;1;0.9565;164;15;5
org.apache.catalina.connector.CoyoteAdapter.parsePathParameters(org.apache.coyote.Request, Request);org.apache.tomcat.util.buf.ByteChunk;0;0;0;0;0;0;0;0;0;0;0;0;0
org.apache.catalina.connector.Request.parseParameters();org.apache.tomcat.util.http.Parameters;5;4;9;0.9396;1084;128;51;3;0;0.9474;363;23;19
org.apache.el.ValueExpressionImpl.getType(ELContext);org.apache.el.parser.Node;0;1;2;0.8333;73;11;5;1;0;0.9444;15;15;0
org.apache.jasper.xmlparser.UCSReader.read();org.apache.juli.logging.Log;0;0;5;0.8000;100;8;9;2;0;0.9048;18;18;0
org.apache.catalina.tribes.group.interceptors.NonBlockingCoordinator.handleViewConf(CoordinationMessage, Member, Membership);org.apache.catalina.tribes.UniqueId;1;5;5;0.8113;352;38;14;1;0;0.9500;32;3;1
org.apache.tomcat.util.digester.ObjectCreateRule.end(String, String);org.apache.tomcat.util.digester.Digester;1;0;0;1.0000;43;3;2;1;2;0.9779;849;103;29
org.apache.catalina.core.StandardWrapper.getMaxTime();org.apache.catalina.core.StandardWrapperValve;1;0;1;0.9902;712;75;32;0;1;0.9000;341;4;6
org.apache.coyote.RequestInfo.updateCounters();org.apache.tomcat.util.buf.MessageBytes;2;0;9;0.7273;134;13;14;1;0;0.9828;402;31;17
org.apache.catalina.servlets.WebdavServlet.doMove(HttpServletRequest, HttpServletResponse);org.apache.catalina.servlets.WebdavStatus;1;4;0;0.8824;1460;29;23;0;2;1.0000;12;2;27
org.apache.catalina.tribes.tipis.AbstractReplicatedMap.memberDisappeared(Member);org.apache.catalina.tribes.Channel;0;2;4;0.9342;740;50;17;1;0;0.9677;15;15;13
org.apache.jasper.JspC.scanFiles(File);org.apache.jasper.compiler.JspConfig;0;1;4;0.9383;840;35;81;1;0;0.9524;273;6;11
org.apache.catalina.core.ApplicationContext.addListener(String);org.apache.tomcat.InstanceManager;0;0;0;0;0;0;0;0;0;0;0;0;0
org.apache.tomcat.util.digester.Digester.ignorableWhitespace(char, int, int);org.apache.juli.logging.Log;0;0;1;0.9925;849;103;29;2;0;0.8947;18;18;0
org.apache.coyote.http11.AbstractOutputBuffer.nextRequest();org.apache.coyote.http11.OutputFilter;0;0;0;0;0;0;0;0;0;0;0;0;0
org.apache.catalina.mbeans.NamingResourcesMBean.addEnvironment(String, String, String);org.apache.catalina.deploy.ContextEnvironment;2;0;1;0.9474;138;9;2;0;1;0.9565;64;8;7
org.apache.catalina.servlets.DefaultServlet.renderXml(String, CacheEntry, InputStream);org.apache.naming.resources.ResourceAttributes;1;3;2;0.9123;994;37;18;2;0;0.9636;516;30;30
org.apache.catalina.core.StandardContextValve.invoke(Request, Response);org.apache.tomcat.util.buf.MessageBytes;2;1;2;0.9167;86;5;3;2;0;0.9677;402;31;17
org.apache.jasper.compiler.Generator.GenerateVisitor.generateCustomDoTag(Node.CustomTag, TagHandlerInfo, String);org.apache.jasper.compiler.Generator.TagHandlerInfo;5;4;3;0.9028;1737;45;16;0;1;0.9583;27;2;3
org.apache.coyote.http11.AbstractHttp11Protocol.getTrustMaxCertLength();org.apache.tomcat.util.net.AbstractEndpoint;0;0;0;0;0;0;0;0;0;0;0;0;0
org.apache.coyote.http11.Http11NioProcessor.endRequest();org.apache.coyote.http11.AbstractInputBuffer;0;0;0;0;0;0;0;0;0;0;0;0;0
org.apache.tomcat.util.bcel.classfile.LocalVariableTable.getLocalVariable(int);org.apache.tomcat.util.bcel.classfile.LocalVariable;0;0;0;0;0;0;0;0;0;0;0;0;0
org.apache.catalina.tribes.group.interceptors.OrderInterceptor.sendMessage(Member[], ChannelMessage, InterceptorPayload);org.apache.catalina.tribes.ChannelInterceptor;0;1;1;0.9231;141;9;8;1;0;0.9630;16;16;0
org.apache.coyote.http11.Http11AprProcessor.prepareRequest();org.apache.tomcat.util.buf.MessageBytes;7;3;13;0.8182;938;28;36;5;1;0.9241;402;31;17
org.apache.el.parser.ELParserTokenManager.getNextToken();org.apache.el.parser.SimpleCharStream;1;3;7;0.8367;1035;33;25;6;0;0.8966;257;26;16
org.apache.catalina.core.ApplicationFilterRegistration.getUrlPatternMappings();org.apache.catalina.deploy.FilterDef;0;0;0;0;0;0;0;0;0;0;0;0;0
org.apache.jasper.compiler.Generator.DeclarationVisitor.visit(Node.Declaration);org.apache.jasper.compiler.ServletWriter;3;0;0;1.0000;36;3;1;2;1;0.8571;65;13;6
org.apache.jasper.compiler.PageDataImpl.SecondPassVisitor.appendPageDirective(Node.PageDirective);org.apache.jasper.compiler.Node;3;0;3;0.9400;307;41;6;0;2;0.9355;170;7;15
org.apache.catalina.deploy.WebXml.setPublicId(String);org.apache.catalina.startup.Constants;0;0;1;0.9853;1446;42;41;0;0;1.0000;0;0;45
org.apache.jasper.compiler.Validator.DirectiveVisitor.compareTagEncodings(String, Node.TagDirective);org.apache.jasper.compiler.Node;1;0;1;0.9375;214;7;4;1;0;0.9697;170;7;15
org.apache.tomcat.util.net.jsse.JSSEImplementation.getSSLSupport(SSLSession);org.apache.tomcat.util.net.jsse.JSSEFactory;0;0;1;0.8333;19;4;3;1;0;0.7500;9;3;0
org.apache.catalina.core.NamingContextListener.addResource(ContextResource);org.apache.catalina.deploy.ContextResource;2;1;4;0.9070;745;23;11;2;0;0.8947;35;3;2
org.apache.catalina.valves.SSLValve.invoke(Request, Response);org.apache.catalina.Valve;0;1;0;0.7500;42;2;0;1;0;0.8889;6;6;0
org.apache.catalina.servlets.CGIServlet.CGIRunner.run();org.apache.catalina.util.IOTools;1;3;7;0.4118;240;8;7;1;0;1.0000;22;4;1
org.apache.catalina.mbeans.MBeanUtils.createObjectName(String, Loader);org.apache.catalina.Context;0;0;0;1.0000;853;61;5;1;0;0.9922;125;125;1
org.apache.el.parser.SimpleNode.accept(NodeVisitor);org.apache.el.parser.Node;0;0;1;0.9500;82;15;4;1;0;0.9412;15;15;0
org.apache.catalina.session.StandardSession.writeObject(ObjectOutputStream);org.apache.juli.logging.Log;1;3;11;0.8519;558;58;26;3;0;0.9063;18;18;0
org.apache.catalina.authenticator.FormAuthenticator.forwardToLoginPage(Request, HttpServletResponse, LoginConfig);org.apache.catalina.Globals;0;0;0;0;0;0;0;0;0;0;0;0;0
org.apache.catalina.startup.Tomcat.getConnector();org.apache.catalina.Service;0;1;3;0.8857;218;21;14;0;0;1.0000;15;15;0
org.apache.catalina.core.ContainerBase.backgroundProcess();org.apache.catalina.Manager;2;0;9;0.9278;603;62;29;1;0;0.9796;34;34;0
org.apache.catalina.manager.StatusManagerServlet.init();org.apache.tomcat.util.modeler.Registry;0;0;5;0.4444;160;4;6;2;0;0.9787;446;36;10
org.apache.catalina.tribes.membership.McastService.getLocalMember(boolean);org.apache.catalina.tribes.membership.McastServiceImpl;1;0;2;0.9688;345;53;13;1;0;0.9756;308;12;27
org.apache.catalina.startup.ContextConfig.authenticatorConfig();org.apache.catalina.Container;1;0;7;0.9286;779;23;16;1;0;0.9796;34;34;6
org.apache.catalina.manager.host.HostManagerServlet.setWrapper(Wrapper);org.apache.tomcat.util.modeler.Registry;0;0;5;0.7619;301;13;8;2;0;0.9792;446;36;10
org.apache.el.parser.ELParser.And();org.apache.el.parser.ELParserConstants;2;3;4;0.9493;2195;111;22;0;2;0.9710;0;0;57
org.apache.jasper.compiler.Dumper.DumpVisitor.visit(Node.TemplateText);org.apache.jasper.compiler.Node;1;1;0;0.9643;122;27;1;0;1;0.9643;170;7;15
org.apache.coyote.http11.InternalNioInputBuffer.fill(boolean, boolean);org.apache.tomcat.util.res.StringManager;0;1;6;0.8500;457;16;24;1;0;0.9091;36;3;3
org.apache.coyote.ajp.AjpProcessor.asyncDispatch(SocketStatus);org.apache.coyote.Adapter;0;0;0;0;0;0;0;0;0;0;0;0;0
org.apache.el.lang.ELSupport.coerceToNumber(String, Class<?>);org.apache.el.util.MessageFactory;0;0;0;1.0000;351;22;1;1;0;1.0000;24;7;1
org.apache.catalina.connector.Request.isRequestedSessionIdValid();org.apache.catalina.Manager;0;0;2;0.9886;1084;128;51;1;0;0.9737;34;34;0
org.apache.catalina.authenticator.DigestAuthenticator.findPrincipal(Request, String, Realm);org.apache.catalina.util.MD5Encoder;0;2;2;1.0000;123;8;5;1;0;0.6667;11;1;1
org.apache.coyote.ajp.AjpProtocol.getExecutor();org.apache.tomcat.util.net.AbstractEndpoint;0;0;0;0;0;0;0;0;0;0;0;0;0
org.apache.catalina.startup.CallParamMultiRule.end(String, String);org.apache.tomcat.util.digester.ArrayStack;0;0;0;1.0000;14;1;0;2;0;0.8333;53;6;1
org.apache.catalina.ha.tcp.SimpleTcpCluster.getMembers();org.apache.catalina.tribes.Channel;0;0;1;0.9846;371;45;31;1;0;0.9375;15;15;13
org.apache.catalina.realm.RealmBase.digest(String);org.apache.tomcat.util.res.StringManager;2;1;4;0.9464;688;39;24;0;0;1.0000;36;3;3
org.apache.tomcat.util.bcel.classfile.ElementValue.readElementValue(DataInputStream, ConstantPool);org.apache.tomcat.util.bcel.classfile.AnnotationEntry;0;0;0;0;0;0;0;0;0;0;0;0;0
org.apache.el.parser.ELParser.jj_3R_65();org.apache.el.parser.ELParserConstants;1;1;0;0.9924;2195;111;22;0;1;0.9828;0;0;57
org.apache.coyote.RequestInfo.getContentLength();org.apache.coyote.Request;0;0;1;0.9630;134;13;14;1;0;0.9811;219;17;34
org.apache.catalina.connector.CoyoteAdapter.event(org.apache.coyote.Request, org.apache.coyote.Response, SocketStatus);org.apache.catalina.connector.Response;8;0;4;0.9375;505;11;8;2;0;0.9818;578;70;19
org.apache.coyote.http11.Http11AprProtocol.getSoLinger();org.apache.tomcat.util.net.AbstractEndpoint;0;0;0;0;0;0;0;0;0;0;0;0;0
org.apache.catalina.tribes.group.GroupChannel.send(Member[], Serializable, int, ErrorHandler);org.apache.juli.logging.Log;5;1;0;0.9783;268;24;8;2;0;0.9355;18;18;0
org.apache.catalina.core.NamingContextListener.addService(ContextService);org.apache.catalina.Context;5;0;4;0.9464;745;23;11;1;0;0.9934;125;125;1
org.apache.catalina.tribes.transport.nio.NioReplicationTask.cancelKey(SelectionKey);org.apache.catalina.tribes.io.ObjectReader;1;0;2;0.9375;197;7;5;1;1;0.9000;71;9;5
org.apache.catalina.connector.ResponseFacade.DateHeaderPrivilegedAction.run();org.apache.catalina.connector.Response;1;0;3;0.5714;14;1;3;2;0;0.9783;578;70;19
org.apache.catalina.startup.ContextConfig.antiLocking();org.apache.catalina.Host;0;0;4;0.9459;779;23;16;1;0;0.9655;20;20;2
org.apache.jasper.compiler.Generator.GenerateVisitor.visit(Node.InvokeAction);org.apache.jasper.compiler.ServletWriter;2;1;1;0.9718;1737;45;16;6;1;0.6957;65;13;6
org.apache.catalina.ha.authenticator.ClusterSingleSignOn.removeSession(String, Session);org.apache.catalina.Session;1;1;2;0.8929;149;16;4;2;0;0.9535;32;32;4
org.apache.coyote.http11.InternalAprInputBuffer.parseRequestLine(boolean);org.apache.coyote.http11.Constants;2;1;5;0.8571;358;13;15;0;5;1.0000;0;0;44
org.apache.tomcat.util.buf.CharChunk.getInt();org.apache.tomcat.util.buf.Ascii;0;0;3;0.9362;393;39;8;1;0;1.0000;91;11;7
org.apache.coyote.ajp.AjpAprProtocol.setBacklog(int);org.apache.tomcat.util.net.AbstractEndpoint;0;0;0;0;0;0;0;0;0;0;0;0;0
org.apache.catalina.ha.session.DeltaSession.expire(boolean, boolean);org.apache.catalina.ha.session.DeltaManager;1;0;3;0.9815;379;41;7;1;0;0.9888;826;43;42
org.apache.coyote.http11.AbstractHttp11Processor.findBytes(ByteChunk, byte[]);org.apache.tomcat.util.buf.Ascii;0;0;0;0;0;0;0;0;0;0;0;0;0
org.apache.catalina.connector.RequestFacade.getAttributeNames();org.apache.catalina.connector.Request;2;0;2;0.9865;462;73;2;1;0;0.9943;1084;128;51
org.apache.tomcat.util.net.AprEndpoint.Poller.run();org.apache.tomcat.util.net.AprEndpoint;4;2;6;0.5789;168;4;7;2;6;0.9333;629;27;59
org.apache.catalina.session.JDBCStore.keys();org.apache.catalina.Manager;1;5;5;0.8305;495;34;23;1;0;0.9792;34;34;0
org.apache.catalina.core.StandardWrapper.setMaxTime(long);org.apache.catalina.core.StandardWrapperValve;1;0;1;0.9902;712;75;32;0;1;0.9000;341;4;6
org.apache.el.parser.ELParserTokenManager.jjMoveStringLiteralDfa6_1(long, long);org.apache.el.parser.SimpleCharStream;0;3;2;0.8864;1035;33;25;1;0;0.9818;257;26;16
org.apache.tomcat.util.bcel.classfile.Method.toString();org.apache.tomcat.util.bcel.Constants;0;0;0;0;0;0;0;0;0;0;0;0;0
org.apache.catalina.authenticator.DigestAuthenticator.findPrincipal(Request, String, Realm);org.apache.catalina.connector.Request;0;2;2;1.0000;123;8;5;1;0;0.9943;1084;128;51
org.apache.catalina.core.StandardContextValve.invoke(Request, Response);org.apache.catalina.Loader;2;1;2;0.9167;86;5;3;1;0;0.9706;14;14;0
org.apache.catalina.core.StandardWrapper.setErrorCount(int);org.apache.catalina.core.StandardWrapperValve;1;0;1;0.9902;712;75;32;0;1;0.9000;341;4;6
org.apache.jasper.compiler.Generator.GenerateVisitor.visit(Node.JspBody);org.apache.jasper.compiler.ServletWriter;1;1;3;0.9385;1737;45;16;3;0;0.8696;65;13;6
org.apache.coyote.http11.AbstractHttp11Protocol.setTruststoreAlgorithm(String);org.apache.tomcat.util.net.AbstractEndpoint;0;0;0;0;0;0;0;0;0;0;0;0;0
org.apache.catalina.connector.CoyoteAdapter.log(org.apache.coyote.Request, org.apache.coyote.Response, long);org.apache.catalina.connector.Response;0;0;0;0;0;0;0;0;0;0;0;0;0
org.apache.jasper.compiler.Validator.TagExtraInfoVisitor.visit(Node.CustomTag);org.apache.jasper.compiler.Node.CustomTag;2;0;1;0.8750;27;1;1;0;2;0.9556;229;10;26
org.apache.catalina.connector.Request.getServerName();org.apache.coyote.Request;1;0;1;0.9943;1084;128;51;0;1;0.9815;219;17;34
org.apache.catalina.realm.MemoryRealm.startInternal();org.apache.tomcat.util.digester.Digester;0;0;0;0;0;0;0;0;0;0;0;0;0
org.apache.catalina.valves.ValveBase.getObjectNameKeyProperties();org.apache.catalina.Container;0;0;0;0;0;0;0;0;0;0;0;0;0
org.apache.catalina.connector.InputBuffer.available();org.apache.tomcat.util.buf.ByteChunk;2;0;6;0.8421;210;19;17;1;0;0.9821;425;43;10
org.apache.catalina.connector.RequestFacade.getParts();org.apache.catalina.connector.Request;0;0;1;0.9865;462;73;2;1;0;0.9943;1084;128;51
org.apache.catalina.connector.MapperListener.containerEvent(ContainerEvent);org.apache.catalina.Host;1;0;1;0.9474;305;10;6;1;2;0.9600;20;20;2
org.apache.catalina.core.ContainerBase.backgroundProcess();org.apache.catalina.Lifecycle;2;0;9;0.9278;603;62;29;0;1;1.0000;5;5;9
org.apache.coyote.http11.AbstractHttp11Processor.addInputFilter(InputFilter[], String);org.apache.coyote.http11.Constants;0;0;0;0;0;0;0;0;0;0;0;0;0
org.apache.jasper.compiler.Generator.GenerateVisitor.ParamVisitor.visit(Node.ParamAction);org.apache.jasper.compiler.Node.ParamAction;5;0;0;1.0000;17;1;1;0;1;0.9000;15;1;1
org.apache.catalina.valves.CometConnectionManagerValve.lifecycleEvent(LifecycleEvent);org.apache.juli.logging.Log;4;0;3;0.8889;146;11;6;1;0;0.9688;18;18;0
org.apache.catalina.tribes.group.ChannelCoordinator.sendMessage(Member[], ChannelMessage, InterceptorPayload);org.apache.catalina.tribes.util.Arrays;2;0;2;0.9286;164;15;5;1;0;1.0000;149;24;1
org.apache.tomcat.util.http.MimeHeaders.addValue(byte, int, int);org.apache.tomcat.util.buf.MessageBytes;1;1;0;0.9565;129;18;3;1;0;0.9783;402;31;17
org.apache.catalina.tribes.group.GroupChannel.send(Member[], Serializable, int, ErrorHandler);org.apache.catalina.tribes.util.Logs;5;1;0;0.9783;268;24;8;0;1;1.0000;0;0;1
org.apache.coyote.http11.AbstractHttp11Protocol.setTruststorePass(String);org.apache.tomcat.util.net.AbstractEndpoint;0;0;0;0;0;0;0;0;0;0;0;0;0
org.apache.el.parser.AstNotEqual.getValue(EvaluationContext);org.apache.el.parser.Node;0;0;0;1.0000;8;1;0;1;0;0.9375;15;15;0
org.apache.catalina.connector.Response.setHeader(String, String);org.apache.coyote.Response;0;1;2;0.9659;578;70;19;1;0;0.9750;250;19;18
org.apache.catalina.startup.HostConfig.checkResources(DeployedApplication);org.apache.juli.logging.Log;1;2;4;0.9322;755;35;15;5;0;0.8387;18;18;0
org.apache.coyote.http11.filters.GzipOutputFilter.FakeOutputStream.write(int);org.apache.coyote.http11.filters.GzipOutputFilter;1;0;2;0.7500;13;4;2;0;1;0.9091;26;4;5
org.apache.catalina.tribes.tipis.ReplicatedMap.getStateMessageType();org.apache.catalina.tribes.tipis.AbstractReplicatedMap.MapMessage;1;0;0;1.0000;20;2;1;0;1;1.0000;159;12;20
org.apache.catalina.ssi.SSIMediator.setDateVariables(boolean);org.apache.catalina.ssi.SSIExternalResolver;0;2;3;0.8148;190;16;13;2;0;0.8462;8;8;0
org.apache.catalina.connector.RequestFacade.GetParameterPrivilegedAction.run();org.apache.catalina.connector.RequestFacade;1;0;1;0.6667;6;1;1;0;1;0.9868;462;73;2
org.apache.catalina.session.StandardManager.setContainer(Container);org.apache.catalina.Container;0;0;0;1.0000;328;19;8;2;0;0.9474;34;34;6
org.apache.catalina.startup.Catalina.CatalinaShutdownHook.run();org.apache.juli.logging.Log;1;0;0;1.0000;5;1;0;0;0;1.0000;18;18;0
org.apache.coyote.ajp.AjpAprProcessor.process(long);org.apache.coyote.ajp.AjpMessage;5;4;14;0.7115;616;13;30;1;0;0.9811;235;23;5
org.apache.catalina.tribes.tipis.AbstractReplicatedMap.MapMessage.getValue();org.apache.juli.logging.Log;1;1;0;0.9583;159;12;20;1;0;0.9474;18;18;0
org.apache.catalina.mbeans.NamingResourcesMBean.removeResource(String);org.apache.catalina.deploy.NamingResources;0;0;0;1.0000;138;9;2;2;0;0.9592;332;35;12
org.apache.catalina.tribes.group.interceptors.TcpFailureDetector.messageReceived(ChannelMessage);org.apache.catalina.tribes.io.XByteBuffer;1;0;2;1.0000;227;15;10;1;1;0.9333;317;36;7
org.apache.catalina.connector.CoyoteAdapter.postParseRequest(org.apache.coyote.Request, Request, org.apache.coyote.Response, Response);org.apache.catalina.connector.Response;11;4;2;0.9571;505;11;8;1;0;0.9933;578;70;19
org.apache.coyote.http11.Http11AprProtocol.Http11ConnectionHandler.register(Http11AprProcessor);org.apache.coyote.http11.Http11AprProtocol;4;0;3;0.8421;119;5;5;1;2;0.9821;387;76;26
org.apache.coyote.http11.Http11AprProtocol.Http11ConnectionHandler.register(Http11AprProcessor);org.apache.coyote.RequestInfo;4;0;3;0.8421;119;5;5;1;1;0.9474;134;13;14
org.apache.catalina.tribes.group.interceptors.TcpFailureDetector.checkMembers(boolean);org.apache.juli.logging.Log;0;3;2;0.8182;227;15;10;1;0;0.9545;18;18;0
org.apache.naming.resources.ResourceCache.load(CacheEntry);org.apache.naming.resources.CacheEntry;1;1;2;0.8421;211;7;10;0;3;0.7692;13;2;8
org.apache.catalina.tribes.tipis.AbstractReplicatedMap.MapEntry.apply(byte[], int, int, boolean);org.apache.catalina.tribes.tipis.ReplicatedMapEntry;0;1;2;0.8500;93;11;6;3;0;0.7692;10;10;0
org.apache.catalina.core.StandardHostValve.throwable(Request, Response, Throwable);org.apache.catalina.connector.Response;4;3;2;0.9000;149;7;3;3;1;0.9604;578;70;19
org.apache.naming.NamingContext.list(Name);org.apache.naming.NamingEntry;1;0;2;0.9512;282;32;6;0;3;0.8000;16;2;7
org.apache.catalina.mbeans.UserMBean.addRole(String);org.apache.catalina.UserDatabase;0;0;0;1.0000;85;6;3;1;0;0.9474;16;16;0
org.apache.catalina.connector.Response.isCommitted();org.apache.coyote.Response;1;0;1;0.9886;578;70;19;0;1;0.9737;250;19;18
org.apache.jasper.runtime.JspContextWrapper.getAttribute(String, int);org.apache.jasper.compiler.Localizer;0;0;2;0.9556;257;38;7;1;0;1.0000;34;6;1
org.apache.catalina.mbeans.MBeanUtils.createMBean(NamingResources);org.apache.tomcat.util.modeler.ManagedBean;0;2;2;1.0000;853;61;5;2;0;0.9429;252;23;13
org.apache.catalina.core.StandardContext.addApplicationParameter(ApplicationParameter);org.apache.catalina.deploy.ApplicationParameter;0;0;2;0.9936;2385;204;107;2;0;0.8333;39;5;4
org.apache.catalina.tribes.group.GroupChannel.messageReceived(ChannelMessage);org.apache.catalina.tribes.Channel;3;1;1;0.9574;268;24;8;0;1;1.0000;15;15;13
org.apache.jasper.compiler.TagPluginManager.invokePlugin(Node.CustomTag);org.apache.jasper.compiler.tagplugin.TagPlugin;1;0;2;0.7778;66;3;6;1;0;0.8000;1;1;0
org.apache.tomcat.util.http.MimeHeaders.findHeader(String, int);org.apache.tomcat.util.http.MimeHeaderField;1;0;2;0.9091;129;18;3;0;1;0.8889;13;1;4
org.apache.catalina.mbeans.ServerLifecycleListener.createMBeans(MBeanFactory);org.apache.juli.logging.Log;0;0;1;1.0000;569;32;2;2;0;0.8889;18;18;0
org.apache.jasper.compiler.JspDocumentParser.processChars();org.apache.jasper.compiler.PageInfo;3;0;10;0.7778;649;28;20;0;1;0.9885;319;30;44
org.apache.catalina.startup.Embedded.createEngine();org.apache.catalina.core.ContainerBase;0;0;2;0.9783;372;34;11;1;0;0.9891;603;62;29
org.apache.catalina.startup.WebRuleSet.recycle();org.apache.catalina.startup.SetJspConfig;3;0;3;0.7500;183;4;4;0;1;0.8750;8;1;1
org.apache.catalina.valves.JDBCAccessLogValve.close();org.apache.juli.logging.Log;1;0;3;0.9211;216;10;26;1;0;0.9565;18;18;0
org.apache.coyote.http11.InternalNioInputBuffer.parseRequestLine(boolean);org.apache.coyote.Request;2;2;11;0.7447;457;16;24;0;5;0.9254;219;17;34
org.apache.tomcat.util.bcel.classfile.ConstantValue.toString();org.apache.tomcat.util.bcel.classfile.ConstantLong;0;0;0;0;0;0;0;0;0;0;0;0;0
org.apache.catalina.session.StandardManager.PrivilegedDoUnload.run();org.apache.catalina.session.StandardManager;0;0;0;1.0000;6;1;0;1;0;0.9600;328;19;8
org.apache.catalina.session.StandardManager.stopInternal();org.apache.tomcat.util.res.StringManager;0;0;0;0;0;0;0;0;0;0;0;0;0
org.apache.catalina.manager.StatusTransformer.writeServerInfo(PrintWriter, Object[], int);org.apache.catalina.manager.Constants;1;0;0;1.0000;601;20;0;0;1;1.0000;0;0;11
org.apache.jasper.compiler.SmapGenerator.addStratum(SmapStratum, boolean);org.apache.jasper.compiler.SmapStratum;1;0;2;0.7778;58;5;5;0;1;0.9286;89;6;5
org.apache.jasper.compiler.ImplicitTagLibraryInfo.getTagLibraryInfos();org.apache.jasper.compiler.PageInfo;0;0;1;0.8571;108;2;11;1;0;0.9868;319;30;44
org.apache.tomcat.util.digester.SetPropertiesRule.begin(String, String, Attributes);org.apache.juli.logging.Log;2;0;2;0.8824;92;3;2;3;0;0.8846;18;18;0
org.apache.catalina.core.StandardContext.removeServletMapping(String);org.apache.tomcat.util.http.mapper.Mapper;0;0;3;0.9904;2385;204;107;1;0;0.9722;816;39;4
org.apache.catalina.session.StandardManager.stopInternal();org.apache.juli.logging.Log;0;0;0;0;0;0;0;0;0;0;0;0;0
org.apache.tomcat.util.net.AprEndpoint.processSocket(long, SocketStatus);org.apache.tomcat.util.res.StringManager;0;1;3;0.9753;629;27;59;1;0;0.8889;36;3;3
org.apache.catalina.ha.session.ReplicatedSession.expire();org.apache.catalina.ha.session.SimpleTcpReplicationManager;0;0;1;0.9583;122;16;4;1;0;0.9737;362;17;17
org.apache.catalina.tribes.group.interceptors.TcpFailureDetector.memberAlive(Member, byte[], boolean, boolean, long, long, int);org.apache.catalina.tribes.io.XByteBuffer;3;0;1;1.0000;227;15;10;1;0;1.0000;317;36;7
org.apache.catalina.ha.session.JvmRouteSessionIDBinderListener.messageReceived(ClusterMessage);org.apache.catalina.core.StandardEngine;3;0;0;1.0000;54;5;3;0;1;0.9778;237;19;9
org.apache.jasper.compiler.Generator.GenerateVisitor.visit(Node.UninterpretedTag);org.apache.jasper.compiler.ServletWriter;5;0;2;0.9863;1737;45;16;3;1;0.8519;65;13;6
org.apache.el.lang.ExpressionBuilder.prepare(Node);org.apache.el.lang.VariableMapperFactory;2;0;2;0.8182;117;7;4;0;1;0.8889;22;2;2
org.apache.catalina.session.PersistentManagerBase.processMaxIdleSwaps();org.apache.catalina.session.StandardSession;1;1;4;0.9167;420;33;13;3;0;0.9643;558;58;26
org.apache.catalina.tribes.membership.McastServiceImpl.RecoveryThread.run();org.apache.catalina.tribes.membership.McastServiceImpl;1;2;2;0.5714;58;4;2;0;2;0.9767;308;12;27
org.apache.jasper.servlet.JspServlet.serviceJspFile(HttpServletRequest, HttpServletResponse, String, Throwable, boolean);org.apache.jasper.servlet.JspServletWrapper;0;1;4;0.7059;173;10;5;1;0;0.9714;314;11;15
org.apache.coyote.ajp.AjpAprProtocol.AjpConnectionHandler.register(AjpAprProcessor);org.apache.coyote.ajp.AjpAprProtocol;4;0;3;0.8333;86;5;4;1;2;0.9692;219;40;15
org.apache.jasper.compiler.ELFunctionMapper.ELFunctionVisitor.visit(Node.ELExpression);org.apache.jasper.compiler.Node.ELExpression;2;0;0;1.0000;151;14;1;0;1;0.7500;16;1;2
org.apache.catalina.ha.session.DeltaManager.handleSESSION_CREATED(SessionMessage, Member);org.apache.catalina.ha.session.SessionMessage;3;1;5;0.9583;826;43;42;1;0;0.9565;5;5;7
org.apache.catalina.session.PersistentManagerBase.swapIn(String);org.apache.catalina.Session;1;1;2;0.9623;420;33;13;4;0;0.9024;32;32;4
org.apache.catalina.ha.backend.MultiCastSender.send(String);org.apache.juli.logging.Log;1;0;4;0.5714;36;1;4;1;0;0.9583;18;18;0
org.apache.catalina.core.ApplicationContextFacade.getServletRegistration(String);org.apache.catalina.security.SecurityUtil;0;0;0;0;0;0;0;0;0;0;0;0;0
org.apache.jasper.compiler.Node.JspText.accept(Visitor);org.apache.jasper.compiler.Node.Visitor;0;0;0;1.0000;6;1;0;1;0;0.9714;126;35;0
org.apache.catalina.filters.CsrfPreventionFilter.doFilter(ServletRequest, ServletResponse, FilterChain);org.apache.catalina.filters.Constants;0;0;0;0;0;0;0;0;0;0;0;0;0
org.apache.coyote.http11.Http11NioProcessor.action(ActionCode, Object);org.apache.tomcat.util.net.NioChannel;12;1;19;0.8269;954;28;38;1;2;0.9600;83;15;5
org.apache.catalina.startup.TldConfig.execute();org.apache.catalina.Context;1;6;2;0.6667;321;14;11;1;0;0.9926;125;125;1
org.apache.catalina.ha.session.JvmRouteBinderValve.getManager(Request);org.apache.catalina.connector.Request;1;0;2;0.9615;200;15;9;1;0;0.9944;1084;128;51
org.apache.catalina.realm.RealmBase.Digest(String, String, String);org.apache.juli.logging.Log;1;0;1;1.0000;688;39;24;1;0;0.9444;18;18;0
org.apache.catalina.connector.CoyoteInputStream.read(byte[], int, int);org.apache.catalina.security.SecurityUtil;0;0;1;0.8889;141;8;1;1;0;1.0000;146;11;17
org.apache.catalina.manager.host.HostManagerServlet.remove(PrintWriter, String);org.apache.catalina.util.LifecycleBase;0;0;0;0;0;0;0;0;0;0;0;0;0
org.apache.catalina.valves.RemoteIpValve.invoke(Request, Response);org.apache.juli.logging.Log;0;0;0;0;0;0;0;0;0;0;0;0;0
org.apache.catalina.startup.HostConfig.deployDescriptor(String, File, String);org.apache.juli.logging.Log;1;3;6;0.9048;755;35;15;5;0;0.8649;18;18;0
org.apache.catalina.core.ContainerBase.backgroundProcess();org.apache.catalina.Loader;2;0;9;0.9278;603;62;29;1;0;0.9655;14;14;0
org.apache.jasper.compiler.Validator.ValidateVisitor.visit(Node.NamedAttribute);org.apache.jasper.compiler.JspUtil;0;0;2;0.9762;710;36;19;1;0;1.0000;693;44;8
org.apache.catalina.ha.session.DeltaSession.applyDiff(byte[], int, int);org.apache.catalina.ha.session.DeltaRequest;1;4;0;0.9200;379;41;7;1;0;0.9630;179;15;15
org.apache.catalina.realm.CombinedRealm.getName();org.apache.tomcat.util.res.StringManager;1;0;2;1.0000;143;12;3;0;0;1.0000;36;3;3
org.apache.jasper.xmlparser.XMLEncodingDetector.scanPseudoAttribute(boolean, XMLString);org.apache.jasper.xmlparser.XMLChar;0;8;2;0.8039;798;23;29;2;0;1.0000;115;21;9
org.apache.catalina.startup.EngineRuleSet.addRuleInstances(Digester);org.apache.tomcat.util.digester.Digester;0;0;1;0.8750;24;1;1;5;0;0.9627;849;103;29
org.apache.catalina.startup.ContextConfig.processAnnotationWebFilter(String, AnnotationEntry, WebXml);org.apache.catalina.deploy.WebXml;0;0;0;0;0;0;0;0;0;0;0;0;0
org.apache.coyote.http11.filters.ChunkedInputFilter.parseCRLF();org.apache.coyote.http11.Constants;1;1;3;0.7500;128;9;10;0;2;1.0000;0;0;44
org.apache.catalina.startup.ContextConfig.checkHandlesTypes(JavaClass);org.apache.catalina.Loader;0;0;0;0;0;0;0;0;0;0;0;0;0
org.apache.jasper.compiler.Generator.TagHandlerPoolVisitor.visit(Node.CustomTag);org.apache.jasper.compiler.Node;3;0;0;1.0000;37;2;1;1;2;0.9063;170;7;15
org.apache.catalina.mbeans.MBeanUtils.destroyMBean(Engine);org.apache.catalina.Container;0;1;1;1.0000;853;61;5;1;0;0.9706;34;34;6
org.apache.catalina.connector.CoyoteAdapter.asyncDispatch(org.apache.coyote.Request, org.apache.coyote.Response, SocketStatus);org.apache.coyote.Request;0;0;0;0;0;0;0;0;0;0;0;0;0
org.apache.catalina.realm.JAASRealm.authenticate(String, CallbackHandler);org.apache.juli.logging.Log;1;1;4;0.8750;195;15;10;4;0;0.8095;18;18;0
org.apache.coyote.ajp.AjpProcessor.process(SocketWrapper<Socket>);org.apache.coyote.ajp.AjpMessage;0;0;0;0;0;0;0;0;0;0;0;0;0
org.apache.coyote.RequestInfo.getRequestProcessingTime();org.apache.coyote.Constants;2;0;2;0.9259;134;13;14;0;1;1.0000;0;0;14
org.apache.catalina.connector.RequestFacade.isRequestedSessionIdFromUrl();org.apache.tomcat.util.res.StringManager;1;0;2;0.9865;462;73;2;0;0;1.0000;36;3;3
org.apache.catalina.connector.CoyoteAdapter.service(org.apache.coyote.Request, org.apache.coyote.Response);org.apache.catalina.core.AsyncContextImpl;8;0;4;0.9524;505;11;8;0;0;1.0000;244;21;12
org.apache.catalina.mbeans.MBeanFactory.createConnector(String, String, int, boolean, boolean);org.apache.catalina.util.LifecycleMBeanBase;0;0;0;0;0;0;0;0;0;0;0;0;0
org.apache.catalina.valves.AccessLogValve.LocalServerNameElement.addElement(StringBuilder, Date, Request, Response, long);org.apache.catalina.connector.Request;0;0;0;1.0000;3;1;0;1;0;0.9942;1084;128;51
org.apache.catalina.mbeans.MBeanUtils.createObjectName(String, Valve);org.apache.catalina.Host;1;1;0;1.0000;853;61;5;1;0;0.9600;20;20;2
org.apache.catalina.servlets.CGIServlet.CGIEnvironment.setupFromRequest(HttpServletRequest);org.apache.catalina.servlets.CGIServlet;2;0;4;0.8095;305;9;11;0;1;0.9167;195;5;6
org.apache.catalina.valves.JDBCAccessLogValve.log(Request, Response, long);org.apache.tomcat.util.res.StringManager;0;0;0;0;0;0;0;0;0;0;0;0;0
org.apache.tomcat.util.digester.GenericParser.newSAXParser(Properties);org.apache.juli.logging.Log;1;0;3;1.0000;16;1;3;1;0;0.9444;18;18;0
org.apache.catalina.core.ApplicationContextFacade.log(Exception, String);org.apache.catalina.security.SecurityUtil;0;1;1;0.9600;426;46;3;1;0;1.0000;146;11;17
org.apache.tomcat.util.scan.StandardJarScanner.scan(ServletContext, ClassLoader, JarScannerCallback, Set<String>);org.apache.tomcat.util.scan.Constants;0;0;0;0;0;0;0;0;0;0;0;0;0
org.apache.catalina.util.ExtensionValidator.validateApplication(DirContext, Context);org.apache.catalina.Context;2;2;1;1.0000;182;6;4;0;0;1.0000;125;125;1
org.apache.catalina.startup.Catalina.createStartDigester();org.apache.tomcat.util.digester.Digester;1;0;2;0.9714;311;18;8;6;4;0.9265;849;103;29
org.apache.catalina.core.ApplicationContextFacade.getResourcePaths(String);org.apache.catalina.security.SecurityUtil;0;1;1;0.9600;426;46;3;1;0;1.0000;146;11;17
org.apache.jasper.compiler.TagLibraryInfoImpl.createFunctionInfo(TreeNode);org.apache.jasper.xmlparser.TreeNode;0;0;1;0.9600;523;14;6;3;0;0.8696;109;13;5
org.apache.catalina.manager.HTMLManagerServlet.upload(HttpServletRequest);org.apache.catalina.Container;0;0;0;0;0;0;0;0;0;0;0;0;0
org.apache.tomcat.util.bcel.classfile.Field.getConstantValue();org.apache.tomcat.util.bcel.Constants;0;0;0;0;0;0;0;0;0;0;0;0;0
org.apache.catalina.realm.JNDIRealm.addAttributeValues(String, Attributes, ArrayList<String>);org.apache.juli.logging.Log;0;0;1;0.9865;728;44;31;2;0;0.9000;18;18;0
org.apache.tomcat.util.bcel.classfile.LocalVariableTypeTable.copy(ConstantPool);org.apache.tomcat.util.bcel.classfile.LocalVariable;0;0;0;0;0;0;0;0;0;0;0;0;0
org.apache.catalina.valves.AccessLogValve.DateAndTimeElement.addElement(StringBuilder, Date, Request, Response, long);org.apache.catalina.valves.AccessLogValve.AccessDateStruct;0;0;0;0;0;0;0;0;0;0;0;0;0
org.apache.catalina.ssi.SSIMediator.getVariableNames();org.apache.catalina.ssi.SSIExternalResolver;0;1;1;0.9231;190;16;13;1;0;0.9000;8;8;0
org.apache.catalina.startup.ContextConfig.destroy();org.apache.tomcat.util.res.StringManager;1;0;3;0.9688;779;23;16;0;0;1.0000;36;3;3
org.apache.tomcat.util.http.fileupload.FileUploadBase.parseRequest(RequestContext);org.apache.tomcat.util.http.fileupload.FileItemHeadersSupport;0;0;0;0;0;0;0;0;0;0;0;0;0
org.apache.coyote.RequestGroupInfo.getRequestCount();org.apache.coyote.RequestInfo;1;0;2;0.9091;112;15;7;0;1;0.9655;134;13;14
org.apache.catalina.connector.Request.startAsync(ServletRequest, ServletResponse);org.apache.catalina.core.AsyncContextImpl;0;0;0;1.0000;1084;128;51;0;0;1.0000;244;21;12
org.apache.catalina.core.ApplicationContext.removeAttribute(String);org.apache.catalina.core.StandardContext;1;1;4;0.9310;460;47;13;2;0;0.9936;2385;204;107
org.apache.catalina.valves.JDBCAccessLogValve.close();org.apache.tomcat.util.res.StringManager;1;0;3;0.9211;216;10;26;0;0;1.0000;36;3;3
org.apache.catalina.core.AsyncContextImpl.setErrorState(Throwable);org.apache.catalina.connector.Request;0;0;0;0;0;0;0;0;0;0;0;0;0
org.apache.catalina.ssi.SSIFlastmod.process(SSIMediator, String, String[], String[], PrintWriter);org.apache.catalina.ssi.SSIMediator;1;1;0;0.8571;31;2;0;4;2;0.7778;190;16;13
org.apache.catalina.core.ApplicationServletRegistration.setServletSecurity(ServletSecurityElement);org.apache.catalina.deploy.SecurityConstraint;0;0;0;0;0;0;0;0;0;0;0;0;0
org.apache.catalina.ha.session.DeltaRequest.addAction(int, int, String, Object);org.apache.juli.logging.Log;0;0;4;0.8636;179;15;15;1;0;0.9545;18;18;0
org.apache.tomcat.util.buf.MessageBytes.startsWith(String);org.apache.tomcat.util.buf.ByteChunk;0;0;7;0.9091;402;31;17;1;0;0.9808;425;43;10
org.apache.catalina.startup.TldConfig.execute();org.apache.catalina.Container;1;6;2;0.6667;321;14;11;0;0;1.0000;34;34;6
org.apache.coyote.http11.Http11AprProtocol.setThreadPriority(int);org.apache.tomcat.util.net.AbstractEndpoint;0;0;0;0;0;0;0;0;0;0;0;0;0
org.apache.catalina.ha.session.JvmRouteBinderValve.invoke(Request, Response);org.apache.catalina.ha.ClusterManager;0;1;2;0.8929;200;15;9;1;0;0.9583;15;15;0
org.apache.catalina.ha.session.DeltaSession.readObject(ObjectInput);org.apache.juli.logging.Log;1;0;3;0.9846;379;41;7;2;0;0.9429;18;18;0
org.apache.jasper.tagplugins.jstl.core.Choose.doTag(TagPluginContext);org.apache.jasper.compiler.tagplugin.TagPluginContext;0;0;0;1.0000;4;1;0;2;0;0.8571;14;14;0
org.apache.coyote.ajp.AjpProcessor.SocketOutputBuffer.doWrite(ByteChunk, Response);org.apache.coyote.ajp.AjpMessage;5;0;0;1.0000;27;1;0;4;2;0.8286;235;23;5
org.apache.catalina.util.ParameterMap.put(K, V);org.apache.tomcat.util.res.StringManager;1;0;2;0.8889;34;5;2;0;0;1.0000;36;3;3
org.apache.catalina.servlets.WebdavServlet.doLock(HttpServletRequest, HttpServletResponse);org.apache.catalina.util.DOMWriter;6;4;11;0.8302;1460;29;23;1;1;0.9444;231;6;5
org.apache.catalina.core.StandardWrapper.load();org.apache.juli.logging.Log;0;1;1;0.9802;712;75;32;0;0;1.0000;18;18;0
org.apache.tomcat.util.bcel.classfile.Signature.getSignature();org.apache.tomcat.util.bcel.classfile.ConstantUtf8;0;0;0;0;0;0;0;0;0;0;0;0;0
org.apache.catalina.authenticator.AuthenticatorBase.startInternal();org.apache.catalina.Pipeline;0;0;0;0;0;0;0;0;0;0;0;0;0
org.apache.catalina.startup.Catalina.stop();org.apache.catalina.Lifecycle;0;0;4;0.8800;311;18;8;1;0;0.8889;5;5;9
org.apache.catalina.startup.TaglibLocationRule.begin(String, String, Attributes);org.apache.tomcat.util.digester.Digester;0;0;0;0;0;0;0;0;0;0;0;0;0
org.apache.catalina.session.JDBCStore.save(Session);org.apache.catalina.Session;1;6;9;0.7727;495;34;23;4;0;0.9273;32;32;4
org.apache.tomcat.util.bcel.classfile.ConstantPool.getConstantString(int, byte);org.apache.tomcat.util.bcel.Constants;0;0;0;0;0;0;0;0;0;0;0;0;0
org.apache.coyote.http11.AbstractHttp11Processor.addFilter(String);org.apache.coyote.http11.AbstractOutputBuffer;0;0;0;0;0;0;0;0;0;0;0;0;0
org.apache.coyote.http11.Http11NioProcessor.findBytes(ByteChunk, byte[]);org.apache.tomcat.util.buf.ByteChunk;1;0;0;1.0000;954;28;38;0;3;0.9362;425;43;10
org.apache.catalina.ha.session.DeltaSession.writeObject(ObjectOutput);org.apache.juli.logging.Log;1;0;3;0.9839;379;41;7;4;0;0.8667;18;18;0
org.apache.catalina.startup.ContextConfig.processContextConfig(URL);org.apache.catalina.Context;0;0;0;0;0;0;0;0;0;0;0;0;0
org.apache.catalina.ha.session.JvmRouteBinderValve.changeSessionID(Request, String, String, Session);org.apache.catalina.Session;1;2;3;0.8519;200;15;9;2;0;0.9500;32;32;4
org.apache.catalina.startup.ContextConfig.processAnnotations(Set<WebXml>);org.apache.catalina.deploy.WebXml;0;0;0;0;0;0;0;0;0;0;0;0;0
org.apache.coyote.http11.Http11NioProcessor.event(SocketStatus);org.apache.tomcat.util.net.SocketWrapper;0;0;0;0;0;0;0;0;0;0;0;0;0
org.apache.jasper.compiler.Node.PageDirective.accept(Visitor);org.apache.jasper.compiler.Node.Visitor;0;0;0;1.0000;27;2;1;1;0;0.9714;126;35;0
org.apache.catalina.connector.CoyoteAdapter.convertURI(MessageBytes, Request);org.apache.tomcat.util.buf.ByteChunk;4;0;2;0.9630;505;11;8;1;2;0.9516;425;43;10
org.apache.catalina.realm.RealmBase.getServer();org.apache.catalina.Container;0;0;1;0.9828;688;39;24;1;0;0.9730;34;34;6
org.apache.tomcat.util.net.NioEndpoint.Poller.timeout(int, boolean);org.apache.juli.logging.Log;3;3;3;0.8333;395;15;7;2;0;0.9444;18;18;0
org.apache.tomcat.util.bcel.classfile.StackMap.copy(ConstantPool);org.apache.tomcat.util.bcel.classfile.StackMapEntry;0;0;0;0;0;0;0;0;0;0;0;0;0
org.apache.catalina.core.NamingContextListener.containerEvent(ContainerEvent);org.apache.catalina.deploy.NamingResources;0;15;3;0.5500;745;23;11;7;0;0.8971;332;35;12
org.apache.catalina.servlets.WebdavServlet.deleteResource(String, HttpServletRequest, HttpServletResponse, boolean);org.apache.naming.resources.ProxyDirContext;1;3;0;0.9167;1460;29;23;2;0;0.9756;469;64;15
org.apache.catalina.authenticator.FormAuthenticator.authenticate(Request, HttpServletResponse, LoginConfig);org.apache.juli.logging.Log;3;6;2;0.8158;232;8;3;2;0;0.9623;18;18;0
org.apache.catalina.authenticator.SingleSignOn.reauthenticate(String, Realm, Request);org.apache.catalina.Realm;1;1;0;0.9667;187;18;8;1;0;0.9524;14;14;0
org.apache.jasper.compiler.Validator.DirectiveVisitor.compareTagEncodings(String, Node.TagDirective);org.apache.jasper.compiler.ErrorDispatcher;1;0;1;0.9375;214;7;4;1;0;0.9630;158;22;2
org.apache.catalina.connector.MapperListener.registerContext(Context);org.apache.juli.logging.Log;0;0;0;0;0;0;0;0;0;0;0;0;0
org.apache.tomcat.util.buf.MessageBytes.startsWithIgnoreCase(String, int);org.apache.tomcat.util.buf.ByteChunk;0;0;7;0.9091;402;31;17;1;0;0.9808;425;43;10
org.apache.catalina.valves.ErrorReportValve.invoke(Request, Response);org.apache.catalina.Valve;1;1;0;0.9091;129;4;2;1;0;0.9286;6;6;0
org.apache.coyote.http11.Http11Processor.action(ActionCode, Object);org.apache.coyote.http11.filters.BufferedInputFilter;6;1;18;0.8068;847;26;37;1;0;0.9815;49;6;6
org.apache.catalina.mbeans.MBeanFactory.getService(ObjectName);org.apache.catalina.util.LifecycleMBeanBase;0;0;0;0;0;0;0;0;0;0;0;0;0
org.apache.catalina.startup.HostConfig.deployWAR(String, File, String);org.apache.catalina.Lifecycle;2;4;8;0.8500;755;35;15;1;0;0.9643;5;5;9
org.apache.catalina.ha.authenticator.ClusterSingleSignOnListener.getSession(String, String);org.apache.catalina.Manager;1;0;1;0.9167;82;4;2;1;0;0.9756;34;34;0
org.apache.coyote.Request.isProcessing();org.apache.coyote.Constants;0;0;0;0;0;0;0;0;0;0;0;0;0
org.apache.tomcat.util.net.NioEndpoint.Poller.cancelledKey(SelectionKey, SocketStatus, boolean);org.apache.tomcat.util.net.SocketWrapper;0;0;0;0;0;0;0;0;0;0;0;0;0
org.apache.jasper.xmlparser.XMLEncodingDetector.createReader(InputStream, String, Boolean);org.apache.jasper.xmlparser.UCSReader;1;0;3;0.9362;798;23;29;0;4;1.0000;100;8;9
org.apache.catalina.manager.JspHelper.getDisplayUsedTimeForSession(Session);org.apache.catalina.manager.util.SessionUtils;0;1;0;1.0000;113;12;3;1;0;1.0000;158;6;5
org.apache.catalina.core.ApplicationContextFacade.createFilter(Class<T>);org.apache.catalina.security.SecurityUtil;0;1;1;0.9600;426;46;3;1;0;1.0000;146;11;17
org.apache.catalina.ha.session.JvmRouteBinderValve.invoke(Request, Response);org.apache.catalina.ha.CatalinaCluster;0;1;2;0.8929;200;15;9;1;0;0.9667;20;20;1
org.apache.jasper.compiler.Generator.GenerateVisitor.visit(Node.ELExpression);org.apache.jasper.compiler.Generator;6;0;2;0.9714;1737;45;16;1;1;0.9792;781;28;16
org.apache.catalina.authenticator.DigestAuthenticator.generateNOnce(Request);org.apache.catalina.util.MD5Encoder;0;0;3;0.8750;123;8;5;1;0;0.6667;11;1;1
org.apache.coyote.ajp.AjpAprProcessor.parseHost(MessageBytes);org.apache.coyote.Request;5;0;4;0.9231;616;13;30;0;5;0.9231;219;17;34
org.apache.catalina.connector.Request.getServletPath();org.apache.tomcat.util.buf.MessageBytes;1;0;1;0.9943;1084;128;51;1;0;0.9778;402;31;17
org.apache.tomcat.util.bcel.classfile.ClassParser.readClassInfo();org.apache.tomcat.util.bcel.Constants;0;0;0;0;0;0;0;0;0;0;0;0;0
org.apache.catalina.deploy.FilterMap.addURLPattern(String);org.apache.catalina.util.RequestUtil;0;0;2;0.8462;174;8;22;1;0;1.0000;183;13;1
org.apache.coyote.RequestGroupInfo.getMaxTime();org.apache.coyote.RequestInfo;1;0;2;0.9091;112;15;7;0;1;0.9655;134;13;14
org.apache.catalina.connector.ResponseFacade.getBufferSize();org.apache.tomcat.util.res.StringManager;1;0;2;0.9756;224;40;2;0;0;1.0000;36;3;3
org.apache.coyote.http11.Http11AprProcessor.asyncDispatch(long, SocketStatus);org.apache.coyote.Response;0;0;0;0;0;0;0;0;0;0;0;0;0
org.apache.catalina.users.MemoryGroupCreationFactory.createObject(Attributes);org.apache.catalina.Group;1;0;1;0.8571;40;2;2;1;0;0.9333;11;11;0
org.apache.catalina.ha.deploy.FarmWarDeployer.install(String, URL);org.apache.catalina.ha.deploy.FileMessageFactory;0;0;2;0.9796;376;28;17;2;0;0.9565;128;6;14
org.apache.catalina.connector.Response.sendError(int, String);org.apache.tomcat.util.res.StringManager;2;5;3;0.9231;578;70;19;0;0;1.0000;36;3;3
org.apache.catalina.startup.SetAllPropertiesRule.begin(String, String, Attributes);org.apache.juli.logging.Log;2;0;1;0.9000;19;1;1;1;0;0.9600;18;18;0
org.apache.catalina.core.StandardWrapperValve.event(Request, Response, CometEvent);org.apache.catalina.connector.Request;3;1;4;0.8667;341;4;6;5;0;0.9742;1084;128;51
org.apache.jasper.compiler.TagLibraryInfoImpl.createTagInfo(TreeNode, String);org.apache.juli.logging.Log;0;2;3;0.8214;523;14;6;2;0;0.9310;18;18;0
org.apache.catalina.tribes.tipis.AbstractReplicatedMap.leftOver(Serializable, Member);org.apache.juli.logging.Log;0;2;2;0.9559;740;50;17;1;0;0.9583;18;18;0
org.apache.catalina.core.StandardContext.startInternal();org.apache.juli.logging.Log;0;0;0;0;0;0;0;0;0;0;0;0;0
org.apache.catalina.core.StandardContext.resourcesStart();org.apache.juli.logging.Log;4;3;8;0.9690;2385;204;107;1;0;0.9762;18;18;0
org.apache.jasper.compiler.Parser.checkUnbalancedEndTag();org.apache.jasper.compiler.ErrorDispatcher;0;0;4;0.9420;1203;56;14;1;0;0.9655;158;22;2
org.apache.catalina.mbeans.ContextResourceMBean.getAttribute(String);org.apache.catalina.deploy.ContextResource;0;0;0;1.0000;76;2;0;2;0;0.8000;35;3;2
org.apache.tomcat.util.digester.CallParamRule.end(String, String);org.apache.tomcat.util.digester.ArrayStack;0;0;2;0.8750;61;4;5;2;0;0.8333;53;6;1
org.apache.catalina.manager.ManagerServlet.save(PrintWriter, String);org.apache.catalina.Engine;1;0;2;0.9796;913;34;13;1;0;0.9167;6;6;0
org.apache.coyote.http11.InternalInputBuffer.parseRequestLine(boolean);org.apache.tomcat.util.res.StringManager;0;0;0;0;0;0;0;0;0;0;0;0;0
org.apache.catalina.ha.tcp.SimpleTcpCluster.messageReceived(ClusterMessage);org.apache.catalina.ha.ClusterMessage;0;0;5;0.9583;371;45;31;3;0;0.7857;6;6;0
org.apache.tomcat.util.modeler.modules.MbeansDescriptorsDigesterSource.createDigester(Registry);org.apache.tomcat.util.modeler.Registry;1;0;0;1.0000;77;3;7;1;0;1.0000;446;36;10
org.apache.catalina.manager.host.HostManagerServlet.add(PrintWriter, String, String, String, boolean, boolean, boolean, boolean, boolean);org.apache.catalina.util.LifecycleBase;0;0;0;0;0;0;0;0;0;0;0;0;0
org.apache.catalina.connector.CoyoteAdapter.convertURI(MessageBytes, Request);org.apache.tomcat.util.buf.MessageBytes;4;0;2;0.9630;505;11;8;1;2;0.9483;402;31;17
org.apache.coyote.RequestInfo.getServerPort();org.apache.coyote.Request;1;0;1;0.9630;134;13;14;0;1;0.9811;219;17;34
org.apache.catalina.connector.RequestFacade.GetParameterValuePrivilegedAction.run();org.apache.catalina.connector.Request;1;0;1;0.6667;6;1;1;1;0;0.9943;1084;128;51
org.apache.catalina.startup.Embedded.removeHost(Host);org.apache.juli.logging.Log;0;0;2;0.9796;372;34;11;2;0;0.9130;18;18;0
org.apache.catalina.core.ApplicationContextFacade.createListener(Class<T>);org.apache.catalina.security.SecurityUtil;0;0;0;0;0;0;0;0;0;0;0;0;0
org.apache.catalina.core.NamingContextListener.lifecycleEvent(LifecycleEvent);org.apache.naming.ContextAccessController;3;2;9;0.7857;745;23;11;4;0;1.0000;25;6;2
org.apache.catalina.ha.session.SimpleTcpReplicationManager.readSession(byte[], String);org.apache.juli.logging.Log;1;2;1;0.9630;362;17;17;3;0;0.9211;18;18;0
org.apache.coyote.ajp.AjpMessage.getBytes(byte[]);org.apache.juli.logging.Log;1;1;4;0.8800;235;23;5;1;0;0.9524;18;18;0
org.apache.tomcat.util.bcel.classfile.Code.toString(boolean);org.apache.tomcat.util.bcel.classfile.CodeException;0;0;0;0;0;0;0;0;0;0;0;0;0
org.apache.catalina.startup.EngineConfig.lifecycleEvent(LifecycleEvent);org.apache.catalina.Lifecycle;2;2;3;0.5000;17;3;3;0;2;1.0000;5;5;9
org.apache.catalina.authenticator.FormAuthenticator.authenticate(Request, HttpServletResponse, LoginConfig);org.apache.catalina.authenticator.Constants;3;6;2;0.8158;232;8;3;0;8;1.0000;0;0;19
org.apache.catalina.mbeans.MBeanUtils.destroyMBean(Valve, Container);org.apache.tomcat.util.ExceptionUtils;0;0;0;0;0;0;0;0;0;0;0;0;0
org.apache.catalina.ha.session.JvmRouteBinderValve.invoke(Request, Response);org.apache.catalina.Container;0;1;2;0.8929;200;15;9;1;0;0.9767;34;34;6
org.apache.coyote.ajp.AjpProcessor.action(ActionCode, Object);org.apache.tomcat.util.net.SocketWrapper;0;0;0;0;0;0;0;0;0;0;0;0;0
org.apache.coyote.http11.Http11Protocol.start();org.apache.tomcat.util.net.AbstractEndpoint;0;0;0;0;0;0;0;0;0;0;0;0;0
org.apache.jasper.compiler.TagLibraryInfoImpl.createAttribute(TreeNode, String);org.apache.jasper.compiler.Localizer;0;0;1;0.9615;523;14;6;1;0;1.0000;34;6;1
org.apache.coyote.http11.Http11Processor.asyncDispatch(SocketStatus);org.apache.coyote.Request;0;0;0;0;0;0;0;0;0;0;0;0;0
org.apache.catalina.core.ApplicationContext.getMinorVersion();org.apache.catalina.core.Constants;1;0;0;1.0000;460;47;13;0;1;1.0000;0;0;6
org.apache.catalina.ha.backend.TcpSender.init(HeartbeatListener);org.apache.catalina.ha.backend.Proxy;2;0;5;0.5000;129;3;6;0;2;0.8000;0;0;4
org.apache.tomcat.util.http.NamesEnumerator.findNext();org.apache.tomcat.util.http.MimeHeaders;0;0;4;0.6000;30;3;4;1;0;0.9630;129;18;3
org.apache.catalina.tribes.group.interceptors.DomainFilterInterceptor.memberDisappeared(Member);org.apache.catalina.tribes.Member;0;1;2;0.7500;47;8;2;1;0;0.9444;13;13;1
org.apache.catalina.mbeans.MBeanUtils.createObjectName(String, ContextEnvironment);org.apache.catalina.Host;1;0;0;1.0000;853;61;5;1;0;0.9600;20;20;2
org.apache.jasper.compiler.Validator.ValidateVisitor.visit(Node.JspElement);org.apache.jasper.compiler.Node.JspElement;3;1;1;0.9592;710;36;19;0;2;0.8462;21;1;2
org.apache.jasper.compiler.Parser.parseXMLScriptlet(Node);org.apache.jasper.compiler.ErrorDispatcher;0;1;3;0.9437;1203;56;14;1;0;0.9677;158;22;2
org.apache.catalina.authenticator.DigestAuthenticator.generateNOnce(Request);org.apache.catalina.connector.Request;0;0;3;0.8750;123;8;5;1;0;0.9943;1084;128;51
org.apache.catalina.core.ApplicationDispatcher.checkSameObjects(ServletRequest, ServletResponse);org.apache.tomcat.util.res.StringManager;1;0;1;1.0000;419;14;10;0;0;1.0000;36;3;3
org.apache.tomcat.util.net.AprEndpoint.init();org.apache.tomcat.jni.SSL;7;0;29;0.6456;629;27;59;0;10;1.0000;14;14;118
org.apache.catalina.core.ApplicationContextFacade.removeAttribute(String);org.apache.catalina.security.SecurityUtil;0;1;1;0.9600;426;46;3;1;0;1.0000;146;11;17
org.apache.catalina.ha.tcp.ReplicationValve.resetReplicationRequest(Request, boolean);org.apache.catalina.ha.session.DeltaSession;1;1;1;0.9394;283;17;17;0;1;0.9804;379;41;7
org.apache.jasper.compiler.PageDataImpl.SecondPassVisitor.appendPageDirective();org.apache.jasper.compiler.Compiler;3;0;4;0.9184;307;41;6;0;1;0.9583;285;11;8
org.apache.catalina.tribes.group.RpcChannel.messageReceived(Serializable, Member);org.apache.catalina.tribes.group.RpcMessage;1;0;4;0.8421;98;6;9;0;3;0.8421;36;3;4
org.apache.tomcat.util.digester.Digester.peekParams(int);org.apache.tomcat.util.digester.ArrayStack;0;0;2;0.9851;849;103;29;1;0;0.9091;53;6;1
org.apache.catalina.tribes.io.ChannelData.getDataPackage(byte[], int);org.apache.catalina.tribes.io.XByteBuffer;1;0;5;0.7368;165;14;7;2;2;0.9333;317;36;7
org.apache.catalina.core.StandardHost.getValveNames();org.apache.catalina.Pipeline;1;0;0;1.0000;289;35;18;0;0;1.0000;6;6;0
org.apache.catalina.valves.ValveBase.initInternal();org.apache.catalina.Container;0;0;0;0;0;0;0;0;0;0;0;0;0
org.apache.catalina.startup.UserConfig.stop();org.apache.juli.logging.Log;1;0;2;0.9444;89;10;8;2;0;0.9000;18;18;0
org.apache.catalina.connector.RequestFacade.getParameterMap();org.apache.catalina.Globals;2;0;2;0.9865;462;73;2;0;1;1.0000;0;0;39
org.apache.catalina.tribes.membership.McastServiceImpl.stop(int);org.apache.catalina.tribes.membership.MemberImpl;3;1;8;0.7750;308;12;27;2;1;0.9375;300;29;19
org.apache.catalina.core.AsyncContextImpl.complete();org.apache.catalina.connector.Request;1;1;3;0.9063;244;21;12;1;0;0.9944;1084;128;51
org.apache.coyote.http11.filters.SavedRequestInputFilter.setRequest(org.apache.coyote.Request);org.apache.coyote.Request;1;0;1;0.8889;34;7;1;0;1;0.9815;219;17;34
org.apache.naming.factory.webservices.ServiceRefFactory.getObjectInstance(Object, Name, Context, Hashtable<?,?>);org.apache.naming.ServiceRef;0;0;0;0;0;0;0;0;0;0;0;0;0
org.apache.catalina.mbeans.MBeanUtils.createObjectName(String, ContextEnvironment);org.apache.catalina.Container;1;0;0;1.0000;853;61;5;1;0;0.9744;34;34;6
org.apache.catalina.core.StandardContext.resourcesStart();org.apache.tomcat.util.res.StringManager;4;3;8;0.9690;2385;204;107;0;0;1.0000;36;3;3
org.apache.tomcat.util.bcel.classfile.Annotations.writeAnnotations(DataOutputStream);org.apache.tomcat.util.bcel.classfile.AnnotationEntry;0;0;0;0;0;0;0;0;0;0;0;0;0
org.apache.tomcat.util.buf.MessageBytes.equalsIgnoreCase(String);org.apache.tomcat.util.buf.CharChunk;0;0;7;0.9091;402;31;17;1;0;0.9811;393;39;8
org.apache.catalina.ha.session.ReplicatedSession.log(String);org.apache.juli.logging.Log;1;0;1;0.9524;122;16;4;1;0;0.9474;18;18;0
org.apache.catalina.tribes.group.GroupChannel.send(Member[], Serializable, int, ErrorHandler);org.apache.catalina.tribes.group.InterceptorPayload;5;1;0;0.9783;268;24;8;0;1;0.9333;6;0;1
org.apache.jasper.compiler.Generator.GenerateVisitor.generateSetters(Node.CustomTag, String, TagHandlerInfo, boolean);org.apache.jasper.compiler.Node.JspAttribute;5;0;4;0.9467;1737;45;16;0;4;0.8824;107;7;10
org.apache.catalina.tribes.transport.bio.BioSender.closeSocket();org.apache.juli.logging.Log;0;0;5;0.8500;148;9;7;2;0;0.9231;18;18;0
org.apache.catalina.tribes.membership.McastService.start(int);org.apache.catalina.tribes.util.UUIDGenerator;2;1;6;0.9211;345;53;13;1;0;1.0000;26;3;6
org.apache.jasper.compiler.PageDataImpl.SecondPassVisitor.visit(Node.ELExpression);org.apache.jasper.compiler.JspUtil;3;0;3;0.9400;307;41;6;1;0;1.0000;693;44;8
org.apache.jasper.compiler.Generator.generateDeclarations(Node.Nodes);org.apache.jasper.compiler.Node.Visitor;4;1;1;0.9815;781;28;16;1;0;0.9811;126;35;0
org.apache.catalina.connector.RequestFacade.getHeaders(String);org.apache.catalina.Globals;2;0;2;0.9865;462;73;2;0;1;1.0000;0;0;39
org.apache.tomcat.util.net.NioEndpoint.getWriteBufSize();org.apache.tomcat.util.net.SocketProperties;0;0;1;0.9898;629;43;64;1;0;0.9804;156;28;22
org.apache.catalina.connector.CoyoteInputStream.available();org.apache.catalina.security.SecurityUtil;0;0;1;0.8889;141;8;1;1;0;1.0000;146;11;17
org.apache.catalina.authenticator.BasicAuthenticator.authenticate(Request, HttpServletResponse, LoginConfig);org.apache.coyote.Request;0;0;0;0;0;0;0;0;0;0;0;0;0
org.apache.catalina.realm.MemoryUserRule.begin(String, String, Attributes);org.apache.tomcat.util.digester.Digester;1;0;0;1.0000;12;1;0;2;0;0.9852;849;103;29
org.apache.catalina.connector.RequestFacade.getParameter(String);org.apache.catalina.Globals;2;0;2;0.9865;462;73;2;0;1;1.0000;0;0;39
org.apache.catalina.ha.session.DeltaManager.handleSESSION_EXPIRED(SessionMessage, Member);org.apache.catalina.ha.session.SessionMessage;1;0;5;0.9651;826;43;42;1;0;0.9167;5;5;7
org.apache.catalina.tribes.transport.nio.NioSender.reset();org.apache.catalina.tribes.io.XByteBuffer;0;1;6;0.7500;255;12;11;1;0;0.9722;317;36;7
org.apache.jasper.servlet.JasperLoader.loadClass(String, boolean);org.apache.jasper.Constants;1;0;2;0.7778;57;4;5;0;1;1.0000;0;0;34
org.apache.catalina.connector.Response.getContentCount();org.apache.catalina.connector.OutputBuffer;0;0;1;0.9886;578;70;19;1;0;0.9756;207;25;15
org.apache.catalina.tribes.transport.nio.NioReceiver.readDataFromSocket(SelectionKey);org.apache.catalina.tribes.transport.nio.NioReplicationTask;0;0;1;1.0000;269;15;8;1;0;0.9412;197;7;5
org.apache.catalina.authenticator.FormAuthenticator.restoreRequest(Request, Session);org.apache.catalina.connector.Request;3;0;0;1.0000;232;8;3;6;0;0.9695;1084;128;51
org.apache.catalina.session.ManagerBase.getCreationTimestamp(String);org.apache.catalina.Session;0;0;1;0.9878;489;55;31;1;0;0.9697;32;32;4
org.apache.catalina.startup.HostConfig.stop();org.apache.juli.logging.Log;1;1;5;0.9184;755;35;15;3;0;0.8696;18;18;0
org.apache.jasper.compiler.Validator.TagExtraInfoVisitor.visit(Node.CustomTag);org.apache.jasper.compiler.Localizer;2;0;1;0.8750;27;1;1;1;0;1.0000;34;6;1
org.apache.catalina.valves.AccessLogValve.ResponseHeaderElement.addElement(StringBuilder, Date, Request, Response, long);org.apache.catalina.connector.Response;0;0;1;0.5000;17;1;1;1;0;0.9888;578;70;19
org.apache.coyote.http11.AbstractInputBuffer.addActiveFilter(InputFilter);org.apache.coyote.http11.InputFilter;0;0;0;0;0;0;0;0;0;0;0;0;0
org.apache.catalina.valves.AccessLogValve.HttpStatusCodeElement.addElement(StringBuilder, Date, Request, Response, long);org.apache.catalina.connector.Response;0;0;0;1.0000;8;1;0;1;0;0.9886;578;70;19
org.apache.catalina.connector.Request.login(String, String);org.apache.catalina.deploy.LoginConfig;0;0;0;1.0000;1084;128;51;0;0;1.0000;53;7;4
org.apache.naming.resources.WARDirContext.getAttributes(Name, String[]);org.apache.naming.resources.ResourceAttributes;0;1;1;0.9524;200;29;3;5;0;0.8980;516;30;30
org.apache.catalina.core.ApplicationContextFacade.getSessionCookieConfig();org.apache.catalina.security.SecurityUtil;1;1;1;0.9600;426;46;3;1;0;1.0000;146;11;17
org.apache.catalina.connector.CoyoteAdapter.checkNormalize(MessageBytes);org.apache.tomcat.util.buf.CharChunk;2;0;0;1.0000;505;11;8;2;2;0.9184;393;39;8
org.apache.tomcat.util.digester.CallMethodRule.setDigester(Digester);org.apache.tomcat.util.digester.Digester;1;0;2;0.9200;206;7;7;1;1;0.9854;849;103;29
org.apache.coyote.ajp.AjpAprProcessor.prepareResponse();org.apache.coyote.Constants;5;0;4;0.9322;616;13;30;0;1;1.0000;0;0;14
org.apache.catalina.valves.CometConnectionManagerValve.event(Request, Response, CometEvent);org.apache.catalina.connector.Request;1;0;2;0.8947;146;11;6;1;0;0.9944;1084;128;51
org.apache.catalina.ha.backend.HeartbeatListener.lifecycleEvent(LifecycleEvent);org.apache.catalina.LifecycleEvent;2;0;6;0.7222;81;2;10;2;0;0.8947;18;3;3
org.apache.coyote.ajp.AjpAprProtocol.AjpConnectionHandler.asyncDispatch(long, SocketStatus);org.apache.juli.logging.Log;0;0;0;0;0;0;0;0;0;0;0;0;0
org.apache.coyote.http11.Http11AprProtocol.Http11ConnectionHandler.process(long);org.apache.tomcat.util.net.AprEndpoint.Poller;3;1;3;0.7647;119;5;5;1;0;0.9545;168;4;7
org.apache.catalina.mbeans.MBeanUtils.createObjectName(String, Realm);org.apache.catalina.Container;0;0;0;1.0000;853;61;5;2;0;0.9459;34;34;6
org.apache.naming.resources.WARDirContext.release();org.apache.juli.logging.Log;0;0;3;0.9429;200;29;3;1;0;0.9524;18;18;0
org.apache.coyote.http11.Http11NioProtocol.init();org.apache.tomcat.util.res.StringManager;2;1;5;0.9685;448;96;26;1;0;0.9333;36;3;3
org.apache.catalina.connector.MapperListener.registerWrapper(Wrapper);org.apache.juli.logging.Log;0;0;0;0;0;0;0;0;0;0;0;0;0
org.apache.tomcat.util.digester.NodeCreateRule.end(String, String);org.apache.tomcat.util.digester.Digester;0;0;0;1.0000;44;2;2;1;0;0.9925;849;103;29
org.apache.catalina.realm.RealmBase.hasUserDataPermission(Request, Response, SecurityConstraint[]);org.apache.catalina.connector.Response;2;0;1;1.0000;688;39;24;2;0;0.9798;578;70;19
org.apache.catalina.connector.RequestFacade.getCookies();org.apache.catalina.connector.Request;1;0;2;0.9865;462;73;2;1;0;0.9943;1084;128;51
org.apache.tomcat.util.bcel.classfile.ClassElementValue.stringifyValue();org.apache.tomcat.util.bcel.classfile.ConstantUtf8;0;0;0;0;0;0;0;0;0;0;0;0;0
org.apache.catalina.connector.CoyoteInputStream.read(byte[]);org.apache.catalina.connector.InputBuffer;0;0;1;0.8889;141;8;1;1;0;0.9722;210;19;17
org.apache.jasper.compiler.Generator.GenerateVisitor.evaluateAttribute(TagHandlerInfo, Node.JspAttribute, Node.CustomTag, String);org.apache.jasper.compiler.Node.CustomTag;5;3;2;0.9518;1737;45;16;1;0;0.9848;229;10;26
org.apache.catalina.session.StoreBase.processExpires();org.apache.catalina.Container;0;1;2;0.8966;85;12;7;1;0;0.9796;34;34;6
org.apache.catalina.ha.deploy.WarWatcher.check();org.apache.catalina.ha.deploy.FileChangeListener;0;1;4;0.6923;49;3;4;2;0;0.8000;2;2;0
org.apache.catalina.core.ApplicationDispatcher.wrapRequest(State);org.apache.catalina.Globals;1;0;1;0.9615;419;14;10;0;1;1.0000;0;0;39
org.apache.coyote.http11.Http11AprProcessor.process(long);org.apache.tomcat.util.net.AprEndpoint.Sendfile;7;4;22;0.7241;938;28;36;1;0;0.9831;187;5;6
org.apache.tomcat.util.net.NioChannel.getBufferSize();org.apache.tomcat.util.net.SecureNioChannel.ApplicationBufferHandler;0;0;1;0.9524;83;15;5;2;0;0.5000;3;3;0
org.apache.coyote.http11.Http11Protocol.Http11ConnectionHandler.process(SocketWrapper<Socket>, SocketStatus);org.apache.tomcat.util.net.SocketWrapper;0;0;0;0;0;0;0;0;0;0;0;0;0
org.apache.el.lang.ExpressionBuilder.prepare(Node);org.apache.el.parser.Node;2;0;2;0.8182;117;7;4;1;0;0.9474;15;15;0
org.apache.catalina.connector.RequestFacade.getHeaders(String);org.apache.tomcat.util.res.StringManager;2;0;2;0.9865;462;73;2;0;0;1.0000;36;3;3
org.apache.catalina.tribes.transport.nio.NioReceiver.listen();org.apache.catalina.tribes.ChannelReceiver;1;5;4;0.7895;269;15;8;0;1;1.0000;8;8;1
org.apache.tomcat.util.net.NioEndpoint.setSocketOptions(SocketChannel);org.apache.tomcat.util.net.SecureNioChannel;2;2;5;0.9434;629;43;64;1;0;0.9737;255;15;8
org.apache.catalina.core.ContainerBase.logAccess(Request, Response, long, boolean);org.apache.catalina.AccessLog;0;0;0;0;0;0;0;0;0;0;0;0;0
org.apache.el.parser.AstValue.isReadOnly(EvaluationContext);org.apache.el.lang.EvaluationContext;0;1;0;0.9167;103;8;1;2;0;0.8571;35;7;3
org.apache.jasper.compiler.Compiler.compile(boolean, boolean);org.apache.jasper.JspCompilationContext;1;2;7;0.6400;285;11;8;1;2;0.9595;420;31;31
org.apache.tomcat.util.http.fileupload.FileCleaningTracker.Reaper.run();org.apache.tomcat.util.http.fileupload.FileCleaningTracker;0;0;0;0;0;0;0;0;0;0;0;0;0
org.apache.jasper.runtime.PageContextImpl.doGetAttributeNamesInScope(int);org.apache.jasper.compiler.Localizer;0;0;4;0.9245;634;40;16;1;0;1.0000;34;6;1
org.apache.catalina.ha.session.DeltaManager.registerSessionAtReplicationValve(DeltaSession);org.apache.juli.logging.Log;0;0;3;0.9770;826;43;42;2;0;0.9167;18;18;0
org.apache.catalina.loader.WebappClassLoader.findLoadedClass0(String);org.apache.catalina.loader.ResourceEntry;1;0;1;0.9857;1193;44;30;0;1;0.8750;0;0;7
org.apache.coyote.ajp.AjpAprProcessor.action(ActionCode, Object);org.apache.tomcat.util.net.AbstractEndpoint;0;0;0;0;0;0;0;0;0;0;0;0;0
org.apache.catalina.startup.Embedded.setSecurityProtection();org.apache.catalina.security.SecurityConfig;0;0;0;1.0000;372;34;11;3;0;0.6667;42;4;6
org.apache.catalina.deploy.WebXml.toXml();org.apache.catalina.deploy.ServletDef;0;0;0;0;0;0;0;0;0;0;0;0;0
org.apache.catalina.core.ApplicationContext.addServlet(String, String, Servlet);org.apache.catalina.Wrapper;0;0;0;0;0;0;0;0;0;0;0;0;0
org.apache.jasper.xmlparser.MyErrorHandler.warning(SAXParseException);org.apache.juli.logging.Log;0;0;0;1.0000;10;3;0;2;0;0.8889;18;18;0
org.apache.catalina.authenticator.AuthenticatorBase.startInternal();org.apache.juli.logging.Log;0;0;0;0;0;0;0;0;0;0;0;0;0
org.apache.catalina.mbeans.ServerLifecycleListener.processNamingResourcesPropertyChange(NamingResources, String, Object, Object);org.apache.juli.logging.Log;0;6;1;0.8235;569;32;2;2;0;0.9167;18;18;0
org.apache.catalina.valves.JDBCAccessLogValve.log(Request, Response, long);org.apache.juli.logging.Log;0;0;0;0;0;0;0;0;0;0;0;0;0
org.apache.catalina.ha.session.DeltaManager.send(SessionMessage);org.apache.catalina.ha.CatalinaCluster;0;0;2;0.9759;826;43;42;2;0;0.9130;20;20;1
org.apache.catalina.startup.ContextConfig.getHostWebXmlSource();org.apache.catalina.startup.Constants;0;0;0;0;0;0;0;0;0;0;0;0;0
org.apache.catalina.startup.ContextConfig.lifecycleEvent(LifecycleEvent);org.apache.juli.logging.Log;2;5;4;0.7941;779;23;16;1;0;0.9655;18;18;0
org.apache.catalina.connector.Request.getMethod();org.apache.tomcat.util.buf.MessageBytes;1;0;1;0.9943;1084;128;51;1;0;0.9778;402;31;17
org.apache.catalina.manager.ManagerServlet.reload(PrintWriter, String);org.apache.tomcat.util.res.StringManager;1;0;4;0.9348;913;34;13;0;0;1.0000;36;3;3
org.apache.catalina.mbeans.ServerLifecycleListener.destroyMBeans(Service);org.apache.catalina.core.StandardService;0;2;0;0.9429;569;32;2;1;0;0.9792;313;29;18
org.apache.catalina.mbeans.ServerLifecycleListener.createMBeans(NamingResources);org.apache.catalina.deploy.NamingResources;0;3;1;0.9211;569;32;2;4;0;0.9245;332;35;12
org.apache.jasper.compiler.JspRuntimeContext.initClassPath();org.apache.juli.logging.Log;1;0;5;0.7826;174;9;10;2;0;0.9200;18;18;0
org.apache.catalina.core.ApplicationJspPropertyGroupDescriptor.getPageEncoding();org.apache.catalina.deploy.JspPropertyGroup;0;0;0;0;0;0;0;0;0;0;0;0;0
org.apache.catalina.connector.MapperListener.unregisterWrapper(Wrapper);org.apache.tomcat.util.http.mapper.Mapper;0;0;0;0;0;0;0;0;0;0;0;0;0
org.apache.coyote.http11.Http11NioProcessor.asyncDispatch(SocketStatus);org.apache.tomcat.util.net.NioEndpoint.KeyAttachment;0;0;0;0;0;0;0;0;0;0;0;0;0
org.apache.coyote.http11.InternalNioInputBuffer.readSocket(boolean, boolean);org.apache.tomcat.util.net.SocketWrapper;0;0;0;0;0;0;0;0;0;0;0;0;0
org.apache.catalina.core.StandardContext.postWorkDirectory();org.apache.catalina.core.ApplicationContext;1;5;0;0.9840;2385;204;107;1;0;0.9846;460;47;13
org.apache.jasper.compiler.SmapUtil.generateSmap(JspCompilationContext, Node.Nodes);org.apache.jasper.compiler.SmapStratum;3;1;1;1.0000;68;4;1;1;0;0.9545;89;6;5
org.apache.jasper.compiler.Generator.GenerateVisitor.printParams(Node, String, boolean);org.apache.jasper.compiler.Node.Nodes;4;0;1;0.9846;1737;45;16;1;0;0.9333;43;5;3
org.apache.catalina.ha.session.DeltaSession.getClassLoaders();org.apache.catalina.ha.session.BackupManager;0;0;0;1.0000;379;41;7;1;0;0.9655;146;20;7
org.apache.catalina.tribes.io.ChannelData.getDataFromPackage(XByteBuffer);org.apache.catalina.tribes.membership.MemberImpl;1;0;5;0.7368;165;14;7;1;0;1.0000;300;29;19
org.apache.catalina.core.ApplicationFilterChain.internalDoFilter(ServletRequest, ServletResponse);org.apache.tomcat.util.res.StringManager;3;0;10;0.7059;225;9;13;0;0;1.0000;36;3;3
org.apache.catalina.ha.session.DeltaManager.handleGET_ALL_SESSIONS(SessionMessage, Member);org.apache.catalina.ha.session.SessionMessage;2;1;9;0.9070;826;43;42;0;1;1.0000;5;5;7
org.apache.catalina.core.ApplicationHttpRequest.getAttribute(String);org.apache.catalina.Globals;1;1;3;0.9070;325;29;17;0;2;1.0000;0;0;39
org.apache.catalina.manager.host.HTMLHostManagerServlet.doPost(HttpServletRequest, HttpServletResponse);org.apache.catalina.manager.host.Constants;0;0;0;0;0;0;0;0;0;0;0;0;0
org.apache.catalina.session.StandardSession.tellNew();org.apache.catalina.Container;2;3;2;0.9500;558;58;26;1;0;0.9756;34;34;6
org.apache.catalina.realm.RealmBase.hasUserDataPermission(Request, Response, SecurityConstraint[]);org.apache.catalina.deploy.SecurityConstraint;2;0;1;1.0000;688;39;24;1;0;0.9714;146;16;6
org.apache.catalina.ha.session.DeltaSession.resetDeltaRequest();org.apache.catalina.ha.session.DeltaRequest;0;2;1;0.9400;379;41;7;2;0;0.9200;179;15;15
org.apache.catalina.core.AsyncContextImpl.dispatch(ServletContext, String);org.apache.coyote.Request;1;3;4;0.8421;244;21;12;1;0;0.9846;219;17;34
org.apache.catalina.connector.MapperListener.init();org.apache.catalina.connector.Connector;0;4;3;0.6250;305;10;6;0;0;1.0000;455;59;40
org.apache.catalina.connector.CoyoteOutputStream.flush();org.apache.catalina.connector.OutputBuffer;0;0;1;0.8750;24;7;1;1;0;0.9756;207;25;15
org.apache.jasper.compiler.TagLibraryInfoImpl.createTagFileInfo(TreeNode, JarResource);org.apache.jasper.JspCompilationContext;0;0;4;0.8519;523;14;6;1;0;0.9859;420;31;31
org.apache.catalina.mbeans.MBeanUtils.destroyMBean(Role);org.apache.tomcat.util.modeler.Registry;0;2;2;1.0000;853;61;5;1;0;0.9767;446;36;10
org.apache.catalina.manager.ManagerServlet.list(PrintWriter);org.apache.catalina.Container;1;0;3;0.9600;913;34;13;2;0;0.9512;34;34;6
org.apache.catalina.mbeans.MemoryUserDatabaseMBean.removeRole(String);org.apache.catalina.UserDatabase;0;0;0;1.0000;168;12;6;2;0;0.8824;16;16;0
org.apache.coyote.http11.AbstractHttp11Processor.addInputFilter(InputFilter[], String);org.apache.coyote.http11.AbstractInputBuffer;0;0;0;0;0;0;0;0;0;0;0;0;0
org.apache.catalina.realm.JAASCallbackHandler.handle(Callback);org.apache.juli.logging.Log;1;0;11;0.3750;69;1;11;2;0;0.9333;18;18;0
org.apache.tomcat.util.http.fileupload.FileUploadBase.parseRequest(RequestContext);org.apache.tomcat.util.http.fileupload.Streams;0;0;0;0;0;0;0;0;0;0;0;0;0
org.apache.tomcat.util.buf.StringCache.toString(CharChunk);org.apache.tomcat.util.buf.CharChunk;1;2;10;1.0000;363;13;14;3;3;0.8846;393;39;8
org.apache.catalina.session.StandardManager.load();org.apache.juli.logging.Log;0;1;0;0.9630;328;19;8;2;0;0.9000;18;18;0
org.apache.catalina.core.StandardWrapper.loadServlet();org.apache.catalina.core.Constants;6;3;15;0.8729;712;75;32;0;2;1.0000;0;0;6
org.apache.tomcat.util.buf.ByteChunk.equalsIgnoreCase(String);org.apache.tomcat.util.buf.Ascii;0;0;3;0.9348;425;43;10;1;0;1.0000;91;11;7
org.apache.catalina.core.StandardWrapper.unload();org.apache.catalina.security.SecurityUtil;4;1;10;0.9091;712;75;32;2;0;1.0000;146;11;17
org.apache.coyote.ajp.AjpAprProtocol.getSoTimeout();org.apache.tomcat.util.net.AbstractEndpoint;0;0;0;0;0;0;0;0;0;0;0;0;0
org.apache.catalina.deploy.WebXml.mergeResourceMap(Map<String,T>, Map<String,T>, Map<String,T>, Map<String,Boolean>, WebXml);org.apache.catalina.deploy.ResourceBase;2;0;4;0.9718;1446;42;41;1;1;0.8889;43;9;6
org.apache.jasper.compiler.Generator.GenerateVisitor.visit(Node.ELExpression);org.apache.jasper.compiler.Node.ELExpression;6;0;2;0.9714;1737;45;16;0;2;0.8571;16;1;2
org.apache.jasper.compiler.Generator.GenerateVisitor.ParamVisitor.visit(Node.ParamAction);org.apache.jasper.compiler.Generator;5;0;0;1.0000;17;1;1;1;0;1.0000;781;28;16
org.apache.catalina.mbeans.MBeanFactory.createRemoteAddrValve(String);org.apache.catalina.core.ContainerBase;1;1;0;0.9730;432;35;2;1;0;0.9890;603;62;29
org.apache.coyote.http11.Http11AprProcessor.parseHost(MessageBytes);org.apache.coyote.Request;6;0;6;0.9167;938;28;36;0;2;0.9697;219;17;34
org.apache.coyote.http11.filters.IdentityOutputFilter.doWrite(ByteChunk, Response);org.apache.tomcat.util.buf.ByteChunk;1;0;3;0.7500;50;4;5;4;1;0.9020;425;43;10
org.apache.catalina.core.ApplicationContext.getRequestDispatcher(String);org.apache.tomcat.util.buf.CharChunk;3;1;3;0.9565;460;47;13;2;0;0.9683;393;39;8
org.apache.jasper.compiler.ParserController.determineSyntaxAndEncoding(String, JarFile, String);org.apache.jasper.JspCompilationContext;3;2;8;0.6875;284;13;13;0;1;0.9870;420;31;31
org.apache.coyote.ajp.AjpAprProtocol.AjpConnectionHandler.unregister(AjpAprProcessor);org.apache.coyote.ajp.AjpAprProcessor;4;0;1;0.9412;86;5;4;0;1;0.9792;616;13;30
org.apache.catalina.connector.Response.encodeURL(String);org.apache.catalina.connector.Request;0;3;1;0.9551;578;70;19;1;0;0.9944;1084;128;51
org.apache.el.MethodExpressionLiteral.writeExternal(ObjectOutput);org.apache.el.util.ReflectionUtil;0;0;3;0.7273;43;7;3;1;0;1.0000;87;7;3
org.apache.coyote.ajp.AjpProtocol.setMaxThreads(int);org.apache.tomcat.util.net.AbstractEndpoint;0;0;0;0;0;0;0;0;0;0;0;0;0
org.apache.catalina.realm.JDBCRealm.close(Connection);org.apache.tomcat.util.ExceptionUtils;0;0;0;0;0;0;0;0;0;0;0;0;0
org.apache.catalina.core.ApplicationContext.setAttribute(String, Object);org.apache.catalina.core.StandardContext;1;2;4;0.9138;460;47;13;2;0;0.9937;2385;204;107
org.apache.coyote.ajp.AjpMessage.appendCharChunk(CharChunk);org.apache.tomcat.util.buf.CharChunk;1;2;2;0.9310;235;23;5;0;3;0.9423;393;39;8
org.apache.jasper.compiler.Parser.parseAttributeValue(String);org.apache.jasper.compiler.AttributeParser;0;0;0;0;0;0;0;0;0;0;0;0;0
org.apache.catalina.valves.PersistentValve.invoke(Request, Response);org.apache.juli.logging.Log;1;1;1;0.9655;76;3;2;3;0;0.9302;18;18;0
org.apache.catalina.connector.Request.getMethod();org.apache.coyote.Request;1;0;1;0.9943;1084;128;51;0;1;0.9815;219;17;34
org.apache.catalina.deploy.WebXml.addMessageDestinationRef(MessageDestinationRef);org.apache.catalina.deploy.ResourceBase;1;0;2;0.9853;1446;42;41;1;0;0.9375;43;9;6
org.apache.catalina.connector.Response.setBufferSize(int);org.apache.catalina.connector.OutputBuffer;1;1;2;0.9775;578;70;19;2;0;0.9524;207;25;15
org.apache.naming.ContextBindings.getClassLoader();org.apache.naming.StringManager;0;0;2;1.0000;112;21;6;1;0;0.8750;65;7;2
org.apache.coyote.http11.Http11NioProcessor.action(ActionCode, Object);org.apache.coyote.http11.filters.BufferedInputFilter;12;1;19;0.8269;954;28;38;1;0;0.9851;49;6;6
org.apache.jasper.compiler.JspDocumentParser.processIncludeDirective(String, Node);org.apache.jasper.compiler.Localizer;0;0;2;0.9535;649;28;20;1;0;1.0000;34;6;1
org.apache.tomcat.util.bcel.classfile.ConstantPool.constantToString(Constant);org.apache.tomcat.util.bcel.classfile.ConstantDouble;0;0;0;0;0;0;0;0;0;0;0;0;0
org.apache.catalina.core.ApplicationDispatcher.invoke(ServletRequest, ServletResponse, State);org.apache.catalina.Container;3;3;4;0.8462;419;14;10;3;0;0.9444;34;34;6
org.apache.el.parser.ELParser.Compare();org.apache.el.parser.ELParserConstants;2;3;4;0.9524;2195;111;22;0;8;0.8889;0;0;57
org.apache.catalina.connector.MapperListener.findDefaultHost();org.apache.juli.logging.Log;0;0;0;0;0;0;0;0;0;0;0;0;0
org.apache.catalina.connector.RequestFacade.getRemoteHost();org.apache.catalina.connector.Request;1;0;2;0.9865;462;73;2;1;0;0.9943;1084;128;51
org.apache.catalina.ha.tcp.SimpleTcpCluster.getClusterName();org.apache.catalina.Container;0;0;2;0.9692;371;45;31;1;0;0.9722;34;34;6
org.apache.tomcat.util.modeler.BaseModelMBean.removeAttributeChangeNotificationListener(NotificationListener, String);org.apache.tomcat.util.modeler.BaseNotificationBroadcaster;0;0;1;0.9706;284;28;9;1;0;0.8750;54;6;1
org.apache.catalina.ha.session.SimpleTcpReplicationManager.writeSession(Session);org.apache.catalina.ha.session.SerializablePrincipal;0;0;1;1.0000;362;17;17;1;0;1.0000;84;9;7
org.apache.catalina.ha.session.DeltaManager.handleSESSION_ACCESSED(SessionMessage, Member);org.apache.catalina.ha.session.DeltaSession;2;0;4;0.9773;826;43;42;0;1;0.9821;379;41;7
org.apache.jasper.compiler.Generator.GenerateVisitor.visit(Node.JspElement);org.apache.jasper.compiler.Node.NamedAttribute;5;0;1;0.9867;1737;45;16;0;0;1.0000;65;3;6
org.apache.catalina.startup.Tomcat.DefaultWebXmlListener.lifecycleEvent(LifecycleEvent);org.apache.catalina.Lifecycle;0;0;0;0;0;0;0;0;0;0;0;0;0
org.apache.coyote.ajp.AjpProcessor.asyncDispatch(SocketStatus);org.apache.juli.logging.Log;0;0;0;0;0;0;0;0;0;0;0;0;0
org.apache.catalina.ha.authenticator.ClusterSingleSignOn.stopInternal();org.apache.catalina.ha.CatalinaCluster;0;0;0;0;0;0;0;0;0;0;0;0;0
org.apache.catalina.connector.Request.setServerName(String);org.apache.coyote.Request;1;0;1;0.9943;1084;128;51;0;1;0.9815;219;17;34
org.apache.coyote.http11.InternalNioInputBuffer.parseHeader();org.apache.tomcat.util.buf.MessageBytes;2;1;8;0.8000;457;16;24;1;0;0.9825;402;31;17
org.apache.catalina.mbeans.MemoryUserDatabaseMBean.findUser(String);org.apache.tomcat.util.modeler.ManagedBean;0;0;1;0.9524;168;12;6;1;0;0.9730;252;23;13
org.apache.el.parser.ELParser.FloatingPoint();org.apache.el.parser.JJTELParserState;4;1;1;0.9854;2195;111;22;2;0;0.9091;74;10;5
org.apache.catalina.util.Base64.decode(ByteChunk, CharChunk);org.apache.tomcat.util.buf.CharChunk;2;0;3;1.0000;120;5;10;2;2;0.9216;393;39;8
org.apache.tomcat.util.modeler.ManagedBean.getMBeanInfo();org.apache.tomcat.util.modeler.OperationInfo;0;5;1;0.8333;252;23;13;1;0;0.9500;53;8;4
org.apache.catalina.connector.Request.getParameter(String);org.apache.coyote.Request;1;1;2;0.9828;1084;128;51;0;1;0.9821;219;17;34
org.apache.tomcat.util.buf.CharChunk.startsWithIgnoreCase(String, int);org.apache.tomcat.util.buf.Ascii;0;0;3;0.9362;393;39;8;1;0;1.0000;91;11;7
org.apache.jasper.servlet.JspServlet.init(ServletConfig);org.apache.juli.logging.Log;0;0;5;0.7222;173;10;5;3;0;0.8750;18;18;0
org.apache.coyote.http11.Http11AprProtocol.setSSLCARevocationPath(String);org.apache.tomcat.util.net.AprEndpoint;1;0;1;0.9901;387;76;26;0;1;0.9875;629;27;59
org.apache.catalina.valves.RequestFilterValve.process(String, Request, Response);org.apache.catalina.Valve;0;0;2;0.8571;60;8;6;1;0;0.9000;6;6;0
org.apache.coyote.http11.Http11NioProcessor.process(NioChannel);org.apache.coyote.http11.InternalNioInputBuffer;11;4;16;0.8182;954;28;38;3;4;0.9186;457;16;24
org.apache.catalina.startup.TldConfig.execute();org.apache.tomcat.JarScanner;0;0;0;0;0;0;0;0;0;0;0;0;0
org.apache.catalina.tribes.group.interceptors.NonBlockingCoordinator.createElectionMsg(MemberImpl, MemberImpl[], MemberImpl);org.apache.catalina.tribes.membership.Membership;1;0;1;1.0000;352;38;14;2;0;0.9000;136;11;6
org.apache.catalina.connector.RequestFacade.getRequestURL();org.apache.tomcat.util.res.StringManager;1;0;2;0.9865;462;73;2;0;0;1.0000;36;3;3
org.apache.catalina.valves.AccessLogValve.rotate(String);org.apache.juli.logging.Log;0;2;5;0.8868;373;24;32;1;0;0.9583;18;18;0
org.apache.catalina.tribes.group.interceptors.NonBlockingCoordinator.CoordinationMessage.write();org.apache.catalina.tribes.io.XByteBuffer;2;0;6;0.7143;90;8;7;3;0;0.9063;317;36;7
org.apache.catalina.core.StandardContext.addChild(Container);org.apache.catalina.Container;1;3;1;0.9905;2385;204;107;1;0;0.9773;34;34;6
org.apache.coyote.http11.AbstractHttp11Protocol.getBacklog();org.apache.tomcat.util.net.AbstractEndpoint;0;0;0;0;0;0;0;0;0;0;0;0;0
org.apache.catalina.tribes.group.interceptors.NonBlockingCoordinator.CoordinationEvent.toString();org.apache.catalina.tribes.membership.Membership;0;0;7;0.4167;59;2;20;1;0;0.9655;136;11;6
org.apache.jasper.compiler.Validator.ValidateVisitor.visit(Node.SetProperty);org.apache.jasper.compiler.ErrorDispatcher;1;1;2;0.9565;710;36;19;1;0;0.9630;158;22;2
org.apache.jasper.compiler.Generator.GenerateVisitor.visit(Node.ELExpression);org.apache.jasper.compiler.PageInfo;6;0;2;0.9714;1737;45;16;0;1;0.9884;319;30;44
org.apache.tomcat.util.net.NioEndpoint.Poller.run();org.apache.juli.logging.Log;1;3;4;0.7879;395;15;7;3;0;0.9091;18;18;0
org.apache.tomcat.util.net.AprEndpoint.Poller.init();org.apache.tomcat.jni.Pool;1;0;6;0.6250;168;4;7;1;0;1.0000;13;13;0
org.apache.coyote.http11.Http11NioProcessor.process(NioChannel);org.apache.coyote.RequestInfo;11;4;16;0.8182;954;28;38;0;1;0.9873;134;13;14
org.apache.coyote.http11.Http11AprProtocol.getBacklog();org.apache.tomcat.util.net.AbstractEndpoint;0;0;0;0;0;0;0;0;0;0;0;0;0
org.apache.jasper.compiler.SmapUtil.generateSmap(JspCompilationContext, Node.Nodes);org.apache.jasper.compiler.SmapGenerator;3;1;1;1.0000;68;4;1;2;1;0.8235;58;5;5
org.apache.coyote.ajp.AjpAprProcessor.flush();org.apache.tomcat.jni.Socket;0;0;3;0.9487;616;13;30;1;0;1.0000;37;37;34
org.apache.el.parser.ELParser.DotSuffix();org.apache.el.parser.ELParserConstants;4;1;1;0.9855;2195;111;22;0;2;0.9688;0;0;57
org.apache.catalina.tribes.transport.nio.ParallelNioSender.keepalive();org.apache.juli.logging.Log;0;0;3;0.9000;246;12;4;1;0;0.9583;18;18;0
org.apache.catalina.tribes.transport.bio.BioReplicationTask.execute(ObjectReader);org.apache.catalina.tribes.io.ObjectReader;1;1;1;0.9444;92;6;3;2;0;0.9200;71;9;5
org.apache.el.parser.JJTELParserState.closeNodeScope(Node, int);org.apache.el.parser.Node;0;2;3;0.7222;74;10;5;3;0;0.8500;15;15;0
org.apache.tomcat.util.digester.FactoryCreateRule.getFactory(Attributes);org.apache.juli.logging.Log;2;0;3;0.8846;114;5;5;2;0;0.9231;18;18;0
org.apache.catalina.startup.SetNextNamingRule.end(String, String);org.apache.catalina.Context;0;0;2;0.7500;25;2;2;1;0;0.9923;125;125;1
org.apache.catalina.tribes.transport.nio.ParallelNioSender.doLoop(long, int, boolean, ChannelMessage);org.apache.catalina.tribes.Member;2;0;2;0.9722;246;12;4;1;0;0.9706;13;13;1
org.apache.jasper.compiler.AntCompiler.getProject();org.apache.juli.logging.Log;0;0;2;0.7778;158;3;3;2;0;0.9130;18;18;0
org.apache.catalina.startup.ContextConfig.processAnnotationWebFilter(String, AnnotationEntry, WebXml);org.apache.catalina.deploy.FilterMap;0;0;0;0;0;0;0;0;0;0;0;0;0
org.apache.catalina.core.StandardContext.resourcesStart();org.apache.tomcat.util.modeler.Registry;4;3;8;0.9690;2385;204;107;2;0;0.9848;446;36;10
org.apache.coyote.http11.Http11Processor.parseHost(MessageBytes);org.apache.coyote.Response;5;0;6;0.9143;847;26;37;0;1;0.9808;250;19;18
org.apache.catalina.manager.ManagerServlet.reload(PrintWriter, String);org.apache.catalina.Container;1;0;4;0.9348;913;34;13;1;0;0.9744;34;34;6
org.apache.jasper.compiler.ErrorDispatcher.jspError(Node, String, String, String);org.apache.jasper.compiler.Node;1;1;0;0.9524;158;22;2;0;1;0.9643;170;7;15
org.apache.catalina.tribes.transport.nio.NioReceiver.readDataFromSocket(SelectionKey);org.apache.juli.logging.Log;0;0;1;1.0000;269;15;8;2;0;0.9091;18;18;0
org.apache.coyote.http11.Http11AprProtocol.start();org.apache.tomcat.util.modeler.Registry;1;1;7;0.9444;387;76;26;2;0;0.9818;446;36;10
org.apache.coyote.http11.AbstractHttp11Protocol.getSessionCacheSize();org.apache.tomcat.util.net.AbstractEndpoint;0;0;0;0;0;0;0;0;0;0;0;0;0
org.apache.coyote.http11.InternalOutputBuffer.flush();org.apache.tomcat.util.buf.ByteChunk;1;0;4;0.9000;255;24;14;1;0;0.9808;425;43;10
org.apache.catalina.core.StandardContext.getBasePath();org.apache.catalina.Container;0;2;0;0.9935;2385;204;107;1;0;0.9730;34;34;6
org.apache.catalina.ssi.SSIServletExternalResolver.getCGIVariable(String);org.apache.catalina.connector.Connector;1;1;2;0.9000;400;20;7;2;0;0.9792;455;59;40
org.apache.coyote.http11.Http11AprProtocol.Http11ConnectionHandler.process(long);org.apache.tomcat.util.net.AbstractEndpoint.Handler;0;0;0;0;0;0;0;0;0;0;0;0;0
org.apache.catalina.core.ContainerBase.addChildInternal(Container);org.apache.catalina.Container;1;1;4;0.9574;603;62;29;2;1;0.9524;34;34;6
org.apache.coyote.http11.AbstractHttp11Protocol.pause();org.apache.tomcat.util.res.StringManager;0;0;0;0;0;0;0;0;0;0;0;0;0
org.apache.catalina.manager.HTMLManagerServlet.doPost(HttpServletRequest, HttpServletResponse);org.apache.catalina.manager.Constants;4;2;0;0.9474;601;22;14;0;1;1.0000;0;0;11
org.apache.coyote.http11.Http11AprProcessor.action(ActionCode, Object);org.apache.coyote.http11.InternalAprInputBuffer;9;1;18;0.8068;938;28;36;2;2;0.9403;358;13;15
org.apache.coyote.http11.Http11NioProcessor.prepareResponse();org.apache.coyote.Response;7;2;12;0.8427;954;28;38;1;4;0.9296;250;19;18
org.apache.catalina.tribes.transport.bio.util.FastQueue.add(ChannelMessage, Member[], InterceptorPayload);org.apache.catalina.tribes.transport.bio.util.LinkObject;1;0;10;0.7273;172;11;14;0;1;0.9583;31;1;5
org.apache.coyote.http11.Http11AprProtocol.Http11ConnectionHandler.createProcessor();org.apache.coyote.http11.Http11AprProtocol;2;1;1;0.9429;119;5;5;0;14;0.8783;387;76;26
org.apache.catalina.tribes.transport.bio.MultipointBioSender.close();org.apache.catalina.tribes.ChannelException;0;0;1;0.9231;93;9;2;1;0;0.9167;46;5;2
org.apache.coyote.RequestInfo.setGlobalProcessor(RequestGroupInfo);org.apache.coyote.RequestGroupInfo;0;0;1;0.9643;134;13;14;2;0;0.9130;112;15;7
org.apache.catalina.session.JDBCStore.getConnection();org.apache.catalina.Manager;1;2;1;0.9508;495;34;23;1;0;0.9767;34;34;0
org.apache.catalina.ha.session.ReplicatedSession.log(String, Throwable);org.apache.catalina.ha.session.SimpleTcpReplicationManager;1;0;1;0.9524;122;16;4;0;1;1.0000;362;17;17
org.apache.coyote.Response.action(ActionCode, Object);org.apache.coyote.ActionHook;0;0;1;0.9730;250;19;18;1;0;0.5000;1;1;0
org.apache.jasper.compiler.JspDocumentParser.parse(ParserController, String, JarFile, Node, boolean, boolean, String, String, boolean, boolean);org.apache.jasper.compiler.Node.Root;4;2;6;0.8654;649;28;20;0;4;0.8261;56;2;8
org.apache.catalina.connector.Request.getRequestURI();org.apache.tomcat.util.buf.MessageBytes;1;0;1;0.9943;1084;128;51;1;0;0.9778;402;31;17
org.apache.jasper.compiler.Validator.DirectiveVisitor.visit(Node.TagDirective);org.apache.jasper.compiler.Node;6;0;3;0.8800;214;7;4;1;1;0.9535;170;7;15
org.apache.tomcat.util.net.AprEndpoint.setSocketOptions(long);org.apache.tomcat.jni.SSLSocket;1;0;6;0.9512;629;27;59;2;0;1.0000;6;6;0
org.apache.catalina.connector.ResponseFacade.setDateHeader(String, long);org.apache.catalina.Globals;1;1;1;0.9512;224;40;2;0;1;1.0000;0;0;39
org.apache.catalina.core.StandardHostValve.findErrorPage(Context, Throwable);org.apache.catalina.Context;0;0;0;1.0000;149;7;3;1;0;0.9920;125;125;1
org.apache.coyote.http11.Http11NioProtocol.Http11ConnectionHandler.register(Http11NioProcessor);org.apache.juli.logging.Log;4;0;4;0.8636;166;8;6;3;0;0.8929;18;18;0
org.apache.tomcat.util.IntrospectionUtils.setProperty(Object, String, String, boolean);org.apache.juli.logging.Log;0;0;0;0;0;0;0;0;0;0;0;0;0
org.apache.tomcat.util.http.fileupload.DiskFileItem.finalize();org.apache.tomcat.util.http.fileupload.DeferredFileOutputStream;0;0;0;0;0;0;0;0;0;0;0;0;0
org.apache.tomcat.util.net.AprEndpoint.unlockAccept();org.apache.juli.logging.Log;1;0;4;0.9750;629;27;59;2;0;0.9000;18;18;0
org.apache.jasper.compiler.Generator.generateXmlProlog(Node.Nodes);org.apache.jasper.compiler.Node.Root;4;0;3;0.9388;781;28;16;0;1;0.9615;56;2;8
org.apache.coyote.http11.Http11AprProtocol.setPollerSize(int);org.apache.tomcat.util.net.AprEndpoint;1;0;1;0.9901;387;76;26;0;1;0.9875;629;27;59
org.apache.tomcat.util.bcel.classfile.ConstantPool.constantToString(Constant);org.apache.tomcat.util.bcel.classfile.ConstantNameAndType;0;0;0;0;0;0;0;0;0;0;0;0;0
org.apache.catalina.valves.RemoteIpValve.invoke(Request, Response);org.apache.tomcat.util.http.MimeHeaders;0;0;0;0;0;0;0;0;0;0;0;0;0
org.apache.catalina.core.StandardContext.filterStop();org.apache.juli.logging.Log;0;0;1;0.9968;2385;204;107;2;0;0.9048;18;18;0
org.apache.jasper.compiler.Generator.GenerateVisitor.visit(Node.PlugIn);org.apache.jasper.compiler.Node.Nodes;10;3;1;0.9487;1737;45;16;3;0;0.8966;43;5;3
org.apache.catalina.startup.ContextConfig.init();org.apache.tomcat.util.digester.Digester;1;3;5;0.8529;779;23;16;1;0;0.9930;849;103;29
org.apache.coyote.http11.filters.IdentityInputFilter.setRequest(Request);org.apache.coyote.Request;0;0;2;0.7778;57;5;6;1;0;0.9815;219;17;34
org.apache.catalina.core.StandardContext.getConfigBase();org.apache.catalina.Container;0;0;1;0.9968;2385;204;107;2;0;0.9429;34;34;6
org.apache.catalina.ha.session.DeltaManager.registerSessionAtReplicationValve(DeltaSession);org.apache.catalina.core.StandardContext;0;0;3;0.9770;826;43;42;1;0;0.9968;2385;204;107
org.apache.catalina.core.StandardHostValve.status(Request, Response);org.apache.catalina.deploy.ErrorPage;3;1;0;0.9500;149;7;3;1;0;0.9583;41;6;3
org.apache.el.parser.ELParser.Literal();org.apache.el.parser.ELParserConstants;1;7;3;0.9270;2195;111;22;0;6;0.9104;0;0;57
org.apache.tomcat.util.bcel.classfile.Utility.codeToString(ByteSequence, ConstantPool, boolean);org.apache.tomcat.util.bcel.classfile.Constant;0;0;0;0;0;0;0;0;0;0;0;0;0
org.apache.catalina.connector.Response.setCharacterEncoding(String);org.apache.coyote.Response;0;1;4;0.9432;578;70;19;1;0;0.9762;250;19;18
org.apache.catalina.startup.ContextConfig.contextConfig();org.apache.catalina.startup.Constants;2;5;2;0.7813;779;23;16;0;1;1.0000;0;0;45
org.apache.tomcat.util.net.NioBlockingSelector.read(ByteBuffer, NioChannel, long);org.apache.tomcat.util.net.NioEndpoint.Poller;3;0;1;0.9444;111;4;4;0;1;0.9714;395;15;7
org.apache.jasper.compiler.JspUtil.getReader(String, String, JarFile, JspCompilationContext, ErrorDispatcher, int);org.apache.jasper.compiler.ErrorDispatcher;0;1;0;1.0000;693;44;8;1;0;0.9524;158;22;2
org.apache.catalina.session.ManagerBase.processExpires();org.apache.catalina.Session;0;2;2;0.9524;489;55;31;1;0;0.9737;32;32;4
org.apache.catalina.startup.HostConfig.unmanageApp(String);org.apache.catalina.Container;0;1;2;0.9362;755;35;15;2;0;0.9459;34;34;6
org.apache.catalina.session.StoreBase.processExpires();org.apache.catalina.Manager;0;1;2;0.8966;85;12;7;1;0;0.9796;34;34;0
org.apache.catalina.valves.CometConnectionManagerValve.lifecycleEvent(LifecycleEvent);org.apache.catalina.Lifecycle;4;0;3;0.8889;146;11;6;0;1;1.0000;5;5;9
org.apache.tomcat.util.net.AprEndpoint.Sendfile.remove(SendfileData);org.apache.tomcat.jni.Poll;2;0;3;0.7273;187;5;6;1;0;1.0000;9;9;11
org.apache.tomcat.util.bcel.classfile.ClassElementValue.stringifyValue();org.apache.tomcat.util.bcel.Constants;0;0;0;0;0;0;0;0;0;0;0;0;0
org.apache.jasper.JspC.completeWebXml();org.apache.jasper.compiler.Localizer;0;0;7;0.9375;840;35;81;1;0;1.0000;34;6;1
org.apache.catalina.util.Base64.decode(ByteChunk, CharChunk);org.apache.tomcat.util.buf.ByteChunk;2;0;3;1.0000;120;5;10;0;3;0.9412;425;43;10
org.apache.catalina.connector.OutputBuffer.doFlush(boolean);org.apache.tomcat.util.buf.ByteChunk;2;0;5;0.8889;207;25;15;2;0;0.9643;425;43;10
org.apache.naming.SelectorContext.lookup(String);org.apache.juli.logging.Log;0;2;0;0.9412;146;31;6;0;0;1.0000;18;18;0
org.apache.coyote.http11.Http11NioProcessor.prepareResponse();org.apache.coyote.Request;7;2;12;0.8427;954;28;38;1;1;0.9775;219;17;34
org.apache.jasper.compiler.TagFileProcessor.loadTagFiles(Compiler, Node.Nodes);org.apache.jasper.compiler.Node.Nodes;0;0;1;0.7500;96;5;1;1;0;0.9091;43;5;3
org.apache.tomcat.util.http.Cookies.unescapeDoubleQuotes(ByteChunk);org.apache.tomcat.util.buf.ByteChunk;0;0;0;0;0;0;0;0;0;0;0;0;0
org.apache.catalina.ha.authenticator.ClusterSingleSignOn.startInternal();org.apache.catalina.ha.authenticator.ClusterSingleSignOnListener;0;0;0;0;0;0;0;0;0;0;0;0;0
org.apache.naming.NamingContext.listBindings(Name);org.apache.naming.StringManager;1;0;2;0.9512;282;32;6;2;0;0.8333;65;7;2
org.apache.catalina.mbeans.ServerLifecycleListener.destroyMBeans(ContextResourceLink);org.apache.catalina.mbeans.MBeanUtils;0;0;1;1.0000;569;32;2;1;0;1.0000;853;61;5
org.apache.coyote.ajp.AjpAprProcessor.prepareResponse();org.apache.tomcat.util.http.HttpMessages;5;0;4;0.9322;616;13;30;1;0;1.0000;42;2;5
org.apache.catalina.tribes.group.GroupChannel.getChannelSender();org.apache.catalina.tribes.group.ChannelCoordinator;1;0;1;0.9697;268;24;8;0;1;0.9565;164;15;5
org.apache.catalina.mbeans.MBeanUtils.destroyMBean(Connector, Service);org.apache.coyote.ajp.AjpAprProtocol;1;1;1;1.0000;853;61;5;1;0;0.9839;219;40;15
org.apache.catalina.mbeans.ServerLifecycleListener.destroyMBeans(ContextEnvironment);org.apache.catalina.mbeans.MBeanUtils;0;0;1;1.0000;569;32;2;1;0;1.0000;853;61;5
org.apache.catalina.connector.ResponseFacade.getLocale();org.apache.catalina.connector.Response;1;0;2;0.9756;224;40;2;1;0;0.9888;578;70;19
org.apache.catalina.connector.Request.getInputStream();org.apache.tomcat.util.res.StringManager;1;0;5;0.9767;1084;128;51;0;0;1.0000;36;3;3
org.apache.catalina.connector.Connector.initInternal();org.apache.tomcat.util.IntrospectionUtils;0;0;0;0;0;0;0;0;0;0;0;0;0
org.apache.catalina.realm.JNDIRealm.close(DirContext);org.apache.juli.logging.Log;1;0;1;0.9867;728;44;31;3;0;0.8500;18;18;0
org.apache.catalina.core.StandardHostValve.custom(Request, Response, ErrorPage);org.apache.catalina.Context;0;0;0;1.0000;149;7;3;1;0;0.9927;125;125;1
org.apache.catalina.startup.Catalina.CatalinaShutdownHook.run();org.apache.juli.ClassLoaderLogManager;1;0;0;1.0000;5;1;0;0;0;1.0000;272;11;2
org.apache.coyote.http11.Http11AprProtocol.pause();org.apache.tomcat.util.net.AprEndpoint;1;1;3;0.9810;387;76;26;1;0;0.9882;629;27;59
org.apache.coyote.http11.Http11Processor.prepareResponse();org.apache.tomcat.util.http.MimeHeaders;5;2;11;0.8500;847;26;37;4;1;0.8958;129;18;3
org.apache.catalina.core.ApplicationFilterFactory.createFilterChain(ServletRequest, Wrapper, Servlet);org.apache.catalina.core.StandardWrapper;3;3;2;0.8333;183;6;11;1;0;0.9915;712;75;32
org.apache.tomcat.util.net.AprEndpoint.init();org.apache.tomcat.jni.OS;7;0;29;0.6456;629;27;59;0;4;1.0000;8;8;22
org.apache.catalina.connector.RequestFacade.getRequestURI();org.apache.tomcat.util.res.StringManager;1;0;2;0.9865;462;73;2;0;0;1.0000;36;3;3
org.apache.tomcat.util.net.JIoEndpoint.setProperty(String, String);org.apache.tomcat.util.IntrospectionUtils;0;0;2;0.9773;312;23;26;1;0;1.0000;602;31;5
org.apache.catalina.connector.CometEventImpl.getHttpServletRequest();org.apache.catalina.connector.Request;0;0;1;0.9091;54;6;5;1;0;0.9943;1084;128;51
org.apache.catalina.session.JDBCStore.getName();org.apache.catalina.Container;0;0;1;0.9828;495;34;23;2;0;0.9459;34;34;6
org.apache.catalina.core.ApplicationContextFacade.getResourceAsStream(String);org.apache.catalina.core.ApplicationContext;0;1;1;0.9600;426;46;3;1;0;0.9828;460;47;13
org.apache.coyote.http11.InternalOutputBuffer.endRequest();org.apache.tomcat.util.buf.ByteChunk;1;0;7;0.8293;255;24;14;1;0;0.9821;425;43;10
org.apache.catalina.mbeans.MBeanUtils.createObjectName(String, ContextResource);org.apache.catalina.Container;1;0;0;1.0000;853;61;5;1;0;0.9750;34;34;6
org.apache.catalina.loader.WebappLoader.stopInternal();org.apache.juli.logging.Log;0;0;0;0;0;0;0;0;0;0;0;0;0
org.apache.catalina.tribes.transport.bio.util.FastQueue.setRemoveWaitTimeout(long);org.apache.catalina.tribes.transport.bio.util.SingleRemoveSynchronizedAddLock;1;0;2;0.9200;172;11;14;0;1;0.9375;88;6;7
org.apache.coyote.ajp.AjpProcessor.prepareResponse();org.apache.coyote.Constants;5;0;4;0.9333;570;12;32;0;1;1.0000;0;0;14
org.apache.tomcat.util.net.JIoEndpoint.processSocket(SocketWrapper<Socket>, SocketStatus);org.apache.juli.logging.Log;0;0;0;0;0;0;0;0;0;0;0;0;0
org.apache.jasper.compiler.Generator.GenerateVisitor.generateTagPlugin(Node.CustomTag);org.apache.jasper.compiler.Node.CustomTag;1;0;0;1.0000;1737;45;16;0;2;0.9524;229;10;26
org.apache.catalina.authenticator.SSLAuthenticator.authenticate(Request, HttpServletResponse, LoginConfig);org.apache.catalina.authenticator.Constants;4;0;0;1.0000;37;4;1;0;2;1.0000;0;0;19
org.apache.coyote.ajp.AjpProtocol.AjpConnectionHandler.register(AjpProcessor);org.apache.coyote.Request;4;0;3;0.8235;80;4;4;0;1;0.9844;219;17;34
org.apache.jasper.compiler.TagLibraryInfoImpl.createTagInfo(TreeNode, String);org.apache.jasper.compiler.ErrorDispatcher;0;2;3;0.8214;523;14;6;1;0;0.9697;158;22;2
org.apache.catalina.authenticator.FormAuthenticator.saveRequest(Request, Session);org.apache.catalina.Session;3;0;0;1.0000;232;8;3;1;0;0.9808;32;32;4
org.apache.catalina.startup.ContextConfig.processContextConfig(URL);org.apache.tomcat.util.res.StringManager;0;0;0;0;0;0;0;0;0;0;0;0;0
org.apache.tomcat.util.net.jsse.JSSESocketFactory.init();org.apache.tomcat.util.net.AbstractEndpoint;0;0;0;0;0;0;0;0;0;0;0;0;0
org.apache.tomcat.util.net.AbstractEndpoint.setSoTimeout(int);org.apache.tomcat.util.net.SocketProperties;0;0;0;0;0;0;0;0;0;0;0;0;0
org.apache.tomcat.util.net.NioEndpoint.Poller.register(NioChannel);org.apache.tomcat.util.net.NioEndpoint;3;1;0;0.9688;395;15;7;0;5;0.9619;629;43;64
org.apache.jasper.compiler.TagFileProcessor.TagFileDirectiveVisitor.checkUniqueName(String, String, Node, TagAttributeInfo);org.apache.jasper.compiler.ErrorDispatcher;2;0;5;0.8966;213;8;24;1;0;0.9643;158;22;2
org.apache.catalina.mbeans.MBeanFactory.createJNDIRealm(String);org.apache.catalina.util.LifecycleMBeanBase;0;0;0;0;0;0;0;0;0;0;0;0;0
org.apache.catalina.realm.RealmBase.hasUserDataPermission(Request, Response, SecurityConstraint[]);org.apache.catalina.core.ApplicationSessionCookieConfig;0;0;0;0;0;0;0;0;0;0;0;0;0
org.apache.catalina.core.StandardHostValve.event(Request, Response, CometEvent);org.apache.catalina.Globals;1;2;0;0.8571;149;7;3;0;2;1.0000;0;0;39
org.apache.coyote.ajp.AjpAprProtocol.getSoLinger();org.apache.tomcat.util.net.AbstractEndpoint;0;0;0;0;0;0;0;0;0;0;0;0;0
org.apache.catalina.core.ContainerBase.ContainerBackgroundProcessor.processChildren(Container, ClassLoader);org.apache.catalina.Container;1;1;0;1.0000;37;2;0;4;0;0.8889;34;34;6
org.apache.catalina.ha.session.ClusterSessionListener.messageReceived(ClusterMessage);org.apache.juli.logging.Log;0;0;0;1.0000;32;3;1;4;0;0.8182;18;18;0
org.apache.coyote.http11.Http11AprProcessor.event(SocketStatus);org.apache.coyote.http11.AbstractOutputBuffer;0;0;0;0;0;0;0;0;0;0;0;0;0
org.apache.catalina.core.ApplicationPart.getString(String);org.apache.tomcat.util.http.fileupload.FileItem;0;0;0;0;0;0;0;0;0;0;0;0;0
org.apache.catalina.mbeans.MBeanUtils.createObjectName(String, Valve);org.apache.catalina.Contained;1;1;0;1.0000;853;61;5;1;0;0.8571;2;2;0
org.apache.catalina.core.ApplicationContextFacade.setAttribute(String, Object);org.apache.catalina.core.ApplicationContext;0;1;1;0.9600;426;46;3;1;0;0.9828;460;47;13
org.apache.catalina.tribes.transport.nio.ParallelNioSender.doLoop(long, int, boolean, ChannelMessage);org.apache.catalina.tribes.transport.SenderState;2;0;2;0.9722;246;12;4;6;0;0.8000;45;9;5
org.apache.catalina.connector.Request.parseParts();org.apache.catalina.Context;0;0;0;0;0;0;0;0;0;0;0;0;0
org.apache.jasper.compiler.Compiler.generateJava();org.apache.jasper.Options;12;1;7;0.8298;285;11;8;3;0;0.9516;28;28;0
org.apache.catalina.core.ApplicationContext.getRequestDispatcher(String);org.apache.tomcat.util.res.StringManager;3;1;3;0.9565;460;47;13;0;0;1.0000;36;3;3
org.apache.jasper.compiler.Generator.GenerateVisitor.evaluateAttribute(TagHandlerInfo, Node.JspAttribute, Node.CustomTag, String);org.apache.jasper.compiler.ErrorDispatcher;5;3;2;0.9518;1737;45;16;1;0;0.9787;158;22;2
org.apache.jasper.tagplugins.jstl.Util.stripSession(String);org.apache.jasper.Constants;1;0;0;1.0000;110;6;4;0;1;1.0000;0;0;34
org.apache.catalina.valves.ErrorReportValve.report(Request, Response, Throwable);org.apache.tomcat.util.ExceptionUtils;0;0;0;0;0;0;0;0;0;0;0;0;0
org.apache.catalina.connector.RequestFacade.GetHeadersPrivilegedAction.run();org.apache.catalina.connector.RequestFacade;1;0;1;0.6667;6;1;1;0;1;0.9868;462;73;2
org.apache.jasper.compiler.ELNode.Nodes.visit(Visitor);org.apache.jasper.compiler.ELNode;0;0;1;0.8750;35;5;2;1;0;0.5000;1;1;0
org.apache.catalina.manager.ManagerServlet.save(PrintWriter, String);org.apache.catalina.Container;1;0;2;0.9796;913;34;13;2;0;0.9487;34;34;6
org.apache.catalina.core.ApplicationContextFacade.getInitParameterNames();org.apache.catalina.security.SecurityUtil;0;1;1;0.9600;426;46;3;1;0;1.0000;146;11;17
org.apache.coyote.ajp.AjpAprProcessor.action(ActionCode, Object);org.apache.tomcat.util.res.StringManager;6;3;13;0.7636;616;13;30;1;0;0.9706;36;3;3
org.apache.catalina.startup.ContextConfig.processAnnotationsFile(File, WebXml);org.apache.juli.logging.Log;0;0;0;0;0;0;0;0;0;0;0;0;0
org.apache.catalina.core.ContainerBase.getParentClassLoader();org.apache.catalina.Container;0;0;2;0.9775;603;62;29;1;0;0.9722;34;34;6
org.apache.catalina.loader.WebappLoader.addRepository(String);org.apache.juli.logging.Log;1;1;6;0.9138;548;39;19;2;0;0.9167;18;18;0
org.apache.jasper.xmlparser.XMLEncodingDetector.scanSurrogates(XMLStringBuffer);org.apache.jasper.compiler.ErrorDispatcher;0;2;1;0.9375;798;23;29;1;0;0.9600;158;22;2
org.apache.catalina.connector.CoyoteInputStream.close();org.apache.catalina.security.SecurityUtil;0;0;1;0.8889;141;8;1;1;0;1.0000;146;11;17
org.apache.catalina.ha.session.DeltaManager.findSessionMasterMember();org.apache.catalina.ha.CatalinaCluster;1;0;4;0.9765;826;43;42;1;0;0.9615;20;20;1
org.apache.catalina.mbeans.MBeanUtils.createObjectName(String, Valve);org.apache.catalina.Container;1;1;0;1.0000;853;61;5;2;0;0.9474;34;34;6
org.apache.catalina.ha.deploy.FarmWarDeployer.start();org.apache.juli.logging.Log;0;0;11;0.8077;376;28;17;3;0;0.9118;18;18;0
org.apache.tomcat.util.net.NioEndpoint.processSocket(NioChannel, SocketStatus, boolean);org.apache.tomcat.util.res.StringManager;0;0;4;0.9810;629;43;64;1;0;0.9286;36;3;3
org.apache.coyote.http11.Http11NioProcessor.process(NioChannel);org.apache.coyote.Constants;11;4;16;0.8182;954;28;38;0;5;1.0000;0;0;14
org.apache.jasper.compiler.PageDataImpl.FirstPassVisitor.visit(Node.TaglibDirective);org.apache.jasper.compiler.Node;4;0;1;0.8889;65;4;4;0;1;0.9643;170;7;15
org.apache.jasper.runtime.JspRuntimeLibrary.handleSetPropertyExpression(Object, String, String, PageContext, ProtectedFunctionMapper);org.apache.jasper.runtime.PageContextImpl;0;1;0;1.0000;647;45;2;1;0;1.0000;634;40;16
org.apache.catalina.core.ApplicationFilterConfig.setFilterDef(FilterDef);org.apache.tomcat.InstanceManager;2;1;3;0.7895;121;10;5;1;0;0.9167;4;4;0
org.apache.catalina.tribes.transport.bio.BioReplicationTask.drainSocket();org.apache.catalina.tribes.io.ObjectReader;0;1;2;0.6667;92;6;3;1;0;0.9474;71;9;5
org.apache.jasper.compiler.JspDocumentParser.parseStandardAction(String, String, Attributes, Attributes, Attributes, Mark);org.apache.jasper.compiler.TagConstants;3;1;6;0.8444;649;28;20;0;25;1.0000;0;0;57
org.apache.coyote.http11.Http11AprProcessor.action(ActionCode, Object);org.apache.tomcat.util.net.AprEndpoint.Poller;9;1;18;0.8068;938;28;36;0;0;1.0000;168;4;7
org.apache.el.parser.SimpleNode.setValue(EvaluationContext, Object);org.apache.el.util.MessageFactory;0;0;0;1.0000;82;15;4;1;0;1.0000;24;7;1
org.apache.catalina.core.ApplicationFilterConfig.getFilterClass();org.apache.catalina.deploy.FilterDef;0;0;0;0;0;0;0;0;0;0;0;0;0
org.apache.catalina.core.StandardContext.resourcesStop();org.apache.naming.resources.BaseDirContext;1;2;3;0.9873;2385;204;107;1;0;0.9868;167;58;8
org.apache.catalina.startup.ContextConfig.processAnnotationWebInitParams(ElementValue);org.apache.tomcat.util.bcel.classfile.AnnotationElementValue;0;0;0;0;0;0;0;0;0;0;0;0;0
org.apache.catalina.loader.WebappClassLoader.findClass(String);org.apache.juli.logging.Log;1;1;4;0.9459;1193;44;30;5;0;0.7727;18;18;0
org.apache.catalina.startup.Bootstrap.createClassLoader(String, ClassLoader);org.apache.catalina.startup.ClassLoaderFactory;1;2;3;1.0000;240;19;8;0;4;1.0000;88;2;5
org.apache.catalina.manager.ManagerServlet.setWrapper(Wrapper);org.apache.catalina.Container;0;0;5;0.8936;913;34;13;2;0;0.9512;34;34;6
org.apache.catalina.core.ApplicationContextFacade.getFilterRegistrations();org.apache.catalina.core.ApplicationContext;0;0;0;0;0;0;0;0;0;0;0;0;0
org.apache.coyote.http11.Http11AprProtocol.getPollerThreadCount();org.apache.tomcat.util.net.AprEndpoint;1;0;1;0.9901;387;76;26;0;1;0.9875;629;27;59
org.apache.tomcat.util.modeler.modules.MbeansSource.execute();org.apache.tomcat.util.modeler.ManagedBean;2;2;7;0.7308;198;11;10;1;0;0.9792;252;23;13
org.apache.jasper.compiler.Validator.ValidateVisitor.isExpression(Node, String, boolean);org.apache.jasper.compiler.ELNode.Root;3;0;1;0.9787;710;36;19;0;1;0.9000;13;1;2
org.apache.catalina.core.NamingContextListener.createNamingContext();org.apache.catalina.deploy.NamingResources;2;6;8;0.7391;745;23;11;6;2;0.8806;332;35;12
org.apache.coyote.http11.Http11AprProtocol.getPollTime();org.apache.tomcat.util.net.AprEndpoint;1;0;1;0.9901;387;76;26;0;1;0.9875;629;27;59
org.apache.coyote.ajp.AjpAprProcessor.prepareRequest();org.apache.tomcat.util.buf.ByteChunk;7;1;8;0.8831;616;13;30;5;2;0.9205;425;43;10
org.apache.catalina.ha.session.ClusterSessionListener.messageReceived(ClusterMessage);org.apache.catalina.ha.CatalinaCluster;0;0;0;1.0000;32;3;1;1;0;0.9643;20;20;1
org.apache.catalina.mbeans.MBeanUtils.destroyMBean(Valve, Container);org.apache.catalina.Contained;0;2;2;1.0000;853;61;5;1;0;0.7500;2;2;0
org.apache.catalina.realm.RealmBase.findSecurityConstraints(Request, Context);org.apache.catalina.connector.Request;0;1;1;0.9846;688;39;24;2;0;0.9890;1084;128;51
org.apache.tomcat.util.digester.NodeCreateRule.NodeBuilder.endElement(String, String, String);org.apache.tomcat.util.digester.Digester;2;0;4;0.6923;68;4;5;3;0;0.9783;849;103;29
org.apache.jasper.tagplugins.jstl.core.Url.doTag(TagPluginContext);org.apache.jasper.compiler.tagplugin.TagPluginContext;0;0;0;1.0000;45;1;0;6;0;0.5714;14;14;0
org.apache.catalina.core.ApplicationContextFacade.getServerInfo();org.apache.catalina.security.SecurityUtil;0;1;1;0.9600;426;46;3;1;0;1.0000;146;11;17
org.apache.catalina.core.StandardService.stopInternal();org.apache.juli.logging.Log;0;0;0;0;0;0;0;0;0;0;0;0;0
org.apache.catalina.ssi.SSIServletExternalResolver.getFileText(String, boolean);org.apache.coyote.http11.Constants;1;1;3;0.8710;400;20;7;0;1;1.0000;0;0;44
org.apache.catalina.security.SecurityUtil.execute(Method, Object, Object[], Principal);org.apache.tomcat.util.res.StringManager;2;0;2;1.0000;146;11;17;0;0;1.0000;36;3;3
org.apache.catalina.startup.SetAllPropertiesRule.begin(String, String, Attributes);org.apache.tomcat.util.IntrospectionUtils;2;0;1;0.9000;19;1;1;1;0;1.0000;602;31;5
org.apache.jasper.compiler.PageDataImpl.SecondPassVisitor.appendTag(Node, boolean);org.apache.jasper.compiler.TagConstants;4;4;4;0.8519;307;41;6;0;1;1.0000;0;0;57
org.apache.tomcat.util.net.NioEndpoint.PollerEvent.run();org.apache.tomcat.util.net.NioEndpoint.Poller;4;0;3;0.8125;60;4;3;1;1;0.9394;395;15;7
org.apache.catalina.ha.session.DeltaManager.sendCreateSession(String, DeltaSession);org.apache.catalina.ha.session.SessionMessage;2;1;5;0.9535;826;43;42;0;1;1.0000;5;5;7
org.apache.coyote.http11.AbstractHttp11Processor.initializeFilters();org.apache.coyote.http11.AbstractInputBuffer;0;0;0;0;0;0;0;0;0;0;0;0;0
org.apache.catalina.core.StandardContextValve.event(Request, Response, CometEvent);org.apache.catalina.Valve;0;0;0;1.0000;86;5;3;1;0;0.8889;6;6;0
org.apache.catalina.startup.Embedded.removeLifecycleListener(LifecycleListener);org.apache.catalina.util.LifecycleSupport;0;0;1;0.9773;372;34;11;1;0;0.8750;38;3;3
org.apache.catalina.connector.Request.readChunkedPostBody();org.apache.tomcat.util.res.StringManager;0;0;0;0;0;0;0;0;0;0;0;0;0
org.apache.jasper.compiler.Generator.DeclarationVisitor.visit(Node.PageDirective);org.apache.jasper.compiler.Node;2;0;0;1.0000;36;3;1;1;0;0.9714;170;7;15
org.apache.catalina.loader.WebappLoader.getObjectNameKeyProperties();org.apache.catalina.Context;0;0;0;0;0;0;0;0;0;0;0;0;0
org.apache.catalina.startup.ContextConfig.authenticatorConfig();org.apache.catalina.Context;1;0;7;0.9286;779;23;16;3;0;0.9783;125;125;1
org.apache.coyote.ajp.AjpAprProcessor.action(ActionCode, Object);org.apache.juli.logging.Log;6;3;13;0.7636;616;13;30;1;0;0.9787;18;18;0
org.apache.tomcat.util.modeler.modules.MbeansSource.init();org.apache.tomcat.util.modeler.Registry;0;1;2;0.8421;198;11;10;2;0;0.9778;446;36;10
org.apache.el.parser.ELParser.jj_3R_13();org.apache.el.parser.ELParserConstants;0;2;1;0.9771;2195;111;22;0;0;1.0000;0;0;57
org.apache.catalina.core.StandardWrapper.setParent(Container);org.apache.tomcat.util.res.StringManager;1;0;2;0.9808;712;75;32;0;0;1.0000;36;3;3
org.apache.catalina.startup.Tomcat.addWebapp(Host, String, String);org.apache.catalina.Context;0;0;0;0;0;0;0;0;0;0;0;0;0
org.apache.catalina.ssi.SSIMediator.getFileText(String, boolean);org.apache.catalina.ssi.SSIExternalResolver;0;0;1;0.9615;190;16;13;1;0;0.8889;8;8;0
org.apache.jasper.compiler.TagLibraryInfoImpl.createInitParam(TreeNode);org.apache.jasper.xmlparser.TreeNode;0;0;1;0.9600;523;14;6;3;0;0.8696;109;13;5
org.apache.catalina.startup.WebRuleSet.addRuleInstances(Digester);org.apache.tomcat.util.digester.Digester;1;1;4;0.6429;183;4;4;5;0;0.9638;849;103;29
org.apache.tomcat.util.digester.Digester.peekParams();org.apache.juli.logging.Log;0;0;2;0.9851;849;103;29;1;0;0.9524;18;18;0
org.apache.tomcat.util.IntrospectionUtils.getProperty(Object, String);org.apache.juli.logging.Log;0;3;2;1.0000;602;31;5;1;0;0.9444;18;18;0
org.apache.catalina.mbeans.NamingResourcesMBean.getResourceLinks();org.apache.tomcat.util.modeler.ManagedBean;0;0;1;0.9286;138;9;2;1;0;0.9730;252;23;13
org.apache.catalina.connector.RequestFacade.getServerPort();org.apache.catalina.connector.Request;1;0;2;0.9865;462;73;2;1;0;0.9943;1084;128;51
org.apache.jasper.tagplugins.jstl.core.Set.doTag(TagPluginContext);org.apache.jasper.tagplugins.jstl.Util;0;0;0;1.0000;99;1;0;1;0;1.0000;110;6;4
org.apache.catalina.startup.ContextConfig.authenticatorConfig();org.apache.catalina.Pipeline;1;0;7;0.9286;779;23;16;2;0;0.9000;6;6;0
org.apache.catalina.loader.WebappLoader.setContainer(Container);org.apache.catalina.Container;0;1;2;0.9483;548;39;19;2;0;0.9474;34;34;6
org.apache.catalina.startup.ContextConfig.processServletContainerInitializers(Set<WebXml>);org.apache.juli.logging.Log;0;0;0;0;0;0;0;0;0;0;0;0;0
org.apache.catalina.connector.CoyoteAdapter.asyncDispatch(org.apache.coyote.Request, org.apache.coyote.Response, SocketStatus);org.apache.tomcat.util.res.StringManager;0;0;0;0;0;0;0;0;0;0;0;0;0
org.apache.catalina.connector.ResponseFacade.getHeaders(String);org.apache.catalina.connector.Response;0;0;1;0.9756;224;40;2;1;0;0.9888;578;70;19
org.apache.el.MethodExpressionImpl.getNode();org.apache.el.lang.ExpressionBuilder;0;0;2;0.8667;56;8;6;1;0;1.0000;117;7;4
org.apache.catalina.valves.AccessLogValve.RequestURIElement.addElement(StringBuilder, Date, Request, Response, long);org.apache.catalina.connector.Request;0;0;0;1.0000;8;1;0;1;0;0.9942;1084;128;51
org.apache.catalina.connector.RequestFacade.getContentType();org.apache.catalina.connector.Request;1;0;2;0.9865;462;73;2;1;0;0.9943;1084;128;51
org.apache.tomcat.util.net.NioEndpoint.setSocketOptions(SocketChannel);org.apache.tomcat.util.net.SocketProperties;2;2;5;0.9434;629;43;64;1;3;0.9344;156;28;22
org.apache.el.parser.AstPlus.getValue(EvaluationContext);org.apache.el.parser.Node;0;0;0;1.0000;8;1;0;1;0;0.9375;15;15;0
org.apache.tomcat.util.modeler.ManagedBean.getInvoke(String, Object[], String[], BaseModelMBean, Object);org.apache.tomcat.util.modeler.BaseModelMBean;0;0;1;0.9697;252;23;13;1;0;1.0000;284;28;9
org.apache.tomcat.util.net.NioEndpoint.SocketProcessor.run();org.apache.tomcat.util.net.NioEndpoint.Handler;5;0;2;0.9200;91;2;2;2;1;0.8846;5;5;1
org.apache.tomcat.util.net.AprEndpoint.Poller.init();org.apache.tomcat.util.net.SocketProperties;1;0;6;0.6250;168;4;7;0;0;1.0000;156;28;22
org.apache.jasper.compiler.Generator.generateDeclarations(Node.Nodes);org.apache.jasper.compiler.Node.CustomTag;4;1;1;0.9815;781;28;16;0;3;0.9464;229;10;26
org.apache.jasper.compiler.Validator.ValidateVisitor.MapperELVisitor.visit(ELNode.Function);org.apache.jasper.compiler.ErrorDispatcher;3;0;0;1.0000;30;1;1;1;0;0.9643;158;22;2
org.apache.catalina.tribes.util.Arrays.convert(String);org.apache.juli.logging.Log;0;0;1;1.0000;149;24;1;1;0;0.9444;18;18;0
org.apache.catalina.core.StandardWrapperValve.invoke(Request, Response);org.apache.catalina.connector.Response;4;1;5;0.8780;341;4;6;4;0;0.9672;578;70;19
org.apache.catalina.startup.Tomcat.addWebapp(Host, String, String);org.apache.catalina.Container;0;0;0;0;0;0;0;0;0;0;0;0;0
org.apache.catalina.mbeans.MemoryUserDatabaseMBean.removeRole(String);org.apache.catalina.mbeans.MBeanUtils;0;0;0;1.0000;168;12;6;1;0;1.0000;853;61;5
org.apache.catalina.deploy.WebXml.merge(Set<WebXml>);org.apache.juli.logging.Log;3;11;30;0.4853;1446;42;41;1;0;0.9811;18;18;0
org.apache.catalina.mbeans.MBeanFactory.createStandardServiceEngine(String, String, String);org.apache.catalina.Server;0;0;0;0;0;0;0;0;0;0;0;0;0
org.apache.catalina.ha.session.DeltaSession.readObject(ObjectInput);org.apache.catalina.ha.session.SerializablePrincipal;1;0;3;0.9846;379;41;7;1;0;1.0000;84;9;7
org.apache.coyote.ajp.AjpProcessor.asyncDispatch(SocketStatus);org.apache.coyote.Constants;0;0;0;0;0;0;0;0;0;0;0;0;0
org.apache.catalina.tribes.transport.bio.BioReceiver.listen();org.apache.catalina.tribes.transport.AbstractRxTask;1;0;2;0.9630;94;7;2;0;1;0.9600;37;1;6
org.apache.catalina.tribes.transport.bio.BioReplicationTask.execute(ObjectReader);org.apache.catalina.tribes.io.ChannelData;1;1;1;0.9444;92;6;3;2;0;1.0000;165;14;7
org.apache.catalina.tribes.group.interceptors.FragmentationInterceptor.messageReceived(ChannelMessage);org.apache.catalina.tribes.ChannelMessage;1;1;0;0.9333;96;7;5;1;0;0.9375;11;11;0
org.apache.catalina.tribes.group.interceptors.TcpPingInterceptor.messageReceived(ChannelMessage);org.apache.juli.logging.Log;1;0;2;1.0000;78;6;10;2;0;0.9167;18;18;0
org.apache.catalina.tribes.tipis.AbstractReplicatedMap.broadcast(int, boolean);org.apache.catalina.tribes.group.Response;2;2;5;0.9000;740;50;17;0;2;0.8667;18;0;2
org.apache.catalina.connector.Request.getRealPath(String);org.apache.catalina.Context;0;0;1;0.9942;1084;128;51;1;0;0.9921;125;125;1
org.apache.catalina.core.StandardHostValve.status(Request, Response);org.apache.juli.logging.Log;3;1;0;0.9500;149;7;3;1;0;0.9697;18;18;0
org.apache.coyote.ajp.AjpProtocol.AjpConnectionHandler.process(SocketWrapper<Socket>, SocketStatus);org.apache.coyote.ajp.AjpProcessor;0;0;0;0;0;0;0;0;0;0;0;0;0
org.apache.tomcat.util.digester.Digester.peekParams(int);org.apache.juli.logging.Log;0;0;2;0.9851;849;103;29;1;0;0.9524;18;18;0
org.apache.tomcat.util.net.NioBlockingSelector.write(ByteBuffer, NioChannel, long, MutableInteger);org.apache.tomcat.util.net.NioChannel;4;0;1;0.9474;111;4;4;1;2;0.9032;83;15;5
org.apache.tomcat.util.bcel.classfile.Utility.codeToString(ByteSequence, ConstantPool, boolean);org.apache.tomcat.util.bcel.classfile.ConstantPool;0;0;0;0;0;0;0;0;0;0;0;0;0
org.apache.el.lang.ELSupport.coerceToNumber(Number, Class<?>);org.apache.el.util.MessageFactory;0;0;0;1.0000;351;22;1;1;0;1.0000;24;7;1
org.apache.jasper.compiler.TldLocationsCache.init();org.apache.tomcat.JarScanner;0;0;0;0;0;0;0;0;0;0;0;0;0
org.apache.coyote.ajp.AjpAprProcessor.action(ActionCode, Object);org.apache.tomcat.util.net.AprEndpoint;6;3;13;0.7636;616;13;30;0;0;1.0000;629;27;59
org.apache.catalina.tribes.group.ChannelCoordinator.messageReceived(ChannelMessage);org.apache.catalina.tribes.Member;1;0;0;1.0000;164;15;5;1;0;0.9444;13;13;1
org.apache.catalina.connector.Response.isEncodeable(String);org.apache.catalina.connector.Request;0;1;1;0.9778;578;70;19;3;0;0.9829;1084;128;51
org.apache.jasper.compiler.Parser.parseName();org.apache.jasper.compiler.JspReader;0;0;1;0.9848;1203;56;14;2;0;0.9459;322;25;9
org.apache.catalina.connector.Connector.destroyInternal();org.apache.catalina.Service;0;0;0;0;0;0;0;0;0;0;0;0;0
org.apache.tomcat.util.net.NioEndpoint.init();org.apache.tomcat.util.net.jsse.JSSESocketFactory;0;2;22;0.7576;629;43;64;0;0;1.0000;433;21;15
org.apache.coyote.RequestInfo.getProtocol();org.apache.coyote.Request;1;0;1;0.9643;134;13;14;0;1;0.9815;219;17;34
org.apache.catalina.ha.session.DeltaSession.setPrincipal(Principal, boolean);org.apache.catalina.ha.session.DeltaRequest;0;2;1;0.9388;379;41;7;1;0;0.9600;179;15;15
org.apache.catalina.core.NamingContextListener.removeService(String);org.apache.juli.logging.Log;1;0;3;0.9375;745;23;11;1;0;0.9500;18;18;0
org.apache.catalina.connector.Response.setContentType(String);org.apache.coyote.Response;0;1;4;0.9432;578;70;19;1;0;0.9762;250;19;18
org.apache.catalina.startup.ContextConfig.FragmentJarScannerCallback.scan(File);org.apache.catalina.deploy.WebXml;0;0;0;0;0;0;0;0;0;0;0;0;0
org.apache.coyote.Request.contentType();org.apache.tomcat.util.http.MimeHeaders;0;0;2;0.9615;219;17;34;1;0;0.9565;129;18;3
org.apache.tomcat.util.http.fileupload.DiskFileItem.getInputStream();org.apache.tomcat.util.http.fileupload.DeferredFileOutputStream;0;0;0;0;0;0;0;0;0;0;0;0;0
org.apache.jasper.compiler.Collector.CollectVisitor.visit(Node.NamedAttribute);org.apache.jasper.compiler.Node.NamedAttribute;2;0;0;1.0000;114;15;6;0;1;0.9091;65;3;6
org.apache.tomcat.util.buf.WriteConvertor.recycle();org.apache.tomcat.util.buf.IntermediateOutputStream;0;1;1;0.7143;22;4;1;2;0;0.8000;25;6;2
org.apache.coyote.http11.InternalAprInputBuffer.doRead(ByteChunk, Request);org.apache.coyote.http11.InputFilter;0;0;3;0.8966;358;13;15;1;0;0.9091;7;7;0
org.apache.catalina.connector.CoyoteAdapter.postParseRequest(org.apache.coyote.Request, Request, org.apache.coyote.Response, Response);org.apache.catalina.connector.Connector;11;4;2;0.9571;505;11;8;6;1;0.9527;455;59;40
org.apache.jasper.compiler.Generator.GenerateVisitor.visit(Node.ELExpression);org.apache.jasper.compiler.ServletWriter;6;0;2;0.9714;1737;45;16;1;1;0.9259;65;13;6
org.apache.catalina.core.ApplicationContext.getFilterRegistrations();org.apache.catalina.core.StandardContext;0;0;0;0;0;0;0;0;0;0;0;0;0
org.apache.catalina.ha.tcp.ReplicationValve.sendInvalidSessions(ClusterManager, CatalinaCluster);org.apache.juli.logging.Log;1;1;2;0.9697;283;17;17;1;0;0.9500;18;18;0
org.apache.catalina.connector.Response.finishResponse();org.apache.catalina.connector.OutputBuffer;0;0;1;0.9886;578;70;19;1;0;0.9756;207;25;15
org.apache.catalina.connector.CoyoteAdapter.asyncDispatch(org.apache.coyote.Request, org.apache.coyote.Response, SocketStatus);org.apache.catalina.Container;0;0;0;0;0;0;0;0;0;0;0;0;0
org.apache.jasper.JspC.setValidateXml(boolean);org.apache.jasper.xmlparser.ParserUtils;1;0;0;1.0000;840;35;81;0;1;1.0000;58;3;3
org.apache.catalina.mbeans.MBeanFactory.removeService(String);org.apache.catalina.Server;1;0;0;1.0000;432;35;2;2;0;0.8667;15;15;0
org.apache.tomcat.util.http.Parameters.recycle();org.apache.tomcat.util.buf.MessageBytes;1;0;6;0.8462;363;23;19;1;0;0.9796;402;31;17
org.apache.catalina.tribes.group.interceptors.TcpFailureDetector.memberDisappeared(Member);org.apache.juli.logging.Log;1;2;3;0.8462;227;15;10;2;0;0.9200;18;18;0
org.apache.catalina.ha.authenticator.ClusterSingleSignOnListener.messageReceived(ClusterMessage);org.apache.juli.logging.Log;1;1;1;0.9000;82;4;2;2;0;0.9394;18;18;0
org.apache.catalina.session.JDBCStore.getConnection();org.apache.juli.logging.Log;1;2;1;0.9508;495;34;23;2;0;0.9231;18;18;0
org.apache.coyote.http11.Http11Processor.prepareResponse();org.apache.coyote.Response;5;2;11;0.8500;847;26;37;1;4;0.9219;250;19;18
org.apache.catalina.core.ApplicationFilterConfig.unregisterJMX();org.apache.juli.logging.Log;0;0;0;0;0;0;0;0;0;0;0;0;0
org.apache.coyote.http11.Http11AprProtocol.getSSLVerifyClient();org.apache.tomcat.util.net.AprEndpoint;1;0;1;0.9901;387;76;26;0;1;0.9875;629;27;59
org.apache.catalina.connector.MapperListener.findDefaultHost();org.apache.tomcat.util.http.mapper.Mapper;0;0;0;0;0;0;0;0;0;0;0;0;0
org.apache.jasper.compiler.Parser.parseElementsScriptless(Node);org.apache.jasper.compiler.ErrorDispatcher;0;9;4;0.8060;1203;56;14;1;0;0.9722;158;22;2
org.apache.catalina.mbeans.NamingResourcesMBean.addResourceLink(String, String);org.apache.tomcat.util.modeler.Registry;1;0;1;0.9444;138;9;2;1;0;0.9796;446;36;10
org.apache.catalina.tribes.group.interceptors.TcpFailureDetector.memberAlive(Member, byte[], boolean, boolean, long, long, int);org.apache.catalina.tribes.Channel;3;0;1;1.0000;227;15;10;0;2;1.0000;15;15;13
org.apache.coyote.ajp.AjpAprProcessor.prepareRequest();org.apache.coyote.Adapter;7;1;8;0.8831;616;13;30;0;0;1.0000;2;2;0
org.apache.naming.resources.FileDirContext.list(File);org.apache.naming.NamingEntry;1;2;3;0.8824;229;25;6;0;1;1.0000;16;2;7
org.apache.catalina.connector.RequestFacade.getContentLength();org.apache.catalina.connector.Request;1;0;2;0.9865;462;73;2;1;0;0.9943;1084;128;51
org.apache.coyote.http11.InternalNioOutputBuffer.flushBuffer();org.apache.tomcat.util.net.SecureNioChannel.ApplicationBufferHandler;3;1;1;0.9574;294;26;16;1;0;0.8889;3;3;0
org.apache.catalina.tribes.group.interceptors.TcpFailureDetector.messageReceived(ChannelMessage);org.apache.catalina.tribes.ChannelMessage;1;0;2;1.0000;227;15;10;2;0;0.8824;11;11;0
org.apache.naming.resources.DirContextURLConnection.getInputStream();org.apache.naming.resources.Resource;0;1;2;0.8421;184;11;7;1;0;0.8889;23;1;2
org.apache.catalina.core.StandardWrapper.initServlet(Servlet);org.apache.catalina.InstanceEvent;0;0;0;0;0;0;0;0;0;0;0;0;0
org.apache.coyote.http11.Http11Processor.parseHost(MessageBytes);org.apache.tomcat.util.buf.ByteChunk;5;0;6;0.9143;847;26;37;2;1;0.9500;425;43;10
org.apache.tomcat.util.bcel.classfile.Utility.accessToString(int, boolean);org.apache.tomcat.util.bcel.Constants;0;0;0;0;0;0;0;0;0;0;0;0;0
org.apache.el.parser.ELParser.String();org.apache.el.parser.AstString;3;1;1;0.9854;2195;111;22;1;0;0.9231;35;4;1
org.apache.catalina.core.ApplicationContextFacade.getFilterRegistration(String);org.apache.catalina.security.SecurityUtil;0;0;0;0;0;0;0;0;0;0;0;0;0
org.apache.catalina.core.ApplicationContextFacade.getEffectiveMajorVersion();org.apache.catalina.security.SecurityUtil;0;0;0;0;0;0;0;0;0;0;0;0;0
org.apache.coyote.http11.Http11NioProcessor.asyncDispatch(SocketStatus);org.apache.coyote.Adapter;0;0;0;0;0;0;0;0;0;0;0;0;0
org.apache.catalina.startup.Embedded.addAuthenticator(Authenticator, String);org.apache.tomcat.util.res.StringManager;1;0;2;0.9767;372;34;11;0;0;1.0000;36;3;3
org.apache.el.parser.ELParser.jj_3R_34();org.apache.el.parser.ELParserConstants;1;2;0;0.9848;2195;111;22;0;1;0.9831;0;0;57
org.apache.catalina.startup.EngineConfig.lifecycleEvent(LifecycleEvent);org.apache.juli.logging.Log;2;2;3;0.5000;17;3;3;1;0;0.9565;18;18;0
org.apache.el.parser.ELParser.DeferredExpression();org.apache.el.parser.ELParserConstants;2;2;1;0.9783;2195;111;22;0;2;0.9692;0;0;57
org.apache.coyote.http11.Http11Protocol.Http11ConnectionHandler.process(SocketWrapper<Socket>, SocketStatus);org.apache.coyote.http11.Http11Protocol;0;0;0;0;0;0;0;0;0;0;0;0;0
org.apache.catalina.session.ManagerBase.PrivilegedSetRandomFile.run();org.apache.catalina.session.ManagerBase;1;0;0;1.0000;27;1;0;0;3;0.9651;489;55;31
org.apache.catalina.connector.CoyoteAdapter.log(org.apache.coyote.Request, org.apache.coyote.Response, long);org.apache.catalina.Container;0;0;0;0;0;0;0;0;0;0;0;0;0
org.apache.tomcat.util.net.AprEndpoint.destroy();org.apache.tomcat.jni.Socket;0;1;6;0.9103;629;27;59;1;0;1.0000;37;37;34
org.apache.catalina.valves.ErrorReportValve.report(Request, Response, Throwable);org.apache.catalina.util.ServerInfo;2;1;1;0.9231;129;4;2;1;0;1.0000;19;4;3
org.apache.catalina.connector.MapperListener.findDefaultHost();org.apache.catalina.Service;0;0;0;0;0;0;0;0;0;0;0;0;0
org.apache.catalina.startup.UserConfig.deploy(String, String);org.apache.catalina.Container;1;0;5;0.8261;89;10;8;3;0;0.9302;34;34;6
org.apache.catalina.tribes.group.interceptors.MessageDispatchInterceptor.sendAsyncData(LinkObject);org.apache.juli.logging.Log;2;1;1;0.9688;138;12;8;3;0;0.8966;18;18;0
org.apache.catalina.mbeans.MBeanFactory.removeContext(String);org.apache.juli.logging.Log;0;2;2;0.9524;432;35;2;2;0;0.9200;18;18;0
org.apache.coyote.http11.Http11NioProtocol.Http11ConnectionHandler.release(SocketChannel);org.apache.coyote.http11.Http11NioProtocol;2;1;1;0.8750;166;8;6;0;1;1.0000;448;96;26
org.apache.tomcat.util.bcel.classfile.InnerClass.toString(ConstantPool);org.apache.tomcat.util.bcel.Constants;0;0;0;0;0;0;0;0;0;0;0;0;0
org.apache.catalina.startup.WebAnnotationSet.loadApplicationFilterAnnotations(Context);org.apache.catalina.Context;0;1;0;1.0000;125;6;0;1;0;0.9921;125;125;1
org.apache.catalina.authenticator.DigestAuthenticator.setAuthenticateHeader(HttpServletRequest, HttpServletResponse, LoginConfig, String);org.apache.catalina.util.MD5Encoder;0;0;0;0;0;0;0;0;0;0;0;0;0
org.apache.catalina.realm.CombinedRealm.stopInternal();org.apache.catalina.Lifecycle;0;0;0;0;0;0;0;0;0;0;0;0;0
org.apache.jasper.compiler.JspDocumentParser.getTaglibInfo(String, String);org.apache.jasper.JspCompilationContext;2;0;4;0.9130;649;28;20;1;1;0.9701;420;31;31
org.apache.tomcat.util.modeler.BaseModelMBean.getMBeanInfo();org.apache.tomcat.util.modeler.ManagedBean;0;0;1;0.9706;284;28;9;1;0;0.9714;252;23;13
org.apache.tomcat.util.net.NioSelectorPool.write(ByteBuffer, NioChannel, Selector, long, boolean, MutableInteger);org.apache.tomcat.util.MutableInteger;2;0;2;0.9545;182;9;12;0;1;0.8333;11;0;1
org.apache.catalina.connector.CoyoteAdapter.log(org.apache.coyote.Request, org.apache.coyote.Response, long);org.apache.coyote.Request;0;0;0;0;0;0;0;0;0;0;0;0;0
org.apache.catalina.tribes.group.GroupChannel.send(Member[], Serializable, int, ErrorHandler);org.apache.catalina.tribes.ByteMessage;5;1;0;0.9783;268;24;8;0;1;0.9444;20;2;1
org.apache.catalina.servlets.WebdavServlet.doMkcol(HttpServletRequest, HttpServletResponse);org.apache.naming.resources.ProxyDirContext;1;4;1;0.8649;1460;29;23;2;0;0.9765;469;64;15
org.apache.catalina.connector.RequestFacade.getHeaderNames();org.apache.catalina.connector.Request;2;0;2;0.9865;462;73;2;1;0;0.9943;1084;128;51
org.apache.coyote.http11.filters.ChunkedInputFilter.readBytes();org.apache.tomcat.util.buf.ByteChunk;1;0;5;0.7368;128;9;10;1;1;0.9623;425;43;10
org.apache.tomcat.util.modeler.modules.MbeansDescriptorsDigesterSource.execute();org.apache.tomcat.util.digester.Digester;0;1;4;0.8182;77;3;7;3;0;0.9781;849;103;29
org.apache.coyote.Request.recycle();org.apache.tomcat.util.buf.MessageBytes;0;0;23;0.5818;219;17;34;1;0;0.9855;402;31;17
org.apache.catalina.realm.JNDIRealm.getDistinguishedName(DirContext, String, SearchResult);org.apache.juli.logging.Log;0;0;0;1.0000;728;44;31;2;0;0.8947;18;18;0
org.apache.jasper.compiler.Generator.GenerateVisitor.getTagHandlerInfo(Node.CustomTag);org.apache.jasper.compiler.Generator;3;0;1;0.9844;1737;45;16;0;1;0.9756;781;28;16
org.apache.catalina.ha.authenticator.ClusterSingleSignOn.deregister(String);org.apache.juli.logging.Log;1;1;2;0.8750;149;16;4;2;0;0.9200;18;18;0
org.apache.coyote.http11.Http11Processor.endRequest();org.apache.tomcat.util.res.StringManager;0;0;0;0;0;0;0;0;0;0;0;0;0
org.apache.catalina.loader.WebappLoader.setPermissions();org.apache.catalina.Context;1;0;2;0.9661;548;39;19;1;0;0.9923;125;125;1
org.apache.coyote.http11.Http11Processor.process(SocketWrapper<Socket>);org.apache.tomcat.util.net.AbstractEndpoint;0;0;0;0;0;0;0;0;0;0;0;0;0
org.apache.catalina.connector.ResponseFacade.getHeader(String);org.apache.catalina.connector.Response;0;0;1;0.9756;224;40;2;1;0;0.9888;578;70;19
org.apache.catalina.ha.session.JvmRouteBinderValve.sendSessionIDClusterBackup(ClusterManager, Request, String, String);org.apache.catalina.ha.session.SessionIDMessage;1;0;1;0.9688;200;15;9;0;4;0.7333;45;2;5
org.apache.catalina.tribes.transport.RxTaskPool.configureTask(AbstractRxTask);org.apache.catalina.tribes.transport.AbstractRxTask;1;0;0;1.0000;89;5;7;0;1;0.8333;37;1;6
org.apache.catalina.core.StandardContext.removeApplicationParameter(String);org.apache.catalina.deploy.ApplicationParameter;0;0;2;0.9935;2385;204;107;1;0;0.9167;39;5;4
org.apache.catalina.connector.RequestFacade.getPart(String);org.apache.catalina.connector.Request;0;0;1;0.9865;462;73;2;1;0;0.9943;1084;128;51
org.apache.jasper.xmlparser.XMLEncodingDetector.scanPseudoAttribute(boolean, XMLString);org.apache.jasper.xmlparser.XMLString;0;8;2;0.8039;798;23;29;1;0;0.9615;52;6;3
org.apache.jasper.compiler.Generator.GenerateVisitor.evaluateAttribute(TagHandlerInfo, Node.JspAttribute, Node.CustomTag, String);org.apache.jasper.compiler.JspUtil;5;3;2;0.9518;1737;45;16;1;0;1.0000;693;44;8
org.apache.jasper.compiler.PageDataImpl.SecondPassVisitor.visit(Node.Root);org.apache.jasper.compiler.Node.Root;1;2;2;0.9184;307;41;6;0;1;0.9375;56;2;8
org.apache.tomcat.util.net.AprEndpoint.Sendfile.add(SendfileData);org.apache.tomcat.jni.File;4;0;1;0.9500;187;5;6;1;3;1.0000;42;42;69
org.apache.tomcat.util.modeler.ManagedBean.getMBeanInfo();org.apache.tomcat.util.modeler.NotificationInfo;0;5;1;0.8333;252;23;13;1;0;0.9375;36;6;3
org.apache.catalina.core.JasperListener.lifecycleEvent(LifecycleEvent);org.apache.catalina.LifecycleEvent;1;0;1;1.0000;10;1;2;1;0;0.8889;18;3;3
org.apache.catalina.core.ApplicationContextFacade.getContextPath();org.apache.catalina.security.SecurityUtil;0;1;1;0.9600;426;46;3;1;0;1.0000;146;11;17
org.apache.jasper.tagplugins.jstl.core.Redirect.doTag(TagPluginContext);org.apache.jasper.compiler.tagplugin.TagPluginContext;0;0;0;1.0000;31;1;0;5;0;0.6429;14;14;0
org.apache.catalina.connector.Response.toAbsolute(String);org.apache.catalina.security.SecurityUtil;0;1;3;0.9583;578;70;19;1;0;1.0000;146;11;17
org.apache.catalina.startup.ContextConfig.processContextConfig(URL);org.apache.catalina.startup.XmlErrorHandler;0;0;0;0;0;0;0;0;0;0;0;0;0
org.apache.catalina.connector.CoyoteAdapter.event(org.apache.coyote.Request, org.apache.coyote.Response, SocketStatus);org.apache.catalina.Valve;8;0;4;0.9375;505;11;8;1;0;0.9655;6;6;0
org.apache.jasper.compiler.Generator.GenerateVisitor.restoreScriptingVars(Node.CustomTag, int);org.apache.jasper.compiler.ServletWriter;1;0;1;0.9853;1737;45;16;3;0;0.8696;65;13;6
org.apache.catalina.deploy.NamingResources.addEnvironment(ContextEnvironment);org.apache.catalina.deploy.ContextResourceLink;2;4;3;0.8679;332;35;12;1;0;0.9375;27;2;2
org.apache.naming.SelectorContext.parseName(Name);org.apache.naming.StringManager;0;0;3;0.9429;146;31;6;1;0;0.9000;65;7;2
org.apache.coyote.ajp.AjpAprProtocol.AjpConnectionHandler.asyncDispatch(long, SocketStatus);org.apache.coyote.ajp.AjpAprProcessor;0;0;0;0;0;0;0;0;0;0;0;0;0
org.apache.catalina.tribes.transport.bio.BioSender.disconnect();org.apache.juli.logging.Log;0;1;2;0.9474;148;9;7;2;0;0.9130;18;18;0
org.apache.catalina.startup.Embedded.addEngine(Engine);org.apache.catalina.Container;0;0;3;0.9592;372;34;11;1;0;0.9756;34;34;6
org.apache.catalina.core.StandardContext.resourcesStart();org.apache.naming.resources.BaseDirContext;4;3;8;0.9690;2385;204;107;2;3;0.9425;167;58;8
org.apache.catalina.tribes.transport.bio.BioReceiver.listen();org.apache.juli.logging.Log;1;0;2;0.9630;94;7;2;2;0;0.9444;18;18;0
org.apache.el.parser.AstFunction.getValue(EvaluationContext);org.apache.el.lang.EvaluationContext;1;1;2;0.7000;73;4;2;0;1;0.9412;35;7;3
org.apache.catalina.manager.host.HostManagerServlet.list(PrintWriter);org.apache.catalina.Host;1;0;3;0.9130;301;13;8;2;0;0.9167;20;20;2
org.apache.tomcat.util.net.AprEndpoint.Poller.run();org.apache.tomcat.util.res.StringManager;4;2;6;0.5789;168;4;7;1;0;0.9524;36;3;3
org.apache.tomcat.util.net.AprEndpoint.Acceptor.run();org.apache.juli.logging.Log;1;0;0;1.0000;20;1;0;1;0;0.9565;18;18;0
org.apache.catalina.session.StandardSession.activate();org.apache.tomcat.util.res.StringManager;2;3;5;0.9241;558;58;26;0;0;1.0000;36;3;3
org.apache.catalina.connector.Request.getUserPrincipal();org.apache.catalina.realm.GenericPrincipal;0;0;1;0.9942;1084;128;51;1;0;0.9375;56;7;5
org.apache.tomcat.util.http.HttpMessages.getMessage(int);org.apache.tomcat.util.res.StringManager;0;0;5;1.0000;42;2;5;1;0;0.8000;36;3;3
org.apache.coyote.http11.Http11AprProtocol.Http11ConnectionHandler.process(long);org.apache.tomcat.util.res.StringManager;3;1;3;0.7647;119;5;5;1;0;0.9375;36;3;3
org.apache.coyote.http11.InternalInputBuffer.parseRequestLine(boolean);org.apache.tomcat.util.buf.MessageBytes;0;0;0;0;0;0;0;0;0;0;0;0;0
org.apache.catalina.session.ManagerBase.getThisAccessedTime(String);org.apache.juli.logging.Log;0;0;2;0.9762;489;55;31;2;0;0.9048;18;18;0
org.apache.coyote.http11.Http11AprProtocol.setSSLCertificateFile(String);org.apache.tomcat.util.net.AprEndpoint;1;0;1;0.9901;387;76;26;0;1;0.9875;629;27;59
org.apache.catalina.tribes.transport.bio.BioSender.waitForAck();org.apache.catalina.tribes.transport.Constants;1;0;5;0.9000;148;9;7;0;3;1.0000;0;0;5
org.apache.coyote.http11.Http11AprProtocol.setPollTime(int);org.apache.tomcat.util.net.AprEndpoint;0;0;1;0.9901;387;76;26;1;0;0.9875;629;27;59
org.apache.jasper.compiler.Parser.parseNamedAttributes(Node);org.apache.jasper.compiler.Node.Nodes;3;3;2;0.9315;1203;56;14;2;0;0.9091;43;5;3
org.apache.catalina.connector.Request.getReader();org.apache.tomcat.util.res.StringManager;1;0;5;0.9769;1084;128;51;0;0;1.0000;36;3;3
org.apache.catalina.core.StandardHostValve.invoke(Request, Response);org.apache.catalina.connector.Response;2;2;1;0.8667;149;7;3;2;0;0.9796;578;70;19
org.apache.jasper.compiler.Parser.parseTaglibDirective(Node);org.apache.jasper.Options;4;1;6;0.9114;1203;56;14;2;0;0.9583;28;28;0
org.apache.catalina.authenticator.AuthenticatorBase.invoke(Request, Response);org.apache.catalina.Realm;2;1;6;0.9074;286;20;18;3;0;0.9231;14;14;0
org.apache.jasper.compiler.Generator.DeclarationVisitor.visit(Node.CustomTag);org.apache.jasper.compiler.Node.Nodes;1;0;0;1.0000;36;3;1;1;0;0.9286;43;5;3
org.apache.tomcat.util.http.ServerCookie.maybeQuote(StringBuffer, String);org.apache.tomcat.util.http.CookieSupport;0;0;0;0;0;0;0;0;0;0;0;0;0
org.apache.tomcat.util.net.AbstractEndpoint.setMaxThreads(int);org.apache.tomcat.util.threads.ResizableExecutor;0;0;0;0;0;0;0;0;0;0;0;0;0
org.apache.jasper.compiler.Generator.GenerateVisitor.visit(Node.AttributeGenerator);org.apache.jasper.compiler.Node.JspAttribute;4;0;1;0.9846;1737;45;16;0;1;0.9583;107;7;10
org.apache.catalina.ssi.SSIServlet.requestHandler(HttpServletRequest, HttpServletResponse);org.apache.catalina.Globals;1;1;4;0.5000;80;5;6;0;1;1.0000;0;0;39
org.apache.coyote.http11.Http11NioProcessor.process(NioChannel);org.apache.juli.logging.Log;11;4;16;0.8182;954;28;38;3;0;0.9559;18;18;0
org.apache.tomcat.util.bcel.classfile.ConstantPool.constantToString(Constant);org.apache.tomcat.util.bcel.classfile.ConstantClass;0;0;0;0;0;0;0;0;0;0;0;0;0
org.apache.tomcat.util.modeler.modules.MbeansSource.processAttribute(MBeanServer, Node, String);org.apache.tomcat.util.modeler.Registry;0;0;2;0.9583;198;11;10;2;0;0.9574;446;36;10
org.apache.jasper.compiler.Parser.parseJspAttributeAndBody(Node, String, String);org.apache.jasper.compiler.JspReader;0;2;2;0.9420;1203;56;14;4;0;0.9024;322;25;9
org.apache.catalina.session.PersistentManagerBase.PrivilegedStoreClear.run();org.apache.catalina.session.PersistentManagerBase;1;0;0;1.0000;6;1;0;0;1;0.9773;420;33;13
org.apache.catalina.connector.Response.getContentType();org.apache.coyote.Response;0;0;1;0.9886;578;70;19;1;0;0.9737;250;19;18
org.apache.catalina.core.StandardServer.setGlobalNamingResources(NamingResources);org.apache.catalina.deploy.NamingResources;1;0;2;0.9608;331;32;21;0;1;0.9800;332;35;12
org.apache.catalina.core.ApplicationFilterConfig.release();org.apache.catalina.Context;2;0;2;0.8947;121;10;5;1;0;0.9924;125;125;1
org.apache.tomcat.util.bcel.classfile.Constant.readConstant(DataInputStream);org.apache.tomcat.util.bcel.Constants;0;0;0;0;0;0;0;0;0;0;0;0;0
org.apache.coyote.http11.InternalNioOutputBuffer.flushBuffer();org.apache.tomcat.util.net.NioChannel;3;1;1;0.9574;294;26;16;0;3;0.8750;83;15;5
org.apache.catalina.authenticator.SSLAuthenticator.authenticate(Request, HttpServletResponse, LoginConfig);org.apache.juli.logging.Log;4;0;0;1.0000;37;4;1;2;0;0.9355;18;18;0
org.apache.catalina.tribes.group.ChannelCoordinator.setClusterReceiver(ChannelReceiver);org.apache.catalina.tribes.ChannelReceiver;0;0;1;0.9545;164;15;5;1;0;0.8889;8;8;1
org.apache.el.parser.ELParser.Math();org.apache.el.parser.JJTELParserState;2;3;4;0.9496;2195;111;22;4;0;0.8519;74;10;5
org.apache.catalina.core.StandardHost.getObjectNameKeyProperties();org.apache.catalina.mbeans.MBeanUtils;0;0;0;0;0;0;0;0;0;0;0;0;0
org.apache.coyote.ajp.AjpAprProtocol.setAttribute(String, Object);org.apache.juli.logging.Log;1;0;3;0.9818;219;40;15;2;0;0.8947;18;18;0
org.apache.catalina.startup.Tomcat.addContext(Host, String, String);org.apache.catalina.Lifecycle;0;0;0;0;0;0;0;0;0;0;0;0;0
org.apache.tomcat.util.http.fileupload.FileUploadBase.FileItemIteratorImpl.findNextItem();org.apache.tomcat.util.http.fileupload.MultipartStream;0;0;0;0;0;0;0;0;0;0;0;0;0
org.apache.catalina.connector.ResponseFacade.sendRedirect(String);org.apache.catalina.connector.Response;1;1;1;0.9524;224;40;2;1;1;0.9778;578;70;19
org.apache.catalina.core.StandardWrapper.addMapping(String);org.apache.catalina.Wrapper;0;0;1;0.9902;712;75;32;0;0;1.0000;32;32;0
org.apache.tomcat.util.http.fileupload.DiskFileItemFactory.createItem(String, String, boolean, String);org.apache.tomcat.util.http.fileupload.FileCleaningTracker;0;0;0;0;0;0;0;0;0;0;0;0;0
org.apache.catalina.ha.session.JvmRouteBinderValve.sendSessionIDClusterBackup(ClusterManager, Request, String, String);org.apache.catalina.Context;1;0;1;0.9688;200;15;9;1;0;0.9926;125;125;1
org.apache.tomcat.util.net.NioBlockingSelector.BlockPoller.run();org.apache.tomcat.util.net.SocketWrapper;0;0;0;0;0;0;0;0;0;0;0;0;0
org.apache.catalina.connector.RequestFacade.getParameterNames();org.apache.tomcat.util.res.StringManager;2;0;2;0.9865;462;73;2;0;0;1.0000;36;3;3
org.apache.catalina.loader.WebappClassLoader.modified();org.apache.juli.logging.Log;0;0;6;0.9324;1193;44;30;4;0;0.8333;18;18;0
org.apache.catalina.connector.InputBuffer.available();org.apache.tomcat.util.buf.CharChunk;2;0;6;0.8421;210;19;17;1;0;0.9825;393;39;8
org.apache.catalina.tribes.group.GroupChannel.send(Member[], Serializable, int, ErrorHandler);org.apache.catalina.tribes.Channel;5;1;0;0.9783;268;24;8;0;1;1.0000;15;15;13
org.apache.catalina.connector.ResponseFacade.reset();org.apache.catalina.connector.Response;0;1;1;0.9512;224;40;2;1;0;0.9889;578;70;19
org.apache.catalina.startup.UserConfig.stop();org.apache.tomcat.util.res.StringManager;1;0;2;0.9444;89;10;8;0;0;1.0000;36;3;3
org.apache.el.MethodExpressionImpl.writeExternal(ObjectOutput);org.apache.el.util.ReflectionUtil;0;0;5;0.6667;56;8;6;1;0;1.0000;87;7;3
org.apache.tomcat.util.modeler.modules.MbeansDescriptorsIntrospectionSource.execute();org.apache.tomcat.util.modeler.Registry;0;1;4;0.6923;194;7;10;2;0;0.9792;446;36;10
org.apache.coyote.ajp.AjpAprProtocol.setPollerSize(int);org.apache.tomcat.util.net.AprEndpoint;1;0;1;0.9815;219;40;15;0;1;0.9875;629;27;59
org.apache.el.MethodExpressionLiteral.readExternal(ObjectInput);org.apache.el.util.ReflectionUtil;0;0;3;0.7273;43;7;3;2;0;1.0000;87;7;3
org.apache.tomcat.util.modeler.Registry.findManagedBean(Object, Class<?>, String);org.apache.juli.logging.Log;0;4;1;0.9111;446;36;10;3;0;0.8696;18;18;0
org.apache.catalina.ha.session.SimpleTcpReplicationManager.readSession(byte[], String);org.apache.catalina.session.StandardSession;1;2;1;0.9630;362;17;17;2;0;0.9583;558;58;26
org.apache.tomcat.util.http.mapper.Mapper.findIgnoreCase(MapElement[], CharChunk);org.apache.tomcat.util.buf.CharChunk;1;1;0;1.0000;816;39;4;0;2;0.9583;393;39;8
org.apache.el.parser.ELParser.DynamicExpression();org.apache.el.parser.ELParserConstants;2;2;1;0.9783;2195;111;22;0;2;0.9692;0;0;57
org.apache.catalina.startup.WebAnnotationSet.loadApplicationServletAnnotations(Context);org.apache.catalina.Loader;0;1;0;1.0000;125;6;0;1;0;0.9444;14;14;0
org.apache.tomcat.util.bcel.classfile.InnerClass.toString(ConstantPool);org.apache.tomcat.util.bcel.classfile.ConstantUtf8;0;0;0;0;0;0;0;0;0;0;0;0;0
org.apache.catalina.core.StandardEngineValve.event(Request, Response, CometEvent);org.apache.catalina.Valve;0;0;0;1.0000;14;3;2;1;0;0.8889;6;6;0
org.apache.catalina.connector.ResponseFacade.isCommitted();org.apache.catalina.connector.Response;1;0;2;0.9756;224;40;2;1;0;0.9888;578;70;19
org.apache.catalina.connector.CoyoteAdapter.event(org.apache.coyote.Request, org.apache.coyote.Response, SocketStatus);org.apache.coyote.RequestInfo;8;0;4;0.9375;505;11;8;0;1;0.9800;134;13;14
org.apache.catalina.tribes.group.interceptors.TcpFailureDetector.memberAlive(Member, byte[], boolean, boolean, long, long, int);org.apache.catalina.tribes.Member;3;0;1;1.0000;227;15;10;3;1;0.8333;13;13;1
org.apache.coyote.ajp.AjpAprProcessor.asyncDispatch(long, SocketStatus);org.apache.coyote.Request;0;0;0;0;0;0;0;0;0;0;0;0;0
org.apache.catalina.authenticator.SingleSignOn.invoke(Request, Response);org.apache.catalina.Valve;2;1;1;0.9474;187;18;8;1;0;0.9545;6;6;0
org.apache.coyote.http11.InternalNioInputBuffer.parseRequestLine(boolean);org.apache.coyote.http11.Constants;2;2;11;0.7447;457;16;24;0;5;1.0000;0;0;44
org.apache.catalina.connector.RequestFacade.getIntHeader(String);org.apache.tomcat.util.res.StringManager;1;0;2;0.9865;462;73;2;0;0;1.0000;36;3;3
org.apache.catalina.users.MemoryUserDatabase.save();org.apache.tomcat.util.res.StringManager;1;5;5;0.7576;252;22;10;0;0;1.0000;36;3;3
org.apache.tomcat.util.net.jsse.JSSESocketFactory.getParameters(String, String, KeyStore);org.apache.tomcat.util.net.AbstractEndpoint;0;0;0;0;0;0;0;0;0;0;0;0;0
org.apache.tomcat.util.buf.MessageBytes.setBytes(byte[], int, int);org.apache.tomcat.util.buf.ByteChunk;0;0;7;0.8605;402;31;17;1;0;0.9811;425;43;10
org.apache.catalina.core.StandardWrapper.setProcessingTime(long);org.apache.catalina.core.StandardWrapperValve;1;0;1;0.9902;712;75;32;0;1;0.9000;341;4;6
org.apache.catalina.connector.CometEventImpl.close();org.apache.catalina.connector.Response;2;0;3;0.8462;54;6;5;1;0;0.9891;578;70;19
org.apache.tomcat.util.net.AprEndpoint.processSocket(long);org.apache.tomcat.util.res.StringManager;0;1;3;0.9753;629;27;59;1;0;0.8889;36;3;3
org.apache.jasper.compiler.ELNode.Root.accept(Visitor);org.apache.jasper.compiler.ELNode.Visitor;0;0;0;1.0000;13;1;2;1;0;0.7500;9;4;0
org.apache.jasper.compiler.Node.Root.accept(Visitor);org.apache.jasper.compiler.Node.Visitor;0;0;0;1.0000;56;2;8;1;0;0.9714;126;35;0
org.apache.coyote.http11.Http11NioProtocol.Http11ConnectionHandler.event(NioChannel, SocketStatus);org.apache.tomcat.util.res.StringManager;5;0;2;0.9200;166;8;6;1;0;0.9474;36;3;3
org.apache.jasper.compiler.Parser.parse(ParserController, JspReader, Node, boolean, boolean, JarResource, String, String, boolean, boolean);org.apache.jasper.compiler.JspReader;4;3;0;0.9600;1203;56;14;2;0;0.9574;322;25;9
org.apache.tomcat.util.scan.StandardJarScanner.scan(ServletContext, ClassLoader, JarScannerCallback, Set<String>);org.apache.juli.logging.Log;2;2;4;0.6667;119;3;6;3;0;0.8636;18;18;0
org.apache.catalina.core.StandardThreadExecutor.execute(Runnable, long, TimeUnit);org.apache.tomcat.util.threads.ThreadPoolExecutor;0;0;1;0.9630;121;16;10;1;0;0.9091;46;5;1
org.apache.catalina.session.StandardSession.expire(boolean);org.apache.catalina.realm.GenericPrincipal;2;5;7;0.8851;558;58;26;0;0;1.0000;56;7;5
org.apache.coyote.http11.Http11Protocol.Http11ConnectionHandler.register(Http11Processor);org.apache.tomcat.util.modeler.Registry;4;0;3;0.8235;91;4;4;2;0;0.9815;446;36;10
org.apache.catalina.core.StandardWrapperValve.invoke(Request, Response);org.apache.tomcat.util.res.StringManager;4;1;5;0.8780;341;4;6;0;0;1.0000;36;3;3
org.apache.catalina.ha.session.SimpleTcpReplicationManager.startInternal();org.apache.catalina.ha.session.SessionMessage;0;0;0;0;0;0;0;0;0;0;0;0;0
org.apache.coyote.http11.AbstractHttp11Protocol.setSessionCacheSize(String);org.apache.tomcat.util.net.AbstractEndpoint;0;0;0;0;0;0;0;0;0;0;0;0;0
org.apache.catalina.manager.host.HTMLHostManagerServlet.doGet(HttpServletRequest, HttpServletResponse);org.apache.catalina.manager.host.Constants;2;5;0;0.0000;194;6;7;0;1;1.0000;0;0;9
org.apache.catalina.realm.CombinedRealm.authenticate(String, String);org.apache.catalina.Realm;1;0;3;0.9375;143;12;3;2;0;0.8824;14;14;0
org.apache.catalina.mbeans.MBeanUtils.createObjectName(String, Connector);org.apache.tomcat.util.IntrospectionUtils;0;0;0;1.0000;853;61;5;1;0;1.0000;602;31;5
org.apache.el.parser.AstFunction.getType(EvaluationContext);org.apache.el.util.MessageFactory;1;1;2;0.5714;73;4;2;2;0;1.0000;24;7;1
org.apache.catalina.authenticator.AuthenticatorBase.invoke(Request, Response);org.apache.catalina.connector.Response;2;1;6;0.9074;286;20;18;1;0;0.9913;578;70;19
org.apache.coyote.http11.Http11Processor.endRequest();org.apache.coyote.Adapter;0;0;0;0;0;0;0;0;0;0;0;0;0
org.apache.jasper.compiler.Parser.parseXMLExpression(Node);org.apache.jasper.compiler.JspReader;0;1;3;0.9437;1203;56;14;6;0;0.8537;322;25;9
org.apache.catalina.startup.Catalina.start();org.apache.catalina.Lifecycle;0;3;4;0.7857;311;18;8;1;0;0.9333;5;5;9
org.apache.el.ValueExpressionLiteral.readExternal(ObjectInput);org.apache.el.util.ReflectionUtil;0;0;2;0.8571;51;11;3;1;0;1.0000;87;7;3
org.apache.jasper.compiler.PageDataImpl.SecondPassVisitor.appendPageDirective();org.apache.jasper.compiler.PageInfo;3;0;4;0.9184;307;41;6;0;1;0.9875;319;30;44
org.apache.catalina.mbeans.UserMBean.getGroups();org.apache.catalina.mbeans.MBeanUtils;0;0;1;0.9167;85;6;3;1;0;1.0000;853;61;5
org.apache.catalina.core.AsyncContextImpl.doInternalDispatch();org.apache.catalina.core.AsyncListenerWrapper;0;1;7;0.8125;244;21;12;1;0;0.9000;12;2;1
org.apache.catalina.tribes.group.interceptors.NonBlockingCoordinator.CoordinationEvent.toString();org.apache.catalina.tribes.util.Arrays;0;0;7;0.4167;59;2;20;1;0;1.0000;149;24;1
org.apache.catalina.tribes.membership.MemberImpl.isSuspect();org.apache.catalina.tribes.transport.SenderState;0;0;0;1.0000;300;29;19;2;0;0.8750;45;9;5
org.apache.catalina.authenticator.BasicAuthenticator.authenticate(Request, HttpServletResponse, LoginConfig);org.apache.catalina.Realm;0;0;0;0;0;0;0;0;0;0;0;0;0
org.apache.catalina.tribes.group.ChannelCoordinator.internalStart(int);org.apache.catalina.tribes.Channel;3;0;4;0.8750;164;15;5;0;5;1.0000;15;15;13
org.apache.catalina.connector.Request.parseParts();org.apache.coyote.Request;0;0;0;0;0;0;0;0;0;0;0;0;0
org.apache.catalina.util.LifecycleBase.start();org.apache.juli.logging.Log;0;0;0;0;0;0;0;0;0;0;0;0;0
org.apache.coyote.http11.Http11Processor.action(ActionCode, Object);org.apache.tomcat.util.res.StringManager;6;1;18;0.8068;847;26;37;1;0;0.9796;36;3;3
org.apache.jasper.compiler.Generator.FragmentHelperClass.generatePreamble();org.apache.jasper.compiler.ServletWriter;1;0;2;0.8571;132;6;4;4;0;0.8000;65;13;6
org.apache.catalina.startup.HostConfig.check();org.apache.catalina.Host;0;3;2;0.8936;755;35;15;1;0;0.9615;20;20;2
org.apache.jasper.servlet.JspServletWrapper.getDependants();org.apache.jasper.runtime.JspSourceDependent;0;1;4;0.8276;314;11;15;1;0;0.8571;1;1;0
org.apache.catalina.mbeans.ServerLifecycleListener.createMBeans(Server);org.apache.catalina.Server;0;2;1;0.9474;569;32;2;2;0;0.9048;15;15;0
org.apache.catalina.connector.RequestFacade.getUserPrincipal();org.apache.catalina.connector.Request;1;0;2;0.9865;462;73;2;1;0;0.9943;1084;128;51
org.apache.tomcat.util.bcel.classfile.Synthetic.toString();org.apache.tomcat.util.bcel.classfile.Utility;0;0;0;0;0;0;0;0;0;0;0;0;0
org.apache.catalina.ha.session.DeltaManager.sendSessions(Member, Session[], long);org.apache.catalina.ha.CatalinaCluster;2;1;5;0.9529;826;43;42;1;0;0.9643;20;20;1
org.apache.catalina.core.NamingContextListener.addResourceEnvRef(ContextResourceEnvRef);org.apache.juli.logging.Log;2;0;4;0.9474;745;23;11;3;0;0.8750;18;18;0
org.apache.catalina.connector.Request.parseLocalesHeader(String);org.apache.catalina.util.StringParser;0;2;1;0.9888;1084;128;51;6;0;0.7391;70;15;4
org.apache.jasper.compiler.Validator.ValidateVisitor.visit(Node.JspOutput);org.apache.jasper.compiler.PageInfo;2;0;3;0.9592;710;36;19;0;4;0.9506;319;30;44
org.apache.catalina.ha.session.BackupManager.startInternal();org.apache.catalina.tribes.tipis.AbstractReplicatedMap;0;0;0;0;0;0;0;0;0;0;0;0;0
org.apache.jasper.compiler.Parser.parseAttributeValue(String);org.apache.jasper.compiler.JspReader;0;1;2;0.9559;1203;56;14;3;0;0.9250;322;25;9
org.apache.jasper.compiler.TagFileProcessor.TagFileDirectiveVisitor.getTagInfo();org.apache.jasper.compiler.JspUtil;0;0;13;0.4583;213;8;24;1;0;1.0000;693;44;8
org.apache.catalina.core.StandardContext.setLoginConfig(LoginConfig);org.apache.juli.logging.Log;1;1;2;0.9937;2385;204;107;2;0;0.9200;18;18;0
org.apache.catalina.mbeans.MBeanUtils.createObjectName(String, ContextEnvironment);org.apache.catalina.Context;1;0;0;1.0000;853;61;5;1;0;0.9923;125;125;1
org.apache.jasper.compiler.Parser.parseDirective(Node);org.apache.jasper.compiler.ErrorDispatcher;0;6;5;0.8406;1203;56;14;2;0;0.9429;158;22;2
org.apache.tomcat.util.http.fileupload.FileCleaningTracker.Reaper.run();org.apache.tomcat.util.http.fileupload.FileCleaningTracker.Tracker;0;0;0;0;0;0;0;0;0;0;0;0;0
org.apache.coyote.Request.action(ActionCode, Object);org.apache.coyote.Response;1;0;2;0.9623;219;17;34;0;1;0.9750;250;19;18
org.apache.coyote.http11.Http11AprProtocol.setSSLCertificateKeyFile(String);org.apache.tomcat.util.net.AprEndpoint;1;0;1;0.9901;387;76;26;0;1;0.9875;629;27;59
org.apache.catalina.ha.session.BackupManager.getMapName();org.apache.catalina.ha.CatalinaCluster;0;0;3;0.9286;146;20;7;1;0;0.9600;20;20;1
org.apache.catalina.tribes.transport.nio.NioReceiver.createRxTask();org.apache.catalina.tribes.transport.nio.NioReplicationTask;2;0;0;1.0000;269;15;8;0;1;0.9412;197;7;5
org.apache.catalina.core.ApplicationHttpRequest.isRequestedSessionIdValid();org.apache.catalina.Manager;0;0;2;0.9565;325;29;17;1;0;0.9737;34;34;0
org.apache.jasper.compiler.Validator.ValidateVisitor.checkXmlAttributes(Node.CustomTag, Node.JspAttribute[], Hashtable<String,Object>);org.apache.jasper.compiler.Node.CustomTag;8;1;3;0.9344;710;36;19;0;2;0.9677;229;10;26
org.apache.catalina.ha.session.JvmRouteSessionIDBinderListener.stop();org.apache.catalina.ha.CatalinaCluster;0;0;1;0.9231;54;5;3;1;0;0.9630;20;20;1
org.apache.catalina.connector.RequestFacade.getMethod();org.apache.tomcat.util.res.StringManager;1;0;2;0.9865;462;73;2;0;0;1.0000;36;3;3
org.apache.el.parser.ELParser.jj_consume_token(int);org.apache.el.parser.ELParserTokenManager;1;1;7;0.9416;2195;111;22;1;0;0.9825;1035;33;25
org.apache.catalina.connector.Request.getLocalName();org.apache.tomcat.util.buf.MessageBytes;2;0;2;0.9886;1084;128;51;1;0;0.9787;402;31;17
org.apache.catalina.valves.AccessLogValve.RequestAttributeElement.addElement(StringBuilder, Date, Request, Response, long);org.apache.catalina.connector.Request;0;0;1;0.5000;23;1;1;1;0;0.9943;1084;128;51
org.apache.catalina.startup.Catalina.createStopDigester();org.apache.tomcat.util.digester.Digester;0;0;0;1.0000;311;18;8;3;0;0.9774;849;103;29
org.apache.tomcat.util.http.mapper.Mapper.internalMapExactWrapper(Wrapper[], CharChunk, MappingData);org.apache.tomcat.util.buf.CharChunk;1;1;0;1.0000;816;39;4;1;0;0.9815;393;39;8
org.apache.catalina.mbeans.MemoryUserDatabaseMBean.findUser(String);org.apache.catalina.mbeans.MBeanUtils;0;0;1;0.9524;168;12;6;1;0;1.0000;853;61;5
org.apache.catalina.core.AprLifecycleListener.lifecycleEvent(LifecycleEvent);org.apache.tomcat.util.res.StringManager;2;3;3;0.7500;127;6;10;0;0;1.0000;36;3;3
org.apache.catalina.core.StandardServer.storeContext(Context);org.apache.juli.logging.Log;0;0;2;0.9804;331;32;21;1;0;0.9474;18;18;0
org.apache.catalina.tribes.transport.nio.PooledParallelSender.sendMessage(Member[], ChannelMessage);org.apache.catalina.tribes.transport.nio.ParallelNioSender;0;1;1;0.8000;40;4;1;2;0;0.9048;246;12;4
org.apache.catalina.tribes.transport.bio.MultipointBioSender.sendMessage(Member[], ChannelMessage);org.apache.catalina.tribes.ChannelMessage;1;1;0;0.9286;93;9;2;1;0;0.9286;11;11;0
org.apache.catalina.startup.ContextConfig.getContextWebXmlSource();org.apache.tomcat.util.res.StringManager;0;0;0;0;0;0;0;0;0;0;0;0;0
org.apache.catalina.servlets.WebdavServlet.doUnlock(HttpServletRequest, HttpServletResponse);org.apache.catalina.servlets.WebdavStatus;1;2;3;0.8611;1460;29;23;0;3;1.0000;12;2;27
org.apache.catalina.connector.Response.setCoyoteResponse(org.apache.coyote.Response);org.apache.catalina.connector.OutputBuffer;1;0;2;0.9773;578;70;19;0;1;0.9762;207;25;15
org.apache.catalina.core.ApplicationDispatcher.invoke(ServletRequest, ServletResponse, State);org.apache.catalina.Loader;3;3;4;0.8462;419;14;10;1;0;0.9722;14;14;0
org.apache.catalina.realm.CombinedRealm.authenticate(String, String, String, String, String, String, String, String);org.apache.catalina.Realm;1;0;3;0.9375;143;12;3;2;0;0.8824;14;14;0
org.apache.catalina.startup.Catalina.stopServer(String[]);org.apache.tomcat.util.digester.Digester;3;2;2;0.9063;311;18;8;2;1;0.9789;849;103;29
org.apache.jasper.compiler.PageDataImpl.SecondPassVisitor.appendPageDirective(Node.PageDirective);org.apache.jasper.compiler.JspUtil;3;0;3;0.9400;307;41;6;1;0;1.0000;693;44;8
org.apache.catalina.ha.tcp.SimpleTcpCluster.memberAdded(Member);org.apache.catalina.tribes.Channel;0;0;6;0.9565;371;45;31;1;0;0.9545;15;15;13
org.apache.catalina.connector.Response.containsHeader(String);org.apache.coyote.Response;1;0;1;0.9889;578;70;19;2;1;0.9211;250;19;18
org.apache.catalina.session.StandardManager.doUnload();org.apache.juli.logging.Log;1;1;1;0.9394;328;19;8;3;0;0.8846;18;18;0
org.apache.coyote.http11.filters.SavedRequestInputFilter.doRead(ByteChunk, org.apache.coyote.Request);org.apache.tomcat.util.buf.ByteChunk;1;0;1;0.9231;34;7;1;2;4;0.8750;425;43;10
org.apache.catalina.tribes.transport.nio.NioReplicationTask.drainChannel(SelectionKey, ObjectReader);org.apache.catalina.tribes.transport.Constants;4;3;2;0.8667;197;7;5;0;2;1.0000;0;0;5
org.apache.jasper.compiler.Parser.parseSetProperty(Node);org.apache.jasper.compiler.JspReader;0;2;2;0.9385;1203;56;14;1;0;0.9750;322;25;9
org.apache.coyote.http11.Http11AprProtocol.Http11ConnectionHandler.unregister(Http11AprProcessor);org.apache.tomcat.util.modeler.Registry;4;0;1;0.9444;119;5;5;2;0;0.9804;446;36;10
org.apache.el.parser.ParseException.initialise(Token, int[][], String[]);org.apache.el.parser.Token;0;0;0;0;0;0;0;0;0;0;0;0;0
org.apache.catalina.core.ApplicationDispatcher.doInclude(ServletRequest, ServletResponse, DispatcherType);org.apache.catalina.Globals;3;5;6;0.6071;419;14;10;0;7;1.0000;0;0;39
org.apache.catalina.session.ManagerBase.setRandomFile(String);org.apache.juli.logging.Log;1;0;3;0.9647;489;55;31;4;0;0.8095;18;18;0
org.apache.jasper.compiler.ScriptingVariabler.ScriptingVariableVisitor.setScriptingVars(Node.CustomTag, int);org.apache.jasper.compiler.Node.CustomTag;2;0;2;0.8182;60;2;2;2;4;0.8605;229;10;26
org.apache.jasper.compiler.Validator.ValidateVisitor.visit(Node.TaglibDirective);org.apache.jasper.compiler.Node;0;0;2;0.9767;710;36;19;1;0;0.9655;170;7;15
org.apache.naming.ContextBindings.unbindClassLoader(Object, Object, ClassLoader);org.apache.naming.ContextAccessController;0;0;2;1.0000;112;21;6;1;0;1.0000;25;6;2
org.apache.tomcat.util.http.Cookies.processCookieHeader(byte, int, int);org.apache.tomcat.util.buf.MessageBytes;3;4;0;0.9091;269;16;9;2;1;0.9400;402;31;17
org.apache.catalina.connector.InputBuffer.read(byte[], int, int);org.apache.tomcat.util.res.StringManager;2;0;3;0.9412;210;19;17;0;0;1.0000;36;3;3
org.apache.catalina.mbeans.ServerLifecycleListener.destroyMBeans(Context);org.apache.juli.logging.Log;0;1;1;0.9756;569;32;2;2;0;0.9231;18;18;0
org.apache.naming.NamingContext.destroySubcontext(Name);org.apache.naming.NamingEntry;1;1;2;0.9268;282;32;6;0;3;0.8182;16;2;7
org.apache.coyote.http11.Http11AprProcessor.action(ActionCode, Object);org.apache.tomcat.jni.Address;9;1;18;0.8068;938;28;36;4;0;1.0000;8;8;1
org.apache.catalina.deploy.WebXml.addServiceRef(ContextService);org.apache.catalina.deploy.ResourceBase;0;0;1;0.9853;1446;42;41;1;0;0.9375;43;9;6
org.apache.catalina.core.ApplicationHttpRequest.getRequestDispatcher(String);org.apache.catalina.Globals;1;3;1;0.9091;325;29;17;0;1;1.0000;0;0;39
org.apache.catalina.core.ApplicationFilterRegistration.getServletNameMappings();org.apache.catalina.deploy.FilterDef;0;0;0;0;0;0;0;0;0;0;0;0;0
org.apache.catalina.realm.JNDIRealm.getUserBySearch(DirContext, String, String[]);org.apache.juli.logging.Log;0;3;6;0.8816;728;44;31;4;0;0.8571;18;18;0
org.apache.jasper.compiler.Collector.CollectVisitor.visit(Node.UseBean);org.apache.jasper.compiler.Node.UseBean;2;0;2;0.9130;114;15;6;0;1;0.8750;15;1;1
org.apache.catalina.startup.ContextConfig.checkHandlesTypes(JavaClass);org.apache.catalina.Container;0;0;0;0;0;0;0;0;0;0;0;0;0
org.apache.tomcat.util.http.MimeHeaders.getValue(int);org.apache.tomcat.util.http.MimeHeaderField;1;0;2;0.9048;129;18;3;0;1;0.8750;13;1;4
org.apache.catalina.manager.util.SessionUtils.getInactiveTimeForSession(Session);org.apache.catalina.Session;0;0;0;1.0000;158;6;5;1;0;0.9688;32;32;4
org.apache.catalina.connector.CoyoteAdapter.postParseRequest(org.apache.coyote.Request, Request, org.apache.coyote.Response, Response);org.apache.tomcat.util.buf.MessageBytes;11;4;2;0.9571;505;11;8;9;4;0.8723;402;31;17
org.apache.coyote.ajp.AjpProtocol.setSoLinger(int);org.apache.tomcat.util.net.AbstractEndpoint;0;0;0;0;0;0;0;0;0;0;0;0;0
org.apache.catalina.filters.RequestFilter.sendErrorWhenNotHttp(ServletResponse);org.apache.tomcat.util.res.StringManager;0;0;0;0;0;0;0;0;0;0;0;0;0
org.apache.catalina.core.StandardContextValve.event(Request, Response, CometEvent);org.apache.catalina.connector.Request;0;0;0;1.0000;86;5;3;1;0;0.9943;1084;128;51
org.apache.catalina.connector.Response.recycle();org.apache.catalina.connector.Connector;2;0;11;0.8804;578;70;19;0;1;1.0000;455;59;40
org.apache.tomcat.util.buf.UDecoder.convert(ByteChunk, boolean);org.apache.tomcat.util.buf.ByteChunk;1;2;1;1.0000;152;11;1;1;2;0.9362;425;43;10
org.apache.catalina.ha.deploy.FarmWarDeployer.remove(String);org.apache.juli.logging.Log;0;5;3;0.8511;376;28;17;2;0;0.9259;18;18;0
org.apache.tomcat.util.bcel.classfile.PMGClass.getPMGName();org.apache.tomcat.util.bcel.classfile.ConstantPool;0;0;0;0;0;0;0;0;0;0;0;0;0
org.apache.catalina.connector.CoyoteOutputStream.close();org.apache.catalina.connector.OutputBuffer;0;0;1;0.8750;24;7;1;1;0;0.9756;207;25;15
org.apache.catalina.tribes.transport.nio.NioReceiver.readDataFromSocket(SelectionKey);org.apache.catalina.tribes.transport.RxTaskPool;0;0;1;1.0000;269;15;8;1;0;0.9444;89;5;7
org.apache.coyote.http11.InternalAprInputBuffer.fill();org.apache.tomcat.jni.Status;1;0;8;0.7500;358;13;15;0;3;1.0000;160;54;59
org.apache.catalina.mbeans.MBeanFactory.createStandardServiceEngine(String, String, String);org.apache.catalina.util.LifecycleMBeanBase;0;0;0;0;0;0;0;0;0;0;0;0;0
org.apache.catalina.tribes.io.ChannelData.clone();org.apache.catalina.tribes.io.XByteBuffer;1;0;5;0.7059;165;14;7;0;1;0.9655;317;36;7
org.apache.tomcat.util.net.jsse.JSSEImplementation.getSSLSupport(Socket);org.apache.tomcat.util.net.jsse.JSSEFactory;0;0;1;0.8333;19;4;3;1;0;0.7500;9;3;0
org.apache.catalina.filters.CsrfPreventionFilter.CsrfResponseWrapper.addNonce(String);org.apache.catalina.filters.Constants;0;0;0;0;0;0;0;0;0;0;0;0;0
org.apache.jasper.runtime.PageContextImpl.setAttribute(String, Object, int);org.apache.jasper.compiler.Localizer;0;1;0;0.9811;634;40;16;1;0;1.0000;34;6;1
org.apache.catalina.ha.session.DeltaManager.handleCHANGE_SESSION_ID(SessionMessage, Member);org.apache.catalina.ha.session.DeltaSession;0;0;0;0;0;0;0;0;0;0;0;0;0
org.apache.catalina.ha.tcp.SimpleTcpCluster.registerClusterValve();org.apache.catalina.ha.ClusterValve;1;1;3;0.9552;371;45;31;1;0;0.8571;2;2;0
org.apache.catalina.realm.JDBCRealm.authenticate(String, String);org.apache.juli.logging.Log;1;3;2;0.8519;277;13;16;1;0;0.9565;18;18;0
org.apache.catalina.tribes.transport.nio.NioReplicationTask.drainChannel(SelectionKey, ObjectReader);org.apache.juli.logging.Log;4;3;2;0.8667;197;7;5;4;0;0.8919;18;18;0
org.apache.coyote.http11.Http11Processor.endRequest();org.apache.coyote.http11.AbstractInputBuffer;0;0;0;0;0;0;0;0;0;0;0;0;0
org.apache.catalina.connector.CoyoteInputStream.read();org.apache.catalina.security.SecurityUtil;0;0;1;0.8889;141;8;1;1;0;1.0000;146;11;17
org.apache.catalina.deploy.NamingResources.addEjb(ContextEjb);org.apache.catalina.deploy.ResourceBase;1;0;3;0.9400;332;35;12;2;1;0.8333;43;9;6
org.apache.catalina.users.MemoryUserDatabase.createUser(String, String, String);org.apache.catalina.users.AbstractUser;0;0;1;0.9688;252;22;10;1;0;0.9444;31;14;3
org.apache.tomcat.util.modeler.ManagedBean.getSetter(String, BaseModelMBean, Object);org.apache.tomcat.util.modeler.FeatureInfo;0;0;1;0.9714;252;23;13;1;0;0.8889;18;3;5
org.apache.coyote.http11.AbstractHttp11Protocol.setAttribute(String, Object);org.apache.juli.logging.Log;0;0;0;0;0;0;0;0;0;0;0;0;0
org.apache.catalina.startup.ContextConfig.contextConfig();org.apache.catalina.core.StandardContext;2;5;2;0.7813;779;23;16;0;1;0.9969;2385;204;107
org.apache.catalina.connector.RequestFacade.GetHeadersPrivilegedAction.run();org.apache.catalina.connector.Request;1;0;1;0.6667;6;1;1;1;0;0.9943;1084;128;51
org.apache.catalina.core.StandardService.addExecutor(Executor);org.apache.juli.logging.Log;0;0;3;0.9556;313;29;18;1;0;0.9524;18;18;0
org.apache.catalina.users.MemoryUserDatabase.createGroup(String, String);org.apache.catalina.users.AbstractGroup;0;0;1;0.9688;252;22;10;1;0;0.9231;22;10;2
org.apache.catalina.connector.MapperListener.containerEvent(ContainerEvent);org.apache.catalina.Container;1;0;1;0.9474;305;10;6;0;0;1.0000;34;34;6
org.apache.jasper.compiler.Generator.GenerateVisitor.generateSetters(Node.CustomTag, String, TagHandlerInfo, boolean);org.apache.jasper.compiler.Generator.TagHandlerInfo;5;0;4;0.9467;1737;45;16;1;0;0.9583;27;2;3
org.apache.jasper.compiler.Generator.GenerateVisitor.visit(Node.UseBean);org.apache.jasper.compiler.JspUtil;7;0;1;0.9877;1737;45;16;1;0;1.0000;693;44;8
org.apache.catalina.connector.CoyoteAdapter.postParseRequest(org.apache.coyote.Request, Request, org.apache.coyote.Response, Response);org.apache.coyote.Request;11;4;2;0.9571;505;11;8;0;10;0.9048;219;17;34
org.apache.jasper.compiler.Validator.ValidateVisitor.visit(Node.Declaration);org.apache.jasper.compiler.ErrorDispatcher;1;0;2;0.9545;710;36;19;1;0;0.9600;158;22;2
org.apache.jasper.compiler.DeclarationVisitor.visit(Node.PageDirective);org.apache.jasper.compiler.Generator;2;0;0;1.0000;36;3;1;1;1;0.9778;781;28;16
org.apache.jasper.compiler.JspDocumentParser.parse(ParserController, String, JarFile, Node, boolean, boolean, String, String, boolean, boolean);org.apache.jasper.compiler.PageInfo;4;2;6;0.8654;649;28;20;0;2;0.9775;319;30;44
org.apache.tomcat.util.http.fileupload.MultipartStream.readBodyData(OutputStream);org.apache.tomcat.util.http.fileupload.Streams;0;0;0;0;0;0;0;0;0;0;0;0;0
org.apache.coyote.http11.Http11AprProtocol.pause();org.apache.tomcat.util.res.StringManager;1;1;3;0.9810;387;76;26;1;0;0.9091;36;3;3
org.apache.jasper.compiler.JspDocumentParser.endElement(String, String, String);org.apache.jasper.compiler.Node;4;2;5;0.8824;649;28;20;0;2;0.9500;170;7;15
org.apache.coyote.http11.InternalNioOutputBuffer.flushBuffer();org.apache.tomcat.util.net.NioEndpoint.Poller;3;1;1;0.9574;294;26;16;0;1;0.9655;395;15;7
org.apache.tomcat.util.bcel.classfile.Method.toString();org.apache.tomcat.util.bcel.classfile.ConstantPool;0;0;0;0;0;0;0;0;0;0;0;0;0
org.apache.catalina.connector.Response.sendRedirect(String);org.apache.tomcat.util.res.StringManager;1;6;2;0.9195;578;70;19;0;0;1.0000;36;3;3
org.apache.coyote.http11.Http11NioProtocol.Http11ConnectionHandler.process(NioChannel);org.apache.tomcat.util.net.NioEndpoint.KeyAttachment;8;1;3;0.8667;166;8;6;0;1;0.9804;155;14;15
org.apache.catalina.connector.Request.getPathInfo();org.apache.tomcat.util.http.mapper.MappingData;1;0;1;0.9943;1084;128;51;0;1;0.9167;11;1;9
org.apache.catalina.connector.Request.setServerName(String);org.apache.tomcat.util.buf.MessageBytes;1;0;1;0.9943;1084;128;51;1;0;0.9778;402;31;17
org.apache.catalina.ha.authenticator.ClusterSingleSignOnListener.getSession(String, String);org.apache.juli.logging.Log;1;0;1;0.9167;82;4;2;4;0;0.8182;18;18;0
org.apache.catalina.connector.Request.recycle();org.apache.tomcat.util.http.mapper.MappingData;3;0;36;0.8011;1084;128;51;1;0;0.9815;11;1;9
org.apache.catalina.valves.CometConnectionManagerValve.lifecycleEvent(LifecycleEvent);org.apache.catalina.Container;4;0;3;0.8889;146;11;6;1;0;0.9792;34;34;6
org.apache.coyote.http11.Http11NioProtocol.Http11ConnectionHandler.event(NioChannel, SocketStatus);org.apache.tomcat.util.net.AbstractEndpoint.Handler;0;0;0;0;0;0;0;0;0;0;0;0;0
org.apache.catalina.manager.HTMLManagerServlet.getSessionsForPath(String);org.apache.catalina.Manager;1;0;0;1.0000;601;22;14;1;0;0.9730;34;34;0
org.apache.catalina.mbeans.MBeanFactory.createUserDatabaseRealm(String, String);org.apache.catalina.realm.UserDatabaseRealm;2;1;0;0.9737;432;35;2;0;1;0.9167;92;6;5
org.apache.coyote.RequestGroupInfo.setErrorCount(int);org.apache.coyote.RequestInfo;1;0;2;0.9091;112;15;7;0;1;0.9655;134;13;14
org.apache.catalina.core.ApplicationFilterConfig.setFilterDef(FilterDef);org.apache.catalina.Globals;2;1;3;0.7895;121;10;5;0;1;1.0000;0;0;39
org.apache.jasper.compiler.JspDocumentParser.startElement(String, String, String, Attributes);org.apache.jasper.compiler.PageInfo;6;5;11;0.6667;649;28;20;1;0;0.9891;319;30;44
org.apache.catalina.core.ApplicationFilterRegistration.addMappingForServletNames(EnumSet<DispatcherType>, boolean, String);org.apache.catalina.Context;0;0;0;0;0;0;0;0;0;0;0;0;0
org.apache.tomcat.util.digester.Digester.getRuleNamespaceURI();org.apache.tomcat.util.digester.Rules;0;1;0;0.9925;849;103;29;1;0;0.8889;8;8;0
org.apache.catalina.startup.ContextConfig.configureStart();org.apache.tomcat.util.res.StringManager;0;0;0;0;0;0;0;0;0;0;0;0;0
org.apache.naming.factory.EjbFactory.getObjectInstance(Object, Name, Context, Hashtable<?,?>);org.apache.naming.EjbRef;2;0;0;1.0000;67;1;0;0;1;1.0000;34;1;4
org.apache.el.parser.ELParser.getToken(int);org.apache.el.parser.ELParserTokenManager;1;0;2;0.9850;2195;111;22;1;0;0.9787;1035;33;25
org.apache.catalina.manager.ManagerServlet.doGet(HttpServletRequest, HttpServletResponse);org.apache.catalina.manager.Constants;2;12;1;0.7209;913;34;13;0;1;1.0000;0;0;11
org.apache.catalina.authenticator.FormAuthenticator.forwardToLoginPage(Request, HttpServletResponse, LoginConfig);org.apache.tomcat.util.res.StringManager;0;0;0;0;0;0;0;0;0;0;0;0;0
org.apache.jasper.runtime.JspContextWrapper.getAttribute(String);org.apache.jasper.compiler.Localizer;0;0;1;0.9778;257;38;7;1;0;1.0000;34;6;1
org.apache.jasper.compiler.Generator.GenerateVisitor.saveScriptingVars(Node.CustomTag, int);org.apache.jasper.compiler.Node.CustomTag;1;0;1;0.9853;1737;45;16;2;3;0.8864;229;10;26
org.apache.catalina.core.ContainerBase.ContainerBackgroundProcessor.run();org.apache.catalina.Container;1;1;0;0.8333;37;2;0;1;0;0.9744;34;34;6
org.apache.jasper.compiler.TagLibraryInfoImpl.createValidator(TreeNode);org.apache.jasper.JspCompilationContext;0;1;3;0.8519;523;14;6;1;0;0.9859;420;31;31
org.apache.catalina.core.ContainerBase.getResources();org.apache.catalina.Container;0;0;2;0.9775;603;62;29;1;0;0.9722;34;34;6
org.apache.catalina.core.StandardContext.setLoginConfig(LoginConfig);org.apache.tomcat.util.res.StringManager;1;1;2;0.9937;2385;204;107;0;0;1.0000;36;3;3
org.apache.coyote.http11.AbstractHttp11Protocol.getName();org.apache.tomcat.util.net.AbstractEndpoint;0;0;0;0;0;0;0;0;0;0;0;0;0
org.apache.catalina.ha.tcp.SimpleTcpCluster.registerClusterValve();org.apache.juli.logging.Log;1;1;3;0.9552;371;45;31;2;0;0.9091;18;18;0
org.apache.catalina.manager.ManagerServlet.findleaks(PrintWriter);org.apache.catalina.core.StandardHost;0;0;0;0;0;0;0;0;0;0;0;0;0
org.apache.catalina.ha.context.ReplicatedContext.startInternal();org.apache.catalina.tribes.tipis.AbstractReplicatedMap;0;0;0;0;0;0;0;0;0;0;0;0;0
org.apache.catalina.ha.session.SimpleTcpReplicationManager.requestCompleted(String);org.apache.juli.logging.Log;2;1;5;0.8810;362;17;17;4;0;0.8571;18;18;0
org.apache.catalina.connector.RequestFacade.removeAttribute(String);org.apache.catalina.connector.Request;1;0;2;0.9865;462;73;2;1;0;0.9943;1084;128;51
org.apache.catalina.core.StandardWrapper.loadServlet();org.apache.catalina.ContainerServlet;6;3;15;0.8729;712;75;32;1;0;0.9697;2;2;0
org.apache.coyote.http11.InternalInputBuffer.parseRequestLine(boolean);org.apache.coyote.Request;0;0;0;0;0;0;0;0;0;0;0;0;0
org.apache.coyote.RequestGroupInfo.removeRequestProcessor(RequestInfo);org.apache.coyote.RequestInfo;1;0;7;0.7407;112;15;7;0;6;0.8235;134;13;14
org.apache.coyote.ajp.AjpProcessor.prepareResponse();org.apache.coyote.Response;5;0;4;0.9333;570;12;32;1;6;0.8727;250;19;18
org.apache.tomcat.util.net.jsse.JSSESocketFactory.getTrustManagers(String, String, String);org.apache.tomcat.util.net.AbstractEndpoint;0;0;0;0;0;0;0;0;0;0;0;0;0
org.apache.coyote.RequestInfo.getCurrentQueryString();org.apache.tomcat.util.buf.MessageBytes;1;0;1;0.9643;134;13;14;1;0;0.9778;402;31;17
org.apache.tomcat.util.modeler.BaseModelMBean.sendAttributeChangeNotification(AttributeChangeNotification);org.apache.juli.logging.Log;0;0;2;0.9722;284;28;9;2;0;0.9000;18;18;0
org.apache.catalina.startup.WebAnnotationSet.loadApplicationFilterAnnotations(Context);org.apache.catalina.deploy.FilterDef;0;1;0;1.0000;125;6;0;1;0;0.9412;51;9;7
org.apache.tomcat.util.net.NioEndpoint.Poller.reg(SelectionKey, KeyAttachment, int);org.apache.tomcat.util.net.NioEndpoint.KeyAttachment;1;0;0;1.0000;395;15;7;1;1;0.9333;155;14;15
org.apache.catalina.tribes.group.GroupChannel.send(Member[], Serializable, int, ErrorHandler);org.apache.catalina.tribes.io.ChannelData;5;1;0;0.9783;268;24;8;0;5;0.8148;165;14;7
org.apache.naming.NamingContext.lookup(Name, boolean);org.apache.naming.NamingEntry;1;1;5;0.8810;282;32;6;0;6;0.8571;16;2;7
org.apache.catalina.ha.authenticator.ClusterSingleSignOn.removeSession(String, Session);org.apache.catalina.ha.authenticator.SingleSignOnMessage;1;1;2;0.8929;149;16;4;0;3;0.9167;76;2;16
org.apache.catalina.ha.session.SimpleTcpReplicationManager.writeSession(Session);org.apache.catalina.Session;0;0;1;1.0000;362;17;17;1;0;0.9706;32;32;4
org.apache.catalina.session.StandardSession.getAttributeNames();org.apache.tomcat.util.res.StringManager;1;1;2;0.9737;558;58;26;0;0;1.0000;36;3;3
org.apache.tomcat.util.bcel.classfile.InnerClasses.dump(DataOutputStream);org.apache.tomcat.util.bcel.classfile.InnerClass;0;0;0;0;0;0;0;0;0;0;0;0;0
org.apache.coyote.ajp.AjpProcessor.recycle();org.apache.coyote.Response;0;0;8;0.8095;570;12;32;1;0;0.9787;250;19;18
org.apache.tomcat.util.digester.Digester.error(SAXParseException);org.apache.juli.logging.Log;3;0;2;0.9850;849;103;29;1;0;0.9500;18;18;0
org.apache.tomcat.util.http.fileupload.MultipartStream.ItemInputStream.makeAvailable();org.apache.tomcat.util.http.fileupload.MultipartStream;0;0;0;0;0;0;0;0;0;0;0;0;0
org.apache.tomcat.util.net.NioEndpoint.Poller.processKey(SelectionKey, KeyAttachment);org.apache.tomcat.util.net.SocketWrapper;0;0;0;0;0;0;0;0;0;0;0;0;0
org.apache.catalina.mbeans.MBeanUtils.createObjectName(String, ContextResourceLink);org.apache.catalina.deploy.ResourceBase;1;0;0;1.0000;853;61;5;2;0;0.8947;43;9;6
org.apache.jasper.compiler.TagPluginManager.TagPluginContextImpl.generateDeclaration(String, String);org.apache.jasper.compiler.Node;1;0;3;0.8636;72;15;4;0;1;0.9688;170;7;15
org.apache.catalina.connector.Response.getContext();org.apache.catalina.connector.Request;0;0;1;0.9886;578;70;19;1;0;0.9943;1084;128;51
org.apache.coyote.http11.Http11NioProcessor.process(NioChannel);org.apache.coyote.http11.InternalNioOutputBuffer;11;4;16;0.8182;954;28;38;1;2;0.9677;294;26;16
org.apache.coyote.http11.Http11AprProtocol.isSSLEnabled();org.apache.tomcat.util.net.AbstractEndpoint;0;0;0;0;0;0;0;0;0;0;0;0;0
org.apache.catalina.loader.VirtualWebappLoader.startInternal();org.apache.juli.logging.Log;0;0;0;0;0;0;0;0;0;0;0;0;0
org.apache.catalina.core.StandardContext.addParameter(String, String);org.apache.tomcat.util.res.StringManager;1;0;1;0.9968;2385;204;107;0;0;1.0000;36;3;3
org.apache.catalina.connector.RequestFacade.getServerPort();org.apache.tomcat.util.res.StringManager;1;0;2;0.9865;462;73;2;0;0;1.0000;36;3;3
org.apache.catalina.tribes.membership.McastService.broadcast(ChannelMessage);org.apache.catalina.tribes.membership.McastServiceImpl;2;0;1;0.9844;345;53;13;1;2;0.9487;308;12;27
org.apache.catalina.startup.TldConfig.tldScanDir(File);org.apache.catalina.startup.XmlErrorHandler;0;0;0;0;0;0;0;0;0;0;0;0;0
org.apache.jasper.compiler.TagFileProcessor.TagFileLoaderVisitor.visit(Node.CustomTag);org.apache.jasper.compiler.Node.CustomTag;2;0;2;0.8182;21;1;2;0;3;0.9362;229;10;26
org.apache.jasper.servlet.JspServlet.init(ServletConfig);org.apache.jasper.Options;0;0;5;0.7222;173;10;5;1;0;0.9722;28;28;0
org.apache.coyote.http11.AbstractHttp11Protocol.getPort();org.apache.tomcat.util.net.AbstractEndpoint;0;0;0;0;0;0;0;0;0;0;0;0;0
org.apache.catalina.core.ApplicationFilterChain.internalDoFilterEvent(CometEvent);org.apache.catalina.comet.CometEvent;5;0;7;0.6923;225;9;13;0;0;1.0000;6;6;2
org.apache.tomcat.util.IntrospectionUtils.convert(String, Class<?>);org.apache.juli.logging.Log;0;1;0;1.0000;602;31;5;0;0;1.0000;18;18;0
org.apache.coyote.http11.AbstractOutputBuffer.recycle();org.apache.coyote.http11.OutputFilter;0;0;0;0;0;0;0;0;0;0;0;0;0
org.apache.coyote.http11.Http11Processor.action(ActionCode, Object);org.apache.juli.logging.Log;6;1;18;0.8068;847;26;37;1;0;0.9839;18;18;0
org.apache.coyote.RequestInfo.updateCounters();org.apache.coyote.Response;2;0;9;0.7273;134;13;14;0;2;0.9608;250;19;18
org.apache.coyote.ajp.AjpAprProtocol.setKeepAliveTimeout(int);org.apache.tomcat.util.net.AbstractEndpoint;0;0;0;0;0;0;0;0;0;0;0;0;0
org.apache.tomcat.util.modeler.modules.MbeansDescriptorsDOMSource.execute();org.apache.tomcat.util.modeler.NotificationInfo;2;0;3;0.8889;93;2;6;1;0;0.9524;36;6;3
org.apache.catalina.servlets.DefaultServlet.renderHtml(String, CacheEntry);org.apache.naming.resources.ResourceAttributes;3;3;2;0.9286;994;37;18;2;0;0.9623;516;30;30
org.apache.jasper.runtime.JspFactoryImpl.internalGetPageContext(Servlet, ServletRequest, ServletResponse, String, boolean, int, boolean);org.apache.juli.logging.Log;0;0;3;0.7778;71;6;5;1;0;0.9524;18;18;0
org.apache.catalina.realm.JNDIRealm.open();org.apache.tomcat.util.res.StringManager;1;1;2;0.9589;728;44;31;0;0;1.0000;36;3;3
org.apache.catalina.connector.ResponseFacade.setContentType(String);org.apache.catalina.connector.Response;0;1;1;0.9512;224;40;2;1;0;0.9889;578;70;19
org.apache.catalina.mbeans.MBeanFactory.removeValve(String);org.apache.catalina.Pipeline;1;1;0;0.9737;432;35;2;0;0;1.0000;6;6;0
org.apache.catalina.servlets.WebdavServlet.copyResource(DirContext, Hashtable<String,Integer>, String, String);org.apache.catalina.servlets.WebdavStatus;1;1;0;1.0000;1460;29;23;0;2;1.0000;12;2;27
org.apache.coyote.http11.Http11AprProtocol.setSSLCipherSuite(String);org.apache.tomcat.util.net.AprEndpoint;1;0;1;0.9901;387;76;26;0;1;0.9875;629;27;59
org.apache.jasper.compiler.SmapUtil.generateSmap(JspCompilationContext, Node.Nodes);org.apache.jasper.compiler.Node.Nodes;3;1;1;1.0000;68;4;1;1;0;0.9500;43;5;3
org.apache.catalina.connector.CoyoteAdapter.convertURI(MessageBytes, Request);org.apache.tomcat.util.buf.B2CConverter;4;0;2;0.9630;505;11;8;1;0;0.9643;39;4;7
org.apache.coyote.http11.Http11Protocol.Http11ConnectionHandler.unregister(Http11Processor);org.apache.coyote.http11.Http11Protocol;4;0;1;0.9375;91;4;4;0;2;0.9890;361;52;31
org.apache.naming.SelectorContext.listBindings(Name);org.apache.juli.logging.Log;0;2;0;0.9412;146;31;6;0;0;1.0000;18;18;0
org.apache.catalina.deploy.NamingResources.addResource(ContextResource);org.apache.catalina.deploy.ResourceBase;1;0;3;0.9400;332;35;12;2;1;0.8333;43;9;6
org.apache.catalina.realm.LockOutRealm.authenticate(String, String, String, String, String, String, String, String);org.apache.juli.logging.Log;1;3;1;0.8000;139;9;6;1;0;0.9545;18;18;0
org.apache.catalina.core.ApplicationDispatcher.doForward(ServletRequest, ServletResponse);org.apache.catalina.connector.ResponseFacade;3;4;7;0.7143;419;14;10;1;0;0.9841;224;40;2
org.apache.tomcat.util.http.Parameters.handleQueryParameters();org.apache.juli.logging.Log;0;2;5;0.8500;363;23;19;0;0;1.0000;18;18;0
org.apache.catalina.core.ContainerBase.getManager();org.apache.catalina.Container;0;0;2;0.9775;603;62;29;1;0;0.9722;34;34;6
org.apache.coyote.memory.MemoryProtocolHandler.process(Request, ByteChunk, Response, ByteChunk);org.apache.coyote.Adapter;2;0;1;0.9231;31;10;1;1;0;0.8000;2;2;0
org.apache.el.parser.AstFunction.getValue(EvaluationContext);org.apache.el.parser.Node;1;1;2;0.7000;73;4;2;1;0;0.9524;15;15;0
org.apache.catalina.tribes.group.ChannelCoordinator.internalStop(int);org.apache.catalina.tribes.MembershipService;2;0;4;0.8462;164;15;5;2;2;0.9167;17;17;2
org.apache.catalina.realm.JAASMemoryLoginModule.commit();org.apache.juli.logging.Log;0;0;4;0.8125;151;7;9;1;0;0.9545;18;18;0
org.apache.coyote.http11.filters.BufferedInputFilter.setLimit(int);org.apache.tomcat.util.buf.ByteChunk;1;0;1;0.9000;49;6;6;0;1;0.9792;425;43;10
org.apache.catalina.realm.JAASMemoryLoginModule.abort();org.apache.juli.logging.Log;0;1;3;0.8000;151;7;9;1;0;0.9524;18;18;0
org.apache.tomcat.util.bcel.classfile.ConstantPool.getConstantString(int, byte);org.apache.tomcat.util.bcel.classfile.ConstantUtf8;0;0;0;0;0;0;0;0;0;0;0;0;0
org.apache.coyote.http11.Http11NioProcessor.process(NioChannel);org.apache.coyote.http11.AbstractOutputBuffer;0;0;0;0;0;0;0;0;0;0;0;0;0
org.apache.coyote.http11.Http11AprProtocol.setSSLCACertificatePath(String);org.apache.tomcat.util.net.AprEndpoint;1;0;1;0.9901;387;76;26;0;1;0.9875;629;27;59
org.apache.catalina.connector.RequestFacade.getRemotePort();org.apache.catalina.connector.Request;1;0;2;0.9865;462;73;2;1;0;0.9943;1084;128;51
org.apache.catalina.mbeans.ServerLifecycleListener.destroyMBeans(NamingResources);org.apache.catalina.deploy.NamingResources;0;3;1;0.9211;569;32;2;4;0;0.9245;332;35;12
org.apache.catalina.mbeans.MBeanFactory.removeContext(String);org.apache.catalina.Container;0;2;2;0.9524;432;35;2;3;0;0.9250;34;34;6
org.apache.tomcat.util.net.JIoEndpoint.destroy();org.apache.juli.logging.Log;0;1;5;0.8889;312;23;26;1;0;0.9583;18;18;0
org.apache.tomcat.util.bcel.classfile.Signature.getSignature();org.apache.tomcat.util.bcel.classfile.ConstantPool;0;0;0;0;0;0;0;0;0;0;0;0;0
org.apache.catalina.core.ContainerBase.setRealm(Realm);org.apache.juli.logging.Log;0;0;4;0.9674;603;62;29;1;0;0.9583;18;18;0
org.apache.coyote.http11.Http11AprProcessor.parseHost(MessageBytes);org.apache.coyote.Adapter;6;0;6;0.9167;938;28;36;0;0;1.0000;2;2;0
org.apache.catalina.session.StandardSession.isNew();org.apache.tomcat.util.res.StringManager;1;1;2;0.9737;558;58;26;0;0;1.0000;36;3;3
org.apache.catalina.authenticator.FormAuthenticator.saveRequest(Request, Session);org.apache.catalina.connector.Request;3;0;0;1.0000;232;8;3;10;0;0.9457;1084;128;51
org.apache.catalina.core.StandardWrapperValve.invoke(Request, Response);org.apache.catalina.core.StandardWrapper;4;1;5;0.8780;341;4;6;8;0;0.9474;712;75;32
org.apache.catalina.ha.deploy.FileMessageFactory.main(String[]);org.apache.catalina.ha.deploy.FileMessage;1;3;0;0.8889;128;6;14;0;1;0.9167;53;2;7
org.apache.catalina.session.PersistentManagerBase.swapIn(String);org.apache.catalina.session.StandardSession;1;1;2;0.9623;420;33;13;2;0;0.9773;558;58;26
org.apache.jasper.JspC.execute();org.apache.juli.logging.LogFactory;0;7;6;0.8571;840;35;81;1;0;1.0000;50;12;6
org.apache.catalina.ha.session.SimpleTcpReplicationManager.requestCompleted(String);org.apache.catalina.ha.session.SessionMessage;2;1;5;0.8810;362;17;17;0;3;1.0000;5;5;7
org.apache.catalina.loader.WebappLoader.stopInternal();org.apache.catalina.Container;0;0;0;0;0;0;0;0;0;0;0;0;0
org.apache.catalina.ha.session.DeltaManager.registerSessionAtReplicationValve(DeltaSession);org.apache.catalina.ha.tcp.ReplicationValve;0;0;3;0.9770;826;43;42;1;0;0.9744;283;17;17
org.apache.jasper.compiler.Parser.parse(ParserController, JspReader, Node, boolean, boolean, JarResource, String, String, boolean, boolean);org.apache.jasper.compiler.PageInfo;4;3;0;0.9600;1203;56;14;0;2;0.9767;319;30;44
org.apache.coyote.ajp.AjpAprProcessor.process(long);org.apache.tomcat.util.net.AprEndpoint;5;4;14;0.7115;616;13;30;1;0;0.9907;629;27;59
org.apache.catalina.ha.session.JvmRouteBinderValve.changeRequestSessionID(Request, String, String);org.apache.juli.logging.Log;2;1;3;0.8846;200;15;9;2;0;0.9167;18;18;0
org.apache.catalina.core.StandardContext.postWorkDirectory();org.apache.catalina.Container;1;5;0;0.9840;2385;204;107;2;0;0.9524;34;34;6
org.apache.coyote.http11.Http11AprProcessor.parseHost(MessageBytes);org.apache.tomcat.util.buf.ByteChunk;6;0;6;0.9167;938;28;36;2;1;0.9500;425;43;10
org.apache.el.lang.ExpressionBuilder.visit(Node);org.apache.el.parser.SimpleNode;2;0;2;0.8462;117;7;4;0;1;0.9600;82;15;4
org.apache.coyote.http11.Http11NioProcessor.event(SocketStatus);org.apache.tomcat.util.res.StringManager;6;1;10;0.8816;954;28;38;1;0;0.9600;36;3;3
org.apache.catalina.startup.SetAuthConstraintRule.begin(String, String, Attributes);org.apache.juli.logging.Log;2;0;0;1.0000;9;1;0;2;0;0.9091;18;18;0
org.apache.catalina.ha.session.DeltaRequest.execute(DeltaSession, boolean);org.apache.juli.logging.Log;0;1;8;0.9211;179;15;15;2;0;0.9459;18;18;0
org.apache.jasper.compiler.Validator.ValidateVisitor.visit(Node.SetProperty);org.apache.jasper.compiler.Node;1;1;2;0.9565;710;36;19;2;0;0.9375;170;7;15
org.apache.catalina.core.StandardContext.getAppBase();org.apache.catalina.Host;0;0;0;1.0000;2385;204;107;1;0;0.9524;20;20;2
org.apache.tomcat.util.http.fileupload.MultipartStream.ItemInputStream.close(boolean);org.apache.tomcat.util.http.fileupload.MultipartStream;0;0;0;0;0;0;0;0;0;0;0;0;0
org.apache.catalina.ha.session.DeltaManager.deserializeSessions(byte[]);org.apache.catalina.ha.session.DeltaSession;3;1;3;0.9792;826;43;42;3;1;0.9344;379;41;7
org.apache.catalina.mbeans.MBeanFactory.createRemoteAddrValve(String);org.apache.catalina.Pipeline;1;1;0;0.9730;432;35;2;0;0;1.0000;6;6;0
org.apache.catalina.startup.Embedded.createLoader(ClassLoader);org.apache.juli.logging.Log;0;0;1;1.0000;372;34;11;2;0;0.8889;18;18;0
org.apache.el.ValueExpressionImpl.getNode();org.apache.el.lang.ExpressionBuilder;0;0;2;0.8824;73;11;5;1;0;1.0000;117;7;4
org.apache.coyote.ajp.AjpProtocol.start();org.apache.tomcat.util.net.JIoEndpoint;1;1;7;0.8889;201;32;16;1;0;0.9825;312;23;26
org.apache.jasper.compiler.JspRuntimeContext.initSecurity();org.apache.jasper.Options;0;0;5;0.7500;174;9;10;1;0;0.9697;28;28;0
org.apache.catalina.connector.CoyoteAdapter.convertURI(MessageBytes, Request);org.apache.juli.logging.Log;4;0;2;0.9630;505;11;8;1;0;0.9714;18;18;0
org.apache.jasper.compiler.Generator.genPreambleMethods();org.apache.jasper.compiler.ServletWriter;0;2;1;0.9250;781;28;16;4;0;0.8000;65;13;6
org.apache.catalina.core.StandardPipeline.removeValve(Valve);org.apache.juli.logging.Log;0;1;4;0.8571;234;16;8;1;0;0.9615;18;18;0
org.apache.catalina.tribes.group.interceptors.ThroughputInterceptor.messageReceived(ChannelMessage);org.apache.catalina.tribes.io.ChannelData;0;1;5;0.6471;88;3;14;1;0;0.9583;165;14;7
org.apache.catalina.valves.JDBCAccessLogValve.log(Request, Response, long);org.apache.catalina.connector.Response;0;0;0;0;0;0;0;0;0;0;0;0;0
org.apache.catalina.mbeans.NamingResourcesMBean.addResource(String, String);org.apache.tomcat.util.modeler.ManagedBean;1;0;1;0.9444;138;9;2;1;0;0.9756;252;23;13
org.apache.catalina.tribes.group.interceptors.TcpFailureDetector.memberAdded(Member);org.apache.catalina.tribes.membership.Membership;0;2;3;0.7917;227;15;10;2;0;0.9231;136;11;6
org.apache.jasper.compiler.Validator.DirectiveVisitor.visit(Node.PageDirective);org.apache.jasper.compiler.PageInfo;6;0;4;0.9268;214;7;4;12;13;0.7024;319;30;44
org.apache.tomcat.util.DomUtil.NullResolver.resolveEntity(String, String);org.apache.juli.logging.Log;1;0;0;1.0000;4;1;0;2;0;0.8889;18;18;0
org.apache.tomcat.util.bcel.classfile.ElementValuePair.getNameString();org.apache.tomcat.util.bcel.Constants;0;0;0;0;0;0;0;0;0;0;0;0;0
org.apache.jasper.compiler.TagPluginManager.TagPluginContextImpl.generateJavaSource(String);org.apache.jasper.compiler.Node;1;0;2;0.9048;72;15;4;0;1;0.9667;170;7;15
org.apache.catalina.ssi.SSIServlet.requestHandler(HttpServletRequest, HttpServletResponse);org.apache.catalina.ssi.SSIServletRequestUtil;1;1;4;0.5000;80;5;6;1;0;1.0000;19;2;0
org.apache.jasper.runtime.TagHandlerPool.get(Class<? extends Tag>);org.apache.tomcat.InstanceManager;1;0;3;0.7273;98;6;6;2;0;0.7143;4;4;0
org.apache.catalina.startup.ContextConfig.getBaseDir();org.apache.catalina.Container;0;0;1;0.9677;779;23;16;1;0;0.9722;34;34;6
org.apache.catalina.core.ApplicationFilterConfig.getFilterInitParameterMap();org.apache.catalina.deploy.FilterDef;0;0;0;0;0;0;0;0;0;0;0;0;0
org.apache.catalina.startup.CopyParentClassLoaderRule.begin(String, String, Attributes);org.apache.catalina.Container;1;0;0;1.0000;10;1;0;1;0;0.9744;34;34;6
org.apache.catalina.core.ApplicationFilterRegistration.getName();org.apache.catalina.deploy.FilterDef;0;0;0;0;0;0;0;0;0;0;0;0;0
org.apache.catalina.tribes.group.interceptors.NonBlockingCoordinator.messageReceived(ChannelMessage);org.apache.catalina.tribes.io.XByteBuffer;1;2;2;0.9630;352;38;14;0;1;0.9677;317;36;7
org.apache.catalina.startup.ConnectorCreateRule.end(String, String);org.apache.tomcat.util.digester.Digester;0;0;0;1.0000;22;3;1;1;0;0.9925;849;103;29
org.apache.catalina.core.ApplicationDispatcher.recycleRequestWrapper(State);org.apache.catalina.core.ApplicationHttpRequest;0;0;0;1.0000;419;14;10;1;0;0.9778;325;29;17
org.apache.jasper.compiler.Generator.GenerateVisitor.generateCustomStart(Node.CustomTag, TagHandlerInfo, String, String, String);org.apache.jasper.compiler.Generator;6;1;2;0.9620;1737;45;16;1;1;0.9649;781;28;16
org.apache.coyote.ajp.AjpAprProcessor.parseHost(MessageBytes);org.apache.tomcat.util.buf.MessageBytes;5;0;4;0.9231;616;13;30;4;1;0.9107;402;31;17
org.apache.coyote.http11.Http11AprProtocol.setSoTimeout(int);org.apache.tomcat.util.net.AbstractEndpoint;0;0;0;0;0;0;0;0;0;0;0;0;0
org.apache.jasper.compiler.TagHandlerPoolVisitor.visit(Node.CustomTag);org.apache.jasper.compiler.Node;3;0;0;1.0000;37;2;1;1;2;0.9063;170;7;15
org.apache.catalina.servlets.WebdavServlet.doLock(HttpServletRequest, HttpServletResponse);org.apache.catalina.util.XMLWriter;6;4;11;0.8302;1460;29;23;4;2;0.8947;79;10;5
org.apache.coyote.Response.reset();org.apache.coyote.ActionCode;2;1;11;0.7027;250;19;18;0;1;1.0000;6;0;26
org.apache.catalina.tribes.group.GroupChannel.memberDisappeared(Member);org.apache.catalina.tribes.MembershipListener;0;0;1;0.9697;268;24;8;1;0;0.6667;2;2;0
org.apache.catalina.core.ApplicationContext.createServlet(Class<T>);org.apache.catalina.core.StandardContext;0;0;0;1.0000;460;47;13;0;0;1.0000;2385;204;107
org.apache.catalina.servlets.WebdavServlet.deleteCollection(HttpServletRequest, DirContext, String, Hashtable<String,Integer>);org.apache.catalina.servlets.WebdavStatus;1;2;0;0.9706;1460;29;23;0;3;1.0000;12;2;27
org.apache.catalina.core.ApplicationJspPropertyGroupDescriptor.getIsXml();org.apache.catalina.deploy.JspPropertyGroup;0;0;0;0;0;0;0;0;0;0;0;0;0
org.apache.jasper.compiler.Validator.ValidateVisitor.visit(Node.Expression);org.apache.jasper.compiler.ErrorDispatcher;1;0;2;0.9545;710;36;19;1;0;0.9600;158;22;2
org.apache.tomcat.util.digester.Digester.getParser();org.apache.juli.logging.Log;0;1;2;0.9774;849;103;29;1;0;0.9524;18;18;0
org.apache.catalina.startup.Embedded.addConnector(Connector);org.apache.tomcat.util.res.StringManager;1;0;3;0.9787;372;34;11;0;0;1.0000;36;3;3
org.apache.coyote.ajp.AjpProtocol.start();org.apache.tomcat.util.modeler.Registry;1;1;7;0.8889;201;32;16;2;0;0.9818;446;36;10
org.apache.catalina.mbeans.MBeanUtils.destroyMBean(ContextResource);org.apache.tomcat.util.modeler.Registry;0;3;2;1.0000;853;61;5;1;0;0.9778;446;36;10
org.apache.jasper.compiler.Parser.parseXMLExpression(Node);org.apache.jasper.compiler.ErrorDispatcher;0;1;3;0.9437;1203;56;14;1;0;0.9677;158;22;2
org.apache.catalina.tribes.membership.McastServiceImpl.RecoveryThread.startService();org.apache.juli.logging.Log;2;0;1;0.8571;58;4;2;1;0;0.9524;18;18;0
org.apache.catalina.connector.MapperListener.lifecycleEvent(LifecycleEvent);org.apache.catalina.LifecycleEvent;0;0;0;0;0;0;0;0;0;0;0;0;0
org.apache.catalina.tribes.transport.nio.NioReceiver.listen();org.apache.juli.logging.Log;1;5;4;0.7895;269;15;8;4;0;0.9000;18;18;0
org.apache.jasper.runtime.JspApplicationContextImpl.createELContext(JspContext);org.apache.jasper.Constants;1;1;1;0.7500;73;5;6;0;1;1.0000;0;0;34
org.apache.catalina.ha.session.DeltaManager.requestCompleted(String, boolean);org.apache.catalina.ha.session.SessionMessage;0;0;0;0;0;0;0;0;0;0;0;0;0
org.apache.catalina.tribes.group.interceptors.NonBlockingCoordinator.isViewConf(CoordinationMessage);org.apache.catalina.tribes.util.Arrays;0;0;1;1.0000;352;38;14;1;0;1.0000;149;24;1
org.apache.coyote.http11.Http11Processor.prepareResponse();org.apache.coyote.http11.AbstractOutputBuffer;0;0;0;0;0;0;0;0;0;0;0;0;0
org.apache.catalina.mbeans.MBeanUtils.destroyMBean(Connector, Service);org.apache.coyote.http11.AbstractHttp11Protocol;0;0;0;0;0;0;0;0;0;0;0;0;0
org.apache.coyote.http11.Http11NioProtocol.Http11ConnectionHandler.process(NioChannel);org.apache.tomcat.util.net.NioChannel;8;1;3;0.8667;166;8;6;1;1;0.9500;83;15;5
org.apache.catalina.core.StandardContext.getWorkPath();org.apache.juli.logging.Log;0;3;1;0.9903;2385;204;107;1;0;0.9524;18;18;0
org.apache.tomcat.util.http.Parameters.processParameters(byte, int, int, String);org.apache.tomcat.util.buf.ByteChunk;1;3;4;0.8810;363;23;19;2;0;0.9630;425;43;10
org.apache.jasper.compiler.Parser.parseTagDirective(Node);org.apache.jasper.compiler.Node.TagDirective;1;1;1;0.9692;1203;56;14;1;0;0.8571;27;2;1
org.apache.catalina.startup.ContextConfig.init();org.apache.tomcat.util.res.StringManager;1;3;5;0.8529;779;23;16;0;0;1.0000;36;3;3
org.apache.catalina.users.MemoryUserDatabase.open();org.apache.juli.logging.Log;1;0;6;0.8857;252;22;10;1;0;0.9600;18;18;0
org.apache.catalina.tribes.membership.McastService.setPayload(byte[]);org.apache.juli.logging.Log;0;0;4;0.9545;345;53;13;1;0;0.9583;18;18;0
org.apache.tomcat.util.bcel.classfile.FieldOrMethod.getSignature();org.apache.tomcat.util.bcel.Constants;0;0;0;0;0;0;0;0;0;0;0;0;0
org.apache.el.parser.ELParser.String();org.apache.el.parser.JJTELParserState;3;1;1;0.9854;2195;111;22;2;0;0.9091;74;10;5
org.apache.catalina.deploy.WebXml.toXml();org.apache.catalina.deploy.ContextHandler;10;2;30;0.7787;1446;42;41;1;0;0.9897;63;12;4
org.apache.el.parser.AstIdentifier.getType(EvaluationContext);org.apache.el.lang.EvaluationContext;1;0;0;1.0000;78;7;0;2;2;0.6667;35;7;3
org.apache.catalina.connector.Request.getServerName();org.apache.tomcat.util.buf.MessageBytes;1;0;1;0.9943;1084;128;51;1;0;0.9778;402;31;17
org.apache.coyote.http11.Http11NioProtocol.Http11ConnectionHandler.deregister(Http11NioProcessor);org.apache.coyote.RequestInfo;4;0;2;0.9048;166;8;6;1;1;0.9444;134;13;14
org.apache.catalina.connector.Response.addDateHeader(String, long);org.apache.catalina.util.DateTool;1;2;2;0.9540;578;70;19;0;1;1.0000;0;0;11
org.apache.tomcat.util.bcel.classfile.ConstantPool.constantToString(Constant);org.apache.tomcat.util.bcel.classfile.ConstantString;0;0;0;0;0;0;0;0;0;0;0;0;0
org.apache.catalina.connector.RequestFacade.getAttribute(String);org.apache.catalina.connector.Request;1;0;2;0.9865;462;73;2;1;0;0.9943;1084;128;51
org.apache.tomcat.util.http.ServerCookie.appendCookieValue(StringBuffer, int, String, String, String, String, String, int, boolean, boolean);org.apache.tomcat.util.http.CookieSupport;0;0;0;0;0;0;0;0;0;0;0;0;0
org.apache.jasper.compiler.TagLibraryInfoImpl.generateTLDLocation(String, JspCompilationContext);org.apache.jasper.compiler.ErrorDispatcher;1;0;1;0.9583;523;14;6;2;0;0.9167;158;22;2
org.apache.catalina.loader.WebappLoader.propertyChange(PropertyChangeEvent);org.apache.juli.logging.Log;1;1;2;0.9821;548;39;19;1;0;0.9474;18;18;0
org.apache.catalina.connector.Request.startAsync(ServletRequest, ServletResponse);org.apache.catalina.connector.Response;0;0;0;1.0000;1084;128;51;0;0;1.0000;578;70;19
org.apache.coyote.ajp.AjpAprProtocol.destroy();org.apache.juli.logging.Log;1;1;5;0.9298;219;40;15;2;0;0.9167;18;18;0
org.apache.catalina.tribes.group.interceptors.GzipInterceptor.messageReceived(ChannelMessage);org.apache.catalina.tribes.ChannelInterceptor;1;1;0;1.0000;47;5;1;1;0;0.9565;16;16;0
org.apache.jasper.compiler.Node.CustomTag.accept(Visitor);org.apache.jasper.compiler.Node.Visitor;0;0;0;1.0000;229;10;26;1;0;0.9714;126;35;0
org.apache.catalina.core.StandardContext.resourcesStart();org.apache.naming.resources.ProxyDirContext;4;3;8;0.9690;2385;204;107;0;3;0.9902;469;64;15
org.apache.coyote.http11.Http11Processor.prepareRequest();org.apache.tomcat.util.http.MimeHeaders;6;3;13;0.8391;847;26;37;2;0;0.9667;129;18;3
org.apache.catalina.connector.RequestFacade.getLocale();org.apache.catalina.Globals;2;0;2;0.9865;462;73;2;0;1;1.0000;0;0;39
org.apache.jasper.JspCompilationContext.getClassLoader();org.apache.jasper.compiler.JspRuntimeContext;1;0;2;0.9672;420;31;31;0;1;0.9545;174;9;10
org.apache.catalina.core.ApplicationContextFacade.executeMethod(Method, ApplicationContext, Object[]);org.apache.catalina.security.SecurityUtil;0;0;0;1.0000;426;46;3;1;0;1.0000;146;11;17
org.apache.jasper.compiler.Generator.GenerateVisitor.findJspBody(Node);org.apache.jasper.compiler.Node;1;0;0;1.0000;1737;45;16;0;1;0.9655;170;7;15
org.apache.tomcat.util.bcel.classfile.SourceFile.getSourceFileName();org.apache.tomcat.util.bcel.classfile.ConstantUtf8;0;0;0;0;0;0;0;0;0;0;0;0;0
org.apache.jasper.compiler.Generator.GenerateVisitor.visit(Node.SetProperty);org.apache.jasper.compiler.ELNode.Nodes;6;0;1;0.9868;1737;45;16;0;1;0.9583;35;5;2
org.apache.catalina.tribes.membership.McastServiceImpl.memberDataReceived(byte[]);org.apache.catalina.tribes.membership.MemberImpl;2;0;3;0.9545;308;12;27;1;1;0.9787;300;29;19
org.apache.catalina.users.MemoryGroup.getUsers();org.apache.catalina.User;0;0;1;0.9167;74;8;2;1;0;0.9474;17;17;0
org.apache.catalina.authenticator.FormAuthenticator.restoreRequest(Request, Session);org.apache.catalina.authenticator.Constants;3;0;0;1.0000;232;8;3;0;2;1.0000;0;0;19
org.apache.catalina.mbeans.MBeanUtils.createRegistry();org.apache.tomcat.util.modeler.Registry;0;0;1;1.0000;853;61;5;2;0;0.9762;446;36;10
org.apache.tomcat.util.bcel.classfile.StackMap.dump(DataOutputStream);org.apache.tomcat.util.bcel.classfile.StackMapEntry;0;0;0;0;0;0;0;0;0;0;0;0;0
org.apache.catalina.core.NamingContextListener.addService(ContextService);org.apache.juli.logging.Log;5;0;4;0.9464;745;23;11;3;0;0.9302;18;18;0
org.apache.coyote.http11.InternalInputBuffer.parseHeader();org.apache.coyote.http11.Constants;2;1;5;0.8148;313;11;14;0;8;1.0000;0;0;44
org.apache.catalina.connector.ResponseFacade.encodeUrl(String);org.apache.catalina.connector.Response;1;0;2;0.9756;224;40;2;1;0;0.9888;578;70;19
org.apache.tomcat.util.digester.Digester.addFactoryCreate(String, ObjectCreationFactory, boolean);org.apache.tomcat.util.digester.ObjectCreationFactory;0;1;0;0.9925;849;103;29;1;0;0.7500;3;3;0
org.apache.catalina.mbeans.MBeanFactory.removeConnector(String);org.apache.catalina.Service;0;1;0;0.9750;432;35;2;2;0;0.8947;15;15;0
org.apache.catalina.core.ApplicationContext.getRequestDispatcher(String);org.apache.catalina.util.RequestUtil;3;1;3;0.9565;460;47;13;1;0;1.0000;183;13;1
org.apache.jasper.compiler.TagPluginManager.init(ErrorDispatcher);org.apache.jasper.compiler.ErrorDispatcher;0;0;5;0.7500;66;3;6;1;0;0.9655;158;22;2
org.apache.catalina.ssi.SSIProcessor.process(Reader, long, PrintWriter);org.apache.catalina.ssi.SSIConditionalState;2;4;5;0.5882;202;9;6;0;1;0.9286;0;0;3
org.apache.jasper.xmlparser.UTF8Reader.invalidSurrogate(int);org.apache.jasper.compiler.Localizer;0;0;0;1.0000;356;11;7;1;0;1.0000;34;6;1
org.apache.catalina.mbeans.MBeanUtils.createObjectName(String, Manager);org.apache.catalina.Context;0;0;0;1.0000;853;61;5;1;0;0.9922;125;125;1
org.apache.tomcat.util.digester.Digester.configure();org.apache.juli.logging.LogFactory;0;1;3;0.9697;849;103;29;1;0;1.0000;50;12;6
org.apache.catalina.tribes.membership.McastService.start(int);org.apache.juli.logging.Log;2;1;6;0.9211;345;53;13;1;0;0.9730;18;18;0
org.apache.tomcat.util.net.AprEndpoint.Sendfile.init();org.apache.tomcat.util.net.AprEndpoint;1;0;5;0.6667;187;5;6;1;4;0.9405;629;27;59
org.apache.catalina.connector.Request.getSession();org.apache.catalina.Session;0;1;0;0.9942;1084;128;51;1;0;0.9697;32;32;4
org.apache.jasper.compiler.Generator.createJspId();org.apache.jasper.JspCompilationContext;0;0;3;0.9189;781;28;16;1;0;0.9844;420;31;31
org.apache.catalina.startup.Tomcat.getEngine();org.apache.catalina.Engine;0;1;3;0.8889;218;21;14;0;0;1.0000;6;6;0
org.apache.jasper.compiler.Parser.parsePlugin(Node);org.apache.jasper.compiler.JspReader;0;2;3;0.9385;1203;56;14;1;0;0.9750;322;25;9
org.apache.el.ValueExpressionLiteral.setValue(ELContext, Object);org.apache.el.util.MessageFactory;0;0;1;0.9286;51;11;3;1;0;1.0000;24;7;1
org.apache.el.parser.ELParser.ReInit(java.io.InputStream, String);org.apache.el.parser.JJTELParserState;1;0;8;0.9398;2195;111;22;1;0;0.9600;74;10;5
org.apache.catalina.deploy.ErrorPage.setLocation(String);org.apache.catalina.util.RequestUtil;0;0;1;0.8750;41;6;3;1;0;1.0000;183;13;1
org.apache.el.parser.ELParser.Multiplication();org.apache.el.parser.JJTELParserState;2;3;4;0.9510;2195;111;22;4;0;0.8710;74;10;5
org.apache.catalina.mbeans.MBeanUtils.createObjectName(String, Role);org.apache.catalina.Role;0;0;0;1.0000;853;61;5;2;0;0.6667;5;5;0
org.apache.catalina.deploy.WebXml.toXml();org.apache.catalina.deploy.ErrorPage;10;2;30;0.7787;1446;42;41;3;0;0.9659;41;6;3
org.apache.coyote.http11.AbstractHttp11Protocol.setBacklog(int);org.apache.tomcat.util.net.AbstractEndpoint;0;0;0;0;0;0;0;0;0;0;0;0;0
org.apache.coyote.ajp.AjpAprProtocol.AjpConnectionHandler.unregister(AjpAprProcessor);org.apache.tomcat.util.modeler.Registry;4;0;1;0.9412;86;5;4;2;0;0.9804;446;36;10
org.apache.coyote.ajp.AjpAprProtocol.AjpConnectionHandler.process(long);org.apache.coyote.ajp.AjpAprProtocol;3;1;1;0.8571;86;5;4;0;2;1.0000;219;40;15
org.apache.catalina.session.StandardSession.expire(boolean);org.apache.catalina.Globals;2;5;7;0.8851;558;58;26;0;0;1.0000;0;0;39
org.apache.catalina.filters.FilterBase.init(FilterConfig);org.apache.juli.logging.Log;0;0;0;0;0;0;0;0;0;0;0;0;0
org.apache.catalina.connector.CoyoteAdapter.asyncDispatch(org.apache.coyote.Request, org.apache.coyote.Response, SocketStatus);org.apache.catalina.connector.Request;0;0;0;0;0;0;0;0;0;0;0;0;0
org.apache.catalina.valves.CometConnectionManagerValve.event(Request, Response, CometEvent);org.apache.catalina.Valve;1;0;2;0.8947;146;11;6;1;0;0.9091;6;6;0
org.apache.jasper.compiler.Parser.parseOptionalBody(Node, String, String);org.apache.jasper.compiler.JspReader;0;2;2;0.9412;1203;56;14;3;0;0.9268;322;25;9
org.apache.catalina.ha.session.DeltaManager.deserializeSessionId(byte[]);org.apache.catalina.tribes.io.ReplicationStream;0;0;0;0;0;0;0;0;0;0;0;0;0
org.apache.coyote.ajp.AjpAprProtocol.getExecutor();org.apache.tomcat.util.net.AbstractEndpoint;0;0;0;0;0;0;0;0;0;0;0;0;0
org.apache.jasper.compiler.Generator.GenerateVisitor.generateAliasMap(Node.CustomTag, String);org.apache.jasper.compiler.Node.CustomTag;0;0;1;0.9846;1737;45;16;1;0;0.9778;229;10;26
org.apache.catalina.tribes.io.ChannelData.getDataPackage(byte[], int);org.apache.catalina.tribes.membership.MemberImpl;1;0;5;0.7368;165;14;7;1;0;0.9783;300;29;19
org.apache.catalina.core.ApplicationContext.populateSessionTrackingModes();org.apache.catalina.Container;0;0;0;0;0;0;0;0;0;0;0;0;0
org.apache.catalina.manager.JMXProxyServlet.init();org.apache.tomcat.util.modeler.Registry;0;0;2;0.8000;129;8;2;2;0;0.9773;446;36;10
org.apache.catalina.mbeans.MBeanFactory.getService(ObjectName);org.apache.catalina.Server;2;0;0;1.0000;432;35;2;1;0;0.9375;15;15;0
org.apache.naming.resources.ProxyDirContext.validate(CacheEntry);org.apache.naming.resources.Resource;2;0;0;1.0000;469;64;15;0;1;0.9000;23;1;2
org.apache.catalina.connector.Request.getRequestDispatcher(String);org.apache.catalina.Context;1;3;1;0.9769;1084;128;51;1;0;0.9922;125;125;1
org.apache.catalina.mbeans.ServerLifecycleListener.destroyMBeans(Connector, Service);org.apache.catalina.mbeans.MBeanUtils;0;0;1;1.0000;569;32;2;1;0;1.0000;853;61;5
org.apache.coyote.Response.finish();org.apache.coyote.ActionCode;1;1;0;0.9722;250;19;18;0;1;1.0000;6;0;26
org.apache.catalina.startup.Catalina.CatalinaShutdownHook.run();org.apache.tomcat.util.res.StringManager;1;0;0;1.0000;5;1;0;0;0;1.0000;36;3;3
org.apache.catalina.realm.JNDIRealm.getPrincipal(String);org.apache.tomcat.util.res.StringManager;1;4;0;0.9459;728;44;31;0;0;1.0000;36;3;3
org.apache.catalina.startup.Embedded.addConnector(Connector);org.apache.juli.logging.Log;1;0;3;0.9787;372;34;11;2;0;0.9048;18;18;0
org.apache.catalina.connector.OutputBuffer.close();org.apache.coyote.Response;1;1;4;0.8837;207;25;15;1;2;0.9302;250;19;18
org.apache.catalina.connector.CoyoteInputStream.read(byte[], int, int);org.apache.catalina.connector.InputBuffer;0;0;1;0.8889;141;8;1;1;0;0.9722;210;19;17
org.apache.jasper.compiler.Node.TaglibDirective.accept(Visitor);org.apache.jasper.compiler.Node.Visitor;0;0;0;1.0000;6;1;0;1;0;0.9714;126;35;0
org.apache.coyote.http11.Http11AprProcessor.parseHost(MessageBytes);org.apache.tomcat.util.buf.HexUtils;6;0;6;0.9167;938;28;36;0;1;1.0000;50;5;3
org.apache.catalina.core.ApplicationFilterChain.internalDoFilter(ServletRequest, ServletResponse);org.apache.catalina.deploy.FilterDef;3;0;10;0.7059;225;9;13;0;0;1.0000;51;9;7
org.apache.tomcat.util.buf.CharChunk.hashIgnoreCase();org.apache.tomcat.util.buf.Ascii;0;0;3;0.9362;393;39;8;1;0;1.0000;91;11;7
org.apache.catalina.mbeans.ServerLifecycleListener.destroyMBeans(Host);org.apache.juli.logging.Log;0;1;1;0.9737;569;32;2;2;0;0.9130;18;18;0
org.apache.el.parser.AstDeferredExpression.isReadOnly(EvaluationContext);org.apache.el.parser.Node;0;0;0;1.0000;15;4;0;1;0;0.9375;15;15;0
org.apache.catalina.tribes.transport.nio.NioReplicationTask.serviceChannel(SelectionKey);org.apache.juli.logging.Log;1;0;2;0.9286;197;7;5;2;0;0.9000;18;18;0
org.apache.el.parser.ELParser.BracketSuffix();org.apache.el.parser.ELParserTreeConstants;2;2;1;0.9783;2195;111;22;0;1;0.9767;0;0;34
org.apache.catalina.startup.EngineConfig.start();org.apache.tomcat.util.res.StringManager;1;0;2;0.8333;17;3;3;0;0;1.0000;36;3;3
org.apache.coyote.http11.Http11AprProcessor.action(ActionCode, Object);org.apache.tomcat.util.net.AprEndpoint.Handler;9;1;18;0.8068;938;28;36;0;0;1.0000;2;2;1
org.apache.tomcat.util.modeler.BaseModelMBean.sendNotification(Notification);org.apache.tomcat.util.modeler.BaseNotificationBroadcaster;0;0;1;0.9706;284;28;9;1;0;0.8750;54;6;1
org.apache.catalina.tribes.group.interceptors.MessageDispatchInterceptor.sendAsyncData(LinkObject);org.apache.catalina.tribes.ChannelMessage;2;1;1;0.9688;138;12;8;2;0;0.9130;11;11;0
org.apache.catalina.core.StandardContextValve.invoke(Request, Response);org.apache.catalina.Valve;2;1;2;0.9167;86;5;3;1;0;0.9615;6;6;0
org.apache.catalina.connector.CoyoteReader.read(char[], int, int);org.apache.catalina.connector.InputBuffer;0;0;1;0.9333;102;12;4;1;0;0.9722;210;19;17
org.apache.catalina.mbeans.MBeanUtils.createObjectName(String, Context);org.apache.catalina.Container;0;0;0;1.0000;853;61;5;1;0;0.9722;34;34;6
org.apache.jasper.compiler.DeclarationVisitor.visit(Node.PageDirective);org.apache.jasper.compiler.Node;2;0;0;1.0000;36;3;1;1;0;0.9714;170;7;15
org.apache.catalina.tribes.group.interceptors.OrderInterceptor.sendMessage(Member[], ChannelMessage, InterceptorPayload);org.apache.catalina.tribes.io.XByteBuffer;0;1;1;0.9231;141;9;8;2;0;0.9412;317;36;7
org.apache.catalina.mbeans.MBeanFactory.getParentContainerFromParent(ObjectName);org.apache.catalina.Container;0;2;0;0.9474;432;35;2;1;0;0.9737;34;34;6
org.apache.jasper.compiler.JspConfig.processWebDotXml();org.apache.jasper.compiler.WebXml;0;0;0;0;0;0;0;0;0;0;0;0;0
org.apache.jasper.compiler.Generator.GenerateVisitor.visit(Node.JspBody);org.apache.jasper.compiler.Node;1;1;3;0.9385;1737;45;16;0;1;0.9714;170;7;15
org.apache.catalina.connector.Request.login(String, String);org.apache.catalina.Authenticator;0;0;0;1.0000;1084;128;51;0;0;1.0000;0;0;0
org.apache.jasper.compiler.Validator.ValidateVisitor.visit(Node.SetProperty);org.apache.jasper.compiler.JspUtil;1;1;2;0.9565;710;36;19;1;0;1.0000;693;44;8
org.apache.catalina.connector.RequestFacade.getAllowTrace();org.apache.catalina.connector.Connector;0;0;1;0.9867;462;73;2;1;0;0.9894;455;59;40
org.apache.catalina.core.ContainerBase.removeChild(Container);org.apache.juli.logging.Log;1;1;3;0.9670;603;62;29;1;0;0.9565;18;18;0
org.apache.catalina.connector.MapperListener.findDefaultHost();org.apache.catalina.Container;0;0;0;0;0;0;0;0;0;0;0;0;0
org.apache.catalina.core.ApplicationContext.createServlet(Class<T>);org.apache.tomcat.InstanceManager;0;0;0;1.0000;460;47;13;0;0;1.0000;4;4;0
org.apache.catalina.ha.session.DeltaManager.getAllClusterSessions();org.apache.catalina.ha.session.SessionMessage;2;3;11;0.8681;826;43;42;2;1;0.9200;5;5;7
org.apache.jasper.runtime.PageContextImpl.doForward(String);org.apache.jasper.compiler.Localizer;1;1;4;0.9057;634;40;16;1;0;1.0000;34;6;1
org.apache.catalina.users.MemoryUser.toString();org.apache.catalina.util.RequestUtil;0;0;2;0.9000;108;12;3;1;0;1.0000;183;13;1
org.apache.catalina.mbeans.ServerLifecycleListener.lifecycleEvent(LifecycleEvent);org.apache.catalina.core.StandardContext;3;5;1;0.8684;569;32;2;2;0;0.9937;2385;204;107
org.apache.catalina.core.StandardContext.listenerStop();org.apache.juli.logging.Log;2;3;2;0.9873;2385;204;107;3;0;0.8800;18;18;0
org.apache.catalina.mbeans.GroupMBean.removeRole(String);org.apache.catalina.Group;0;0;0;1.0000;63;4;3;2;0;0.8462;11;11;0
org.apache.catalina.core.ApplicationContext.addServlet(String, String, Servlet);org.apache.catalina.core.ContainerBase;0;0;0;0;0;0;0;0;0;0;0;0;0
org.apache.catalina.startup.ContextConfig.processAnnotationsJndi(URL, WebXml);org.apache.tomcat.util.ExceptionUtils;0;0;0;0;0;0;0;0;0;0;0;0;0
org.apache.catalina.tribes.group.interceptors.MessageDispatchInterceptor.removeFromQueue();org.apache.catalina.tribes.transport.bio.util.FastQueue;0;0;1;0.9500;138;12;8;1;0;0.9615;172;11;14
org.apache.jasper.compiler.TagLibraryInfoImpl.parseTLD(String, InputStream, JarResource);org.apache.jasper.xmlparser.ParserUtils;0;4;3;0.7586;523;14;6;1;0;0.9444;58;3;3
org.apache.coyote.http11.InternalAprOutputBuffer.endRequest();org.apache.coyote.Response;1;1;5;0.8462;235;24;13;1;0;0.9773;250;19;18
org.apache.jasper.compiler.Generator.GenerateVisitor.visit(Node.ELExpression);org.apache.jasper.compiler.JspUtil;6;0;2;0.9714;1737;45;16;1;0;1.0000;693;44;8
org.apache.catalina.tribes.transport.PooledSender.SenderQueue.checkIdleKeepAlive();org.apache.catalina.tribes.transport.DataSender;0;0;1;0.9231;87;7;5;1;0;0.9167;11;11;0
org.apache.catalina.realm.MemoryRealm.getDigester();org.apache.juli.logging.Log;2;0;3;1.0000;97;8;7;1;0;0.9524;18;18;0
org.apache.catalina.ha.tcp.ReplicationValve.invoke(Request, Response);org.apache.catalina.Valve;1;3;5;0.8667;283;17;17;1;0;0.9600;6;6;0
org.apache.catalina.core.StandardWrapperValve.invoke(Request, Response);org.apache.catalina.core.ApplicationFilterFactory;4;1;5;0.8780;341;4;6;2;3;0.9767;183;6;11
org.apache.catalina.util.ParameterMap.clear();org.apache.tomcat.util.res.StringManager;1;0;2;0.8889;34;5;2;0;0;1.0000;36;3;3
org.apache.catalina.core.ApplicationContext.addServlet(String, String, Servlet);org.apache.catalina.util.LifecycleBase;0;0;0;0;0;0;0;0;0;0;0;0;0
org.apache.coyote.ajp.AjpProcessor.process(SocketWrapper<Socket>);org.apache.tomcat.util.net.SocketWrapper;0;0;0;0;0;0;0;0;0;0;0;0;0
org.apache.catalina.startup.TldConfig.tldScanWebXml();org.apache.juli.logging.Log;0;0;0;0;0;0;0;0;0;0;0;0;0
org.apache.catalina.tribes.transport.bio.util.FastQueue.unlockAdd();org.apache.catalina.tribes.transport.bio.util.SingleRemoveSynchronizedAddLock;0;0;2;0.9200;172;11;14;1;0;0.9375;88;6;7
org.apache.catalina.users.MemoryUserDatabase.open();org.apache.tomcat.util.digester.Digester;1;0;6;0.8857;252;22;10;3;0;0.9783;849;103;29
org.apache.jasper.runtime.TagHandlerPool.init(ServletConfig);org.apache.jasper.Constants;1;1;4;0.6667;98;6;6;0;1;1.0000;0;0;34
org.apache.coyote.ajp.AjpProtocol.destroy();org.apache.tomcat.util.net.JIoEndpoint;1;1;5;0.9200;201;32;16;1;0;0.9804;312;23;26
org.apache.catalina.authenticator.DigestAuthenticator.authenticate(Request, HttpServletResponse, LoginConfig);org.apache.catalina.connector.Request;1;4;1;0.8235;123;8;5;4;0;0.9781;1084;128;51
org.apache.coyote.ajp.AjpProcessor.action(ActionCode, Object);org.apache.coyote.RequestInfo;6;3;11;0.7857;570;12;32;0;0;1.0000;134;13;14
org.apache.catalina.core.StandardEngine.setParent(Container);org.apache.tomcat.util.res.StringManager;0;0;0;1.0000;237;19;9;1;0;0.8000;36;3;3
org.apache.catalina.startup.VersionRule.begin(String, String, Attributes);org.apache.juli.logging.Log;0;0;0;0;0;0;0;0;0;0;0;0;0
org.apache.catalina.tribes.group.interceptors.NonBlockingCoordinator.handleMyToken(MemberImpl, CoordinationMessage, Member, Membership);org.apache.catalina.tribes.group.AbsoluteOrder;1;3;3;0.9107;352;38;14;0;1;1.0000;7;1;1
org.apache.catalina.core.StandardWrapper.unload();org.apache.catalina.InstanceEvent;4;1;10;0.9091;712;75;32;0;2;1.0000;89;7;17
org.apache.coyote.ajp.AjpAprProcessor.process(long);org.apache.coyote.Adapter;5;4;14;0.7115;616;13;30;1;0;0.9667;2;2;0
org.apache.catalina.core.StandardContext.getServletContext();org.apache.catalina.core.ApplicationContext;1;1;2;0.9903;2385;204;107;2;0;0.9661;460;47;13
org.apache.tomcat.util.http.ValuesEnumerator.findNext();org.apache.tomcat.util.http.MimeHeaders;0;0;5;0.5455;26;3;5;2;0;0.9259;129;18;3
org.apache.catalina.tribes.transport.nio.NioReplicationTask.run();org.apache.juli.logging.Log;1;2;4;0.7619;197;7;5;7;0;0.7308;18;18;0
org.apache.catalina.ha.tcp.ReplicationValve.registerReplicationSession(DeltaSession);org.apache.catalina.session.StandardSession;1;0;3;0.9730;283;17;17;2;0;0.9756;558;58;26
org.apache.catalina.startup.ContextConfig.getHostWebXmlSource();org.apache.juli.logging.Log;0;0;0;0;0;0;0;0;0;0;0;0;0
org.apache.catalina.core.ApplicationContextFacade.getDefaultSessionTrackingModes();org.apache.catalina.security.SecurityUtil;1;1;1;0.9600;426;46;3;1;0;1.0000;146;11;17
org.apache.catalina.connector.InputBuffer.recycle();org.apache.tomcat.util.buf.CharChunk;1;0;10;0.7619;210;19;17;2;4;0.9000;393;39;8
org.apache.coyote.http11.InternalNioOutputBuffer.sendAck();org.apache.tomcat.util.net.SecureNioChannel.ApplicationBufferHandler;2;1;2;0.9318;294;26;16;1;0;0.8571;3;3;0
org.apache.jasper.compiler.SmapUtil.SDEInstaller.copyConstantPool(int);org.apache.juli.logging.Log;0;7;2;0.6923;227;21;8;2;0;0.9231;18;18;0
org.apache.catalina.startup.ContextConfig.webConfig();org.apache.juli.logging.Log;0;0;0;0;0;0;0;0;0;0;0;0;0
org.apache.catalina.core.ApplicationContextFacade.getEffectiveSessionTrackingModes();org.apache.catalina.security.SecurityUtil;0;1;1;0.9600;426;46;3;1;0;1.0000;146;11;17
org.apache.catalina.connector.ResponseFacade.setLocale(Locale);org.apache.catalina.connector.Response;0;1;1;0.9512;224;40;2;1;0;0.9889;578;70;19
org.apache.catalina.connector.CoyoteAdapter.asyncDispatch(org.apache.coyote.Request, org.apache.coyote.Response, SocketStatus);org.apache.catalina.Valve;0;0;0;0;0;0;0;0;0;0;0;0;0
org.apache.catalina.connector.Request.isAsyncStarted();org.apache.catalina.core.AsyncContextImpl;0;0;0;1.0000;1084;128;51;0;0;1.0000;244;21;12
org.apache.catalina.startup.ContextConfig.processAnnotationsUrl(URL, WebXml);org.apache.juli.logging.Log;0;0;0;0;0;0;0;0;0;0;0;0;0
org.apache.tomcat.util.bcel.classfile.AnnotationEntry.dump(DataOutputStream);org.apache.tomcat.util.bcel.classfile.ElementValuePair;0;0;0;0;0;0;0;0;0;0;0;0;0
org.apache.catalina.manager.ManagerServlet.roles(PrintWriter);org.apache.tomcat.util.res.StringManager;1;0;2;0.9783;913;34;13;0;0;1.0000;36;3;3
org.apache.catalina.connector.Request.doGetSession(boolean);org.apache.catalina.Container;2;4;7;0.9451;1084;128;51;1;0;0.9811;34;34;6
org.apache.catalina.ssi.SSIServletExternalResolver.getCGIVariable(String);org.apache.coyote.Constants;1;1;2;0.9000;400;20;7;0;1;1.0000;0;0;14
org.apache.catalina.tribes.group.GroupChannel.getMembershipService();org.apache.catalina.tribes.group.ChannelCoordinator;1;0;1;0.9697;268;24;8;0;1;0.9565;164;15;5
org.apache.tomcat.util.digester.Digester.skippedEntity(String);org.apache.juli.logging.Log;0;0;1;0.9925;849;103;29;2;0;0.8947;18;18;0
org.apache.catalina.valves.AccessLogValve.ThreadNameElement.addElement(StringBuilder, Date, Request, Response, long);org.apache.coyote.RequestInfo;2;0;0;1.0000;9;1;0;0;1;0.9655;134;13;14
org.apache.jasper.runtime.PageContextImpl.release();org.apache.jasper.runtime.JspWriterImpl;0;0;14;0.7455;634;40;16;2;0;0.9661;233;36;7
org.apache.el.parser.AstValue.setValue(EvaluationContext, Object);org.apache.el.lang.EvaluationContext;0;2;1;0.8333;103;8;1;2;0;0.8667;35;7;3
org.apache.catalina.startup.ContextConfig.processAnnotationWebFilter(String, AnnotationEntry, WebXml);org.apache.tomcat.util.bcel.classfile.ElementValuePair;0;0;0;0;0;0;0;0;0;0;0;0;0
org.apache.catalina.ha.authenticator.ClusterSingleSignOn.startInternal();org.apache.catalina.ha.CatalinaCluster;0;0;0;0;0;0;0;0;0;0;0;0;0
org.apache.catalina.ha.context.ReplicatedContext.startInternal();org.apache.catalina.ha.CatalinaCluster;0;0;0;0;0;0;0;0;0;0;0;0;0
org.apache.catalina.deploy.SecurityConstraint.createConstraint(HttpConstraintElement, String, boolean);org.apache.catalina.deploy.SecurityCollection;0;0;0;0;0;0;0;0;0;0;0;0;0
org.apache.catalina.connector.RequestFacade.startAsync();org.apache.catalina.connector.Request;0;0;1;0.9865;462;73;2;1;0;0.9943;1084;128;51
org.apache.coyote.ajp.AjpAprProtocol.getMaxThreads();org.apache.tomcat.util.net.AbstractEndpoint;0;0;0;0;0;0;0;0;0;0;0;0;0
org.apache.catalina.core.ApplicationFilterConfig.release();org.apache.juli.logging.Log;2;0;2;0.8947;121;10;5;1;0;0.9583;18;18;0
org.apache.catalina.tribes.group.interceptors.NonBlockingCoordinator.handleToken(CoordinationMessage, Member, Membership);org.apache.catalina.tribes.membership.MemberImpl;0;3;0;0.9400;352;38;14;1;0;0.9767;300;29;19
org.apache.catalina.startup.ContextConfig.configureStop();org.apache.catalina.Container;0;0;0;0;0;0;0;0;0;0;0;0;0
org.apache.catalina.startup.ContextConfig.createWebXmlDigester(boolean, boolean);org.apache.catalina.startup.DigesterFactory;0;0;2;1.0000;779;23;16;1;0;1.0000;49;5;1
org.apache.catalina.startup.UserConfig.deploy(String, String);org.apache.catalina.Context;1;0;5;0.8261;89;10;8;2;0;0.9852;125;125;1
org.apache.tomcat.util.digester.FactoryCreateRule.begin(String, String, Attributes);org.apache.tomcat.util.digester.ObjectCreationFactory;2;1;2;0.8966;114;5;5;1;0;0.9333;3;3;0
org.apache.catalina.connector.CoyoteAdapter.event(org.apache.coyote.Request, org.apache.coyote.Response, SocketStatus);org.apache.coyote.ActionCode;8;0;4;0.9375;505;11;8;0;1;1.0000;6;0;26
org.apache.catalina.authenticator.DigestAuthenticator.authenticate(Request, HttpServletResponse, LoginConfig);org.apache.catalina.authenticator.Constants;1;4;1;0.8235;123;8;5;0;2;1.0000;0;0;19
org.apache.catalina.session.PersistentManagerBase.swapIn(String);org.apache.juli.logging.Log;1;1;2;0.9623;420;33;13;3;0;0.8929;18;18;0
org.apache.catalina.tribes.tipis.AbstractReplicatedMap.memberDisappeared(Member);org.apache.juli.logging.Log;0;2;4;0.9342;740;50;17;3;0;0.9063;18;18;0
org.apache.catalina.connector.ResponseFacade.getContentType();org.apache.catalina.connector.Response;1;0;2;0.9756;224;40;2;1;0;0.9888;578;70;19
org.apache.catalina.ha.session.BackupManager.setCluster(CatalinaCluster);org.apache.juli.logging.Log;0;0;2;0.9630;146;20;7;2;0;0.8947;18;18;0
org.apache.catalina.tribes.group.ChannelCoordinator.messageReceived(ChannelMessage);org.apache.catalina.tribes.ChannelMessage;1;0;0;1.0000;164;15;5;2;0;0.8667;11;11;0
org.apache.coyote.http11.Http11NioProtocol.init();org.apache.tomcat.util.net.NioEndpoint;2;1;5;0.9685;448;96;26;1;2;0.9717;629;43;64
org.apache.catalina.session.StandardSession.expire(boolean);org.apache.catalina.Session;2;5;7;0.8851;558;58;26;0;1;1.0000;32;32;4
org.apache.catalina.manager.host.HostManagerServlet.add(PrintWriter, String, String, String, boolean, boolean, boolean, boolean, boolean);org.apache.catalina.Container;0;0;0;0;0;0;0;0;0;0;0;0;0
org.apache.catalina.connector.ResponseFacade.setDateHeader(String, long);org.apache.catalina.connector.Response;1;1;1;0.9512;224;40;2;1;0;0.9889;578;70;19
org.apache.catalina.connector.ResponseFacade.getStatus();org.apache.catalina.connector.Response;0;0;1;0.9756;224;40;2;1;0;0.9888;578;70;19
org.apache.catalina.ha.tcp.ReplicationValve.resetDeltaRequest(Session);org.apache.catalina.Session;1;0;2;1.0000;283;17;17;1;0;0.9730;32;32;4
org.apache.catalina.connector.ResponseFacade.getHeaderNames();org.apache.catalina.connector.Response;0;0;1;0.9756;224;40;2;1;0;0.9888;578;70;19
org.apache.tomcat.util.net.NioEndpoint.PollerEvent.run();org.apache.juli.logging.Log;4;0;3;0.8125;60;4;3;1;0;0.9655;18;18;0
org.apache.catalina.util.InstanceSupport.fireInstanceEvent(String, Servlet, Throwable);org.apache.catalina.InstanceListener;0;0;2;0.8667;81;11;3;1;0;0.6667;1;1;0
org.apache.tomcat.util.digester.ObjectCreateRule.begin(String, String, Attributes);org.apache.tomcat.util.digester.Digester;2;0;2;0.8667;43;3;2;2;2;0.9710;849;103;29
org.apache.catalina.connector.Response.setSuspended(boolean);org.apache.catalina.connector.OutputBuffer;1;0;1;0.9886;578;70;19;0;1;0.9756;207;25;15
org.apache.catalina.core.StandardHost.MemoryLeakTrackingListener.lifecycleEvent(LifecycleEvent);org.apache.catalina.core.StandardHost;0;0;0;0;0;0;0;0;0;0;0;0;0
org.apache.catalina.tribes.transport.PooledSender.SenderQueue.getSender(long);org.apache.catalina.tribes.transport.PooledSender;0;0;5;0.6154;87;7;5;1;0;0.9474;39;11;2
org.apache.catalina.mbeans.MemoryUserDatabaseMBean.createRole(String, String);org.apache.catalina.UserDatabase;0;1;0;0.9500;168;12;6;1;0;0.9444;16;16;0
org.apache.catalina.realm.RealmBase.getObjectNameKeyProperties();org.apache.catalina.mbeans.MBeanUtils;0;0;0;0;0;0;0;0;0;0;0;0;0
org.apache.catalina.startup.HostConfig.deployDirectory(String, File, String);org.apache.catalina.util.IOTools;2;3;7;0.8793;755;35;15;1;0;1.0000;22;4;1
org.apache.catalina.valves.AccessLogValve.CookieElement.addElement(StringBuilder, Date, Request, Response, long);org.apache.catalina.connector.Request;0;0;1;0.5000;16;1;1;1;0;0.9943;1084;128;51
org.apache.coyote.http11.Http11Processor.action(ActionCode, Object);org.apache.coyote.Constants;6;1;18;0.8068;847;26;37;0;0;1.0000;0;0;14
org.apache.catalina.tribes.membership.McastService.getMembers();org.apache.catalina.tribes.membership.McastServiceImpl;1;0;2;0.9844;345;53;13;0;1;0.9750;308;12;27
org.apache.tomcat.util.digester.Digester.notationDecl(String, String, String);org.apache.juli.logging.Log;0;0;1;0.9925;849;103;29;2;0;0.8947;18;18;0
org.apache.coyote.http11.Http11NioProtocol.Http11ConnectionHandler.deregister(Http11NioProcessor);org.apache.juli.logging.Log;4;0;2;0.9048;166;8;6;3;0;0.8846;18;18;0
org.apache.el.parser.JJTELParserState.closeNodeScope(Node, boolean);org.apache.el.parser.Node;0;3;3;0.6667;74;10;5;3;0;0.8571;15;15;0
org.apache.catalina.mbeans.ContextEnvironmentMBean.setAttribute(Attribute);org.apache.catalina.deploy.ResourceBase;0;0;0;1.0000;19;1;0;0;0;1.0000;43;9;6
org.apache.catalina.tribes.group.GroupChannel.messageReceived(ChannelMessage);org.apache.catalina.tribes.ChannelMessage;3;1;1;0.9574;268;24;8;4;0;0.8333;11;11;0
org.apache.catalina.manager.StatusTransformer.setContentType(HttpServletResponse, int);org.apache.catalina.manager.Constants;1;0;0;1.0000;601;20;0;0;1;1.0000;0;0;11
org.apache.tomcat.util.modeler.modules.MbeansSource.updateField(ObjectName, String, Object);org.apache.tomcat.util.DomUtil;2;0;3;0.8947;198;11;10;5;0;1.0000;130;14;1
org.apache.catalina.realm.JAASRealm.createPrincipal(String, Subject, LoginContext);org.apache.juli.logging.Log;1;0;4;0.9091;195;15;10;2;0;0.9000;18;18;0
org.apache.coyote.Request.getContentType();org.apache.tomcat.util.buf.MessageBytes;0;1;1;0.9623;219;17;34;2;0;0.9556;402;31;17
org.apache.catalina.ha.tcp.ReplicationValve.invoke(Request, Response);org.apache.catalina.ha.CatalinaCluster;1;3;5;0.8667;283;17;17;2;0;0.9487;20;20;1
org.apache.catalina.session.PersistentManagerBase.PrivilegedStoreKeys.run();org.apache.catalina.Store;1;0;0;1.0000;5;1;0;1;0;0.9167;11;11;0
org.apache.jasper.compiler.DeclarationVisitor.visit(Node.Declaration);org.apache.jasper.compiler.Node.ScriptingElement;3;0;0;1.0000;36;3;1;1;0;0.9000;30;2;0
org.apache.catalina.connector.CoyoteAdapter.service(org.apache.coyote.Request, org.apache.coyote.Response);org.apache.catalina.connector.Connector;8;0;4;0.9524;505;11;8;4;1;0.9587;455;59;40
org.apache.catalina.mbeans.MBeanFactory.createStandardManager(String);org.apache.catalina.core.ContainerBase;1;1;0;0.9730;432;35;2;1;0;0.9890;603;62;29
org.apache.catalina.tribes.group.interceptors.NonBlockingCoordinator.CoordinationMessage.write();org.apache.catalina.tribes.membership.MemberImpl;2;0;6;0.7143;90;8;7;1;0;0.9796;300;29;19
org.apache.jasper.compiler.ParserController.getPageEncodingForJspSyntax(JspReader, Mark);org.apache.jasper.compiler.JspReader;0;1;0;0.9655;284;13;13;4;0;0.8919;322;25;9
org.apache.catalina.realm.RealmBase.getDomainInternal();org.apache.catalina.mbeans.MBeanUtils;0;0;0;0;0;0;0;0;0;0;0;0;0
org.apache.jasper.compiler.Generator.GenerateVisitor.generateSetters(Node.CustomTag, String, TagHandlerInfo, boolean);org.apache.jasper.compiler.Node;5;0;4;0.9467;1737;45;16;0;1;0.9778;170;7;15
org.apache.coyote.http11.Http11AprProtocol.getSSLCARevocationFile();org.apache.tomcat.util.net.AprEndpoint;1;0;1;0.9901;387;76;26;0;1;0.9875;629;27;59
org.apache.catalina.tribes.membership.McastService.start();org.apache.catalina.tribes.MembershipService;1;1;0;0.9839;345;53;13;0;2;1.0000;17;17;2
org.apache.catalina.deploy.WebXml.toXml();org.apache.catalina.deploy.ContextService;10;2;30;0.7787;1446;42;41;8;0;0.9184;114;18;6
org.apache.coyote.ajp.AjpMessage.appendCharChunk(CharChunk);org.apache.tomcat.util.res.StringManager;1;2;2;0.9310;235;23;5;1;0;0.9091;36;3;3
org.apache.catalina.core.StandardContext.isServlet22();org.apache.catalina.startup.Constants;1;0;1;0.9968;2385;204;107;0;1;1.0000;0;0;45
org.apache.naming.resources.ProxyDirContext.cacheLoad(CacheEntry);org.apache.naming.resources.CacheEntry;2;0;4;0.9556;469;64;15;0;7;0.6500;13;2;8
org.apache.tomcat.util.http.MimeHeaderField.recycle();org.apache.tomcat.util.buf.MessageBytes;0;0;3;0.5000;13;1;4;1;0;0.9783;402;31;17
org.apache.tomcat.util.modeler.Registry.getMethodInfo(ObjectName, String);org.apache.juli.logging.Log;0;0;2;0.9762;446;36;10;1;0;0.9474;18;18;0
org.apache.catalina.tribes.transport.nio.NioReceiver.addEvent(Runnable);org.apache.juli.logging.Log;0;0;3;0.9130;269;15;8;2;0;0.9048;18;18;0
org.apache.catalina.core.StandardThreadExecutor.execute(Runnable);org.apache.tomcat.util.threads.ThreadPoolExecutor;0;0;1;0.9643;121;16;10;1;0;0.9167;46;5;1
org.apache.tomcat.util.net.AprEndpoint.init();org.apache.tomcat.jni.Socket;7;0;29;0.6456;629;27;59;4;7;1.0000;37;37;34
org.apache.catalina.connector.Request.removeAttribute(String);org.apache.catalina.Context;3;1;5;0.9718;1084;128;51;2;0;0.9850;125;125;1
org.apache.catalina.connector.CoyoteAdapter.asyncDispatch(org.apache.coyote.Request, org.apache.coyote.Response, SocketStatus);org.apache.catalina.connector.Response;0;0;0;0;0;0;0;0;0;0;0;0;0
org.apache.jasper.compiler.JDTCompiler.CompilationUnit.getContents();org.apache.jasper.Options;2;0;0;1.0000;52;4;2;1;0;0.9688;28;28;0
org.apache.catalina.mbeans.MBeanUtils.createObjectName(String, Realm);org.apache.catalina.Context;0;0;0;1.0000;853;61;5;1;0;0.9922;125;125;1
org.apache.jasper.compiler.TagLibraryInfoImpl.createInitParam(TreeNode);org.apache.juli.logging.Log;0;0;1;0.9600;523;14;6;2;0;0.9091;18;18;0
org.apache.catalina.startup.ContextConfig.configureStart();org.apache.catalina.core.ContainerBase;0;0;0;0;0;0;0;0;0;0;0;0;0
org.apache.catalina.tribes.io.DirectByteArrayOutputStream.getArrayDirect();org.apache.catalina.tribes.io.XByteBuffer;1;0;1;0.8333;15;4;1;0;1;0.9600;317;36;7
org.apache.catalina.tribes.tipis.AbstractReplicatedMap.finalize();org.apache.catalina.tribes.Channel;0;1;5;0.9104;740;50;17;2;0;0.9091;15;15;13
org.apache.jasper.compiler.TagFileProcessor.TagFileDirectiveVisitor.visit(Node.VariableDirective);org.apache.jasper.compiler.Node;0;1;6;0.8846;213;8;24;1;0;0.9677;170;7;15
org.apache.catalina.core.ContainerBase.destroyInternal();org.apache.catalina.Container;0;0;0;0;0;0;0;0;0;0;0;0;0
org.apache.catalina.manager.ManagerServlet.init();org.apache.catalina.Host;1;0;10;0.8163;913;34;13;1;0;0.9706;20;20;2
org.apache.catalina.tribes.group.interceptors.OrderInterceptor.messageReceived(ChannelMessage);org.apache.catalina.tribes.ChannelMessage;1;2;1;0.8800;141;9;8;4;0;0.7895;11;11;0
org.apache.catalina.valves.AccessLogValve.UserElement.addElement(StringBuilder, Date, Request, Response, long);org.apache.catalina.connector.Request;0;0;0;1.0000;14;1;0;1;0;0.9942;1084;128;51
org.apache.coyote.ajp.AjpProtocol.setPacketSize(int);org.apache.coyote.ajp.Constants;1;0;1;0.9783;201;32;16;0;1;1.0000;5;1;105
org.apache.catalina.connector.Request.doGetSession(boolean);org.apache.catalina.Session;2;4;7;0.9451;1084;128;51;3;0;0.9388;32;32;4
org.apache.catalina.ha.session.DeltaManager.handleSESSION_ACCESSED(SessionMessage, Member);org.apache.juli.logging.Log;2;0;4;0.9773;826;43;42;2;0;0.9200;18;18;0
org.apache.jasper.compiler.Generator.generateLocalVariables(ServletWriter, Node);org.apache.jasper.compiler.Node.JspBody;4;0;0;1.0000;781;28;16;0;1;0.9091;13;1;1
org.apache.catalina.util.ExtensionValidator.buildAvailableExtensionsList(ArrayList<ManifestResource>);org.apache.catalina.util.ManifestResource;1;0;0;1.0000;182;6;4;0;1;0.9231;100;8;7
org.apache.coyote.http11.Http11AprProcessor.prepareRequest();org.apache.tomcat.util.http.MimeHeaders;7;3;13;0.8182;938;28;36;2;0;0.9672;129;18;3
org.apache.jasper.compiler.ParserController.parseDirectives(String);org.apache.jasper.JspCompilationContext;1;1;3;0.8519;284;13;13;0;2;0.9692;420;31;31
org.apache.catalina.ha.session.DeltaManager.handleSESSION_ACCESSED(SessionMessage, Member);org.apache.catalina.session.StandardSession;2;0;4;0.9773;826;43;42;2;0;0.9762;558;58;26
org.apache.tomcat.util.modeler.modules.MbeansDescriptorsDOMSource.execute();org.apache.tomcat.util.DomUtil;2;0;3;0.8889;93;2;6;5;0;1.0000;130;14;1
org.apache.catalina.ha.jmx.ClusterJmxHelper.initMetaData(Class<?>);org.apache.tomcat.util.modeler.Registry;0;0;2;1.0000;82;7;4;1;0;0.9767;446;36;10
org.apache.catalina.tribes.group.interceptors.TwoPhaseCommitInterceptor.messageReceived(ChannelMessage);org.apache.catalina.tribes.ChannelMessage;2;0;4;0.9375;69;3;6;4;0;0.7895;11;11;0
org.apache.el.parser.AstValue.invoke(EvaluationContext, Class[], Object[]);org.apache.el.util.ReflectionUtil;0;1;0;0.9000;103;8;1;1;0;1.0000;87;7;3
org.apache.catalina.connector.Request.getPathInfo();org.apache.tomcat.util.buf.MessageBytes;1;0;1;0.9943;1084;128;51;1;0;0.9778;402;31;17
org.apache.jasper.compiler.Generator.GenerateVisitor.visit(Node.ForwardAction);org.apache.jasper.compiler.Node.ForwardAction;5;3;4;0.9041;1737;45;16;0;1;0.9565;15;1;1
org.apache.catalina.core.ApplicationContext.declareRoles(String);org.apache.catalina.util.LifecycleBase;0;0;0;0;0;0;0;0;0;0;0;0;0
org.apache.catalina.core.NamingContextListener.addResource(ContextResource);org.apache.tomcat.util.modeler.Registry;2;1;4;0.9070;745;23;11;2;0;0.9825;446;36;10
org.apache.catalina.ha.session.DeltaManager.messageDataReceived(ClusterMessage);org.apache.catalina.ha.session.SessionMessage;1;1;2;0.9639;826;43;42;1;5;0.8889;5;5;7
org.apache.coyote.http11.Http11AprProcessor.endRequest();org.apache.coyote.http11.AbstractInputBuffer;0;0;0;0;0;0;0;0;0;0;0;0;0
org.apache.jasper.compiler.TagLibraryInfoImpl.getTagLibraryInfos();org.apache.jasper.compiler.PageInfo;0;0;1;0.9524;523;14;6;1;0;0.9868;319;30;44
org.apache.catalina.core.StandardWrapper.loadServlet();org.apache.catalina.core.StandardContext;6;3;15;0.8729;712;75;32;0;1;0.9971;2385;204;107
org.apache.jasper.JspC.processFile(String);org.apache.juli.logging.Log;1;2;11;0.8723;840;35;81;7;0;0.8108;18;18;0
org.apache.tomcat.util.bcel.classfile.AnnotationEntry.getAnnotationType();org.apache.tomcat.util.bcel.Constants;0;0;0;0;0;0;0;0;0;0;0;0;0
org.apache.catalina.realm.JAASCallbackHandler.handle(Callback);org.apache.catalina.Container;1;0;11;0.3750;69;1;11;1;0;0.9787;34;34;6
org.apache.coyote.http11.Http11AprProtocol.Http11ConnectionHandler.unregister(Http11AprProcessor);org.apache.coyote.http11.Http11AprProtocol;4;0;1;0.9444;119;5;5;0;2;0.9909;387;76;26
org.apache.catalina.realm.MemoryRuleSet.addRuleInstances(Digester);org.apache.tomcat.util.digester.Digester;0;0;1;0.7500;11;1;1;1;0;0.9925;849;103;29
org.apache.coyote.http11.Http11AprProcessor.endRequest();org.apache.coyote.Response;1;0;6;0.9403;938;28;36;0;1;0.9778;250;19;18
org.apache.jasper.compiler.SmapUtil.SmapGenVisitor.doSmap(Node, int, int, int);org.apache.jasper.compiler.SmapUtil;2;0;1;0.9688;149;23;3;1;0;1.0000;68;4;1
org.apache.tomcat.util.http.Parameters.urlDecode(ByteChunk, String);org.apache.tomcat.util.buf.ByteChunk;2;0;2;0.9592;363;23;19;2;3;0.9091;425;43;10
org.apache.el.lang.ELSupport.coerceToEnum(Object, Class);org.apache.el.util.MessageFactory;0;0;0;1.0000;351;22;1;0;0;1.0000;24;7;1
org.apache.catalina.connector.Request.logout();org.apache.catalina.Authenticator;0;0;0;1.0000;1084;128;51;0;0;1.0000;0;0;0
org.apache.catalina.tribes.membership.McastServiceImpl.checkExpired();org.apache.juli.logging.Log;0;0;5;0.9024;308;12;27;3;0;0.8696;18;18;0
org.apache.catalina.core.ApplicationServletRegistration.setInitParameter(String, String);org.apache.catalina.Wrapper;0;0;0;0;0;0;0;0;0;0;0;0;0
org.apache.el.parser.AstValue.getTarget(EvaluationContext);org.apache.el.lang.EvaluationContext;0;0;0;1.0000;103;8;1;2;0;0.8824;35;7;3
org.apache.jasper.compiler.SmapGenerator.getString();org.apache.jasper.compiler.SmapStratum;0;0;5;0.4444;58;5;5;1;0;0.9412;89;6;5
org.apache.catalina.loader.WebappLoader.setRepositories();org.apache.catalina.Context;3;2;5;0.9231;548;39;19;1;0;0.9928;125;125;1
org.apache.coyote.http11.AbstractHttp11Protocol.getTruststoreProvider();org.apache.tomcat.util.net.AbstractEndpoint;0;0;0;0;0;0;0;0;0;0;0;0;0
org.apache.catalina.connector.Response.toAbsolute(String);org.apache.tomcat.util.buf.UEncoder;0;1;3;0.9583;578;70;19;1;0;0.9545;87;6;6
org.apache.tomcat.util.bcel.classfile.LocalVariable.getName();org.apache.tomcat.util.bcel.classfile.ConstantPool;0;0;0;0;0;0;0;0;0;0;0;0;0
org.apache.catalina.connector.Response.toAbsolute(String);org.apache.catalina.connector.Request;0;1;3;0.9583;578;70;19;4;0;0.9780;1084;128;51
org.apache.catalina.authenticator.FormAuthenticator.saveRequest(Request, Session);org.apache.catalina.connector.Connector;3;0;0;1.0000;232;8;3;1;0;0.9911;455;59;40
org.apache.catalina.tribes.group.GroupChannel.sendNoRpcChannelReply(RpcMessage, Member);org.apache.catalina.tribes.Channel;2;1;0;0.9714;268;24;8;0;1;1.0000;15;15;13
org.apache.jasper.compiler.ErrorDispatcher.createJavacError(String, Node.Nodes, StringBuilder, int, JspCompilationContext);org.apache.jasper.compiler.Mark;2;0;0;1.0000;158;22;2;0;2;0.9259;108;9;11
org.apache.catalina.core.StandardHostValve.custom(Request, Response, ErrorPage);org.apache.juli.logging.Log;0;0;0;1.0000;149;7;3;3;0;0.8929;18;18;0
org.apache.coyote.http11.Http11NioProtocol.Http11ConnectionHandler.event(NioChannel, SocketStatus);org.apache.tomcat.util.net.NioEndpoint.KeyAttachment;5;0;2;0.9200;166;8;6;0;1;0.9773;155;14;15
org.apache.catalina.startup.UserConfig.deploy();org.apache.catalina.Container;1;1;3;0.8636;89;10;8;1;0;0.9767;34;34;6
org.apache.catalina.core.StandardContext.postWorkDirectory();org.apache.catalina.core.StandardHost;1;5;0;0.9840;2385;204;107;1;0;0.9836;289;35;18
org.apache.catalina.core.StandardPipeline.getValves();org.apache.catalina.Valve;0;0;2;0.9167;234;16;8;1;0;0.8750;6;6;0
org.apache.tomcat.util.digester.CallMethodRule.end(String, String);org.apache.tomcat.util.digester.Digester;2;1;5;0.8065;206;7;7;3;2;0.9653;849;103;29
org.apache.jasper.compiler.Collector.CollectVisitor.visit(Node.SetProperty);org.apache.jasper.compiler.Node.JspAttribute;2;0;2;0.9091;114;15;6;0;1;0.9545;107;7;10
org.apache.catalina.realm.JDBCRealm.close(Connection);org.apache.tomcat.util.res.StringManager;1;0;4;0.8889;277;13;16;0;0;1.0000;36;3;3
org.apache.catalina.deploy.WebXml.configureContext(Context);org.apache.juli.logging.Log;5;0;27;0.7453;1446;42;41;0;0;1.0000;18;18;0
org.apache.coyote.ajp.AjpProcessor.process(SocketWrapper<Socket>);org.apache.coyote.Request;0;0;0;0;0;0;0;0;0;0;0;0;0
org.apache.catalina.ha.session.DeltaSession.getDiff();org.apache.catalina.ha.session.DeltaRequest;0;3;0;0.9375;379;41;7;1;0;0.9583;179;15;15
org.apache.jasper.compiler.Validator.ValidateVisitor.visit(Node.IncludeAction);org.apache.jasper.compiler.Node.IncludeAction;1;1;2;0.9545;710;36;19;0;1;0.8750;15;1;1
org.apache.catalina.valves.ExtendedAccessLogValve.ResponseAllHeaderElement.addElement(StringBuilder, Date, Request, Response, long);org.apache.catalina.connector.Response;0;0;0;0;0;0;0;0;0;0;0;0;0
org.apache.catalina.connector.Request.addParameter(String, String);org.apache.coyote.Request;1;0;1;0.9943;1084;128;51;0;1;0.9815;219;17;34
org.apache.catalina.session.PersistentManagerBase.processMaxIdleSwaps();org.apache.juli.logging.Log;1;1;4;0.9167;420;33;13;2;0;0.9231;18;18;0
org.apache.catalina.startup.ContextConfig.getServletContainerInitializer(InputStream);org.apache.catalina.Loader;0;0;0;0;0;0;0;0;0;0;0;0;0
org.apache.jasper.compiler.Generator.GenerateVisitor.printParams(Node, String, boolean);org.apache.jasper.compiler.Node.ParamAction;4;0;1;0.9846;1737;45;16;0;1;0.8889;15;1;1
org.apache.coyote.http11.AbstractOutputBuffer.endRequest();org.apache.coyote.http11.OutputFilter;0;0;0;0;0;0;0;0;0;0;0;0;0
org.apache.catalina.startup.Tomcat.destroy();org.apache.catalina.Lifecycle;0;0;0;0;0;0;0;0;0;0;0;0;0
org.apache.catalina.startup.LifecycleListenerRule.begin(String, String, Attributes);org.apache.tomcat.util.digester.Digester;1;0;2;0.6667;15;1;2;1;0;0.9927;849;103;29
org.apache.catalina.core.StandardService.startInternal();org.apache.juli.logging.Log;0;0;0;0;0;0;0;0;0;0;0;0;0
org.apache.coyote.ajp.AjpAprProtocol.AjpConnectionHandler.createProcessor();org.apache.coyote.ajp.AjpAprProcessor;2;1;1;0.8750;86;5;4;0;3;0.9348;616;13;30
org.apache.jasper.compiler.JspReader.nextChar();org.apache.jasper.compiler.Mark;1;1;1;0.9487;322;25;9;0;4;0.8400;108;9;11
org.apache.coyote.http11.Http11AprProcessor.prepareResponse();org.apache.tomcat.util.http.MimeHeaders;7;2;12;0.8391;938;28;36;4;1;0.9091;129;18;3
org.apache.jasper.compiler.TagFileProcessor.TagFileDirectiveVisitor.visit(Node.VariableDirective);org.apache.jasper.compiler.JspUtil;0;1;6;0.8846;213;8;24;2;0;1.0000;693;44;8
org.apache.coyote.http11.InternalNioInputBuffer.available();org.apache.coyote.http11.InputFilter;0;0;4;0.9000;457;16;24;1;0;0.9091;7;7;0
org.apache.el.parser.AstIdentifier.isReadOnly(EvaluationContext);org.apache.el.util.MessageFactory;1;0;0;1.0000;78;7;0;0;0;1.0000;24;7;1
org.apache.catalina.ha.session.SerializablePrincipal.readPrincipal(ObjectInput);org.apache.juli.logging.Log;1;0;2;1.0000;84;9;7;1;0;0.9444;18;18;0
org.apache.catalina.core.ApplicationContext.removeAttribute(String);org.apache.tomcat.util.res.StringManager;1;1;4;0.9310;460;47;13;0;0;1.0000;36;3;3
org.apache.catalina.core.ApplicationContextFacade.getAttribute(String);org.apache.catalina.security.SecurityUtil;0;1;1;0.9600;426;46;3;1;0;1.0000;146;11;17
org.apache.catalina.util.ExtensionValidator.validateManifestResources(String, ArrayList<ManifestResource>);org.apache.catalina.util.Extension;3;1;4;1.0000;182;6;4;2;1;0.8571;112;10;8
org.apache.catalina.deploy.SecurityCollection.addPattern(String);org.apache.catalina.util.RequestUtil;0;0;1;0.9412;105;11;4;1;0;1.0000;183;13;1
org.apache.catalina.startup.VersionRule.begin(String, String, Attributes);org.apache.catalina.deploy.WebXml;0;0;0;0;0;0;0;0;0;0;0;0;0
org.apache.catalina.ha.deploy.FarmWarDeployer.install(String, URL);org.apache.juli.logging.Log;0;0;2;0.9796;376;28;17;2;0;0.9130;18;18;0
org.apache.catalina.connector.CoyoteReader.skip(long);org.apache.catalina.connector.InputBuffer;0;0;1;0.9333;102;12;4;1;0;0.9722;210;19;17
org.apache.catalina.deploy.NamingResources.addResourceEnvRef(ContextResourceEnvRef);org.apache.catalina.deploy.ResourceBase;1;0;3;0.9400;332;35;12;2;1;0.8333;43;9;6
org.apache.catalina.authenticator.SingleSignOn.invoke(Request, Response);org.apache.catalina.connector.Request;2;1;1;0.9474;187;18;8;6;1;0.9617;1084;128;51
org.apache.jasper.compiler.Generator.GenerateVisitor.visit(Node.CustomTag);org.apache.jasper.compiler.Node.ChildInfo;5;1;8;0.8861;1737;45;16;0;2;0.9375;36;0;6
org.apache.catalina.mbeans.MBeanFactory.createStandardManager(String);org.apache.catalina.util.LifecycleMBeanBase;0;0;0;0;0;0;0;0;0;0;0;0;0
org.apache.catalina.security.SecurityUtil.execute(Method, Object, Object[], Principal);org.apache.juli.logging.Log;2;0;2;1.0000;146;11;17;2;0;0.8889;18;18;0
org.apache.catalina.mbeans.ServerLifecycleListener.createMBeans(Server);org.apache.catalina.Service;0;2;1;0.9474;569;32;2;1;0;0.9545;15;15;0
org.apache.catalina.startup.TldConfig.lifecycleEvent(LifecycleEvent);org.apache.catalina.Lifecycle;2;2;3;0.8571;321;14;11;0;2;1.0000;5;5;9
org.apache.jasper.compiler.Generator.GenerateVisitor.evaluateAttribute(TagHandlerInfo, Node.JspAttribute, Node.CustomTag, String);org.apache.jasper.compiler.Mark;5;3;2;0.9518;1737;45;16;1;0;0.9796;108;9;11
org.apache.coyote.ajp.AjpProtocol.init();org.apache.tomcat.util.net.JIoEndpoint;3;1;4;0.9423;201;32;16;1;1;0.9608;312;23;26
org.apache.catalina.core.StandardHost.MemoryLeakTrackingListener.lifecycleEvent(LifecycleEvent);org.apache.catalina.Context;0;0;0;0;0;0;0;0;0;0;0;0;0
org.apache.jasper.compiler.Dumper.DumpVisitor.visit(Node.IncludeAction);org.apache.jasper.compiler.Node;1;3;0;0.8929;122;27;1;0;1;0.9667;170;7;15
org.apache.coyote.http11.Http11NioProtocol.Http11ConnectionHandler.process(NioChannel);org.apache.tomcat.util.net.SSLImplementation;8;1;3;0.8667;166;8;6;0;0;1.0000;29;5;3
org.apache.tomcat.util.buf.StringCache.compare(CharChunk, char[]);org.apache.tomcat.util.buf.CharChunk;1;0;0;1.0000;363;13;14;0;3;0.9375;393;39;8
org.apache.jasper.compiler.TagLibraryInfoImpl.createTagInfo(TreeNode, String);org.apache.jasper.JspCompilationContext;0;2;3;0.8214;523;14;6;1;0;0.9863;420;31;31
org.apache.catalina.session.PersistentManagerBase.processExpires();org.apache.catalina.session.StoreBase;0;3;2;0.9167;420;33;13;1;0;0.9615;85;12;7
org.apache.catalina.tribes.group.ChannelCoordinator.internalStart(int);org.apache.catalina.tribes.ChannelSender;3;0;4;0.8750;164;15;5;1;0;0.9500;6;6;0
org.apache.jasper.compiler.TagPluginManager.TagPluginContextImpl.getParentContext();org.apache.jasper.compiler.Node.CustomTag;2;0;1;0.9524;72;15;4;0;1;0.9762;229;10;26
org.apache.catalina.startup.ContextConfig.destroy();org.apache.catalina.core.StandardContext;1;0;3;0.9688;779;23;16;1;0;0.9968;2385;204;107
org.apache.catalina.connector.RequestFacade.getPathTranslated();org.apache.tomcat.util.res.StringManager;1;0;2;0.9865;462;73;2;0;0;1.0000;36;3;3
org.apache.coyote.Response.recycle();org.apache.tomcat.util.http.MimeHeaders;1;0;14;0.6486;250;19;18;1;0;0.9706;129;18;3
org.apache.catalina.core.ApplicationDispatcher.invoke(ServletRequest, ServletResponse, State);org.apache.catalina.core.ApplicationFilterFactory;3;3;4;0.8462;419;14;10;2;0;0.9643;183;6;11
org.apache.catalina.mbeans.NamingResourcesMBean.addResource(String, String);org.apache.tomcat.util.modeler.Registry;1;0;1;0.9444;138;9;2;1;0;0.9796;446;36;10
org.apache.jasper.compiler.Generator.genPreambleStaticInitializers();org.apache.jasper.compiler.PageInfo;1;0;2;0.9545;781;28;16;0;1;0.9881;319;30;44
org.apache.catalina.realm.RealmBase.hasResourcePermission(Request, Response, SecurityConstraint[], Context);org.apache.tomcat.util.buf.MessageBytes;2;1;3;0.9714;688;39;24;1;0;0.9831;402;31;17
org.apache.coyote.http11.Http11Processor.action(ActionCode, Object);org.apache.coyote.Response;6;1;18;0.8068;847;26;37;0;2;0.9750;250;19;18
org.apache.coyote.http11.InternalAprInputBuffer.doRead(ByteChunk, Request);org.apache.coyote.InputBuffer;0;0;3;0.8966;358;13;15;1;0;0.8000;1;1;0
org.apache.tomcat.util.buf.UDecoder.convert(CharChunk, boolean);org.apache.tomcat.util.buf.CharChunk;1;2;0;1.0000;152;11;1;0;3;0.9375;393;39;8
org.apache.jasper.compiler.Compiler.isOutDated(boolean);org.apache.jasper.Options;2;0;3;0.9000;285;11;8;1;0;0.9762;28;28;0
org.apache.coyote.http11.filters.IdentityInputFilter.doRead(ByteChunk, Request);org.apache.coyote.InputBuffer;1;0;3;0.7692;57;5;6;1;0;0.8750;1;1;0
org.apache.catalina.core.StandardService.getExecutor(String);org.apache.catalina.Executor;0;0;1;0.9773;313;29;18;1;0;0.6667;2;2;0
org.apache.jasper.compiler.TextOptimizer.TextCatVisitor.visit(Node.TemplateText);org.apache.jasper.compiler.Node.TemplateText;3;0;6;0.6842;41;9;6;1;1;0.9375;42;5;1
org.apache.tomcat.util.net.AprEndpoint.Poller.init();org.apache.tomcat.util.net.AprEndpoint;1;0;6;0.6250;168;4;7;1;5;0.9294;629;27;59
org.apache.jasper.compiler.PageInfo.setBufferValue(String, Node, ErrorDispatcher);org.apache.jasper.compiler.ErrorDispatcher;0;0;2;0.9733;319;30;44;1;0;0.9565;158;22;2
org.apache.catalina.mbeans.MBeanUtils.createObjectName(String, ContextResourceLink);org.apache.catalina.Host;1;0;0;1.0000;853;61;5;1;0;0.9600;20;20;2
org.apache.catalina.servlets.DefaultServlet.copy(CacheEntry, PrintWriter, Range);org.apache.naming.resources.CacheEntry;1;1;1;0.9615;994;37;18;0;1;0.9333;13;2;8
org.apache.catalina.realm.CombinedRealm.getPrincipal(String);org.apache.juli.logging.Log;1;0;2;1.0000;143;12;3;1;0;0.9444;18;18;0
org.apache.tomcat.util.http.MimeHeaders.removeHeader(String);org.apache.tomcat.util.http.MimeHeaderField;1;1;2;0.8636;129;18;3;0;1;0.9000;13;1;4
org.apache.catalina.connector.Response.getHeaders(String);org.apache.coyote.Response;1;0;1;0.9888;578;70;19;0;1;0.9744;250;19;18
org.apache.catalina.startup.ContextConfig.checkHandlesTypes(JavaClass);org.apache.juli.logging.Log;0;0;0;0;0;0;0;0;0;0;0;0;0
org.apache.catalina.core.StandardContext.loadOnStartup(Container);org.apache.juli.logging.Log;1;0;0;1.0000;2385;204;107;1;0;0.9545;18;18;0
org.apache.catalina.ha.session.BackupManager.startInternal();org.apache.catalina.ha.CatalinaCluster;0;0;0;0;0;0;0;0;0;0;0;0;0
org.apache.coyote.http11.Http11Processor.parseHost(MessageBytes);org.apache.coyote.Adapter;5;0;6;0.9143;847;26;37;0;0;1.0000;2;2;0
org.apache.naming.java.javaURLContextFactory.getObjectInstance(Object, Name, Context, Hashtable<?,?>);org.apache.naming.ContextBindings;0;0;0;1.0000;17;2;2;2;0;1.0000;112;21;6
org.apache.jasper.compiler.ParserController.determineSyntaxAndEncoding(String, JarFile, String);org.apache.jasper.Options;3;2;8;0.6875;284;13;13;1;0;0.9773;28;28;0
org.apache.catalina.core.StandardWrapper.unload();org.apache.juli.logging.Log;4;1;10;0.9091;712;75;32;1;0;0.9722;18;18;0
org.apache.catalina.tribes.group.interceptors.GzipInterceptor.sendMessage(Member[], ChannelMessage, InterceptorPayload);org.apache.juli.logging.Log;1;1;0;1.0000;47;5;1;1;0;0.9600;18;18;0
org.apache.catalina.servlets.CGIServlet.CGIRunner.sendToLog(BufferedReader);org.apache.catalina.servlets.CGIServlet;1;0;0;1.0000;240;8;7;0;1;0.8750;195;5;6
org.apache.catalina.core.StandardContext.getBasePath();org.apache.catalina.Host;0;2;0;0.9935;2385;204;107;1;0;0.9565;20;20;2
org.apache.el.parser.ELParser.NonLiteral();org.apache.el.parser.ELParserConstants;1;6;3;0.9328;2195;111;22;0;3;0.9545;0;0;57
org.apache.catalina.core.NamingContextListener.addResourceLink(ContextResourceLink);org.apache.catalina.deploy.ResourceBase;3;0;5;0.9250;745;23;11;4;0;0.8261;43;9;6
org.apache.jasper.tagplugins.jstl.core.When.doTag(TagPluginContext);org.apache.jasper.compiler.tagplugin.TagPluginContext;0;0;0;1.0000;17;1;0;7;0;0.5000;14;14;0
org.apache.catalina.core.ContainerBase.invoke(Request, Response);org.apache.catalina.Valve;0;0;1;0.9889;603;62;29;1;0;0.8750;6;6;0
org.apache.coyote.ajp.AjpAprProcessor.readt(int, boolean);org.apache.tomcat.util.res.StringManager;1;0;3;0.9487;616;13;30;1;0;0.8571;36;3;3
org.apache.jasper.compiler.Generator.generatePageScopedVariables(JasperTagInfo);org.apache.jasper.compiler.JasperTagInfo;1;2;2;0.9565;781;28;16;1;1;0.8462;10;1;1
org.apache.coyote.ajp.AjpMessage.appendBytes(MessageBytes);org.apache.tomcat.util.buf.MessageBytes;1;5;2;0.8333;235;23;5;1;5;0.9200;402;31;17
org.apache.catalina.connector.Request.parseParameters();org.apache.tomcat.util.res.StringManager;5;4;9;0.9396;1084;128;51;0;0;1.0000;36;3;3
org.apache.jasper.compiler.JspDocumentParser.checkScriptingBody(Node.ScriptingElement);org.apache.jasper.compiler.Node;2;0;0;1.0000;649;28;20;0;1;0.9655;170;7;15
org.apache.jasper.compiler.AntCompiler.generateClass(String[]);org.apache.jasper.compiler.ErrorDispatcher;2;2;3;0.8667;158;3;3;2;0;0.9592;158;22;2
org.apache.el.ExpressionFactoryImpl.createValueExpression(Object, Class<?>);org.apache.el.util.MessageFactory;0;0;0;1.0000;26;4;0;1;0;1.0000;24;7;1
org.apache.jasper.servlet.JspServletWrapper.service(HttpServletRequest, HttpServletResponse, boolean);org.apache.jasper.compiler.JspRuntimeContext;0;2;7;0.7000;314;11;15;0;0;1.0000;174;9;10
org.apache.tomcat.util.modeler.ManagedBean.addOperation(OperationInfo);org.apache.tomcat.util.modeler.FeatureInfo;0;0;1;0.9706;252;23;13;1;0;0.8750;18;3;5
org.apache.catalina.loader.WebappLoader.setContainer(Container);org.apache.catalina.Context;0;1;2;0.9483;548;39;19;1;0;0.9923;125;125;1
org.apache.tomcat.util.net.JIoEndpoint.processSocket(Socket);org.apache.juli.logging.Log;0;1;3;0.9348;312;23;26;1;0;0.9565;18;18;0
org.apache.jasper.compiler.Validator.ValidateVisitor.visit(Node.ParamAction);org.apache.jasper.compiler.JspUtil;1;2;2;0.9318;710;36;19;1;0;1.0000;693;44;8
org.apache.jasper.compiler.TldLocationsCache.tldScanWebXml();org.apache.jasper.xmlparser.ParserUtils;0;0;0;0;0;0;0;0;0;0;0;0;0
org.apache.catalina.realm.DataSourceRealm.getRoles(Connection, String);org.apache.juli.logging.Log;1;1;1;0.9583;244;14;12;1;0;0.9500;18;18;0
org.apache.coyote.http11.InternalInputBuffer.parseRequestLine(boolean);org.apache.coyote.http11.Constants;0;0;0;0;0;0;0;0;0;0;0;0;0
org.apache.catalina.valves.AccessLogValve.SessionIdElement.addElement(StringBuilder, Date, Request, Response, long);org.apache.catalina.connector.Request;0;0;0;1.0000;13;1;0;2;0;0.9885;1084;128;51
org.apache.catalina.tribes.group.ChannelCoordinator.internalStart(int);org.apache.catalina.tribes.membership.McastService;3;0;4;0.8750;164;15;5;0;1;0.9870;345;53;13
org.apache.tomcat.util.net.NioSelectorPool.close();org.apache.tomcat.util.net.NioBlockingSelector;0;1;7;0.6316;182;9;12;1;0;0.9286;111;4;4
org.apache.catalina.tribes.group.interceptors.NonBlockingCoordinator.CoordinationMessage.parse();org.apache.catalina.tribes.io.XByteBuffer;1;0;6;0.6471;90;8;7;1;1;0.9667;317;36;7
org.apache.jasper.compiler.Validator.ValidateVisitor.throwErrorIfExpression(Node, String, String);org.apache.jasper.compiler.ErrorDispatcher;2;1;1;0.9535;710;36;19;1;0;0.9583;158;22;2
org.apache.catalina.connector.CoyoteAdapter.parsePathParameters(org.apache.coyote.Request, Request);org.apache.catalina.connector.Request;0;0;0;0;0;0;0;0;0;0;0;0;0
org.apache.el.parser.ELParser.CompositeExpression();org.apache.el.parser.ELParserTreeConstants;2;5;4;0.9353;2195;111;22;0;1;0.9800;0;0;34
org.apache.jasper.compiler.Generator.GenerateVisitor.attributeValue(Node.JspAttribute, boolean, Class<?>);org.apache.jasper.compiler.ELNode.Nodes;2;1;1;0.9706;1737;45;16;0;1;0.9412;35;5;2
org.apache.catalina.tribes.group.interceptors.FragmentationInterceptor.FragCollection.addMessage(ChannelMessage);org.apache.catalina.tribes.io.XByteBuffer;1;0;1;0.9091;30;4;3;2;2;0.8846;317;36;7
org.apache.tomcat.util.bcel.classfile.LineNumberTable.copy(ConstantPool);org.apache.tomcat.util.bcel.classfile.LineNumber;0;0;0;0;0;0;0;0;0;0;0;0;0
org.apache.catalina.tribes.membership.McastService.hasMembers();org.apache.catalina.tribes.membership.McastServiceImpl;1;0;1;0.9844;345;53;13;0;1;0.9750;308;12;27
org.apache.jasper.compiler.ScriptingVarVisitor.visit(Node.CustomTag);org.apache.jasper.compiler.Node.CustomTag;3;0;0;1.0000;46;1;1;1;3;0.9111;229;10;26
org.apache.catalina.ha.tcp.ReplicationValve.sendCrossContextSession(CatalinaCluster);org.apache.juli.logging.Log;1;1;5;0.8889;283;17;17;2;0;0.9200;18;18;0
org.apache.catalina.authenticator.FormAuthenticator.savedRequestURL(Session);org.apache.catalina.Session;1;0;0;1.0000;232;8;3;1;0;0.9706;32;32;4
org.apache.catalina.session.JDBCStore.load(String);org.apache.catalina.Manager;2;5;6;0.8333;495;34;23;2;0;0.9636;34;34;0
org.apache.jasper.compiler.TagLibraryInfoImpl.createValidator(TreeNode);org.apache.jasper.xmlparser.TreeNode;0;1;3;0.8519;523;14;6;3;0;0.8929;109;13;5
org.apache.tomcat.util.net.NioEndpoint.PollerEvent.run();org.apache.tomcat.util.net.NioChannel;4;0;3;0.8125;60;4;3;0;2;0.9333;83;15;5
org.apache.catalina.ha.backend.MultiCastSender.send(String);org.apache.catalina.ha.backend.HeartbeatListener;1;0;4;0.5714;36;1;4;0;3;0.8000;81;2;10
org.apache.catalina.connector.Request.cometClose();org.apache.coyote.Request;1;1;1;0.9884;1084;128;51;1;0;0.9815;219;17;34
org.apache.jasper.compiler.SmapUtil.SDEInstaller.copyAttrs(int);org.apache.juli.logging.Log;0;5;2;0.7308;227;21;8;2;0;0.9200;18;18;0
org.apache.coyote.ajp.AjpAprProcessor.action(ActionCode, Object);org.apache.tomcat.jni.Socket;6;3;13;0.7636;616;13;30;1;0;1.0000;37;37;34
org.apache.coyote.http11.InternalAprInputBuffer.parseRequestLine(boolean);org.apache.tomcat.util.res.StringManager;2;1;5;0.8571;358;13;15;1;0;0.9412;36;3;3
org.apache.catalina.core.ApplicationContextFacade.setAttribute(String, Object);org.apache.catalina.security.SecurityUtil;0;1;1;0.9600;426;46;3;1;0;1.0000;146;11;17
org.apache.coyote.ajp.AjpProtocol.AjpConnectionHandler.createProcessor();org.apache.coyote.ajp.AjpProtocol;2;1;1;0.8824;80;4;4;0;6;0.8868;201;32;16
org.apache.jasper.compiler.Dumper.DumpVisitor.visit(Node.UseBean);org.apache.jasper.compiler.Node;1;3;0;0.8929;122;27;1;0;1;0.9667;170;7;15
org.apache.catalina.tribes.membership.McastService.broadcast(ChannelMessage);org.apache.catalina.tribes.io.XByteBuffer;2;0;1;0.9844;345;53;13;1;0;1.0000;317;36;7
org.apache.coyote.ajp.AjpAprProcessor.process(long);org.apache.coyote.ajp.Constants;5;4;14;0.7115;616;13;30;0;2;1.0000;5;1;105
org.apache.jasper.compiler.Compiler.compile(boolean, boolean);org.apache.jasper.servlet.JspServletWrapper;1;2;7;0.6400;285;11;8;1;0;0.9767;314;11;15
org.apache.jasper.compiler.Generator.GenBuffer.adjustJavaLine(Node, int);org.apache.jasper.compiler.Node;1;0;0;1.0000;47;3;4;0;2;0.9259;170;7;15
org.apache.catalina.core.ApplicationContext.getRequestDispatcher(String);org.apache.tomcat.util.buf.MessageBytes;3;1;3;0.9565;460;47;13;2;1;0.9474;402;31;17
org.apache.catalina.ha.backend.TcpSender.send(String);org.apache.catalina.ha.backend.Proxy;2;1;6;0.4545;129;3;6;0;2;0.8333;0;0;4
org.apache.coyote.ajp.AjpProtocol.setBacklog(int);org.apache.tomcat.util.net.AbstractEndpoint;0;0;0;0;0;0;0;0;0;0;0;0;0
org.apache.coyote.ajp.AjpAprProtocol.AjpConnectionHandler.asyncDispatch(long, SocketStatus);org.apache.tomcat.util.net.AprEndpoint;0;0;0;0;0;0;0;0;0;0;0;0;0
org.apache.jasper.runtime.PageContextImpl.removeAttribute(String);org.apache.jasper.security.SecurityUtil;0;1;0;0.9811;634;40;16;1;0;1.0000;31;2;1
org.apache.tomcat.util.net.AprEndpoint.Sendfile.remove(SendfileData);org.apache.tomcat.jni.Status;2;0;3;0.7273;187;5;6;0;1;1.0000;160;54;59
org.apache.coyote.http11.InternalAprOutputBuffer.SocketOutputBuffer.doWrite(ByteChunk, Response);org.apache.tomcat.util.buf.ByteChunk;2;0;0;1.0000;18;1;0;1;2;0.9388;425;43;10
org.apache.jasper.compiler.Dumper.DumpVisitor.visit(Node.GetProperty);org.apache.jasper.compiler.Node;1;1;0;0.9643;122;27;1;0;1;0.9643;170;7;15
org.apache.catalina.connector.RequestFacade.GetParameterPrivilegedAction.run();org.apache.catalina.connector.Request;1;0;1;0.6667;6;1;1;1;0;0.9943;1084;128;51
org.apache.catalina.loader.WebappLoader.backgroundProcess();org.apache.catalina.Container;0;2;2;0.9310;548;39;19;1;0;0.9750;34;34;6
org.apache.coyote.http11.Http11Processor.prepareResponse();org.apache.coyote.http11.Constants;5;2;11;0.8500;847;26;37;0;10;1.0000;0;0;44
org.apache.catalina.manager.JMXProxyServlet.setAttribute(PrintWriter, String, String, String);org.apache.tomcat.util.modeler.Registry;0;0;2;0.8182;129;8;2;2;0;0.9545;446;36;10
org.apache.catalina.core.StandardContext.stopInternal();org.apache.catalina.Lifecycle;0;0;0;0;0;0;0;0;0;0;0;0;0
org.apache.catalina.mbeans.MBeanUtils.getContainerKeyProperties(Container);org.apache.catalina.Container;0;0;0;0;0;0;0;0;0;0;0;0;0
org.apache.tomcat.util.buf.StringCache.find(ByteChunk);org.apache.tomcat.util.buf.ByteChunk;0;2;1;1.0000;363;13;14;1;0;0.9800;425;43;10
org.apache.catalina.mbeans.GroupMBean.getRoles();org.apache.tomcat.util.modeler.ManagedBean;0;0;1;0.9000;63;4;3;1;0;0.9730;252;23;13
org.apache.jasper.compiler.Compiler.generateJava();org.apache.jasper.compiler.ErrorDispatcher;12;1;7;0.8298;285;11;8;0;0;1.0000;158;22;2
org.apache.catalina.servlets.DefaultServlet.doDelete(HttpServletRequest, HttpServletResponse);org.apache.naming.resources.ProxyDirContext;0;1;2;0.9400;994;37;18;2;0;0.9753;469;64;15
org.apache.coyote.ajp.AjpMessage.appendString(String);org.apache.tomcat.util.res.StringManager;0;2;2;0.9231;235;23;5;1;0;0.8750;36;3;3
org.apache.jasper.compiler.TldLocationsCache.TldJarScannerCallback.scan(File);org.apache.jasper.compiler.TldLocationsCache;0;0;0;0;0;0;0;0;0;0;0;0;0
org.apache.tomcat.util.bcel.classfile.Field.toString();org.apache.tomcat.util.bcel.classfile.Utility;0;0;0;0;0;0;0;0;0;0;0;0;0
org.apache.catalina.core.ApplicationFilterFactory.createFilterChain(ServletRequest, Wrapper, Servlet);org.apache.catalina.connector.Request;3;3;2;0.8333;183;6;11;1;2;0.9839;1084;128;51
org.apache.coyote.http11.filters.GzipOutputFilter.FakeOutputStream.write(byte[], int, int);org.apache.coyote.http11.filters.GzipOutputFilter;1;0;1;0.8750;13;4;2;0;1;0.9000;26;4;5
org.apache.coyote.http11.Http11NioProcessor.asyncDispatch(SocketStatus);org.apache.coyote.Constants;0;0;0;0;0;0;0;0;0;0;0;0;0
org.apache.tomcat.util.digester.Digester.peek(String);org.apache.tomcat.util.digester.ArrayStack;0;0;2;0.9852;849;103;29;1;0;0.9167;53;6;1
org.apache.catalina.manager.StatusTransformer.writeHeader(PrintWriter, int);org.apache.catalina.manager.Constants;1;0;0;1.0000;601;20;0;0;3;1.0000;0;0;11
org.apache.catalina.ha.session.SimpleTcpReplicationManager.readSession(byte[], String);org.apache.catalina.ha.session.ReplicatedSession;1;2;1;0.9630;362;17;17;3;2;0.9268;122;16;4
org.apache.jasper.compiler.Parser.parse(ParserController, JspReader, Node, boolean, boolean, JarResource, String, String, boolean, boolean);org.apache.jasper.compiler.Node.Root;4;3;0;0.9600;1203;56;14;0;4;0.8000;56;2;8
org.apache.catalina.session.StandardManager.unload();org.apache.juli.logging.Log;0;1;0;0.9630;328;19;8;2;0;0.9000;18;18;0
org.apache.catalina.valves.ExtendedAccessLogValve.getLogElement(String, PatternTokenizer);org.apache.juli.logging.Log;0;4;1;0.6667;367;10;2;1;0;0.9583;18;18;0
org.apache.coyote.ajp.AjpProtocol.AjpConnectionHandler.unregister(AjpProcessor);org.apache.coyote.ajp.AjpProtocol;4;0;1;0.9375;80;4;4;0;2;0.9821;201;32;16
org.apache.jasper.compiler.JDTCompiler.generateClass(String[]);org.apache.juli.logging.Log;2;0;0;1.0000;317;1;0;4;0;0.8919;18;18;0
org.apache.el.parser.ELParser.BracketSuffix();org.apache.el.parser.ELParserConstants;2;2;1;0.9783;2195;111;22;0;2;0.9692;0;0;57
org.apache.jasper.compiler.JspRuntimeContext.checkUnload();org.apache.jasper.Options;0;0;0;0;0;0;0;0;0;0;0;0;0
org.apache.coyote.ajp.AjpAprProtocol.AjpConnectionHandler.register(AjpAprProcessor);org.apache.coyote.ajp.AjpAprProcessor;4;0;3;0.8333;86;5;4;0;1;0.9804;616;13;30
org.apache.jasper.compiler.TagLibraryInfoImpl.parseTLD(String, InputStream, JarResource);org.apache.juli.logging.Log;0;4;3;0.7586;523;14;6;2;0;0.9375;18;18;0
org.apache.catalina.ha.session.DeltaManager.handleALL_SESSION_TRANSFERCOMPLETE(SessionMessage, Member);org.apache.catalina.tribes.Member;1;0;6;0.9535;826;43;42;2;0;0.9000;13;13;1
org.apache.catalina.manager.ManagerServlet.undeploy(PrintWriter, String);org.apache.catalina.Container;1;9;4;0.7333;913;34;13;1;0;0.9787;34;34;6
org.apache.jasper.compiler.Validator.ValidateVisitor.visit(Node.Declaration);org.apache.jasper.compiler.PageInfo;1;0;2;0.9545;710;36;19;0;1;0.9873;319;30;44
org.apache.catalina.core.AprLifecycleListener.lifecycleEvent(LifecycleEvent);org.apache.juli.logging.Log;2;3;3;0.7500;127;6;10;3;0;0.8571;18;18;0
org.apache.catalina.servlets.DefaultServlet.renderXml(String, CacheEntry, InputStream);org.apache.catalina.util.RequestUtil;1;3;2;0.9123;994;37;18;1;0;1.0000;183;13;1
org.apache.el.parser.AstEmpty.getValue(EvaluationContext);org.apache.el.parser.Node;0;0;0;1.0000;25;2;0;1;0;0.9375;15;15;0
org.apache.catalina.core.StandardContext.startInternal();org.apache.catalina.Lifecycle;0;0;0;0;0;0;0;0;0;0;0;0;0
org.apache.jasper.security.SecurityUtil.isPackageProtectionEnabled();org.apache.jasper.Constants;1;0;1;1.0000;31;2;1;0;1;1.0000;0;0;34
org.apache.catalina.manager.ManagerServlet.stop(PrintWriter, String);org.apache.tomcat.util.res.StringManager;1;0;4;0.9348;913;34;13;0;0;1.0000;36;3;3
org.apache.tomcat.util.net.NioBlockingSelector.write(ByteBuffer, NioChannel, long, MutableInteger);org.apache.tomcat.util.net.NioEndpoint.KeyAttachment;4;0;1;0.9474;111;4;4;3;1;0.9000;155;14;15
org.apache.tomcat.util.digester.SetPropertyRule.begin(String, String, Attributes);org.apache.tomcat.util.IntrospectionUtils;2;0;2;0.8571;40;2;2;1;0;1.0000;602;31;5
org.apache.catalina.tribes.io.ObjectReader.bufferSize();org.apache.catalina.tribes.io.XByteBuffer;1;0;1;0.9375;71;9;5;0;1;0.9600;317;36;7
org.apache.catalina.core.ApplicationServletRegistration.getInitParameter(String);org.apache.catalina.Wrapper;0;0;0;0;0;0;0;0;0;0;0;0;0
org.apache.catalina.core.DefaultInstanceManager.processAnnotations(Object, Map<String,String>);org.apache.catalina.Globals;1;2;1;0.9524;316;14;9;0;1;1.0000;0;0;39
org.apache.jasper.compiler.JspDocumentParser.processIncludeDirective(String, Node);org.apache.jasper.compiler.ParserController;0;0;2;0.9535;649;28;20;1;0;0.9643;284;13;13
org.apache.jasper.compiler.ParserController.determineSyntaxAndEncoding(String, JarFile, String);org.apache.jasper.compiler.JspReader;3;2;8;0.6875;284;13;13;2;1;0.9400;322;25;9
org.apache.coyote.http11.Http11AprProtocol.setExecutor(Executor);org.apache.tomcat.util.net.AbstractEndpoint;0;0;0;0;0;0;0;0;0;0;0;0;0
org.apache.catalina.connector.Request.authenticate(HttpServletResponse);org.apache.catalina.Authenticator;0;0;0;0;0;0;0;0;0;0;0;0;0
org.apache.jasper.compiler.PageDataImpl.SecondPassVisitor.appendCDATA(String);org.apache.jasper.compiler.PageDataImpl;1;1;1;0.9574;307;41;6;0;2;1.0000;15;1;4
org.apache.catalina.ha.session.DeltaManager.handleSESSION_CREATED(SessionMessage, Member);org.apache.juli.logging.Log;3;1;5;0.9583;826;43;42;2;0;0.9429;18;18;0
org.apache.catalina.connector.InputBuffer.reset();org.apache.tomcat.util.buf.CharChunk;2;0;7;0.8378;210;19;17;1;1;0.9636;393;39;8
org.apache.jasper.compiler.Generator.GenerateVisitor.visit(Node.SetProperty);org.apache.jasper.compiler.Generator;6;0;1;0.9868;1737;45;16;1;0;1.0000;781;28;16
org.apache.coyote.ajp.AjpProcessor.action(ActionCode, Object);org.apache.tomcat.util.buf.MessageBytes;6;3;11;0.7857;570;12;32;4;1;0.9254;402;31;17
org.apache.tomcat.util.net.AprEndpoint.processSocketWithOptions(long);org.apache.tomcat.util.res.StringManager;0;1;3;0.9753;629;27;59;1;0;0.8889;36;3;3
org.apache.catalina.realm.JNDIRealm.getPrincipal(String);org.apache.juli.logging.Log;1;4;0;0.9459;728;44;31;2;0;0.9130;18;18;0
org.apache.catalina.core.ApplicationFilterChain.internalDoFilterEvent(CometEvent);org.apache.catalina.comet.CometProcessor;5;0;7;0.6923;225;9;13;0;0;1.0000;1;1;0
org.apache.tomcat.util.http.mapper.Mapper.internalMap(CharChunk, CharChunk, MappingData);org.apache.tomcat.util.buf.MessageBytes;2;6;2;0.9333;816;39;4;1;0;0.9836;402;31;17
org.apache.coyote.ajp.AjpProcessor.read(byte[], int, int);org.apache.tomcat.util.res.StringManager;0;0;2;0.9750;570;12;32;1;0;0.8333;36;3;3
org.apache.catalina.core.StandardHostValve.invoke(Request, Response);org.apache.catalina.Container;2;2;1;0.8667;149;7;3;2;0;0.9545;34;34;6
org.apache.catalina.startup.ContextConfig.getContextWebXmlSource();org.apache.catalina.startup.Constants;0;0;0;0;0;0;0;0;0;0;0;0;0
org.apache.jasper.compiler.ParserController.getJspConfigPageEncoding(String);org.apache.jasper.compiler.JspConfig;2;0;1;0.9655;284;13;13;1;0;0.9500;273;6;11
org.apache.jasper.compiler.Generator.GenerateVisitor.convertString(Class<?>, String, String, Class<?>, boolean);org.apache.jasper.compiler.Generator;0;0;0;1.0000;1737;45;16;1;0;1.0000;781;28;16
org.apache.jasper.compiler.Parser.parseInvoke(Node);org.apache.jasper.compiler.JspReader;0;2;2;0.9385;1203;56;14;1;0;0.9750;322;25;9
org.apache.coyote.http11.Http11AprProtocol.Http11ConnectionHandler.event(long, SocketStatus);org.apache.tomcat.util.res.StringManager;2;0;3;0.8235;119;5;5;1;0;0.9333;36;3;3
org.apache.catalina.manager.host.HostManagerServlet.stop(PrintWriter, String);org.apache.catalina.Lifecycle;1;0;4;0.8571;301;13;8;1;0;0.8889;5;5;9
org.apache.coyote.http11.InternalNioOutputBuffer.writeToSocket(ByteBuffer, boolean, boolean);org.apache.tomcat.util.net.SocketWrapper;0;0;0;0;0;0;0;0;0;0;0;0;0
org.apache.catalina.mbeans.MBeanUtils.createObjectName(String, Valve);org.apache.catalina.util.LifecycleMBeanBase;0;0;0;0;0;0;0;0;0;0;0;0;0
org.apache.catalina.core.ApplicationHttpRequest.getSession(boolean);org.apache.catalina.Session;0;0;3;0.9388;325;29;17;3;0;0.9211;32;32;4
org.apache.catalina.connector.RequestFacade.isRequestedSessionIdFromCookie();org.apache.catalina.connector.Request;1;0;2;0.9865;462;73;2;1;0;0.9943;1084;128;51
org.apache.catalina.deploy.NamingResources.removeResource(String);org.apache.catalina.deploy.ResourceBase;1;0;3;0.9375;332;35;12;0;1;0.9444;43;9;6
org.apache.catalina.startup.TaglibListenerRule.body(String, String, String);org.apache.catalina.startup.TaglibUriRule;0;0;0;0;0;0;0;0;0;0;0;0;0
org.apache.catalina.session.ManagerBase.getEngine();org.apache.catalina.Container;0;1;0;0.9878;489;55;31;1;0;0.9714;34;34;6
org.apache.catalina.mbeans.ServerLifecycleListener.createMBeans(NamingResources);org.apache.catalina.mbeans.MBeanUtils;0;3;1;0.9211;569;32;2;1;0;1.0000;853;61;5
org.apache.catalina.deploy.WebXml.toXml();org.apache.catalina.deploy.MultipartDef;0;0;0;0;0;0;0;0;0;0;0;0;0
org.apache.jasper.compiler.TagLibraryInfoImpl.createVariable(TreeNode);org.apache.juli.logging.Log;0;0;1;0.9600;523;14;6;2;0;0.9091;18;18;0
org.apache.catalina.ha.session.JvmRouteBinderValve.handleJvmRoute(Request, String, String);org.apache.catalina.Manager;1;3;3;0.7917;200;15;9;1;0;0.9756;34;34;0
org.apache.catalina.connector.RequestFacade.getRequestURI();org.apache.catalina.connector.Request;1;0;2;0.9865;462;73;2;1;0;0.9943;1084;128;51
org.apache.catalina.session.StandardSession.fireSessionEvent(String, Object);org.apache.catalina.SessionListener;0;0;1;0.9870;558;58;26;1;0;0.5000;1;1;0
org.apache.catalina.tribes.group.interceptors.GzipInterceptor.messageReceived(ChannelMessage);org.apache.catalina.tribes.io.XByteBuffer;1;1;0;1.0000;47;5;1;3;1;0.8571;317;36;7
org.apache.tomcat.util.modeler.modules.MbeansSource.execute();org.apache.tomcat.util.modeler.Registry;2;2;7;0.7308;198;11;10;2;0;0.9821;446;36;10
org.apache.tomcat.util.bcel.classfile.PMGClass.getPMGClassName();org.apache.tomcat.util.bcel.classfile.ConstantUtf8;0;0;0;0;0;0;0;0;0;0;0;0;0
org.apache.catalina.mbeans.MBeanFactory.removeLoader(String);org.apache.catalina.core.ContainerBase;0;1;0;0.9722;432;35;2;1;0;0.9889;603;62;29
org.apache.coyote.ajp.AjpProtocol.AjpConnectionHandler.register(AjpProcessor);org.apache.tomcat.util.modeler.Registry;4;0;3;0.8235;80;4;4;2;0;0.9815;446;36;10
org.apache.catalina.mbeans.GlobalResourcesLifecycleListener.lifecycleEvent(LifecycleEvent);org.apache.catalina.LifecycleEvent;1;2;1;0.5714;103;5;3;2;0;0.8182;18;3;3
org.apache.jasper.JspCompilationContext.getTldLocation(String);org.apache.jasper.compiler.TldLocationsCache;0;0;1;0.9839;420;31;31;1;0;0.9412;251;10;12
org.apache.tomcat.util.bcel.classfile.ConstantPool.constantToString(Constant);org.apache.tomcat.util.bcel.classfile.ConstantFloat;0;0;0;0;0;0;0;0;0;0;0;0;0
org.apache.catalina.ha.session.JvmRouteBinderValve.sendSessionIDClusterBackup(ClusterManager, Request, String, String);org.apache.catalina.Container;1;0;1;0.9688;200;15;9;2;0;0.9545;34;34;6
org.apache.catalina.ha.session.ReplicatedSession.invalidate();org.apache.catalina.ha.session.SimpleTcpReplicationManager;0;0;1;0.9583;122;16;4;1;0;0.9737;362;17;17
org.apache.jasper.compiler.Compiler.setupContextWriter(String);org.apache.jasper.compiler.ErrorDispatcher;1;0;2;0.9091;285;11;8;1;0;0.9615;158;22;2
org.apache.coyote.ajp.AjpProtocol.AjpConnectionHandler.createProcessor();org.apache.coyote.ajp.AjpProcessor;2;1;1;0.8824;80;4;4;0;4;0.9167;570;12;32
org.apache.catalina.valves.PersistentValve.invoke(Request, Response);org.apache.catalina.session.PersistentManagerBase;1;1;1;0.9655;76;3;2;2;0;0.9710;420;33;13
org.apache.tomcat.util.bcel.classfile.LocalVariable.getName();org.apache.tomcat.util.bcel.Constants;0;0;0;0;0;0;0;0;0;0;0;0;0
org.apache.catalina.ha.session.DeltaManager.checkSenderDomain(SessionMessage, Member);org.apache.catalina.ha.session.SessionMessage;1;0;3;0.9881;826;43;42;1;0;0.8750;5;5;7
org.apache.coyote.http11.Http11NioProtocol.init();org.apache.juli.logging.Log;2;1;5;0.9685;448;96;26;3;0;0.8846;18;18;0
org.apache.coyote.http11.Http11AprProtocol.getExecutor();org.apache.tomcat.util.net.AbstractEndpoint;0;0;0;0;0;0;0;0;0;0;0;0;0
org.apache.catalina.connector.CoyoteAdapter.parsePathParameters(org.apache.coyote.Request, Request);org.apache.juli.logging.Log;0;0;0;0;0;0;0;0;0;0;0;0;0
org.apache.catalina.session.ManagerBase.getDomainInternal();org.apache.catalina.mbeans.MBeanUtils;0;0;0;0;0;0;0;0;0;0;0;0;0
org.apache.jasper.compiler.TagFileProcessor.TagFileLoaderVisitor.visit(Node.CustomTag);org.apache.jasper.compiler.Compiler;2;0;2;0.8182;21;1;2;0;1;0.9643;285;11;8
org.apache.catalina.connector.RequestFacade.getLocales();org.apache.tomcat.util.res.StringManager;2;0;2;0.9865;462;73;2;0;0;1.0000;36;3;3
org.apache.catalina.connector.RequestFacade.getRemoteAddr();org.apache.catalina.connector.Request;1;0;2;0.9865;462;73;2;1;0;0.9943;1084;128;51
org.apache.tomcat.util.net.NioEndpoint.processSocket(NioChannel, SocketStatus, boolean);org.apache.juli.logging.Log;0;0;4;0.9810;629;43;64;3;0;0.8800;18;18;0
org.apache.jasper.compiler.TagLibraryInfoImpl.validate(PageData);org.apache.jasper.compiler.TagConstants;1;0;1;0.9500;523;14;6;0;1;1.0000;0;0;57
org.apache.catalina.servlets.WebdavServlet.doPropfind(HttpServletRequest, HttpServletResponse);org.apache.catalina.util.XMLWriter;5;6;5;0.8000;1460;29;23;3;2;0.8800;79;10;5
org.apache.naming.resources.ResourceCache.insertCache(CacheEntry);org.apache.naming.resources.CacheEntry;1;1;1;0.9412;211;7;10;0;1;0.9091;13;2;8
org.apache.tomcat.util.log.SystemLogHandler.findStream();org.apache.tomcat.util.log.CaptureLog;1;0;2;0.9655;128;29;3;0;1;0.8333;13;2;2
org.apache.catalina.tribes.group.interceptors.NonBlockingCoordinator.start(int);org.apache.catalina.tribes.group.AbsoluteOrder;1;3;4;0.8600;352;38;14;0;1;1.0000;7;1;1
org.apache.catalina.tribes.group.ChannelInterceptorBase.messageReceived(ChannelMessage);org.apache.catalina.tribes.ChannelInterceptor;0;0;1;0.9444;66;14;4;1;0;0.9412;16;16;0
org.apache.catalina.startup.Catalina.stop();org.apache.juli.logging.Log;0;0;4;0.8800;311;18;8;1;0;0.9545;18;18;0
org.apache.coyote.ajp.AjpProtocol.AjpConnectionHandler.unregister(AjpProcessor);org.apache.coyote.ajp.AjpProcessor;4;0;1;0.9375;80;4;4;0;1;0.9796;570;12;32
org.apache.catalina.tribes.ChannelException.getMessage();org.apache.catalina.tribes.Member;0;0;1;0.9091;46;5;2;1;0;0.9333;13;13;1
org.apache.catalina.core.StandardContext.filterStop();org.apache.catalina.core.ApplicationFilterConfig;0;0;1;0.9968;2385;204;107;1;0;0.9474;121;10;5
org.apache.catalina.session.JDBCStore.close(Connection);org.apache.juli.logging.Log;1;1;7;0.8644;495;34;23;1;0;0.9667;18;18;0
org.apache.catalina.valves.ExtendedAccessLogValve.RequestParameterElement.addElement(StringBuilder, Date, Request, Response, long);org.apache.catalina.connector.Request;0;1;1;0.5000;12;2;1;1;0;0.9943;1084;128;51
org.apache.catalina.tribes.membership.McastService.setDomain(String);org.apache.catalina.tribes.util.Arrays;0;0;0;0;0;0;0;0;0;0;0;0;0
org.apache.catalina.mbeans.UserMBean.removeRole(String);org.apache.catalina.User;0;0;0;1.0000;85;6;3;2;0;0.8947;17;17;0
org.apache.tomcat.util.buf.C2BConverter.recycle();org.apache.tomcat.util.buf.ByteChunk;0;0;2;0.8667;58;8;5;1;0;0.9800;425;43;10
org.apache.catalina.tribes.membership.MemberImpl.isReady();org.apache.catalina.tribes.transport.SenderState;0;0;0;1.0000;300;29;19;2;0;0.8750;45;9;5
org.apache.jasper.servlet.JspServletWrapper.getDependants();org.apache.jasper.JspCompilationContext;0;1;4;0.8276;314;11;15;1;0;0.9851;420;31;31
org.apache.jasper.compiler.Validator.ValidateVisitor.visit(Node.ELExpression);org.apache.jasper.compiler.PageInfo;4;1;3;0.9130;710;36;19;0;2;0.9756;319;30;44
org.apache.catalina.mbeans.ServerLifecycleListener.createMBeans(Server);org.apache.juli.logging.Log;0;2;1;0.9474;569;32;2;2;0;0.9167;18;18;0
org.apache.jasper.compiler.Collector.CollectVisitor.visit(Node.CustomTag);org.apache.jasper.compiler.Node.CustomTag;2;0;0;1.0000;114;15;6;0;1;0.9750;229;10;26
org.apache.coyote.http11.InternalAprInputBuffer.parseRequestLine(boolean);org.apache.coyote.Request;2;1;5;0.8571;358;13;15;0;5;0.9167;219;17;34
org.apache.catalina.session.PersistentManagerBase.PrivilegedStoreRemove.run();org.apache.catalina.session.PersistentManagerBase;1;0;1;0.6667;7;1;1;0;1;0.9778;420;33;13
org.apache.catalina.ha.session.DeltaSession.setNew(boolean, boolean);org.apache.catalina.ha.session.DeltaRequest;0;2;1;0.9388;379;41;7;1;0;0.9600;179;15;15
org.apache.catalina.tribes.group.interceptors.NonBlockingCoordinator.createData(CoordinationMessage, MemberImpl);org.apache.catalina.tribes.Channel;2;0;0;1.0000;352;38;14;0;1;1.0000;15;15;13
org.apache.catalina.core.StandardEngine.addChild(Container);org.apache.tomcat.util.res.StringManager;0;0;0;1.0000;237;19;9;1;0;0.8333;36;3;3
org.apache.coyote.http11.Http11NioProcessor.prepareResponse();org.apache.coyote.http11.Constants;7;2;12;0.8427;954;28;38;0;10;1.0000;0;0;44
org.apache.jasper.runtime.JspFactoryImpl.releasePageContext(PageContext);org.apache.jasper.Constants;1;1;0;0.8571;71;6;5;0;1;1.0000;0;0;34
org.apache.jasper.xmlparser.XMLEncodingDetector.skipSpaces();org.apache.jasper.xmlparser.XMLChar;0;2;6;0.8261;798;23;29;1;0;1.0000;115;21;9
org.apache.catalina.ha.session.SimpleTcpReplicationManager.requestCompleted(String);org.apache.catalina.session.StandardSession;2;1;5;0.8810;362;17;17;2;0;0.9775;558;58;26
org.apache.catalina.ha.session.DeltaRequest.readExternal(java.io.ObjectInput);org.apache.juli.logging.Log;1;1;5;0.7619;179;15;15;1;0;0.9565;18;18;0
org.apache.tomcat.util.DomUtil.setAttributes(Object, Node);org.apache.tomcat.util.IntrospectionUtils;2;0;1;1.0000;130;14;1;1;0;1.0000;602;31;5
org.apache.catalina.valves.ErrorReportValve.report(Request, Response, Throwable);org.apache.catalina.util.TomcatCSS;2;1;1;0.9231;129;4;2;0;1;1.0000;0;0;1
org.apache.catalina.connector.Request.readChunkedPostBody();org.apache.tomcat.util.buf.ByteChunk;0;0;0;0;0;0;0;0;0;0;0;0;0
org.apache.catalina.startup.HostConfig.deployWAR(String, File, String);org.apache.catalina.startup.Constants;2;4;8;0.8500;755;35;15;0;1;1.0000;0;0;45
org.apache.jasper.servlet.JspServlet.service(HttpServletRequest, HttpServletResponse);org.apache.jasper.Constants;1;2;2;0.7500;173;10;5;0;2;1.0000;0;0;34
org.apache.catalina.mbeans.MBeanUtils.createMBean(User);org.apache.tomcat.util.modeler.Registry;0;2;2;1.0000;853;61;5;1;0;0.9773;446;36;10
org.apache.catalina.mbeans.MBeanFactory.createStandardHost(String, String, String, boolean, boolean, boolean, boolean);org.apache.catalina.util.LifecycleMBeanBase;0;0;0;0;0;0;0;0;0;0;0;0;0
org.apache.catalina.ssi.SSIMediator.getFileSize(String, boolean);org.apache.catalina.ssi.SSIExternalResolver;0;0;1;0.9615;190;16;13;1;0;0.8889;8;8;0
org.apache.catalina.tribes.group.ChannelInterceptorBase.heartbeat();org.apache.catalina.tribes.ChannelInterceptor;0;0;1;0.9444;66;14;4;1;0;0.9412;16;16;0
org.apache.el.parser.AstIdentifier.setValue(EvaluationContext, Object);org.apache.el.util.MessageFactory;1;0;0;1.0000;78;7;0;0;0;1.0000;24;7;1
org.apache.catalina.ha.backend.CollectedInfo.init(String, int);org.apache.tomcat.util.modeler.Registry;0;0;2;0.7143;32;2;4;2;0;0.9773;446;36;10
org.apache.tomcat.util.modeler.ManagedBean.getGetter(String, BaseModelMBean, Object);org.apache.tomcat.util.modeler.AttributeInfo;0;0;2;0.9706;252;23;13;1;0;0.9333;55;8;7
org.apache.catalina.mbeans.ServerLifecycleListener.processContainerRemoveChild(Container, Container);org.apache.catalina.core.ContainerBase;1;2;1;0.9474;569;32;2;1;0;0.9896;603;62;29
org.apache.jasper.compiler.Generator.GenerateVisitor.convertString(Class<?>, String, String, Class<?>, boolean);org.apache.jasper.compiler.JspUtil;0;0;0;1.0000;1737;45;16;17;0;1.0000;693;44;8
org.apache.catalina.tribes.membership.McastServiceImpl.RecoveryThread.run();org.apache.juli.logging.Log;1;2;2;0.5714;58;4;2;2;0;0.9091;18;18;0
org.apache.jasper.compiler.Node.UseBean.accept(Visitor);org.apache.jasper.compiler.Node.Visitor;0;0;0;1.0000;15;1;1;1;0;0.9714;126;35;0
org.apache.tomcat.util.net.AprEndpoint.Sendfile.add(SendfileData);org.apache.tomcat.jni.Status;4;0;1;0.9500;187;5;6;0;1;1.0000;160;54;59
org.apache.catalina.ha.tcp.ReplicationValve.invoke(Request, Response);org.apache.catalina.Container;1;3;5;0.8667;283;17;17;2;0;0.9615;34;34;6
org.apache.catalina.manager.HTMLManagerServlet.list(HttpServletRequest, HttpServletResponse, String);org.apache.catalina.manager.Constants;2;0;10;1.0000;601;22;14;0;7;1.0000;0;0;11
org.apache.catalina.mbeans.MBeanUtils.destroyMBean(Loader);org.apache.tomcat.util.modeler.ManagedBean;0;2;2;1.0000;853;61;5;1;0;0.9714;252;23;13
org.apache.coyote.http11.Http11AprProcessor.action(ActionCode, Object);org.apache.coyote.http11.AbstractOutputBuffer;0;0;0;0;0;0;0;0;0;0;0;0;0
org.apache.tomcat.util.bcel.classfile.LocalVariableTable.toString();org.apache.tomcat.util.bcel.classfile.LocalVariable;0;0;0;0;0;0;0;0;0;0;0;0;0
org.apache.catalina.ha.deploy.FarmWarDeployer.start();org.apache.catalina.Cluster;0;0;11;0.8077;376;28;17;1;0;0.9655;11;11;0
org.apache.tomcat.util.digester.Digester.findNamespaceURI(String);org.apache.tomcat.util.digester.ArrayStack;0;0;1;0.9925;849;103;29;1;0;0.8889;53;6;1
org.apache.catalina.servlets.DefaultServlet.checkSendfile(HttpServletRequest, HttpServletResponse, CacheEntry, long, Range);org.apache.naming.resources.ResourceAttributes;2;0;1;0.9815;994;37;18;1;0;0.9796;516;30;30
org.apache.catalina.mbeans.MBeanUtils.destroyMBean(NamingResources);org.apache.tomcat.util.modeler.Registry;0;2;2;1.0000;853;61;5;1;0;0.9767;446;36;10
org.apache.catalina.core.ApplicationDispatcher.doForward(ServletRequest, ServletResponse);org.apache.catalina.Context;3;4;7;0.7143;419;14;10;1;0;0.9932;125;125;1
org.apache.coyote.ajp.AjpAprProcessor.prepareRequest();org.apache.tomcat.util.net.AbstractEndpoint;0;0;0;0;0;0;0;0;0;0;0;0;0
org.apache.catalina.core.StandardWrapperFacade.getServletContext();org.apache.catalina.core.ApplicationContext;0;0;2;0.7143;20;4;2;1;0;0.9828;460;47;13
org.apache.catalina.connector.RequestFacade.getLocales();org.apache.catalina.connector.Request;2;0;2;0.9865;462;73;2;1;0;0.9943;1084;128;51
org.apache.catalina.authenticator.FormAuthenticator.forwardToLoginPage(Request, HttpServletResponse, LoginConfig);org.apache.catalina.deploy.LoginConfig;0;0;0;0;0;0;0;0;0;0;0;0;0
org.apache.jasper.servlet.JspServletWrapper.handleJspException(Exception);org.apache.jasper.JspCompilationContext;4;1;2;0.9091;314;11;15;0;1;0.9855;420;31;31
org.apache.catalina.core.ContainerBase.setLoader(Loader);org.apache.juli.logging.Log;0;0;4;0.9674;603;62;29;1;0;0.9583;18;18;0
org.apache.coyote.http11.Http11NioProtocol.getAcceptorThreadPriority();org.apache.tomcat.util.net.NioEndpoint;1;0;1;0.9917;448;96;26;0;1;0.9899;629;43;64
org.apache.jasper.compiler.JspConfig.processWebDotXml();org.apache.juli.logging.Log;0;0;0;0;0;0;0;0;0;0;0;0;0
org.apache.el.parser.ELParser.Or();org.apache.el.parser.ELParserTreeConstants;2;3;4;0.9493;2195;111;22;0;1;0.9787;0;0;34
org.apache.catalina.connector.Response.getMessage();org.apache.coyote.Response;1;0;1;0.9886;578;70;19;0;1;0.9737;250;19;18
org.apache.tomcat.util.DomUtil.setAttributes(Object, Node);org.apache.juli.logging.Log;2;0;1;1.0000;130;14;1;2;0;0.8889;18;18;0
org.apache.naming.SelectorContext.listBindings(String);org.apache.juli.logging.Log;0;2;0;0.9412;146;31;6;0;0;1.0000;18;18;0
org.apache.catalina.tribes.group.interceptors.OrderInterceptor.processIncoming(MessageOrder);org.apache.catalina.tribes.ChannelMessage;0;1;4;0.8077;141;9;8;1;0;0.9600;11;11;0
org.apache.jasper.compiler.JspConfig.processWebDotXml();org.apache.jasper.xmlparser.TreeNode;0;0;0;0;0;0;0;0;0;0;0;0;0
org.apache.catalina.startup.ContextConfig.processAnnotationWebServlet(String, AnnotationEntry, WebXml);org.apache.catalina.deploy.WebXml;0;0;0;0;0;0;0;0;0;0;0;0;0
org.apache.coyote.ajp.AjpAprProcessor.prepareResponse();org.apache.tomcat.util.http.MimeHeaders;5;0;4;0.9322;616;13;30;3;1;0.9048;129;18;3
org.apache.catalina.core.StandardContext.addErrorPage(ErrorPage);org.apache.catalina.deploy.ErrorPage;1;1;4;0.9873;2385;204;107;4;0;0.7500;41;6;3
org.apache.jasper.compiler.Compiler.removeGeneratedFiles();org.apache.juli.logging.Log;0;0;2;0.9091;285;11;8;2;0;0.9091;18;18;0
org.apache.coyote.http11.Http11AprProcessor.action(ActionCode, Object);org.apache.coyote.http11.AbstractInputBuffer;0;0;0;0;0;0;0;0;0;0;0;0;0
org.apache.catalina.core.StandardWrapperValve.event(Request, Response, CometEvent);org.apache.tomcat.util.log.SystemLogHandler;3;1;4;0.8667;341;4;6;2;0;1.0000;128;29;3
org.apache.catalina.startup.Tomcat.addContext(Host, String, String);org.apache.catalina.Context;0;0;0;0;0;0;0;0;0;0;0;0;0
org.apache.tomcat.util.bcel.classfile.AnnotationEntry.getAnnotationType();org.apache.tomcat.util.bcel.classfile.ConstantPool;0;0;0;0;0;0;0;0;0;0;0;0;0
org.apache.catalina.connector.RequestFacade.getLocale();org.apache.tomcat.util.res.StringManager;2;0;2;0.9865;462;73;2;0;0;1.0000;36;3;3
org.apache.tomcat.util.digester.Digester.pop(String);org.apache.juli.logging.Log;0;0;2;0.9852;849;103;29;2;0;0.9048;18;18;0
org.apache.catalina.ha.backend.TcpSender.send(String);org.apache.catalina.ha.backend.HeartbeatListener;2;1;6;0.4545;129;3;6;0;1;0.9500;81;2;10
org.apache.catalina.ha.tcp.ReplicationValve.sendCrossContextSession(CatalinaCluster);org.apache.catalina.Container;1;1;5;0.8889;283;17;17;1;0;0.9762;34;34;6
org.apache.catalina.startup.SetNextNamingRule.end(String, String);org.apache.tomcat.util.digester.Digester;0;0;2;0.7500;25;2;2;2;0;0.9854;849;103;29
org.apache.catalina.core.ApplicationContext.getJspConfigDescriptor();org.apache.catalina.core.StandardContext;0;0;0;0;0;0;0;0;0;0;0;0;0
org.apache.coyote.http11.Http11Protocol.init();org.apache.tomcat.util.net.SSLImplementation;3;1;10;0.9000;361;52;31;2;0;0.9500;29;5;3
org.apache.catalina.core.AprLifecycleListener.init();org.apache.juli.logging.Log;2;1;7;0.8889;127;6;10;5;0;0.7368;18;18;0
org.apache.jasper.runtime.PageContextImpl.pushBody(Writer);org.apache.jasper.runtime.BodyContentImpl;0;1;3;0.9259;634;40;16;1;0;0.9773;249;35;6
org.apache.catalina.core.ApplicationContext.getMajorVersion();org.apache.catalina.core.Constants;1;0;0;1.0000;460;47;13;0;1;1.0000;0;0;6
org.apache.catalina.startup.ContextConfig.init();org.apache.catalina.Context;1;3;5;0.8529;779;23;16;1;0;0.9925;125;125;1
org.apache.tomcat.util.net.jsse.JSSEImplementation.getServerSocketFactory();org.apache.tomcat.util.net.jsse.JSSEFactory;0;0;1;0.8333;19;4;3;1;0;0.7500;9;3;0
org.apache.catalina.mbeans.ServerLifecycleListener.processContainerRemoveChild(Container, Container);org.apache.catalina.Context;1;2;1;0.9474;569;32;2;2;0;0.9847;125;125;1
org.apache.tomcat.util.buf.IntermediateInputStream.read();org.apache.tomcat.util.buf.ByteChunk;0;0;1;0.8000;14;3;1;1;0;0.9792;425;43;10
org.apache.jasper.runtime.PageContextImpl.getAttribute(String, int);org.apache.jasper.compiler.Localizer;0;1;0;0.9811;634;40;16;1;0;1.0000;34;6;1
org.apache.jasper.compiler.Compiler.removeGeneratedFiles();org.apache.jasper.JspCompilationContext;0;0;2;0.9091;285;11;8;2;0;0.9692;420;31;31
org.apache.catalina.ha.context.ReplicatedContext.getServletContext();org.apache.catalina.Globals;1;0;0;1.0000;68;6;4;0;1;1.0000;0;0;39
org.apache.jasper.compiler.DefaultErrorHandler.javacError(JavacErrorDetail[]);org.apache.jasper.compiler.JavacErrorDetail;1;0;0;1.0000;36;4;0;1;4;0.5455;88;2;6
org.apache.catalina.core.ContainerBase.getLogger();org.apache.juli.logging.LogFactory;0;1;1;0.9773;603;62;29;1;0;1.0000;50;12;6
org.apache.jasper.compiler.TagPluginManager.TagPluginContextImpl.generateImport(String);org.apache.jasper.compiler.PageInfo;0;0;1;0.9500;72;15;4;1;0;0.9868;319;30;44
org.apache.catalina.session.ManagerBase.getSessionAttribute(String, String);org.apache.catalina.Session;0;0;2;0.9762;489;55;31;1;0;0.9722;32;32;4
org.apache.catalina.mbeans.MBeanUtils.destroyMBean(ContextEnvironment);org.apache.tomcat.util.modeler.Registry;0;2;2;1.0000;853;61;5;1;0;0.9767;446;36;10
org.apache.coyote.http11.Http11AprProtocol.Http11ConnectionHandler.event(long, SocketStatus);org.apache.tomcat.util.net.AprEndpoint;2;0;3;0.8235;119;5;5;2;0;0.9773;629;27;59
org.apache.catalina.mbeans.MBeanUtils.createMBean(Role);org.apache.tomcat.util.modeler.Registry;0;2;2;1.0000;853;61;5;1;0;0.9773;446;36;10
org.apache.coyote.http11.Http11AprProtocol.Http11ConnectionHandler.register(Http11AprProcessor);org.apache.juli.logging.Log;4;0;3;0.8421;119;5;5;3;0;0.8929;18;18;0
org.apache.catalina.startup.RelativeOrderingRule.begin(String, String, Attributes);org.apache.tomcat.util.digester.Digester;0;0;0;0;0;0;0;0;0;0;0;0;0
org.apache.catalina.authenticator.BasicAuthenticator.authenticate(Request, HttpServletResponse, LoginConfig);org.apache.catalina.authenticator.Constants;0;0;0;0;0;0;0;0;0;0;0;0;0
org.apache.catalina.tribes.group.interceptors.SimpleCoordinator.installViewWhenStable();org.apache.catalina.tribes.group.AbsoluteOrder;1;1;2;0.7500;58;9;2;0;1;1.0000;7;1;1
org.apache.catalina.realm.UserDatabaseRealm.hasRole(Principal, String);org.apache.catalina.Group;0;0;1;0.9286;92;6;5;1;0;0.9412;11;11;0
org.apache.jasper.compiler.ELFunctionMapper.ELFunctionVisitor.visit(Node.CustomTag);org.apache.jasper.compiler.Node.CustomTag;2;0;0;1.0000;151;14;1;0;1;0.9756;229;10;26
org.apache.coyote.ajp.AjpAprProtocol.setPacketSize(int);org.apache.coyote.ajp.Constants;1;0;1;0.9811;219;40;15;0;1;1.0000;5;1;105
org.apache.catalina.mbeans.MemoryUserDatabaseMBean.createRole(String, String);org.apache.catalina.mbeans.MBeanUtils;0;1;0;0.9500;168;12;6;1;0;1.0000;853;61;5
org.apache.jasper.compiler.Collector.CollectVisitor.visit(Node.SetProperty);org.apache.jasper.compiler.Node.SetProperty;2;0;2;0.9091;114;15;6;0;1;0.8571;15;1;1
org.apache.coyote.http11.Http11NioProcessor.endRequest();org.apache.juli.logging.Log;1;0;6;0.9420;954;28;38;1;0;0.9615;18;18;0
org.apache.catalina.startup.ContextRuleSet.addRuleInstances(Digester);org.apache.tomcat.util.digester.Digester;0;0;2;0.8333;56;1;2;7;0;0.9481;849;103;29
org.apache.coyote.http11.Http11AprProcessor.process(long);org.apache.tomcat.util.res.StringManager;7;4;22;0.7241;938;28;36;1;0;0.9811;36;3;3
org.apache.coyote.Request.updateCounters();org.apache.coyote.RequestInfo;0;0;1;0.9808;219;17;34;1;0;0.9643;134;13;14
org.apache.catalina.mbeans.ServerLifecycleListener.lifecycleEvent(LifecycleEvent);org.apache.catalina.Globals;3;5;1;0.8684;569;32;2;0;2;1.0000;0;0;39
org.apache.tomcat.util.net.AbstractEndpoint.getCurrentThreadCount();org.apache.tomcat.util.threads.ResizableExecutor;0;0;0;0;0;0;0;0;0;0;0;0;0
org.apache.jasper.runtime.TagHandlerPool.release();org.apache.juli.logging.Log;0;0;4;0.6364;98;6;6;1;0;0.9565;18;18;0
org.apache.catalina.startup.Bootstrap.init();org.apache.catalina.security.SecurityClassLoad;0;3;4;0.7143;240;19;8;1;0;1.0000;77;8;0
org.apache.catalina.core.ApplicationDispatcher.doForward(ServletRequest, ServletResponse);org.apache.catalina.core.ApplicationHttpRequest;3;4;7;0.7143;419;14;10;1;6;0.8833;325;29;17
org.apache.catalina.mbeans.MBeanUtils.destroyMBean(Manager);org.apache.tomcat.util.modeler.Registry;0;2;2;1.0000;853;61;5;1;0;0.9767;446;36;10
org.apache.catalina.startup.ContextConfig.processAnnotationsStringArray(ElementValue);org.apache.tomcat.util.bcel.classfile.ElementValue;0;0;0;0;0;0;0;0;0;0;0;0;0
org.apache.tomcat.util.net.NioBlockingSelector.write(ByteBuffer, NioChannel, long, MutableInteger);org.apache.tomcat.util.net.NioEndpoint.Poller;4;0;1;0.9474;111;4;4;0;1;0.9722;395;15;7
org.apache.catalina.startup.Tomcat.addServlet(Context, String, String);org.apache.catalina.Wrapper;0;0;0;0;0;0;0;0;0;0;0;0;0
org.apache.catalina.core.StandardContext.addServletMapping(String, String, boolean);org.apache.catalina.util.RequestUtil;1;2;3;0.9841;2385;204;107;1;0;1.0000;183;13;1
org.apache.jasper.compiler.JspUtil.getTagHandlerClassName(String, String, ErrorDispatcher);org.apache.jasper.compiler.ErrorDispatcher;0;2;2;1.0000;693;44;8;1;0;0.9524;158;22;2
org.apache.catalina.servlets.DefaultServlet.serveResource(HttpServletRequest, HttpServletResponse, boolean);org.apache.catalina.Globals;4;11;8;0.7377;994;37;18;0;2;1.0000;0;0;39
org.apache.catalina.mbeans.ServerLifecycleListener.containerEvent(ContainerEvent);org.apache.catalina.Container;1;2;1;0.9444;569;32;2;0;2;1.0000;34;34;6
org.apache.catalina.core.StandardServer.stopInternal();org.apache.catalina.Lifecycle;0;0;0;0;0;0;0;0;0;0;0;0;0
org.apache.catalina.connector.Request.parseParameters();org.apache.catalina.connector.Connector;5;4;9;0.9396;1084;128;51;2;0;0.9820;455;59;40
org.apache.catalina.startup.ContextConfig.configureStart();org.apache.catalina.Pipeline;0;0;0;0;0;0;0;0;0;0;0;0;0
org.apache.catalina.tribes.io.ChannelData.sendAckAsync(int);org.apache.catalina.tribes.Channel;1;0;0;1.0000;165;14;7;0;2;1.0000;15;15;13
org.apache.coyote.http11.AbstractHttp11Protocol.setMaxThreads(int);org.apache.tomcat.util.net.AbstractEndpoint;0;0;0;0;0;0;0;0;0;0;0;0;0
org.apache.coyote.http11.Http11Protocol.start();org.apache.tomcat.util.res.StringManager;1;1;7;0.9326;361;52;31;1;0;0.9444;36;3;3
org.apache.catalina.core.StandardContext.stopInternal();org.apache.catalina.core.ApplicationContext;0;0;0;0;0;0;0;0;0;0;0;0;0
org.apache.catalina.tribes.transport.nio.NioSender.disconnect();org.apache.juli.logging.Log;0;0;4;0.8846;255;12;11;3;0;0.8636;18;18;0
org.apache.coyote.Response.setHeader(String, String);org.apache.tomcat.util.buf.MessageBytes;0;1;1;0.9474;250;19;18;1;0;0.9783;402;31;17
org.apache.catalina.core.StandardHostValve.status(Request, Response);org.apache.catalina.connector.Request;3;1;0;0.9500;149;7;3;4;0;0.9784;1084;128;51
org.apache.coyote.http11.InternalOutputBuffer.commit();org.apache.coyote.Response;2;0;7;0.8205;255;24;14;0;1;0.9773;250;19;18
org.apache.catalina.mbeans.MBeanFactory.removeRealm(String);org.apache.catalina.core.ContainerBase;0;1;0;0.9722;432;35;2;1;0;0.9889;603;62;29
org.apache.jasper.compiler.Validator.validateExDirectives(Compiler, Node.Nodes);org.apache.jasper.compiler.PageInfo;4;1;0;1.0000;65;3;0;0;1;0.9877;319;30;44
org.apache.coyote.http11.filters.BufferedInputFilter.recycle();org.apache.tomcat.util.buf.ByteChunk;1;0;4;0.6364;49;6;6;1;1;0.9608;425;43;10
org.apache.catalina.tribes.transport.AbstractSender.setDestination(Member);org.apache.catalina.tribes.Member;0;0;4;0.8857;199;7;26;3;0;0.8235;13;13;1
org.apache.catalina.tribes.tipis.AbstractReplicatedMap.remove(Object, boolean);org.apache.catalina.tribes.Channel;0;1;4;0.9403;740;50;17;1;0;0.9524;15;15;13
org.apache.coyote.http11.Http11NioProcessor.asyncDispatch(SocketStatus);org.apache.juli.logging.Log;0;0;0;0;0;0;0;0;0;0;0;0;0
org.apache.jasper.compiler.JspDocumentParser.checkScriptingBody(Node.ScriptingElement);org.apache.jasper.compiler.Node.Nodes;2;0;0;1.0000;649;28;20;2;0;0.8182;43;5;3
org.apache.catalina.servlets.WebdavServlet.doLock(HttpServletRequest, HttpServletResponse);org.apache.catalina.servlets.WebdavStatus;6;4;11;0.8302;1460;29;23;1;6;1.0000;12;2;27
org.apache.coyote.ajp.AjpAprProcessor.read(int);org.apache.tomcat.jni.Socket;0;0;3;0.9487;616;13;30;1;0;1.0000;37;37;34
org.apache.jasper.compiler.JspDocumentParser.getBodyType(Node.CustomTag);org.apache.jasper.compiler.Node.CustomTag;1;0;0;1.0000;649;28;20;0;2;0.9500;229;10;26
org.apache.catalina.ha.session.DeltaManager.handleALL_SESSION_DATA(SessionMessage, Member);org.apache.catalina.ha.session.SessionMessage;1;1;4;0.9643;826;43;42;1;0;0.9000;5;5;7
org.apache.tomcat.util.http.fileupload.MultipartStream.ProgressNotifier.notifyListener();org.apache.tomcat.util.http.fileupload.ProgressListener;0;0;0;0;0;0;0;0;0;0;0;0;0
org.apache.el.parser.ELParser.jj_3R_66();org.apache.el.parser.ELParserConstants;0;1;0;0.9924;2195;111;22;0;0;1.0000;0;0;57
org.apache.catalina.startup.HostConfig.checkResources(DeployedApplication);org.apache.catalina.Container;1;2;4;0.9322;755;35;15;2;0;0.9600;34;34;6
org.apache.catalina.tribes.membership.McastService.setDomain(byte[]);org.apache.juli.logging.Log;0;0;4;0.9545;345;53;13;1;0;0.9583;18;18;0
org.apache.catalina.core.StandardService.stopInternal();org.apache.catalina.connector.Connector;0;0;0;0;0;0;0;0;0;0;0;0;0
org.apache.catalina.servlets.DefaultServlet.copy(CacheEntry, ServletOutputStream, Range);org.apache.naming.resources.CacheEntry;1;1;1;0.9615;994;37;18;0;1;0.9333;13;2;8
org.apache.catalina.connector.Request.setServletPath(String);org.apache.tomcat.util.http.mapper.MappingData;1;0;1;0.9943;1084;128;51;0;1;0.9167;11;1;9
org.apache.coyote.http11.Http11Processor.prepareRequest();org.apache.coyote.http11.Constants;6;3;13;0.8391;847;26;37;0;8;1.0000;0;0;44
org.apache.jasper.util.JspQueue.makeYoungest(Entry<T>);org.apache.jasper.util.Entry;0;0;0;0;0;0;0;0;0;0;0;0;0
org.apache.catalina.tribes.group.ChannelCoordinator.internalStart(int);org.apache.catalina.tribes.MembershipService;3;0;4;0.8750;164;15;5;3;2;0.8966;17;17;2
org.apache.catalina.core.ApplicationFilterChain.internalDoFilterEvent(CometEvent);org.apache.catalina.core.ApplicationFilterConfig;5;0;7;0.6923;225;9;13;1;0;0.9474;121;10;5
org.apache.tomcat.util.bcel.classfile.SourceFile.getSourceFileName();org.apache.tomcat.util.bcel.Constants;0;0;0;0;0;0;0;0;0;0;0;0;0
org.apache.catalina.tribes.membership.McastServiceImpl.receive();org.apache.catalina.tribes.membership.MemberImpl;1;3;4;0.8684;308;12;27;0;1;1.0000;300;29;19
org.apache.catalina.session.StandardManager.stopInternal();org.apache.catalina.Session;0;0;0;0;0;0;0;0;0;0;0;0;0
org.apache.coyote.http11.filters.ChunkedOutputFilter.doWrite(ByteChunk, Response);org.apache.tomcat.util.buf.HexUtils;1;0;3;0.7000;38;4;6;0;1;1.0000;50;5;3
org.apache.catalina.ssi.SSIMediator.log(String, Throwable);org.apache.catalina.ssi.SSIExternalResolver;0;0;1;0.9615;190;16;13;1;0;0.8889;8;8;0
org.apache.coyote.http11.Http11NioProtocol.start();org.apache.tomcat.util.res.StringManager;1;1;7;0.9531;448;96;26;1;0;0.9444;36;3;3
org.apache.tomcat.util.net.NioSelectorPool.getSharedSelector();org.apache.juli.logging.Log;0;0;3;0.9474;182;9;12;1;0;0.9474;18;18;0
org.apache.catalina.core.NamingContextListener.propertyChange(PropertyChangeEvent);org.apache.naming.ContextAccessController;0;2;3;0.8387;745;23;11;2;0;1.0000;25;6;2
org.apache.jasper.compiler.Parser.parseELExpression(Node, char);org.apache.jasper.compiler.ErrorDispatcher;0;0;3;0.9559;1203;56;14;1;0;0.9630;158;22;2
org.apache.jasper.compiler.Generator.GenerateVisitor.visit(Node.TemplateText);org.apache.jasper.compiler.Node;6;0;3;0.9610;1737;45;16;0;3;0.9318;170;7;15
org.apache.catalina.connector.OutputBuffer.recycle();org.apache.tomcat.util.buf.C2BConverter;0;0;9;0.7805;207;25;15;1;0;0.9583;58;8;5
org.apache.catalina.loader.WebappLoader.startInternal();org.apache.catalina.Container;0;0;0;0;0;0;0;0;0;0;0;0;0
org.apache.catalina.authenticator.AuthenticatorBase.register(Request, HttpServletResponse, Principal, String, String, String);org.apache.catalina.Session;3;1;3;0.9375;286;20;18;4;0;0.9167;32;32;4
org.apache.jasper.util.JspQueue.push(T);org.apache.jasper.util.Entry;0;0;0;0;0;0;0;0;0;0;0;0;0
org.apache.jasper.compiler.ParserController.getJspConfigPageEncoding(String);org.apache.jasper.JspCompilationContext;2;0;1;0.9655;284;13;13;0;1;0.9846;420;31;31
org.apache.catalina.realm.JAASMemoryLoginModule.initialize(Subject, CallbackHandler, Map<String,?>, Map<String,?>);org.apache.juli.logging.Log;0;1;6;0.6000;151;7;9;1;0;0.9583;18;18;0
org.apache.el.lang.ExpressionBuilder.createNodeInternal(String);org.apache.el.parser.ELParser;1;0;1;1.0000;117;7;4;1;0;0.9925;2195;111;22
org.apache.naming.factory.BeanFactory.getObjectInstance(Object, Name, Context, Hashtable<?,?>);org.apache.naming.factory.Constants;1;0;0;1.0000;112;1;0;0;1;1.0000;0;0;12
org.apache.catalina.core.ApplicationContext.getContextPath();org.apache.catalina.core.StandardContext;0;0;1;0.9821;460;47;13;1;0;0.9968;2385;204;107
org.apache.catalina.core.StandardWrapperValve.event(Request, Response, CometEvent);org.apache.catalina.Container;3;1;4;0.8667;341;4;6;1;0;0.9831;34;34;6
org.apache.coyote.http11.Http11AprProcessor.process(long);org.apache.coyote.http11.InternalAprOutputBuffer;7;4;22;0.7241;938;28;36;2;0;0.9765;235;24;13
org.apache.tomcat.util.digester.Digester.setDocumentLocator(Locator);org.apache.juli.logging.Log;0;0;2;0.9851;849;103;29;2;0;0.9000;18;18;0
org.apache.coyote.http11.InternalNioOutputBuffer.writeToSocket(ByteBuffer, boolean, boolean);org.apache.tomcat.util.net.NioChannel;1;0;4;0.9149;294;26;16;2;0;0.9259;83;15;5
org.apache.coyote.http11.AbstractHttp11Protocol.getMaxKeepAliveRequests();org.apache.tomcat.util.net.AbstractEndpoint;0;0;0;0;0;0;0;0;0;0;0;0;0
org.apache.catalina.connector.RequestFacade.isRequestedSessionIdFromURL();org.apache.catalina.connector.Request;1;0;2;0.9865;462;73;2;1;0;0.9943;1084;128;51
org.apache.catalina.loader.WebappClassLoader.getResource(String);org.apache.juli.logging.Log;1;2;7;0.8889;1193;44;30;2;0;0.9259;18;18;0
org.apache.catalina.core.ApplicationContext.getServerInfo();org.apache.catalina.util.ServerInfo;0;0;0;1.0000;460;47;13;1;0;1.0000;19;4;3
org.apache.coyote.ajp.AjpProtocol.getTcpNoDelay();org.apache.tomcat.util.net.AbstractEndpoint;0;0;0;0;0;0;0;0;0;0;0;0;0
org.apache.tomcat.util.DomUtil.NullResolver.resolveEntity(String, String);org.apache.tomcat.util.DomUtil;1;0;0;1.0000;4;1;0;0;1;1.0000;130;14;1
org.apache.catalina.session.PersistentManagerBase.swapOut(Session);org.apache.catalina.session.StandardSession;0;1;1;0.9565;420;33;13;1;0;0.9878;558;58;26
org.apache.tomcat.util.net.JIoEndpoint.setSocketOptions(Socket);org.apache.tomcat.util.res.StringManager;0;0;4;0.9388;312;23;26;1;0;0.9231;36;3;3
org.apache.catalina.tribes.group.interceptors.NonBlockingCoordinator.CoordinationMessage.parse();org.apache.catalina.tribes.membership.MemberImpl;1;0;6;0.6471;90;8;7;1;0;1.0000;300;29;19
org.apache.catalina.startup.HostConfig.deployWARs(File, String[]);org.apache.juli.logging.Log;0;2;0;0.9556;755;35;15;0;0;1.0000;18;18;0
org.apache.catalina.ha.session.JvmRouteSessionIDBinderListener.start();org.apache.catalina.ha.CatalinaCluster;0;0;1;0.9231;54;5;3;1;0;0.9630;20;20;1
org.apache.coyote.ajp.AjpAprProtocol.setSoLinger(int);org.apache.tomcat.util.net.AbstractEndpoint;0;0;0;0;0;0;0;0;0;0;0;0;0
org.apache.jasper.runtime.JspFactoryImpl.PrivilegedReleasePageContext.run();org.apache.jasper.runtime.JspFactoryImpl;0;0;2;0.5000;8;1;2;1;0;0.9000;71;6;5
org.apache.jasper.compiler.Validator.ValidateVisitor.getJspAttribute(TagAttributeInfo, String, String, String, String, Node, boolean);org.apache.jasper.compiler.Node.Root;6;0;2;0.9630;710;36;19;0;1;0.9600;56;2;8
org.apache.coyote.http11.InternalNioInputBuffer.recycle();org.apache.coyote.http11.InputFilter;0;0;16;0.6190;457;16;24;1;0;0.9600;7;7;0
org.apache.catalina.connector.CoyoteAdapter.parseSessionCookiesId(org.apache.coyote.Request, Request);org.apache.tomcat.util.buf.MessageBytes;5;1;1;0.9643;505;11;8;2;0;0.9667;402;31;17
org.apache.jasper.compiler.Generator.generateTagHandlerPreamble(JasperTagInfo, Node.Nodes);org.apache.jasper.compiler.JasperTagInfo;2;9;2;0.7500;781;28;16;1;0;0.9524;10;1;1
org.apache.coyote.ajp.AjpAprProcessor.prepareRequest();org.apache.tomcat.util.http.MimeHeaders;7;1;8;0.8831;616;13;30;3;0;0.9545;129;18;3
org.apache.catalina.startup.AbsoluteOrderingRule.begin(String, String, Attributes);org.apache.tomcat.util.digester.Digester;0;0;0;0;0;0;0;0;0;0;0;0;0
org.apache.catalina.ha.session.DeltaSession.endAccess();org.apache.catalina.ha.session.DeltaManager;0;0;0;0;0;0;0;0;0;0;0;0;0
org.apache.catalina.connector.CoyoteAdapter.parseSessionCookiesId(org.apache.coyote.Request, Request);org.apache.coyote.Request;5;1;1;0.9643;505;11;8;0;1;0.9857;219;17;34
org.apache.jasper.compiler.Generator.GenerateVisitor.visit(Node.ForwardAction);org.apache.jasper.compiler.Node.JspAttribute;5;3;4;0.9041;1737;45;16;1;2;0.9167;107;7;10
org.apache.catalina.core.StandardContext.startInternal();org.apache.catalina.Globals;0;0;0;0;0;0;0;0;0;0;0;0;0
org.apache.jasper.compiler.JspDocumentParser.processChars();org.apache.jasper.compiler.Mark;3;0;10;0.7778;649;28;20;0;2;0.9412;108;9;11
org.apache.catalina.realm.JDBCRealm.getPassword(String);org.apache.juli.logging.Log;1;3;2;0.8571;277;13;16;2;0;0.9130;18;18;0
org.apache.catalina.tribes.membership.StaticMember.setHost(String);org.apache.catalina.tribes.util.Arrays;0;0;0;1.0000;29;3;0;1;0;1.0000;149;24;1
org.apache.catalina.ha.session.JvmRouteBinderValve.stopInternal();org.apache.tomcat.util.res.StringManager;0;0;0;0;0;0;0;0;0;0;0;0;0
org.apache.tomcat.util.digester.Digester.resolveEntity(String, String);org.apache.juli.logging.Log;0;1;4;0.9627;849;103;29;2;0;0.9130;18;18;0
org.apache.catalina.connector.RequestFacade.isUserInRole(String);org.apache.catalina.connector.Request;1;0;2;0.9865;462;73;2;1;0;0.9943;1084;128;51
org.apache.catalina.startup.Catalina.initNaming();org.apache.juli.logging.Log;0;0;0;0;0;0;0;0;0;0;0;0;0
org.apache.catalina.manager.host.HostManagerServlet.doGet(HttpServletRequest, HttpServletResponse);org.apache.catalina.manager.host.Constants;2;5;1;0.7368;301;13;8;0;1;1.0000;0;0;9
org.apache.jasper.compiler.Generator.GenerateVisitor.ParamVisitor.visit(Node.ParamAction);org.apache.jasper.compiler.Node;5;0;0;1.0000;17;1;1;1;2;0.9032;170;7;15
org.apache.catalina.ha.backend.HeartbeatListener.lifecycleEvent(LifecycleEvent);org.apache.catalina.ha.backend.CollectedInfo;2;0;6;0.7222;81;2;10;1;2;0.8235;32;2;4
org.apache.tomcat.util.bcel.classfile.ConstantValue.toString();org.apache.tomcat.util.bcel.classfile.ConstantPool;0;0;0;0;0;0;0;0;0;0;0;0;0
org.apache.catalina.deploy.WebXml.addEnvEntry(ContextEnvironment);org.apache.catalina.deploy.ResourceBase;1;0;2;0.9853;1446;42;41;1;0;0.9375;43;9;6
org.apache.catalina.ha.session.DeltaManager.waitForSendAllSessions(long);org.apache.juli.logging.Log;1;0;6;0.9524;826;43;42;3;0;0.8636;18;18;0
org.apache.catalina.mbeans.ContextResourceMBean.setAttribute(Attribute);org.apache.catalina.deploy.NamingResources;2;0;0;1.0000;76;2;0;2;0;0.9649;332;35;12
org.apache.catalina.startup.HostConfig.start();org.apache.catalina.Host;1;1;4;0.9423;755;35;15;2;0;0.9286;20;20;2
org.apache.catalina.connector.InputBuffer.setConverter();org.apache.catalina.security.SecurityUtil;0;0;6;0.8571;210;19;17;1;0;1.0000;146;11;17
org.apache.tomcat.util.net.NioEndpoint.setSocketOptions(SocketChannel);org.apache.juli.logging.Log;2;2;5;0.9434;629;43;64;1;0;0.9688;18;18;0
org.apache.jasper.compiler.Generator.GenerateVisitor.generateJspFragment(Node, String);org.apache.jasper.compiler.Generator.FragmentHelperClass;3;0;7;0.8971;1737;45;16;2;1;0.8636;132;6;4
org.apache.coyote.http11.Http11Processor.action(ActionCode, Object);org.apache.coyote.http11.AbstractInputBuffer;0;0;0;0;0;0;0;0;0;0;0;0;0
org.apache.catalina.connector.CoyoteAdapter.event(org.apache.coyote.Request, org.apache.coyote.Response, SocketStatus);org.apache.catalina.Container;8;0;4;0.9375;505;11;8;1;0;0.9825;34;34;6
org.apache.coyote.ajp.AjpProcessor.asyncDispatch(SocketStatus);org.apache.coyote.Request;0;0;0;0;0;0;0;0;0;0;0;0;0
org.apache.jasper.compiler.Parser.parseXMLDirective(Node);org.apache.jasper.compiler.JspReader;0;5;4;0.8714;1203;56;14;4;0;0.9149;322;25;9
org.apache.catalina.startup.ContextConfig.getContextWebXmlSource();org.apache.juli.logging.Log;0;0;0;0;0;0;0;0;0;0;0;0;0
org.apache.catalina.ha.tcp.ReplicationValve.createPrimaryIndicator(Request);org.apache.catalina.connector.Request;1;0;3;0.9750;283;17;17;3;0;0.9833;1084;128;51
org.apache.jasper.compiler.Dumper.DumpVisitor.visit(Node.Expression);org.apache.jasper.compiler.Node.ScriptingElement;0;1;0;0.9643;122;27;1;1;0;0.8000;30;2;0
org.apache.tomcat.util.digester.SetTopRule.end(String, String);org.apache.juli.logging.Log;1;0;2;0.8667;41;2;3;2;0;0.9200;18;18;0
org.apache.el.parser.AstValue.getValue(EvaluationContext);org.apache.el.util.MessageFactory;0;0;0;1.0000;103;8;1;0;0;1.0000;24;7;1
org.apache.catalina.core.ApplicationHttpRequest.isRequestedSessionIdValid();org.apache.catalina.Session;0;0;2;0.9565;325;29;17;1;0;0.9722;32;32;4
org.apache.coyote.ajp.AjpProtocol.getSoLinger();org.apache.tomcat.util.net.AbstractEndpoint;0;0;0;0;0;0;0;0;0;0;0;0;0
org.apache.coyote.http11.Http11NioProcessor.process(NioChannel);org.apache.tomcat.util.net.NioEndpoint.KeyAttachment;11;4;16;0.8182;954;28;38;1;3;0.9494;155;14;15
org.apache.catalina.ha.session.DeltaManager.handleALL_SESSION_TRANSFERCOMPLETE(SessionMessage, Member);org.apache.catalina.ha.ClusterMessage;1;0;6;0.9535;826;43;42;1;0;0.9286;6;6;0
org.apache.coyote.http11.Http11AprProtocol.Http11ConnectionHandler.unregister(Http11AprProcessor);org.apache.juli.logging.Log;4;0;1;0.9444;119;5;5;3;0;0.8800;18;18;0
org.apache.jasper.compiler.Generator.GenerateVisitor.visit(Node.UseBean);org.apache.jasper.compiler.ErrorDispatcher;7;0;1;0.9877;1737;45;16;1;0;0.9762;158;22;2
org.apache.catalina.tribes.group.interceptors.FragmentationInterceptor.defrag(ChannelMessage);org.apache.catalina.tribes.ChannelMessage;0;2;0;0.8750;96;7;5;2;0;0.8824;11;11;0
org.apache.jasper.xmlparser.ASCIIReader.read(char, int, int);org.apache.jasper.compiler.Localizer;0;0;2;0.8000;43;8;3;1;0;1.0000;34;6;1
org.apache.tomcat.util.digester.SetRootRule.end(String, String);org.apache.tomcat.util.digester.Digester;1;0;2;0.8750;41;2;3;2;3;0.9638;849;103;29
org.apache.coyote.Request.recycle();org.apache.tomcat.util.http.Cookies;0;0;23;0.5818;219;17;34;1;0;0.9756;269;16;9
org.apache.naming.NamingContext.getNameParser(Name);org.apache.naming.StringManager;0;0;3;0.9474;282;32;6;1;0;0.9000;65;7;2
org.apache.jasper.compiler.Generator.GenerateVisitor.syncScriptingVars(Node.CustomTag, int);org.apache.jasper.compiler.Generator;1;0;1;0.9848;1737;45;16;1;0;1.0000;781;28;16
org.apache.catalina.core.StandardContext.unbindThread(ClassLoader);org.apache.naming.ContextBindings;0;1;0;0.9968;2385;204;107;1;0;1.0000;112;21;6
org.apache.catalina.manager.host.HostManagerServlet.init();org.apache.tomcat.util.ExceptionUtils;0;0;0;0;0;0;0;0;0;0;0;0;0
org.apache.catalina.core.NamingContextListener.addEnvironment(ContextEnvironment);org.apache.juli.logging.Log;2;0;3;0.9459;745;23;11;3;0;0.8696;18;18;0
org.apache.catalina.tribes.group.AbsoluteOrder.AbsoluteComparator.compareIps(Member, Member);org.apache.catalina.tribes.Member;0;1;0;0.8571;45;7;0;1;0;0.9286;13;13;1
org.apache.coyote.ajp.AjpAprProtocol.AjpConnectionHandler.asyncDispatch(long, SocketStatus);org.apache.coyote.ajp.AjpAprProtocol;0;0;0;0;0;0;0;0;0;0;0;0;0
org.apache.catalina.core.ApplicationHttpRequest.isRequestedSessionIdValid();org.apache.catalina.Container;0;0;2;0.9565;325;29;17;1;0;0.9737;34;34;6
org.apache.catalina.mbeans.ServerLifecycleListener.propertyChange(PropertyChangeEvent);org.apache.juli.logging.Log;0;4;1;0.8788;569;32;2;1;0;0.9545;18;18;0
org.apache.catalina.core.ApplicationContext.declareRoles(String);org.apache.catalina.core.StandardContext;0;0;0;0;0;0;0;0;0;0;0;0;0
org.apache.catalina.startup.ContextConfig.processResourceJARs(Set<WebXml>);org.apache.juli.logging.Log;0;0;0;0;0;0;0;0;0;0;0;0;0
org.apache.coyote.ajp.AjpProcessor.SocketInputBuffer.doRead(ByteChunk, Request);org.apache.coyote.Request;3;0;0;1.0000;19;1;0;1;0;0.9841;219;17;34
org.apache.catalina.core.StandardWrapperValve.exception(Request, Response, Throwable);org.apache.catalina.connector.Response;1;0;0;1.0000;341;4;6;1;0;0.9888;578;70;19
org.apache.coyote.ajp.AjpAprProcessor.action(ActionCode, Object);org.apache.tomcat.util.net.AprEndpoint.Handler;6;3;13;0.7636;616;13;30;0;0;1.0000;2;2;1
org.apache.coyote.http11.Http11AprProtocol.destroy();org.apache.juli.logging.Log;1;1;5;0.9615;387;76;26;2;0;0.9167;18;18;0
org.apache.catalina.startup.SoapHeaderRule.body(String, String, String);org.apache.tomcat.util.digester.Digester;0;0;0;1.0000;14;1;0;2;0;0.9852;849;103;29
org.apache.jasper.compiler.SmapUtil.SmapGenVisitor.visit(Node.TemplateText);org.apache.jasper.compiler.Node;3;0;2;0.9394;149;23;3;0;2;0.9412;170;7;15
org.apache.catalina.mbeans.ServerLifecycleListener.destroyMBeans(Host);org.apache.catalina.Container;0;1;1;0.9737;569;32;2;4;0;0.8919;34;34;6
org.apache.catalina.realm.RealmBase.findSecurityConstraints(Request, Context);org.apache.catalina.Context;0;1;1;0.9846;688;39;24;1;0;0.9926;125;125;1
org.apache.catalina.core.ApplicationFilterFactory.createFilterChain(ServletRequest, Wrapper, Servlet);org.apache.catalina.Globals;3;3;2;0.8333;183;6;11;0;1;1.0000;0;0;39
org.apache.tomcat.util.modeler.Registry.unregisterComponent(ObjectName);org.apache.juli.logging.Log;0;1;1;0.9762;446;36;10;1;0;0.9474;18;18;0
org.apache.catalina.mbeans.MBeanUtils.destroyMBean(Host);org.apache.catalina.Container;0;1;1;1.0000;853;61;5;2;0;0.9412;34;34;6
org.apache.catalina.connector.CoyoteReader.close();org.apache.catalina.connector.InputBuffer;0;0;1;0.9333;102;12;4;1;0;0.9722;210;19;17
org.apache.catalina.connector.CoyoteAdapter.event(org.apache.coyote.Request, org.apache.coyote.Response, SocketStatus);org.apache.juli.logging.Log;8;0;4;0.9375;505;11;8;1;0;0.9756;18;18;0
org.apache.catalina.servlets.DefaultServlet.checkIfMatch(HttpServletRequest, HttpServletResponse, ResourceAttributes);org.apache.naming.resources.ResourceAttributes;0;0;0;1.0000;994;37;18;1;0;0.9767;516;30;30
org.apache.jasper.compiler.ParserController.doParse(String, Node, JarResource);org.apache.jasper.compiler.Compiler;1;4;12;0.4286;284;13;13;0;1;0.9730;285;11;8
org.apache.jasper.compiler.Generator.GenerateVisitor.visit(Node.Expression);org.apache.jasper.compiler.Node.ScriptingElement;2;0;1;0.9851;1737;45;16;1;0;0.9091;30;2;0
org.apache.jasper.compiler.Generator.GenerateVisitor.visit(Node.TemplateText);org.apache.jasper.JspCompilationContext;6;0;3;0.9610;1737;45;16;0;1;0.9875;420;31;31
org.apache.coyote.ajp.AjpAprProtocol.AjpConnectionHandler.unregister(AjpAprProcessor);org.apache.coyote.ajp.AjpAprProtocol;4;0;1;0.9412;86;5;4;0;2;0.9841;219;40;15
org.apache.jasper.compiler.Generator.generateLocalVariables(ServletWriter, Node);org.apache.jasper.compiler.Node.CustomTag;4;0;0;1.0000;781;28;16;0;1;0.9787;229;10;26
org.apache.catalina.connector.Request.parseCookies();org.apache.tomcat.util.http.Cookies;2;1;3;0.9780;1084;128;51;2;0;0.9259;269;16;9
org.apache.coyote.http11.Http11AprProtocol.setAttribute(String, Object);org.apache.juli.logging.Log;1;0;3;0.9902;387;76;26;2;0;0.8947;18;18;0
org.apache.tomcat.util.bcel.classfile.Attribute.readAttribute(DataInputStream, ConstantPool);org.apache.tomcat.util.bcel.classfile.ConstantUtf8;0;0;0;0;0;0;0;0;0;0;0;0;0
org.apache.catalina.core.ApplicationContextFacade.getResource(String);org.apache.catalina.Globals;1;1;1;0.9600;426;46;3;0;1;1.0000;0;0;39
org.apache.jasper.compiler.ParserController.determineSyntaxAndEncoding(String, JarFile, String);org.apache.jasper.xmlparser.XMLEncodingDetector;3;2;8;0.6875;284;13;13;1;0;1.0000;798;23;29
org.apache.catalina.connector.Request.setContextPath(String);org.apache.tomcat.util.http.mapper.MappingData;1;0;1;0.9943;1084;128;51;0;1;0.9167;11;1;9
org.apache.catalina.core.AsyncContextImpl.doInternalComplete(boolean);org.apache.juli.logging.Log;0;3;5;0.8125;244;21;12;1;0;0.9600;18;18;0
org.apache.tomcat.util.http.fileupload.MultipartStream.ItemInputStream.available();org.apache.tomcat.util.http.fileupload.MultipartStream;0;0;0;0;0;0;0;0;0;0;0;0;0
org.apache.catalina.core.StandardWrapperValve.exception(Request, Response, Throwable);org.apache.catalina.connector.Request;1;0;0;1.0000;341;4;6;1;0;0.9943;1084;128;51
org.apache.catalina.valves.CometConnectionManagerValve.stopInternal();org.apache.catalina.Lifecycle;0;0;0;0;0;0;0;0;0;0;0;0;0
org.apache.catalina.tribes.transport.nio.PooledParallelSender.sendMessage(Member[], ChannelMessage);org.apache.catalina.tribes.ChannelException;0;1;1;0.8000;40;4;1;1;0;0.9375;46;5;2
org.apache.coyote.http11.AbstractHttp11Protocol.setAlgorithm(String);org.apache.tomcat.util.net.AbstractEndpoint;0;0;0;0;0;0;0;0;0;0;0;0;0
org.apache.catalina.tribes.tipis.AbstractReplicatedMap.replicate(Object, boolean);org.apache.catalina.tribes.Channel;0;0;4;0.9620;740;50;17;1;0;0.9688;15;15;13
org.apache.coyote.http11.Http11NioProtocol.Http11ConnectionHandler.createProcessor();org.apache.coyote.http11.AbstractHttp11Processor;0;0;0;0;0;0;0;0;0;0;0;0;0
org.apache.catalina.core.StandardWrapper.initServlet(Servlet);org.apache.catalina.core.DummyRequest;0;0;0;0;0;0;0;0;0;0;0;0;0
org.apache.coyote.http11.AbstractHttp11Protocol.getTcpNoDelay();org.apache.tomcat.util.net.AbstractEndpoint;0;0;0;0;0;0;0;0;0;0;0;0;0
org.apache.coyote.ajp.AjpMessage.processHeader();org.apache.juli.logging.Log;1;2;5;0.8148;235;23;5;3;0;0.8696;18;18;0
org.apache.catalina.valves.RemoteIpValve.invoke(Request, Response);org.apache.tomcat.util.buf.MessageBytes;0;0;0;0;0;0;0;0;0;0;0;0;0
org.apache.catalina.startup.ClassLoaderFactory.createClassLoader(String, Integer, ClassLoader);org.apache.juli.logging.Log;0;0;5;1.0000;88;2;5;2;0;0.8889;18;18;0
org.apache.catalina.core.StandardContext.reload();org.apache.tomcat.util.res.StringManager;1;2;2;0.9904;2385;204;107;0;0;1.0000;36;3;3
org.apache.catalina.core.StandardWrapperValve.event(Request, Response, CometEvent);org.apache.catalina.core.ContainerBase;3;1;4;0.8667;341;4;6;2;0;0.9823;603;62;29
org.apache.catalina.core.StandardPipeline.removeValve(Valve);org.apache.catalina.Valve;0;1;4;0.8571;234;16;8;2;0;0.8462;6;6;0
org.apache.tomcat.util.bcel.classfile.ConstantPool.getConstant(int, byte);org.apache.tomcat.util.bcel.Constants;0;0;0;0;0;0;0;0;0;0;0;0;0
org.apache.coyote.http11.Http11NioProcessor.process(NioChannel);org.apache.tomcat.util.res.StringManager;11;4;16;0.8182;954;28;38;1;0;0.9825;36;3;3
org.apache.catalina.startup.Embedded.stopInternal();org.apache.catalina.Lifecycle;0;0;0;0;0;0;0;0;0;0;0;0;0
org.apache.catalina.security.SecurityUtil.isPackageProtectionEnabled();org.apache.catalina.Globals;1;0;1;1.0000;146;11;17;0;1;1.0000;0;0;39
org.apache.catalina.connector.ResponseFacade.encodeRedirectUrl(String);org.apache.tomcat.util.res.StringManager;1;0;2;0.9756;224;40;2;0;0;1.0000;36;3;3
org.apache.catalina.mbeans.MBeanUtils.destroyMBean(UserDatabase);org.apache.tomcat.util.modeler.ManagedBean;0;2;2;1.0000;853;61;5;1;0;0.9714;252;23;13
org.apache.el.ValueExpressionImpl.getValue(ELContext);org.apache.el.lang.ELSupport;0;1;3;0.7778;73;11;5;1;0;1.0000;351;22;1
org.apache.el.lang.ExpressionBuilder.prepare(Node);org.apache.el.lang.FunctionMapperFactory;2;0;2;0.8182;117;7;4;0;1;0.8750;19;1;2
org.apache.catalina.core.ApplicationFilterFactory.matchFiltersServlet(FilterMap, String);org.apache.catalina.deploy.FilterMap;1;0;0;1.0000;183;6;11;1;1;0.8571;174;8;22
org.apache.catalina.core.StandardPipeline.stopInternal();org.apache.catalina.Lifecycle;0;0;0;0;0;0;0;0;0;0;0;0;0
org.apache.jasper.compiler.TldLocationsCache.init();org.apache.jasper.compiler.Localizer;0;3;1;0.7143;251;10;12;1;0;1.0000;34;6;1
org.apache.catalina.mbeans.MBeanUtils.createObjectName(String, ContextResource);org.apache.catalina.deploy.NamingResources;1;0;0;1.0000;853;61;5;0;1;0.9815;332;35;12
org.apache.catalina.deploy.WebXml.setVersion(String);org.apache.juli.logging.Log;0;0;1;0.9853;1446;42;41;0;0;1.0000;18;18;0
org.apache.catalina.tribes.transport.bio.BioSender.sendMessage(byte[], boolean);org.apache.catalina.tribes.transport.SenderState;0;2;2;0.9167;148;9;7;2;0;0.9500;45;9;5
org.apache.catalina.core.StandardWrapper.load();org.apache.catalina.mbeans.MBeanUtils;0;1;1;0.9802;712;75;32;0;0;1.0000;853;61;5
org.apache.catalina.mbeans.ServerLifecycleListener.processContainerPropertyChange(Container, String, Object, Object);org.apache.juli.logging.Log;0;2;1;0.9444;569;32;2;4;0;0.8000;18;18;0
org.apache.jasper.compiler.Collector.CollectVisitor.checkSeen(Node.ChildInfo, Node);org.apache.jasper.compiler.Node.JspAttribute;3;0;6;0.8065;114;15;6;0;1;0.9714;107;7;10
org.apache.catalina.manager.ManagerServlet.deploy(PrintWriter, String, String, boolean, HttpServletRequest);org.apache.catalina.Context;1;9;5;0.7333;913;34;13;1;0;0.9928;125;125;1
org.apache.catalina.valves.AccessLogValve.setPattern(String);org.apache.catalina.valves.Constants.AccessLog;1;1;2;0.9423;373;24;32;0;4;1.0000;0;0;4
org.apache.catalina.mbeans.MemoryUserDatabaseMBean.findGroup(String);org.apache.catalina.UserDatabase;0;0;1;0.9524;168;12;6;1;0;0.9474;16;16;0
org.apache.catalina.connector.InputBuffer.read(char[]);org.apache.tomcat.util.res.StringManager;1;1;2;0.9412;210;19;17;0;0;1.0000;36;3;3
org.apache.jasper.compiler.TagHandlerPoolVisitor.createTagHandlerPoolName(String, String, Attributes, Node.Nodes, boolean);org.apache.jasper.compiler.Node;2;0;0;1.0000;37;2;1;0;1;0.9655;170;7;15
org.apache.catalina.tribes.membership.McastServiceImpl.ReceiverThread.run();org.apache.catalina.tribes.membership.McastServiceImpl;1;0;1;0.8750;33;1;1;1;3;0.9286;308;12;27
org.apache.catalina.core.ContainerBase.backgroundProcess();org.apache.catalina.Valve;2;0;9;0.9278;603;62;29;2;0;0.9000;6;6;0
org.apache.catalina.ha.tcp.ReplicationValve.resetDeltaRequest(Session);org.apache.juli.logging.Log;1;0;2;1.0000;283;17;17;2;0;0.9091;18;18;0
org.apache.catalina.connector.Response.isEncodeable(String);org.apache.catalina.security.SecurityUtil;0;1;1;0.9778;578;70;19;1;0;1.0000;146;11;17
org.apache.catalina.ha.session.DeltaManager.handleSESSION_ACCESSED(SessionMessage, Member);org.apache.catalina.ha.session.SessionMessage;2;0;4;0.9773;826;43;42;1;0;0.9231;5;5;7
org.apache.catalina.tribes.group.interceptors.TcpFailureDetector.performBasicCheck();org.apache.juli.logging.Log;0;1;4;0.8667;227;15;10;3;0;0.8929;18;18;0
org.apache.tomcat.util.digester.Digester.peek();org.apache.tomcat.util.digester.ArrayStack;0;0;2;0.9851;849;103;29;1;0;0.9091;53;6;1
org.apache.catalina.startup.Catalina.load();org.apache.juli.logging.Log;1;2;3;0.8824;311;18;8;5;0;0.8214;18;18;0
org.apache.catalina.authenticator.SSLAuthenticator.authenticate(Request, HttpServletResponse, LoginConfig);org.apache.coyote.ActionCode;4;0;0;1.0000;37;4;1;0;1;1.0000;6;0;26
org.apache.catalina.tribes.transport.nio.NioReplicationTask.drainChannel(SelectionKey, ObjectReader);org.apache.catalina.tribes.util.Logs;4;3;2;0.8667;197;7;5;0;1;1.0000;0;0;1
org.apache.catalina.authenticator.SingleSignOn.invoke(Request, Response);org.apache.juli.logging.Log;2;1;1;0.9474;187;18;8;2;0;0.9394;18;18;0
org.apache.jasper.servlet.JspServletWrapper.getServletContext();org.apache.jasper.JspCompilationContext;0;0;1;0.9630;314;11;15;0;0;1.0000;420;31;31
org.apache.jasper.compiler.AntCompiler.generateClass(String[]);org.apache.jasper.Options;2;2;3;0.8667;158;3;3;8;0;0.8400;28;28;0
org.apache.coyote.http11.Http11Processor.parseHost(MessageBytes);org.apache.tomcat.util.buf.HexUtils;5;0;6;0.9143;847;26;37;0;1;1.0000;50;5;3
org.apache.catalina.util.InstanceSupport.fireInstanceEvent(String, Servlet, ServletRequest, ServletResponse);org.apache.catalina.InstanceListener;0;0;2;0.8667;81;11;3;1;0;0.6667;1;1;0
org.apache.coyote.ajp.AjpProtocol.start();org.apache.tomcat.util.res.StringManager;1;1;7;0.8889;201;32;16;1;0;0.9444;36;3;3
org.apache.jasper.compiler.ImplicitTagLibraryInfo.getTagFile(String);org.apache.jasper.compiler.TagFileProcessor;1;0;3;0.6250;108;2;11;1;0;1.0000;96;5;1
org.apache.catalina.ssi.SSIProcessor.process(Reader, long, PrintWriter);org.apache.catalina.ssi.SSIMediator;2;4;5;0.5882;202;9;6;0;2;0.9444;190;16;13
org.apache.catalina.tribes.membership.McastServiceImpl.RecoveryThread.stopService();org.apache.catalina.tribes.Channel;2;0;1;0.8333;58;4;2;0;2;1.0000;15;15;13
org.apache.catalina.core.StandardHostValve.custom(Request, Response, ErrorPage);org.apache.catalina.deploy.ErrorPage;0;0;0;1.0000;149;7;3;1;0;0.9524;41;6;3
org.apache.catalina.ha.session.SerializablePrincipal.writePrincipal(GenericPrincipal, ObjectOutput);org.apache.catalina.realm.GenericPrincipal;0;0;0;1.0000;84;9;7;4;0;0.7333;56;7;5
org.apache.coyote.http11.AbstractOutputBuffer.recycle();org.apache.coyote.Response;0;0;0;0;0;0;0;0;0;0;0;0;0
org.apache.catalina.core.ApplicationContext.removeAttribute(String);org.apache.catalina.core.ContainerBase;1;1;4;0.9310;460;47;13;1;0;0.9895;603;62;29
org.apache.catalina.tribes.group.interceptors.DomainFilterInterceptor.memberDisappeared(Member);org.apache.catalina.tribes.membership.Membership;0;1;2;0.7500;47;8;2;1;0;0.9600;136;11;6
org.apache.catalina.tribes.group.interceptors.NonBlockingCoordinator.memberDisappeared(Member);org.apache.catalina.tribes.Member;0;4;2;0.8846;352;38;14;1;0;0.9545;13;13;1
org.apache.jasper.compiler.Generator.GenerateVisitor.attributeValue(Node.JspAttribute, boolean, Class<?>);org.apache.jasper.compiler.Node.NamedAttribute;2;1;1;0.9706;1737;45;16;1;0;0.9500;65;3;6
org.apache.coyote.http11.InternalAprOutputBuffer.sendAck();org.apache.tomcat.jni.Socket;1;0;3;0.9474;235;24;13;1;0;1.0000;37;37;34
org.apache.naming.NamingService.destroy();org.apache.naming.NamingServiceMBean;1;1;1;0.8182;71;8;4;0;1;1.0000;6;6;7
org.apache.catalina.core.ApplicationFilterChain.internalDoFilter(ServletRequest, ServletResponse);org.apache.catalina.Globals;3;0;10;0.7059;225;9;13;0;2;1.0000;0;0;39
org.apache.catalina.tribes.membership.McastService.setDomain(byte[]);org.apache.catalina.tribes.membership.MemberImpl;0;0;4;0.9545;345;53;13;2;0;0.9545;300;29;19
org.apache.catalina.ha.deploy.FarmWarDeployer.backgroundProcess();org.apache.catalina.ha.deploy.WarWatcher;0;0;5;0.8864;376;28;17;1;0;0.9231;49;3;4
org.apache.el.parser.ELParser.Function();org.apache.el.parser.AstFunction;4;4;4;0.9481;2195;111;22;0;2;0.9444;73;4;2
org.apache.catalina.startup.ContextConfig.fixDocBase();org.apache.catalina.core.StandardHost;1;0;1;0.9730;779;23;16;1;0;0.9833;289;35;18
org.apache.jasper.compiler.TagPluginManager.TagPluginContextImpl.generateDeclaration(String, String);org.apache.jasper.compiler.Node.Nodes;1;0;3;0.8636;72;15;4;1;0;0.9333;43;5;3
org.apache.catalina.ha.session.BackupManager.getMapName();org.apache.juli.logging.Log;0;0;3;0.9286;146;20;7;2;0;0.9048;18;18;0
org.apache.tomcat.util.net.NioBlockingSelector.BlockPoller.run();org.apache.tomcat.util.net.NioEndpoint.KeyAttachment;3;2;4;0.6471;182;9;4;0;2;0.9487;155;14;15
org.apache.coyote.http11.Http11AprProcessor.event(SocketStatus);org.apache.coyote.Request;4;1;9;0.8857;938;28;36;0;1;0.9851;219;17;34
org.apache.catalina.loader.WebappLoader.createClassLoader();org.apache.catalina.Container;0;0;3;0.9464;548;39;19;1;0;0.9730;34;34;6
org.apache.coyote.http11.Http11Processor.process(SocketWrapper<Socket>);org.apache.coyote.Constants;0;0;0;0;0;0;0;0;0;0;0;0;0
org.apache.catalina.connector.Response.getCharacterEncoding();org.apache.coyote.Response;1;0;1;0.9886;578;70;19;0;1;0.9737;250;19;18
org.apache.catalina.tribes.membership.McastService.broadcast(ChannelMessage);org.apache.catalina.tribes.Channel;2;0;1;0.9844;345;53;13;0;1;1.0000;15;15;13
org.apache.catalina.mbeans.MBeanUtils.createMBean(Loader);org.apache.tomcat.util.modeler.Registry;0;2;2;1.0000;853;61;5;1;0;0.9773;446;36;10
org.apache.catalina.core.ApplicationContextFacade.getResourcePaths(String);org.apache.catalina.core.ApplicationContext;0;1;1;0.9600;426;46;3;1;0;0.9828;460;47;13
org.apache.tomcat.util.net.NioEndpoint.setProperty(String, String);org.apache.tomcat.util.IntrospectionUtils;0;0;3;0.9796;629;43;64;1;0;1.0000;602;31;5
org.apache.catalina.core.StandardWrapper.initServlet(Servlet);org.apache.catalina.core.Constants;0;0;0;0;0;0;0;0;0;0;0;0;0
org.apache.jasper.compiler.JspDocumentParser.endElement(String, String, String);org.apache.jasper.compiler.Node.NamedAttribute;4;2;5;0.8824;649;28;20;0;1;0.9600;65;3;6
org.apache.catalina.manager.HTMLManagerServlet.list(HttpServletRequest, HttpServletResponse, String);org.apache.catalina.util.ServerInfo;2;0;10;1.0000;601;22;14;1;0;1.0000;19;4;3
org.apache.catalina.tribes.util.Arrays.diff(Membership, Membership, MemberImpl);org.apache.catalina.tribes.membership.MemberImpl;0;0;0;1.0000;149;24;1;1;0;0.9756;300;29;19
org.apache.coyote.http11.InternalAprOutputBuffer.sendAck();org.apache.coyote.http11.Constants;1;0;3;0.9474;235;24;13;0;1;1.0000;0;0;44
org.apache.jasper.compiler.Compiler.generateJava();org.apache.jasper.compiler.TagFileProcessor;12;1;7;0.8298;285;11;8;1;0;0.9750;96;5;1
org.apache.catalina.core.NamingContextListener.addResourceEnvRef(ContextResourceEnvRef);org.apache.catalina.deploy.ResourceBase;2;0;4;0.9474;745;23;11;4;0;0.8000;43;9;6
org.apache.catalina.session.PersistentManagerBase.processMaxActiveSwaps();org.apache.juli.logging.Log;1;2;3;0.9149;420;33;13;2;0;0.9200;18;18;0
org.apache.catalina.startup.Catalina.setSecurityProtection();org.apache.catalina.security.SecurityConfig;0;0;0;0;0;0;0;0;0;0;0;0;0
org.apache.tomcat.util.digester.Digester.peek(int);org.apache.juli.logging.Log;0;0;2;0.9851;849;103;29;1;0;0.9524;18;18;0
org.apache.catalina.startup.LifecycleListenerRule.begin(String, String, Attributes);org.apache.catalina.Lifecycle;1;0;2;0.6667;15;1;2;1;0;0.8889;5;5;9
org.apache.catalina.connector.MapperListener.unregisterHost(Host);org.apache.tomcat.util.http.mapper.Mapper;0;0;0;0;0;0;0;0;0;0;0;0;0
org.apache.tomcat.util.modeler.BaseNotificationBroadcaster.addNotificationListener(NotificationListener, NotificationFilter, Object);org.apache.tomcat.util.modeler.BaseNotificationBroadcasterEntry;1;0;1;0.9167;54;6;1;0;3;0.6250;5;0;3
org.apache.catalina.connector.CoyoteReader.reset();org.apache.catalina.connector.InputBuffer;0;0;1;0.9333;102;12;4;1;0;0.9722;210;19;17
org.apache.coyote.http11.Http11NioProcessor.event(SocketStatus);org.apache.tomcat.util.net.NioEndpoint.KeyAttachment;6;1;10;0.8816;954;28;38;0;2;0.9592;155;14;15
org.apache.coyote.ajp.AjpAprProcessor.process(long);org.apache.coyote.Request;5;4;14;0.7115;616;13;30;1;2;0.9615;219;17;34
org.apache.jasper.compiler.SmapUtil.SmapGenVisitor.doSmap(Node);org.apache.jasper.compiler.Node;1;1;0;0.9643;149;23;3;0;2;0.9286;170;7;15
org.apache.catalina.tribes.transport.nio.NioReplicationTask.run();org.apache.catalina.tribes.transport.RxTaskPool;1;2;4;0.7619;197;7;5;1;0;0.9630;89;5;7
org.apache.catalina.manager.StatusManagerServlet.doGet(HttpServletRequest, HttpServletResponse);org.apache.catalina.manager.StatusTransformer;1;0;5;0.5000;160;4;6;11;0;1.0000;601;20;0
org.apache.tomcat.util.net.NioEndpoint.setProperty(String, String);org.apache.juli.logging.Log;0;0;3;0.9796;629;43;64;1;0;0.9500;18;18;0
org.apache.tomcat.util.bcel.classfile.Utility.methodSignatureToString(String, String, String, boolean, LocalVariableTable);org.apache.tomcat.util.bcel.classfile.LocalVariable;0;0;0;0;0;0;0;0;0;0;0;0;0
org.apache.catalina.tribes.membership.McastService.stop(int);org.apache.catalina.tribes.membership.McastServiceImpl;0;0;2;0.9844;345;53;13;1;0;0.9750;308;12;27
org.apache.jasper.compiler.JDTCompiler.CompilationUnit.getContents();org.apache.jasper.compiler.JDTCompiler;2;0;0;1.0000;52;4;2;0;0;1.0000;317;1;0
org.apache.catalina.ha.session.DeltaManager.createSession(String, boolean);org.apache.juli.logging.Log;1;1;4;0.9651;826;43;42;2;0;0.9167;18;18;0
org.apache.catalina.util.LifecycleBase.start();org.apache.catalina.Lifecycle;0;0;0;0;0;0;0;0;0;0;0;0;0
org.apache.catalina.mbeans.MBeanUtils.createMBean(User);org.apache.tomcat.util.modeler.ManagedBean;0;2;2;1.0000;853;61;5;2;0;0.9429;252;23;13
org.apache.coyote.ajp.AjpAprProcessor.recycle();org.apache.coyote.Response;0;0;10;0.7561;616;13;30;1;0;0.9796;250;19;18
org.apache.coyote.ajp.AjpProcessor.asyncDispatch(SocketStatus);org.apache.coyote.Response;0;0;0;0;0;0;0;0;0;0;0;0;0
org.apache.tomcat.util.net.NioSelectorPool.write(ByteBuffer, NioChannel, Selector, long, boolean, MutableInteger);org.apache.tomcat.util.net.NioChannel;2;0;2;0.9545;182;9;12;1;1;0.9130;83;15;5
org.apache.jasper.xmlparser.XMLEncodingDetector.scanPIData(String, XMLString);org.apache.jasper.compiler.ErrorDispatcher;0;6;2;0.8431;798;23;29;2;0;0.9375;158;22;2
org.apache.tomcat.util.net.AprEndpoint.Sendfile.add(SendfileData);org.apache.tomcat.util.net.SocketProperties;4;0;1;0.9500;187;5;6;0;0;1.0000;156;28;22
org.apache.catalina.connector.RequestFacade.getLocalAddr();org.apache.tomcat.util.res.StringManager;1;0;2;0.9865;462;73;2;0;0;1.0000;36;3;3
org.apache.tomcat.util.digester.Digester.startPrefixMapping(String, String);org.apache.juli.logging.Log;1;0;2;0.9851;849;103;29;2;0;0.9000;18;18;0
org.apache.catalina.core.NamingContextListener.processGlobalResourcesChange(String, Object, Object);org.apache.catalina.deploy.ResourceBase;0;14;0;0.5758;745;23;11;1;0;0.9667;43;9;6
org.apache.catalina.core.ApplicationFilterConfig.initFilter();org.apache.tomcat.util.log.SystemLogHandler;0;0;0;0;0;0;0;0;0;0;0;0;0
org.apache.catalina.util.InstanceSupport.fireInstanceEvent(String, Filter, ServletRequest, ServletResponse);org.apache.catalina.InstanceListener;0;0;2;0.8667;81;11;3;1;0;0.6667;1;1;0
org.apache.catalina.tribes.membership.McastServiceImpl.RecoveryThread.stopService();org.apache.juli.logging.Log;2;0;1;0.8333;58;4;2;1;0;0.9500;18;18;0
org.apache.catalina.startup.ContextConfig.configureStop();org.apache.catalina.startup.ExpandWar;0;0;0;0;0;0;0;0;0;0;0;0;0
org.apache.catalina.startup.Tomcat.getHost();org.apache.catalina.Container;0;1;2;0.9143;218;21;14;0;0;1.0000;34;34;6
org.apache.catalina.connector.Response.setLocale(Locale);org.apache.catalina.util.CharsetMapper;0;2;4;0.9341;578;70;19;1;0;0.9286;26;2;2
org.apache.catalina.core.NamingContextListener.removeResource(String);org.apache.juli.logging.Log;1;0;4;0.9091;745;23;11;1;0;0.9545;18;18;0
org.apache.catalina.valves.ErrorReportValve.report(Request, Response, Throwable);org.apache.catalina.connector.Response;2;1;1;0.9231;129;4;2;6;0;0.9355;578;70;19
org.apache.jasper.compiler.Parser.parse(ParserController, JspReader, Node, boolean, boolean, JarResource, String, String, boolean, boolean);org.apache.jasper.compiler.Compiler;4;3;0;0.9600;1203;56;14;0;1;0.9677;285;11;8
org.apache.catalina.session.ManagerBase.getRandomBytes(byte);org.apache.juli.logging.Log;0;2;3;0.9405;489;55;31;3;0;0.8696;18;18;0
org.apache.coyote.http11.Http11AprProtocol.getAttribute(String);org.apache.juli.logging.Log;1;0;3;0.9902;387;76;26;2;0;0.8947;18;18;0
org.apache.tomcat.util.net.AprEndpoint.SocketEventProcessor.run();org.apache.tomcat.util.net.AbstractEndpoint.Handler;0;0;0;0;0;0;0;0;0;0;0;0;0
org.apache.catalina.startup.HostConfig.deployDirectory(String, File, String);org.apache.catalina.Lifecycle;2;3;7;0.8793;755;35;15;1;0;0.9583;5;5;9
org.apache.jasper.compiler.Validator.ValidateVisitor.visit(Node.CustomTag);org.apache.jasper.compiler.Node.CustomTag;4;0;1;0.9825;710;36;19;1;5;0.8824;229;10;26
org.apache.coyote.http11.filters.ChunkedOutputFilter.doWrite(ByteChunk, Response);org.apache.tomcat.util.buf.ByteChunk;1;0;3;0.7000;38;4;6;2;0;0.9608;425;43;10
org.apache.naming.resources.ProxyDirContext.validate(CacheEntry);org.apache.naming.resources.CacheEntry;2;0;0;1.0000;469;64;15;0;4;0.6364;13;2;8
org.apache.jasper.runtime.PageContextImpl.proprietaryEvaluate(String, Class<?>, PageContext, ProtectedFunctionMapper, boolean);org.apache.jasper.el.ELContextImpl;1;1;1;1.0000;634;40;16;0;1;0.8000;35;1;4
org.apache.catalina.servlets.WebdavServlet.parseLockNullProperties(HttpServletRequest, XMLWriter, String, int, Vector<String>);org.apache.catalina.util.XMLWriter;2;3;4;0.8974;1460;29;23;4;3;0.7895;79;10;5
org.apache.catalina.ha.tcp.SimpleTcpCluster.unregisterClusterValve();org.apache.juli.logging.Log;1;1;2;0.9701;371;45;31;2;0;0.9048;18;18;0
org.apache.catalina.realm.JNDIRealm.open();org.apache.juli.logging.Log;1;1;2;0.9589;728;44;31;1;0;0.9545;18;18;0
org.apache.catalina.connector.Request.getRequestURI();org.apache.coyote.Request;1;0;1;0.9943;1084;128;51;0;1;0.9815;219;17;34
org.apache.catalina.connector.OutputBuffer.recycle();org.apache.tomcat.util.buf.ByteChunk;0;0;9;0.7805;207;25;15;1;0;0.9825;425;43;10
org.apache.catalina.tribes.util.Arrays.fill(Membership, Member[]);org.apache.catalina.tribes.membership.Membership;0;0;0;1.0000;149;24;1;1;0;0.9500;136;11;6
org.apache.tomcat.util.buf.MessageBytes.equals(MessageBytes);org.apache.tomcat.util.buf.CharChunk;0;2;7;0.8667;402;31;17;1;0;0.9821;393;39;8
org.apache.catalina.core.StandardHostValve.event(Request, Response, CometEvent);org.apache.catalina.Pipeline;1;2;0;0.8571;149;7;3;1;0;0.9375;6;6;0
org.apache.catalina.ant.AbstractCatalinaTask.execute(String, InputStream, String, int);org.apache.tomcat.util.ExceptionUtils;0;0;0;0;0;0;0;0;0;0;0;0;0
org.apache.coyote.http11.Http11NioProcessor.endRequest();org.apache.tomcat.util.res.StringManager;1;0;6;0.9420;954;28;38;1;0;0.9231;36;3;3
org.apache.tomcat.util.net.jsse.JSSESocketFactory.getTrustStore(String, String);org.apache.juli.logging.Log;0;2;1;0.9333;433;21;15;2;0;0.9048;18;18;0
org.apache.catalina.core.StandardContextValve.invoke(Request, Response);org.apache.catalina.core.StandardContext;2;1;2;0.9167;86;5;3;3;0;0.9908;2385;204;107
org.apache.jasper.compiler.TagPluginManager.apply(Node.Nodes, ErrorDispatcher, PageInfo);org.apache.jasper.compiler.Node.Nodes;0;1;2;0.5714;66;3;6;1;0;0.9231;43;5;3
org.apache.catalina.core.StandardService.destroyInternal();org.apache.juli.logging.Log;0;0;0;0;0;0;0;0;0;0;0;0;0
org.apache.catalina.connector.Response.addSessionCookieInternal(Cookie);org.apache.coyote.Response;0;0;0;0;0;0;0;0;0;0;0;0;0
org.apache.catalina.connector.Request.setHost(Host);org.apache.tomcat.util.http.mapper.MappingData;1;0;1;0.9942;1084;128;51;0;1;0.9091;11;1;9
org.apache.catalina.session.StandardManager.setContainer(Container);org.apache.catalina.Context;0;0;0;1.0000;328;19;8;1;0;0.9923;125;125;1
org.apache.coyote.http11.AbstractHttp11Protocol.setKeepAliveTimeout(int);org.apache.tomcat.util.net.AbstractEndpoint;0;0;0;0;0;0;0;0;0;0;0;0;0
org.apache.catalina.tribes.transport.PooledSender.SenderQueue.returnSender(DataSender);org.apache.catalina.tribes.transport.DataSender;0;0;4;0.6923;87;7;5;1;0;0.9333;11;11;0
org.apache.catalina.ha.session.DeltaManager.getAllClusterSessions();org.apache.catalina.ha.ClusterMessage;2;3;11;0.8681;826;43;42;2;0;0.9231;6;6;0
org.apache.coyote.http11.AbstractHttp11Protocol.getKeystoreFile();org.apache.tomcat.util.net.AbstractEndpoint;0;0;0;0;0;0;0;0;0;0;0;0;0
org.apache.tomcat.util.modeler.modules.MbeansDescriptorsDigesterSource.execute();org.apache.juli.logging.Log;0;1;4;0.8182;77;3;7;1;0;0.9583;18;18;0
org.apache.catalina.authenticator.SingleSignOn.associate(String, Session);org.apache.juli.logging.Log;0;1;1;0.9259;187;18;8;2;0;0.9091;18;18;0
org.apache.coyote.http11.Http11AprProtocol.setMaxThreads(int);org.apache.tomcat.util.net.AbstractEndpoint;0;0;0;0;0;0;0;0;0;0;0;0;0
org.apache.catalina.core.ApplicationContextFacade.addListener(T);org.apache.catalina.security.SecurityUtil;0;0;0;0;0;0;0;0;0;0;0;0;0
org.apache.catalina.startup.TaglibRule.body(String, String, String);org.apache.catalina.startup.TaglibUriRule;0;0;0;0;0;0;0;0;0;0;0;0;0
org.apache.jasper.compiler.Validator.DirectiveVisitor.visit(Node.TagDirective);org.apache.jasper.compiler.PageInfo;6;0;3;0.8800;214;7;4;6;3;0.8929;319;30;44
org.apache.jasper.compiler.ErrorDispatcher.dispatch(Mark, String, Object[], Exception);org.apache.jasper.compiler.ErrorHandler;2;0;2;0.9231;158;22;2;2;0;0.8000;4;4;0
org.apache.catalina.manager.host.HostManagerServlet.start(PrintWriter, String);org.apache.catalina.Container;1;0;4;0.8571;301;13;8;1;0;0.9737;34;34;6
org.apache.jasper.compiler.Generator.DeclarationVisitor.visit(Node.CustomTag);org.apache.jasper.compiler.Node.CustomTag;1;0;0;1.0000;36;3;1;0;3;0.9286;229;10;26
org.apache.tomcat.util.http.MimeHeaders.getValue(String);org.apache.tomcat.util.buf.MessageBytes;1;0;2;0.9130;129;18;3;1;0;0.9787;402;31;17
org.apache.catalina.startup.HostConfig.deployWAR(String, File, String);org.apache.catalina.Context;2;4;8;0.8500;755;35;15;5;0;0.9653;125;125;1
org.apache.catalina.loader.WebappClassLoader.clearReferencesStaticFinal();org.apache.juli.logging.Log;0;0;0;0;0;0;0;0;0;0;0;0;0
org.apache.catalina.tribes.group.ChannelCoordinator.sendMessage(Member[], ChannelMessage, InterceptorPayload);org.apache.catalina.tribes.ChannelMessage;2;0;2;0.9286;164;15;5;2;0;0.8889;11;11;0
org.apache.catalina.mbeans.GlobalResourcesLifecycleListener.createMBeans(String, Context);org.apache.juli.logging.Log;0;2;1;0.8889;103;5;3;4;0;0.7895;18;18;0
org.apache.catalina.connector.RequestFacade.getAttributeNames();org.apache.catalina.Globals;2;0;2;0.9865;462;73;2;0;1;1.0000;0;0;39
org.apache.catalina.ha.session.DeltaManager.setContainer(Container);org.apache.catalina.Context;0;0;0;1.0000;826;43;42;1;0;0.9923;125;125;1
org.apache.catalina.core.StandardContext.addFilterDef(FilterDef);org.apache.catalina.deploy.FilterDef;0;0;1;0.9968;2385;204;107;1;0;0.9444;51;9;7
org.apache.catalina.ssi.ExpressionParseTree.StringNode.getValue();org.apache.catalina.ssi.ExpressionParseTree;1;0;2;0.7143;13;3;2;0;1;0.9167;100;4;7
org.apache.coyote.http11.Http11Processor.endRequest();org.apache.coyote.http11.InternalOutputBuffer;0;0;0;0;0;0;0;0;0;0;0;0;0
org.apache.el.parser.ELParser.DeferredExpression();org.apache.el.parser.ELParserTreeConstants;2;2;1;0.9783;2195;111;22;0;1;0.9767;0;0;34
org.apache.catalina.startup.ContextConfig.validateSecurityRoles();org.apache.juli.logging.Log;1;0;3;0.9737;779;23;16;1;0;0.9630;18;18;0
org.apache.catalina.connector.Request.getRemotePort();org.apache.coyote.Request;2;0;2;0.9885;1084;128;51;1;1;0.9630;219;17;34
org.apache.jasper.runtime.PageContextImpl.doSetAttribute(String, Object, int);org.apache.jasper.compiler.Localizer;0;1;4;0.9057;634;40;16;1;0;1.0000;34;6;1
org.apache.catalina.mbeans.MBeanUtils.createObjectName(String, ContextEnvironment);org.apache.catalina.deploy.NamingResources;1;0;0;1.0000;853;61;5;0;1;0.9811;332;35;12
org.apache.catalina.servlets.WebdavServlet.doPropfind(HttpServletRequest, HttpServletResponse);org.apache.catalina.servlets.WebdavStatus;5;6;5;0.8000;1460;29;23;0;4;1.0000;12;2;27
org.apache.catalina.startup.ContextConfig.processResourceJARs(Set<WebXml>);org.apache.catalina.deploy.WebXml;0;0;0;0;0;0;0;0;0;0;0;0;0
org.apache.catalina.ha.session.SimpleTcpReplicationManager.writeSession(Session);org.apache.catalina.ha.session.ReplicatedSession;0;0;1;1.0000;362;17;17;1;0;0.9565;122;16;4
org.apache.catalina.tribes.transport.nio.ParallelNioSender.setData(NioSender[], byte[]);org.apache.catalina.tribes.ChannelException;0;0;0;1.0000;246;12;4;1;0;0.9167;46;5;2
org.apache.catalina.tribes.util.Arrays.getUniqudId(ChannelMessage);org.apache.catalina.tribes.ChannelMessage;0;0;0;1.0000;149;24;1;1;0;0.9091;11;11;0
org.apache.catalina.deploy.WebXml.addMessageDestination(MessageDestination);org.apache.catalina.deploy.ResourceBase;1;0;2;0.9853;1446;42;41;1;0;0.9375;43;9;6
org.apache.catalina.core.StandardWrapper.initServlet(Servlet);org.apache.catalina.security.SecurityUtil;0;0;0;0;0;0;0;0;0;0;0;0;0
org.apache.coyote.http11.AbstractHttp11Protocol.getAlgorithm();org.apache.tomcat.util.net.AbstractEndpoint;0;0;0;0;0;0;0;0;0;0;0;0;0
org.apache.jasper.security.SecurityClassLoad.securityClassLoad(ClassLoader);org.apache.jasper.security.SecurityUtil;0;0;1;1.0000;40;1;1;0;0;1.0000;31;2;1
org.apache.coyote.http11.AbstractHttp11Protocol.setKeystoreType(String);org.apache.tomcat.util.net.AbstractEndpoint;0;0;0;0;0;0;0;0;0;0;0;0;0
org.apache.coyote.ajp.AjpAprProtocol.getKeepAliveTimeout();org.apache.tomcat.util.net.AbstractEndpoint;0;0;0;0;0;0;0;0;0;0;0;0;0
org.apache.catalina.tribes.membership.McastServiceImpl.start(int);org.apache.juli.logging.Log;1;2;9;0.7368;308;12;27;1;0;0.9643;18;18;0
org.apache.jasper.compiler.Validator.DirectiveVisitor.visit(Node.PageDirective);org.apache.jasper.compiler.ErrorDispatcher;6;0;4;0.9268;214;7;4;2;0;0.9623;158;22;2
org.apache.catalina.core.StandardContext.bindThread();org.apache.naming.ContextBindings;0;1;0;0.9968;2385;204;107;1;0;1.0000;112;21;6
org.apache.catalina.connector.CoyoteAdapter.postParseRequest(org.apache.coyote.Request, Request, org.apache.coyote.Response, Response);org.apache.catalina.Service;11;4;2;0.9571;505;11;8;0;0;1.0000;15;15;0
org.apache.el.parser.ELParser.DotSuffix();org.apache.el.parser.Token;4;1;1;0.9855;2195;111;22;0;1;0.9500;24;3;8
org.apache.jasper.compiler.Validator.ValidateVisitor.checkXmlAttributes(Node.CustomTag, Node.JspAttribute[], Hashtable<String,Object>);org.apache.jasper.compiler.ELParser;8;1;3;0.9344;710;36;19;1;0;1.0000;204;12;8
org.apache.catalina.core.StandardWrapper.removeMapping(String);org.apache.catalina.Wrapper;0;0;1;0.9902;712;75;32;0;0;1.0000;32;32;0
org.apache.catalina.manager.HTMLManagerServlet.doGet(HttpServletRequest, HttpServletResponse);org.apache.catalina.manager.Constants;2;8;0;0.6522;601;22;14;0;1;1.0000;0;0;11
org.apache.catalina.connector.OutputBuffer.writeByte(int);org.apache.tomcat.util.buf.ByteChunk;0;0;3;0.9250;207;25;15;1;0;0.9800;425;43;10
org.apache.tomcat.util.modeler.BaseModelMBean.sendAttributeChangeNotification(AttributeChangeNotification);org.apache.tomcat.util.modeler.BaseNotificationBroadcaster;0;0;2;0.9722;284;28;9;1;0;0.9000;54;6;1
org.apache.catalina.tribes.group.interceptors.TwoPhaseCommitInterceptor.heartbeat();org.apache.juli.logging.Log;0;0;3;0.8182;69;3;6;3;0;0.8696;18;18;0
org.apache.jasper.xmlparser.XMLEncodingDetector.getEncoding(String, JarFile, JspCompilationContext, ErrorDispatcher);org.apache.jasper.compiler.JspUtil;0;1;0;0.9787;798;23;29;1;0;1.0000;693;44;8
org.apache.coyote.http11.InternalOutputBuffer.OutputStreamOutputBuffer.doWrite(ByteChunk, Response);org.apache.tomcat.util.buf.ByteChunk;2;0;0;1.0000;10;1;0;1;2;0.9400;425;43;10
org.apache.coyote.http11.Http11Processor.endRequest();org.apache.juli.logging.Log;0;0;0;0;0;0;0;0;0;0;0;0;0
org.apache.jasper.compiler.Validator.ValidateVisitor.visit(Node.UninterpretedTag);org.apache.jasper.compiler.Node.Nodes;3;1;1;0.9574;710;36;19;1;0;0.9412;43;5;3
org.apache.tomcat.util.bcel.classfile.ConstantPool.constantToString(Constant);org.apache.tomcat.util.bcel.classfile.ConstantUtf8;0;0;0;0;0;0;0;0;0;0;0;0;0
org.apache.jasper.compiler.Generator.GenerateVisitor.visit(Node.ForwardAction);org.apache.jasper.compiler.ServletWriter;5;3;4;0.9041;1737;45;16;6;1;0.7667;65;13;6
org.apache.coyote.Request.getContentLengthLong();org.apache.tomcat.util.http.MimeHeaders;0;0;2;0.9630;219;17;34;1;0;0.9600;129;18;3
org.apache.catalina.realm.UserDatabaseRealm.hasRole(Principal, String);org.apache.catalina.UserDatabase;0;0;1;0.9286;92;6;5;1;0;0.9545;16;16;0
org.apache.catalina.servlets.DefaultServlet.renderXml(String, CacheEntry, InputStream);org.apache.naming.resources.ProxyDirContext;1;3;2;0.9123;994;37;18;2;0;0.9778;469;64;15
org.apache.tomcat.util.net.NioEndpoint.setSocketOptions(SocketChannel);org.apache.tomcat.util.net.NioChannel;2;2;5;0.9434;629;43;64;1;1;0.9394;83;15;5
org.apache.coyote.ajp.AjpProcessor.parseHost(MessageBytes);org.apache.coyote.Adapter;5;0;4;0.9245;570;12;32;0;0;1.0000;2;2;0
org.apache.tomcat.util.buf.UEncoder.urlEncode(Writer, String);org.apache.juli.logging.Log;2;1;5;0.7333;87;6;6;0;0;1.0000;18;18;0
org.apache.catalina.mbeans.NamingResourcesMBean.getResources();org.apache.tomcat.util.modeler.ManagedBean;0;0;1;0.9286;138;9;2;1;0;0.9730;252;23;13
org.apache.catalina.authenticator.FormAuthenticator.authenticate(Request, HttpServletResponse, LoginConfig);org.apache.catalina.Realm;3;6;2;0.8158;232;8;3;1;0;0.9800;14;14;0
org.apache.catalina.tribes.io.ObjectReader.execute();org.apache.catalina.tribes.io.XByteBuffer;0;0;1;0.9412;71;9;5;2;0;0.9200;317;36;7
org.apache.tomcat.util.bcel.classfile.ConstantValue.toString();org.apache.tomcat.util.bcel.classfile.ConstantFloat;0;0;0;0;0;0;0;0;0;0;0;0;0
org.apache.el.parser.AstDynamicExpression.setValue(EvaluationContext, Object);org.apache.el.parser.Node;0;0;0;1.0000;15;4;0;1;0;0.9375;15;15;0
org.apache.catalina.connector.Request.parseParameters();org.apache.juli.logging.Log;5;4;9;0.9396;1084;128;51;3;0;0.9167;18;18;0
org.apache.jasper.compiler.TldLocationsCache.tldScanStream(String, String, InputStream);org.apache.jasper.xmlparser.TreeNode;0;0;0;0;0;0;0;0;0;0;0;0;0
org.apache.jasper.runtime.PageContextImpl.findAttribute(String);org.apache.jasper.security.SecurityUtil;0;1;0;0.9811;634;40;16;1;0;1.0000;31;2;1
org.apache.coyote.http11.AbstractHttp11Protocol.setTruststoreProvider(String);org.apache.tomcat.util.net.AbstractEndpoint;0;0;0;0;0;0;0;0;0;0;0;0;0
org.apache.catalina.core.StandardContext.resourcesStart();org.apache.catalina.Container;4;3;8;0.9690;2385;204;107;1;0;0.9828;34;34;6
org.apache.catalina.manager.host.HostManagerServlet.add(PrintWriter, String, String, String, boolean, boolean, boolean, boolean, boolean);org.apache.catalina.core.StandardHost;0;0;0;0;0;0;0;0;0;0;0;0;0
org.apache.catalina.startup.ContextConfig.configureStart();org.apache.catalina.Valve;0;0;0;0;0;0;0;0;0;0;0;0;0
org.apache.catalina.core.NamingContextListener.createObjectName(ContextResource);org.apache.catalina.Context;1;0;1;0.9737;745;23;11;1;0;0.9924;125;125;1
org.apache.jasper.compiler.Generator.GenerateVisitor.printParams(Node, String, boolean);org.apache.jasper.compiler.Generator;4;0;1;0.9846;1737;45;16;1;0;1.0000;781;28;16
org.apache.jasper.compiler.Generator.GenerateVisitor.evaluateAttribute(TagHandlerInfo, Node.JspAttribute, Node.CustomTag, String);org.apache.jasper.compiler.ELNode.Nodes;5;3;2;0.9518;1737;45;16;0;1;0.9706;35;5;2
org.apache.catalina.authenticator.BasicAuthenticator.authenticate(Request, HttpServletResponse, LoginConfig);org.apache.tomcat.util.buf.MessageBytes;0;0;0;0;0;0;0;0;0;0;0;0;0
org.apache.catalina.ha.deploy.FarmWarDeployer.fileModified(File);org.apache.juli.logging.Log;0;4;2;0.8913;376;28;17;3;0;0.8696;18;18;0
org.apache.catalina.startup.Catalina.createStartDigester();org.apache.catalina.startup.ClusterRuleSetFactory;1;0;2;0.9714;311;18;8;1;0;1.0000;33;2;1
org.apache.catalina.tribes.membership.McastServiceImpl.RecoveryThread.startService();org.apache.catalina.tribes.membership.McastServiceImpl;2;0;1;0.8571;58;4;2;2;1;0.9500;308;12;27
org.apache.coyote.ajp.AjpAprProtocol.resume();org.apache.tomcat.util.res.StringManager;1;1;3;0.9655;219;40;15;1;0;0.9091;36;3;3
org.apache.catalina.filters.FilterBase.init(FilterConfig);org.apache.tomcat.util.IntrospectionUtils;0;0;0;0;0;0;0;0;0;0;0;0;0
org.apache.tomcat.util.net.AprEndpoint.Sendfile.run();org.apache.juli.logging.Log;5;3;5;0.6923;187;5;6;3;0;0.9231;18;18;0
org.apache.jasper.compiler.Parser.addInclude(Node, List<String>);org.apache.jasper.compiler.JspReader;1;1;1;0.9692;1203;56;14;1;0;0.9737;322;25;9
org.apache.tomcat.util.digester.FactoryCreateRule.begin(String, String, Attributes);org.apache.tomcat.util.digester.Digester;2;1;2;0.8966;114;5;5;1;2;0.9790;849;103;29
org.apache.catalina.connector.RequestFacade.getCharacterEncoding();org.apache.catalina.connector.Request;2;0;2;0.9865;462;73;2;1;0;0.9943;1084;128;51
org.apache.naming.resources.BaseDirContext.setDocBase(String);org.apache.naming.StringManager;0;0;2;0.9701;167;58;8;1;0;0.9000;65;7;2
org.apache.catalina.connector.RequestFacade.GetCookiesPrivilegedAction.run();org.apache.catalina.connector.RequestFacade;1;0;0;1.0000;3;1;0;0;1;0.9867;462;73;2
org.apache.catalina.connector.RequestFacade.getServletPath();org.apache.tomcat.util.res.StringManager;1;0;2;0.9865;462;73;2;0;0;1.0000;36;3;3
org.apache.coyote.Request.setResponse(Response);org.apache.coyote.Response;1;0;1;0.9808;219;17;34;0;1;0.9737;250;19;18
org.apache.tomcat.util.digester.ParserFeatureSetterFactory.newSAXParser(Properties);org.apache.tomcat.util.digester.XercesParser;0;0;1;1.0000;8;1;1;1;0;1.0000;45;4;7
org.apache.catalina.core.StandardService.stopInternal();org.apache.catalina.Lifecycle;0;0;0;0;0;0;0;0;0;0;0;0;0
org.apache.coyote.ajp.AjpAprProcessor.action(ActionCode, Object);org.apache.tomcat.util.buf.MessageBytes;6;3;13;0.7636;616;13;30;4;1;0.9265;402;31;17
org.apache.catalina.mbeans.MBeanUtils.destroyMBean(Service);org.apache.tomcat.util.modeler.Registry;0;2;2;1.0000;853;61;5;1;0;0.9767;446;36;10
org.apache.coyote.http11.Http11NioProcessor.recycle();org.apache.coyote.http11.InternalNioInputBuffer;0;0;11;0.8333;954;28;38;1;0;0.9808;457;16;24
org.apache.jasper.compiler.TagFileProcessor.TagFileLoaderVisitor.visit(Node.CustomTag);org.apache.jasper.compiler.TldLocation;0;0;0;0;0;0;0;0;0;0;0;0;0
org.apache.jasper.compiler.Parser.parseXMLTemplateText(Node);org.apache.jasper.compiler.JspReader;0;1;3;0.9467;1203;56;14;9;0;0.7857;322;25;9
org.apache.catalina.connector.ResponseFacade.getOutputStream();org.apache.catalina.connector.Response;0;1;1;0.9524;224;40;2;2;0;0.9778;578;70;19
org.apache.coyote.http11.Http11AprProtocol.getSSLProtocol();org.apache.tomcat.util.net.AprEndpoint;1;0;1;0.9901;387;76;26;0;1;0.9875;629;27;59
org.apache.catalina.tribes.transport.bio.util.FastQueue.remove();org.apache.catalina.tribes.transport.bio.util.SingleRemoveSynchronizedAddLock;0;0;9;0.7419;172;11;14;2;0;0.9259;88;6;7
org.apache.catalina.valves.ExtendedAccessLogValve.TimeElement.addElement(StringBuilder, Date, Request, Response, long);org.apache.catalina.valves.ExtendedAccessLogValve.ElementTimestampStruct;0;0;0;0;0;0;0;0;0;0;0;0;0
org.apache.jasper.compiler.JspUtil.checkAttributes(String, Node, ValidAttribute[], ErrorDispatcher);org.apache.jasper.compiler.ErrorDispatcher;2;0;0;1.0000;693;44;8;2;0;0.9310;158;22;2
org.apache.catalina.mbeans.UserMBean.addGroup(String);org.apache.catalina.User;0;0;0;1.0000;85;6;3;2;0;0.8947;17;17;0
org.apache.catalina.tribes.group.interceptors.StaticMembershipInterceptor.getMembers();org.apache.catalina.tribes.group.AbsoluteOrder;0;0;1;0.9000;56;7;2;1;0;1.0000;7;1;1
org.apache.el.parser.ELParser.getNextToken();org.apache.el.parser.ELParserTokenManager;1;0;4;0.9699;2195;111;22;1;0;0.9796;1035;33;25
org.apache.coyote.http11.Http11AprProtocol.setSSLEnabled(boolean);org.apache.tomcat.util.net.AbstractEndpoint;0;0;0;0;0;0;0;0;0;0;0;0;0
org.apache.catalina.core.StandardWrapper.setMinTime(long);org.apache.catalina.core.StandardWrapperValve;1;0;1;0.9902;712;75;32;0;1;0.9000;341;4;6
org.apache.catalina.loader.WebappClassLoader.nullInstance(Object);org.apache.juli.logging.Log;0;1;1;0.9861;1193;44;30;3;0;0.8421;18;18;0
org.apache.jasper.compiler.Node.InvokeAction.accept(Visitor);org.apache.jasper.compiler.Node.Visitor;0;0;0;1.0000;9;1;0;1;0;0.9714;126;35;0
org.apache.coyote.ajp.AjpProcessor.SocketInputBuffer.doRead(ByteChunk, Request);org.apache.coyote.ajp.AjpProcessor;3;0;0;1.0000;19;1;0;2;4;0.8696;570;12;32
org.apache.catalina.connector.Request.isUserInRole(String);org.apache.catalina.Realm;0;0;3;0.9829;1084;128;51;1;0;0.9474;14;14;0
org.apache.naming.resources.ProxyDirContext.getAttributes(Name);org.apache.naming.resources.CacheEntry;1;2;2;0.9494;469;64;15;0;2;0.8571;13;2;8
org.apache.jasper.JspCompilationContext.getClassPath();org.apache.jasper.compiler.JspRuntimeContext;1;0;2;0.9672;420;31;31;0;1;0.9545;174;9;10
org.apache.catalina.tribes.tipis.LazyReplicatedMap.publishEntryInfo(Object, Object);org.apache.catalina.tribes.Channel;1;0;1;1.0000;54;2;1;2;0;0.9259;15;15;13
org.apache.coyote.ajp.AjpProcessor.prepareRequest();org.apache.coyote.Request;7;1;8;0.8846;570;12;32;2;15;0.7952;219;17;34
org.apache.jasper.compiler.Parser.parsePageDirective(Node);org.apache.jasper.compiler.Node.PageDirective;1;1;1;0.9692;1203;56;14;1;0;0.8571;27;2;1
org.apache.catalina.core.StandardPipeline.setBasic(Valve);org.apache.tomcat.util.ExceptionUtils;0;0;0;0;0;0;0;0;0;0;0;0;0
org.apache.catalina.tribes.group.interceptors.NonBlockingCoordinator.sendElectionMsgToNextInline(MemberImpl, CoordinationMessage);org.apache.catalina.tribes.util.Arrays;0;1;0;0.9804;352;38;14;1;0;1.0000;149;24;1
org.apache.jasper.compiler.Parser.parseEmptyBody(Node, String);org.apache.jasper.compiler.ErrorDispatcher;0;1;2;0.9565;1203;56;14;1;0;0.9643;158;22;2
org.apache.tomcat.util.modeler.BaseModelMBean.addAttributeChangeNotificationListener(NotificationListener, String, Object);org.apache.tomcat.util.modeler.BaseNotificationBroadcaster;0;0;2;0.9722;284;28;9;1;0;0.9000;54;6;1
org.apache.catalina.realm.UserDatabaseRealm.getPrincipal(String);org.apache.catalina.UserDatabase;0;0;1;0.9231;92;6;5;1;0;0.9524;16;16;0
org.apache.tomcat.util.bcel.classfile.StackMapTable.toString();org.apache.tomcat.util.bcel.classfile.StackMapTableEntry;0;0;0;0;0;0;0;0;0;0;0;0;0
org.apache.tomcat.util.bcel.classfile.Field.getConstantValue();org.apache.tomcat.util.bcel.classfile.Attribute;0;0;0;0;0;0;0;0;0;0;0;0;0
org.apache.el.parser.ELParser.MethodParameters();org.apache.el.parser.ELParserTreeConstants;0;0;0;0;0;0;0;0;0;0;0;0;0
org.apache.coyote.http11.Http11NioProcessor.process(NioChannel);org.apache.tomcat.util.net.NioEndpoint;11;4;16;0.8182;954;28;38;1;2;0.9797;629;43;64
org.apache.jasper.compiler.Generator.declareTemporaryScriptingVars(Node.Nodes);org.apache.jasper.compiler.Node.Visitor;2;0;1;0.9778;781;28;16;1;0;0.9773;126;35;0
org.apache.catalina.session.PersistentManagerBase.swapOut(Session);org.apache.catalina.Session;0;1;1;0.9565;420;33;13;2;0;0.9444;32;32;4
org.apache.jasper.JspC.mergeIntoWebXml();org.apache.jasper.compiler.Localizer;0;0;3;0.9750;840;35;81;1;0;1.0000;34;6;1
org.apache.catalina.startup.ContextConfig.processContextConfig(URL);org.apache.tomcat.util.digester.Digester;0;0;0;0;0;0;0;0;0;0;0;0;0
org.apache.catalina.core.NamingContextListener.lifecycleEvent(LifecycleEvent);org.apache.catalina.LifecycleEvent;3;2;9;0.7857;745;23;11;2;0;0.9231;18;3;3
org.apache.catalina.connector.Response.addSessionCookieInternal(Cookie);org.apache.tomcat.util.buf.MessageBytes;0;0;0;0;0;0;0;0;0;0;0;0;0
org.apache.coyote.ajp.AjpProcessor.asyncDispatch(SocketStatus);org.apache.tomcat.util.res.StringManager;0;0;0;0;0;0;0;0;0;0;0;0;0
org.apache.catalina.tribes.membership.StaticMember.setUniqueId(String);org.apache.catalina.tribes.util.Arrays;0;0;0;1.0000;29;3;0;1;0;1.0000;149;24;1
org.apache.catalina.connector.Request.setAttribute(String, Object);org.apache.coyote.Request;2;2;7;0.9548;1084;128;51;1;0;0.9844;219;17;34
org.apache.catalina.mbeans.ServerLifecycleListener.lifecycleEvent(LifecycleEvent);org.apache.juli.logging.Log;3;5;1;0.8684;569;32;2;2;0;0.9259;18;18;0
org.apache.tomcat.util.digester.WithDefaultsRulesWrapper.setNamespaceURI(String);org.apache.tomcat.util.digester.Rules;0;0;1;0.9167;55;8;3;1;0;0.8889;8;8;0
org.apache.catalina.tribes.group.interceptors.NonBlockingCoordinator.memberDisappeared(Member);org.apache.juli.logging.Log;0;4;2;0.8846;352;38;14;1;0;0.9630;18;18;0
org.apache.catalina.core.StandardHostValve.invoke(Request, Response);org.apache.catalina.Pipeline;2;2;1;0.8667;149;7;3;1;0;0.9412;6;6;0
org.apache.catalina.core.ApplicationContext.getResourcePaths(String);org.apache.catalina.util.RequestUtil;1;1;2;0.9643;460;47;13;1;0;1.0000;183;13;1
org.apache.jasper.compiler.AntCompiler.generateClass(String[]);org.apache.jasper.JspCompilationContext;2;2;3;0.8667;158;3;3;4;2;0.9294;420;31;31
org.apache.coyote.ajp.AjpProtocol.getMaxThreads();org.apache.tomcat.util.net.AbstractEndpoint;0;0;0;0;0;0;0;0;0;0;0;0;0
org.apache.jasper.compiler.TagPluginManager.TagPluginContextImpl.generateAttribute(String);org.apache.jasper.compiler.Node.Nodes;1;0;2;0.9048;72;15;4;1;0;0.9231;43;5;3
org.apache.coyote.RequestInfo.getVirtualHost();org.apache.coyote.Request;1;0;1;0.9643;134;13;14;0;1;0.9815;219;17;34
org.apache.tomcat.util.net.NioEndpoint.Poller.timeout(int, boolean);org.apache.tomcat.util.net.NioEndpoint.KeyAttachment;3;3;3;0.8333;395;15;7;1;7;0.8095;155;14;15
org.apache.catalina.core.ApplicationFilterFactory.createFilterChain(ServletRequest, Wrapper, Servlet);org.apache.catalina.core.ApplicationFilterChain;3;3;2;0.8333;183;6;11;1;2;0.8846;225;9;13
org.apache.catalina.connector.RequestFacade.getParameterNames();org.apache.catalina.connector.Request;2;0;2;0.9865;462;73;2;1;0;0.9943;1084;128;51
org.apache.catalina.startup.HostConfig.start();org.apache.juli.logging.Log;1;1;4;0.9423;755;35;15;3;0;0.8800;18;18;0
org.apache.coyote.http11.AbstractHttp11Protocol.getTruststoreAlgorithm();org.apache.tomcat.util.net.AbstractEndpoint;0;0;0;0;0;0;0;0;0;0;0;0;0
org.apache.tomcat.util.http.mapper.Mapper.internalMapExactWrapper(Wrapper[], CharChunk, MappingData);org.apache.tomcat.util.http.mapper.MappingData;1;1;0;1.0000;816;39;4;0;3;0.7857;11;1;9
org.apache.jasper.compiler.Dumper.DumpVisitor.visit(Node.Declaration);org.apache.jasper.compiler.Node.ScriptingElement;0;1;0;0.9643;122;27;1;1;0;0.8000;30;2;0
org.apache.tomcat.util.buf.ByteChunk.hashBytesIC(byte, int, int);org.apache.tomcat.util.buf.Ascii;0;0;0;1.0000;425;43;10;1;0;1.0000;91;11;7
org.apache.catalina.connector.RequestFacade.getRequestDispatcher(String);org.apache.tomcat.util.res.StringManager;2;0;2;0.9865;462;73;2;0;0;1.0000;36;3;3
org.apache.coyote.http11.Http11AprProtocol.init();org.apache.juli.logging.Log;3;1;4;0.9717;387;76;26;3;0;0.8750;18;18;0
org.apache.catalina.core.StandardWrapper.unload();org.apache.catalina.Globals;4;1;10;0.9091;712;75;32;0;1;1.0000;0;0;39
org.apache.jasper.compiler.Generator.GenerateVisitor.visit(Node.UninterpretedTag);org.apache.jasper.compiler.Node.JspAttribute;5;0;2;0.9863;1737;45;16;1;0;0.9688;107;7;10
org.apache.catalina.tribes.group.ChannelCoordinator.messageReceived(ChannelMessage);org.apache.catalina.tribes.util.Logs;1;0;0;1.0000;164;15;5;0;1;1.0000;0;0;1
org.apache.catalina.startup.ServletDefCreateRule.end(String, String);org.apache.juli.logging.Log;1;0;0;1.0000;12;2;0;2;0;0.9048;18;18;0
org.apache.jasper.compiler.Collector.CollectVisitor.visit(Node.ForwardAction);org.apache.jasper.compiler.Node.JspAttribute;2;0;1;0.9565;114;15;6;0;1;0.9545;107;7;10
org.apache.catalina.loader.WebappClassLoader.addJar(String, JarFile, File);org.apache.juli.logging.Log;0;1;8;0.8889;1193;44;30;2;0;0.9259;18;18;0
org.apache.tomcat.util.http.Parameters.processParameters(MessageBytes, String);org.apache.tomcat.util.buf.ByteChunk;3;0;0;1.0000;363;23;19;2;1;0.9423;425;43;10
org.apache.coyote.http11.AbstractHttp11Protocol.destroy();org.apache.juli.logging.Log;0;0;0;0;0;0;0;0;0;0;0;0;0
org.apache.tomcat.util.digester.RulesBase.lookup(String, String);org.apache.tomcat.util.digester.Rule;0;0;1;0.9167;83;8;4;1;0;0.9231;31;9;2
org.apache.catalina.core.ApplicationContextFacade.log(String, Throwable);org.apache.catalina.security.SecurityUtil;0;1;1;0.9600;426;46;3;1;0;1.0000;146;11;17
org.apache.catalina.deploy.NamingResources.addResourceLink(ContextResourceLink);org.apache.catalina.deploy.ResourceBase;1;0;3;0.9400;332;35;12;2;1;0.8333;43;9;6
org.apache.catalina.ha.session.DeltaManager.startInternal();org.apache.tomcat.util.res.StringManager;0;0;0;0;0;0;0;0;0;0;0;0;0
org.apache.catalina.valves.CometConnectionManagerValve.sessionDestroyed(HttpSessionEvent);org.apache.juli.logging.Log;4;0;2;0.9167;146;11;6;1;0;0.9643;18;18;0
org.apache.catalina.manager.ManagerServlet.setWrapper(Wrapper);org.apache.catalina.Host;0;0;5;0.8936;913;34;13;1;0;0.9643;20;20;2
org.apache.jasper.compiler.Generator.GenerateVisitor.visit(Node.TemplateText);org.apache.jasper.Options;6;0;3;0.9610;1737;45;16;1;0;0.9787;28;28;0
org.apache.coyote.http11.Http11NioProtocol.Http11ConnectionHandler.process(NioChannel);org.apache.tomcat.util.net.AbstractEndpoint;0;0;0;0;0;0;0;0;0;0;0;0;0
org.apache.catalina.loader.WebappClassLoader.clearReferencesRmiTargets();org.apache.juli.logging.Log;0;0;0;0;0;0;0;0;0;0;0;0;0
org.apache.coyote.http11.Http11AprProcessor.recycle();org.apache.coyote.http11.InternalAprOutputBuffer;0;0;3;0.9531;938;28;36;1;0;0.9762;235;24;13
org.apache.catalina.core.ApplicationFilterChain.internalDoFilter(ServletRequest, ServletResponse);org.apache.catalina.core.ApplicationFilterConfig;3;0;10;0.7059;225;9;13;1;0;0.9583;121;10;5
org.apache.catalina.tribes.transport.ReplicationTransmitter.start();org.apache.catalina.tribes.transport.DataSender;0;0;1;0.9000;30;7;3;1;0;0.9167;11;11;0
org.apache.coyote.http11.AbstractHttp11Processor.initializeFilters();org.apache.coyote.http11.AbstractOutputBuffer;0;0;0;0;0;0;0;0;0;0;0;0;0
org.apache.catalina.ha.session.DeltaManager.checkSenderDomain(SessionMessage, Member);org.apache.juli.logging.Log;1;0;3;0.9881;826;43;42;2;0;0.9000;18;18;0
org.apache.tomcat.util.bcel.classfile.FieldOrMethod.getSignature();org.apache.tomcat.util.bcel.classfile.ConstantPool;0;0;0;0;0;0;0;0;0;0;0;0;0
org.apache.tomcat.util.http.Parameters.processParameters(MessageBytes, String);org.apache.tomcat.util.buf.MessageBytes;3;0;0;1.0000;363;23;19;3;3;0.8913;402;31;17
org.apache.catalina.ha.session.DeltaManager.deserializeSessions(byte[]);org.apache.catalina.session.StandardSession;3;1;3;0.9792;826;43;42;2;2;0.9556;558;58;26
org.apache.catalina.mbeans.ServerLifecycleListener.destroyMBeans(ContextEnvironment);org.apache.juli.logging.Log;0;0;1;1.0000;569;32;2;2;0;0.8889;18;18;0
org.apache.catalina.authenticator.SingleSignOn.update(String, Principal, String, String, String);org.apache.juli.logging.Log;0;1;0;0.9643;187;18;8;2;0;0.9091;18;18;0
org.apache.catalina.connector.Request.getRemoteHost();org.apache.coyote.ActionCode;2;1;3;0.9773;1084;128;51;0;1;1.0000;6;0;26
org.apache.catalina.core.NamingContextListener.removeResourceLink(String);org.apache.juli.logging.Log;1;0;3;0.9375;745;23;11;1;0;0.9500;18;18;0
org.apache.coyote.http11.Http11NioProcessor.event(SocketStatus);org.apache.coyote.Adapter;6;1;10;0.8816;954;28;38;1;0;0.9545;2;2;0
org.apache.catalina.ha.session.DeltaManager.handleSESSION_CREATED(SessionMessage, Member);org.apache.catalina.session.StandardSession;3;1;5;0.9583;826;43;42;3;2;0.9451;558;58;26
org.apache.coyote.http11.Http11AprProcessor.action(ActionCode, Object);org.apache.coyote.ActionCode;9;1;18;0.8068;938;28;36;0;20;1.0000;6;0;26
org.apache.coyote.http11.Http11Processor.process(SocketWrapper<Socket>);org.apache.juli.logging.Log;0;0;0;0;0;0;0;0;0;0;0;0;0
org.apache.catalina.startup.Tomcat.addServlet(Context, String, String);org.apache.catalina.Context;0;0;0;0;0;0;0;0;0;0;0;0;0
org.apache.catalina.util.RequestUtil.parseParameters(Map<String,String[]>, String, String);org.apache.juli.logging.Log;0;1;0;1.0000;183;13;1;0;0;1.0000;18;18;0
org.apache.jasper.compiler.Validator.ValidateVisitor.visit(Node.GetProperty);org.apache.jasper.compiler.JspUtil;0;0;2;0.9756;710;36;19;1;0;1.0000;693;44;8
org.apache.coyote.http11.Http11Processor.prepareResponse();org.apache.coyote.Request;5;2;11;0.8500;847;26;37;0;1;0.9880;219;17;34
org.apache.catalina.startup.Tomcat.initWebappDefaults(String);org.apache.catalina.Container;0;0;0;0;0;0;0;0;0;0;0;0;0
org.apache.catalina.mbeans.MBeanUtils.getDomain(Container);org.apache.catalina.Container;0;0;0;0;0;0;0;0;0;0;0;0;0
org.apache.coyote.http11.filters.IdentityInputFilter.doRead(ByteChunk, Request);org.apache.tomcat.util.buf.ByteChunk;1;0;3;0.7692;57;5;6;3;1;0.9216;425;43;10
org.apache.catalina.ha.tcp.SimpleTcpCluster.startInternal();org.apache.catalina.tribes.Channel;0;0;0;0;0;0;0;0;0;0;0;0;0
org.apache.catalina.ha.context.ReplicatedContext.startInternal();org.apache.juli.logging.Log;0;0;0;0;0;0;0;0;0;0;0;0;0
org.apache.tomcat.util.http.MimeHeaders.getName(int);org.apache.tomcat.util.http.MimeHeaderField;1;0;2;0.9048;129;18;3;0;1;0.8750;13;1;4
org.apache.catalina.connector.CometEventImpl.setTimeout(int);org.apache.catalina.connector.Request;1;0;1;0.9286;54;6;5;3;1;0.9770;1084;128;51
org.apache.catalina.mbeans.ServerLifecycleListener.destroyMBeans(Context);org.apache.catalina.Context;0;1;1;0.9756;569;32;2;1;0;0.9925;125;125;1
org.apache.tomcat.util.net.AprEndpoint.allocatePoller(int, long, int);org.apache.tomcat.jni.Error;2;0;2;1.0000;629;27;59;0;1;0.8333;14;3;2
org.apache.catalina.valves.ValveBase.event(Request, Response, CometEvent);org.apache.catalina.Valve;0;1;0;0.9524;114;14;10;1;0;0.8571;6;6;0
org.apache.tomcat.util.digester.Digester.startDocument();org.apache.juli.logging.Log;0;1;1;0.9851;849;103;29;2;0;0.9000;18;18;0
org.apache.catalina.core.ContainerBase.setLoader(Loader);org.apache.catalina.Lifecycle;0;0;4;0.9674;603;62;29;2;0;0.8000;5;5;9
org.apache.catalina.core.NamingContextListener.lifecycleEvent(LifecycleEvent);org.apache.catalina.Lifecycle;3;2;9;0.7857;745;23;11;0;2;1.0000;5;5;9
org.apache.catalina.ssi.SSIConditional.evaluateArguments(String[], String[], SSIMediator);org.apache.catalina.ssi.ExpressionParseTree;0;1;0;0.6667;67;3;0;1;0;0.9000;100;4;7
org.apache.catalina.valves.AccessLogValve.ThreadNameElement.addElement(StringBuilder, Date, Request, Response, long);org.apache.coyote.Request;2;0;0;1.0000;9;1;0;0;1;0.9815;219;17;34
org.apache.catalina.connector.CoyoteAdapter.parsePathParameters(org.apache.coyote.Request, Request);org.apache.coyote.Request;0;0;0;0;0;0;0;0;0;0;0;0;0
org.apache.coyote.http11.AbstractHttp11Protocol.getClientAuth();org.apache.tomcat.util.net.AbstractEndpoint;0;0;0;0;0;0;0;0;0;0;0;0;0
org.apache.tomcat.util.bcel.classfile.SimpleElementValue.stringifyValue();org.apache.tomcat.util.bcel.classfile.ConstantInteger;0;0;0;0;0;0;0;0;0;0;0;0;0
org.apache.catalina.servlets.WebdavServlet.deleteResource(String, HttpServletRequest, HttpServletResponse, boolean);org.apache.catalina.servlets.WebdavStatus;1;3;0;0.9167;1460;29;23;0;5;1.0000;12;2;27
org.apache.catalina.loader.WebappLoader.closeJARs(boolean);org.apache.catalina.loader.WebappClassLoader;0;0;1;0.9821;548;39;19;1;0;0.9859;1193;44;30
org.apache.catalina.authenticator.SSLAuthenticator.authenticate(Request, HttpServletResponse, LoginConfig);org.apache.coyote.Request;4;0;0;1.0000;37;4;1;1;0;0.9848;219;17;34
org.apache.catalina.tribes.group.ChannelCoordinator.sendMessage(Member[], ChannelMessage, InterceptorPayload);org.apache.catalina.tribes.util.Logs;2;0;2;0.9286;164;15;5;0;1;1.0000;0;0;1
org.apache.catalina.connector.RequestFacade.getReader();org.apache.catalina.connector.Request;1;0;2;0.9865;462;73;2;1;0;0.9943;1084;128;51
org.apache.catalina.core.ApplicationServletRegistration.getMappings();org.apache.catalina.Container;0;0;0;0;0;0;0;0;0;0;0;0;0
org.apache.catalina.mbeans.MemoryUserDatabaseMBean.createGroup(String, String);org.apache.catalina.UserDatabase;0;1;0;0.9500;168;12;6;1;0;0.9444;16;16;0
org.apache.catalina.mbeans.ContextResourceLinkMBean.setAttribute(Attribute);org.apache.catalina.deploy.NamingResources;0;0;0;1.0000;19;1;0;2;0;0.9615;332;35;12
org.apache.coyote.http11.filters.GzipOutputFilter.end();org.apache.coyote.http11.OutputFilter;0;0;3;0.5714;26;4;5;1;0;0.8889;6;6;0
org.apache.coyote.ajp.AjpAprProtocol.init();org.apache.tomcat.util.res.StringManager;2;1;4;0.9508;219;40;15;1;0;0.9333;36;3;3
org.apache.catalina.ha.authenticator.ClusterSingleSignOn.deregister(String);org.apache.catalina.ha.authenticator.SingleSignOnMessage;1;1;2;0.8750;149;16;4;0;2;0.9524;76;2;16
org.apache.coyote.http11.Http11NioProtocol.Http11ConnectionHandler.register(Http11NioProcessor);org.apache.coyote.RequestInfo;4;0;4;0.8636;166;8;6;1;1;0.9474;134;13;14
org.apache.tomcat.util.digester.RulesBase.add(String, Rule);org.apache.tomcat.util.digester.Rule;1;0;4;0.6923;83;8;4;0;2;0.8750;31;9;2
org.apache.catalina.connector.RequestFacade.getQueryString();org.apache.tomcat.util.res.StringManager;1;0;2;0.9865;462;73;2;0;0;1.0000;36;3;3
org.apache.catalina.ha.session.SimpleTcpReplicationManager.messageDataReceived(ClusterMessage);org.apache.catalina.ha.ClusterMessage;0;1;1;0.9714;362;17;17;1;0;0.8750;6;6;0
org.apache.catalina.tribes.group.ChannelInterceptorBase.hasMembers();org.apache.catalina.tribes.ChannelInterceptor;0;0;1;0.9444;66;14;4;1;0;0.9412;16;16;0
org.apache.naming.ContextBindings.unbindThread(Object, Object);org.apache.naming.ContextAccessController;0;0;2;1.0000;112;21;6;1;0;1.0000;25;6;2
org.apache.catalina.session.PersistentManagerBase.setStore(Store);org.apache.catalina.Store;0;0;1;0.9767;420;33;13;1;0;0.9167;11;11;0
org.apache.catalina.startup.ClusterRuleSetFactory.getClusterRuleSet(String);org.apache.juli.logging.Log;0;1;1;1.0000;33;2;1;3;0;0.8333;18;18;0
org.apache.catalina.core.ApplicationContextFacade.getFilterRegistration(String);org.apache.catalina.core.ApplicationContext;0;0;0;0;0;0;0;0;0;0;0;0;0
org.apache.coyote.http11.InternalNioInputBuffer.readSocket(boolean, boolean);org.apache.tomcat.util.net.NioChannel;2;1;6;0.8723;457;16;24;2;1;0.9032;83;15;5
org.apache.jasper.compiler.TagPluginManager.TagPluginContextImpl.generateJavaSource(String);org.apache.jasper.compiler.Node.Nodes;1;0;2;0.9048;72;15;4;1;0;0.9231;43;5;3
org.apache.catalina.connector.Response.addHeader(String, String);org.apache.coyote.Response;0;1;2;0.9659;578;70;19;1;0;0.9750;250;19;18
org.apache.jasper.compiler.TagFileProcessor.TagFileDirectiveVisitor.visit(Node.VariableDirective);org.apache.jasper.compiler.ErrorDispatcher;0;1;6;0.8846;213;8;24;1;0;0.9600;158;22;2
org.apache.jasper.compiler.JspDocumentParser.endElement(String, String, String);org.apache.jasper.compiler.Localizer;4;2;5;0.8824;649;28;20;0;0;1.0000;34;6;1
org.apache.jasper.compiler.Collector.CollectVisitor.visit(Node.JspElement);org.apache.jasper.compiler.Node.JspElement;2;0;1;0.9583;114;15;6;0;2;0.7500;21;1;2
org.apache.jasper.compiler.Generator.GenerateVisitor.visit(Node.DoBodyAction);org.apache.jasper.compiler.Node;2;1;1;0.9714;1737;45;16;1;2;0.9167;170;7;15
org.apache.catalina.tribes.group.interceptors.OrderInterceptor.messageReceived(ChannelMessage);org.apache.catalina.tribes.io.XByteBuffer;1;2;1;0.8800;141;9;8;2;2;0.9091;317;36;7
org.apache.catalina.connector.Request.getServletPath();org.apache.tomcat.util.http.mapper.MappingData;1;0;1;0.9943;1084;128;51;0;1;0.9167;11;1;9
org.apache.catalina.connector.Request.getHeaders(String);org.apache.coyote.Request;1;0;1;0.9943;1084;128;51;0;1;0.9815;219;17;34
org.apache.coyote.http11.Http11AprProcessor.asyncDispatch(long, SocketStatus);org.apache.coyote.http11.InternalAprOutputBuffer;0;0;0;0;0;0;0;0;0;0;0;0;0
org.apache.catalina.startup.UserConfig.stop();org.apache.catalina.Container;1;0;2;0.9444;89;10;8;1;0;0.9730;34;34;6
org.apache.tomcat.util.digester.WithDefaultsRulesWrapper.getDigester();org.apache.tomcat.util.digester.Rules;0;0;1;0.9167;55;8;3;1;0;0.8889;8;8;0
org.apache.jasper.compiler.DeclarationVisitor.visit(Node.Declaration);org.apache.jasper.compiler.Node;3;0;0;1.0000;36;3;1;0;2;0.9375;170;7;15
org.apache.tomcat.util.net.AprEndpoint.Sendfile.run();org.apache.tomcat.util.net.AprEndpoint.Poller;5;3;5;0.6923;187;5;6;1;0;0.9706;168;4;7
org.apache.tomcat.util.bcel.classfile.StackMapType.hasIndex();org.apache.tomcat.util.bcel.Constants;0;0;0;0;0;0;0;0;0;0;0;0;0
org.apache.jasper.compiler.TagHandlerPoolVisitor.createTagHandlerPoolName(String, String, Attributes, Node.Nodes, boolean);org.apache.jasper.compiler.JspUtil;2;0;0;1.0000;37;2;1;1;0;1.0000;693;44;8
org.apache.coyote.http11.Http11NioProtocol.Http11ConnectionHandler.release(SocketChannel);org.apache.juli.logging.Log;2;1;1;0.8750;166;8;6;2;0;0.9091;18;18;0
org.apache.catalina.connector.RequestFacade.getSession();org.apache.tomcat.util.res.StringManager;1;1;2;0.9726;462;73;2;0;0;1.0000;36;3;3
org.apache.catalina.connector.RequestFacade.getInputStream();org.apache.catalina.connector.Request;1;0;2;0.9865;462;73;2;1;0;0.9943;1084;128;51
org.apache.jasper.servlet.JspServletWrapper.loadTagFile();org.apache.jasper.JspCompilationContext;0;0;7;0.7742;314;11;15;3;0;0.9565;420;31;31
org.apache.jasper.compiler.Validator.ValidateVisitor.isExpression(Node, String, boolean);org.apache.jasper.compiler.ELNode.Nodes;3;0;1;0.9787;710;36;19;1;0;0.9286;35;5;2
org.apache.catalina.connector.RequestFacade.getProtocol();org.apache.tomcat.util.res.StringManager;1;0;2;0.9865;462;73;2;0;0;1.0000;36;3;3
org.apache.jasper.compiler.Generator.GenerateVisitor.visit(Node.SetProperty);org.apache.jasper.compiler.Node;6;0;1;0.9868;1737;45;16;1;2;0.9268;170;7;15
org.apache.el.parser.AstPlus.getValue(EvaluationContext);org.apache.el.lang.ELArithmetic;0;0;0;1.0000;8;1;0;1;0;1.0000;96;16;5
org.apache.catalina.tribes.tipis.AbstractReplicatedMap.messageReceived(Serializable, Member);org.apache.juli.logging.Log;0;2;4;0.9425;740;50;17;3;0;0.9302;18;18;0
org.apache.catalina.session.StandardSession.readObject(ObjectInputStream);org.apache.juli.logging.Log;0;0;14;0.8375;558;58;26;2;0;0.9394;18;18;0
org.apache.catalina.servlets.WebdavServlet.doLock(HttpServletRequest, HttpServletResponse);org.apache.naming.resources.ProxyDirContext;6;4;11;0.8302;1460;29;23;1;0;0.9906;469;64;15
org.apache.coyote.ajp.AjpProtocol.AjpConnectionHandler.register(AjpProcessor);org.apache.coyote.RequestInfo;4;0;3;0.8235;80;4;4;1;1;0.9474;134;13;14
org.apache.coyote.http11.Http11AprProcessor.asyncDispatch(long, SocketStatus);org.apache.coyote.RequestInfo;0;0;0;0;0;0;0;0;0;0;0;0;0
org.apache.jasper.runtime.JspContextWrapper.getAttributesScope(String);org.apache.jasper.compiler.Localizer;0;0;2;0.9556;257;38;7;1;0;1.0000;34;6;1
org.apache.jasper.compiler.Parser.parseTaglibDirective(Node);org.apache.jasper.compiler.ErrorDispatcher;4;1;6;0.9114;1203;56;14;1;0;0.9762;158;22;2
org.apache.catalina.session.StandardSession.getValueNames();org.apache.tomcat.util.res.StringManager;1;2;1;0.9737;558;58;26;0;0;1.0000;36;3;3
org.apache.el.lang.ExpressionBuilder.createNodeInternal(String);org.apache.el.parser.Node;1;0;1;1.0000;117;7;4;2;0;0.8750;15;15;0
org.apache.catalina.loader.WebappClassLoader.findResource(String);org.apache.juli.logging.Log;1;1;3;0.9583;1193;44;30;2;0;0.9091;18;18;0
org.apache.tomcat.util.net.AbstractEndpoint.getMaxThreads();org.apache.tomcat.util.threads.ResizableExecutor;0;0;0;0;0;0;0;0;0;0;0;0;0
org.apache.jasper.compiler.Generator.GenerateVisitor.writeNewInstance(String, String);org.apache.jasper.compiler.Generator;2;0;1;0.9841;1737;45;16;0;1;1.0000;781;28;16
org.apache.catalina.tribes.group.interceptors.GzipInterceptor.sendMessage(Member[], ChannelMessage, InterceptorPayload);org.apache.catalina.tribes.io.XByteBuffer;1;1;0;1.0000;47;5;1;3;1;0.8571;317;36;7
org.apache.coyote.http11.filters.SavedRequestInputFilter.setRequest(org.apache.coyote.Request);org.apache.tomcat.util.buf.ByteChunk;1;0;1;0.8889;34;7;1;1;0;0.9796;425;43;10
org.apache.catalina.mbeans.MemoryUserDatabaseMBean.getRoles();org.apache.catalina.UserDatabase;0;1;0;0.9524;168;12;6;1;0;0.9474;16;16;0
org.apache.jasper.xmlparser.XMLEncodingDetector.createReader(InputStream, String, Boolean);org.apache.jasper.compiler.ErrorDispatcher;1;0;3;0.9362;798;23;29;1;0;0.9583;158;22;2
org.apache.catalina.tribes.transport.nio.ParallelNioSender.close();org.apache.catalina.tribes.ChannelException;0;0;1;0.9412;246;12;4;1;0;0.9167;46;5;2
org.apache.catalina.mbeans.MBeanUtils.createObjectName(String, UserDatabase);org.apache.catalina.UserDatabase;0;0;0;1.0000;853;61;5;1;0;0.9375;16;16;0
org.apache.catalina.manager.host.HTMLHostManagerServlet.list(HttpServletRequest, HttpServletResponse, String);org.apache.catalina.Container;1;0;7;1.0000;194;6;7;3;0;0.9211;34;34;6
org.apache.catalina.mbeans.MBeanFactory.removeHost(String);org.apache.catalina.Service;0;1;0;0.9744;432;35;2;1;0;0.9474;15;15;0
org.apache.catalina.core.StandardContextValve.invoke(Request, Response);org.apache.catalina.connector.Request;2;1;2;0.9167;86;5;3;3;0;0.9843;1084;128;51
org.apache.catalina.mbeans.MBeanUtils.createObjectName(String, Context);org.apache.catalina.Host;0;0;0;1.0000;853;61;5;1;0;0.9545;20;20;2
org.apache.el.ExpressionFactoryImpl.createValueExpression(ELContext, String, Class<?>);org.apache.el.lang.ExpressionBuilder;0;0;0;1.0000;26;4;0;1;0;0.8889;117;7;4
org.apache.catalina.servlets.DefaultServlet.copy(CacheEntry, InputStream, ServletOutputStream);org.apache.naming.resources.CacheEntry;2;1;1;0.9608;994;37;18;0;1;0.9286;13;2;8
org.apache.coyote.http11.Http11AprProtocol.Http11ConnectionHandler.event(long, SocketStatus);org.apache.coyote.http11.Http11AprProcessor;2;0;3;0.8235;119;5;5;1;0;0.9863;938;28;36
org.apache.coyote.http11.Http11AprProcessor.asyncDispatch(long, SocketStatus);org.apache.coyote.http11.InternalAprInputBuffer;0;0;0;0;0;0;0;0;0;0;0;0;0
org.apache.catalina.core.StandardContext.setNamingResources(NamingResources);org.apache.catalina.deploy.NamingResources;1;0;1;0.9968;2385;204;107;0;1;0.9800;332;35;12
org.apache.catalina.mbeans.MBeanUtils.createMBean(MBeanFactory);org.apache.tomcat.util.modeler.ManagedBean;0;2;2;1.0000;853;61;5;2;0;0.9429;252;23;13
org.apache.jasper.compiler.Parser.parseElements(Node);org.apache.jasper.compiler.PageInfo;1;16;4;0.7015;1203;56;14;0;1;0.9897;319;30;44
org.apache.catalina.core.StandardContext.addMessageDestination(MessageDestination);org.apache.catalina.deploy.ResourceBase;0;0;1;0.9968;2385;204;107;0;0;1.0000;43;9;6
org.apache.coyote.http11.Http11AprProtocol.getSSLCertificateFile();org.apache.tomcat.util.net.AprEndpoint;1;0;1;0.9901;387;76;26;0;1;0.9875;629;27;59
org.apache.catalina.startup.ExpandWar.deleteDir(File, boolean);org.apache.juli.logging.Log;0;0;0;0;0;0;0;0;0;0;0;0;0
org.apache.catalina.startup.WebAnnotationSet.addResource(Context, Resource);org.apache.catalina.deploy.ContextResource;5;0;0;1.0000;125;6;0;0;2;0.8889;35;3;2
org.apache.catalina.tribes.tipis.AbstractReplicatedMap.replicate(Object, boolean);org.apache.catalina.tribes.tipis.ReplicatedMapEntry;0;0;4;0.9620;740;50;17;5;0;0.7826;10;10;0
org.apache.catalina.mbeans.UserMBean.getRoles();org.apache.catalina.User;0;0;1;0.9167;85;6;3;1;0;0.9500;17;17;0
org.apache.catalina.startup.UserConfig.lifecycleEvent(LifecycleEvent);org.apache.catalina.LifecycleEvent;2;2;3;0.8333;89;10;8;2;0;0.8333;18;3;3
org.apache.tomcat.util.http.mapper.Mapper.internalMap(CharChunk, CharChunk, MappingData);org.apache.tomcat.util.buf.CharChunk;2;6;2;0.9333;816;39;4;4;2;0.9016;393;39;8
org.apache.el.parser.ELParser.Integer();org.apache.el.parser.JJTELParserState;4;1;1;0.9854;2195;111;22;2;0;0.9091;74;10;5
org.apache.coyote.ajp.AjpProcessor.prepareRequest();org.apache.coyote.Response;7;1;8;0.8846;570;12;32;0;1;0.9881;250;19;18
org.apache.catalina.valves.AccessLogValve.SessionIdElement.addElement(StringBuilder, Date, Request, Response, long);org.apache.catalina.Session;0;0;0;1.0000;13;1;0;1;0;0.9706;32;32;4
org.apache.catalina.connector.Request.logout();org.apache.catalina.Context;0;0;0;1.0000;1084;128;51;0;0;1.0000;125;125;1
org.apache.catalina.session.StandardManager.doUnload();org.apache.tomcat.util.ExceptionUtils;0;0;0;0;0;0;0;0;0;0;0;0;0
org.apache.tomcat.util.digester.Digester.endElement(String, String, String);org.apache.tomcat.util.digester.ArrayStack;0;2;7;0.9353;849;103;29;1;0;0.9565;53;6;1
org.apache.catalina.authenticator.FormAuthenticator.authenticate(Request, HttpServletResponse, LoginConfig);org.apache.catalina.connector.Request;3;6;2;0.8158;232;8;3;8;0;0.9604;1084;128;51
org.apache.catalina.ha.session.SimpleTcpReplicationManager.createSession(String, boolean, boolean);org.apache.catalina.ha.session.ReplicatedSession;1;0;1;0.9773;362;17;17;0;1;0.9688;122;16;4
org.apache.el.parser.ELParser.generateParseException();org.apache.el.parser.ELParserConstants;1;2;9;0.9318;2195;111;22;0;1;0.9848;0;0;57
org.apache.catalina.tribes.io.ChannelData.getDataPackageLength();org.apache.catalina.tribes.membership.MemberImpl;1;0;3;0.8333;165;14;7;1;0;0.9767;300;29;19
org.apache.catalina.tribes.group.interceptors.NonBlockingCoordinator.mergeOnArrive(CoordinationMessage, Member);org.apache.catalina.tribes.membership.Membership;1;5;1;0.8800;352;38;14;1;0;0.9630;136;11;6
org.apache.catalina.startup.ContextConfig.parseWebXml(InputSource, WebXml, boolean);org.apache.juli.logging.Log;0;0;0;0;0;0;0;0;0;0;0;0;0
org.apache.catalina.tribes.group.interceptors.NonBlockingCoordinator.startElection(boolean);org.apache.catalina.tribes.util.Arrays;1;5;8;0.7547;352;38;14;2;0;1.0000;149;24;1
org.apache.catalina.core.ApplicationContextFacade.getContext(String);org.apache.catalina.security.SecurityUtil;0;1;1;0.9608;426;46;3;1;0;1.0000;146;11;17
org.apache.catalina.core.ApplicationContext.log(String);org.apache.catalina.core.ContainerBase;0;0;1;0.9825;460;47;13;1;0;0.9890;603;62;29
org.apache.tomcat.util.http.fileupload.DiskFileItem.getSize();org.apache.tomcat.util.http.fileupload.DeferredFileOutputStream;0;0;0;0;0;0;0;0;0;0;0;0;0
org.apache.catalina.tribes.transport.nio.ParallelNioSender.keepalive();org.apache.catalina.tribes.transport.nio.NioSender;0;0;3;0.9000;246;12;4;3;0;0.8889;255;12;11
org.apache.jasper.compiler.Parser.parseFileDirectives(Node);org.apache.jasper.compiler.JspReader;1;3;2;0.9275;1203;56;14;4;1;0.8780;322;25;9
org.apache.tomcat.util.buf.MessageBytes.equals(String);org.apache.tomcat.util.buf.CharChunk;0;1;8;0.8636;402;31;17;1;0;0.9818;393;39;8
org.apache.catalina.ha.session.DeltaManager.expireAllLocalSessions();org.apache.catalina.ha.session.DeltaSession;1;0;2;0.9885;826;43;42;1;1;0.9623;379;41;7
org.apache.tomcat.util.net.AprEndpoint.setSocketOptions(long);org.apache.tomcat.jni.Socket;1;0;6;0.9512;629;27;59;2;2;1.0000;37;37;34
org.apache.tomcat.util.buf.B2CConverter.convert(ByteChunk, CharChunk, int);org.apache.juli.logging.Log;3;2;5;0.5000;39;4;7;0;0;1.0000;18;18;0
org.apache.catalina.ha.tcp.SimpleTcpCluster.getLocalMember();org.apache.catalina.tribes.Channel;0;0;1;0.9846;371;45;31;1;0;0.9375;15;15;13
org.apache.coyote.http11.Http11AprProtocol.init();org.apache.tomcat.util.res.StringManager;3;1;4;0.9717;387;76;26;1;0;0.9231;36;3;3
org.apache.catalina.mbeans.MBeanUtils.getContainerKeyProperties(Container);org.apache.catalina.Context;0;0;0;0;0;0;0;0;0;0;0;0;0
org.apache.tomcat.util.buf.MessageBytes.setEncoding(String);org.apache.tomcat.util.buf.CharChunk;1;0;3;0.9333;402;31;17;1;0;0.9811;393;39;8
org.apache.el.parser.ELParser.MethodParameters();org.apache.el.parser.JJTELParserState;0;0;0;0;0;0;0;0;0;0;0;0;0
org.apache.catalina.connector.Request.parseParameters();org.apache.coyote.Constants;5;4;9;0.9396;1084;128;51;0;1;1.0000;0;0;14
org.apache.catalina.ha.session.SimpleTcpReplicationManager.stopInternal();org.apache.juli.logging.Log;0;0;0;0;0;0;0;0;0;0;0;0;0
org.apache.jasper.compiler.Generator.GenerateVisitor.visit(Node.UseBean);org.apache.jasper.Options;7;0;1;0.9877;1737;45;16;1;0;0.9796;28;28;0
org.apache.catalina.tribes.group.interceptors.NonBlockingCoordinator.fireInterceptorEvent(InterceptorEvent);org.apache.juli.logging.Log;0;0;0;1.0000;352;38;14;1;0;0.9474;18;18;0
org.apache.jasper.xmlparser.XMLEncodingDetector.scanXMLDeclOrTextDecl(boolean, String[]);org.apache.jasper.xmlparser.XMLString;0;5;5;0.8571;798;23;29;1;0;0.9524;52;6;3
org.apache.catalina.connector.Request.getLocalName();org.apache.coyote.Request;2;0;2;0.9886;1084;128;51;1;1;0.9636;219;17;34
org.apache.catalina.tribes.transport.bio.MultipointBioSender.setupForSend(Member[]);org.apache.catalina.tribes.ChannelException;0;0;1;0.9375;93;9;2;1;0;0.9333;46;5;2
org.apache.coyote.http11.AbstractHttp11Protocol.resume();org.apache.tomcat.util.net.AbstractEndpoint;0;0;0;0;0;0;0;0;0;0;0;0;0
org.apache.catalina.tribes.transport.bio.util.FastQueue.getAddWaitTimeout();org.apache.catalina.tribes.transport.bio.util.SingleRemoveSynchronizedAddLock;1;0;2;0.9200;172;11;14;0;1;0.9375;88;6;7
org.apache.catalina.core.StandardContext.addMessageDestinationRef(MessageDestinationRef);org.apache.catalina.deploy.ResourceBase;0;0;1;0.9968;2385;204;107;0;0;1.0000;43;9;6
org.apache.coyote.http11.Http11AprProtocol.setKeepAliveTimeout(int);org.apache.tomcat.util.net.AbstractEndpoint;0;0;0;0;0;0;0;0;0;0;0;0;0
org.apache.catalina.mbeans.MBeanUtils.destroyMBean(Connector, Service);org.apache.coyote.ajp.AjpProtocol;1;1;1;1.0000;853;61;5;1;0;0.9818;201;32;16
org.apache.coyote.ajp.AjpProtocol.AjpConnectionHandler.unregister(AjpProcessor);org.apache.tomcat.util.modeler.Registry;4;0;1;0.9375;80;4;4;2;0;0.9804;446;36;10
org.apache.jasper.compiler.TagHandlerPoolVisitor.visit(Node.CustomTag);org.apache.jasper.compiler.Node.CustomTag;3;0;0;1.0000;37;2;1;1;3;0.9091;229;10;26
org.apache.coyote.http11.InternalNioInputBuffer.SocketInputBuffer.doRead(ByteChunk, Request);org.apache.coyote.http11.InternalNioInputBuffer;1;0;0;1.0000;9;1;0;1;3;0.9024;457;16;24
org.apache.jasper.compiler.PageInfo.setLanguage(String, Node, ErrorDispatcher, boolean);org.apache.jasper.compiler.ErrorDispatcher;0;0;1;0.9867;319;30;44;1;0;0.9545;158;22;2
org.apache.jasper.compiler.Generator.GenerateVisitor.visit(Node.DoBodyAction);org.apache.jasper.compiler.Generator;2;1;1;0.9714;1737;45;16;1;0;1.0000;781;28;16
org.apache.catalina.mbeans.MBeanUtils.destroyMBean(Server);org.apache.tomcat.util.modeler.Registry;0;2;2;1.0000;853;61;5;1;0;0.9767;446;36;10
org.apache.catalina.authenticator.AuthenticatorBase.register(Request, HttpServletResponse, Principal, String, String, String);org.apache.catalina.connector.Request;3;1;3;0.9375;286;20;18;5;1;0.9679;1084;128;51
org.apache.tomcat.util.bcel.classfile.StackMapTableEntry.toString();org.apache.tomcat.util.bcel.Constants;0;0;0;0;0;0;0;0;0;0;0;0;0
org.apache.catalina.tribes.group.GroupChannel.messageReceived(ChannelMessage);org.apache.catalina.tribes.io.XByteBuffer;3;1;1;0.9574;268;24;8;2;2;0.9211;317;36;7
org.apache.catalina.ha.authenticator.ClusterSingleSignOn.associate(String, Session);org.apache.catalina.ha.CatalinaCluster;1;1;2;0.8929;149;16;4;2;0;0.9375;20;20;1
org.apache.catalina.tribes.tipis.AbstractReplicatedMap.init(MapOwner, Channel, String, long, int, ClassLoader[]);org.apache.catalina.tribes.util.Arrays;0;2;10;0.8451;740;50;17;1;0;1.0000;149;24;1
org.apache.jasper.compiler.TldLocationsCache.tldScanWebXml();org.apache.jasper.xmlparser.TreeNode;0;0;0;0;0;0;0;0;0;0;0;0;0
org.apache.jasper.xmlparser.XMLEncodingDetector.scanXMLDeclOrTextDecl(boolean, String[]);org.apache.jasper.compiler.ErrorDispatcher;0;5;5;0.8571;798;23;29;2;0;0.9310;158;22;2
org.apache.tomcat.util.buf.MessageBytes.hash();org.apache.tomcat.util.buf.CharChunk;0;0;7;0.9091;402;31;17;1;0;0.9811;393;39;8
org.apache.jasper.compiler.TextOptimizer.TextCatVisitor.visit(Node.TemplateText);org.apache.jasper.Options;3;0;6;0.6842;41;9;6;1;0;0.9730;28;28;0
org.apache.tomcat.util.net.NioSelectorPool.write(ByteBuffer, NioChannel, Selector, long, boolean, MutableInteger);org.apache.tomcat.util.net.NioBlockingSelector;2;0;2;0.9545;182;9;12;1;0;0.9091;111;4;4
org.apache.catalina.core.StandardServer.await();org.apache.juli.logging.Log;0;0;6;0.9057;331;32;21;3;0;0.8696;18;18;0
org.apache.catalina.ssi.ExpressionParseTree.CompareNode.compareBranches();org.apache.catalina.ssi.ExpressionParseTree.StringNode;0;0;0;1.0000;5;1;0;1;0;0.8750;13;3;2
org.apache.jasper.compiler.JspReader.popFile();org.apache.jasper.compiler.ErrorDispatcher;1;2;4;0.8421;322;25;9;1;0;0.9655;158;22;2
org.apache.el.parser.ELParser.jj_ntk();org.apache.el.parser.ELParserTokenManager;1;0;4;0.9701;2195;111;22;1;0;0.9800;1035;33;25
org.apache.catalina.valves.PersistentValve.invoke(Request, Response);org.apache.tomcat.util.res.StringManager;1;1;1;0.9655;76;3;2;0;0;1.0000;36;3;3
org.apache.jasper.compiler.Compiler.removeGeneratedClassFiles();org.apache.jasper.JspCompilationContext;0;0;2;0.9048;285;11;8;1;0;0.9846;420;31;31
org.apache.catalina.mbeans.ContextResourceMBean.setAttribute(Attribute);org.apache.catalina.deploy.ContextResource;2;0;0;1.0000;76;2;0;0;2;0.8571;35;3;2
org.apache.coyote.http11.Http11Protocol.init();org.apache.tomcat.util.net.ServerSocketFactory;3;1;10;0.9000;361;52;31;1;0;0.9615;23;8;2
org.apache.catalina.tribes.UniqueId.equals(Object);org.apache.catalina.tribes.util.Arrays;0;0;1;0.8000;32;3;1;1;0;1.0000;149;24;1
org.apache.tomcat.util.modeler.Registry.loadDescriptors(String, ClassLoader);org.apache.juli.logging.Log;0;1;2;0.9556;446;36;10;4;0;0.8000;18;18;0
org.apache.catalina.core.StandardPipeline.getValveObjectNames();org.apache.catalina.Valve;1;0;2;0.9200;234;16;8;1;0;0.8889;6;6;0
org.apache.jasper.JspC.processFile(String);org.apache.jasper.compiler.Localizer;1;2;11;0.8723;840;35;81;1;0;1.0000;34;6;1
org.apache.catalina.core.ApplicationContextFacade.addListener(Class<? extends EventListener>);org.apache.catalina.core.ApplicationContext;0;0;0;0;0;0;0;0;0;0;0;0;0
org.apache.catalina.mbeans.MemoryUserDatabaseMBean.removeUser(String);org.apache.catalina.UserDatabase;0;0;0;1.0000;168;12;6;2;0;0.8824;16;16;0
org.apache.coyote.ajp.AjpAprProcessor.action(ActionCode, Object);org.apache.coyote.RequestInfo;6;3;13;0.7636;616;13;30;0;0;1.0000;134;13;14
org.apache.jasper.JspC.generateWebMapping(String, JspCompilationContext);org.apache.jasper.JspCompilationContext;0;0;3;0.9762;840;35;81;2;0;0.9692;420;31;31
org.apache.catalina.valves.ExtendedAccessLogValve.createLogElements();org.apache.juli.logging.Log;0;1;1;0.9412;367;10;2;4;0;0.8261;18;18;0
org.apache.tomcat.util.http.mapper.Mapper.internalMapExtensionWrapper(Wrapper[], CharChunk, MappingData);org.apache.tomcat.util.buf.MessageBytes;2;1;0;1.0000;816;39;4;1;0;0.9808;402;31;17
org.apache.catalina.tribes.util.Arrays.sameMembers(Member[], Member[]);org.apache.catalina.tribes.group.AbsoluteOrder;0;1;0;1.0000;149;24;1;1;0;1.0000;7;1;1
org.apache.catalina.authenticator.SSLAuthenticator.authenticate(Request, HttpServletResponse, LoginConfig);org.apache.catalina.Globals;4;0;0;1.0000;37;4;1;0;1;1.0000;0;0;39
org.apache.catalina.mbeans.MBeanFactory.createAccessLoggerValve(String);org.apache.catalina.core.ContainerBase;1;1;0;0.9730;432;35;2;1;0;0.9890;603;62;29
org.apache.tomcat.util.net.jsse.JSSESupport.handShake();org.apache.juli.logging.Log;0;0;3;0.8824;131;8;4;4;0;0.8182;18;18;0
org.apache.catalina.mbeans.ServerLifecycleListener.destroyMBeans(Server);org.apache.catalina.Server;0;2;1;0.9459;569;32;2;2;0;0.9000;15;15;0
org.apache.tomcat.util.bcel.classfile.ConstantValue.toString();org.apache.tomcat.util.bcel.classfile.ConstantInteger;0;0;0;0;0;0;0;0;0;0;0;0;0
org.apache.tomcat.util.digester.Digester.peek();org.apache.juli.logging.Log;0;0;2;0.9851;849;103;29;1;0;0.9524;18;18;0
org.apache.catalina.session.ManagerBase.getSessionAttribute(String, String);org.apache.juli.logging.Log;0;0;2;0.9762;489;55;31;2;0;0.9048;18;18;0
org.apache.coyote.http11.Http11AprProtocol.setTcpNoDelay(boolean);org.apache.tomcat.util.net.AbstractEndpoint;0;0;0;0;0;0;0;0;0;0;0;0;0
org.apache.tomcat.util.http.fileupload.FileUploadBase.FileItemIteratorImpl.getContentLength(FileItemHeaders);org.apache.tomcat.util.http.fileupload.FileUploadBase;0;0;0;0;0;0;0;0;0;0;0;0;0
org.apache.catalina.deploy.WebXml.toXml();org.apache.catalina.deploy.JspPropertyGroup;0;0;0;0;0;0;0;0;0;0;0;0;0
org.apache.catalina.ha.session.DeltaManager.messageDataReceived(ClusterMessage);org.apache.catalina.ha.ClusterMessage;1;1;2;0.9639;826;43;42;1;0;0.9000;6;6;0
org.apache.catalina.valves.ExtendedAccessLogValve.getServerToClientElement(PatternTokenizer);org.apache.juli.logging.Log;0;0;1;1.0000;367;10;2;1;0;0.9565;18;18;0
org.apache.jasper.compiler.Generator.GenerateVisitor.generateJspFragment(Node, String);org.apache.jasper.compiler.ServletWriter;3;0;7;0.8971;1737;45;16;1;0;0.9677;65;13;6
org.apache.coyote.http11.AbstractHttp11Protocol.resume();org.apache.tomcat.util.res.StringManager;0;0;0;0;0;0;0;0;0;0;0;0;0
org.apache.jasper.compiler.ScriptingVarVisitor.visit(Node.CustomTag);org.apache.jasper.compiler.Generator;3;0;0;1.0000;46;1;1;0;1;0.9778;781;28;16
org.apache.coyote.http11.AbstractOutputBuffer.endRequest();org.apache.coyote.Response;0;0;0;0;0;0;0;0;0;0;0;0;0
org.apache.catalina.tribes.group.RpcChannel.messageReceived(Serializable, Member);org.apache.catalina.tribes.group.RpcCallback;1;0;4;0.8421;98;6;9;2;0;0.8462;2;2;0
org.apache.jasper.compiler.Generator.FragmentHelperClass.closeFragment(Fragment, int);org.apache.jasper.compiler.Generator.GenBuffer;1;0;0;1.0000;132;6;4;0;1;0.9091;47;3;4
org.apache.tomcat.util.digester.FactoryCreateRule.getFactory(Attributes);org.apache.tomcat.util.digester.Digester;2;0;3;0.8846;114;5;5;1;2;0.9786;849;103;29
org.apache.coyote.http11.Http11AprProcessor.prepareRequest();org.apache.coyote.Adapter;7;3;13;0.8182;938;28;36;0;0;1.0000;2;2;0
org.apache.jasper.compiler.Validator.ValidateVisitor.visit(Node.IncludeAction);org.apache.jasper.compiler.Node;1;1;2;0.9545;710;36;19;1;0;0.9677;170;7;15
org.apache.jasper.compiler.Compiler.setupContextWriter(String);org.apache.jasper.JspCompilationContext;1;0;2;0.9091;285;11;8;0;2;0.9692;420;31;31
org.apache.tomcat.util.bcel.classfile.Utility.methodSignatureToString(String, String, String, boolean, LocalVariableTable);org.apache.tomcat.util.bcel.classfile.LocalVariableTable;0;0;0;0;0;0;0;0;0;0;0;0;0
org.apache.jasper.compiler.Generator.GenerateVisitor.generateNamedAttributeValue(Node.NamedAttribute);org.apache.jasper.compiler.Node;1;0;1;0.9851;1737;45;16;0;2;0.9394;170;7;15
org.apache.coyote.http11.Http11NioProcessor.prepareResponse();org.apache.coyote.http11.AbstractOutputBuffer;0;0;0;0;0;0;0;0;0;0;0;0;0
org.apache.jasper.compiler.Generator.GenerateVisitor.syncScriptingVars(Node.CustomTag, int);org.apache.jasper.compiler.Node.CustomTag;1;0;1;0.9848;1737;45;16;1;2;0.9318;229;10;26
org.apache.jasper.JspCompilationContext.createCompiler();org.apache.jasper.compiler.Localizer;0;1;3;0.9365;420;31;31;1;0;1.0000;34;6;1
org.apache.tomcat.util.digester.SetRootRule.end(String, String);org.apache.juli.logging.Log;1;0;2;0.8750;41;2;3;2;0;0.9231;18;18;0
org.apache.catalina.mbeans.MBeanFactory.createWebappLoader(String);org.apache.catalina.core.ContainerBase;0;1;0;0.9722;432;35;2;1;0;0.9889;603;62;29
org.apache.catalina.startup.Bootstrap.main(String);org.apache.juli.logging.Log;0;6;2;0.7143;240;19;8;1;0;0.9583;18;18;0
org.apache.catalina.core.ContainerBase.logAccess(Request, Response, long, boolean);org.apache.catalina.Container;0;0;0;0;0;0;0;0;0;0;0;0;0
org.apache.naming.resources.FileDirContext.rebind(String, Object, Attributes);org.apache.naming.resources.Resource;0;0;2;0.9697;229;25;6;1;0;0.8889;23;1;2
org.apache.catalina.connector.CoyoteAdapter.log(org.apache.coyote.Request, org.apache.coyote.Response, long);org.apache.tomcat.util.http.Parameters;0;0;0;0;0;0;0;0;0;0;0;0;0
org.apache.catalina.util.LifecycleBase.fireLifecycleEvent(String, Object);org.apache.catalina.util.LifecycleSupport;0;0;0;0;0;0;0;0;0;0;0;0;0
org.apache.catalina.session.PersistentManagerBase.PrivilegedStoreSave.run();org.apache.catalina.session.PersistentManagerBase;1;0;1;0.6667;7;1;1;0;1;0.9778;420;33;13
org.apache.catalina.core.StandardContext.addMessageDestinationRef(MessageDestinationRef);org.apache.catalina.deploy.NamingResources;0;0;1;0.9968;2385;204;107;1;0;0.9804;332;35;12
org.apache.catalina.core.ContainerBase.addChildInternal(Container);org.apache.juli.logging.Log;1;1;4;0.9574;603;62;29;3;0;0.8800;18;18;0
org.apache.catalina.loader.WebappLoader.copyDir(DirContext, File);org.apache.naming.resources.Resource;0;2;0;0.9821;548;39;19;1;0;0.8571;23;1;2
org.apache.catalina.realm.RealmBase.authenticate(X509Certificate);org.apache.juli.logging.Log;0;1;2;0.9655;688;39;24;3;0;0.8500;18;18;0
org.apache.catalina.manager.ManagerServlet.undeploy(PrintWriter, String);org.apache.catalina.util.RequestUtil;1;9;4;0.7333;913;34;13;1;0;1.0000;183;13;1
org.apache.coyote.http11.Http11AprProtocol.getSSLCertificateKeyFile();org.apache.tomcat.util.net.AprEndpoint;1;0;1;0.9901;387;76;26;0;1;0.9875;629;27;59
org.apache.jasper.xmlparser.UTF8Reader.invalidByte(int, int);org.apache.jasper.compiler.Localizer;0;0;0;1.0000;356;11;7;1;0;1.0000;34;6;1
org.apache.jasper.JspC.locateUriRoot(File);org.apache.juli.logging.Log;0;0;3;0.9756;840;35;81;2;0;0.9000;18;18;0
org.apache.catalina.tribes.tipis.LazyReplicatedMap.publishEntryInfo(Object, Object);org.apache.catalina.tribes.ChannelException;1;0;1;1.0000;54;2;1;1;0;0.9565;46;5;2
org.apache.tomcat.util.modeler.modules.MbeansSource.updateField(ObjectName, String, Object);org.apache.juli.logging.Log;2;0;3;0.8947;198;11;10;1;0;0.9500;18;18;0
org.apache.catalina.mbeans.MemoryUserDatabaseMBean.findRole(String);org.apache.catalina.mbeans.MBeanUtils;0;0;1;0.9524;168;12;6;1;0;1.0000;853;61;5
org.apache.catalina.connector.Request.parseParts();org.apache.catalina.Wrapper;0;0;0;0;0;0;0;0;0;0;0;0;0
org.apache.catalina.authenticator.FormAuthenticator.forwardToLoginPage(Request, HttpServletResponse, LoginConfig);org.apache.juli.logging.Log;0;0;0;0;0;0;0;0;0;0;0;0;0
org.apache.catalina.core.ApplicationContext.getServletContextName();org.apache.catalina.core.StandardContext;0;0;1;0.9821;460;47;13;1;0;0.9968;2385;204;107
org.apache.tomcat.util.bcel.classfile.Field.hashCode();org.apache.tomcat.util.bcel.util.BCELComparator;0;0;0;0;0;0;0;0;0;0;0;0;0
org.apache.catalina.core.StandardWrapper.loadServlet();org.apache.juli.logging.Log;6;3;15;0.8729;712;75;32;2;0;0.9583;18;18;0
org.apache.jasper.compiler.JspConfig.processWebDotXml();org.apache.jasper.compiler.Localizer;0;0;0;0;0;0;0;0;0;0;0;0;0
org.apache.tomcat.util.net.AprEndpoint.init();org.apache.tomcat.jni.Sockaddr;7;0;29;0.6456;629;27;59;0;1;0.9706;0;0;6
org.apache.catalina.ssi.SSIProcessor.process(Reader, long, PrintWriter);org.apache.catalina.ssi.SSIExternalResolver;2;4;5;0.5882;202;9;6;1;0;0.9474;8;8;0
org.apache.catalina.users.MemoryUserCreationFactory.createObject(Attributes);org.apache.catalina.User;1;0;1;0.9000;66;2;2;2;0;0.9130;17;17;0
org.apache.jasper.compiler.Parser.parseNamedAttributes(Node);org.apache.jasper.compiler.ErrorDispatcher;3;3;2;0.9315;1203;56;14;1;0;0.9706;158;22;2
org.apache.tomcat.util.bcel.classfile.Deprecated.toString();org.apache.tomcat.util.bcel.Constants;0;0;0;0;0;0;0;0;0;0;0;0;0
org.apache.tomcat.util.IntrospectionUtils.setProperty(Object, String);org.apache.juli.logging.Log;0;3;1;1.0000;602;31;5;0;0;1.0000;18;18;0
org.apache.naming.resources.ProxyDirContext.cacheLoad(CacheEntry);org.apache.naming.resources.Resource;2;0;4;0.9556;469;64;15;1;1;0.9048;23;1;2
org.apache.catalina.loader.WebappClassLoader.setResources(DirContext);org.apache.naming.resources.ProxyDirContext;0;0;1;0.9857;1193;44;30;0;0;1.0000;469;64;15
org.apache.catalina.tribes.transport.bio.util.FastQueue.remove();org.apache.juli.logging.Log;0;0;9;0.7419;172;11;14;5;0;0.8214;18;18;0
org.apache.jasper.compiler.TagLibraryInfoImpl.createVariable(TreeNode);org.apache.jasper.compiler.JspUtil;0;0;1;0.9600;523;14;6;1;0;1.0000;693;44;8
org.apache.catalina.core.ApplicationFilterFactory.matchFiltersURL(FilterMap, String);org.apache.catalina.deploy.FilterMap;1;1;0;0.8571;183;6;11;1;1;0.8667;174;8;22
org.apache.tomcat.util.net.JIoEndpoint.destroy();org.apache.tomcat.util.res.StringManager;0;1;5;0.8889;312;23;26;1;0;0.9091;36;3;3
org.apache.catalina.core.StandardContext.resourcesStop();org.apache.catalina.Lifecycle;1;2;3;0.9873;2385;204;107;1;0;0.9286;5;5;9
org.apache.catalina.startup.SetDistributableRule.begin(String, String, Attributes);org.apache.tomcat.util.digester.Digester;1;0;0;1.0000;9;1;0;1;1;0.9854;849;103;29
org.apache.catalina.mbeans.MBeanUtils.destroyMBean(User);org.apache.tomcat.util.modeler.Registry;0;2;2;1.0000;853;61;5;1;0;0.9767;446;36;10
org.apache.catalina.core.NamingContextListener.lifecycleEvent(LifecycleEvent);org.apache.catalina.Server;3;2;9;0.7857;745;23;11;1;0;0.9706;15;15;0
org.apache.catalina.session.StandardSession.readObject(ObjectInputStream);org.apache.catalina.Container;0;0;14;0.8375;558;58;26;1;0;0.9800;34;34;6
org.apache.coyote.ajp.AjpAprProcessor.action(ActionCode, Object);org.apache.coyote.Response;6;3;13;0.7636;616;13;30;0;1;0.9848;250;19;18
org.apache.catalina.realm.DataSourceRealm.getPassword(Connection, String);org.apache.juli.logging.Log;1;1;1;0.9583;244;14;12;1;0;0.9500;18;18;0
org.apache.jasper.compiler.Dumper.DumpVisitor.visit(Node.ELExpression);org.apache.jasper.compiler.Node;1;1;0;0.9643;122;27;1;0;1;0.9643;170;7;15
org.apache.catalina.startup.ContextConfig.processAnnotationsFile(File, WebXml);org.apache.tomcat.util.ExceptionUtils;0;0;0;0;0;0;0;0;0;0;0;0;0
org.apache.catalina.startup.Tomcat.getServer();org.apache.catalina.Server;2;1;2;0.9167;218;21;14;0;0;1.0000;15;15;0
org.apache.coyote.ajp.AjpProcessor.SocketOutputBuffer.doWrite(ByteChunk, Response);org.apache.coyote.ajp.Constants;5;0;0;1.0000;27;1;0;0;3;1.0000;5;1;105
org.apache.catalina.authenticator.FormAuthenticator.matchRequest(Request);org.apache.catalina.connector.Request;1;0;0;1.0000;232;8;3;2;0;0.9886;1084;128;51
org.apache.catalina.realm.RealmBase.authenticate(String, String);org.apache.juli.logging.Log;1;4;2;0.9123;688;39;24;2;0;0.9130;18;18;0
org.apache.catalina.tribes.transport.nio.ParallelNioSender.close();org.apache.catalina.tribes.transport.nio.NioSender;0;0;1;0.9412;246;12;4;1;0;0.9600;255;12;11
org.apache.catalina.core.NamingContextListener.createObjectName(ContextResource);org.apache.catalina.Host;1;0;1;0.9737;745;23;11;1;0;0.9630;20;20;2
org.apache.tomcat.util.net.AprEndpoint.Poller.run();org.apache.tomcat.util.net.SocketProperties;4;2;6;0.5789;168;4;7;0;0;1.0000;156;28;22
org.apache.catalina.authenticator.SingleSignOnEntry.updateCredentials(Principal, String, String, String);org.apache.catalina.authenticator.Constants;1;0;5;0.6875;49;9;6;0;2;1.0000;0;0;19
org.apache.catalina.startup.ContextConfig.processAnnotationsStream(InputStream, WebXml);org.apache.tomcat.util.bcel.classfile.AnnotationEntry;0;0;0;0;0;0;0;0;0;0;0;0;0
org.apache.catalina.loader.WebappClassLoader.addJar(String, JarFile, File);org.apache.naming.resources.ResourceAttributes;0;1;8;0.8889;1193;44;30;1;0;0.9811;516;30;30
org.apache.catalina.connector.Request.getRequestPathMB();org.apache.tomcat.util.http.mapper.MappingData;1;0;1;0.9942;1084;128;51;0;1;0.9091;11;1;9
org.apache.catalina.startup.ContextConfig.configureStart();org.apache.juli.logging.Log;0;0;0;0;0;0;0;0;0;0;0;0;0
org.apache.jasper.tagplugins.jstl.core.Import.doTag(TagPluginContext);org.apache.jasper.tagplugins.jstl.Util;0;0;0;1.0000;243;1;0;1;0;1.0000;110;6;4
org.apache.catalina.tribes.util.Arrays.diff(Membership, Membership, MemberImpl);org.apache.catalina.tribes.membership.Membership;0;0;0;1.0000;149;24;1;2;0;0.9048;136;11;6
org.apache.catalina.connector.Response.resetBuffer(boolean);org.apache.tomcat.util.res.StringManager;1;1;5;0.9432;578;70;19;0;0;1.0000;36;3;3
org.apache.jasper.compiler.Validator.ValidateVisitor.visit(Node.ELExpression);org.apache.jasper.compiler.Node.ELExpression;4;1;3;0.9130;710;36;19;0;1;0.9167;16;1;2
org.apache.catalina.tribes.membership.MemberImpl.getData(boolean, boolean);org.apache.catalina.tribes.io.XByteBuffer;0;1;12;0.7105;300;29;19;2;0;1.0000;317;36;7
org.apache.catalina.startup.ContextConfig.processAnnotationsJar(URL, WebXml);org.apache.tomcat.util.ExceptionUtils;0;0;0;0;0;0;0;0;0;0;0;0;0
org.apache.catalina.core.ApplicationContextFacade.log(String);org.apache.catalina.security.SecurityUtil;0;1;1;0.9600;426;46;3;1;0;1.0000;146;11;17
org.apache.catalina.ha.session.DeltaManager.stopInternal();org.apache.catalina.Cluster;0;0;0;0;0;0;0;0;0;0;0;0;0
org.apache.catalina.manager.util.SessionUtils.getUsedTimeForSession(Session);org.apache.catalina.Session;0;0;0;1.0000;158;6;5;2;0;0.9375;32;32;4
org.apache.jasper.servlet.JspCServletContext.getResource(String);org.apache.jasper.util.ExceptionUtils;0;0;0;0;0;0;0;0;0;0;0;0;0
org.apache.catalina.deploy.SecurityConstraint.toString();org.apache.catalina.deploy.SecurityCollection;0;0;1;0.9565;146;16;6;1;0;0.9474;105;11;4
org.apache.catalina.tribes.io.ChannelData.getDataFromPackage(XByteBuffer);org.apache.catalina.tribes.io.XByteBuffer;1;0;5;0.7368;165;14;7;3;1;0.9310;317;36;7
org.apache.coyote.http11.AbstractHttp11Protocol.destroy();org.apache.tomcat.util.net.AbstractEndpoint;0;0;0;0;0;0;0;0;0;0;0;0;0
org.apache.catalina.tribes.group.interceptors.NonBlockingCoordinator.handleOtherToken(MemberImpl, CoordinationMessage, Member, Membership);org.apache.catalina.tribes.membership.MemberImpl;0;1;0;0.9808;352;38;14;1;0;0.9767;300;29;19
org.apache.catalina.core.StandardPipeline.removeValve(Valve);org.apache.catalina.Container;0;1;4;0.8571;234;16;8;0;0;1.0000;34;34;6
org.apache.tomcat.util.bcel.classfile.StackMapType.printIndex();org.apache.tomcat.util.bcel.Constants;0;0;0;0;0;0;0;0;0;0;0;0;0
org.apache.coyote.http11.filters.IdentityOutputFilter.doWrite(ByteChunk, Response);org.apache.coyote.OutputBuffer;1;0;3;0.7500;50;4;5;1;0;0.8889;1;1;0
org.apache.tomcat.util.digester.SetNextRule.end(String, String);org.apache.tomcat.util.IntrospectionUtils;1;0;2;0.8667;41;2;3;1;0;1.0000;602;31;5
org.apache.tomcat.util.net.AprEndpoint.SocketProcessor.run();org.apache.tomcat.util.net.AbstractEndpoint.Handler;0;0;0;0;0;0;0;0;0;0;0;0;0
org.apache.catalina.manager.ManagerServlet.stop(PrintWriter, String);org.apache.catalina.Context;1;0;4;0.9348;913;34;13;1;0;0.9923;125;125;1
org.apache.catalina.ha.session.DeltaManager.stopInternal();org.apache.juli.logging.Log;0;0;0;0;0;0;0;0;0;0;0;0;0
org.apache.catalina.core.StandardPipeline.removeValve(Valve);org.apache.catalina.Contained;0;1;4;0.8571;234;16;8;1;0;0.9000;2;2;0
org.apache.catalina.manager.HTMLManagerServlet.getSessionForPathAndId(String, String);org.apache.catalina.Container;1;0;0;1.0000;601;22;14;2;0;0.9444;34;34;6
org.apache.catalina.startup.EngineConfig.start();org.apache.juli.logging.Log;1;0;2;0.8333;17;3;3;2;0;0.9000;18;18;0
org.apache.jasper.runtime.TagHandlerPool.init(ServletConfig);org.apache.jasper.runtime.InstanceManagerFactory;1;1;4;0.6667;98;6;6;1;0;1.0000;9;1;0
org.apache.catalina.mbeans.MBeanFactory.createStandardHost(String, String, String, boolean, boolean, boolean, boolean);org.apache.catalina.util.LifecycleBase;0;0;0;0;0;0;0;0;0;0;0;0;0
org.apache.coyote.ajp.AjpAprProcessor.SocketInputBuffer.doRead(ByteChunk, Request);org.apache.tomcat.util.buf.ByteChunk;3;0;0;1.0000;19;1;0;2;2;0.9273;425;43;10
org.apache.catalina.connector.MapperListener.registerWrapper(Wrapper);org.apache.catalina.Container;0;0;0;0;0;0;0;0;0;0;0;0;0
org.apache.jasper.compiler.Node.Nodes.visit(Visitor);org.apache.jasper.compiler.Node;0;0;1;0.9000;43;5;3;1;0;0.9643;170;7;15
org.apache.coyote.ajp.AjpProcessor.prepareResponse();org.apache.tomcat.util.buf.MessageBytes;5;0;4;0.9333;570;12;32;3;0;0.9538;402;31;17
org.apache.coyote.http11.AbstractHttp11Protocol.setMaxKeepAliveRequests(int);org.apache.tomcat.util.net.AbstractEndpoint;0;0;0;0;0;0;0;0;0;0;0;0;0
org.apache.catalina.valves.ExtendedAccessLogValve.getProxyElement(PatternTokenizer);org.apache.juli.logging.Log;0;0;1;1.0000;367;10;2;1;0;0.9545;18;18;0
org.apache.catalina.users.MemoryUserDatabase.removeRole(Role);org.apache.catalina.Role;0;2;1;0.9118;252;22;10;1;0;0.9000;5;5;0
org.apache.catalina.servlets.WebdavServlet.LockInfo.toString();org.apache.tomcat.util.http.FastHttpDateFormat;0;0;6;0.5000;53;4;8;1;0;1.0000;85;6;8
org.apache.tomcat.util.net.AbstractEndpoint.setMinSpareThreads(int);org.apache.tomcat.util.threads.ResizableExecutor;0;0;0;0;0;0;0;0;0;0;0;0;0
org.apache.catalina.mbeans.GlobalResourcesLifecycleListener.createMBeans(String, UserDatabase);org.apache.juli.logging.Log;0;0;1;1.0000;103;5;3;2;0;0.9048;18;18;0
org.apache.catalina.realm.JAASRealm.parseClassNames(String, List<String>);org.apache.juli.logging.Log;0;0;2;0.9524;195;15;10;1;0;0.9474;18;18;0
org.apache.coyote.http11.Http11NioProcessor.event(SocketStatus);org.apache.coyote.RequestInfo;6;1;10;0.8816;954;28;38;0;1;0.9787;134;13;14
org.apache.catalina.session.StandardSession.removeAttributeInternal(String, boolean);org.apache.juli.logging.Log;1;2;3;0.9500;558;58;26;1;0;0.9600;18;18;0
org.apache.catalina.connector.RequestFacade.getParameter(String);org.apache.catalina.connector.Request;2;0;2;0.9865;462;73;2;1;0;0.9943;1084;128;51
org.apache.tomcat.util.modeler.modules.MbeansSource.stop();org.apache.tomcat.util.modeler.Registry;0;0;2;0.8947;198;11;10;1;0;0.9773;446;36;10
org.apache.tomcat.util.net.AprEndpoint.Poller.run();org.apache.tomcat.jni.Socket;4;2;6;0.5789;168;4;7;1;0;1.0000;37;37;34
org.apache.catalina.core.ApplicationContext.getRequestDispatcher(String);org.apache.catalina.core.StandardContext;3;1;3;0.9565;460;47;13;2;0;0.9938;2385;204;107
org.apache.el.parser.AstValue.getValue(EvaluationContext);org.apache.el.parser.Node;0;0;0;1.0000;103;8;1;1;0;0.9474;15;15;0
org.apache.catalina.connector.InputBuffer.realReadChars(char, int, int);org.apache.tomcat.util.buf.ByteChunk;3;1;7;0.8140;210;19;17;3;1;0.9333;425;43;10
org.apache.catalina.loader.WebappClassLoader.addRepository(String, File);org.apache.juli.logging.Log;0;0;3;0.9718;1193;44;30;2;0;0.9000;18;18;0
org.apache.catalina.connector.CoyoteAdapter.service(org.apache.coyote.Request, org.apache.coyote.Response);org.apache.catalina.Valve;8;0;4;0.9524;505;11;8;1;0;0.9744;6;6;0
org.apache.catalina.connector.ResponseFacade.setContentLength(int);org.apache.catalina.connector.Response;0;1;1;0.9512;224;40;2;1;0;0.9889;578;70;19
org.apache.coyote.http11.Http11Protocol.Http11ConnectionHandler.unregister(Http11Processor);org.apache.coyote.Request;4;0;1;0.9375;91;4;4;0;1;0.9836;219;17;34
org.apache.el.parser.ELParser.Identifier();org.apache.el.parser.ELParserTreeConstants;4;1;1;0.9854;2195;111;22;0;1;0.9756;0;0;34
org.apache.jasper.compiler.SmapUtil.SDEInstaller.addSDE();org.apache.juli.logging.Log;0;9;3;0.5385;227;21;8;2;0;0.9333;18;18;0
org.apache.jasper.compiler.Validator.ValidateVisitor.visit(Node.UseBean);org.apache.jasper.compiler.Node;3;1;3;0.9388;710;36;19;2;0;0.9444;170;7;15
org.apache.coyote.http11.AbstractHttp11Processor.addRestrictedUserAgent(String);org.apache.juli.logging.Log;0;0;0;0;0;0;0;0;0;0;0;0;0
org.apache.jasper.compiler.Dumper.DumpVisitor.visit(Node.ParamAction);org.apache.jasper.compiler.Node;1;3;0;0.8929;122;27;1;0;1;0.9667;170;7;15
org.apache.catalina.tribes.transport.PooledSender.SenderQueue.close();org.apache.catalina.tribes.transport.DataSender;0;0;3;0.7692;87;7;5;1;0;0.9286;11;11;0
org.apache.jasper.compiler.Generator.generateXmlProlog(Node.Nodes);org.apache.jasper.compiler.PageInfo;4;0;3;0.9388;781;28;16;0;6;0.9294;319;30;44
org.apache.jasper.xmlparser.XMLEncodingDetector.scanPseudoAttribute(boolean, XMLString);org.apache.jasper.xmlparser.XMLStringBuffer;0;8;2;0.8039;798;23;29;3;0;0.8696;61;5;1
org.apache.catalina.session.PersistentManagerBase.processExpires();org.apache.catalina.Session;0;3;2;0.9167;420;33;13;1;0;0.9756;32;32;4
org.apache.jasper.xmlparser.XMLEncodingDetector.scanXMLDecl();org.apache.jasper.xmlparser.XMLChar;1;5;4;0.8302;798;23;29;1;0;1.0000;115;21;9
org.apache.catalina.core.ApplicationJspPropertyGroupDescriptor.getTrimDirectiveWhitespaces();org.apache.catalina.deploy.JspPropertyGroup;0;0;0;0;0;0;0;0;0;0;0;0;0
org.apache.catalina.deploy.WebXml.addFilterMapping(FilterMap);org.apache.catalina.deploy.FilterMap;0;0;1;0.9851;1446;42;41;0;0;1.0000;174;8;22
org.apache.catalina.mbeans.MBeanUtils.createObjectName(String, ContextResourceLink);org.apache.catalina.deploy.NamingResources;1;0;0;1.0000;853;61;5;0;1;0.9811;332;35;12
org.apache.catalina.mbeans.UserMBean.getGroups();org.apache.catalina.User;0;0;1;0.9167;85;6;3;1;0;0.9500;17;17;0
org.apache.catalina.startup.HostConfig.deployDescriptor(String, File, String);org.apache.catalina.Container;1;3;6;0.9048;755;35;15;3;0;0.9455;34;34;6
org.apache.catalina.core.StandardContext.createWrapper();org.apache.catalina.Lifecycle;0;0;8;0.9776;2385;204;107;1;0;0.9333;5;5;9
org.apache.coyote.ajp.AjpProcessor.parseHost(MessageBytes);org.apache.tomcat.util.buf.HexUtils;5;0;4;0.9245;570;12;32;0;1;1.0000;50;5;3
org.apache.coyote.http11.Http11AprProtocol.setUseSendfile(boolean);org.apache.tomcat.util.net.AprEndpoint;1;0;1;0.9901;387;76;26;0;1;0.9875;629;27;59
org.apache.tomcat.util.digester.SetTopRule.end(String, String);org.apache.tomcat.util.digester.Digester;1;0;2;0.8667;41;2;3;2;2;0.9710;849;103;29
org.apache.jasper.compiler.SmapUtil.SmapGenVisitor.doSmap(Node, int, int, int);org.apache.jasper.compiler.Node;2;0;1;0.9688;149;23;3;0;2;0.9375;170;7;15
org.apache.coyote.http11.Http11AprProcessor.action(ActionCode, Object);org.apache.tomcat.jni.Sockaddr;9;1;18;0.8068;938;28;36;0;1;0.9792;0;0;6
org.apache.catalina.core.StandardWrapper.getServletContext();org.apache.catalina.Context;0;0;0;1.0000;712;75;32;1;0;0.9921;125;125;1
org.apache.catalina.startup.HostConfig.deploymentExists(String);org.apache.catalina.Container;0;0;2;0.9565;755;35;15;1;0;0.9722;34;34;6
org.apache.catalina.connector.Connector.getDomainInternal();org.apache.catalina.mbeans.MBeanUtils;0;0;0;0;0;0;0;0;0;0;0;0;0
org.apache.tomcat.util.net.AbstractEndpoint.setTcpNoDelay(boolean);org.apache.tomcat.util.net.SocketProperties;0;0;0;0;0;0;0;0;0;0;0;0;0
org.apache.catalina.core.StandardHost.setName(String);org.apache.tomcat.util.res.StringManager;1;0;0;1.0000;289;35;18;0;0;1.0000;36;3;3
org.apache.catalina.ha.tcp.SimpleTcpCluster.messageReceived(ClusterMessage);org.apache.juli.logging.Log;0;0;5;0.9583;371;45;31;2;0;0.9259;18;18;0
org.apache.coyote.http11.Http11Processor.prepareRequest();org.apache.coyote.Adapter;6;3;13;0.8391;847;26;37;0;0;1.0000;2;2;0
org.apache.coyote.http11.InternalAprOutputBuffer.setSocket(long);org.apache.tomcat.jni.Socket;0;0;2;0.9459;235;24;13;1;0;1.0000;37;37;34
org.apache.catalina.manager.JspHelper.getDisplayInactiveTimeForSession(Session);org.apache.catalina.manager.util.SessionUtils;0;1;0;1.0000;113;12;3;1;0;1.0000;158;6;5
org.apache.el.parser.ELParser.LiteralExpression();org.apache.el.parser.Token;3;1;1;0.9854;2195;111;22;0;1;0.9474;24;3;8
org.apache.catalina.ha.session.DeltaManager.startInternal();org.apache.juli.logging.Log;0;0;0;0;0;0;0;0;0;0;0;0;0
org.apache.catalina.deploy.NamingResources.addEnvironment(ContextEnvironment);org.apache.catalina.deploy.ResourceBase;2;4;3;0.8679;332;35;12;0;0;1.0000;43;9;6
org.apache.catalina.connector.CoyoteAdapter.service(org.apache.coyote.Request, org.apache.coyote.Response);org.apache.catalina.connector.Response;8;0;4;0.9524;505;11;8;5;1;0.9483;578;70;19
org.apache.catalina.deploy.WebXml.orderWebFragments(WebXml, Map<String,WebXml>);org.apache.juli.logging.Log;0;0;6;0.9420;1446;42;41;0;0;1.0000;18;18;0
org.apache.naming.SelectorContext.list(String);org.apache.juli.logging.Log;0;2;0;0.9412;146;31;6;0;0;1.0000;18;18;0
org.apache.catalina.valves.ExtendedAccessLogValve.getClientToServerElement(PatternTokenizer);org.apache.juli.logging.Log;0;0;1;1.0000;367;10;2;1;0;0.9565;18;18;0
org.apache.catalina.ha.tcp.SimpleTcpCluster.memberDisappeared(Member);org.apache.juli.logging.Log;0;0;6;0.9565;371;45;31;3;0;0.8696;18;18;0
org.apache.catalina.connector.RequestFacade.isRequestedSessionIdFromUrl();org.apache.catalina.connector.Request;1;0;2;0.9865;462;73;2;1;0;0.9943;1084;128;51
org.apache.catalina.mbeans.MBeanUtils.createObjectName(String, Manager);org.apache.catalina.Container;0;0;0;1.0000;853;61;5;2;0;0.9459;34;34;6
org.apache.catalina.ha.session.SimpleTcpReplicationManager.messageReceived(SessionMessage, Member);org.apache.catalina.session.StandardSession;1;2;4;0.9000;362;17;17;1;0;0.9898;558;58;26
org.apache.jasper.compiler.Generator.GenerateVisitor.generateCustomDoTag(Node.CustomTag, TagHandlerInfo, String);org.apache.jasper.compiler.Node.CustomTag;5;4;3;0.9028;1737;45;16;1;1;0.9649;229;10;26
org.apache.jasper.compiler.Validator.validateExDirectives(Compiler, Node.Nodes);org.apache.jasper.compiler.Node.Nodes;4;1;0;1.0000;65;3;0;1;1;0.8667;43;5;3
org.apache.catalina.startup.CallMethodMultiRule.end(String, String);org.apache.tomcat.util.IntrospectionUtils;1;0;1;0.9091;59;1;1;1;0;1.0000;602;31;5
org.apache.jasper.compiler.TagFileProcessor.TagFileDirectiveVisitor.visit(Node.AttributeDirective);org.apache.jasper.compiler.Node;0;1;6;0.8148;213;8;24;1;0;0.9706;170;7;15
org.apache.coyote.http11.Http11AprProcessor.event(SocketStatus);org.apache.coyote.RequestInfo;4;1;9;0.8857;938;28;36;0;1;0.9762;134;13;14
org.apache.coyote.http11.Http11Processor.process(SocketWrapper<Socket>);org.apache.coyote.Request;0;0;0;0;0;0;0;0;0;0;0;0;0
org.apache.catalina.ha.authenticator.ClusterSingleSignOn.register(String, Principal, String, String, String);org.apache.catalina.ha.CatalinaCluster;1;1;2;0.8889;149;16;4;2;0;0.9355;20;20;1
org.apache.jasper.compiler.Generator.GenerateVisitor.restoreScriptingVars(Node.CustomTag, int);org.apache.jasper.compiler.Node.CustomTag;1;0;1;0.9853;1737;45;16;2;3;0.8864;229;10;26
org.apache.catalina.core.StandardService.initInternal();org.apache.catalina.Lifecycle;0;0;0;0;0;0;0;0;0;0;0;0;0
org.apache.catalina.startup.EngineConfig.stop();org.apache.tomcat.util.res.StringManager;1;0;2;0.8333;17;3;3;0;0;1.0000;36;3;3
org.apache.jasper.compiler.PageDataImpl.SecondPassVisitor.appendTag(Node, boolean);org.apache.jasper.JspCompilationContext;4;4;4;0.8519;307;41;6;0;1;0.9867;420;31;31
org.apache.jasper.compiler.Generator.GenerateVisitor.visit(Node.UseBean);org.apache.jasper.JspCompilationContext;7;0;1;0.9877;1737;45;16;1;1;0.9753;420;31;31
org.apache.catalina.session.PersistentManagerBase.swapIn(String);org.apache.catalina.security.SecurityUtil;1;1;2;0.9623;420;33;13;1;0;1.0000;146;11;17
org.apache.el.parser.ELParser.ReInit(ELParserTokenManager);org.apache.el.parser.JJTELParserState;0;0;7;0.9470;2195;111;22;1;0;0.9565;74;10;5
org.apache.coyote.http11.AbstractOutputBuffer.reset();org.apache.coyote.Response;0;0;0;0;0;0;0;0;0;0;0;0;0
org.apache.catalina.connector.RequestFacade.getContextPath();org.apache.tomcat.util.res.StringManager;1;0;2;0.9865;462;73;2;0;0;1.0000;36;3;3
org.apache.jasper.compiler.Parser.processIncludeDirective(String, Node);org.apache.jasper.compiler.ParserController;0;0;4;0.9403;1203;56;14;1;0;0.9688;284;13;13
org.apache.catalina.connector.Connector.getProperty(String);org.apache.tomcat.util.IntrospectionUtils;0;0;2;0.9890;455;59;40;1;0;1.0000;602;31;5
org.apache.catalina.startup.SetDistributableRule.begin(String, String, Attributes);org.apache.catalina.deploy.WebXml;1;0;0;1.0000;9;1;0;0;0;1.0000;1446;42;41
org.apache.catalina.valves.ExtendedAccessLogValve.SessionAttributeElement.addElement(StringBuilder, Date, Request, Response, long);org.apache.catalina.connector.Request;0;0;1;0.6667;10;1;1;1;0;0.9943;1084;128;51
org.apache.jasper.compiler.JspReader.parseToken(boolean);org.apache.jasper.compiler.ErrorDispatcher;0;6;1;0.8056;322;25;9;1;0;0.9643;158;22;2
org.apache.catalina.connector.InputBuffer.readByte();org.apache.tomcat.util.res.StringManager;1;0;3;0.9429;210;19;17;0;0;1.0000;36;3;3
org.apache.tomcat.util.http.fileupload.DiskFileItem.readObject(ObjectInputStream);org.apache.tomcat.util.http.fileupload.IOUtils;0;0;0;0;0;0;0;0;0;0;0;0;0
org.apache.catalina.tribes.group.interceptors.MessageDispatchInterceptor.sendMessage(Member[], ChannelMessage, InterceptorPayload);org.apache.catalina.tribes.io.XByteBuffer;2;2;5;0.7083;138;12;8;0;1;0.9714;317;36;7
org.apache.catalina.session.StandardSession.setId(String);org.apache.catalina.Manager;0;1;2;0.9615;558;58;26;2;0;0.9459;34;34;0
org.apache.catalina.tribes.transport.bio.MultipointBioSender.setupForSend(Member[]);org.apache.catalina.tribes.transport.bio.BioSender;0;0;1;0.9375;93;9;2;1;0;0.9474;148;9;7
org.apache.catalina.connector.CoyoteAdapter.parseSessionCookiesId(org.apache.coyote.Request, Request);org.apache.catalina.core.ApplicationSessionCookieConfig;0;0;0;0;0;0;0;0;0;0;0;0;0
org.apache.coyote.http11.AbstractHttp11Protocol.setAddress(InetAddress);org.apache.tomcat.util.net.AbstractEndpoint;0;0;0;0;0;0;0;0;0;0;0;0;0
org.apache.catalina.connector.RequestFacade.getHeaderNames();org.apache.catalina.Globals;2;0;2;0.9865;462;73;2;0;1;1.0000;0;0;39
org.apache.jasper.runtime.TagHandlerPool.reuse(Tag);org.apache.juli.logging.Log;0;0;4;0.6364;98;6;6;1;0;0.9565;18;18;0
org.apache.catalina.startup.NamingRuleSet.addRuleInstances(Digester);org.apache.tomcat.util.digester.Digester;0;0;1;0.8333;31;1;1;3;0;0.9776;849;103;29
org.apache.catalina.authenticator.AuthenticatorBase.reauthenticateFromSSO(String, Request);org.apache.juli.logging.Log;0;2;2;0.9211;286;20;18;2;0;0.9231;18;18;0
org.apache.catalina.tribes.membership.StaticMember.setDomain(String);org.apache.catalina.tribes.util.Arrays;0;0;0;1.0000;29;3;0;2;0;1.0000;149;24;1
org.apache.jasper.compiler.Generator.GenerateVisitor.visit(Node.DoBodyAction);org.apache.jasper.compiler.ServletWriter;2;1;1;0.9714;1737;45;16;6;1;0.6818;65;13;6
org.apache.el.ValueExpressionImpl.setValue(ELContext, Object);org.apache.el.parser.Node;0;1;2;0.8333;73;11;5;1;0;0.9444;15;15;0
org.apache.coyote.RequestInfo.getRequestBytesReceived();org.apache.coyote.Request;1;0;1;0.9630;134;13;14;0;1;0.9811;219;17;34
org.apache.catalina.valves.AccessLogValve.RequestElement.addElement(StringBuilder, Date, Request, Response, long);org.apache.catalina.connector.Request;0;0;0;1.0000;16;1;0;4;0;0.9769;1084;128;51
org.apache.catalina.ha.session.DeltaRequest.execute(DeltaSession, boolean);org.apache.catalina.ha.session.DeltaSession;0;1;8;0.9211;179;15;15;5;0;0.9219;379;41;7
org.apache.catalina.tribes.group.ChannelInterceptorBase.memberDisappeared(Member);org.apache.catalina.tribes.MembershipListener;0;0;1;0.9444;66;14;4;1;0;0.6667;2;2;0
org.apache.tomcat.util.http.MimeHeaders.addValue(String);org.apache.tomcat.util.buf.MessageBytes;1;1;0;0.9565;129;18;3;1;0;0.9783;402;31;17
org.apache.catalina.realm.JDBCRealm.getRoles(String);org.apache.juli.logging.Log;1;3;2;0.8571;277;13;16;2;0;0.9130;18;18;0
org.apache.catalina.connector.RequestFacade.getSession(boolean);org.apache.tomcat.util.res.StringManager;1;0;2;0.9865;462;73;2;0;0;1.0000;36;3;3
org.apache.jasper.compiler.Validator.ValidateVisitor.MapperELVisitor.visit(ELNode.Function);org.apache.jasper.compiler.JspUtil;3;0;0;1.0000;30;1;1;1;0;1.0000;693;44;8
org.apache.catalina.core.StandardWrapper.unload();org.apache.tomcat.util.log.SystemLogHandler;4;1;10;0.9091;712;75;32;2;0;1.0000;128;29;3
org.apache.coyote.ajp.AjpAprProcessor.prepareRequest();org.apache.coyote.Response;7;1;8;0.8831;616;13;30;0;1;0.9881;250;19;18
org.apache.catalina.connector.Connector.createResponse();org.apache.catalina.connector.Response;0;0;0;1.0000;455;59;40;1;0;0.9886;578;70;19
org.apache.catalina.authenticator.FormAuthenticator.restoreRequest(Request, Session);org.apache.tomcat.util.http.MimeHeaders;3;0;0;1.0000;232;8;3;2;0;0.9592;129;18;3
org.apache.coyote.ajp.AjpAprProcessor.asyncDispatch(long, SocketStatus);org.apache.coyote.RequestInfo;0;0;0;0;0;0;0;0;0;0;0;0;0
org.apache.catalina.util.DOMWriter.print(Node);org.apache.catalina.util.MIME2Java;3;4;3;0.3750;231;6;5;1;0;1.0000;8;2;2
org.apache.catalina.ha.authenticator.ClusterSingleSignOn.associate(String, Session);org.apache.catalina.ha.ClusterManager;1;1;2;0.8929;149;16;4;1;0;0.9630;15;15;0
org.apache.coyote.http11.Http11NioProtocol.Http11ConnectionHandler.process(NioChannel);org.apache.coyote.ActionCode;8;1;3;0.8667;166;8;6;0;1;1.0000;6;0;26
org.apache.catalina.session.FileStore.load(String);org.apache.juli.logging.Log;2;2;0;0.9200;186;13;6;2;0;0.9310;18;18;0
org.apache.catalina.realm.CombinedRealm.getPassword(String);org.apache.juli.logging.Log;1;0;2;1.0000;143;12;3;1;0;0.9444;18;18;0
org.apache.jasper.compiler.Parser.parseELExpression(Node, char);org.apache.jasper.compiler.JspReader;0;0;3;0.9559;1203;56;14;3;0;0.9250;322;25;9
org.apache.catalina.tribes.membership.McastServiceImpl.receive();org.apache.catalina.tribes.io.XByteBuffer;1;3;4;0.8684;308;12;27;1;0;1.0000;317;36;7
org.apache.catalina.loader.WebappLoader.setRepositories();org.apache.catalina.loader.WebappClassLoader;3;2;5;0.9231;548;39;19;3;1;0.9506;1193;44;30
org.apache.jasper.servlet.JspServletWrapper.destroy();org.apache.jasper.compiler.Localizer;0;0;3;0.8966;314;11;15;1;0;1.0000;34;6;1
org.apache.catalina.core.NamingContextListener.addService(ContextService);org.apache.catalina.deploy.ContextService;5;0;4;0.9464;745;23;11;7;2;0.7907;114;18;6
org.apache.catalina.ha.session.DeltaManager.handleSESSION_DELTA(SessionMessage, Member);org.apache.juli.logging.Log;2;1;5;0.9556;826;43;42;2;0;0.9310;18;18;0
org.apache.catalina.authenticator.FormAuthenticator.matchRequest(Request);org.apache.catalina.authenticator.Constants;1;0;0;1.0000;232;8;3;0;2;1.0000;0;0;19
org.apache.jasper.compiler.Generator.generateXmlProlog(Node.Nodes);org.apache.jasper.JspCompilationContext;4;0;3;0.9388;781;28;16;0;1;0.9868;420;31;31
org.apache.catalina.mbeans.MBeanFactory.removeManager(String);org.apache.catalina.core.ContainerBase;0;1;0;0.9722;432;35;2;1;0;0.9889;603;62;29
org.apache.tomcat.util.bcel.classfile.Utility.codeToString(ByteSequence, ConstantPool, boolean);org.apache.tomcat.util.bcel.util.ByteSequence;0;0;0;0;0;0;0;0;0;0;0;0;0
org.apache.jasper.compiler.Generator.declareTemporaryScriptingVars(Node.Nodes);org.apache.jasper.compiler.ServletWriter;2;0;1;0.9778;781;28;16;3;0;0.8750;65;13;6
org.apache.catalina.session.PersistentManagerBase.startInternal();org.apache.juli.logging.Log;0;0;0;0;0;0;0;0;0;0;0;0;0
org.apache.catalina.connector.Response.sendAcknowledgement();org.apache.coyote.Response;0;1;2;0.9659;578;70;19;1;0;0.9750;250;19;18
org.apache.catalina.ha.session.DeltaSession.setAttribute(String, Object, boolean, boolean);org.apache.catalina.ha.session.DeltaRequest;1;2;2;0.9400;379;41;7;1;0;0.9615;179;15;15
org.apache.catalina.tribes.group.GroupChannel.send(Member[], Serializable, int, ErrorHandler);org.apache.catalina.tribes.ChannelInterceptor;5;1;0;0.9783;268;24;8;1;0;0.9667;16;16;0
org.apache.tomcat.util.net.NioEndpoint.Poller.processSendfile(SelectionKey, KeyAttachment, boolean, boolean);org.apache.tomcat.util.net.NioEndpoint.SendfileData;4;3;0;0.9231;395;15;7;0;5;0.7500;0;0;5
org.apache.catalina.manager.JspHelper.guessDisplayLocaleFromSession(Session);org.apache.catalina.manager.util.SessionUtils;0;1;0;1.0000;113;12;3;1;0;1.0000;158;6;5
org.apache.catalina.mbeans.MBeanFactory.createStandardServiceEngine(String, String, String);org.apache.catalina.core.StandardEngine;0;0;0;0;0;0;0;0;0;0;0;0;0
org.apache.catalina.mbeans.MBeanFactory.createUserDatabaseRealm(String, String);org.apache.catalina.util.LifecycleMBeanBase;0;0;0;0;0;0;0;0;0;0;0;0;0
org.apache.catalina.tribes.group.ChannelCoordinator.getMember(Member);org.apache.catalina.tribes.MembershipService;0;0;1;0.9545;164;15;5;1;0;0.9444;17;17;2
org.apache.catalina.loader.WebappClassLoader.clearThreadLocalMap(Object, Field);org.apache.juli.logging.Log;0;0;0;0;0;0;0;0;0;0;0;0;0
org.apache.el.parser.ELParser.Identifier();org.apache.el.parser.ELParserConstants;4;1;1;0.9854;2195;111;22;0;1;0.9844;0;0;57
org.apache.catalina.connector.CoyoteAdapter.service(org.apache.coyote.Request, org.apache.coyote.Response);org.apache.catalina.Container;8;0;4;0.9524;505;11;8;1;0;0.9851;34;34;6
org.apache.coyote.http11.AbstractHttp11Protocol.pause();org.apache.tomcat.util.net.AbstractEndpoint;0;0;0;0;0;0;0;0;0;0;0;0;0
org.apache.catalina.connector.Request.getServerPort();org.apache.coyote.Request;1;0;1;0.9942;1084;128;51;0;1;0.9811;219;17;34
org.apache.catalina.core.ApplicationContextFacade.setSessionTrackingModes(Set<SessionTrackingMode>);org.apache.catalina.core.ApplicationContext;0;1;1;0.9600;426;46;3;1;0;0.9828;460;47;13
org.apache.jasper.compiler.Generator.GenerateVisitor.saveScriptingVars(Node.CustomTag, int);org.apache.jasper.compiler.ServletWriter;1;0;1;0.9853;1737;45;16;3;0;0.8696;65;13;6
org.apache.coyote.http11.AbstractHttp11Protocol.getMaxThreads();org.apache.tomcat.util.net.AbstractEndpoint;0;0;0;0;0;0;0;0;0;0;0;0;0
org.apache.catalina.ha.session.DeltaManager.startInternal();org.apache.catalina.Container;0;0;0;0;0;0;0;0;0;0;0;0;0
org.apache.coyote.http11.Http11Protocol.start();org.apache.tomcat.util.modeler.Registry;1;1;7;0.9326;361;52;31;2;0;0.9818;446;36;10
org.apache.catalina.core.StandardHost.removeAlias(String);org.apache.catalina.Host;1;0;2;0.9615;289;35;18;0;1;1.0000;20;20;2
org.apache.jasper.runtime.PageContextImpl._initialize(Servlet, ServletRequest, ServletResponse, String, boolean, int, boolean);org.apache.jasper.runtime.JspApplicationContextImpl;0;1;12;0.7593;634;40;16;1;0;1.0000;73;5;6
org.apache.jasper.compiler.Collector.CollectVisitor.visit(Node.PlugIn);org.apache.jasper.compiler.Node.PlugIn;2;0;1;0.9583;114;15;6;0;2;0.7500;21;1;2
org.apache.catalina.deploy.WebXml.toXml();org.apache.catalina.deploy.FilterDef;10;2;30;0.7787;1446;42;41;5;0;0.9462;51;9;7
org.apache.catalina.servlets.CGIServlet.CGIEnvironment.expandCGIScript();org.apache.catalina.util.IOTools;1;0;3;0.8636;305;9;11;1;0;1.0000;22;4;1
org.apache.jasper.compiler.Generator.GenerateVisitor.generateNamedAttributeValue(Node.NamedAttribute);org.apache.jasper.compiler.Node.NamedAttribute;1;0;1;0.9851;1737;45;16;1;0;0.9444;65;3;6
org.apache.coyote.ajp.AjpAprProtocol.start();org.apache.tomcat.util.res.StringManager;1;1;7;0.9016;219;40;15;1;0;0.9444;36;3;3
org.apache.catalina.connector.CoyoteAdapter.parseSessionCookiesId(org.apache.coyote.Request, Request);org.apache.juli.logging.Log;5;1;1;0.9643;505;11;8;2;0;0.9429;18;18;0
org.apache.catalina.util.ExtensionValidator.validateApplication(DirContext, Context);org.apache.catalina.util.ManifestResource;2;2;1;1.0000;182;6;4;0;2;1.0000;100;8;7
org.apache.catalina.tribes.transport.nio.ParallelNioSender.doLoop(long, int, boolean, ChannelMessage);org.apache.catalina.tribes.transport.nio.NioSender;2;0;2;0.9722;246;12;4;4;2;0.8462;255;12;11
org.apache.coyote.http11.Http11AprProtocol.getSendfileThreadCount();org.apache.tomcat.util.net.AprEndpoint;1;0;1;0.9901;387;76;26;0;1;0.9875;629;27;59
org.apache.catalina.tribes.group.ChannelCoordinator.sendMessage(Member[], ChannelMessage, InterceptorPayload);org.apache.juli.logging.Log;2;0;2;0.9286;164;15;5;2;0;0.9200;18;18;0
org.apache.catalina.ha.session.DeltaManager.handleSESSION_EXPIRED(SessionMessage, Member);org.apache.juli.logging.Log;1;0;5;0.9651;826;43;42;2;0;0.9167;18;18;0
org.apache.catalina.connector.OutputBuffer.flushBytes();org.apache.tomcat.util.buf.ByteChunk;0;0;1;0.9750;207;25;15;1;0;0.9792;425;43;10
org.apache.tomcat.util.bcel.classfile.FieldOrMethod.getName();org.apache.tomcat.util.bcel.classfile.ConstantUtf8;0;0;0;0;0;0;0;0;0;0;0;0;0
org.apache.catalina.startup.Tomcat.FixContextListener.lifecycleEvent(LifecycleEvent);org.apache.catalina.Context;1;0;0;1.0000;11;1;0;1;0;0.9921;125;125;1
org.apache.coyote.http11.Http11Processor.action(ActionCode, Object);org.apache.tomcat.util.net.SocketWrapper;0;0;0;0;0;0;0;0;0;0;0;0;0
org.apache.catalina.realm.MemoryRealm.startInternal();org.apache.tomcat.util.res.StringManager;0;0;0;0;0;0;0;0;0;0;0;0;0
org.apache.catalina.ha.tcp.ReplicationValve.sendReplicationMessage(Request, long, boolean, ClusterManager, CatalinaCluster);org.apache.juli.logging.Log;1;4;3;0.8438;283;17;17;1;0;0.9565;18;18;0
org.apache.coyote.http11.Http11AprProtocol.getUseSendfile();org.apache.tomcat.util.net.AprEndpoint;1;0;1;0.9901;387;76;26;0;1;0.9875;629;27;59
org.apache.jasper.runtime.PageContextImpl.forward(String);org.apache.jasper.security.SecurityUtil;0;1;0;0.9811;634;40;16;1;0;1.0000;31;2;1
org.apache.tomcat.util.http.fileupload.FileUploadBase.parseRequest(RequestContext);org.apache.tomcat.util.http.fileupload.FileItemIterator;0;0;0;0;0;0;0;0;0;0;0;0;0
org.apache.catalina.startup.TldConfig.tldScanWebXml();org.apache.catalina.startup.XmlErrorHandler;0;0;0;0;0;0;0;0;0;0;0;0;0
org.apache.jasper.runtime.PageContextImpl.getAttributesScope(String);org.apache.jasper.security.SecurityUtil;0;1;0;0.9811;634;40;16;1;0;1.0000;31;2;1
org.apache.catalina.session.ManagerBase.remove(Session);org.apache.catalina.Session;0;0;1;0.9878;489;55;31;1;0;0.9697;32;32;4
org.apache.catalina.mbeans.MemoryUserDatabaseMBean.removeUser(String);org.apache.catalina.mbeans.MBeanUtils;0;0;0;1.0000;168;12;6;1;0;1.0000;853;61;5
org.apache.catalina.startup.Catalina.load();org.apache.tomcat.util.digester.Digester;1;2;3;0.8824;311;18;8;2;0;0.9863;849;103;29
org.apache.jasper.compiler.JspDocumentParser.endElement(String, String, String);org.apache.jasper.compiler.Node.TemplateText;4;2;5;0.8824;649;28;20;3;0;0.8421;42;5;1
org.apache.catalina.util.ExtensionValidator.validateManifestResources(String, ArrayList<ManifestResource>);org.apache.catalina.util.ManifestResource;3;1;4;1.0000;182;6;4;0;2;0.8824;100;8;7
org.apache.catalina.connector.CoyoteAdapter.event(org.apache.coyote.Request, org.apache.coyote.Response, SocketStatus);org.apache.catalina.Service;8;0;4;0.9375;505;11;8;0;0;1.0000;15;15;0
org.apache.catalina.filters.RequestDumperFilter.doLog(String, String);org.apache.juli.logging.Log;0;0;0;0;0;0;0;0;0;0;0;0;0
org.apache.catalina.servlets.WebdavServlet.doLock(HttpServletRequest, HttpServletResponse);org.apache.catalina.util.MD5Encoder;6;4;11;0.8302;1460;29;23;1;0;0.9655;11;1;1
org.apache.catalina.ha.session.DeltaManager.serializeSessions(Session[]);org.apache.juli.logging.Log;1;0;2;1.0000;826;43;42;1;0;0.9474;18;18;0
org.apache.coyote.RequestInfo.getMethod();org.apache.coyote.Request;1;0;1;0.9643;134;13;14;0;1;0.9815;219;17;34
org.apache.catalina.tribes.group.interceptors.TcpFailureDetector.memberAlive(Member, byte[], boolean, boolean, long, long, int);org.apache.juli.logging.Log;3;0;1;1.0000;227;15;10;1;0;0.9600;18;18;0
org.apache.catalina.core.ApplicationFilterFactory.createFilterChain(ServletRequest, Wrapper, Servlet);org.apache.catalina.core.StandardContext;3;3;2;0.8333;183;6;11;2;0;0.9938;2385;204;107
org.apache.catalina.core.StandardWrapperValve.invoke(Request, Response);org.apache.catalina.core.ContainerBase;4;1;5;0.8780;341;4;6;2;0;0.9840;603;62;29
org.apache.catalina.core.StandardWrapper.addChild(Container);org.apache.tomcat.util.res.StringManager;1;0;0;1.0000;712;75;32;0;0;1.0000;36;3;3
org.apache.catalina.connector.Request.getLocalPort();org.apache.coyote.ActionCode;2;0;2;0.9885;1084;128;51;0;1;1.0000;6;0;26
org.apache.jasper.compiler.TagPluginManager.TagPluginContextImpl.getNodeAttribute(String);org.apache.jasper.compiler.Node.CustomTag;2;0;1;0.9524;72;15;4;0;1;0.9762;229;10;26
org.apache.catalina.mbeans.ServerLifecycleListener.createMBeans(Host);org.apache.catalina.core.ContainerBase;0;1;1;0.9744;569;32;2;1;0;0.9896;603;62;29
org.apache.catalina.session.StoreBase.processExpires();org.apache.catalina.Store;0;1;2;0.8966;85;12;7;3;0;0.8750;11;11;0
org.apache.jasper.compiler.Generator.GenerateVisitor.generateCustomStart(Node.CustomTag, TagHandlerInfo, String, String, String);org.apache.jasper.compiler.ServletWriter;6;1;2;0.9620;1737;45;16;6;1;0.7813;65;13;6
org.apache.coyote.http11.Http11AprProtocol.setDeferAccept(boolean);org.apache.tomcat.util.net.AprEndpoint;1;0;1;0.9901;387;76;26;0;1;0.9875;629;27;59
org.apache.catalina.tribes.membership.McastServiceImpl.memberBroadcastsReceived(byte[]);org.apache.juli.logging.Log;0;0;2;0.9767;308;12;27;3;0;0.8636;18;18;0
org.apache.coyote.ajp.AjpAprProcessor.process(long);org.apache.coyote.Constants;5;4;14;0.7115;616;13;30;0;5;1.0000;0;0;14
org.apache.tomcat.util.digester.SetPropertiesRule.begin(String, String, Attributes);org.apache.tomcat.util.digester.Digester;2;0;2;0.8824;92;3;2;3;2;0.9640;849;103;29
org.apache.catalina.tribes.transport.nio.NioReceiver.cancelledKey(SelectionKey);org.apache.catalina.tribes.io.ObjectReader;1;0;1;1.0000;269;15;8;1;1;0.8889;71;9;5
org.apache.catalina.ha.session.DeltaManager.handleSESSION_DELTA(SessionMessage, Member);org.apache.catalina.ha.session.DeltaSession;2;1;5;0.9556;826;43;42;2;1;0.9483;379;41;7
org.apache.coyote.http11.Http11AprProcessor.prepareResponse();org.apache.tomcat.util.net.AprEndpoint.SendfileData;7;2;12;0.8391;938;28;36;0;3;0.9318;0;0;8
org.apache.tomcat.util.net.AprEndpoint.destroy();org.apache.tomcat.jni.Pool;0;1;6;0.9103;629;27;59;1;0;1.0000;13;13;0
org.apache.coyote.http11.Http11Protocol.Http11ConnectionHandler.createProcessor();org.apache.coyote.http11.AbstractHttp11Processor;0;0;0;0;0;0;0;0;0;0;0;0;0
org.apache.coyote.ajp.AjpProtocol.AjpConnectionHandler.process(SocketWrapper<Socket>, SocketStatus);org.apache.tomcat.util.net.SocketWrapper;0;0;0;0;0;0;0;0;0;0;0;0;0
org.apache.tomcat.util.digester.WithDefaultsRulesWrapper.match(String, String);org.apache.tomcat.util.digester.Rules;0;0;2;0.8333;55;8;3;1;0;0.9000;8;8;0
org.apache.coyote.ajp.AjpProtocol.setTcpNoDelay(boolean);org.apache.tomcat.util.net.AbstractEndpoint;0;0;0;0;0;0;0;0;0;0;0;0;0
org.apache.jasper.xmlparser.XMLEncodingDetector.scanPIData(String, XMLString);org.apache.jasper.xmlparser.XMLString;0;6;2;0.8431;798;23;29;2;0;0.9130;52;6;3
org.apache.catalina.core.StandardContext.startInternal();org.apache.catalina.core.NamingContextListener;0;0;0;0;0;0;0;0;0;0;0;0;0
org.apache.catalina.authenticator.SingleSignOn.removeSession(String, Session);org.apache.catalina.authenticator.SingleSignOnEntry;0;2;1;0.8929;187;18;8;2;0;0.9130;49;9;6
org.apache.jasper.servlet.JspServlet.service(HttpServletRequest, HttpServletResponse);org.apache.juli.logging.Log;1;2;2;0.7500;173;10;5;2;0;0.9091;18;18;0
org.apache.tomcat.util.net.JIoEndpoint.SocketProcessor.run();org.apache.juli.logging.Log;1;0;1;0.7500;13;1;1;0;0;1.0000;18;18;0
org.apache.coyote.http11.InternalNioInputBuffer.parseRequestLine(boolean);org.apache.tomcat.util.buf.MessageBytes;2;2;11;0.7447;457;16;24;2;0;0.9672;402;31;17
org.apache.jasper.compiler.Validator.ValidateVisitor.isExpression(Node, String, boolean);org.apache.jasper.compiler.ELParser;3;0;1;0.9787;710;36;19;1;0;1.0000;204;12;8
org.apache.catalina.core.StandardEngineValve.invoke(Request, Response);org.apache.catalina.Container;1;0;1;1.0000;14;3;2;1;0;0.9744;34;34;6
org.apache.catalina.tribes.transport.bio.BioSender.openSocket();org.apache.catalina.tribes.transport.SenderState;0;0;5;0.9118;148;9;7;2;0;0.9677;45;9;5
org.apache.catalina.startup.ExpandWar.expand(Host, URL, String);org.apache.catalina.Host;1;2;1;1.0000;183;6;2;1;0;0.9500;20;20;2
org.apache.catalina.manager.host.HTMLHostManagerServlet.list(HttpServletRequest, HttpServletResponse, String);org.apache.catalina.Host;1;0;7;1.0000;194;6;7;1;0;0.9615;20;20;2
org.apache.coyote.http11.Http11NioProtocol.Http11ConnectionHandler.event(NioChannel, SocketStatus);org.apache.tomcat.util.net.NioChannel;5;0;2;0.9200;166;8;6;1;1;0.9394;83;15;5
org.apache.coyote.http11.Http11AprProtocol.resume();org.apache.tomcat.util.net.AprEndpoint;1;1;3;0.9810;387;76;26;1;0;0.9882;629;27;59
org.apache.catalina.core.StandardHostValve.custom(Request, Response, ErrorPage);org.apache.catalina.connector.Request;0;0;0;1.0000;149;7;3;3;0;0.9836;1084;128;51
org.apache.catalina.tribes.group.interceptors.FragmentationInterceptor.sendMessage(Member[], ChannelMessage, InterceptorPayload);org.apache.catalina.tribes.io.XByteBuffer;1;1;1;0.8750;96;7;5;1;1;0.9333;317;36;7
org.apache.jasper.runtime.PageContextImpl.getExpressionEvaluator();org.apache.jasper.runtime.JspApplicationContextImpl;1;0;1;0.9815;634;40;16;0;1;1.0000;73;5;6
org.apache.catalina.tribes.transport.bio.BioReplicationTask.execute(ObjectReader);org.apache.catalina.tribes.io.ListenCallback;1;1;1;0.9444;92;6;3;1;0;0.9091;1;1;0
org.apache.catalina.connector.Response.getHeaderNames();org.apache.coyote.Response;2;0;1;0.9890;578;70;19;0;1;0.9756;250;19;18
org.apache.catalina.startup.HostConfig.deployDirectory(String, File, String);org.apache.catalina.Context;2;3;7;0.8793;755;35;15;3;0;0.9789;125;125;1
org.apache.jasper.compiler.Validator.ValidateVisitor.FVVisitor.visit(ELNode.Function);org.apache.jasper.compiler.ErrorDispatcher;4;0;0;1.0000;33;1;1;1;0;0.9688;158;22;2
org.apache.catalina.manager.HTMLManagerServlet.list(HttpServletRequest, HttpServletResponse, String);org.apache.catalina.Manager;2;0;10;1.0000;601;22;14;2;0;0.9574;34;34;0
org.apache.jasper.JspCompilationContext.compile();org.apache.jasper.servlet.JspServletWrapper;1;2;4;0.9077;420;31;31;0;2;0.9459;314;11;15
org.apache.catalina.core.StandardContext.createWrapper();org.apache.juli.logging.Log;0;0;8;0.9776;2385;204;107;1;0;0.9643;18;18;0
org.apache.catalina.connector.RequestFacade.getServletContext();org.apache.tomcat.util.res.StringManager;1;0;2;0.9865;462;73;2;0;0;1.0000;36;3;3
org.apache.coyote.http11.Http11AprProtocol.pause();org.apache.juli.logging.Log;1;1;3;0.9810;387;76;26;3;0;0.8636;18;18;0
org.apache.catalina.connector.RequestFacade.GetLocalesPrivilegedAction.run();org.apache.catalina.connector.Request;1;0;0;1.0000;3;1;0;1;0;0.9943;1084;128;51
org.apache.catalina.mbeans.MBeanFactory.createRemoteHostValve(String);org.apache.catalina.core.ContainerBase;1;1;0;0.9730;432;35;2;1;0;0.9890;603;62;29
org.apache.coyote.RequestInfo.getRemoteAddr();org.apache.tomcat.util.buf.MessageBytes;2;0;1;0.9655;134;13;14;1;0;0.9783;402;31;17
org.apache.catalina.ha.tcp.ReplicationValve.createPrimaryIndicator(Request);org.apache.catalina.Container;1;0;3;0.9750;283;17;17;2;0;0.9524;34;34;6
org.apache.catalina.mbeans.ServerLifecycleListener.createMBeans(Engine);org.apache.catalina.Container;0;1;1;0.9737;569;32;2;3;0;0.9211;34;34;6
org.apache.catalina.util.LifecycleMBeanBase.getDomain();org.apache.catalina.Globals;0;0;0;0;0;0;0;0;0;0;0;0;0
org.apache.coyote.http11.Http11AprProtocol.setPort(int);org.apache.tomcat.util.net.AbstractEndpoint;0;0;0;0;0;0;0;0;0;0;0;0;0
org.apache.catalina.core.ApplicationContextFacade.createFilter(Class<T>);org.apache.catalina.core.ApplicationContext;0;1;1;0.9600;426;46;3;1;0;0.9828;460;47;13
org.apache.tomcat.util.buf.MessageBytes.isNull();org.apache.tomcat.util.buf.ByteChunk;0;0;3;0.9318;402;31;17;1;0;0.9804;425;43;10
org.apache.catalina.startup.ExpandWar.validate(Host, URL, String);org.apache.catalina.Host;0;0;0;0;0;0;0;0;0;0;0;0;0
org.apache.catalina.deploy.NamingResources.removeMessageDestinationRef(String);org.apache.catalina.deploy.ResourceBase;1;0;3;0.9375;332;35;12;0;0;1.0000;43;9;6
org.apache.catalina.ha.tcp.SimpleTcpCluster.backgroundProcess();org.apache.catalina.ha.ClusterDeployer;0;0;3;0.9545;371;45;31;1;0;0.9167;7;7;1
org.apache.catalina.startup.TldConfig.execute();org.apache.catalina.Loader;1;6;2;0.6667;321;14;11;0;0;1.0000;14;14;0
org.apache.catalina.connector.RequestFacade.getRemotePort();org.apache.tomcat.util.res.StringManager;1;0;2;0.9865;462;73;2;0;0;1.0000;36;3;3
org.apache.el.parser.AstDynamicExpression.getType(EvaluationContext);org.apache.el.parser.Node;0;0;0;1.0000;15;4;0;1;0;0.9375;15;15;0
org.apache.catalina.core.ApplicationSessionCookieConfig.createSessionCookie(Context, String, boolean);org.apache.catalina.Context;0;0;0;0;0;0;0;0;0;0;0;0;0
org.apache.catalina.session.ManagerBase.getRandom();org.apache.juli.logging.Log;1;1;4;0.9524;489;55;31;3;0;0.8636;18;18;0
org.apache.coyote.http11.AbstractInputBuffer.doRead(ByteChunk, Request);org.apache.coyote.InputBuffer;0;0;0;0;0;0;0;0;0;0;0;0;0
org.apache.catalina.tribes.tipis.AbstractReplicatedMap.get(Object);org.apache.juli.logging.Log;3;2;8;0.8902;740;50;17;4;0;0.9024;18;18;0
org.apache.jasper.xmlparser.XMLEncodingDetector.scanLiteral(int, XMLString);org.apache.jasper.xmlparser.XMLString;0;2;7;0.8085;798;23;29;1;0;0.9524;52;6;3
org.apache.catalina.startup.ContextConfig.checkHandlesTypes(JavaClass);org.apache.tomcat.util.bcel.classfile.AnnotationEntry;0;0;0;0;0;0;0;0;0;0;0;0;0
org.apache.jasper.compiler.TldLocationsCache.tldScanJar(JarURLConnection);org.apache.jasper.util.ExceptionUtils;0;0;0;0;0;0;0;0;0;0;0;0;0
org.apache.coyote.ajp.AjpProcessor.prepareRequest();org.apache.tomcat.util.http.MimeHeaders;7;1;8;0.8846;570;12;32;3;0;0.9545;129;18;3
org.apache.catalina.connector.RequestFacade.GetAttributePrivilegedAction.run();org.apache.catalina.connector.Request;1;0;0;1.0000;3;1;0;1;0;0.9943;1084;128;51
org.apache.catalina.startup.WebAnnotationSet.addResource(Context, Resource);org.apache.catalina.deploy.NamingResources;5;0;0;1.0000;125;6;0;5;0;0.9138;332;35;12
org.apache.coyote.http11.Http11NioProtocol.Http11ConnectionHandler.event(NioChannel, SocketStatus);org.apache.coyote.http11.Http11NioProtocol;5;0;2;0.9200;166;8;6;0;2;1.0000;448;96;26
org.apache.catalina.tribes.group.RpcChannel.RpcCollector.isComplete();org.apache.catalina.tribes.group.RpcChannel;1;0;3;0.7000;39;5;5;0;3;1.0000;98;6;9
org.apache.catalina.connector.Request.getReader();org.apache.catalina.connector.InputBuffer;1;0;5;0.9769;1084;128;51;1;0;0.9744;210;19;17
org.apache.catalina.connector.CoyoteAdapter.postParseRequest(org.apache.coyote.Request, Request, org.apache.coyote.Response, Response);org.apache.tomcat.util.buf.UDecoder;11;4;2;0.9571;505;11;8;1;0;0.9859;152;11;1
org.apache.catalina.connector.ResponseFacade.addIntHeader(String, int);org.apache.catalina.connector.Response;0;1;1;0.9512;224;40;2;1;0;0.9889;578;70;19
org.apache.coyote.http11.Http11NioProtocol.Http11ConnectionHandler.process(NioChannel);org.apache.coyote.http11.Http11NioProcessor;8;1;3;0.8667;166;8;6;2;2;0.9518;954;28;38
org.apache.tomcat.util.net.AprEndpoint.allocatePoller(int, long, int);org.apache.tomcat.util.res.StringManager;2;0;2;1.0000;629;27;59;1;0;0.8750;36;3;3
org.apache.el.parser.AstLessThan.getValue(EvaluationContext);org.apache.el.parser.Node;0;0;0;1.0000;14;1;0;1;0;0.9375;15;15;0
org.apache.catalina.connector.ResponseFacade.addHeader(String, String);org.apache.catalina.connector.Response;0;1;1;0.9512;224;40;2;1;0;0.9889;578;70;19
org.apache.jasper.compiler.Validator.ValidateVisitor.MapperELVisitor.visit(ELNode.Function);org.apache.jasper.compiler.Validator.ValidateVisitor;3;0;0;1.0000;30;1;1;0;2;0.9583;710;36;19
org.apache.catalina.core.ApplicationContextFacade.getServlets();org.apache.catalina.security.SecurityUtil;0;1;1;0.9600;426;46;3;1;0;1.0000;146;11;17
org.apache.catalina.tribes.transport.nio.NioReceiver.socketTimeouts();org.apache.juli.logging.Log;1;1;3;0.9286;269;15;8;2;0;0.9231;18;18;0
org.apache.coyote.http11.AbstractHttp11Protocol.setSoTimeout(int);org.apache.tomcat.util.net.AbstractEndpoint;0;0;0;0;0;0;0;0;0;0;0;0;0
org.apache.jasper.compiler.Generator.GenerateVisitor.generateCustomStart(Node.CustomTag, TagHandlerInfo, String, String, String);org.apache.jasper.compiler.JspUtil;6;1;2;0.9620;1737;45;16;1;0;1.0000;693;44;8
org.apache.catalina.util.LifecycleBase.stop();org.apache.juli.logging.Log;0;0;0;0;0;0;0;0;0;0;0;0;0
org.apache.tomcat.util.net.AprEndpoint.SocketWithOptionsProcessor.run();org.apache.tomcat.util.net.AbstractEndpoint.Handler;0;0;0;0;0;0;0;0;0;0;0;0;0
org.apache.catalina.valves.CometConnectionManagerValve.sessionDestroyed(HttpSessionEvent);org.apache.catalina.comet.CometProcessor;4;0;2;0.9167;146;11;6;0;0;1.0000;1;1;0
org.apache.coyote.http11.Http11NioProcessor.prepareRequest();org.apache.tomcat.util.buf.MessageBytes;7;3;13;0.8222;954;28;38;5;1;0.9241;402;31;17
org.apache.coyote.http11.Http11AprProcessor.action(ActionCode, Object);org.apache.coyote.RequestInfo;9;1;18;0.8068;938;28;36;0;0;1.0000;134;13;14
org.apache.coyote.http11.AbstractOutputBuffer.write(ByteChunk);org.apache.tomcat.util.buf.ByteChunk;0;0;0;0;0;0;0;0;0;0;0;0;0
org.apache.jasper.xmlparser.UTF8Reader.read();org.apache.juli.logging.Log;0;3;6;0.5556;356;11;7;2;0;0.9231;18;18;0
org.apache.catalina.mbeans.NamingResourcesMBean.getEnvironments();org.apache.catalina.mbeans.MBeanUtils;0;0;1;0.9286;138;9;2;1;0;1.0000;853;61;5
org.apache.catalina.session.PersistentManagerBase.remove(Session);org.apache.catalina.Session;0;1;1;0.9545;420;33;13;1;0;0.9714;32;32;4
org.apache.catalina.ha.authenticator.ClusterSingleSignOn.associate(String, Session);org.apache.catalina.ha.authenticator.SingleSignOnMessage;1;1;2;0.8929;149;16;4;0;3;0.9167;76;2;16
org.apache.catalina.ha.authenticator.ClusterSingleSignOn.deregister(String, Session);org.apache.catalina.ha.ClusterManager;1;1;2;0.8929;149;16;4;1;0;0.9630;15;15;0
org.apache.catalina.core.ApplicationContext.getMimeType(String);org.apache.catalina.core.StandardContext;0;0;1;0.9821;460;47;13;1;0;0.9968;2385;204;107
org.apache.jasper.compiler.Dumper.DumpVisitor.visit(Node.TaglibDirective);org.apache.jasper.compiler.Node;1;1;0;0.9643;122;27;1;0;1;0.9643;170;7;15
org.apache.catalina.valves.RemoteHostValve.invoke(Request, Response);org.apache.catalina.connector.Request;0;0;0;1.0000;6;2;1;1;0;0.9943;1084;128;51
org.apache.el.parser.ELParser.jj_3R_39();org.apache.el.parser.ELParserConstants;0;1;1;0.9847;2195;111;22;0;0;1.0000;0;0;57
org.apache.el.lang.ELArithmetic.DoubleDelegate.matches(Object, Object);org.apache.el.lang.ELSupport;0;0;0;1.0000;44;8;0;1;0;1.0000;351;22;1
org.apache.catalina.connector.ResponseFacade.getBufferSize();org.apache.catalina.connector.Response;1;0;2;0.9756;224;40;2;1;0;0.9888;578;70;19
org.apache.catalina.startup.DigesterFactory.registerLocalSchema(SchemaResolver);org.apache.catalina.startup.Constants;1;1;0;1.0000;49;5;1;0;38;1.0000;0;0;45
org.apache.coyote.http11.Http11AprProtocol.getSSLCertificateChainFile();org.apache.tomcat.util.net.AprEndpoint;1;0;1;0.9901;387;76;26;0;1;0.9875;629;27;59
org.apache.tomcat.util.digester.WithDefaultsRulesWrapper.add(String, Rule);org.apache.tomcat.util.digester.Rules;0;0;2;0.8333;55;8;3;1;0;0.9000;8;8;0
org.apache.catalina.core.StandardContext.setResources(DirContext);org.apache.naming.resources.BaseDirContext;3;0;8;0.9748;2385;204;107;0;4;0.9500;167;58;8
org.apache.jasper.compiler.ScriptingVariabler.ScriptingVariableVisitor.setScriptingVars(Node.CustomTag, int);org.apache.jasper.compiler.ScriptingVariabler;2;0;2;0.8182;60;2;2;0;1;1.0000;4;1;1
org.apache.coyote.http11.InternalNioOutputBuffer.addToBB(byte[], int, int);org.apache.tomcat.util.net.SecureNioChannel.ApplicationBufferHandler;2;1;2;0.9333;294;26;16;1;0;0.8750;3;3;0
org.apache.catalina.manager.HTMLManagerServlet.getSessionsForPath(String);org.apache.catalina.Container;1;0;0;1.0000;601;22;14;2;0;0.9444;34;34;6
org.apache.tomcat.util.net.NioEndpoint.Poller.processKey(SelectionKey, KeyAttachment);org.apache.tomcat.util.net.NioEndpoint;2;4;1;0.8276;395;15;7;2;1;0.9815;629;43;64
org.apache.catalina.startup.TaglibUriRule.body(String, String, String);org.apache.tomcat.util.digester.Digester;0;0;0;0;0;0;0;0;0;0;0;0;0
org.apache.catalina.connector.Request.parseParts();org.apache.tomcat.util.http.fileupload.FileUpload;0;0;0;0;0;0;0;0;0;0;0;0;0
org.apache.tomcat.util.net.NioEndpoint.Poller.add(NioChannel, int);org.apache.tomcat.util.net.NioEndpoint;1;1;0;0.9583;395;15;7;0;1;0.9900;629;43;64
org.apache.jasper.compiler.Validator.ValidateVisitor.visit(Node.PlugIn);org.apache.jasper.compiler.Node;1;2;2;0.9362;710;36;19;2;0;0.9412;170;7;15
org.apache.coyote.http11.Http11NioProcessor.prepareRequest();org.apache.coyote.http11.AbstractInputBuffer;0;0;0;0;0;0;0;0;0;0;0;0;0
org.apache.catalina.connector.CoyoteWriter.write(String, int, int);org.apache.catalina.connector.OutputBuffer;0;0;2;0.9355;141;28;3;1;0;0.9762;207;25;15
org.apache.jasper.tagplugins.jstl.core.Out.doTag(TagPluginContext);org.apache.jasper.compiler.tagplugin.TagPluginContext;0;0;0;1.0000;47;1;0;5;0;0.6429;14;14;0
org.apache.catalina.deploy.NamingResources.removeResourceLink(String);org.apache.catalina.deploy.ResourceBase;1;0;3;0.9375;332;35;12;0;1;0.9444;43;9;6
org.apache.catalina.connector.RequestFacade.getParameterValues(String);org.apache.catalina.connector.Request;1;0;2;0.9865;462;73;2;1;0;0.9943;1084;128;51
org.apache.jasper.compiler.PageDataImpl.SecondPassVisitor.visit(Node.TemplateText);org.apache.jasper.compiler.Node.Root;2;1;0;0.9800;307;41;6;0;1;0.9286;56;2;8
org.apache.tomcat.util.digester.WithDefaultsRulesWrapper.clear();org.apache.tomcat.util.digester.Rules;0;0;3;0.7500;55;8;3;1;0;0.9091;8;8;0
org.apache.jasper.compiler.Node.GetProperty.accept(Visitor);org.apache.jasper.compiler.Node.Visitor;0;0;0;1.0000;9;1;0;1;0;0.9714;126;35;0
org.apache.tomcat.util.buf.MessageBytes.setLong(long);org.apache.tomcat.util.buf.HexUtils;2;0;8;0.8478;402;31;17;0;1;1.0000;50;5;3
org.apache.coyote.ajp.AjpAprProcessor.SocketOutputBuffer.doWrite(ByteChunk, Response);org.apache.coyote.Response;4;0;0;1.0000;32;1;0;0;1;0.9783;250;19;18
org.apache.catalina.mbeans.ServerLifecycleListener.createMBeans(Context);org.apache.catalina.Lifecycle;1;1;1;0.9773;569;32;2;0;0;1.0000;5;5;9
org.apache.catalina.startup.HostConfig.checkResources(DeployedApplication);org.apache.catalina.util.LifecycleBase;0;0;0;0;0;0;0;0;0;0;0;0;0
org.apache.catalina.deploy.NamingResources.removeEjb(String);org.apache.catalina.deploy.ResourceBase;1;0;3;0.9375;332;35;12;0;1;0.9444;43;9;6
org.apache.coyote.http11.AbstractHttp11Protocol.isSSLEnabled();org.apache.tomcat.util.net.AbstractEndpoint;0;0;0;0;0;0;0;0;0;0;0;0;0
org.apache.catalina.mbeans.MBeanUtils.createMBean(ContextEnvironment);org.apache.tomcat.util.modeler.Registry;0;2;2;1.0000;853;61;5;1;0;0.9773;446;36;10
org.apache.coyote.http11.AbstractHttp11Protocol.getSoTimeout();org.apache.tomcat.util.net.AbstractEndpoint;0;0;0;0;0;0;0;0;0;0;0;0;0
org.apache.catalina.startup.HostRuleSet.addRuleInstances(Digester);org.apache.tomcat.util.digester.Digester;0;0;1;0.8889;26;1;1;6;0;0.9552;849;103;29
org.apache.catalina.connector.Response.setContext(Context);org.apache.catalina.connector.Request;1;0;1;0.9886;578;70;19;0;1;0.9943;1084;128;51
org.apache.tomcat.util.bcel.classfile.LocalVariableTypeTable.dump(DataOutputStream);org.apache.tomcat.util.bcel.classfile.LocalVariable;0;0;0;0;0;0;0;0;0;0;0;0;0
org.apache.catalina.session.StandardSession.readObject(ObjectInputStream);org.apache.catalina.Manager;0;0;14;0.8375;558;58;26;1;0;0.9800;34;34;0
org.apache.el.parser.ELParser.Multiplication();org.apache.el.parser.ELParserConstants;2;3;4;0.9510;2195;111;22;0;5;0.9296;0;0;57
org.apache.tomcat.util.net.JIoEndpoint.processSocket(SocketWrapper<Socket>, SocketStatus);org.apache.tomcat.util.res.StringManager;0;0;0;0;0;0;0;0;0;0;0;0;0
org.apache.el.parser.ELParser.And();org.apache.el.parser.ELParserTreeConstants;2;3;4;0.9493;2195;111;22;0;1;0.9787;0;0;34
org.apache.el.parser.ELParser.ReInit(java.io.Reader);org.apache.el.parser.ELParserTokenManager;1;0;8;0.9398;2195;111;22;1;0;0.9811;1035;33;25
org.apache.jasper.servlet.JspServlet.getJspReloadCount();org.apache.jasper.compiler.JspRuntimeContext;1;0;1;0.9333;173;10;5;0;1;0.9524;174;9;10
org.apache.el.lang.ELSupport.coerceToType(Object, Class<?>);org.apache.el.lang.ELArithmetic;0;5;0;1.0000;351;22;1;1;0;1.0000;96;16;5
org.apache.catalina.tribes.transport.nio.NioReceiver.closeSelector();org.apache.juli.logging.Log;0;0;2;0.9545;269;15;8;2;0;0.8947;18;18;0
org.apache.coyote.ajp.AjpAprProcessor.parseHost(MessageBytes);org.apache.coyote.Adapter;5;0;4;0.9231;616;13;30;0;0;1.0000;2;2;0
org.apache.jasper.runtime.PageContextImpl.setAttribute(String, Object);org.apache.jasper.security.SecurityUtil;0;1;0;0.9811;634;40;16;1;0;1.0000;31;2;1
org.apache.catalina.connector.MapperListener.lifecycleEvent(LifecycleEvent);org.apache.catalina.Lifecycle;0;0;0;0;0;0;0;0;0;0;0;0;0
org.apache.catalina.core.ApplicationContextFacade.getServlets();org.apache.catalina.core.ApplicationContext;0;1;1;0.9600;426;46;3;1;0;0.9828;460;47;13
org.apache.tomcat.util.net.NioEndpoint.Acceptor.run();org.apache.juli.logging.Log;1;0;0;1.0000;50;1;0;3;0;0.8800;18;18;0
org.apache.catalina.tribes.transport.nio.ParallelNioSender.connect(NioSender[]);org.apache.catalina.tribes.transport.nio.NioSender;0;0;0;1.0000;246;12;4;1;0;0.9600;255;12;11
org.apache.catalina.session.FileStore.load(String);org.apache.catalina.Manager;2;2;0;0.9200;186;13;6;2;0;0.9556;34;34;0
org.apache.catalina.startup.WebAnnotationSet.loadClassAnnotation(Context, String);org.apache.catalina.Context;0;1;0;1.0000;125;6;0;1;0;0.9921;125;125;1
org.apache.catalina.core.StandardHost.findReloadedContextMemoryLeaks();org.apache.catalina.loader.WebappClassLoader;0;0;0;0;0;0;0;0;0;0;0;0;0
org.apache.coyote.http11.InternalAprInputBuffer.fill();org.apache.tomcat.jni.Socket;1;0;8;0.7500;358;13;15;1;0;1.0000;37;37;34
org.apache.el.parser.ELParser.Equality();org.apache.el.parser.ELParserTreeConstants;2;3;4;0.9504;2195;111;22;0;2;0.9592;0;0;34
org.apache.catalina.connector.Request.recycle();org.apache.catalina.connector.CoyoteInputStream;3;0;36;0.8011;1084;128;51;1;0;0.9811;141;8;1
org.apache.catalina.tribes.transport.nio.ParallelNioSender.sendMessage(Member[], ChannelMessage);org.apache.catalina.tribes.ChannelException;2;5;1;0.7500;246;12;4;3;0;0.8636;46;5;2
org.apache.el.parser.AstDeferredExpression.getValue(EvaluationContext);org.apache.el.parser.Node;0;0;0;1.0000;15;4;0;1;0;0.9375;15;15;0
org.apache.coyote.ajp.AjpAprProtocol.setPollTime(int);org.apache.tomcat.util.net.AprEndpoint;0;0;1;0.9815;219;40;15;1;0;0.9875;629;27;59
org.apache.catalina.ha.authenticator.ClusterSingleSignOn.associate(String, Session);org.apache.juli.logging.Log;1;1;2;0.8929;149;16;4;2;0;0.9310;18;18;0
org.apache.jasper.compiler.Validator.ValidateVisitor.visit(Node.ELExpression);org.apache.jasper.compiler.ErrorDispatcher;4;1;3;0.9130;710;36;19;1;0;0.9655;158;22;2
org.apache.catalina.valves.ExtendedAccessLogValve.RequestHeaderElement.addElement(StringBuilder, Date, Request, Response, long);org.apache.catalina.valves.ExtendedAccessLogValve;0;0;1;0.6667;6;1;1;1;0;0.9167;367;10;2
org.apache.catalina.manager.ManagerServlet.findleaks(PrintWriter);org.apache.tomcat.util.res.StringManager;0;0;0;0;0;0;0;0;0;0;0;0;0
org.apache.catalina.users.MemoryUserDatabase.createRole(String, String);org.apache.catalina.users.AbstractRole;0;0;1;0.9688;252;22;10;1;0;0.8571;16;4;2
org.apache.jasper.compiler.Dumper.DumpVisitor.dumpBody(Node);org.apache.jasper.compiler.Node.Nodes;1;0;0;1.0000;122;27;1;1;0;0.9091;43;5;3
org.apache.tomcat.util.modeler.modules.MbeansDescriptorsDOMSource.execute();org.apache.juli.logging.Log;2;0;3;0.8889;93;2;6;5;0;0.8148;18;18;0
org.apache.catalina.ssi.SSIExec.process(SSIMediator, String, String[], String[], PrintWriter);org.apache.catalina.ssi.SSIInclude;1;0;2;0.8000;35;1;2;1;0;0.8000;26;1;0
org.apache.tomcat.util.net.AprEndpoint.Poller.destroy();org.apache.tomcat.util.net.AprEndpoint;1;0;7;0.4167;168;4;7;1;1;0.9767;629;27;59
org.apache.catalina.core.ApplicationContext.getNamedDispatcher(String);org.apache.catalina.core.ContainerBase;0;0;1;0.9821;460;47;13;1;0;0.9889;603;62;29
org.apache.el.parser.ELParser.Integer();org.apache.el.parser.ELParserConstants;4;1;1;0.9854;2195;111;22;0;1;0.9844;0;0;57
org.apache.jasper.compiler.Validator.ValidateVisitor.visit(Node.ForwardAction);org.apache.jasper.compiler.Node;1;1;2;0.9545;710;36;19;1;0;0.9677;170;7;15
org.apache.el.parser.ELParser.jj_3R_68();org.apache.el.parser.ELParserConstants;1;1;0;0.9924;2195;111;22;0;1;0.9828;0;0;57
org.apache.catalina.tribes.group.interceptors.MessageDispatchInterceptor.start(int);org.apache.catalina.tribes.Channel;1;1;1;0.9000;138;12;8;0;1;1.0000;15;15;13
org.apache.catalina.ha.session.ClusterSessionListener.messageReceived(ClusterMessage);org.apache.catalina.ha.ClusterManager;0;0;0;1.0000;32;3;1;1;0;0.9545;15;15;0
org.apache.catalina.connector.RequestFacade.GetCharacterEncodingPrivilegedAction.run();org.apache.catalina.connector.RequestFacade;1;0;0;1.0000;3;1;0;0;1;0.9867;462;73;2
org.apache.tomcat.util.net.NioEndpoint.destroy();org.apache.tomcat.util.net.NioSelectorPool;0;2;5;0.9286;629;43;64;1;0;0.9615;182;9;12
org.apache.tomcat.util.digester.SetPropertiesRule.begin(String, String, Attributes);org.apache.tomcat.util.IntrospectionUtils;2;0;2;0.8824;92;3;2;1;0;1.0000;602;31;5
org.apache.catalina.core.StandardEngine.startInternal();org.apache.catalina.util.ServerInfo;0;0;0;0;0;0;0;0;0;0;0;0;0
org.apache.jasper.compiler.PageDataImpl.SecondPassVisitor.appendTag(Node, boolean);org.apache.jasper.compiler.Node.Nodes;4;4;4;0.8519;307;41;6;1;0;0.9583;43;5;3
org.apache.catalina.session.JDBCStore.getConnection();org.apache.tomcat.util.res.StringManager;1;2;1;0.9508;495;34;23;1;0;0.9286;36;3;3
org.apache.coyote.http11.Http11AprProtocol.Http11ConnectionHandler.event(long, SocketStatus);org.apache.tomcat.util.net.AprEndpoint.Poller;2;0;3;0.8235;119;5;5;1;0;0.9524;168;4;7
org.apache.tomcat.util.buf.MessageBytes.toString();org.apache.tomcat.util.buf.ByteChunk;0;0;7;0.8864;402;31;17;1;0;0.9811;425;43;10
org.apache.jasper.compiler.PageDataImpl.SecondPassVisitor.appendPageDirective();org.apache.jasper.compiler.TagConstants;3;0;4;0.9184;307;41;6;0;1;1.0000;0;0;57
org.apache.jasper.compiler.PageDataImpl.FirstPassVisitor.visit(Node.Root);org.apache.jasper.compiler.TagConstants;4;0;4;0.6667;65;4;4;0;1;1.0000;0;0;57
org.apache.catalina.ha.tcp.SimpleTcpCluster.checkDefaults();org.apache.catalina.ha.ClusterDeployer;0;2;4;0.9104;371;45;31;1;0;0.9375;7;7;1
org.apache.catalina.deploy.NamingResources.addEnvironment(ContextEnvironment);org.apache.catalina.deploy.ContextEnvironment;2;4;3;0.8679;332;35;12;3;1;0.8333;64;8;7
org.apache.coyote.http11.InternalAprInputBuffer.fill();org.apache.tomcat.util.res.StringManager;1;0;8;0.7500;358;13;15;1;0;0.9167;36;3;3
org.apache.catalina.connector.OutputBuffer.write(String, int, int);org.apache.tomcat.util.buf.C2BConverter;0;0;3;0.9268;207;25;15;2;0;0.8824;58;8;5
org.apache.catalina.connector.CoyoteAdapter.parseSessionSslId(Request);org.apache.catalina.connector.Request;3;0;1;1.0000;505;11;8;3;3;0.9655;1084;128;51
org.apache.catalina.manager.ManagerServlet.setWrapper(Wrapper);org.apache.tomcat.util.modeler.Registry;0;0;5;0.8936;913;34;13;2;0;0.9800;446;36;10
org.apache.tomcat.util.digester.Digester.processingInstruction(String, String);org.apache.juli.logging.Log;0;0;1;0.9925;849;103;29;2;0;0.8947;18;18;0
org.apache.jasper.compiler.Generator.GenerateVisitor.visit(Node.IncludeAction);org.apache.jasper.compiler.ServletWriter;5;3;1;0.9429;1737;45;16;2;1;0.8929;65;13;6
org.apache.catalina.mbeans.MemoryUserDatabaseMBean.getGroups();org.apache.catalina.UserDatabase;0;1;0;0.9524;168;12;6;1;0;0.9474;16;16;0
org.apache.jasper.compiler.JspDocumentParser.startElement(String, String, String, Attributes);org.apache.jasper.compiler.Node;6;5;11;0.6667;649;28;20;0;2;0.9535;170;7;15
org.apache.catalina.mbeans.MBeanFactory.createRemoteHostValve(String);org.apache.catalina.Pipeline;1;1;0;0.9730;432;35;2;0;0;1.0000;6;6;0
org.apache.catalina.startup.HostConfig.configBase();org.apache.catalina.Container;0;1;2;0.9388;755;35;15;2;0;0.9487;34;34;6
org.apache.catalina.core.DefaultInstanceManager.postConstruct(Object, Class<?>);org.apache.catalina.Globals;1;1;0;1.0000;316;14;9;0;1;1.0000;0;0;39
org.apache.catalina.tribes.tipis.AbstractReplicatedMap.init(MapOwner, Channel, String, long, int, ClassLoader[]);org.apache.catalina.tribes.Channel;0;2;10;0.8451;740;50;17;2;0;0.9355;15;15;13
org.apache.catalina.ha.tcp.SimpleTcpCluster.checkDefaults();org.apache.catalina.tribes.Channel;0;2;4;0.9104;371;45;31;1;0;0.9565;15;15;13
org.apache.coyote.http11.Http11NioProcessor.parseHost(MessageBytes);org.apache.coyote.Adapter;6;0;6;0.9189;954;28;38;0;0;1.0000;2;2;0
org.apache.catalina.ha.tcp.SimpleTcpCluster.transferProperty(String, Object);org.apache.tomcat.util.IntrospectionUtils;0;2;0;0.9688;371;45;31;1;0;1.0000;602;31;5
org.apache.catalina.tribes.tipis.AbstractReplicatedMap.put(Object, Object, boolean);org.apache.catalina.tribes.Channel;0;3;2;0.9429;740;50;17;1;0;0.9583;15;15;13
org.apache.tomcat.util.net.SSLImplementation.getInstance();org.apache.juli.logging.Log;0;1;2;1.0000;29;5;3;2;0;0.8889;18;18;0
org.apache.catalina.startup.Tomcat.getConnector();org.apache.catalina.connector.Connector;0;1;3;0.8857;218;21;14;1;0;0.9897;455;59;40
org.apache.coyote.http11.Http11NioProcessor.prepareRequest();org.apache.coyote.Adapter;7;3;13;0.8222;954;28;38;0;0;1.0000;2;2;0
org.apache.jasper.compiler.Generator.GenerateVisitor.getTagHandlerInfo(Node.CustomTag);org.apache.jasper.compiler.Node.CustomTag;3;0;1;0.9844;1737;45;16;0;2;0.9535;229;10;26
org.apache.jasper.compiler.Validator.ValidateVisitor.visit(Node.CustomTag);org.apache.jasper.compiler.Node;4;0;1;0.9825;710;36;19;2;3;0.8718;170;7;15
org.apache.jasper.compiler.Generator.FragmentHelperClass.openFragment(Node, int);org.apache.jasper.compiler.Generator.GenBuffer;2;0;3;0.8333;132;6;4;0;1;0.9474;47;3;4
org.apache.catalina.core.ApplicationFilterChain.internalDoFilter(ServletRequest, ServletResponse);org.apache.catalina.security.SecurityUtil;3;0;10;0.7059;225;9;13;2;0;1.0000;146;11;17
org.apache.catalina.loader.WebappLoader.setClassPath();org.apache.juli.logging.Log;2;1;4;0.9310;548;39;19;1;0;0.9583;18;18;0
org.apache.tomcat.util.bcel.classfile.ExceptionTable.toString();org.apache.tomcat.util.bcel.classfile.Utility;0;0;0;0;0;0;0;0;0;0;0;0;0
org.apache.tomcat.util.buf.ByteChunk.startsWithIgnoreCase(String, int);org.apache.tomcat.util.buf.Ascii;0;0;3;0.9348;425;43;10;1;0;1.0000;91;11;7
org.apache.catalina.ha.session.JvmRouteSessionIDBinderListener.stop();org.apache.juli.logging.Log;0;0;1;0.9231;54;5;3;2;0;0.9130;18;18;0
org.apache.coyote.http11.AbstractHttp11Protocol.setTruststoreType(String);org.apache.tomcat.util.net.AbstractEndpoint;0;0;0;0;0;0;0;0;0;0;0;0;0
org.apache.catalina.mbeans.NamingResourcesMBean.getResourceLinks();org.apache.catalina.deploy.NamingResources;0;0;1;0.9286;138;9;2;1;0;0.9804;332;35;12
org.apache.catalina.core.StandardContext.addErrorPage(ErrorPage);org.apache.tomcat.util.res.StringManager;1;1;4;0.9873;2385;204;107;0;0;1.0000;36;3;3
org.apache.catalina.valves.AccessLogValve.HeaderElement.addElement(StringBuilder, Date, Request, Response, long);org.apache.catalina.connector.Request;0;0;1;0.5000;12;1;1;1;0;0.9943;1084;128;51
org.apache.jasper.compiler.Generator.GenerateVisitor.generateCustomStart(Node.CustomTag, TagHandlerInfo, String, String, String);org.apache.jasper.compiler.Node;6;1;2;0.9620;1737;45;16;0;3;0.9348;170;7;15
org.apache.jasper.xmlparser.XMLEncodingDetector.scanPseudoAttribute(boolean, XMLString);org.apache.jasper.compiler.ErrorDispatcher;0;8;2;0.8039;798;23;29;1;0;0.9714;158;22;2
org.apache.coyote.RequestGroupInfo.setRequestCount(int);org.apache.coyote.RequestInfo;1;0;2;0.9091;112;15;7;0;1;0.9655;134;13;14
org.apache.catalina.ha.session.SimpleTcpReplicationManager.stopInternal();org.apache.catalina.Cluster;0;0;0;0;0;0;0;0;0;0;0;0;0
org.apache.jasper.compiler.Compiler.isOutDated(boolean);org.apache.jasper.JspCompilationContext;2;0;3;0.9000;285;11;8;4;2;0.9143;420;31;31
org.apache.catalina.core.ApplicationFilterRegistration.addMappingForServletNames(EnumSet<DispatcherType>, boolean, String);org.apache.catalina.deploy.FilterDef;0;0;0;0;0;0;0;0;0;0;0;0;0
org.apache.catalina.ha.authenticator.ClusterSingleSignOn.startInternal();org.apache.catalina.Container;0;0;0;0;0;0;0;0;0;0;0;0;0
org.apache.catalina.core.StandardContext.addChild(Container);org.apache.tomcat.util.res.StringManager;1;3;1;0.9905;2385;204;107;0;0;1.0000;36;3;3
org.apache.coyote.http11.Http11Processor.prepareRequest();org.apache.tomcat.util.res.StringManager;6;3;13;0.8391;847;26;37;1;0;0.9778;36;3;3
org.apache.catalina.valves.ErrorReportValve.invoke(Request, Response);org.apache.catalina.connector.Response;1;1;0;0.9091;129;4;2;5;0;0.9457;578;70;19
org.apache.coyote.ajp.AjpProcessor.action(ActionCode, Object);org.apache.tomcat.util.net.AbstractEndpoint;0;0;0;0;0;0;0;0;0;0;0;0;0
org.apache.tomcat.util.IntrospectionUtils.getAttribute(Object, String);org.apache.juli.logging.Log;1;0;1;1.0000;602;31;5;2;0;0.8889;18;18;0
org.apache.coyote.http11.Http11AprProtocol.resume();org.apache.tomcat.util.res.StringManager;1;1;3;0.9810;387;76;26;1;0;0.9091;36;3;3
org.apache.catalina.tribes.membership.McastServiceImpl.memberBroadcastsReceived(byte[]);org.apache.catalina.tribes.io.XByteBuffer;0;0;2;0.9767;308;12;27;3;0;0.8929;317;36;7
org.apache.catalina.session.JDBCStore.load(String);org.apache.catalina.Container;2;5;6;0.8333;495;34;23;2;0;0.9636;34;34;6
org.apache.coyote.ajp.AjpAprProcessor.process(long);org.apache.juli.logging.Log;5;4;14;0.7115;616;13;30;4;0;0.9070;18;18;0
org.apache.catalina.users.MemoryUserDatabase.removeGroup(Group);org.apache.catalina.Group;0;1;1;0.9394;252;22;10;1;0;0.9286;11;11;0
org.apache.jasper.servlet.JspServlet.serviceJspFile(HttpServletRequest, HttpServletResponse, String, Throwable, boolean);org.apache.jasper.compiler.JspRuntimeContext;0;1;4;0.7059;173;10;5;2;0;0.9231;174;9;10
org.apache.catalina.mbeans.MBeanUtils.createObjectName(String, Group);org.apache.catalina.UserDatabase;0;0;0;1.0000;853;61;5;1;0;0.9444;16;16;0
org.apache.catalina.tribes.group.interceptors.MessageDispatchInterceptor.sendMessage(Member[], ChannelMessage, InterceptorPayload);org.apache.catalina.tribes.ChannelMessage;2;2;5;0.7083;138;12;8;3;0;0.8500;11;11;0
org.apache.tomcat.util.http.fileupload.DiskFileItem.getStoreLocation();org.apache.tomcat.util.http.fileupload.DeferredFileOutputStream;0;0;0;0;0;0;0;0;0;0;0;0;0
org.apache.el.parser.ELParser.FloatingPoint();org.apache.el.parser.ELParserTreeConstants;4;1;1;0.9854;2195;111;22;0;1;0.9756;0;0;34
org.apache.catalina.authenticator.DigestAuthenticator.setAuthenticateHeader(HttpServletRequest, HttpServletResponse, LoginConfig, String);org.apache.catalina.deploy.LoginConfig;0;0;0;0;0;0;0;0;0;0;0;0;0
org.apache.el.parser.ELParser.BracketSuffix();org.apache.el.parser.JJTELParserState;2;2;1;0.9783;2195;111;22;4;0;0.8182;74;10;5
org.apache.coyote.http11.Http11AprProtocol.getSoTimeout();org.apache.tomcat.util.net.AbstractEndpoint;0;0;0;0;0;0;0;0;0;0;0;0;0
org.apache.tomcat.util.net.NioEndpoint.Poller.register(NioChannel);org.apache.tomcat.util.net.SocketWrapper;0;0;0;0;0;0;0;0;0;0;0;0;0
org.apache.catalina.core.StandardHostValve.invoke(Request, Response);org.apache.catalina.Globals;2;2;1;0.8667;149;7;3;0;2;1.0000;0;0;39
org.apache.jasper.runtime.PageContextImpl.doRemoveAttribute(String, int);org.apache.jasper.compiler.Localizer;0;0;4;0.9245;634;40;16;1;0;1.0000;34;6;1
org.apache.tomcat.util.digester.RulesBase.setDigester(Digester);org.apache.tomcat.util.digester.Rule;1;0;2;0.8333;83;8;4;0;1;0.9286;31;9;2
org.apache.jasper.runtime.PageContextImpl.getAttribute(String);org.apache.jasper.compiler.Localizer;0;1;0;0.9811;634;40;16;1;0;1.0000;34;6;1
org.apache.catalina.authenticator.SingleSignOn.removeSession(String, Session);org.apache.juli.logging.Log;0;2;1;0.8929;187;18;8;2;0;0.9167;18;18;0
org.apache.catalina.connector.RequestFacade.GetParameterNamesPrivilegedAction.run();org.apache.catalina.connector.RequestFacade;1;0;0;1.0000;3;1;0;0;1;0.9867;462;73;2
org.apache.coyote.http11.InternalNioInputBuffer.parseHeader();org.apache.coyote.http11.Constants;2;1;8;0.8000;457;16;24;0;8;1.0000;0;0;44
org.apache.catalina.ha.authenticator.ClusterSingleSignOn.removeSession(String, Session);org.apache.juli.logging.Log;1;1;2;0.8929;149;16;4;2;0;0.9310;18;18;0
org.apache.catalina.connector.Request.getContextPath();org.apache.tomcat.util.http.mapper.MappingData;1;0;1;0.9943;1084;128;51;0;1;0.9167;11;1;9
org.apache.catalina.mbeans.UserMBean.addGroup(String);org.apache.catalina.UserDatabase;0;0;0;1.0000;85;6;3;1;0;0.9474;16;16;0
org.apache.jasper.compiler.PageDataImpl.FirstPassVisitor.visit(Node.Root);org.apache.jasper.compiler.Node;4;0;4;0.6667;65;4;4;0;1;0.9706;170;7;15
org.apache.catalina.ha.deploy.FarmWarDeployer.messageReceived(ClusterMessage);org.apache.catalina.ha.deploy.FileMessage;3;7;2;0.8462;376;28;17;0;2;0.9200;53;2;7
org.apache.jasper.compiler.Validator.ValidateVisitor.visit(Node.DoBodyAction);org.apache.jasper.compiler.Node;0;0;2;0.9767;710;36;19;1;0;0.9655;170;7;15
org.apache.coyote.http11.Http11NioProtocol.Http11ConnectionHandler.register(Http11NioProcessor);org.apache.tomcat.util.modeler.Registry;4;0;4;0.8636;166;8;6;2;0;0.9815;446;36;10
org.apache.coyote.http11.Http11AprProcessor.process(long);org.apache.tomcat.util.net.AprEndpoint.SendfileData;7;4;22;0.7241;938;28;36;0;2;0.9636;0;0;8
org.apache.catalina.ha.session.DeltaManager.changeSessionId(Session, boolean);org.apache.catalina.ha.session.SessionMessage;0;0;0;0;0;0;0;0;0;0;0;0;0
org.apache.naming.factory.webservices.ServiceRefFactory.getObjectInstance(Object, Name, Context, Hashtable<?,?>);org.apache.naming.factory.webservices.ServiceProxy;0;0;0;0;0;0;0;0;0;0;0;0;0
org.apache.el.lang.ELSupport.throwUnhandled(Object, Object);org.apache.el.util.MessageFactory;0;0;0;1.0000;351;22;1;2;0;1.0000;24;7;1
org.apache.catalina.connector.Response.generateCookieString(Cookie);org.apache.tomcat.util.http.ServerCookie;0;0;0;0;0;0;0;0;0;0;0;0;0
org.apache.catalina.tribes.transport.nio.NioReplicationTask.drainChannel(SelectionKey, ObjectReader);org.apache.catalina.tribes.io.BufferPool;4;3;2;0.8667;197;7;5;2;0;0.9615;37;4;4
org.apache.catalina.startup.XmlErrorHandler.logFindings(Log, String);org.apache.juli.logging.Log;0;0;0;0;0;0;0;0;0;0;0;0;0
org.apache.coyote.http11.filters.BufferedInputFilter.available();org.apache.tomcat.util.buf.ByteChunk;0;0;1;0.9000;49;6;6;1;0;0.9792;425;43;10
org.apache.coyote.ajp.AjpProtocol.getThreadPriority();org.apache.tomcat.util.net.AbstractEndpoint;0;0;0;0;0;0;0;0;0;0;0;0;0
org.apache.catalina.connector.ResponseFacade.sendError(int, String);org.apache.catalina.connector.Response;1;1;1;0.9524;224;40;2;1;1;0.9778;578;70;19
org.apache.tomcat.util.net.NioEndpoint.Poller.processSendfile(SelectionKey, KeyAttachment, boolean, boolean);org.apache.tomcat.util.net.NioChannel;4;3;0;0.9231;395;15;7;2;2;0.8889;83;15;5
org.apache.coyote.http11.AbstractHttp11Processor.addFilter(String);org.apache.coyote.http11.AbstractInputBuffer;0;0;0;0;0;0;0;0;0;0;0;0;0
org.apache.catalina.manager.ManagerServlet.list(PrintWriter);org.apache.catalina.Context;1;0;3;0.9600;913;34;13;3;0;0.9771;125;125;1
org.apache.tomcat.util.buf.UEncoder.urlEncode(Writer, String);org.apache.tomcat.util.buf.C2BConverter;2;1;5;0.7333;87;6;6;2;0;0.9091;58;8;5
org.apache.catalina.session.StandardManager.unload();org.apache.catalina.security.SecurityUtil;0;1;0;0.9630;328;19;8;1;0;1.0000;146;11;17
org.apache.coyote.ajp.AjpMessage.appendBytes(MessageBytes);org.apache.juli.logging.Log;1;5;2;0.8333;235;23;5;1;0;0.9643;18;18;0
org.apache.catalina.tribes.transport.bio.BioReplicationTask.execute(ObjectReader);org.apache.catalina.tribes.transport.Constants;1;1;1;0.9444;92;6;3;0;2;1.0000;0;0;5
org.apache.catalina.tribes.group.ChannelCoordinator.sendMessage(Member[], ChannelMessage, InterceptorPayload);org.apache.catalina.tribes.MembershipService;2;0;2;0.9286;164;15;5;2;0;0.9167;17;17;2
org.apache.catalina.core.StandardContext.getObjectKeyPropertiesNameOnly();org.apache.catalina.Container;0;0;0;0;0;0;0;0;0;0;0;0;0
org.apache.catalina.tribes.transport.nio.ParallelNioSender.connect(NioSender[]);org.apache.catalina.tribes.ChannelException;0;0;0;1.0000;246;12;4;1;0;0.9167;46;5;2
org.apache.catalina.realm.MemoryRealm.authenticate(String, String);org.apache.catalina.realm.GenericPrincipal;1;0;3;0.9333;97;8;7;1;0;0.9500;56;7;5
org.apache.catalina.util.LifecycleBase.removeLifecycleListener(LifecycleListener);org.apache.catalina.util.LifecycleSupport;0;0;0;0;0;0;0;0;0;0;0;0;0
org.apache.jasper.compiler.Parser.parseAttribute(AttributesImpl);org.apache.jasper.compiler.JspReader;1;2;3;0.9296;1203;56;14;4;0;0.9091;322;25;9
org.apache.coyote.http11.InternalNioOutputBuffer.writeToSocket(ByteBuffer, boolean, boolean);org.apache.tomcat.util.net.NioSelectorPool;1;0;4;0.9149;294;26;16;3;0;0.8800;182;9;12
org.apache.catalina.session.StandardSession.setAttribute(String, Object, boolean);org.apache.tomcat.util.res.StringManager;1;4;3;0.9259;558;58;26;0;0;1.0000;36;3;3
org.apache.jasper.compiler.AntCompiler.getProject();org.apache.jasper.Options;0;0;2;0.7778;158;3;3;1;0;0.9706;28;28;0
org.apache.catalina.core.StandardEngineValve.invoke(Request, Response);org.apache.catalina.connector.Response;1;0;1;1.0000;14;3;2;1;0;0.9892;578;70;19
org.apache.coyote.http11.Http11NioProcessor.asyncDispatch(SocketStatus);org.apache.coyote.Response;0;0;0;0;0;0;0;0;0;0;0;0;0
org.apache.catalina.ha.session.SimpleTcpReplicationManager.getReplicationStream(byte[], int, int);org.apache.catalina.Loader;0;0;0;1.0000;362;17;17;1;0;0.9375;14;14;0
org.apache.catalina.tribes.group.interceptors.NonBlockingCoordinator.heartbeat();org.apache.juli.logging.Log;0;4;2;0.8800;352;38;14;1;0;0.9600;18;18;0
org.apache.catalina.valves.JDBCAccessLogValve.invoke(Request, Response);org.apache.catalina.Valve;1;3;6;0.8163;216;10;26;1;0;0.9643;6;6;0
org.apache.catalina.core.AsyncContextImpl.addListener(AsyncListener, ServletRequest, ServletResponse);org.apache.catalina.core.AsyncListenerWrapper;1;0;1;0.9677;244;21;12;0;1;0.7500;12;2;1
org.apache.catalina.connector.Request.recycle();org.apache.catalina.connector.RequestFacade;3;0;36;0.8011;1084;128;51;1;0;0.9915;462;73;2
org.apache.catalina.ha.session.ClusterManagerBase.getClassLoaders(Container);org.apache.catalina.Loader;0;0;0;1.0000;23;4;0;1;0;0.9333;14;14;0
