Class;LOC;NMD;NAD;LCOM5;NADC;ATFD;WMC
org.apache.catalina.mbeans.ContextResourceMBean;76;2;0;0.0000;0;5.0;21
org.apache.naming.ResourceEnvRef;21;1;1;1.0000;0;0.0;5
org.apache.tomcat.util.bcel.classfile.ConstantFloat;17;2;1;0.2500;1;1.0;5
org.apache.catalina.valves.ErrorReportValve;135;4;2;1.0000;1;2.0;29
org.apache.tomcat.util.bcel.classfile.Field;37;4;1;0.7500;1;2.0;11
org.apache.jasper.compiler.TldLocation;0;0;0;0;0;0;0
org.apache.catalina.realm.MemoryRuleSet;11;1;1;0.5000;0;0.0;3
org.apache.catalina.tribes.transport.bio.util.SingleRemoveSynchronizedAddLock;88;6;7;0.8061;0;0.0;28
org.apache.catalina.ha.session.SessionIDMessage;45;2;5;0.9091;0;0.0;12
org.apache.tomcat.util.bcel.classfile.AccessFlags;2;0;1;0.0000;0;0.0;1
org.apache.catalina.deploy.FilterMap;96;9;13;0.8951;0;0.0;27
org.apache.tomcat.util.http.fileupload.FileItemHeadersSupport;2;2;0;0.0000;0;0.0;2
org.apache.tomcat.util.digester.GenericParser;16;1;3;0.0000;0;1.0;3
org.apache.tomcat.util.bcel.classfile.ArrayElementValue;35;3;1;0.0000;0;0.0;11
org.apache.tomcat.util.http.fileupload.DiskFileItemFactory;33;1;4;0.7813;0;0.0;10
org.apache.tomcat.util.digester.NodeCreateRule;44;2;2;0.8000;0;4.0;12
org.apache.tomcat.util.http.HttpMessages;56;3;5;1.0000;0;0.0;25
org.apache.catalina.ha.ClusterMessageBase;20;0;3;0.8333;0;0.0;7
org.apache.catalina.valves.CometConnectionManagerValve;149;11;6;0.8030;0;9.0;43
org.apache.catalina.startup.WebRuleSet;246;4;7;0.8571;0;3.0;9
org.apache.tomcat.util.modeler.modules.MbeansDescriptorsDigesterSource;77;3;7;0.9524;0;2.0;11
org.apache.tomcat.jni.FileInfo;0;0;17;0.0000;0;0.0;0
org.apache.naming.NamingEntry;16;2;7;1.1429;0;0.0;5
org.apache.tomcat.util.modeler.NotificationInfo;36;6;3;0.7333;0;0.0;7
org.apache.coyote.http11.Http11NioProcessor;828;14;11;0.7557;3;107.0;241
org.apache.tomcat.util.http.CookieSupport;50;5;9;1.1556;0;0.0;22
org.apache.coyote.ajp.AjpAprProtocol;219;40;15;0.9267;1;15.0;69
org.apache.coyote.Constants;0;0;14;0.0000;0;0.0;0
org.apache.catalina.loader.WebappLoader;565;39;19;0.9310;1;12.0;163
org.apache.naming.TransactionRef;21;1;1;1.0000;0;0.0;5
org.apache.tomcat.util.http.ValuesEnumerator;26;3;5;0.6000;0;1.0;6
org.apache.catalina.ha.session.ClusterManagerBase;23;4;0;0.0000;0;0.0;7
org.apache.jasper.util.Enumerator;35;2;1;0.5714;0;0.0;10
org.apache.catalina.filters.FilterBase;12;3;1;1.0000;0;0.0;5
org.apache.tomcat.util.bcel.classfile.LineNumberTable;50;4;2;0.2000;1;1.0;13
org.apache.catalina.manager.util.BaseSessionComparator;9;2;0;0.0000;0;0.0;6
org.apache.catalina.tribes.group.interceptors.StaticMembershipInterceptor;56;7;2;0.6250;0;2.0;19
org.apache.catalina.core.Constants;0;0;6;0.0000;0;0.0;0
org.apache.catalina.ha.session.JvmRouteSessionIDBinderListener;54;5;3;0.9444;0;5.0;20
org.apache.catalina.User;17;17;0;0.0000;0;0.0;17
org.apache.jasper.compiler.AntCompiler;158;3;4;0.6250;0;2.0;28
org.apache.catalina.valves.Constants;0;0;1;0.0000;0;0.0;0
org.apache.catalina.tribes.group.interceptors.MessageDispatch15Interceptor;53;7;6;0.8472;0;0.0;14
org.apache.catalina.connector.CoyoteAdapter;596;12;9;0.8519;3;66.0;162
org.apache.tomcat.util.http.fileupload.DiskFileItem;232;17;16;0.9425;0;2.0;58
org.apache.catalina.mbeans.NamingResourcesMBean;138;9;2;0.7778;0;3.0;28
org.apache.tomcat.util.modeler.AttributeInfo;55;8;7;0.9451;0;0.0;19
org.apache.catalina.connector.CoyoteReader;102;12;4;0.8125;0;0.0;30
org.apache.catalina.session.PersistentManagerBase;446;33;14;0.9286;0;4.0;148
org.apache.el.parser.AstNull;9;2;0;0.0000;0;0.0;3
org.apache.jasper.compiler.Validator;65;3;0;0.0000;0;8.0;18
org.apache.jasper.el.JspMethodNotFoundException;3;0;1;0.0000;0;0.0;1
org.apache.naming.factory.OpenEjbFactory;19;1;1;0.0000;0;0.0;4
org.apache.tomcat.jni.Mmap;4;4;2;1.3333;0;0.0;4
org.apache.catalina.Engine;6;6;0;0.0000;0;0.0;6
org.apache.el.parser.AstDeferredExpression;15;4;0;0.0000;0;0.0;5
org.apache.tomcat.util.bcel.classfile.LocalVariableTable;50;5;2;0.1667;1;2.0;15
org.apache.catalina.util.RequestUtil;183;13;1;1.0833;0;0.0;64
org.apache.tomcat.util.bcel.classfile.RuntimeVisibleParameterAnnotations;7;1;0;0.0000;1;1.0;2
org.apache.tomcat.util.bcel.classfile.LocalVariable;43;5;6;0.6905;1;2.0;9
org.apache.catalina.util.CharsetMapper;26;2;2;0.6667;0;0.0;7
org.apache.catalina.ssi.SSIMediator;190;16;13;0.9510;1;1.0;50
org.apache.el.parser.AstPlus;8;1;0;0.0000;0;0.0;2
org.apache.catalina.ant.jmx.JMXAccessorCondition;164;6;14;0.9470;0;0.0;57
org.apache.naming.ContextBindings;112;21;6;0.8417;0;0.0;36
org.apache.el.parser.AstTrue;6;1;0;0.0000;0;0.0;2
org.apache.jasper.JasperException;9;0;0;0.0000;0;0.0;3
org.apache.catalina.startup.SetNextNamingRule;25;2;2;0.0000;0;0.0;4
org.apache.el.parser.AstDiv;8;1;0;0.0000;0;0.0;2
org.apache.catalina.ha.authenticator.SingleSignOnMessage;76;2;16;0.9792;0;0.0;23
org.apache.jasper.compiler.TextOptimizer;5;1;0;0.0000;0;0.0;1
org.apache.jasper.runtime.ProtectedFunctionMapper;83;4;2;0.6250;0;0.0;13
org.apache.catalina.startup.Tool;86;2;6;0.8333;0;0.0;21
org.apache.catalina.Session;32;32;4;1.0323;0;0.0;32
org.apache.jasper.tagplugins.jstl.core.When;17;1;0;0.0000;0;0.0;3
org.apache.catalina.servlets.DefaultServlet;994;37;18;0.9475;1;13.0;264
org.apache.tomcat.util.bcel.classfile.PMGClass;27;5;2;0.6667;1;3.0;7
org.apache.jasper.Options;28;28;0;0.0000;0;0.0;28
org.apache.tomcat.util.http.fileupload.IOUtils;29;3;1;1.0000;0;0.0;8
org.apache.catalina.deploy.MessageDestinationRef;35;3;3;0.7500;0;0.0;9
org.apache.catalina.ha.session.DeltaRequest;179;15;15;0.8824;0;0.0;49
org.apache.catalina.core.ApplicationSessionCookieConfig;72;1;7;0.9286;1;1.0;26
org.apache.jasper.compiler.ELNode;1;1;0;0.0000;0;0.0;1
org.apache.tomcat.util.buf.B2CConverter;36;3;6;0.8333;0;1.0;12
org.apache.catalina.mbeans.JmxRemoteLifecycleListener;109;4;13;0.8718;0;2.0;24
org.apache.catalina.startup.NamingRuleSet;31;1;1;0.5000;0;0.0;3
org.apache.catalina.ssi.SSIFilter;63;3;6;0.5000;1;1.0;14
org.apache.el.parser.AstDynamicExpression;15;4;0;0.0000;0;0.0;5
org.apache.catalina.ssi.SSIConditionalState;0;0;3;0.0000;0;0.0;0
org.apache.catalina.deploy.WebXml;1446;42;41;0.9617;0;38.0;296
org.apache.catalina.ha.backend.HeartbeatListener;82;2;10;0.9385;0;5.0;22
org.apache.catalina.valves.SemaphoreValve;94;9;9;0.8954;0;3.0;26
org.apache.catalina.loader.Constants;0;0;1;0.0000;0;0.0;0
org.apache.tomcat.util.buf.UDecoder;152;11;1;1.0000;0;11.0;61
org.apache.jasper.compiler.JarURLResource;0;0;0;0;0;0;0
org.apache.catalina.tribes.ChannelMessage;11;11;0;0.0000;0;0.0;11
org.apache.tomcat.util.modeler.modules.MbeansDescriptorsIntrospectionSource;194;7;10;0.9700;0;7.0;67
org.apache.tomcat.util.log.SystemLogHandler;128;29;3;0.9540;0;1.0;40
org.apache.catalina.startup.SetParentClassLoaderRule;8;1;1;0.0000;0;1.0;3
org.apache.tomcat.util.net.SocketWrapper;51;2;8;0.9453;0;0.0;17
org.apache.tomcat.util.net.AbstractEndpoint;391;29;68;0.9947;0;2.0;126
org.apache.catalina.deploy.JspPropertyGroup;72;9;12;0.9565;0;0.0;24
org.apache.juli.AsyncFileHandler;56;4;10;1.0400;0;0.0;16
org.apache.jasper.runtime.HttpJspBase;26;9;0;0.0000;0;0.0;10
org.apache.coyote.http11.filters.BufferedInputFilter;49;6;6;0.8333;0;3.0;14
org.apache.catalina.deploy.SecurityRoleRef;23;3;2;0.5000;0;0.0;6
org.apache.catalina.tribes.group.interceptors.OrderInterceptor;141;9;8;0.9286;0;2.0;39
org.apache.tomcat.buildutil.Txt2Html;60;3;2;0.6667;0;0.0;16
org.apache.coyote.http11.filters.VoidOutputFilter;16;4;3;1.0667;0;0.0;6
org.apache.tomcat.util.digester.ObjectCreationFactory;3;3;0;0.0000;0;0.0;3
org.apache.tomcat.util.net.SecureNioChannel;255;15;8;0.7898;0;0.0;78
org.apache.catalina.ha.authenticator.ClusterSingleSignOnListener;82;4;2;0.7500;1;14.0;27
org.apache.jasper.runtime.PerThreadTagHandlerPool;60;4;3;0.7500;1;1.0;14
org.apache.jasper.runtime.BodyContentImpl;249;35;6;0.8056;1;1.0;78
org.apache.tomcat.util.bcel.classfile.ConstantClass;17;2;1;0.2500;1;1.0;5
org.apache.catalina.core.ApplicationJspPropertyGroupDescriptor;0;0;0;0;0;0;0
org.apache.catalina.util.XMLWriter;79;10;5;0.7636;0;0.0;25
org.apache.catalina.ssi.SSIFlastmod;31;2;0;0.0000;1;3.0;6
org.apache.jasper.tagplugins.jstl.core.ForTokens;70;1;0;0.0000;0;0.0;6
org.apache.catalina.util.Extension;112;10;8;0.8681;0;0.0;45
org.apache.tomcat.util.bcel.classfile.InnerClass;47;4;4;0.4000;1;3.0;10
org.apache.tomcat.util.net.jsse.JSSEFactory;9;3;0;0.0000;0;0.0;3
org.apache.tomcat.util.http.fileupload.Closeable;2;2;0;0.0000;0;0.0;2
org.apache.jasper.EmbeddedServletOptions;350;4;28;0.9676;0;1.0;109
org.apache.jasper.xmlparser.ParserUtils;58;3;3;1.0000;0;11.0;15
org.apache.catalina.util.IOTools;22;4;1;0.7500;0;0.0;7
org.apache.juli.logging.DirectJDKLog;81;21;3;0.9206;0;0.0;26
org.apache.catalina.ha.deploy.FileChangeListener;2;2;0;0.0000;0;0.0;2
org.apache.catalina.ssi.SSIProcessor;202;9;6;0.9630;0;3.0;59
org.apache.catalina.startup.SetLoginConfig;8;1;1;1.0000;0;0.0;3
org.apache.tomcat.jni.SSLSocket;7;7;0;0.0000;0;0.0;7
org.apache.jasper.runtime.JspApplicationContextImpl;73;5;6;0.9167;1;1.0;17
org.apache.jasper.tagplugins.jstl.core.Redirect;31;1;0;0.0000;0;0.0;2
org.apache.tomcat.util.modeler.BaseModelMBean;284;28;9;0.9068;0;0.0;111
org.apache.catalina.util.DateTool;0;0;11;0.0000;0;0.0;0
org.apache.jasper.compiler.ErrorHandler;4;4;0;0.0000;0;0.0;4
org.apache.el.parser.AstNegative;44;2;0;0.0000;0;0.0;14
org.apache.jasper.xmlparser.TreeNode;109;13;5;0.8800;0;0.0;37
org.apache.catalina.Context;131;131;1;1.0077;0;0.0;131
org.apache.catalina.filters.AddDefaultCharsetFilter;13;3;0;0.0000;0;0.0;4
org.apache.catalina.manager.StatusManagerServlet;160;4;6;0.5556;0;0.0;33
org.apache.tomcat.util.net.NioEndpoint;362;19;26;0.9667;0;5.0;107
org.apache.catalina.loader.JdbcLeakPrevention;13;1;0;0.0000;0;0.0;3
org.apache.catalina.core.ApplicationFilterRegistration;0;0;0;0;0;0;0
org.apache.catalina.authenticator.SavedRequest;67;15;9;0.9357;0;0.0;22
org.apache.tomcat.jni.BIOCallback;4;4;0;0.0000;0;0.0;4
org.apache.catalina.ant.DeployTask;93;7;6;0.8333;0;0.0;29
org.apache.catalina.ha.tcp.SendMessageData;24;0;3;0.6667;0;0.0;7
org.apache.naming.SelectorContext;170;31;7;0.9048;0;0.0;54
org.apache.el.lang.ELArithmetic;96;16;5;0.8000;0;0.0;46
org.apache.catalina.LifecycleListener;1;1;0;0.0000;0;0.0;1
org.apache.el.ValueExpressionImpl;73;11;5;0.6714;0;0.0;20
org.apache.catalina.ha.jmx.ClusterJmxHelper;82;7;4;0.9286;0;1.0;19
org.apache.catalina.core.StandardPipeline;243;17;8;0.7697;0;10.0;75
org.apache.tomcat.util.http.NamesEnumerator;30;3;4;0.5833;0;1.0;8
org.apache.tomcat.util.http.fileupload.DeferredFileOutputStream;60;5;7;0.7857;0;0.0;14
org.apache.catalina.ha.Constants;0;0;1;0.0000;0;0.0;0
org.apache.tomcat.util.buf.ReadConvertor;17;3;0;0.0000;0;0.0;6
org.apache.jasper.compiler.Collector;5;1;0;0.0000;0;1.0;1
org.apache.tomcat.util.digester.FactoryCreateRule;114;5;5;0.8286;0;2.0;35
org.apache.tomcat.util.bcel.classfile.RuntimeInvisibleParameterAnnotations;7;1;0;0.0000;1;1.0;2
org.apache.catalina.tribes.ChannelListener;4;4;0;0.0000;0;0.0;4
org.apache.catalina.deploy.NamingResources;342;36;13;0.8865;0;1.0;66
org.apache.catalina.deploy.ContextResourceEnvRef;19;2;2;0.7500;0;0.0;4
org.apache.tomcat.util.http.FastHttpDateFormat;85;6;8;0.9250;0;0.0;21
org.apache.tomcat.util.buf.WriteConvertor;22;4;1;0.7500;0;0.0;6
org.apache.catalina.tribes.ChannelInterceptor;16;16;0;0.0000;0;0.0;16
org.apache.catalina.core.ApplicationJspConfigDescriptor;0;0;0;0;0;0;0
org.apache.tomcat.util.net.DefaultServerSocketFactory;16;5;0;0.0000;0;0.0;6
org.apache.catalina.ContainerServlet;2;2;0;0.0000;0;0.0;2
org.apache.coyote.http11.filters.IdentityOutputFilter;50;4;5;0.8000;0;2.0;12
org.apache.catalina.Executor;2;2;0;0.0000;0;0.0;2
org.apache.catalina.deploy.FilterDef;57;9;9;0.9375;0;0.0;17
org.apache.el.parser.AstIdentifier;78;7;0;0.0000;0;2.0;21
org.apache.catalina.mbeans.Constants;0;0;1;0.0000;0;0.0;0
org.apache.jasper.compiler.JspUtil;608;37;6;1.0046;0;4.0;188
org.apache.catalina.realm.RealmBase;685;39;24;0.9575;2;7.0;235
org.apache.catalina.tribes.group.AbsoluteOrder;7;1;1;1.0000;0;0.0;4
org.apache.catalina.startup.ExpandWar;244;9;2;0.6250;0;0.0;57
org.apache.catalina.core.ApplicationFilterChain;231;9;13;0.8811;1;8.0;58
org.apache.tomcat.util.modeler.OperationInfo;53;8;4;0.9500;0;0.0;18
org.apache.jasper.compiler.ErrorDispatcher;158;22;2;0.9091;0;6.0;42
org.apache.coyote.OutputBuffer;1;1;0;0.0000;0;0.0;1
org.apache.el.parser.ELParserTokenManager;1032;32;25;0.9329;0;7.0;443
org.apache.catalina.tribes.io.DirectByteArrayOutputStream;15;4;1;0.0000;0;2.0;5
org.apache.tomcat.util.bcel.classfile.Attribute;98;6;5;0.8286;1;25.0;34
org.apache.tomcat.util.bcel.util.ByteSequence;7;1;1;0.0000;0;0.0;2
org.apache.jasper.compiler.WebXml;53;1;6;0.7778;1;3.0;13
org.apache.tomcat.jni.SSL;14;14;118;1.0769;0;0.0;14
org.apache.catalina.tribes.group.interceptors.SimpleCoordinator;58;9;2;0.7778;0;1.0;16
org.apache.catalina.mbeans.ClassNameMBean;6;1;0;0.0000;0;0.0;2
org.apache.jasper.compiler.ServletWriter;54;12;6;0.6923;0;0.0;19
org.apache.catalina.deploy.ApplicationParameter;39;5;5;0.8250;0;0.0;10
org.apache.catalina.authenticator.AuthenticatorBase;306;20;20;0.9500;1;10.0;103
org.apache.tomcat.util.http.fileupload.ProgressListener;1;1;0;0.0000;0;0.0;1
org.apache.jasper.el.JspPropertyNotWritableException;3;0;1;0.0000;0;0.0;1
org.apache.el.parser.Node;15;15;0;0.0000;0;0.0;15
org.apache.catalina.startup.WebAnnotationSet;125;6;0;0.0000;0;8.0;52
org.apache.tomcat.util.net.SSLSessionManager;1;1;0;0.0000;0;0.0;1
org.apache.catalina.core.StandardWrapper;737;75;35;0.9734;2;18.0;206
org.apache.catalina.tribes.membership.Constants;4;1;1;0.0000;0;0.0;1
org.apache.tomcat.util.bcel.classfile.ConstantInteger;17;2;1;0.2500;1;1.0;5
org.apache.tomcat.jni.Sockaddr;0;0;6;0.0000;0;0.0;0
org.apache.tomcat.util.bcel.classfile.AnnotationElementValue;20;3;1;0.2500;0;0.0;6
org.apache.naming.factory.BeanFactory;112;1;0;0.0000;1;1.0;35
org.apache.coyote.http11.Http11AprProtocol;387;76;26;0.9640;1;31.0;128
org.apache.naming.JndiPermission;6;0;0;0.0000;0;0.0;2
org.apache.tomcat.jni.Local;5;5;0;0.0000;0;0.0;5
org.apache.catalina.ha.deploy.WarWatcher;49;3;4;0.7500;0;0.0;16
org.apache.catalina.authenticator.SingleSignOn;190;18;8;0.9107;1;8.0;72
org.apache.juli.logging.LogFactory;50;12;6;0.9762;0;0.0;16
org.apache.tomcat.util.modeler.BaseNotificationBroadcaster;54;6;1;0.6000;0;3.0;20
org.apache.coyote.http11.InternalOutputBuffer;72;8;3;0.5758;1;5.0;19
org.apache.coyote.http11.InputFilter;7;7;0;0.0000;0;0.0;7
org.apache.jasper.compiler.JarResource;0;0;0;0;0;0;0
org.apache.tomcat.util.http.Parameters;245;14;15;0.9375;0;7.0;62
org.apache.catalina.ContainerListener;1;1;0;0.0000;0;0.0;1
org.apache.catalina.tribes.membership.StaticMember;29;3;0;0.0000;0;0.0;13
org.apache.jasper.el.ELResolverImpl;89;7;2;0.8571;1;1.0;26
org.apache.tomcat.util.http.fileupload.Streams;62;4;1;1.0000;0;0.0;16
org.apache.el.parser.AstChoice;12;2;0;0.0000;0;0.0;5
org.apache.catalina.core.AprLifecycleListener;108;7;13;0.9231;0;6.0;28
org.apache.catalina.connector.RequestFacade;450;69;2;0.1232;1;2.0;140
org.apache.coyote.http11.Http11NioProtocol;94;17;3;0.9259;1;12.0;25
org.apache.naming.ServiceRef;71;5;9;1.0000;0;0.0;15
org.apache.coyote.Adapter;3;3;0;0.0000;0;0.0;3
org.apache.naming.ResourceRef;54;2;4;1.0000;0;0.0;10
org.apache.tomcat.util.http.fileupload.FileDeleteStrategy;25;4;3;1.0833;0;0.0;10
org.apache.tomcat.util.modeler.FixedNotificationFilter;15;2;2;1.0000;0;0.0;5
org.apache.jasper.runtime.JspFactoryImpl;71;6;5;1.0000;1;1.0;16
org.apache.tomcat.util.buf.MessageBytes;380;30;16;0.7536;0;3.0;113
org.apache.tomcat.util.bcel.classfile.StackMapTable;43;4;2;0.2000;1;1.0;12
org.apache.naming.resources.Constants;0;0;3;0.0000;0;0.0;0
org.apache.catalina.mbeans.GlobalResourcesLifecycleListener;103;5;3;0.8333;0;2.0;29
org.apache.catalina.connector.CometEventImpl;54;6;5;0.7800;0;1.0;15
org.apache.catalina.loader.WebappClassLoader;1485;53;33;0.9418;2;8.0;445
org.apache.tomcat.util.bcel.classfile.AnnotationEntry;30;4;5;0.7500;1;2.0;7
org.apache.catalina.ant.jmx.JMXAccessorInvokeTask;55;4;3;0.7143;0;2.0;14
org.apache.jasper.el.ExpressionEvaluatorImpl;19;2;1;0.5000;0;1.0;5
org.apache.catalina.tribes.membership.MemberImpl;300;29;19;0.9485;0;1.0;65
org.apache.tomcat.JarScanner;1;1;0;0.0000;0;0.0;1
org.apache.tomcat.util.digester.ParserFeatureSetterFactory;8;1;1;0.0000;0;0.0;2
org.apache.tomcat.util.bcel.classfile.ConstantNameAndType;22;2;2;0.4000;1;1.0;6
org.apache.tomcat.util.net.SSLImplementation;30;6;3;0.9333;0;0.0;13
org.apache.tomcat.util.res.StringManager;50;3;3;0.7778;0;0.0;12
org.apache.catalina.Manager;35;35;0;0.0000;0;0.0;35
org.apache.tomcat.util.http.mapper.MappingData;11;1;9;0.0000;0;0.0;1
org.apache.tomcat.jni.Global;6;6;0;0.0000;0;0.0;6
org.apache.catalina.session.ManagerBase;500;56;31;0.9677;1;1.0;149
org.apache.catalina.filters.RequestFilter;82;10;5;0.9111;0;0.0;24
org.apache.catalina.startup.XmlErrorHandler;0;0;0;0;0;0;0
org.apache.tomcat.util.bcel.classfile.Unknown;46;3;3;0.6000;1;3.0;12
org.apache.jasper.compiler.ELParser;204;12;8;0.8750;0;0.0;64
org.apache.catalina.tribes.Constants;0;0;1;0.0000;0;0.0;0
org.apache.catalina.ha.backend.MultiCastSender;41;1;4;0.7500;0;4.0;7
org.apache.catalina.startup.Bootstrap;240;19;8;0.9097;0;4.0;55
org.apache.tomcat.util.bcel.classfile.StackMapEntry;64;3;5;0.3000;0;0.0;16
org.apache.catalina.tribes.group.GroupChannel;268;24;9;0.9074;0;17.0;84
org.apache.jasper.runtime.JspRuntimeLibrary;626;44;2;1.0000;1;1.0;221
org.apache.catalina.tribes.ChannelReceiver;8;8;1;1.1429;0;0.0;8
org.apache.catalina.startup.Tomcat;246;24;14;0.9714;0;4.0;50
org.apache.naming.factory.Constants;0;0;12;0.0000;0;0.0;0
org.apache.catalina.mbeans.ConnectorMBean;34;2;0;0.0000;0;0.0;10
org.apache.catalina.startup.SetContextPropertiesRule;15;1;0;0.0000;0;3.0;8
org.apache.catalina.tribes.util.UUIDGenerator;26;3;6;0.9167;0;0.0;10
org.apache.tomcat.util.bcel.classfile.ConstantString;17;2;1;0.2500;1;1.0;5
org.apache.catalina.tribes.group.interceptors.TcpFailureDetector;227;15;10;0.8875;0;10.0;77
org.apache.tomcat.util.digester.AbstractRulesImpl;25;5;2;0.7500;0;2.0;11
org.apache.catalina.tribes.tipis.Streamable;3;3;0;0.0000;0;0.0;3
org.apache.naming.resources.DirContextURLConnection;186;11;7;0.8462;0;6.0;63
org.apache.catalina.deploy.ContextHandler;63;12;5;0.8333;0;0.0;18
org.apache.tomcat.jni.Status;160;54;59;1.0189;0;0.0;54
org.apache.tomcat.util.modeler.ConstructorInfo;8;1;1;2.0000;0;0.0;3
org.apache.jasper.compiler.Compiler;294;11;8;0.8036;1;22.0;73
org.apache.tomcat.jni.Procattr;13;13;0;0.0000;0;0.0;13
org.apache.catalina.deploy.ResourceBase;43;9;7;0.9231;0;0.0;14
org.apache.naming.resources.WARDirContext;203;30;3;0.8889;0;1.0;66
org.apache.catalina.Host;22;22;2;1.0476;0;0.0;22
org.apache.tomcat.util.threads.TaskQueue;27;3;1;0.5000;0;0.0;13
org.apache.catalina.core.DefaultInstanceManager;316;14;9;0.9206;2;2.0;78
org.apache.catalina.startup.VersionRule;9;1;0;0.0000;0;2.0;3
org.apache.catalina.util.Enumerator;35;2;1;0.5714;0;0.0;10
org.apache.tomcat.util.http.fileupload.LimitedInputStream;33;5;3;0.7778;0;0.0;10
org.apache.catalina.tribes.io.ReplicationStream;74;6;1;0.5000;0;0.0;23
org.apache.catalina.ha.session.StandardSessionContext;6;2;1;1.0000;0;0.0;2
org.apache.el.parser.AstNot;11;2;0;0.0000;0;0.0;3
org.apache.catalina.tribes.tipis.LazyReplicatedMap;54;2;1;1.0000;0;4.0;18
org.apache.tomcat.util.log.CaptureLog;13;2;2;0.5000;0;0.0;4
org.apache.coyote.http11.filters.VoidInputFilter;18;6;2;1.0833;0;0.0;7
org.apache.catalina.mbeans.GroupMBean;63;4;3;1.0833;0;0.0;13
org.apache.catalina.ha.tcp.Constants;0;0;1;0.0000;0;0.0;0
org.apache.el.parser.AstString;35;4;1;1.0000;0;0.0;15
org.apache.catalina.tribes.transport.nio.NioReceiver;269;15;8;0.8667;1;7.0;80
org.apache.el.lang.FunctionMapperFactory;19;1;2;0.5000;0;0.0;6
org.apache.catalina.ha.session.SimpleTcpReplicationManager;362;17;17;0.9550;0;9.0;93
org.apache.naming.resources.BaseDirContext;263;67;9;0.9726;0;0.0;101
org.apache.tomcat.jni.ProcErrorCallback;1;1;0;0.0000;0;0.0;1
org.apache.coyote.http11.InternalNioInputBuffer;396;12;12;0.8382;1;17.0;114
org.apache.catalina.tribes.io.XByteBuffer;317;36;7;0.8469;0;0.0;91
org.apache.tomcat.util.bcel.classfile.StackMapTableEntry;151;3;6;0.2500;1;11.0;49
org.apache.coyote.ajp.Constants;5;1;105;0.0000;0;0.0;2
org.apache.jasper.el.JspPropertyNotFoundException;3;0;1;0.0000;0;0.0;1
org.apache.naming.ContextAccessController;25;6;2;0.6000;0;0.0;13
org.apache.tomcat.util.modeler.FeatureInfo;18;3;5;0.9600;0;0.0;6
org.apache.tomcat.util.bcel.classfile.EnclosingMethod;16;2;2;0.6667;1;1.0;4
org.apache.catalina.deploy.ErrorPage;49;7;4;0.7500;0;0.0;12
org.apache.coyote.http11.filters.IdentityInputFilter;57;5;6;0.8125;0;1.0;14
org.apache.tomcat.util.bcel.classfile.Code;109;10;8;0.6250;1;1.0;29
org.apache.catalina.tribes.Member;13;13;1;1.0833;0;0.0;13
org.apache.el.parser.AstGreaterThanEqual;14;1;0;0.0000;0;0.0;6
org.apache.tomcat.jni.User;10;10;0;0.0000;0;0.0;10
org.apache.catalina.servlets.WebdavStatus;12;2;27;1.9259;0;0.0;3
org.apache.jasper.compiler.AttributeParser;0;0;0;0;0;0;0
org.apache.catalina.mbeans.UserMBean;85;6;3;1.0556;0;0.0;19
org.apache.jasper.compiler.JDTCompiler;317;1;1;0.0000;0;8.0;55
org.apache.tomcat.PeriodicEventListener;1;1;0;0.0000;0;0.0;1
org.apache.catalina.core.StandardContextValve;92;5;3;0.9333;1;1.0;33
org.apache.jasper.compiler.CompilationUnit;52;4;2;1.2500;0;5.0;11
org.apache.tomcat.jni.Socket;37;37;34;1.0278;0;0.0;37
org.apache.catalina.tribes.util.Logs;0;0;1;0.0000;0;0.0;0
org.apache.el.parser.ArithmeticNode;6;1;0;0.0000;0;0.0;2
org.apache.catalina.tribes.transport.RxTaskPool;89;5;7;0.7714;1;2.0;23
org.apache.jasper.compiler.PageInfo;341;30;46;0.9843;1;1.0;122
org.apache.catalina.filters.WebdavFixFilter;44;5;4;1.0000;0;0.0;13
org.apache.catalina.tribes.util.ExecutorFactory;12;2;0;0.0000;0;0.0;2
org.apache.catalina.core.ApplicationFilterFactory;189;6;3;1.0000;1;12.0;61
org.apache.el.parser.SimpleCharStream;257;26;16;0.8732;0;0.0;70
org.apache.catalina.ssi.SSIStopProcessingException;0;0;0;0.0000;0;0.0;0
org.apache.catalina.tribes.transport.nio.PooledParallelSender;40;4;1;0.5000;0;0.0;10
org.apache.jasper.xmlparser.XMLEncodingDetector;798;23;29;0.9085;0;7.0;258
org.apache.coyote.RequestInfo;134;13;14;0.9385;2;14.0;42
org.apache.naming.resources.VirtualDirContext;86;7;3;0.5714;0;1.0;31
org.apache.jasper.tagplugins.jstl.core.Choose;4;1;0;0.0000;0;0.0;1
org.apache.catalina.connector.Response;596;70;19;0.9263;2;17.0;213
org.apache.catalina.startup.HomesUserDatabase;27;5;2;0.6000;0;0.0;11
org.apache.catalina.ssi.SSISet;30;1;0;0.0000;0;1.0;5
org.apache.tomcat.util.http.AcceptLanguage;83;4;0;0.0000;0;0.0;20
org.apache.naming.factory.webservices.ServiceProxy;51;3;4;0.6250;0;0.0;13
org.apache.catalina.session.StandardSession;561;58;24;0.9276;0;4.0;179
org.apache.catalina.tribes.transport.bio.MultipointBioSender;93;9;2;0.8889;0;1.0;29
org.apache.jasper.runtime.InstanceManagerFactory;9;1;0;0.0000;0;0.0;3
org.apache.catalina.util.StringParser;70;15;4;0.5781;0;0.0;40
org.apache.juli.logging.LogConfigurationException;16;1;1;0.7500;0;0.0;6
org.apache.catalina.tribes.MembershipListener;2;2;0;0.0000;0;0.0;2
org.apache.catalina.loader.StandardClassLoaderMBean;0;0;0;0.0000;0;0.0;0
org.apache.catalina.Lifecycle;5;5;9;1.2500;0;0.0;5
org.apache.catalina.deploy.ContextTransaction;23;6;3;0.8333;0;0.0;7
org.apache.catalina.users.MemoryRole;21;2;1;0.5000;0;0.0;4
org.apache.jasper.compiler.ImplicitTagLibraryInfo;108;2;11;0.8182;0;1.0;29
org.apache.catalina.util.MD5Encoder;11;1;1;0.0000;0;0.0;3
org.apache.catalina.realm.JAASMemoryLoginModule;124;6;9;0.7593;1;3.0;25
org.apache.tomcat.util.http.MimeHeaderField;13;1;4;0.9167;0;0.0;4
org.apache.catalina.tribes.group.InterceptorPayload;6;0;1;0.0000;0;0.0;2
org.apache.jasper.tagplugins.jstl.core.Set;99;1;0;0.0000;0;0.0;6
org.apache.catalina.InstanceEvent;89;7;17;0.8571;0;0.0;15
org.apache.catalina.AccessLog;0;0;0;0;0;0;0
org.apache.el.lang.ELSupport;356;22;1;0.9545;0;0.0;139
org.apache.catalina.tribes.Heartbeat;1;1;0;0.0000;0;0.0;1
org.apache.el.parser.AstNotEqual;8;1;0;0.0000;0;0.0;2
org.apache.catalina.ssi.ResponseIncludeWrapper;108;11;11;0.8264;0;0.0;30
org.apache.tomcat.util.scan.Constants;0;0;5;0.0000;0;0.0;0
org.apache.catalina.filters.RemoteAddrFilter;9;2;1;1.0000;0;0.0;3
org.apache.catalina.ant.StopTask;18;2;1;0.0000;0;0.0;5
org.apache.catalina.mbeans.MBeanFactory;401;31;3;0.9688;0;28.0;76
org.apache.catalina.Realm;14;14;0;0.0000;0;0.0;14
org.apache.catalina.tribes.transport.nio.NioReplicationTask;197;7;5;0.7556;1;7.0;63
org.apache.catalina.tribes.group.RpcCallback;2;2;0;0.0000;0;0.0;2
org.apache.tomcat.util.bcel.classfile.FieldOrMethod;31;3;5;0.7600;1;2.0;8
org.apache.catalina.util.ExtensionValidator;192;6;4;0.8000;0;7.0;48
org.apache.tomcat.util.modeler.ParameterInfo;9;1;1;2.0000;0;0.0;3
org.apache.catalina.startup.AbsoluteOrderingRule;5;1;0;0.0000;0;2.0;2
org.apache.catalina.tribes.io.BufferPool15Impl;25;3;3;0.5000;0;1.0;9
org.apache.tomcat.util.buf.CharChunk;393;39;8;0.7549;0;0.0;137
org.apache.catalina.valves.JDBCAccessLogValve;214;10;26;0.9346;0;3.0;54
org.apache.jasper.tagplugins.jstl.core.ForEach;139;3;4;0.5000;0;0.0;16
org.apache.catalina.tribes.tipis.ReplicatedMapEntry;10;10;0;0.0000;0;0.0;10
org.apache.catalina.session.PersistentManager;6;2;2;1.0000;0;0.0;2
org.apache.el.lang.ExpressionBuilder;117;7;4;0.6071;0;5.0;36
org.apache.tomcat.util.buf.ByteChunk;425;43;10;0.8200;0;1.0;153
org.apache.catalina.core.ApplicationServletRegistration;0;0;0;0;0;0;0
org.apache.tomcat.jni.OS;8;8;22;1.1429;0;0.0;8
org.apache.tomcat.jni.Proc;7;7;34;1.1667;0;0.0;7
org.apache.jasper.compiler.TagHandlerPoolVisitor;37;2;1;1.5000;0;8.0;11
org.apache.catalina.manager.JspHelper;113;12;3;0.9722;0;0.0;29
org.apache.catalina.servlets.Constants;0;0;1;0.0000;0;0.0;0
org.apache.tomcat.util.http.fileupload.FileItemHeaders;3;3;0;0.0000;0;0.0;3
org.apache.tomcat.util.http.fileupload.ServletRequestContext;18;5;1;0.2000;0;0.0;6
org.apache.catalina.core.JreMemoryLeakPreventionListener;83;1;6;0.8333;0;1.0;24
org.apache.catalina.realm.CombinedRealm;151;12;3;0.2727;0;0.0;37
org.apache.catalina.tribes.transport.bio.PooledMultiSender;25;2;0;0.0000;0;0.0;6
org.apache.coyote.http11.AbstractHttp11Processor;228;17;32;0.9931;0;6.0;79
org.apache.coyote.http11.Http11AprProcessor;946;28;36;0.9360;6;101.0;270
org.apache.catalina.tribes.util.Arrays;157;24;1;1.0000;0;0.0;69
org.apache.jasper.compiler.JavacErrorDetail;85;2;6;0.8542;0;0.0;21
org.apache.tomcat.util.modeler.Registry;433;33;10;0.9294;0;0.0;129
org.apache.tomcat.util.bcel.Constants;0;0;122;0.0000;0;0.0;0
org.apache.tomcat.util.bcel.classfile.LocalVariableTypeTable;34;4;2;0.2000;1;1.0;12
org.apache.coyote.ajp.AjpAprProcessor;613;13;30;0.8912;3;83.0;142
org.apache.jasper.compiler.JspRuntimeContext;187;11;10;0.8667;1;3.0;50
org.apache.catalina.realm.MemoryRealm;97;8;7;0.8701;0;1.0;28
org.apache.tomcat.util.bcel.classfile.StackMap;43;4;2;0.2000;1;1.0;12
org.apache.tomcat.util.digester.SetNextRule;41;2;3;0.7619;0;2.0;10
org.apache.catalina.tribes.transport.bio.BioSender;148;9;7;0.7778;0;3.0;39
org.apache.catalina.manager.StatusTransformer;601;20;0;0.0000;1;9.0;116
org.apache.coyote.ajp.AjpProtocol;201;32;16;0.9304;1;11.0;63
org.apache.catalina.util.ResourceSet;30;4;2;0.6250;0;0.0;12
org.apache.el.parser.AstBracketSuffix;6;1;0;0.0000;0;0.0;2
org.apache.catalina.ha.session.ClusterSessionListener;32;3;1;1.0000;0;0.0;12
org.apache.catalina.users.MemoryUserCreationFactory;66;2;2;0.6667;0;0.0;16
org.apache.catalina.tribes.transport.ReceiverBase;320;20;33;0.9841;0;0.0;101
org.apache.tomcat.util.bcel.classfile.ParameterAnnotations;16;1;2;0.5000;0;0.0;5
org.apache.el.parser.AstEmpty;25;2;0;0.0000;0;0.0;8
org.apache.tomcat.util.http.fileupload.ParameterParser;135;9;6;0.8030;0;0.0;47
org.apache.el.parser.Token;24;3;9;1.1111;0;0.0;8
org.apache.tomcat.util.http.fileupload.ServletFileUpload;25;3;0;0.0000;0;0.0;8
org.apache.tomcat.util.bcel.classfile.InnerClasses;39;4;2;0.2000;1;1.0;11
org.apache.catalina.filters.RequestDumperFilter;151;5;4;1.0000;0;0.0;26
org.apache.juli.VerbatimFormatter;5;1;1;0.0000;0;0.0;1
org.apache.catalina.ssi.SSIFsize;74;4;2;1.0000;0;2.0;16
org.apache.coyote.RequestGroupInfo;112;15;7;0.7449;0;6.0;30
org.apache.tomcat.util.bcel.classfile.ConstantCP;22;2;2;0.4000;0;0.0;6
org.apache.tomcat.util.buf.C2BConverter;58;8;5;0.7818;0;10.0;16
org.apache.catalina.ant.jmx.JMXAccessorCreateTask;69;4;4;0.7778;0;2.0;21
org.apache.catalina.comet.CometFilterChain;1;1;0;0.0000;0;0.0;1
org.apache.tomcat.jni.PasswordCallback;1;1;0;0.0000;0;0.0;1
org.apache.el.parser.AstLiteralExpression;30;3;0;0.0000;0;0.0;11
org.apache.juli.FileHandler;150;8;6;0.7593;0;0.0;35
org.apache.naming.factory.SendMailFactory;31;1;1;0.0000;0;0.0;4
org.apache.catalina.util.ServerInfo;19;4;3;1.0000;0;0.0;4
org.apache.catalina.authenticator.FormAuthenticator;236;8;3;0.8519;3;25.0;68
org.apache.catalina.deploy.SecurityCollection;141;14;6;0.8889;0;0.0;54
org.apache.catalina.util.TomcatCSS;0;0;1;0.0000;0;0.0;0
org.apache.catalina.connector.CoyotePrincipal;12;2;1;0.0000;0;0.0;3
org.apache.catalina.users.AbstractRole;16;4;2;0.8000;0;0.0;6
org.apache.catalina.tribes.ChannelException;46;5;2;0.8750;0;0.0;18
org.apache.catalina.ha.backend.Sender;2;2;0;0.0000;0;0.0;2
org.apache.catalina.tribes.transport.AbstractRxTask;37;1;6;0.9091;0;0.0;12
org.apache.tomcat.util.net.SocketProperties;162;28;23;0.9610;0;0.0;71
org.apache.tomcat.util.net.NioChannel;83;15;5;0.9000;0;2.0;35
org.apache.catalina.ant.SessionsTask;18;2;1;0.0000;0;0.0;5
org.apache.coyote.http11.filters.SavedRequestInputFilter;34;7;1;0.4286;0;5.0;11
org.apache.catalina.tribes.group.interceptors.DomainFilterInterceptor;52;9;2;0.6000;0;0.0;22
org.apache.catalina.core.ApplicationDispatcher;421;14;11;0.8766;2;24.0;130
org.apache.catalina.core.ContainerBase;606;63;29;0.9488;1;15.0;226
org.apache.naming.resources.ProxyDirContext;469;64;15;0.9343;0;14.0;138
org.apache.jasper.el.JspValueExpression;86;11;2;0.2917;0;0.0;31
org.apache.tomcat.jni.Time;10;6;2;1.0000;0;0.0;6
org.apache.catalina.deploy.Constants;0;0;0;0;0;0;0
org.apache.jasper.tagplugins.jstl.core.Catch;24;1;0;0.0000;0;0.0;3
org.apache.catalina.valves.AccessLogValve;364;24;27;0.9566;1;7.0;116
org.apache.jasper.compiler.JspConfig;300;6;13;0.8333;2;2.0;96
org.apache.tomcat.util.http.fileupload.FileUploadBase;187;14;12;0.9881;0;1.0;53
org.apache.coyote.InputBuffer;1;1;0;0.0000;0;0.0;1
org.apache.catalina.ha.ClusterListener;27;7;3;1.0000;0;0.0;13
org.apache.tomcat.util.bcel.classfile.JavaClass;133;7;15;0.8815;1;4.0;36
org.apache.coyote.Request;221;18;34;0.9741;1;6.0;72
org.apache.tomcat.util.http.fileupload.FileItem;15;15;0;0.0000;0;0.0;15
org.apache.tomcat.jni.Directory;8;8;0;0.0000;0;0.0;8
org.apache.catalina.startup.SoapHeaderRule;14;1;0;0.0000;0;0.0;3
org.apache.tomcat.util.digester.AbstractObjectCreationFactory;7;2;1;0.5000;0;0.0;3
org.apache.catalina.authenticator.SingleSignOnEntry;49;9;6;0.8833;1;2.0;15
org.apache.catalina.comet.CometEvent;6;6;2;1.2000;0;0.0;6
org.apache.catalina.tribes.transport.bio.util.FastQueue;172;11;14;0.8857;0;3.0;54
org.apache.el.lang.VariableMapperFactory;22;2;2;0.6667;0;0.0;7
org.apache.catalina.ssi.SSICommand;1;1;0;0.0000;0;0.0;1
org.apache.tomcat.util.digester.WithDefaultsRulesWrapper;55;8;3;0.5000;0;2.0;17
org.apache.catalina.deploy.SessionConfig;54;5;9;0.9412;0;0.0;18
org.apache.el.parser.TokenMgrError;59;3;6;1.1667;0;0.0;20
org.apache.catalina.tribes.membership.McastService;353;55;13;0.9417;0;11.0;108
org.apache.tomcat.jni.Multicast;5;5;0;0.0000;0;0.0;5
org.apache.catalina.ant.ReloadTask;18;2;1;0.0000;0;0.0;5
org.apache.catalina.core.ApplicationPart;59;9;2;0.4444;0;1.0;17
org.apache.catalina.startup.ConnectorCreateRule;22;3;1;1.0000;0;0.0;6
org.apache.catalina.startup.TaglibUriRule;25;1;1;0.3333;0;2.0;7
org.apache.catalina.users.AbstractGroup;22;10;2;0.9091;0;0.0;12
org.apache.catalina.tribes.group.interceptors.FragmentationInterceptor;96;7;5;0.9000;0;2.0;24
org.apache.catalina.tribes.tipis.ReplicatedMap;20;2;0;0.0000;0;3.0;9
org.apache.catalina.core.ApplicationFilterConfig;163;14;7;0.7959;1;4.0;42
org.apache.coyote.ajp.AjpMessage;235;23;5;0.6240;0;9.0;62
org.apache.catalina.security.SecurityUtil;146;11;17;0.9176;1;2.0;50
org.apache.catalina.startup.DigesterFactory;56;5;1;1.0000;1;56.0;7
org.apache.catalina.startup.TaglibRule;6;1;1;0.0000;0;1.0;2
org.apache.el.parser.AstFunction;73;4;2;0.5000;1;2.0;19
org.apache.coyote.ajp.AjpProcessor;567;12;32;0.9219;3;81.0;131
org.apache.coyote.http11.AbstractOutputBuffer;200;22;11;0.8223;3;22.0;55
org.apache.tomcat.util.net.jsse.JSSESupport;142;8;5;0.7556;0;3.0;40
org.apache.catalina.realm.JDBCRealm;280;13;16;0.9355;0;0.0;70
org.apache.catalina.Server;15;15;0;0.0000;0;0.0;15
org.apache.tomcat.util.http.fileupload.RequestContext;4;4;0;0.0000;0;0.0;4
org.apache.jasper.compiler.TagLibraryInfoImpl;528;14;6;0.7778;1;4.0;171
org.apache.jasper.compiler.ScriptingVarVisitor;46;1;1;2.0000;0;5.0;10
org.apache.tomcat.util.digester.SetTopRule;41;2;3;0.7619;0;2.0;10
org.apache.catalina.startup.PasswdUserDatabase;61;5;3;0.8000;0;0.0;19
org.apache.naming.StringManager;50;3;3;0.7778;0;0.0;12
org.apache.el.parser.ELParserTreeConstants;0;0;34;0.0000;0;0.0;0
org.apache.catalina.Wrapper;38;38;0;0.0000;0;0.0;38
org.apache.tomcat.util.modeler.modules.MbeansSourceMBean;6;6;0;0.0000;0;0.0;6
org.apache.catalina.tribes.group.interceptors.ThroughputInterceptor;88;3;14;0.8929;0;0.0;23
org.apache.catalina.connector.CoyoteOutputStream;24;7;1;0.2857;0;0.0;8
org.apache.catalina.ha.tcp.ReplicationValve;284;17;17;0.9193;0;1.0;96
org.apache.catalina.deploy.MessageDestination;41;4;4;0.7917;0;0.0;11
org.apache.tomcat.util.bcel.classfile.Signature;22;4;1;0.6000;1;3.0;6
org.apache.catalina.util.Base64;120;5;10;0.9750;0;5.0;26
org.apache.el.parser.BooleanNode;6;1;0;0.0000;0;0.0;2
org.apache.tomcat.util.digester.PathCallParamRule;17;2;1;0.0000;0;1.0;4
org.apache.tomcat.util.ExceptionUtils;0;0;0;0;0;0;0
org.apache.tomcat.util.http.fileupload.FileUpload;13;0;1;0.3333;0;0.0;4
org.apache.catalina.core.StandardContext;2440;211;110;0.9923;2;27.0;714
org.apache.catalina.LifecycleEvent;18;3;3;0.7500;0;0.0;5
org.apache.catalina.Valve;7;7;0;0.0000;0;0.0;7
org.apache.catalina.connector.ClientAbortException;33;3;2;0.6667;0;0.0;10
org.apache.juli.logging.Log;18;18;0;0.0000;0;0.0;18
org.apache.tomcat.util.modeler.ManagedBean;252;23;13;0.9354;0;5.0;68
org.apache.coyote.http11.InternalAprOutputBuffer;235;24;13;0.8148;3;25.0;64
org.apache.tomcat.util.digester.SetRootRule;41;2;3;0.7619;0;3.0;10
org.apache.tomcat.util.digester.XercesParser;45;4;7;1.0000;0;1.0;9
org.apache.catalina.ant.ResourcesTask;15;2;1;0.0000;0;0.0;4
org.apache.tomcat.util.bcel.classfile.ConstantValue;43;3;1;0.5000;1;14.0;11
org.apache.catalina.connector.InputBuffer;210;19;17;0.8440;1;12.0;64
org.apache.tomcat.util.net.jsse.JSSEKeyManager;22;6;2;0.5000;0;0.0;7
org.apache.el.lang.VariableMapperImpl;15;4;2;0.7500;0;0.0;5
org.apache.tomcat.util.http.fileupload.FileItemFactory;1;1;0;0.0000;0;0.0;1
org.apache.jasper.xmlparser.XMLString;52;6;3;0.3750;0;0.0;18
org.apache.catalina.tribes.ChannelSender;6;6;0;0.0000;0;0.0;6
org.apache.tomcat.util.modeler.modules.ModelerSource;26;4;2;1.0000;0;0.0;8
org.apache.catalina.tribes.MessageListener;4;4;0;0.0000;0;0.0;4
org.apache.catalina.ssi.SSIInclude;26;1;0;0.0000;0;1.0;5
org.apache.catalina.ant.JMXQueryTask;12;1;1;0.0000;0;0.0;4
org.apache.catalina.ssi.SSIServlet;80;5;6;0.5833;1;1.0;24
org.apache.jasper.compiler.SmapUtil;68;4;1;1.0000;0;2.0;11
org.apache.tomcat.util.bcel.classfile.ElementValue;47;4;15;1.0000;0;0.0;20
org.apache.catalina.startup.SetSessionConfig;8;1;1;1.0000;0;0.0;3
org.apache.catalina.realm.UserDatabaseRealm;92;6;5;0.8500;0;0.0;25
org.apache.tomcat.util.bcel.classfile.ElementValuePair;16;2;3;0.4444;1;2.0;4
org.apache.catalina.ssi.ExpressionTokenizer;90;3;17;0.9294;0;0.0;33
org.apache.catalina.comet.CometFilter;1;1;0;0.0000;0;0.0;1
org.apache.tomcat.util.buf.UEncoder;84;5;5;0.8667;0;2.0;25
org.apache.catalina.startup.RelativeOrderingRule;5;1;0;0.0000;0;2.0;2
org.apache.tomcat.util.buf.Ascii;91;11;7;1.0000;0;0.0;33
org.apache.catalina.tribes.Channel;15;15;13;1.0714;0;0.0;15
org.apache.catalina.ssi.SSIConditional;67;3;0;0.0000;0;4.0;17
org.apache.tomcat.util.DomUtil;130;14;1;1.0000;0;11.0;51
org.apache.el.ValueExpressionLiteral;51;11;3;0.7179;0;0.0;20
org.apache.coyote.http11.Http11Processor;631;9;6;0.6333;3;83.0;169
org.apache.catalina.ha.session.SessionMessageImpl;65;3;7;0.8929;0;7.0;22
org.apache.catalina.core.ApplicationTaglibDescriptor;0;0;0;0;0;0;0
org.apache.naming.ResourceLinkRef;26;1;2;1.0000;0;0.0;6
org.apache.el.parser.AstMethodParameters;0;0;0;0;0;0;0
org.apache.catalina.connector.Request;1215;126;53;0.9754;5;62.0;392
org.apache.tomcat.util.net.URL;298;17;9;0.7556;0;0.0;103
org.apache.catalina.startup.SetPublicIdRule;20;1;1;0.0000;0;1.0;4
org.apache.catalina.SessionListener;1;1;0;0.0000;0;0.0;1
org.apache.jasper.xmlparser.EncodingMap;20;6;2;0.6667;0;0.0;7
org.apache.catalina.startup.EngineRuleSet;24;1;1;0.5000;0;0.0;3
org.apache.tomcat.util.modeler.RegistryMBean;7;7;0;0.0000;0;0.0;7
org.apache.tomcat.util.bcel.classfile.SimpleElementValue;62;3;1;0.7500;1;10.0;27
org.apache.catalina.ssi.SSIExec;35;1;2;0.0000;0;1.0;6
org.apache.catalina.connector.OutputBuffer;207;25;15;0.8750;2;8.0;70
org.apache.jasper.compiler.ELFunctionMapper;12;1;3;0.0000;0;1.0;2
org.apache.catalina.mbeans.RoleMBean;3;0;3;0.0000;0;0.0;1
org.apache.catalina.session.StandardSessionContext;6;2;1;1.0000;0;0.0;2
org.apache.catalina.manager.util.SessionUtils;158;6;5;1.1000;0;0.0;49
org.apache.catalina.startup.Embedded;372;34;11;0.9091;0;6.0;125
org.apache.catalina.valves.SSLValve;45;2;0;0.0000;0;0.0;11
org.apache.el.parser.AstLessThan;14;1;0;0.0000;0;0.0;5
org.apache.jasper.el.ExpressionImpl;7;1;1;0.0000;0;0.0;2
org.apache.catalina.deploy.ContextResource;35;3;3;0.7500;0;0.0;9
org.apache.catalina.Service;15;15;0;0.0000;0;0.0;15
org.apache.el.parser.NodeVisitor;1;1;0;0.0000;0;0.0;1
org.apache.el.parser.AstFloatingPoint;20;3;1;1.0000;0;0.0;6
org.apache.el.parser.AstOr;13;1;0;0.0000;0;0.0;3
org.apache.catalina.loader.ResourceEntry;0;0;7;0.0000;0;0.0;0
org.apache.catalina.realm.JAASRealm;198;15;10;0.9250;1;2.0;61
org.apache.catalina.tribes.io.ListenCallback;1;1;0;0.0000;0;0.0;1
org.apache.catalina.tribes.ManagedChannel;7;7;0;0.0000;0;0.0;7
org.apache.tomcat.util.bcel.classfile.ConstantPool;130;7;2;0.7500;1;24.0;39
org.apache.catalina.core.StandardWrapperFacade;20;4;2;0.5000;0;0.0;8
org.apache.catalina.users.MemoryGroupCreationFactory;40;2;2;0.6667;0;0.0;10
org.apache.tomcat.util.digester.SetPropertiesRule;92;3;2;0.5000;0;3.0;26
org.apache.catalina.startup.CallParamMultiRule;14;1;0;0.0000;0;0.0;5
org.apache.naming.NameParserImpl;3;1;0;0.0000;0;0.0;1
org.apache.tomcat.util.net.NioSelectorPool;182;9;12;0.8772;0;2.0;77
org.apache.jasper.xmlparser.MyErrorHandler;10;3;0;0.0000;0;0.0;4
org.apache.catalina.ha.authenticator.ClusterSingleSignOn;149;16;4;0.8088;1;12.0;49
org.apache.jasper.compiler.Generator;782;28;17;0.9013;2;54.0;142
org.apache.tomcat.util.bcel.classfile.LineNumber;22;3;2;0.5000;0;0.0;6
org.apache.catalina.startup.Catalina;311;16;8;0.8864;0;5.0;72
org.apache.catalina.tribes.transport.SenderState;45;9;5;0.7600;0;0.0;14
org.apache.jasper.compiler.Node;163;7;15;0.9402;0;0.0;44
org.apache.jasper.xmlparser.SymbolTable;84;6;3;0.6190;0;0.0;26
org.apache.catalina.filters.Constants;0;0;1;0.0000;0;0.0;0
org.apache.catalina.ssi.ExpressionParseTree;100;4;7;0.9286;0;15.0;30
org.apache.catalina.core.NamingContextListener;745;23;11;0.7709;0;17.0;201
org.apache.tomcat.jni.Stdlib;9;9;0;0.0000;0;0.0;9
org.apache.tomcat.util.digester.Digester;849;103;29;0.9725;0;13.0;239
org.apache.catalina.ant.jmx.JMXAccessorTask;361;22;17;0.9713;0;0.0;120
org.apache.tomcat.util.bcel.classfile.ConstantFieldref;3;0;0;0.0000;1;1.0;1
org.apache.naming.NamingServiceMBean;6;6;7;1.2000;0;0.0;6
org.apache.catalina.tribes.group.RpcMessage;36;3;4;0.3750;0;0.0;5
org.apache.catalina.comet.CometProcessor;1;1;0;0.0000;0;0.0;1
org.apache.catalina.filters.CsrfPreventionFilter;0;0;0;0;0;0;0
org.apache.catalina.security.SecurityClassLoad;80;9;0;0.0000;0;0.0;10
org.apache.tomcat.util.http.fileupload.ByteArrayOutputStream;129;11;6;0.7692;0;0.0;33
org.apache.catalina.deploy.ContextEjb;45;4;4;0.7917;0;0.0;12
org.apache.catalina.core.StandardServer;330;32;21;0.9511;0;10.0;92
org.apache.catalina.InstanceListener;1;1;0;0.0000;0;0.0;1
org.apache.tomcat.util.bcel.classfile.Utility;428;19;5;1.0222;1;68.0;153
org.apache.tomcat.util.digester.RuleSet;2;2;0;0.0000;0;0.0;2
org.apache.jasper.tagplugins.jstl.Util;110;6;4;1.0500;1;1.0;35
org.apache.catalina.ant.UndeployTask;13;2;1;0.0000;0;0.0;4
org.apache.catalina.deploy.ServletDef;84;16;15;0.9679;0;0.0;28
org.apache.tomcat.jni.File;42;42;69;1.0244;0;0.0;42
org.apache.tomcat.util.http.fileupload.FileCleaningTracker;39;7;4;0.8750;0;0.0;12
org.apache.catalina.deploy.ContextResourceLink;27;2;3;0.9167;0;0.0;7
org.apache.jasper.compiler.SmapStratum;89;6;5;0.6857;0;0.0;29
org.apache.catalina.ha.tcp.SimpleTcpCluster;371;45;31;0.9615;0;5.0;133
org.apache.tomcat.util.bcel.classfile.ConstantUtf8;14;2;1;0.0000;1;1.0;4
org.apache.catalina.ha.session.BackupManager;146;20;7;0.9217;0;1.0;43
org.apache.tomcat.util.bcel.classfile.Synthetic;34;3;1;0.0000;1;1.0;9
org.apache.catalina.core.ApplicationContextFacade;514;57;3;0.6725;1;3.0;121
org.apache.catalina.core.JasperListener;10;1;2;0.0000;0;1.0;3
org.apache.catalina.core.StandardService;314;29;18;0.9028;0;11.0;95
org.apache.tomcat.util.bcel.classfile.ClassParser;106;9;16;0.8056;1;3.0;25
org.apache.tomcat.util.http.fileupload.FileItemHeadersImpl;29;4;3;0.7778;0;0.0;7
org.apache.jasper.runtime.PageContextImpl;634;40;16;0.9016;1;3.0;158
org.apache.jasper.compiler.PageDataImpl;15;1;4;1.5000;0;2.0;3
org.apache.catalina.CatalinaFactory;0;0;0;0;0;0;0
org.apache.catalina.tribes.transport.nio.ParallelNioSender;246;12;4;0.8333;0;6.0;69
org.apache.catalina.ant.StartTask;18;2;1;0.0000;0;0.0;5
org.apache.catalina.valves.RemoteHostValve;6;2;1;1.0000;0;0.0;2
org.apache.catalina.Store;11;11;0;0.0000;0;0.0;11
org.apache.catalina.tribes.group.interceptors.TwoPhaseCommitInterceptor;69;3;6;0.7778;0;3.0;18
org.apache.jasper.xmlparser.ASCIIReader;43;8;3;0.7083;0;0.0;13
org.apache.catalina.ha.backend.Proxy;0;0;4;0.0000;0;0.0;0
org.apache.coyote.http11.AbstractInputBuffer;81;10;14;0.8901;0;0.0;24
org.apache.catalina.tribes.io.ObjectReader;71;9;5;0.8250;0;1.0;21
org.apache.catalina.deploy.SecurityConstraint;146;16;7;0.9048;0;0.0;67
org.apache.tomcat.util.digester.ObjectParamRule;32;2;3;0.3333;0;0.0;6
org.apache.catalina.core.DummyResponse;171;68;0;0.0000;0;0.0;69
org.apache.catalina.session.StandardManager;328;19;9;0.9000;0;4.0;99
org.apache.tomcat.util.bcel.classfile.Constant;48;6;2;0.7857;1;12.0;20
org.apache.tomcat.jni.Lock;9;9;6;1.1250;0;0.0;9
org.apache.catalina.startup.SetDistributableRule;9;1;0;0.0000;0;2.0;3
org.apache.catalina.Authenticator;2;2;0;0.0000;0;0.0;2
org.apache.catalina.tribes.util.StringManager;50;3;3;0.7778;0;0.0;12
org.apache.naming.resources.DirContextURLStreamHandlerFactory;10;1;0;0.0000;0;0.0;3
org.apache.jasper.security.SecurityUtil;31;2;1;1.0000;1;1.0;11
org.apache.catalina.session.StandardSessionFacade;59;17;1;0.0000;0;0.0;19
org.apache.coyote.http11.filters.GzipOutputFilter;26;4;5;0.8800;0;1.0;8
org.apache.catalina.mbeans.MBeanUtils;704;52;4;0.7402;0;3.0;188
org.apache.el.parser.AstMult;8;1;0;0.0000;0;0.0;2
org.apache.jasper.security.SecurityClassLoad;40;1;1;0.0000;0;0.0;3
org.apache.catalina.ssi.SSIExternalResolver;8;8;0;0.0000;0;0.0;8
org.apache.naming.resources.jndi.Handler;2;0;0;0.0000;0;0.0;1
org.apache.catalina.valves.RemoteAddrValve;6;2;1;1.0000;0;0.0;2
org.apache.catalina.manager.host.Constants;0;0;9;0.0000;0;0.0;0
org.apache.jasper.tagplugins.jstl.core.If;27;1;0;0.0000;0;0.0;6
org.apache.el.parser.AstAnd;13;1;0;0.0000;0;0.0;3
org.apache.tomcat.util.bcel.classfile.AttributeReader;1;1;0;0.0000;0;0.0;1
org.apache.catalina.ant.jmx.JMXAccessorEqualsCondition;80;4;10;0.9286;0;0.0;28
org.apache.catalina.startup.ContextRuleSet;59;1;2;0.5000;0;0.0;6
org.apache.catalina.startup.HostRuleSet;26;1;1;0.5000;0;0.0;3
org.apache.catalina.ha.session.DeltaManager;837;44;42;0.9646;0;14.0;249
org.apache.tomcat.util.http.fileupload.FileItemStream;5;5;0;0.0000;0;0.0;5
org.apache.tomcat.util.bcel.classfile.ConstantInterfaceMethodref;3;0;0;0.0000;1;1.0;1
org.apache.catalina.authenticator.BasicAuthenticator;57;2;2;1.0000;1;8.0;13
org.apache.tomcat.util.buf.IntermediateOutputStream;25;6;2;0.7143;0;0.0;9
org.apache.catalina.LifecycleException;33;3;2;0.6667;0;0.0;10
org.apache.jasper.tagplugins.jstl.core.Remove;11;1;0;0.0000;0;0.0;2
org.apache.jasper.runtime.TagHandlerPool;94;6;6;0.7222;1;2.0;24
org.apache.coyote.http11.OutputFilter;6;6;0;0.0000;0;0.0;6
org.apache.tomcat.JarScannerCallback;2;2;0;0.0000;0;0.0;2
org.apache.catalina.manager.host.HostManagerServlet;304;13;9;0.7963;1;5.0;80
org.apache.tomcat.util.net.AprEndpoint;453;17;34;0.9687;2;28.0;137
org.apache.catalina.ant.ServerinfoTask;4;1;0;0.0000;0;0.0;1
org.apache.catalina.tribes.transport.ReplicationTransmitter;30;7;3;1.0000;0;0.0;11
org.apache.catalina.realm.DataSourceRealm;247;14;12;0.9405;0;0.0;57
org.apache.tomcat.util.net.JIoEndpoint;173;9;5;0.8429;0;1.0;44
org.apache.catalina.mbeans.ContextResourceLinkMBean;19;1;0;0.0000;0;0.0;4
org.apache.catalina.filters.RemoteHostFilter;9;2;1;1.0000;0;0.0;3
org.apache.catalina.authenticator.SSLAuthenticator;37;4;1;1.0000;3;4.0;15
org.apache.tomcat.util.http.ContentType;28;2;0;0.0000;0;0.0;20
org.apache.jasper.compiler.TagFileProcessor;94;4;1;0.3333;0;11.0;17
org.apache.jasper.runtime.JspContextWrapper;257;38;7;0.8308;0;0.0;77
org.apache.jasper.compiler.tagplugin.TagPluginContext;14;14;0;0.0000;0;0.0;14
org.apache.tomcat.util.bcel.classfile.ConstantLong;17;2;1;0.2500;1;1.0;5
org.apache.jasper.runtime.JspSourceDependent;1;1;0;0.0000;0;0.0;1
org.apache.catalina.startup.TldConfig;286;14;14;0.9014;0;6.0;83
org.apache.tomcat.util.net.jsse.JSSESocketFactory;439;20;17;0.9588;0;20.0;117
org.apache.jasper.compiler.Parser;1218;56;14;0.8291;1;37.0;367
org.apache.jasper.compiler.BeanRepository;24;3;3;0.4444;0;0.0;10
org.apache.catalina.ant.jmx.JMXAccessorGetTask;31;3;2;0.6250;0;0.0;9
org.apache.catalina.ant.JMXSetTask;26;1;3;0.6667;0;0.0;10
org.apache.catalina.core.DummyRequest;349;118;8;0.9922;0;0.0;130
org.apache.catalina.authenticator.DigestAuthenticator;123;8;5;0.8750;1;2.0;44
org.apache.tomcat.util.net.NioBlockingSelector;111;4;4;0.8750;0;6.0;38
org.apache.catalina.Role;5;5;0;0.0000;0;0.0;5
org.apache.el.parser.AstEqual;8;1;0;0.0000;0;0.0;2
org.apache.catalina.realm.JNDIRealm;738;44;32;0.9735;0;5.0;246
org.apache.coyote.http11.InternalInputBuffer;240;5;0;0.0000;1;16.0;77
org.apache.catalina.util.LifecycleMBeanBase;0;0;0;0;0;0;0
org.apache.coyote.Processor;3;3;0;0.0000;0;0.0;3
org.apache.jasper.xmlparser.MyEntityResolver;18;1;0;0.0000;1;2.0;5
org.apache.el.parser.JJTELParserState;74;10;5;0.5273;0;0.0;17
org.apache.tomcat.util.bcel.classfile.ConstantObject;0;0;0;0.0000;0;0.0;0
org.apache.catalina.manager.ManagerServlet;908;34;13;0.8601;1;1.0;252
org.apache.catalina.connector.CoyoteWriter;141;28;3;0.8667;0;0.0;42
org.apache.jasper.xmlparser.UTF8Reader;356;11;7;0.8571;0;0.0;85
org.apache.coyote.http11.Constants;0;0;44;0.0000;0;0.0;0
org.apache.jasper.runtime.JspFragmentHelper;15;0;4;0.7500;0;0.0;4
org.apache.el.parser.AstDotSuffix;6;1;0;0.0000;0;0.0;2
org.apache.jasper.xmlparser.XMLStringBuffer;61;5;1;0.7000;0;0.0;16
org.apache.catalina.realm.GenericPrincipal;58;7;5;0.8400;0;0.0;18
org.apache.catalina.users.MemoryUserDatabaseFactory;22;1;0;0.0000;0;1.0;7
org.apache.catalina.ha.CatalinaCluster;20;20;1;1.0526;0;0.0;20
org.apache.catalina.startup.EngineConfig;17;3;3;0.3333;0;2.0;8
org.apache.catalina.startup.HostConfig;801;36;16;0.9128;1;7.0;220
org.apache.catalina.ant.jmx.Arg;15;0;2;0.6250;0;0.0;5
org.apache.catalina.filters.RemoteIpFilter;180;10;16;0.9583;0;0.0;53
org.apache.el.util.ReflectionUtil;87;7;3;1.0476;0;0.0;28
org.apache.jasper.tagplugins.jstl.core.Import;243;1;0;0.0000;0;0.0;11
org.apache.catalina.ssi.SSIServletRequestUtil;16;1;0;0.0000;0;0.0;8
org.apache.catalina.ha.ClusterValve;2;2;0;0.0000;0;0.0;2
org.apache.jasper.compiler.ScriptingVariabler;4;1;1;0.0000;0;0.0;1
org.apache.tomcat.jni.PoolCallback;1;1;0;0.0000;0;0.0;1
org.apache.catalina.startup.UserDatabase;4;4;0;0.0000;0;0.0;4
org.apache.el.MethodExpressionImpl;56;8;6;0.6667;0;0.0;14
org.apache.catalina.authenticator.NonLoginAuthenticator;7;2;1;1.0000;0;0.0;3
org.apache.tomcat.util.bcel.classfile.CodeException;36;4;4;0.4000;1;1.0;9
org.apache.jasper.el.JspELException;3;0;1;0.0000;0;0.0;1
org.apache.tomcat.util.digester.RulesBase;83;8;4;0.6875;0;2.0;29
org.apache.tomcat.util.scan.StandardJarScanner;119;3;6;0.8333;0;2.0;36
org.apache.catalina.ha.session.DeltaSession;399;42;7;0.9446;0;2.0;113
org.apache.catalina.startup.Constants;0;0;59;0.0000;0;0.0;0
org.apache.jasper.el.VariableResolverImpl;6;1;1;0.0000;0;0.0;2
org.apache.jasper.el.FunctionMapperImpl;6;1;1;0.0000;0;0.0;2
org.apache.catalina.core.StandardThreadExecutor;135;18;11;0.9120;0;8.0;47
org.apache.catalina.startup.ServletDefCreateRule;11;2;0;0.0000;0;1.0;5
org.apache.jasper.tagplugins.jstl.core.Url;45;1;0;0.0000;0;0.0;4
org.apache.tomcat.util.http.fileupload.FileUploadException;27;2;2;0.8000;0;0.0;8
org.apache.catalina.deploy.ContextService;130;19;9;0.9103;0;0.0;39
org.apache.catalina.mbeans.ContextEnvironmentMBean;19;1;0;0.0000;0;0.0;4
org.apache.catalina.ha.deploy.FileMessageFactory;128;6;14;0.8265;0;7.0;29
org.apache.el.parser.AstGreaterThan;14;1;0;0.0000;0;0.0;5
org.apache.naming.factory.ResourceEnvFactory;50;1;0;0.0000;1;1.0;10
org.apache.catalina.core.AsyncContextImpl;280;23;12;0.8542;1;4.0;68
org.apache.catalina.util.SchemaResolver;32;2;4;0.7500;0;1.0;10
org.apache.tomcat.util.http.ServerCookie;136;5;12;0.9531;0;2.0;59
org.apache.catalina.tribes.group.interceptors.NonBlockingCoordinator;352;38;15;0.9265;1;7.0;109
org.apache.catalina.connector.CoyoteInputStream;141;8;1;0.2500;0;0.0;24
org.apache.tomcat.util.MutableInteger;11;0;1;0.3333;0;0.0;4
org.apache.naming.HandlerRef;50;2;9;1.2222;0;0.0;9
org.apache.catalina.core.StandardWrapperValve;352;4;6;0.8452;1;6.0;89
org.apache.catalina.security.SecurityConfig;42;4;6;0.9167;0;0.0;13
org.apache.tomcat.util.http.fileupload.FileUtils;97;6;0;0.0000;0;0.0;26
org.apache.naming.EjbRef;34;1;4;1.0000;0;0.0;8
org.apache.catalina.ant.BaseRedirectorHelperTask;131;18;10;0.8211;0;0.0;34
org.apache.jasper.compiler.Mark;95;7;11;0.6212;1;1.0;16
org.apache.catalina.tribes.group.interceptors.MessageDispatchInterceptor;138;12;8;0.8816;0;6.0;44
org.apache.catalina.tribes.io.ChannelData;165;14;7;0.8681;0;4.0;31
org.apache.catalina.servlets.CGIServlet;195;4;8;1.0417;0;0.0;27
org.apache.catalina.tribes.group.interceptors.TcpPingInterceptor;78;6;10;0.9182;0;4.0;27
org.apache.catalina.tribes.transport.AbstractSender;199;7;26;0.9649;0;0.0;65
org.apache.naming.NamingContextBindingsEnumeration;40;6;2;0.6667;0;5.0;12
org.apache.catalina.core.ApplicationResponse;31;7;2;0.7222;0;0.0;16
org.apache.jasper.xmlparser.UCSReader;100;8;9;0.8642;0;0.0;34
org.apache.catalina.startup.ServiceQnameRule;15;1;0;0.0000;0;0.0;3
org.apache.catalina.tribes.transport.PooledSender;39;11;2;0.5833;0;0.0;14
org.apache.tomcat.util.IntrospectionUtils;595;31;4;0.9083;0;0.0;206
org.apache.catalina.startup.SetAllPropertiesRule;19;1;1;0.5000;0;3.0;11
org.apache.jasper.el.JspMethodExpression;61;8;2;0.3333;0;0.0;22
org.apache.jasper.compiler.JspReader;304;23;9;0.9103;0;5.0;97
org.apache.catalina.tribes.membership.Membership;137;11;6;0.7381;0;3.0;39
org.apache.tomcat.jni.Address;8;8;1;1.1429;0;0.0;8
org.apache.catalina.util.CustomObjectInputStream;22;2;1;0.0000;0;0.0;6
org.apache.tomcat.util.http.MimeHeaders;129;18;3;0.6842;0;2.0;42
org.apache.tomcat.util.modeler.modules.MbeansDescriptorsDOMSource;93;2;6;0.9333;0;2.0;21
org.apache.catalina.ha.session.Constants;0;0;1;0.0000;0;0.0;0
org.apache.jasper.JspC;840;35;81;0.9856;1;6.0;240
org.apache.catalina.ha.session.ReplicatedSession;122;16;4;0.9423;0;1.0;38
org.apache.tomcat.util.digester.ArrayStack;53;6;1;1.1429;0;0.0;16
org.apache.tomcat.jni.Registry;20;20;23;1.0526;0;0.0;20
org.apache.tomcat.util.buf.StringCache;363;13;14;0.8968;0;6.0;86
org.apache.catalina.connector.ResponseFacade;224;40;2;0.3625;1;2.0;81
org.apache.catalina.ssi.SSIPrintenv;24;1;0;0.0000;0;1.0;4
org.apache.catalina.tribes.UniqueId;32;3;1;0.1667;0;0.0;15
org.apache.catalina.Container;34;34;6;1.0303;0;0.0;34
org.apache.tomcat.util.bcel.classfile.ClassFormatException;9;0;0;0.0000;0;0.0;3
org.apache.catalina.ssi.SSIConfig;22;1;0;0.0000;0;2.0;5
org.apache.catalina.ssi.SSIEcho;34;2;2;1.0000;0;1.0;7
org.apache.tomcat.util.buf.HexUtils;8;3;2;1.0000;0;0.0;3
org.apache.catalina.ant.jmx.JMXAccessorQueryTask;77;4;2;0.9000;0;0.0;28
org.apache.coyote.http11.InternalAprInputBuffer;358;13;15;0.7708;1;18.0;109
org.apache.tomcat.util.bcel.classfile.SourceFile;21;4;1;0.6000;1;3.0;6
org.apache.catalina.Contained;2;2;0;0.0000;0;0.0;2
org.apache.catalina.core.ApplicationContext;475;58;13;0.9367;3;9.0;157
org.apache.el.parser.ELParser;2195;111;22;0.9282;2;84.0;690
org.apache.tomcat.util.net.jsse.NioX509KeyManager;35;7;2;0.4286;0;0.0;10
org.apache.naming.factory.webservices.ServiceRefFactory;218;3;0;0.0000;0;14.0;46
org.apache.catalina.util.HexUtils;48;4;2;0.8333;0;0.0;25
org.apache.jasper.compiler.DeclarationVisitor;36;3;1;1.5000;0;8.0;8
org.apache.catalina.ant.AbstractCatalinaTask;137;7;5;0.8000;0;0.0;36
org.apache.tomcat.util.bcel.classfile.Annotations;23;2;2;0.3750;0;0.0;8
org.apache.catalina.users.MemoryRoleCreationFactory;18;2;2;0.6667;0;0.0;5
org.apache.catalina.tribes.transport.DataSender;11;11;0;0.0000;0;0.0;11
org.apache.catalina.tribes.MembershipService;17;17;2;1.0625;0;0.0;17
org.apache.catalina.valves.ValveBase;126;14;11;0.9659;0;1.0;41
org.apache.catalina.ha.ClusterMessage;6;6;0;0.0000;0;0.0;6
org.apache.tomcat.jni.Pool;13;13;0;0.0000;0;0.0;13
org.apache.coyote.http11.InternalNioOutputBuffer;117;9;5;0.8571;1;10.0;31
org.apache.coyote.Response;250;19;18;0.9343;2;5.0;86
org.apache.catalina.util.DOMWriter;231;6;5;0.8200;0;15.0;58
org.apache.el.parser.AstValue;103;8;1;1.0000;0;0.0;28
org.apache.catalina.startup.TaglibLocationRule;10;1;1;0.0000;0;1.0;3
org.apache.catalina.startup.LifecycleListenerRule;15;1;2;0.0000;0;0.0;4
org.apache.el.parser.AstMod;8;1;0;0.0000;0;0.0;2
org.apache.tomcat.util.digester.Rules;8;8;0;0.0000;0;0.0;8
org.apache.catalina.connector.MapperListener;300;10;6;0.4861;1;4.0;85
org.apache.catalina.startup.ContextConfig;1107;37;18;0.8989;2;51.0;280
org.apache.el.MethodExpressionLiteral;43;7;3;0.5185;0;0.0;13
org.apache.catalina.users.Constants;0;0;1;0.0000;0;0.0;0
org.apache.tomcat.util.http.fileupload.FileItemIterator;2;2;0;0.0000;0;0.0;2
org.apache.tomcat.util.net.SSLSupport;5;5;6;1.2500;0;0.0;5
org.apache.naming.resources.ResourceCache;211;7;10;0.8889;0;4.0;55
org.apache.catalina.startup.SetAuthConstraintRule;9;1;0;0.0000;0;2.0;3
org.apache.jasper.el.ELContextWrapper;32;9;2;0.4444;0;0.0;11
org.apache.jasper.compiler.tagplugin.TagPlugin;1;1;0;0.0000;0;0.0;1
org.apache.catalina.core.ApplicationRequest;44;6;3;0.8333;0;0.0;12
org.apache.catalina.tribes.transport.nio.NioSender;255;12;11;0.8289;0;2.0;74
org.apache.el.util.MessageFactory;24;7;1;0.8571;0;0.0;8
org.apache.coyote.ActionCode;6;0;30;1.9333;0;0.0;2
org.apache.coyote.http11.AbstractHttp11Protocol;381;88;23;0.9653;0;27.0;129
org.apache.naming.Constants;0;0;2;0.0000;0;0.0;0
org.apache.el.util.ConcurrentCache;22;2;3;0.1667;0;0.0;6
org.apache.catalina.core.StandardHost;295;35;19;0.9689;0;3.0;96
org.apache.catalina.realm.MemoryUserRule;12;1;0;0.0000;0;0.0;3
org.apache.catalina.ha.session.JvmRouteBinderValve;178;14;9;0.8571;0;7.0;65
org.apache.naming.factory.TransactionFactory;50;1;0;0.0000;1;1.0;10
org.apache.jasper.compiler.ParserController;281;12;13;0.8736;2;9.0;81
org.apache.tomcat.util.modeler.modules.MbeansDescriptorsSerSource;49;2;6;0.9333;0;0.0;12
org.apache.catalina.ant.ValidatorTask;38;2;1;0.0000;1;2.0;8
org.apache.tomcat.util.threads.TaskThreadFactory;13;1;5;0.2000;0;0.0;3
org.apache.naming.factory.ResourceFactory;74;1;0;0.0000;1;2.0;14
org.apache.catalina.util.ManifestResource;100;8;7;0.8831;0;7.0;26
org.apache.catalina.Cluster;11;11;0;0.0000;0;0.0;11
org.apache.catalina.tribes.RemoteProcessException;12;0;0;0.0000;0;0.0;4
org.apache.tomcat.util.bcel.classfile.Method;60;6;1;0.8571;1;2.0;18
org.apache.tomcat.util.buf.IntermediateInputStream;14;3;1;0.5000;0;0.0;5
org.apache.catalina.startup.IgnoreAnnotationsRule;15;1;0;0.0000;0;2.0;5
org.apache.naming.resources.RecyclableNamingEnumeration;21;6;2;0.6667;0;0.0;7
org.apache.catalina.users.MemoryUserDatabase;252;22;10;0.8750;0;0.0;49
org.apache.catalina.ha.session.SessionMessage;5;5;7;1.2500;0;0.0;5
org.apache.naming.NamingContext;282;32;6;0.8725;0;6.0;92
org.apache.tomcat.util.bcel.classfile.ExceptionTable;44;4;2;0.3000;1;2.0;12
org.apache.naming.factory.MailSessionFactory;43;1;1;0.0000;0;0.0;8
org.apache.jasper.compiler.Dumper;16;2;0;0.0000;0;0.0;4
org.apache.jasper.servlet.JspCServletContext;196;51;3;0.9477;0;0.0;67
org.apache.catalina.startup.TaglibListenerRule;9;1;1;0.0000;0;1.0;3
org.apache.catalina.util.LifecycleSupport;38;3;3;0.5833;0;0.0;12
org.apache.jasper.servlet.JasperLoader;55;4;3;0.6667;1;1.0;16
org.apache.tomcat.jni.Poll;9;9;11;1.1250;0;0.0;9
org.apache.catalina.users.MemoryUser;108;12;3;0.6944;0;0.0;22
org.apache.catalina.core.StandardHostValve;155;7;3;0.9524;1;11.0;41
org.apache.catalina.realm.JAASCallbackHandler;69;1;11;0.5455;0;0.0;17
org.apache.tomcat.util.digester.RuleSetBase;4;2;1;1.0000;0;0.0;2
org.apache.catalina.realm.LockOutRealm;139;9;6;0.8438;0;0.0;35
org.apache.catalina.servlets.WebdavServlet;1460;29;23;0.9658;2;32.0;341
org.apache.catalina.tribes.group.RpcChannel;98;6;9;0.9074;0;5.0;28
org.apache.tomcat.util.bcel.classfile.Deprecated;30;3;1;0.2500;1;2.0;8
org.apache.jasper.compiler.DefaultErrorHandler;36;4;0;0.0000;0;4.0;7
org.apache.tomcat.util.bcel.classfile.ConstantMethodref;3;0;0;0.0000;1;1.0;1
org.apache.catalina.deploy.MultipartDef;78;2;4;0.6667;0;0.0;29
org.apache.jasper.util.JspQueue;0;0;0;0;0;0;0
org.apache.catalina.startup.UserConfig;89;10;8;0.8482;0;2.0;28
org.apache.catalina.ha.ClusterDeployer;7;7;1;1.1667;0;0.0;7
org.apache.tomcat.util.bcel.classfile.EnumElementValue;15;2;2;0.2500;1;2.0;4
org.apache.naming.resources.Resource;23;1;2;0.7500;0;0.0;8
org.apache.catalina.ha.session.SerializablePrincipal;83;9;7;0.9121;0;0.0;29
org.apache.catalina.util.Strftime;93;6;2;0.7143;0;0.0;26
org.apache.jasper.servlet.JspServlet;167;10;5;0.7111;1;3.0;37
org.apache.catalina.Loader;14;14;0;0.0000;0;0.0;14
org.apache.catalina.util.ParameterMap;34;5;2;0.5556;0;0.0;14
org.apache.naming.resources.FileDirContext;219;25;5;0.9448;0;1.0;75
org.apache.coyote.ActionHook;1;1;0;0.0000;0;0.0;1
org.apache.catalina.core.ApplicationHttpResponse;70;20;3;0.7424;0;0.0;41
org.apache.catalina.tribes.transport.bio.BioReplicationTask;92;6;3;0.5000;1;2.0;25
org.apache.naming.resources.DirContextURLStreamHandler;91;13;3;0.7381;0;2.0;30
org.apache.catalina.ssi.ByteArrayServletOutputStream;9;2;1;0.0000;0;0.0;3
org.apache.catalina.ha.ClusterRuleSet;49;1;1;0.5000;0;0.0;3
org.apache.coyote.http11.filters.ChunkedInputFilter;128;9;10;0.8000;1;4.0;38
org.apache.jasper.JspCompilationContext;420;31;31;0.9665;1;6.0;124
org.apache.el.parser.ELParserConstants;0;0;57;0.0000;0;0.0;0
org.apache.tomcat.util.bcel.classfile.RuntimeInvisibleAnnotations;11;2;0;0.0000;1;1.0;3
org.apache.tomcat.util.http.Cookies;247;12;6;0.9028;0;13.0;103
org.apache.naming.resources.ResourceAttributes;515;30;30;0.9157;0;0.0;164
org.apache.catalina.tribes.tipis.AbstractReplicatedMap;741;50;17;0.9384;0;5.0;245
org.apache.catalina.tribes.group.Response;18;0;2;0.6000;0;0.0;6
org.apache.tomcat.util.modeler.BaseNotificationBroadcasterEntry;5;0;3;0.0000;0;0.0;1
org.apache.jasper.compiler.JspDocumentParser;649;28;20;0.8966;1;58.0;207
org.apache.catalina.startup.SetJspConfig;8;1;1;1.0000;0;0.0;3
org.apache.tomcat.util.bcel.classfile.ClassElementValue;12;2;1;0.0000;1;2.0;3
org.apache.tomcat.util.http.fileupload.MultipartStream;166;11;19;0.9173;0;0.0;41
org.apache.jasper.tagplugins.jstl.core.Param;33;1;0;0.0000;0;0.0;2
org.apache.catalina.ha.context.ReplicatedContext;76;6;4;0.8571;1;3.0;25
org.apache.tomcat.jni.Library;91;9;38;1.0000;0;0.0;22
org.apache.tomcat.util.bcel.classfile.StackMapType;53;5;3;0.7407;1;5.0;17
org.apache.catalina.startup.CallMethodMultiRule;59;1;1;0.0000;0;0.0;15
org.apache.tomcat.jni.Shm;8;8;0;0.0000;0;0.0;8
org.apache.catalina.util.URLEncoder;54;2;2;0.7500;0;0.0;11
org.apache.catalina.deploy.InjectionTarget;18;0;2;0.6000;0;0.0;6
org.apache.jasper.tagplugins.jstl.core.Otherwise;4;1;0;0.0000;0;0.0;1
org.apache.coyote.http11.Http11Protocol;75;3;5;0.8000;1;6.0;18
org.apache.catalina.tribes.ErrorHandler;2;2;0;0.0000;0;0.0;2
org.apache.catalina.ha.deploy.FileMessage;53;2;7;0.9082;0;0.0;15
org.apache.el.lang.FunctionMapperImpl;22;4;2;0.6667;0;0.0;6
org.apache.jasper.el.ELContextImpl;35;1;4;0.8333;1;1.0;9
org.apache.catalina.session.FileStore;186;13;6;0.9167;0;1.0;49
org.apache.jasper.compiler.JarScannerFactory;10;1;0;0.0000;0;0.0;3
org.apache.tomcat.InstanceManager;4;4;0;0.0000;0;0.0;4
org.apache.catalina.Globals;0;0;39;0.0000;0;0.0;0
org.apache.jasper.compiler.Localizer;34;6;1;0.8000;0;0.0;9
org.apache.catalina.ha.backend.CollectedInfo;37;2;6;0.8333;0;0.0;12
org.apache.el.parser.SimpleNode;82;15;4;0.8947;1;1.0;30
org.apache.jasper.compiler.JasperTagInfo;10;1;1;0.0000;0;0.0;3
org.apache.catalina.connector.Constants;0;0;7;0.0000;0;0.0;0
org.apache.juli.ClassLoaderLogManager;291;13;2;0.7500;0;0.0;69
org.apache.catalina.tribes.membership.McastServiceImpl;309;12;28;0.9107;0;6.0;74
org.apache.catalina.ant.JMXGetTask;20;1;2;0.5000;0;0.0;7
org.apache.el.parser.AstCompositeExpression;19;2;0;0.0000;0;0.0;6
org.apache.catalina.startup.CopyParentClassLoaderRule;10;1;0;0.0000;0;1.0;3
org.apache.el.parser.AstInteger;20;3;1;1.0000;0;0.0;6
org.apache.catalina.ant.jmx.JMXAccessorSetTask;63;4;5;0.8364;0;0.0;21
org.apache.coyote.memory.MemoryProtocolHandler;31;10;1;0.8000;0;2.0;11
org.apache.catalina.tribes.ByteMessage;20;2;1;0.2000;0;0.0;8
org.apache.catalina.Group;11;11;0;0.0000;0;0.0;11
org.apache.jasper.compiler.TagConstants;0;0;57;0.0000;0;0.0;0
org.apache.tomcat.util.bcel.util.BCELComparator;2;2;0;0.0000;0;0.0;2
org.apache.naming.NamingService;71;8;4;0.8333;0;8.0;19
org.apache.catalina.ant.JKStatusUpdateTask;193;3;14;0.9089;0;0.0;61
org.apache.catalina.ha.ClusterSession;2;2;0;0.0000;0;0.0;2
org.apache.jasper.runtime.ServletResponseWrapperInclude;18;2;2;0.6667;0;0.0;5
org.apache.catalina.session.JDBCStore;495;34;23;0.9377;0;1.0;117
org.apache.catalina.realm.Constants;0;0;6;0.0000;0;0.0;0
org.apache.jasper.util.ExceptionUtils;0;0;0;0;0;0;0
org.apache.catalina.startup.ClusterRuleSetFactory;33;2;1;1.0000;0;0.0;10
org.apache.catalina.manager.HTMLManagerServlet;661;25;18;1.0000;1;9.0;138
org.apache.tomcat.util.digester.ObjectCreateRule;43;3;2;0.6667;0;2.0;11
org.apache.catalina.util.LifecycleBase;0;0;0;0;0;0;0
org.apache.catalina.deploy.Injectable;3;3;0;0.0000;0;0.0;3
org.apache.catalina.tribes.group.interceptors.GzipInterceptor;47;5;2;0.8750;0;1.0;7
org.apache.el.ExpressionFactoryImpl;26;4;0;0.0000;0;0.0;8
org.apache.el.lang.EvaluationContext;35;7;3;0.6667;0;0.0;11
org.apache.jasper.Constants;0;0;33;0.0000;0;0.0;0
org.apache.catalina.manager.JMXProxyServlet;129;8;2;0.6429;0;0.0;33
org.apache.tomcat.util.modeler.BaseAttributeFilter;34;5;1;0.2000;0;0.0;11
org.apache.catalina.core.ApplicationHttpRequest;325;29;17;0.9496;1;3.0;108
org.apache.catalina.deploy.LoginConfig;85;9;5;0.7500;0;0.0;35
org.apache.catalina.tribes.io.BufferPool;37;4;4;0.8125;0;0.0;14
org.apache.catalina.tribes.transport.bio.BioReceiver;94;7;2;0.7143;1;3.0;23
org.apache.tomcat.util.digester.CallParamRule;61;4;5;0.6000;0;2.0;17
org.apache.coyote.http11.filters.ChunkedOutputFilter;38;4;6;0.9444;0;0.0;9
org.apache.catalina.core.StandardEngine;237;19;9;0.9017;0;3.0;66
org.apache.catalina.ant.jmx.JMXAccessorUnregisterTask;17;3;1;1.0000;0;0.0;5
org.apache.catalina.connector.Connector;427;58;36;0.9742;0;5.0;128
org.apache.tomcat.util.digester.Rule;31;9;2;0.9091;0;0.0;12
org.apache.jasper.compiler.TagPluginManager;66;3;6;0.7778;0;2.0;16
org.apache.jasper.compiler.TldLocationsCache;200;9;11;0.8889;1;2.0;55
org.apache.catalina.UserDatabase;16;16;0;0.0000;0;0.0;16
org.apache.jasper.compiler.SmapGenerator;58;5;5;0.8333;0;1.0;12
org.apache.catalina.ha.ClusterManager;15;15;0;0.0000;0;0.0;15
org.apache.tomcat.util.net.jsse.JSSEImplementation;19;4;3;0.8333;0;0.0;5
org.apache.catalina.core.StandardEngineValve;20;3;2;1.0000;0;0.0;6
org.apache.tomcat.util.bcel.classfile.AnnotationDefault;18;2;1;0.5000;1;1.0;5
org.apache.catalina.SessionEvent;18;4;3;0.7500;0;0.0;5
org.apache.catalina.startup.CatalinaProperties;66;6;2;0.8000;0;0.0;18
org.apache.catalina.ha.util.IDynamicProperty;4;4;0;0.0000;0;0.0;4
org.apache.naming.NamingContextEnumeration;18;5;1;0.4000;0;2.0;6
org.apache.catalina.util.MIME2Java;8;2;2;1.0000;0;0.0;3
org.apache.catalina.tribes.transport.Constants;0;0;5;0.0000;0;0.0;0
org.apache.jasper.tagplugins.jstl.core.Out;47;1;0;0.0000;0;0.0;3
org.apache.catalina.manager.host.HTMLHostManagerServlet;238;8;11;1.0000;1;8.0;34
org.apache.naming.resources.ImmutableNameNotFoundException;10;5;0;0.0000;0;0.0;5
org.apache.coyote.ProtocolHandler;10;10;0;0.0000;0;0.0;10
org.apache.el.parser.AstFalse;6;1;0;0.0000;0;0.0;2
org.apache.catalina.tribes.transport.bio.util.LinkObject;31;1;5;0.8000;0;1.0;10
org.apache.catalina.session.StoreBase;87;12;7;0.8571;0;3.0;24
org.apache.catalina.Pipeline;7;7;0;0.0000;0;0.0;7
org.apache.catalina.valves.PersistentValve;80;3;2;1.0000;0;0.0;28
org.apache.tomcat.util.http.mapper.Mapper;834;39;4;0.8813;2;14.0;223
org.apache.catalina.session.Constants;0;0;1;0.0000;0;0.0;0
org.apache.catalina.startup.ClassLoaderFactory;88;2;5;0.8000;0;0.0;46
org.apache.catalina.ant.RolesTask;4;1;0;0.0000;0;0.0;1
org.apache.catalina.ha.backend.TcpSender;138;3;6;0.3333;0;5.0;28
org.apache.tomcat.util.modeler.modules.MbeansSource;198;11;10;0.8941;0;4.0;55
org.apache.jasper.runtime.JspWriterImpl;233;36;7;0.8893;1;1.0;83
org.apache.catalina.startup.TldRuleSet;14;1;1;0.5000;0;0.0;3
org.apache.tomcat.jni.Error;14;3;2;0.8000;0;0.0;6
org.apache.tomcat.util.digester.CallMethodRule;206;7;7;0.8036;0;2.0;54
org.apache.tomcat.util.digester.SetPropertyRule;40;2;2;0.3333;0;3.0;12
org.apache.catalina.startup.RealmRuleSet;16;1;1;0.5000;0;0.0;3
org.apache.catalina.util.InstanceSupport;81;11;3;0.4242;0;0.0;34
org.apache.catalina.users.AbstractUser;31;14;3;0.9375;0;0.0;17
org.apache.catalina.deploy.ContextLocalEjb;45;4;4;0.7917;0;0.0;12
org.apache.el.parser.AstMinus;8;1;0;0.0000;0;0.0;2
org.apache.catalina.core.AsyncListenerWrapper;15;3;1;0.0000;0;0.0;5
org.apache.catalina.loader.StandardClassLoader;6;0;0;0.0000;0;0.0;2
org.apache.naming.java.javaURLContextFactory;19;2;2;1.0000;0;0.0;8
org.apache.catalina.ContainerEvent;18;4;3;0.7500;0;0.0;5
org.apache.tomcat.jni.SSLContext;14;14;0;0.0000;0;0.0;14
org.apache.catalina.manager.Constants;0;0;11;0.0000;0;0.0;0
org.apache.catalina.deploy.ContextEnvironment;33;3;3;0.7500;0;0.0;8
org.apache.catalina.tribes.group.ChannelInterceptorBase;66;14;4;0.9625;0;0.0;33
org.apache.tomcat.util.bcel.classfile.RuntimeVisibleAnnotations;11;2;0;0.0000;1;1.0;3
org.apache.catalina.valves.RequestFilterValve;63;8;6;0.9167;0;0.0;20
org.apache.tomcat.util.threads.ThreadPoolExecutor;46;5;1;0.7500;0;0.0;13
org.apache.catalina.tribes.transport.MultiPointSender;7;7;0;0.0000;0;0.0;7
org.apache.naming.factory.EjbFactory;67;1;0;0.0000;1;3.0;12
org.apache.tomcat.util.threads.ResizableExecutor;5;5;0;0.0000;0;0.0;5
org.apache.catalina.loader.VirtualWebappLoader;20;1;1;0.6667;0;0.0;6
org.apache.el.parser.ParseException;97;2;5;1.1000;0;5.0;26
org.apache.catalina.mbeans.ServerLifecycleListener;563;31;2;0.5645;1;8.0;195
org.apache.catalina.tribes.group.ChannelCoordinator;164;15;5;0.8727;0;10.0;49
org.apache.jasper.util.Entry;0;0;0;0;0;0;0
org.apache.el.parser.AstLessThanEqual;14;1;0;0.0000;0;0.0;6
org.apache.tomcat.util.bcel.classfile.ConstantDouble;17;2;1;0.2500;1;1.0;5
org.apache.catalina.manager.util.ReverseComparator;8;1;1;0.0000;0;0.0;2
org.apache.catalina.ha.deploy.FarmWarDeployer;376;28;17;0.9442;1;4.0;101
org.apache.naming.resources.CacheEntry;13;2;8;0.3750;0;0.0;2
org.apache.tomcat.util.bcel.classfile.ParameterAnnotationEntry;7;0;2;0.0000;0;0.0;2
org.apache.catalina.valves.ExtendedAccessLogValve;367;10;2;0.6667;0;0.0;82
org.apache.catalina.ant.ListTask;4;1;0;0.0000;0;0.0;1
org.apache.catalina.ssi.SSIServletExternalResolver;400;20;7;0.9000;2;2.0;119
org.apache.catalina.valves.RemoteIpValve;163;9;11;0.9330;0;5.0;40
org.apache.jasper.xmlparser.XMLChar;115;21;9;0.9611;0;0.0;60
org.apache.catalina.authenticator.Constants;0;0;19;0.0000;0;0.0;0
org.apache.tomcat.util.http.fileupload.ThresholdingOutputStream;50;10;3;0.7222;0;0.0;16
org.apache.juli.JdkLoggerFormatter;48;1;6;0.0000;0;0.0;11
org.apache.tomcat.util.net.ServerSocketFactory;23;8;2;1.0000;0;0.0;13
org.apache.jasper.servlet.JspServletWrapper;314;11;15;0.8667;0;7.0;78
org.apache.naming.factory.ResourceLinkFactory;17;2;1;0.0000;0;1.0;5
org.apache.catalina.ha.deploy.UndeployMessage;52;0;7;0.8857;0;0.0;16
org.apache.juli.OneLineFormatter;51;3;9;1.0000;0;0.0;7
org.apache.catalina.mbeans.MemoryUserDatabaseMBean;168;12;6;1.0417;0;0.0;31
org.apache.catalina.users.MemoryGroup;74;8;2;0.5625;0;0.0;16
