Method;Class;FDP;NIM_D;NAA_D;DISTANCE_D;LOC_D;NMD_D;NAD_D;NIM_E;NAA_E;DISTANCE_E;LOC_E;NMD_E;NAD_E
org.gjt.sp.jedit.Buffer.setDirty(boolean);org.gjt.sp.jedit.msg.BufferUpdate;1;3;5;0.9693;1798;136;53;0;1;1.0000;18;2;12
org.gjt.sp.jedit.gui.HistoryText.doBackwardSearch();org.gjt.sp.jedit.gui.HistoryModel;0;0;0;0;0;0;0;0;0;0;0;0;0
org.gjt.sp.jedit.syntax.XModeHandler.startElement(String);gnu.regexp.RE;4;2;11;0.7636;346;15;32;0;1;1.0000;615;37;13
bsh.ParserTokenManager.jjMoveStringLiteralDfa8_0(long, long, long, long, long, long);bsh.JavaCharStream;0;4;2;0.8947;1699;47;25;1;0;0.9808;331;25;17
org.gjt.sp.jedit.gui.DockableWindowFactory.Window.load();org.gjt.sp.jedit.PluginJAR;0;0;0;0;0;0;0;0;0;0;0;0;0
org.gjt.sp.jedit.browser.VFSBrowser.removeNotify();org.gjt.sp.jedit.EditBus;0;0;4;0.9434;542;33;34;1;0;1.0000;44;4;2
org.gjt.sp.jedit.textarea.JEditTextArea.goToBufferStart(boolean);org.gjt.sp.jedit.textarea.DisplayManager;0;3;4;0.9731;2774;208;61;1;0;0.9792;513;30;16
bsh.BSHType.getType(CallStack, Interpreter);bsh.BshClassManager;1;1;3;0.6923;82;6;4;1;0;0.9773;176;32;9
bsh.NameSpace.importClass(String);bsh.Name;0;1;1;0.9765;491;64;21;1;0;1.0000;341;17;9
bsh.BSHBinaryExpression.eval(CallStack, Interpreter);bsh.BSHType;2;2;1;0.8333;55;3;1;1;0;0.9615;82;6;4
org.gjt.sp.jedit.View.toString();org.gjt.sp.jedit.jEdit;0;0;0;1.0000;679;41;39;1;0;1.0000;1709;108;29
org.gjt.sp.jedit.search.SearchBar.setHyperSearch(boolean);org.gjt.sp.jedit.jEdit;0;0;1;0.9375;130;6;10;1;0;1.0000;1709;108;29
org.gjt.sp.jedit.EditPane.addMarker();org.gjt.sp.jedit.textarea.JEditTextArea;0;0;0;0;0;0;0;0;0;0;0;0;0
bsh.Parser.ArgumentList();bsh.ParserConstants;1;3;1;0.9890;5894;347;13;0;1;0.9926;0;0;131
bsh.Parser.ClassDeclaration();bsh.BSHClassDeclaration;5;8;2;0.9735;5894;347;13;0;5;0.8276;29;2;6
org.gjt.sp.jedit.gui.CompleteWord.Renderer.getListCellRendererComponent(JList, Object, int, boolean, boolean);org.gjt.sp.jedit.gui.CompleteWord.Completion;1;0;0;1.0000;10;1;0;0;2;0.6000;14;2;2
org.gjt.sp.jedit.options.PluginManagerOptionPane._save();org.gjt.sp.jedit.jEdit;0;0;5;0.5833;62;2;9;3;0;1.0000;1709;108;29
org.gjt.sp.jedit.syntax.XModeHandler.attribute(String, String, boolean);org.gjt.sp.jedit.syntax.TokenMarker;2;2;22;0.5200;346;15;32;2;0;0.9592;352;10;13
org.gjt.sp.jedit.textarea.JEditTextArea.isStructureHighlightVisible();org.gjt.sp.jedit.textarea.DisplayManager;1;0;2;0.9923;2774;208;61;1;0;0.9773;513;30;16
org.gjt.sp.jedit.options.AbbrevsOptionPane._init();org.gjt.sp.jedit.GUIUtilities;2;1;8;0.3571;112;5;8;1;0;1.0000;486;55;9
org.gjt.sp.jedit.options.WindowTableModel.getColumnName(int);org.gjt.sp.jedit.jEdit;0;0;0;1.0000;68;9;1;1;0;1.0000;1709;108;29
org.gjt.sp.jedit.search.SearchAndReplace.replaceInSelection(View, JEditTextArea, Buffer, SearchMatcher, boolean, Selection);org.gjt.sp.jedit.textarea.Selection.Rect;1;2;0;1.0000;537;32;11;2;0;0.9091;208;9;2
org.gjt.sp.jedit.browser.VFSFileNameField.doComplete(String);org.gjt.sp.jedit.browser.BrowserView;3;0;1;0.9375;129;5;1;2;1;0.8929;139;12;7
org.gjt.sp.jedit.MiscUtilities.pathsEqual(String, String);org.gjt.sp.jedit.io.VFS;0;0;0;0;0;0;0;0;0;0;0;0;0
org.gjt.sp.jedit.Macros.runTemporaryMacro(View);org.gjt.sp.jedit.View;1;1;0;1.0000;232;21;6;1;0;0.9853;679;41;39
org.gjt.sp.jedit.syntax.XModeHandler.attribute(String, String, boolean);org.gjt.sp.jedit.syntax.Token;2;2;22;0.5200;346;15;32;1;2;1.0000;21;3;27
bsh.BSHAllocationExpression.constructObject(Class, Object[], CallStack);bsh.Reflect;2;0;0;1.0000;119;9;1;1;0;1.0000;422;31;0
org.gjt.sp.jedit.textarea.ExtensionManager.paintScreenLineRange(Graphics2D, int, int, int[], int[], int[], int, int);org.gjt.sp.util.Log;1;0;1;0.8750;75;6;1;1;1;1.0000;142;9;16
org.gjt.sp.jedit.jEdit.closeAllBuffers(View, boolean);org.gjt.sp.jedit.PerspectiveManager;4;1;4;1.0000;1709;108;29;1;0;1.0000;135;3;1
bsh.BSHSwitchStatement.eval(CallStack, Interpreter);bsh.ParserConstants;4;1;0;0.8889;49;2;0;0;1;0.9928;0;0;131
org.gjt.sp.jedit.jEdit.closeView(View, boolean);org.gjt.sp.jedit.msg.ViewUpdate;1;2;3;1.0000;1709;108;29;0;1;1.0000;14;2;4
org.gjt.sp.jedit.EditPlugin.createMenuItems();org.gjt.sp.jedit.GUIUtilities;0;1;0;0.8571;42;7;1;1;0;1.0000;486;55;9
org.gjt.sp.jedit.BeanShell.evalSelection(View, JEditTextArea);org.gjt.sp.jedit.textarea.JEditTextArea;0;1;1;1.0000;279;22;6;2;0;0.9923;2774;208;61
bsh.BSHAmbiguousName.toLHS(CallStack, Interpreter);bsh.CallStack;0;1;0;0.9091;42;7;1;1;0;0.9412;52;11;1
macos.Delegate.MacrosMenu.createMenu(NSMenu, Vector);org.gjt.sp.jedit.EditAction;1;1;0;1.0000;40;2;0;1;0;0.9091;36;10;1
org.gjt.sp.jedit.buffer.PositionManager.PosBottomHalf.checkInvariants();org.gjt.sp.jedit.buffer.PositionManager;0;0;0;0;0;0;0;0;0;0;0;0;0
org.gjt.sp.jedit.textarea.JEditTextArea.goToMatchingBracket();org.gjt.sp.jedit.TextUtilities;0;4;3;0.9729;2774;208;61;1;0;1.0000;343;14;8
org.gjt.sp.jedit.jEdit.propertiesChanged();org.gjt.sp.jedit.buffer.JEditBuffer;0;0;0;0;0;0;0;0;0;0;0;0;0
org.gjt.sp.jedit.search.AllBufferSet._getFiles(Component);org.gjt.sp.jedit.Buffer;2;0;1;0.8000;26;2;1;0;2;0.9879;1798;136;53
org.gjt.sp.jedit.search.HyperSearchResults.MouseHandler.showPopupMenu(MouseEvent);org.gjt.sp.jedit.search.HyperSearchOperationNode;0;0;0;0;0;0;0;0;0;0;0;0;0
macos.Delegate.MacrosMenu.updateMenu();org.gjt.sp.jedit.Macros;1;1;0;0.5000;40;2;0;0;1;1.0000;232;21;6
org.gjt.sp.jedit.menu.EnhancedCheckBoxMenuItem.MouseHandler.mouseReleased(MouseEvent);org.gjt.sp.jedit.View;1;0;1;0.8000;19;3;1;0;1;0.9846;679;41;39
org.gjt.sp.jedit.menu.EnhancedMenuItem.MouseHandler.mouseReleased(MouseEvent);org.gjt.sp.jedit.View;1;0;1;0.8000;19;3;1;0;1;0.9846;679;41;39
org.gjt.sp.jedit.textarea.DisplayManager.init();org.gjt.sp.jedit.textarea.RangeMap;0;0;0;0;0;0;0;0;0;0;0;0;0
bsh.Parser.ThrowStatement();bsh.JJTParserState;2;4;1;0.9864;5894;347;13;4;0;0.8333;74;10;5
org.gjt.sp.jedit.textarea.JEditTextArea.userInput(char);org.gjt.sp.jedit.buffer.JEditBuffer;0;0;0;0;0;0;0;0;0;0;0;0;0
bsh.Parser.InstanceOfExpression();bsh.Token;4;6;2;0.9782;5894;347;13;0;1;0.9524;9;1;8
org.gjt.sp.jedit.textarea.Gutter.MouseHandler.mousePressed(MouseEvent);org.gjt.sp.jedit.textarea.TextAreaPainter;5;0;2;0.9474;89;5;4;0;1;0.9884;269;31;36
org.gjt.sp.jedit.OptionGroup.addOptionPane(String);org.gjt.sp.jedit.jEdit;0;1;0;0.9231;69;8;4;1;0;1.0000;1709;108;29
org.gjt.sp.jedit.buffer.PositionManager.PosBottomHalf.compareTo(Object);org.gjt.sp.jedit.buffer.PositionManager;2;0;1;0.8333;17;4;2;0;1;0.8333;30;3;2
org.gjt.sp.jedit.textarea.JEditTextArea.addNotify();org.gjt.sp.jedit.buffer.JEditBuffer;0;0;0;0;0;0;0;0;0;0;0;0;0
org.gjt.sp.jedit.buffer.BufferSaveRequest.run();org.gjt.sp.jedit.jEdit;0;0;0;0;0;0;0;0;0;0;0;0;0
org.gjt.sp.jedit.textarea.JEditTextArea.smartHome(boolean);org.gjt.sp.jedit.gui.InputHandler;2;3;1;0.9847;2774;208;61;0;1;0.9630;133;14;6
org.gjt.sp.jedit.jEdit.closeAllBuffers(View, boolean);org.gjt.sp.jedit.Buffer;4;1;4;1.0000;1709;108;29;5;5;0.9573;1798;136;53
org.gjt.sp.jedit.browser.VFSBrowser.FavoritesMenuButton.createPopupMenu();org.gjt.sp.jedit.io.VFSFile;0;0;0;0;0;0;0;0;0;0;0;0;0
bsh.BSHFormalParameters.insureParsed();bsh.BSHFormalParameter;1;0;2;0.8182;39;4;4;0;1;0.8889;12;2;3
org.gjt.sp.jedit.gui.DockablePanel.ResizeMouseHandler.mouseMoved(MouseEvent);org.gjt.sp.jedit.gui.PanelWindowContainer;0;0;0;0;0;0;0;0;0;0;0;0;0
bsh.Parser.InstanceOfExpression();bsh.JJTParserState;4;6;2;0.9782;5894;347;13;2;0;0.9286;74;10;5
installer.CBZip2InputStream.hbCreateDecodeTables(int[], int[], int[], char[], int, int, int);installer.BZip2Constants;1;0;0;1.0000;587;29;44;0;1;0.9091;0;0;11
org.gjt.sp.jedit.gui.PanelWindowContainer.ButtonLayout.preferredLayoutSize(Container);org.gjt.sp.jedit.gui.PanelWindowContainer;2;0;0;1.0000;128;6;0;0;2;0.9259;163;12;15
bsh.BSHArrayDimensions.eval(Class, CallStack, Interpreter);bsh.Interpreter;1;1;1;0.7500;44;4;4;1;1;1.0000;490;39;19
bsh.BSHAllocationExpression.objectArrayAllocation(BSHAmbiguousName, BSHArrayDimensions, CallStack, Interpreter);bsh.BSHAmbiguousName;0;1;0;0.9167;119;9;1;2;0;0.8182;42;7;1
bsh.Parser.jj_3R_147();bsh.ParserConstants;1;2;0;0.9945;5894;347;13;0;1;0.9925;0;0;131
org.gjt.sp.jedit.help.HelpViewer.ActionHandler.actionPerformed(ActionEvent);org.gjt.sp.jedit.help.HelpViewer;1;0;0;1.0000;21;1;0;1;4;0.7222;143;4;11
gnu.regexp.RETokenOneOf.match(CharIndexed, REMatch);gnu.regexp.CharIndexed;2;0;2;0.8571;69;3;2;1;1;0.8333;3;3;1
installer.TarEntry.setModTime(long);installer.TarHeader;1;0;1;0.9697;216;28;2;0;1;0.9444;106;8;36
org.objectweb.asm.ClassWriter.newInteger(int);org.objectweb.asm.Item;0;2;4;0.8864;305;21;49;1;0;0.9615;76;6;11
org.gjt.sp.jedit.pluginmgr.MirrorListHandler.endDocument();org.gjt.sp.jedit.pluginmgr.MirrorList;0;0;1;0.9524;67;11;9;1;0;0.8000;24;2;1
org.gjt.sp.jedit.PerspectiveManager.loadPerspective(boolean);com.microstar.xml.XmlException;4;0;0;1.0000;135;3;1;0;2;0.7500;18;0;4
org.gjt.sp.jedit.textarea.FastRepaintManager.prepareGraphics(Rectangle, int, Graphics2D);org.gjt.sp.jedit.textarea.JEditTextArea;0;0;0;0;0;0;0;0;0;0;0;0;0
org.gjt.sp.jedit.search.DirectoryListSet._getFiles(Component);org.gjt.sp.jedit.io.VFS;1;0;3;0.7000;59;5;3;2;0;0.9394;191;26;17
org.gjt.sp.jedit.gui.StatusBar.updateCaretStatus();org.gjt.sp.jedit.textarea.JEditTextArea;1;0;5;0.9000;261;11;26;2;5;0.9742;2774;208;61
bsh.ClassGeneratorUtil.generateReturnCode(String, CodeVisitor);org.objectweb.asm.CodeVisitor;1;2;0;1.0000;457;21;19;3;0;0.8846;17;17;0
org.gjt.sp.jedit.io.VFS.copy(ProgressObserver, VFS, Object, String, VFS, Object, String, Component, boolean);org.gjt.sp.jedit.io.VFSManager;0;0;0;0;0;0;0;0;0;0;0;0;0
bsh.Parser.ConditionalExpression();bsh.ParserTreeConstants;2;7;2;0.9783;5894;347;13;0;1;0.9811;0;0;39
org.gjt.sp.jedit.PluginJAR.startPlugin();org.gjt.sp.jedit.buffer.JEditBuffer;0;0;0;0;0;0;0;0;0;0;0;0;0
org.gjt.sp.jedit.options.EditingOptionPane._init();org.gjt.sp.jedit.MiscUtilities;1;1;18;0.3214;119;5;19;1;0;1.0000;629;50;3
org.gjt.sp.jedit.search.SearchAndReplace.record(View, String, boolean, boolean);org.gjt.sp.jedit.search.SearchFileSet;1;0;8;1.0000;537;32;11;1;0;0.8571;5;5;0
bsh.BSHPrimarySuffix.getIndexAux(Object, CallStack, Interpreter, SimpleNode);bsh.Interpreter;0;0;0;1.0000;95;5;7;1;0;1.0000;490;39;19
org.gjt.sp.jedit.textarea.RangeMap.put(int, int, int[]);org.gjt.sp.util.Log;0;0;0;0;0;0;0;0;0;0;0;0;0
org.gjt.sp.jedit.gui.AddAbbrevDialog.ActionHandler.actionPerformed(ActionEvent);org.gjt.sp.jedit.gui.AddAbbrevDialog;3;0;0;1.0000;22;1;0;0;4;0.6364;36;0;5
bsh.Primitive.longUnaryOperation(Long, int);bsh.ParserConstants;1;0;0;1.0000;506;35;5;0;5;0.9618;0;0;131
gnu.regexp.RETokenBackRef.match(CharIndexed, REMatch);gnu.regexp.REMatch;1;0;1;0.8889;21;2;2;0;3;0.8750;95;12;8
org.gjt.sp.jedit.menu.EnhancedMenuItem.MouseHandler.mouseEntered(MouseEvent);org.gjt.sp.jedit.GUIUtilities;2;0;1;0.8333;19;3;1;1;0;1.0000;486;55;9
bsh.Parser.MethodInvocation();bsh.ParserTreeConstants;1;4;1;0.9863;5894;347;13;0;1;0.9792;0;0;39
org.gjt.sp.jedit.textarea.JEditTextArea.fireStatusChanged(int, boolean);org.gjt.sp.util.Log;0;0;0;0;0;0;0;0;0;0;0;0;0
bsh.SimpleNode.getText();bsh.Token;1;0;2;0.9048;76;14;7;0;2;0.8000;9;1;8
org.gjt.sp.jedit.options.DockingOptionPane._save();org.gjt.sp.jedit.options.WindowTableModel;0;0;1;0.8571;31;4;2;1;0;0.9167;68;9;1
org.gjt.sp.jedit.search.SearchBar.propertiesChanged();org.gjt.sp.jedit.GUIUtilities;0;0;2;0.8750;130;6;10;1;0;1.0000;486;55;9
org.gjt.sp.jedit.gui.ColorWellButton.ColorPickerDialog.init();org.gjt.sp.jedit.jEdit;1;0;3;0.6667;41;4;3;1;0;1.0000;1709;108;29
org.gjt.sp.jedit.search.HyperSearchRequest.run();org.gjt.sp.jedit.search.SearchFileSet;2;2;2;0.7647;130;5;6;2;0;0.8462;5;5;0
bsh.JThis.event(String, Object);bsh.NameSpace;0;0;0;1.0000;294;85;0;1;0;0.9889;491;64;21
org.gjt.sp.jedit.buffer.JEditBuffer.remove(int, int);org.gjt.sp.jedit.buffer.UndoManager;0;0;0;0;0;0;0;0;0;0;0;0;0
org.gjt.sp.jedit.View.close();org.gjt.sp.jedit.EditBus;0;1;10;0.8281;679;41;39;1;0;1.0000;44;4;2
org.gjt.sp.jedit.browser.VFSBrowser.FavoritesMenuButton.ActionHandler.actionPerformed(ActionEvent);org.gjt.sp.jedit.browser.VFSBrowser;3;0;0;1.0000;33;1;0;3;4;0.8929;542;33;34
org.gjt.sp.jedit.syntax.XModeHandler.endDocument();org.gjt.sp.jedit.syntax.ParserRuleSet;0;0;1;0.9796;346;15;32;1;0;0.9688;126;13;19
org.gjt.sp.jedit.textarea.JEditTextArea.recalculateLastPhysicalLine();org.gjt.sp.jedit.textarea.ChunkCache;1;1;4;0.9808;2774;208;61;1;0;0.9756;333;25;9
bsh.BSHAllocationExpression.constructObject(Class, Object[], CallStack);bsh.UtilEvalError;2;0;0;1.0000;119;9;1;1;0;0.8889;14;2;0
org.gjt.sp.jedit.menu.FavoritesProvider.update(JMenu);org.gjt.sp.jedit.MiscUtilities;2;0;0;1.0000;39;2;0;1;0;1.0000;629;50;3
org.gjt.sp.jedit.gui.KeyEventWorkaround.isMacControl(KeyEvent);org.gjt.sp.jedit.OperatingSystem;0;0;0;0;0;0;0;0;0;0;0;0;0
org.gjt.sp.jedit.options.AbbrevsOptionPane.ActionHandler.actionPerformed(ActionEvent);org.gjt.sp.jedit.GUIUtilities;1;0;0;1.0000;30;1;0;1;0;1.0000;486;55;9
org.gjt.sp.jedit.help.HelpIndex.indexDirectory(String);org.gjt.sp.jedit.io.VFSManager;1;1;0;0.9167;154;9;3;0;1;1.0000;129;15;11
com.loomcom.ant.tasks.jarbundler.JarBundler.execute();com.loomcom.ant.tasks.jarbundler.AppBundleProperties.DocumentType;0;0;0;0;0;0;0;0;0;0;0;0;0
org.gjt.sp.jedit.Buffer.getDefaultProperty(String);org.gjt.sp.jedit.Mode;0;0;0;0;0;0;0;0;0;0;0;0;0
org.gjt.sp.jedit.GUIUtilities.loadMenuItem(String, boolean);org.gjt.sp.jedit.jEdit;1;1;0;1.0000;486;55;9;0;1;1.0000;1709;108;29
org.gjt.sp.jedit.MiscUtilities.pathsEqual(String, String);org.gjt.sp.jedit.io.VFSManager;0;0;0;0;0;0;0;0;0;0;0;0;0
org.gjt.sp.jedit.help.HelpSearchPanel.ActionHandler.actionPerformed(ActionEvent);org.gjt.sp.jedit.jEdit;1;0;0;1.0000;55;1;0;1;0;1.0000;1709;108;29
org.gjt.sp.jedit.View.unsplitCurrent();org.gjt.sp.jedit.GUIUtilities;0;2;2;0.9375;679;41;39;1;0;1.0000;486;55;9
org.gjt.sp.jedit.textarea.TextAreaTransferHandler.exportDone(JComponent, Transferable, int);org.gjt.sp.jedit.textarea.JEditTextArea;0;0;0;0;0;0;0;0;0;0;0;0;0
org.gjt.sp.jedit.textarea.JEditTextArea.fireStatusChanged(int, boolean);org.gjt.sp.jedit.textarea.StatusListener;0;0;0;0;0;0;0;0;0;0;0;0;0
org.gjt.sp.jedit.gui.StatusBar.MouseHandler.mouseClicked(MouseEvent);org.gjt.sp.jedit.textarea.JEditTextArea;1;0;0;1.0000;15;1;0;4;0;0.9852;2774;208;61
bsh.Parser.getNextToken();bsh.Token;1;0;3;0.9917;5894;347;13;0;1;0.9167;9;1;8
org.gjt.sp.jedit.search.SearchDialog.load();org.gjt.sp.jedit.jEdit;5;0;13;0.7547;431;17;30;1;0;1.0000;1709;108;29
org.gjt.sp.jedit.View.updateGutterBorders();org.gjt.sp.jedit.textarea.JEditTextArea;2;1;0;0.9846;679;41;39;0;1;0.9962;2774;208;61
org.gjt.sp.jedit.browser.BrowserCommandsMenu.createEncodingMenu();org.gjt.sp.jedit.jEdit;1;0;4;0.5000;122;3;4;1;0;1.0000;1709;108;29
bsh.BSHPrimarySuffix.doName(Object, boolean, CallStack, Interpreter);bsh.BSHArguments;0;0;1;0.9091;95;5;7;1;0;0.8333;11;1;0
org.gjt.sp.jedit.pluginmgr.InstallPanel.InstallButton.actionPerformed(ActionEvent);org.gjt.sp.jedit.GUIUtilities;4;0;0;1.0000;48;2;0;1;0;1.0000;486;55;9
org.gjt.sp.jedit.menu.RecentFilesProvider.update(JMenu);org.gjt.sp.jedit.BufferHistory;3;0;0;1.0000;61;2;0;0;1;1.0000;189;9;3
installer.TarEntry.setUserId(int);installer.TarHeader;1;0;1;0.9697;216;28;2;0;1;0.9444;106;8;36
org.gjt.sp.jedit.buffer.BufferSaveRequest.run();org.gjt.sp.jedit.io.VFS;0;0;0;0;0;0;0;0;0;0;0;0;0
org.gjt.sp.jedit.options.AppearanceOptionPane._init();org.gjt.sp.jedit.jEdit;2;1;11;0.2941;100;3;11;3;1;1.0000;1709;108;29
bsh.Parser.jj_3R_78();bsh.ParserConstants;1;2;0;0.9945;5894;347;13;0;1;0.9925;0;0;131
org.gjt.sp.jedit.BeanShell.init();org.gjt.sp.util.Log;2;1;4;1.0000;279;22;6;1;1;1.0000;142;9;16
bsh.ClassGeneratorUtil.generateClass();org.objectweb.asm.Type;4;6;13;0.6250;457;21;19;1;0;1.0000;317;20;24
org.gjt.sp.jedit.search.SearchAndReplace.record(View, String, boolean, boolean);org.gjt.sp.jedit.View;1;0;8;1.0000;537;32;11;0;1;0.9846;679;41;39
org.gjt.sp.jedit.ActionListHandler.endElement(String);org.gjt.sp.jedit.ActionSet;0;2;7;0.5500;73;10;9;1;0;0.9688;155;14;7
org.gjt.sp.jedit.textarea.Selection.Rect.setText(JEditBuffer, String);org.gjt.sp.jedit.MiscUtilities;0;2;0;0.9231;208;9;2;1;0;1.0000;629;50;3
bsh.BSHPrimaryExpression.eval(boolean, CallStack, Interpreter);bsh.UtilEvalError;0;0;0;1.0000;28;3;0;1;0;0.9091;14;2;0
bsh.Parser.jj_3R_121();bsh.ParserConstants;1;2;1;0.9917;5894;347;13;0;2;0.9851;0;0;131
org.gjt.sp.jedit.gui.StatusBar.MouseHandler.mouseClicked(MouseEvent);org.gjt.sp.jedit.gui.StatusBar;1;0;0;1.0000;15;1;0;0;8;0.8222;261;11;26
org.objectweb.asm.Label.resolve(CodeWriter, int, byte[]);org.objectweb.asm.CodeWriter;2;0;5;0.6429;84;3;10;0;1;1.0000;919;30;27
org.gjt.sp.jedit.options.ShortcutsOptionPane.initModels();org.gjt.sp.jedit.ActionSet;1;1;2;0.8000;69;6;5;2;2;0.8462;155;14;7
org.objectweb.asm.ClassWriter.newUTF8(String);org.objectweb.asm.ByteVector;0;2;4;0.8864;305;21;49;2;0;0.8947;139;9;2
org.gjt.sp.jedit.textarea.JEditTextArea.smartHome(boolean);org.gjt.sp.jedit.Macros.Recorder;2;3;1;0.9847;2774;208;61;1;0;0.9545;80;8;6
bsh.Reflect.findMostSpecificMethod(String, Class[], Method[], boolean);bsh.Interpreter;1;1;0;1.0000;422;31;0;1;1;1.0000;490;39;19
org.gjt.sp.jedit.textarea.JEditTextArea.goToPrevCharacter(boolean);org.gjt.sp.jedit.textarea.DisplayManager;2;7;4;0.9580;2774;208;61;1;0;0.9815;513;30;16
macos.Delegate.RecentDirMenu.updateMenu();org.gjt.sp.jedit.jEdit;1;0;0;1.0000;24;1;0;1;0;1.0000;1709;108;29
org.gjt.sp.jedit.gui.LogViewer.LogList.processMouseMotionEvent(MouseEvent);org.gjt.sp.jedit.gui.LogViewer;1;0;1;0.7500;27;2;1;0;1;0.9091;53;5;4
org.gjt.sp.jedit.Macros.runScript(View, String, boolean);org.gjt.sp.jedit.MiscUtilities;1;2;0;1.0000;232;21;6;1;0;1.0000;629;50;3
bsh.Parser.InclusiveOrExpression();bsh.ParserConstants;4;5;2;0.9810;5894;347;13;0;2;0.9860;0;0;131
org.gjt.sp.jedit.textarea.MouseHandler.mouseDragged(MouseEvent);org.gjt.sp.jedit.buffer.JEditBuffer;0;0;0;0;0;0;0;0;0;0;0;0;0
org.gjt.sp.jedit.menu.EnhancedCheckBoxMenuItem.MouseHandler.mouseEntered(MouseEvent);org.gjt.sp.jedit.View;2;0;1;0.8333;19;3;1;0;1;0.9848;679;41;39
org.gjt.sp.jedit.browser.FileCellRenderer.getTableCellRendererComponent(JTable, Object, boolean, boolean, int, int);org.gjt.sp.jedit.io.VFSFile;0;0;0;0;0;0;0;0;0;0;0;0;0
bsh.ClassGeneratorImpl.ClassNodeFilter.isStatic(SimpleNode);bsh.BSHTypedVariableDeclaration;2;0;0;1.0000;16;2;7;0;1;0.8889;44;5;1
org.gjt.sp.jedit.gui.ActionBar.ActionHandler.actionPerformed(ActionEvent);org.gjt.sp.jedit.View;1;0;0;1.0000;4;1;0;1;0;0.9848;679;41;39
org.gjt.sp.jedit.buffer.JEditBuffer.setFoldHandler(FoldHandler);org.gjt.sp.jedit.buffer.LineManager;0;0;0;0;0;0;0;0;0;0;0;0;0
org.gjt.sp.jedit.gui.InputHandler.invokeAction(EditAction);org.gjt.sp.jedit.Macros.Recorder;2;0;6;0.8529;133;14;6;1;0;0.9706;80;8;6
org.gjt.sp.jedit.Macros.addMacro(File, String, Vector);org.gjt.sp.util.Log;2;1;3;1.0000;232;21;6;1;1;1.0000;142;9;16
org.gjt.sp.jedit.pluginmgr.InstallPanel.PluginTableModel.getColumnName(int);org.gjt.sp.jedit.jEdit;0;0;0;1.0000;151;13;2;1;0;1.0000;1709;108;29
installer.TarEntry.getGroupName();installer.TarHeader;1;0;1;0.9697;216;28;2;0;1;0.9444;106;8;36
installer.TarEntry.parseTarHeader(TarHeader, byte[]);installer.TarHeader;1;0;0;1.0000;216;28;2;2;25;0.1765;106;8;36
org.gjt.sp.jedit.jEdit.loadModeCatalog(String, boolean);org.gjt.sp.util.Log;3;0;0;1.0000;1709;108;29;1;2;1.0000;142;9;16
org.gjt.sp.jedit.pluginmgr.PluginManagerProgress.WindowHandler.windowClosing(WindowEvent);org.gjt.sp.jedit.pluginmgr.PluginManagerProgress;1;0;0;1.0000;10;2;1;0;1;0.9000;58;2;7
org.gjt.sp.jedit.View.getSplitConfig(JSplitPane, StringBuffer);org.gjt.sp.jedit.MiscUtilities;2;1;0;1.0000;679;41;39;1;0;1.0000;629;50;3
org.gjt.sp.jedit.View.updateTitle();org.gjt.sp.jedit.OperatingSystem;2;1;1;0.9701;679;41;39;0;0;1.0000;122;13;11
org.gjt.sp.jedit.gui.OptionsDialog.valueChanged(TreeSelectionEvent);org.gjt.sp.jedit.jEdit;3;1;5;0.7931;231;15;9;3;0;1.0000;1709;108;29
bsh.Parser.EnhancedForStatement();bsh.Token;4;8;2;0.9732;5894;347;13;0;1;0.9655;9;1;8
org.gjt.sp.jedit.options.ViewOptionPane.ActionHandler.actionPerformed(ActionEvent);org.gjt.sp.jedit.options.ViewOptionPane;1;0;0;1.0000;14;1;0;0;7;0.5000;49;2;11
org.gjt.sp.jedit.PluginJAR.checkDependencies();org.gjt.sp.jedit.EditPlugin;2;1;5;0.8235;557;18;15;1;1;0.8667;42;7;1
bsh.EvalError.getErrorLineNumber();bsh.SimpleNode;0;0;1;0.9091;59;7;3;1;0;0.9524;76;14;7
org.gjt.sp.jedit.browser.VFSBrowser.ActionHandler.actionPerformed(ActionEvent);org.gjt.sp.jedit.browser.BrowserView;1;0;0;1.0000;9;1;0;1;0;0.9615;139;12;7
org.gjt.sp.jedit.gui.HistoryTextField.MouseHandler.mousePressed(MouseEvent);org.gjt.sp.jedit.gui.HistoryTextField;1;0;1;0.8000;20;4;1;0;1;0.9583;211;12;7
bsh.ParserTokenManager.jjMoveStringLiteralDfa18_0(long, long, long, long);bsh.JavaCharStream;0;4;2;0.8947;1699;47;25;1;0;0.9808;331;25;17
org.gjt.sp.jedit.jEdit.saveSettings();org.gjt.sp.jedit.MiscUtilities;1;1;3;1.0000;1709;108;29;1;0;1.0000;629;50;3
org.gjt.sp.jedit.pluginmgr.ManagePanel.HelpButton.valueChanged(ListSelectionEvent);org.gjt.sp.jedit.EditPlugin;4;0;1;0.9091;30;2;1;0;1;0.9375;42;7;1
org.gjt.sp.jedit.EditPane.handleBufferUpdate(BufferUpdate);org.gjt.sp.jedit.View;5;2;5;0.8056;273;15;7;0;2;0.9759;679;41;39
org.gjt.sp.jedit.Buffer.removeMarker(int);org.gjt.sp.jedit.msg.BufferUpdate;1;2;1;0.9817;1798;136;53;0;1;1.0000;18;2;12
bsh.Reflect.resolveJavaMethod(BshClassManager, Class, Object, String, Object[], boolean);bsh.Types;1;1;0;1.0000;422;31;0;1;0;1.0000;98;10;4
org.gjt.sp.jedit.search.SearchBar.ActionHandler.actionPerformed(ActionEvent);org.gjt.sp.jedit.jEdit;2;0;0;1.0000;18;1;0;1;0;1.0000;1709;108;29
bsh.Parser.jj_3R_216();bsh.ParserConstants;1;3;0;0.9917;5894;347;13;0;2;0.9851;0;0;131
macos.menu.MacOSMenu.update(JMenu);org.gjt.sp.jedit.jEdit;1;0;0;1.0000;20;2;0;2;0;1.0000;1709;108;29
org.gjt.sp.jedit.browser.VFSBrowser.handleMessage(EBMessage);org.gjt.sp.jedit.msg.VFSUpdate;3;2;2;0.9310;542;33;34;0;1;0.9091;11;1;1
org.gjt.sp.jedit.Registers.copy(JEditTextArea, char);org.gjt.sp.jedit.gui.HistoryModel;0;1;0;1.0000;231;16;5;2;0;0.8889;131;9;8
bsh.BSHMethodDeclaration.evalNodes(CallStack, Interpreter);bsh.BSHFormalParameters;2;1;5;0.7143;57;7;8;2;1;0.8333;39;4;4
org.gjt.sp.jedit.pluginmgr.PluginList.Plugin.getInstalledPath();org.gjt.sp.jedit.MiscUtilities;1;0;1;0.9091;50;6;5;1;0;1.0000;629;50;3
org.gjt.sp.jedit.search.SearchBar.DocumentHandler.insertUpdate(DocumentEvent);org.gjt.sp.jedit.View;3;0;0;1.0000;30;3;0;1;0;0.9855;679;41;39
org.gjt.sp.jedit.textarea.ChunkCache.updateChunksUpTo(int);org.gjt.sp.jedit.textarea.JEditTextArea;7;1;6;0.8627;333;25;9;2;1;0.9893;2774;208;61
bsh.BSHArrayDimensions.eval(CallStack, Interpreter);bsh.Primitive;1;0;4;0.6667;44;4;4;1;1;0.9630;506;35;5
org.objectweb.asm.CodeWriter.visitMultiANewArrayInsn(String, int);org.objectweb.asm.Constants;2;0;4;0.9245;919;30;27;0;1;0.9947;0;0;179
org.gjt.sp.jedit.gui.HistoryText.showPopupMenu(String, int, int);org.gjt.sp.jedit.GUIUtilities;0;0;0;0;0;0;0;0;0;0;0;0;0
installer.SwingInstall.SelectComponents.updateSize();installer.Install;1;0;3;0.6250;41;3;3;1;0;0.9000;61;4;2
macos.Delegate.RecentDirMenu.updateMenu();org.gjt.sp.jedit.gui.HistoryModel;1;0;0;1.0000;24;1;0;2;0;0.8889;131;9;8
org.gjt.sp.jedit.View.processKeyEvent(KeyEvent, int);org.gjt.sp.util.Log;3;2;6;0.9048;679;41;39;1;1;1.0000;142;9;16
org.gjt.sp.jedit.View.handleMessage(EBMessage);org.gjt.sp.jedit.search.SearchBar;0;3;1;0.9365;679;41;39;1;0;0.9524;130;6;10
bsh.Reflect.findAccessibleField(Class, String);bsh.ReflectManager;0;0;0;1.0000;422;31;0;1;0;1.0000;17;3;1
org.gjt.sp.jedit.search.HyperSearchResults.BufferClosedVisitor.visit(Buffer, HyperSearchResult);org.gjt.sp.jedit.search.HyperSearchResult;0;0;0;1.0000;3;1;0;1;0;0.9286;66;7;6
org.gjt.sp.jedit.jEdit.openFile(View, String, String, boolean, Hashtable);org.gjt.sp.jedit.EditBus;3;2;2;1.0000;1709;108;29;1;0;1.0000;44;4;2
org.gjt.sp.jedit.EditPane.propertiesChanged();org.gjt.sp.jedit.GUIUtilities;2;0;1;0.9831;273;15;7;3;0;1.0000;486;55;9
org.gjt.sp.jedit.browser.BrowserIORequest.listDirectory();org.gjt.sp.jedit.io.VFSManager;1;0;5;0.7222;179;6;11;1;0;1.0000;129;15;11
org.gjt.sp.jedit.help.HelpTOCPanel.loadTOC(DefaultMutableTreeNode, String);com.microstar.xml.XmlParser;4;0;1;0.9333;106;5;5;1;1;0.9873;2091;113;92
org.gjt.sp.jedit.GUIUtilities.loadStyles(String, int, boolean);org.gjt.sp.jedit.syntax.Token;2;1;0;1.0000;486;55;9;1;1;1.0000;21;3;27
org.gjt.sp.jedit.browser.BrowserCommandsMenu.createMenuItem(String);org.gjt.sp.jedit.browser.VFSBrowser;1;0;0;1.0000;122;3;4;0;1;1.0000;542;33;34
bsh.BSHPrimaryExpression.eval(boolean, CallStack, Interpreter);bsh.BSHAmbiguousName;0;0;0;1.0000;28;3;0;2;0;0.8667;42;7;1
org.gjt.sp.jedit.textarea.ChunkCache.getLineInfosForPhysicalLine(int, List);org.gjt.sp.jedit.textarea.JEditTextArea;1;0;2;0.9524;333;25;9;1;0;0.9963;2774;208;61
org.gjt.sp.jedit.textarea.DisplayManager.hideLineRange(int, int);org.gjt.sp.jedit.textarea.RangeMap;0;0;0;0;0;0;0;0;0;0;0;0;0
org.gjt.sp.jedit.search.HyperSearchResults.TreeDisplayAction.actionPerformed(ActionEvent);org.gjt.sp.jedit.search.HyperSearchOperationNode;0;0;0;0;0;0;0;0;0;0;0;0;0
org.gjt.sp.jedit.help.HelpViewer.gotoURL(String, boolean);org.gjt.sp.util.Log;1;0;7;0.6111;143;4;11;1;1;1.0000;142;9;16
org.gjt.sp.jedit.gui.CompleteWord.getCompletions(Buffer, String, int);org.gjt.sp.jedit.EditPane;3;2;0;1.0000;182;8;6;0;1;0.9600;273;15;7
org.gjt.sp.jedit.proto.jeditresource.PluginResURLConnection.connect();org.gjt.sp.jedit.JARClassLoader;1;0;3;0.6667;54;3;3;1;0;0.9474;143;11;6
org.gjt.sp.jedit.buffer.JEditBuffer.getKeywordMapAtOffset(int);org.gjt.sp.jedit.syntax.ParserRuleSet;0;0;0;0;0;0;0;0;0;0;0;0;0
org.gjt.sp.jedit.search.SearchBar.incrementalSearch(int, boolean);org.gjt.sp.util.Log;1;0;2;0.8824;130;6;10;1;1;1.0000;142;9;16
org.gjt.sp.jedit.Macros.Macro.invoke(View);org.gjt.sp.jedit.Macros.Handler;0;0;1;0.8889;32;3;3;1;0;0.9167;24;4;3
bsh.Parser.ThrowStatement();bsh.ParserConstants;2;4;1;0.9864;5894;347;13;0;2;0.9858;0;0;131
bsh.BSHPrimarySuffix.doName(Object, boolean, CallStack, Interpreter);bsh.Reflect;0;0;1;0.9091;95;5;7;3;0;1.0000;422;31;0
org.gjt.sp.jedit.options.ContextAddDialog.ActionHandler.actionPerformed(ActionEvent);org.gjt.sp.jedit.options.ContextAddDialog;1;0;0;1.0000;10;1;0;3;5;0.3333;82;4;7
org.gjt.sp.jedit.textarea.TextAreaPainter.PaintText.paintValidLine(Graphics2D, int, int, int, int, int);org.gjt.sp.jedit.textarea.TextAreaPainter;7;0;0;1.0000;50;1;0;0;6;0.9221;269;31;36
org.gjt.sp.jedit.textarea.JEditTextArea._finishCaretUpdate();org.gjt.sp.jedit.textarea.ChunkCache;0;3;8;0.9623;2774;208;61;0;0;1.0000;333;25;9
org.gjt.sp.jedit.io.VFS.getDefaultColorFor(String);gnu.regexp.RE;0;1;2;1.0000;191;26;17;1;0;0.9773;615;37;13
org.gjt.sp.jedit.help.HelpSearchPanel.MouseHandler.mouseReleased(MouseEvent);org.gjt.sp.jedit.help.HelpViewer;2;0;0;1.0000;7;1;0;1;0;0.9524;143;4;11
bsh.ClassGeneratorImpl.generateClassImpl(String, Modifiers, Class[], Class, BSHBlock, boolean, CallStack, Interpreter);bsh.BshClassManager;3;2;0;1.0000;109;7;0;3;0;0.9412;176;32;9
org.gjt.sp.jedit.browser.VFSBrowser.PluginsMenuButton.MouseHandler.mousePressed(MouseEvent);org.gjt.sp.jedit.GUIUtilities;1;0;0;1.0000;9;1;0;1;0;1.0000;486;55;9
org.gjt.sp.jedit.textarea.MouseHandler.doSingleDrag(MouseEvent);org.gjt.sp.jedit.textarea.JEditTextArea;0;0;0;0;0;0;0;0;0;0;0;0;0
org.gjt.sp.jedit.help.HelpIndex.indexJAR(ZipFile);org.gjt.sp.util.Log;1;1;0;0.9091;154;9;3;1;1;1.0000;142;9;16
org.gjt.sp.jedit.jEdit.propertiesChanged();org.gjt.sp.jedit.gui.HistoryModel;1;5;2;1.0000;1709;108;29;1;0;1.0000;131;9;8
org.gjt.sp.jedit.pluginmgr.ManagePanel.TextRenderer.getTableCellRendererComponent(JTable, Object, boolean, boolean, int, int);org.gjt.sp.jedit.pluginmgr.ManagePanel.PluginTableModel;2;0;1;0.7500;9;1;1;1;0;0.9524;153;15;2
bsh.Parser.Arguments();bsh.JJTParserState;2;5;2;0.9821;5894;347;13;4;0;0.9200;74;10;5
org.objectweb.asm.CodeWriter.getSize();org.objectweb.asm.ClassWriter;2;1;8;0.8269;919;30;27;1;0;0.9815;305;21;49
org.gjt.sp.jedit.textarea.JEditTextArea.formatParagraph();org.gjt.sp.jedit.GUIUtilities;0;7;5;0.9549;2774;208;61;1;0;1.0000;486;55;9
org.gjt.sp.jedit.options.WindowTableModel.WindowCompare.compare(Object, Object);org.gjt.sp.jedit.options.WindowTableModel.Entry;1;0;0;1.0000;5;1;0;0;1;0.8000;10;1;3
org.gjt.sp.jedit.browser.FileCellRenderer.getTableCellRendererComponent(JTable, Object, boolean, boolean, int, int);org.gjt.sp.jedit.browser.VFSDirectoryEntryTableModel.Entry;3;0;6;0.6842;83;6;12;0;3;0.8125;4;0;3
bsh.DelayedEvalBshMethod.getParameterTypes();bsh.BSHFormalParameters;0;0;3;0.6667;32;2;6;1;0;0.9167;39;4;4
installer.CBZip2InputStream.setupNoRandPartA();installer.CRC;0;3;11;0.7903;587;29;44;1;0;0.9444;16;3;2
org.gjt.sp.jedit.gui.ActionBar.ActionTextField.processKeyEvent(KeyEvent);org.gjt.sp.jedit.EditPane;3;1;2;0.8421;79;5;2;1;0;0.9722;273;15;7
org.gjt.sp.jedit.browser.BrowserIORequest.rename();org.gjt.sp.jedit.jEdit;1;0;5;0.7368;179;6;11;1;0;1.0000;1709;108;29
bsh.Interpreter.get(String);bsh.NameSpace;1;0;1;0.9811;490;39;19;1;0;0.9886;491;64;21
org.gjt.sp.jedit.textarea.TextAreaDropHandler.drop(DropTargetDropEvent);org.gjt.sp.util.Log;0;0;0;0;0;0;0;0;0;0;0;0;0
org.gjt.sp.jedit.textarea.DisplayManager.foldHandlerChanged();org.gjt.sp.jedit.textarea.RangeMap;0;0;0;0;0;0;0;0;0;0;0;0;0
org.gjt.sp.jedit.BufferHistory.load();org.gjt.sp.jedit.MiscUtilities;4;0;1;1.0000;189;9;3;1;0;1.0000;629;50;3
macos.script.AppleScriptHandler.createMacro(String, String);org.gjt.sp.jedit.Macros.Macro;0;0;0;1.0000;18;4;1;1;0;1.0000;32;3;3
macos.Delegate.handleAbout(ApplicationEvent);org.gjt.sp.jedit.jEdit;1;0;0;1.0000;156;12;2;1;0;1.0000;1709;108;29
org.gjt.sp.jedit.pluginmgr.InstallPanel.SizeLabel.tableChanged(TableModelEvent);org.gjt.sp.jedit.pluginmgr.InstallPanel;3;0;1;0.8889;17;1;1;1;1;0.8571;71;2;5
org.gjt.sp.jedit.Buffer.save(View, String, boolean);org.gjt.sp.jedit.msg.BufferUpdate;2;6;6;0.9387;1798;136;53;0;1;1.0000;18;2;12
org.gjt.sp.jedit.Buffer.getDefaultProperty(String);org.gjt.sp.jedit.jEdit;0;0;0;0;0;0;0;0;0;0;0;0;0
org.gjt.sp.jedit.pluginmgr.InstallPanel.PluginTableModel.setValueAt(Object, int, int);org.gjt.sp.jedit.pluginmgr.InstallPanel.Entry;4;2;1;0.9167;151;13;2;1;4;0.7368;23;1;10
org.gjt.sp.jedit.Macros.message(Component, String);org.gjt.sp.jedit.GUIUtilities;0;0;0;1.0000;232;21;6;1;0;1.0000;486;55;9
org.gjt.sp.jedit.Macros.confirm(Component, String, int);org.gjt.sp.jedit.GUIUtilities;0;0;0;1.0000;232;21;6;1;0;1.0000;486;55;9
org.gjt.sp.jedit.gui.ErrorListDialog.ActionHandler.actionPerformed(ActionEvent);org.gjt.sp.jedit.gui.ErrorListDialog;1;0;0;1.0000;6;1;0;0;2;0.6000;46;2;2
macos.Delegate.BufferMenu.updateMenu();macos.Delegate;2;0;0;1.0000;21;1;0;0;1;0.9444;156;12;2
org.gjt.sp.jedit.jEdit.openFile(View, String, String, boolean, Hashtable);org.gjt.sp.jedit.Buffer;3;2;2;1.0000;1709;108;29;1;3;0.9880;1798;136;53
org.gjt.sp.jedit.buffer.JEditBuffer.getRuleSetAtOffset(int);org.gjt.sp.jedit.syntax.Token;0;0;0;0;0;0;0;0;0;0;0;0;0
org.gjt.sp.jedit.print.BufferPrinter1_4.getPrintJob(String);org.gjt.sp.util.Log;2;0;2;1.0000;83;5;2;1;1;1.0000;142;9;16
org.gjt.sp.jedit.help.HelpTOCPanel.TOCCellRenderer.getTreeCellRendererComponent(JTree, Object, boolean, boolean, boolean, int, boolean);org.gjt.sp.jedit.browser.FileCellRenderer;1;0;1;0.0000;6;1;1;0;3;1.0000;83;6;12
org.gjt.sp.jedit.browser.VFSDirectoryEntryTable.getExpandedDirectories(Set);org.gjt.sp.jedit.browser.VFSDirectoryEntryTableModel.Entry;3;0;0;1.0000;240;13;4;0;2;0.6667;4;0;3
installer.TarEntry.getGroupId();installer.TarHeader;1;0;1;0.9697;216;28;2;0;1;0.9444;106;8;36
org.gjt.sp.jedit.pluginmgr.PluginManager.dispose();org.gjt.sp.jedit.EditBus;0;0;1;1.0000;133;6;11;1;0;1.0000;44;4;2
org.gjt.sp.jedit.GUIUtilities.loadToolButton(ActionContext, String);org.gjt.sp.jedit.jEdit;0;2;0;1.0000;486;55;9;1;0;1.0000;1709;108;29
org.gjt.sp.jedit.textarea.DisplayManager.notifyScreenLineChanges();org.gjt.sp.jedit.textarea.FirstLine;0;0;0;0;0;0;0;0;0;0;0;0;0
org.gjt.sp.jedit.gui.FloatingWindowContainer.dispose();org.gjt.sp.jedit.GUIUtilities;2;0;1;0.9286;63;7;4;1;0;1.0000;486;55;9
bsh.XThis.Handler.invokeImpl(Object, Method, Object[]);bsh.NameSpace;0;0;0;1.0000;40;2;0;1;0;0.9888;491;64;21
org.gjt.sp.jedit.buffer.JEditBuffer.createPosition(int);org.gjt.sp.jedit.buffer.PositionManager;0;0;0;0;0;0;0;0;0;0;0;0;0
org.gjt.sp.jedit.textarea.TextAreaTransferHandler.canImport(JComponent, DataFlavor[]);org.gjt.sp.util.Log;0;0;0;0;0;0;0;0;0;0;0;0;0
org.gjt.sp.jedit.io.VFS._listDirectory(Object, String, String, boolean, Component);gnu.regexp.RE;2;1;0;0.9655;191;26;17;0;1;1.0000;615;37;13
org.gjt.sp.jedit.search.SearchAndReplace.setSearchFileSet(SearchFileSet);org.gjt.sp.jedit.EditBus;0;0;1;1.0000;537;32;11;1;0;1.0000;44;4;2
org.gjt.sp.jedit.textarea.Gutter.paintLine(Graphics2D, int, int);org.gjt.sp.jedit.textarea.ChunkCache;4;0;15;0.7813;266;20;25;1;0;0.9859;333;25;9
org.gjt.sp.jedit.jEdit.loadMode(Mode);org.gjt.sp.jedit.syntax.XModeHandler;5;0;0;1.0000;1709;108;29;0;2;0.9643;346;15;32
org.gjt.sp.jedit.textarea.SelectionManager.getSelectionAtOffset(int);org.gjt.sp.jedit.textarea.Selection;0;0;0;0;0;0;0;0;0;0;0;0;0
org.objectweb.asm.CodeWriter.resizeInstructions(int[], int[], int);org.objectweb.asm.ClassWriter;3;5;4;0.9322;919;30;27;0;17;1.0000;305;21;49
installer.CBZip2InputStream.setupRandPartA();installer.BZip2Constants;1;3;13;0.7619;587;29;44;0;1;0.9630;0;0;11
org.gjt.sp.jedit.GUIUtilities.loadToolBar(String);org.gjt.sp.jedit.jEdit;1;1;0;1.0000;486;55;9;0;1;1.0000;1709;108;29
org.gjt.sp.jedit.gui.ColorWellButton.ColorPickerDialog.ok();org.gjt.sp.jedit.gui.ColorWellButton;0;0;1;0.8889;41;4;3;1;0;0.6667;13;1;0
org.gjt.sp.jedit.pluginmgr.InstallPanel.PluginInfoBox.valueChanged(ListSelectionEvent);org.gjt.sp.jedit.pluginmgr.InstallPanel.PluginTableModel;3;0;0;1.0000;15;1;0;0;1;0.9500;151;13;2
bsh.EvalError.getScriptStackTrace();bsh.NameSpace;1;0;1;0.9474;59;7;3;1;2;0.9677;491;64;21
org.gjt.sp.jedit.textarea.JEditTextArea.getMagicCaretPosition();org.gjt.sp.jedit.textarea.ChunkCache;0;1;4;0.9807;2774;208;61;1;0;0.9750;333;25;9
org.gjt.sp.jedit.jEdit.getPluginJAR(String);org.gjt.sp.jedit.PluginJAR;1;0;1;1.0000;1709;108;29;0;1;0.9688;557;18;15
org.gjt.sp.jedit.browser.BrowserView.TableMouseHandler.mouseClicked(MouseEvent);org.gjt.sp.jedit.browser.VFSBrowser;3;0;0;1.0000;58;3;0;1;2;0.9825;542;33;34
org.gjt.sp.jedit.pluginmgr.InstallPanel.PluginTableModel.setValueAt(Object, int, int);org.gjt.sp.jedit.pluginmgr.PluginList.Branch;4;2;1;0.9167;151;13;2;0;1;0.9545;16;3;8
org.gjt.sp.jedit.jEdit.loadMode(Mode);org.gjt.sp.jedit.GUIUtilities;5;0;0;1.0000;1709;108;29;1;0;1.0000;486;55;9
org.gjt.sp.jedit.gui.InputHandler.readNextChar(String, String);org.gjt.sp.jedit.gui.StatusBar;1;0;2;0.9048;133;14;6;1;0;0.9750;261;11;26
org.gjt.sp.jedit.textarea.JEditTextArea.isStructureHighlightVisible();org.gjt.sp.jedit.textarea.StructureMatcher.Match;1;0;2;0.9923;2774;208;61;0;2;0.8000;12;0;5
QuickNotepadOptionPane._save();org.gjt.sp.jedit.jEdit;0;0;3;0.5000;47;4;3;1;0;1.0000;1709;108;29
org.gjt.sp.jedit.search.SearchAndReplace.hyperSearch(View, boolean);org.gjt.sp.jedit.io.VFSManager;2;3;0;1.0000;537;32;11;1;0;1.0000;129;15;11
org.gjt.sp.jedit.gui.DockableWindowManager.createPopupMenu(DockableWindowContainer, String, boolean);org.gjt.sp.jedit.gui.PanelWindowContainer;0;1;5;0.9697;447;27;16;1;0;0.9643;163;12;15
org.gjt.sp.jedit.textarea.TextAreaPainter.setFont(Font);org.gjt.sp.jedit.textarea.JEditTextArea;1;0;2;0.9661;269;31;36;3;1;0.9847;2774;208;61
org.gjt.sp.jedit.pluginmgr.ManagePanel.HelpButton.valueChanged(ListSelectionEvent);org.gjt.sp.jedit.jEdit;4;0;1;0.9091;30;2;1;1;0;1.0000;1709;108;29
org.gjt.sp.jedit.gui.ActionBar.CompletionPopup.KeyHandler.keyTyped(KeyEvent);org.gjt.sp.jedit.gui.ActionBar;1;0;0;1.0000;22;2;0;0;1;0.9167;122;4;7
org.gjt.sp.jedit.textarea.JEditTextArea.goToEndOfWhiteSpace(boolean);org.gjt.sp.jedit.textarea.ChunkCache;1;8;4;0.9540;2774;208;61;1;0;0.9796;333;25;9
bsh.Parser.ForStatement();bsh.ParserTreeConstants;3;8;2;0.9755;5894;347;13;0;1;0.9895;0;0;39
org.gjt.sp.jedit.options.BrowserColorsOptionPane._init();org.gjt.sp.jedit.GUIUtilities;0;1;6;0.3000;58;4;6;1;0;1.0000;486;55;9
org.gjt.sp.jedit.gui.DockablePanel.getPreferredSize();org.gjt.sp.jedit.gui.PanelWindowContainer;0;0;0;0;0;0;0;0;0;0;0;0;0
org.objectweb.asm.ClassWriter.newUTF8(String);org.objectweb.asm.Item;0;2;4;0.8864;305;21;49;1;0;0.9615;76;6;11
org.gjt.sp.jedit.textarea.BufferHandler.contentInserted(JEditBuffer, int, int, int, int);org.gjt.sp.jedit.textarea.JEditTextArea;7;1;4;0.7826;165;9;7;1;5;0.9888;2774;208;61
org.gjt.sp.jedit.gui.MarkerViewer.Renderer.getListCellRendererComponent(JList, Object, int, boolean, boolean);org.gjt.sp.jedit.View;0;0;0;0;0;0;0;0;0;0;0;0;0
org.gjt.sp.jedit.io.FileVFS.save(View, Buffer, String);org.gjt.sp.jedit.buffer.JEditBuffer;0;0;0;0;0;0;0;0;0;0;0;0;0
bsh.Parser.FormalParameters();bsh.ParserTreeConstants;2;5;2;0.9815;5894;347;13;0;1;0.9839;0;0;39
org.gjt.sp.jedit.EditPane.StatusHandler.statusChanged(JEditTextArea, int, boolean);org.gjt.sp.jedit.jEdit;0;0;0;0;0;0;0;0;0;0;0;0;0
org.gjt.sp.jedit.textarea.JEditTextArea.getScreenLineEndOffset(int);org.gjt.sp.jedit.buffer.JEditBuffer;0;0;0;0;0;0;0;0;0;0;0;0;0
org.gjt.sp.jedit.menu.MacrosProvider.createMacrosMenu(JMenu, Vector, int);org.gjt.sp.jedit.jEdit;1;1;0;1.0000;33;3;0;1;1;1.0000;1709;108;29
org.gjt.sp.jedit.gui.StatusBar.setMessage(String);org.gjt.sp.jedit.View;1;1;3;0.8919;261;11;26;0;1;0.9851;679;41;39
org.gjt.sp.jedit.io.VFSManager.sendVFSUpdate(VFS, String, boolean);org.gjt.sp.jedit.io.VFS;1;2;2;1.0000;129;15;11;1;0;0.9677;191;26;17
org.gjt.sp.jedit.textarea.MouseActions.getActionForEvent(MouseEvent, String);org.gjt.sp.jedit.jEdit;0;0;1;0.0000;12;1;1;1;0;1.0000;1709;108;29
org.gjt.sp.jedit.options.BrowserColorsOptionPane.ActionHandler.actionPerformed(ActionEvent);org.gjt.sp.jedit.options.BrowserColorsModel;1;0;0;1.0000;27;1;0;4;0;0.8182;85;12;1
org.gjt.sp.jedit.textarea.FirstLine.physDown(int, int);org.gjt.sp.jedit.textarea.DisplayManager;0;0;0;0;0;0;0;0;0;0;0;0;0
org.gjt.sp.jedit.textarea.JEditTextArea.fireCaretEvent();org.gjt.sp.util.Log;1;0;2;0.9922;2774;208;61;1;1;1.0000;142;9;16
org.gjt.sp.jedit.gui.OptionsDialog.valueChanged(TreeSelectionEvent);org.gjt.sp.jedit.OptionGroup;3;1;5;0.7931;231;15;9;0;1;0.9565;69;8;4
org.gjt.sp.jedit.search.SearchAndReplace.replace(View);org.gjt.sp.jedit.search.SearchDialog;2;6;3;1.0000;537;32;11;1;0;1.0000;431;17;30
org.gjt.sp.jedit.textarea.JEditTextArea.showStructureStatusMessage(boolean);org.gjt.sp.jedit.textarea.StructureMatcher.Match;2;0;3;0.9885;2774;208;61;0;1;0.9231;12;0;5
org.gjt.sp.jedit.help.HelpIndex.indexEditorHelp();org.gjt.sp.jedit.PluginJAR;3;2;1;0.7692;154;9;3;1;1;0.9429;557;18;15
bsh.BSHAmbiguousName.toLHS(CallStack, Interpreter);bsh.Name;0;1;0;0.9091;42;7;1;1;0;0.9545;341;17;9
org.gjt.sp.jedit.print.BufferPrinter1_3.print(View, Buffer, boolean);org.gjt.sp.jedit.Buffer;1;1;2;1.0000;50;3;2;0;1;0.9939;1798;136;53
bsh.LHS.assign(Object, boolean);bsh.ReflectManager;0;0;12;0.6364;105;3;13;1;0;1.0000;17;3;1
org.gjt.sp.jedit.gui.ActionBar.ActionTextField.processKeyEvent(KeyEvent);org.gjt.sp.jedit.View;3;1;2;0.8421;79;5;2;1;1;0.9737;679;41;39
org.gjt.sp.jedit.pluginmgr.ManagePanel.RemoveButton.valueChanged(ListSelectionEvent);org.gjt.sp.jedit.pluginmgr.ManagePanel;1;0;0;1.0000;29;2;0;0;1;0.8571;46;2;4
org.gjt.sp.jedit.textarea.Gutter.MouseHandler.mouseDragged(MouseEvent);org.gjt.sp.jedit.textarea.Gutter;2;0;1;0.9091;89;5;4;0;1;0.9778;266;20;25
bsh.Interpreter.print(Object);bsh.ConsoleInterface;0;0;2;0.9615;490;39;19;1;0;0.8750;6;6;0
org.gjt.sp.jedit.pluginmgr.PluginManager.updatePluginList();org.gjt.sp.jedit.jEdit;1;0;2;0.8667;133;6;11;0;2;1.0000;1709;108;29
org.gjt.sp.jedit.jEdit.loadModeCatalog(String, boolean);org.gjt.sp.jedit.MiscUtilities;3;0;0;1.0000;1709;108;29;1;0;1.0000;629;50;3
bsh.This.invokeMethod(String, Object[], Interpreter, CallStack, SimpleNode, boolean);bsh.SimpleNode;3;1;2;0.7500;79;9;2;0;1;1.0000;76;14;7
org.gjt.sp.jedit.PluginJAR.deactivatePlugin(boolean);org.gjt.sp.util.Log;5;1;4;0.8649;557;18;15;1;1;1.0000;142;9;16
org.gjt.sp.jedit.View.quickHyperSearch(boolean);org.gjt.sp.jedit.gui.HistoryModel;1;2;3;0.9559;679;41;39;2;0;0.9375;131;9;8
org.gjt.sp.jedit.EditPane.addMarker();org.gjt.sp.jedit.Buffer;0;0;0;0;0;0;0;0;0;0;0;0;0
org.gjt.sp.jedit.PluginJAR.getPluginCache(PluginJAR);org.gjt.sp.util.Log;1;0;2;0.9429;557;18;15;1;1;1.0000;142;9;16
bsh.Interpreter.eval(Reader, NameSpace, String);bsh.ParseException;4;5;4;0.9091;490;39;19;1;1;0.9412;133;6;6
org.gjt.sp.jedit.gui.StatusBar.updateBufferStatus();org.gjt.sp.jedit.Mode;2;0;10;0.7619;261;11;26;0;1;0.9667;89;9;5
org.gjt.sp.jedit.syntax.TokenMarker.handleRule(ParserRule, boolean);org.gjt.sp.jedit.syntax.SyntaxUtilities;4;4;9;0.7143;352;10;13;1;0;1.0000;15;1;0
macos.menu.ShowBufferMenu.construct();org.gjt.sp.jedit.browser.FileCellRenderer;2;0;0;1.0000;28;4;0;0;1;1.0000;83;6;12
com.loomcom.ant.tasks.jarbundler.JarBundler.setName(String);com.loomcom.ant.tasks.jarbundler.AppBundleProperties;0;0;0;0;0;0;0;0;0;0;0;0;0
org.gjt.sp.jedit.textarea.TextAreaPainter.PaintWrapGuide.paintScreenLineRange(Graphics2D, int, int, int[], int[], int[], int, int);org.gjt.sp.jedit.textarea.JEditTextArea;3;0;0;1.0000;16;2;0;0;2;0.9924;2774;208;61
bsh.BSHPrimarySuffix.doIndex(Object, boolean, CallStack, Interpreter);bsh.UtilEvalError;0;1;0;1.0000;95;5;7;1;0;0.7500;14;2;0
org.gjt.sp.jedit.print.BufferPrintable.paintHeader(Graphics2D, double, double, double, boolean);org.gjt.sp.jedit.jEdit;1;0;5;0.8696;165;5;23;1;0;1.0000;1709;108;29
org.gjt.sp.jedit.options.ContextOptionPane._init();org.gjt.sp.jedit.GUIUtilities;0;1;6;0.3000;66;3;6;1;0;1.0000;486;55;9
org.gjt.sp.jedit.gui.StatusBar.updateBufferStatus();org.gjt.sp.jedit.buffer.JEditBuffer;0;0;0;0;0;0;0;0;0;0;0;0;0
bsh.Parser.PrimitiveType();bsh.BSHPrimitiveType;3;4;2;0.9839;5894;347;13;0;1;0.9474;6;0;1
org.gjt.sp.jedit.help.HelpViewer.historyUpdated();org.gjt.sp.jedit.help.HistoryButton;0;0;0;0;0;0;0;0;0;0;0;0;0
org.gjt.sp.jedit.browser.FileCellRenderer.getTableCellRendererComponent(JTable, Object, boolean, boolean, int, int);org.gjt.sp.jedit.jEdit;3;0;6;0.6842;83;6;12;1;0;1.0000;1709;108;29
org.gjt.sp.jedit.buffer.JEditBuffer.getOffsetOfVirtualColumn(int, int, int[]);org.gjt.sp.jedit.MiscUtilities;0;0;0;0;0;0;0;0;0;0;0;0;0
org.gjt.sp.jedit.search.SearchAndReplace.setSearchString(String);org.gjt.sp.jedit.EditBus;0;0;2;1.0000;537;32;11;1;0;1.0000;44;4;2
org.gjt.sp.jedit.textarea.JEditTextArea.invalidateLine(int);org.gjt.sp.jedit.textarea.DisplayManager;1;2;5;0.9735;2774;208;61;1;0;0.9808;513;30;16
bsh.Parser.jj_3R_110();bsh.ParserConstants;1;2;0;0.9945;5894;347;13;0;1;0.9925;0;0;131
org.gjt.sp.jedit.io.VFSManager.waitForRequests();org.gjt.sp.util.WorkThreadPool;0;0;1;1.0000;129;15;11;1;0;0.9655;174;15;14
org.gjt.sp.jedit.pluginmgr.Roster.Remove.runInAWTThread(Component);org.gjt.sp.util.Log;3;2;1;0.5000;49;4;1;1;1;1.0000;142;9;16
org.gjt.sp.jedit.Macros.Recorder.append(String);org.gjt.sp.jedit.buffer.JEditBuffer;0;0;0;0;0;0;0;0;0;0;0;0;0
org.gjt.sp.jedit.browser.VFSFileChooserDialog.KeyHandler.keyTyped(KeyEvent);org.gjt.sp.jedit.browser.VFSFileChooserDialog;1;0;0;1.0000;10;1;0;0;1;0.9286;155;5;7
org.gjt.sp.jedit.buffer.JEditBuffer.getLineOfOffset(int);org.gjt.sp.jedit.buffer.LineManager;0;0;0;0;0;0;0;0;0;0;0;0;0
installer.InstallThread.installComponent(String);installer.TarEntry;0;0;3;0.7692;46;2;6;2;0;0.9487;216;28;2
org.gjt.sp.jedit.textarea.MouseHandler.mousePressed(MouseEvent);org.gjt.sp.jedit.gui.InputHandler;0;0;0;0;0;0;0;0;0;0;0;0;0
org.gjt.sp.jedit.menu.PluginsProvider.update(JMenu);org.gjt.sp.util.Log;2;1;0;0.8333;94;3;0;1;1;1.0000;142;9;16
org.gjt.sp.jedit.textarea.JEditTextArea.updateStructureHighlight();org.gjt.sp.jedit.textarea.DisplayManager;3;3;7;0.9624;2774;208;61;1;0;0.9825;513;30;16
org.gjt.sp.jedit.jEdit.exit(View, boolean);org.gjt.sp.util.Log;1;5;4;1.0000;1709;108;29;1;0;1.0000;142;9;16
org.gjt.sp.jedit.PluginJAR.breakPlugin();org.gjt.sp.jedit.EditPlugin;1;1;2;0.9091;557;18;15;1;1;0.8182;42;7;1
org.gjt.sp.jedit.search.RESearchMatcher.nextMatch(CharIndexed, boolean, boolean, boolean, boolean);org.gjt.sp.jedit.search.SearchMatcher.Match;3;0;1;0.9286;32;1;2;0;3;0.7692;0;0;3
org.gjt.sp.jedit.search.SearchBar.ActionHandler.actionPerformed(ActionEvent);org.gjt.sp.jedit.search.SearchBar;2;0;0;1.0000;18;1;0;2;6;0.6000;130;6;10
org.gjt.sp.jedit.browser.BrowserIORequest.rename();org.gjt.sp.jedit.io.VFS;1;0;5;0.7368;179;6;11;4;0;0.8919;191;26;17
org.gjt.sp.jedit.textarea.ChunkCache.getLineInfosForPhysicalLine(int, List);org.gjt.sp.jedit.syntax.Token;1;0;2;0.9524;333;25;9;0;1;0.9375;21;3;27
org.gjt.sp.jedit.gui.DockableLayout.adjustDockingAreasToFit(Dimension, int, int, int, int, int, int, int, int, Dimension, Dimension);org.gjt.sp.jedit.gui.PanelWindowContainer;0;0;0;0;0;0;0;0;0;0;0;0;0
installer.TarOutputStream.write(byte[], int, int);installer.TarBuffer;0;0;6;0.7273;92;10;8;2;0;0.9375;162;11;11
org.gjt.sp.jedit.search.HyperSearchResults.NewSearchAction.actionPerformed(ActionEvent);org.gjt.sp.jedit.search.SearchAndReplace;0;0;0;0;0;0;0;0;0;0;0;0;0
org.gjt.sp.jedit.BufferHistory.RecentHandler.doctypeDecl(String, String, String);org.gjt.sp.util.Log;1;0;0;1.0000;30;5;5;1;1;1.0000;142;9;16
bsh.Parser.InstanceOfExpression();bsh.ParserConstants;4;6;2;0.9782;5894;347;13;0;1;0.9931;0;0;131
bsh.Interpreter.run();bsh.CallStack;4;9;9;0.7647;490;39;19;3;0;0.9318;52;11;1
org.gjt.sp.jedit.browser.VFSDirectoryEntryTable.processKeyEvent(KeyEvent);org.gjt.sp.jedit.View;6;3;3;0.8065;240;13;4;1;0;0.9878;679;41;39
org.gjt.sp.jedit.jEdit._closeBuffer(View, Buffer);org.gjt.sp.jedit.View;4;2;3;1.0000;1709;108;29;0;1;0.9861;679;41;39
org.gjt.sp.jedit.textarea.ChunkCache.xToSubregionOffset(LineInfo, int, boolean);org.gjt.sp.jedit.syntax.Chunk;0;0;0;1.0000;333;25;9;1;0;1.0000;132;8;11
org.gjt.sp.jedit.textarea.JEditTextArea.fireBracketSelected(int, String);org.gjt.sp.util.Log;0;0;0;0;0;0;0;0;0;0;0;0;0
org.gjt.sp.jedit.Macros.recordMacro(View);org.gjt.sp.jedit.View;2;1;0;1.0000;232;21;6;0;1;0.9848;679;41;39
org.gjt.sp.jedit.buffer.LineManager.moveGap(int, int, String);org.gjt.sp.util.Log;2;2;3;0.7826;171;15;12;1;1;1.0000;142;9;16
org.gjt.sp.util.WorkThread.run();org.gjt.sp.util.Log;1;1;0;0.9375;94;8;8;1;1;1.0000;142;9;16
bsh.BSHSwitchStatement.eval(CallStack, Interpreter);bsh.Primitive;4;1;0;0.8889;49;2;0;0;1;1.0000;506;35;5
org.gjt.sp.jedit.Registers.cut(JEditTextArea, char);org.gjt.sp.jedit.gui.HistoryModel;0;1;0;1.0000;231;16;5;2;0;0.9091;131;9;8
bsh.Parser.RelationalExpression();bsh.JJTParserState;4;5;2;0.9813;5894;347;13;2;0;0.9412;74;10;5
org.gjt.sp.jedit.gui.LogViewer.ActionHandler.actionPerformed(ActionEvent);org.gjt.sp.jedit.jEdit;1;0;0;1.0000;31;1;0;1;0;1.0000;1709;108;29
bsh.BshMethod.toString();bsh.StringUtil;0;0;2;0.8947;139;7;10;1;0;1.0000;44;5;0
org.gjt.sp.jedit.textarea.DisplayManager.expandFolds(int);org.gjt.sp.jedit.buffer.JEditBuffer;0;0;0;0;0;0;0;0;0;0;0;0;0
bsh.BSHMethodDeclaration.eval(CallStack, Interpreter);bsh.CallStack;1;2;3;0.7222;57;7;8;1;0;0.9524;52;11;1
org.gjt.sp.jedit.PerspectiveManager.PerspectiveHandler.endElement(String);org.gjt.sp.jedit.jEdit;2;0;4;0.6000;45;5;4;2;1;1.0000;1709;108;29
bsh.XThis.Handler.invokeImpl(Object, Method, Object[]);bsh.Primitive;0;0;0;1.0000;40;2;0;2;0;1.0000;506;35;5
org.gjt.sp.jedit.EditPane.StatusHandler.narrowActive(JEditTextArea);org.gjt.sp.jedit.View;0;0;0;0;0;0;0;0;0;0;0;0;0
org.gjt.sp.jedit.pluginmgr.PluginList.Plugin.install(Roster, String, boolean);org.gjt.sp.jedit.pluginmgr.PluginList.Branch;1;2;0;0.8824;50;6;5;0;5;0.6667;16;3;8
org.objectweb.asm.CodeWriter.visitMethodInsn(int, String, String, String);org.objectweb.asm.ByteVector;2;1;5;0.9107;919;30;27;2;0;0.9167;139;9;2
org.gjt.sp.jedit.textarea.ExtensionManager.paintScreenLineRange(Graphics2D, int, int, int[], int[], int[], int, int);org.gjt.sp.jedit.textarea.TextAreaExtension;1;0;1;0.8750;75;6;1;1;0;0.8333;17;4;0
bsh.Parser.isRegularForStatement();bsh.Token;2;1;0;0.9973;5894;347;13;0;1;0.9286;9;1;8
org.gjt.sp.jedit.textarea.JEditTextArea.narrowToFold();org.gjt.sp.jedit.textarea.DisplayManager;0;0;3;0.9885;2774;208;61;1;0;0.9778;513;30;16
installer.CBZip2OutputStream.initBlock();installer.CRC;1;0;5;0.9219;1262;32;41;1;0;0.9091;16;3;2
org.gjt.sp.jedit.browser.VFSBrowser.handleMessage(EBMessage);org.gjt.sp.jedit.browser.BrowserView;3;2;2;0.9310;542;33;34;1;0;0.9643;139;12;7
org.gjt.sp.jedit.gui.RegisterViewer.Renderer.getListCellRendererComponent(JList, Object, int, boolean, boolean);org.gjt.sp.jedit.Registers;0;0;0;0;0;0;0;0;0;0;0;0;0
installer.TarOutputStream.getRecordSize();installer.TarBuffer;1;0;1;0.9524;92;10;8;0;1;0.9630;162;11;11
org.gjt.sp.jedit.browser.VFSBrowser.rename(String);org.gjt.sp.jedit.MiscUtilities;1;1;0;0.9821;542;33;34;1;0;1.0000;629;50;3
org.gjt.sp.jedit.gui.RegisterViewer.updateSelected();org.gjt.sp.jedit.Registers.Register;0;0;0;0;0;0;0;0;0;0;0;0;0
org.gjt.sp.jedit.search.SearchDialog.ok();org.gjt.sp.jedit.textarea.JEditTextArea;0;2;4;0.8571;431;17;30;1;0;0.9962;2774;208;61
org.gjt.sp.jedit.buffer.BufferChangeListener.Adapter.foldLevelChanged(JEditBuffer, int, int);org.gjt.sp.jedit.buffer.BufferChangeListener;0;0;0;0;0;0;0;0;0;0;0;0;0
org.gjt.sp.jedit.EditPane.StatusHandler.bracketSelected(JEditTextArea, int, String);org.gjt.sp.jedit.View;0;0;0;0;0;0;0;0;0;0;0;0;0
org.gjt.sp.jedit.gui.IOProgressMonitor.ThreadProgress.update();org.gjt.sp.util.WorkThread;2;0;3;0.6667;30;1;3;0;4;0.8095;94;8;8
org.gjt.sp.jedit.gui.InputHandler.invokeReadNextChar(char);org.gjt.sp.jedit.View;2;0;3;0.8846;133;14;6;1;2;0.9571;679;41;39
org.gjt.sp.jedit.textarea.JEditTextArea.offsetToXY(int, int, Point);org.gjt.sp.jedit.syntax.Chunk;2;0;4;0.9848;2774;208;61;1;0;1.0000;132;8;11
bsh.BSHUnaryExpression.eval(CallStack, Interpreter);bsh.BSHPrimaryExpression;2;2;1;0.7692;50;4;2;1;0;0.9231;28;3;0
bsh.ClassGeneratorUtil.getConstructorArgs(String, This, Object[], int);bsh.CallStack;3;0;2;1.0000;457;21;19;1;0;0.9655;52;11;1
org.gjt.sp.jedit.textarea.JEditTextArea.backspaceWord(boolean);org.gjt.sp.jedit.buffer.JEditBuffer;0;0;0;0;0;0;0;0;0;0;0;0;0
org.gjt.sp.jedit.syntax.DisplayTokenHandler.merge(Chunk, Segment);org.gjt.sp.jedit.syntax.Token;2;2;2;0.7895;86;6;11;0;2;0.8462;21;3;27
org.gjt.sp.jedit.jEdit.main(String[]);org.gjt.sp.jedit.BufferHistory;5;17;8;1.0000;1709;108;29;1;0;1.0000;189;9;3
org.gjt.sp.jedit.textarea.JEditTextArea.extendSelection(int, int, int, int);org.gjt.sp.jedit.textarea.Selection;2;7;2;0.9659;2774;208;61;0;4;0.8519;43;9;4
org.gjt.sp.jedit.View.addToolBar(int, int, Component);org.gjt.sp.jedit.gui.ToolBarManager;0;0;1;0.9841;679;41;39;1;0;0.9000;34;4;4
org.objectweb.asm.CodeWriter.visitLocalVariable(String, String, Label, Label, int);org.objectweb.asm.Item;2;0;4;0.9444;919;30;27;0;1;0.9630;76;6;11
org.gjt.sp.jedit.gui.InputHandler.userInput(char);org.gjt.sp.jedit.GUIUtilities;2;0;4;0.8966;133;14;6;1;0;1.0000;486;55;9
org.gjt.sp.jedit.gui.MarkerViewer.refreshList();org.gjt.sp.jedit.View;0;0;0;0;0;0;0;0;0;0;0;0;0
org.gjt.sp.jedit.Macros.recordMacro(View, Buffer, boolean);org.gjt.sp.jedit.View;1;0;0;1.0000;232;21;6;0;1;0.9844;679;41;39
org.gjt.sp.jedit.JARClassLoader.dump();org.gjt.sp.util.Log;1;0;4;1.0000;143;11;6;1;1;1.0000;142;9;16
org.gjt.sp.jedit.buffer.BufferInsertRequest.run();org.gjt.sp.jedit.jEdit;0;0;0;0;0;0;0;0;0;0;0;0;0
macos.script.AppleScriptHandler.runMacro(View, Macros.Macro);macos.MacOSActions;1;0;0;1.0000;18;4;1;1;0;1.0000;8;2;0
org.gjt.sp.jedit.pluginmgr.PluginListHandler.startElement(String);org.gjt.sp.jedit.pluginmgr.PluginList.PluginSet;1;1;10;0.6857;133;11;23;0;1;0.9333;3;1;3
org.gjt.sp.jedit.gui.ActionBar.ActionTextField.passToView(KeyEvent);org.gjt.sp.jedit.gui.ActionBar;1;0;0;1.0000;79;5;2;0;2;0.8462;122;4;7
org.gjt.sp.jedit.syntax.ParserRuleSet.getNoWordSep();org.gjt.sp.jedit.syntax.KeywordMap;0;0;3;0.9000;126;13;19;1;0;0.9412;76;8;4
org.gjt.sp.jedit.search.SearchAndReplace.replace(View);org.gjt.sp.jedit.textarea.JEditTextArea;2;6;3;1.0000;537;32;11;3;1;0.9850;2774;208;61
bsh.Parser.Arguments();bsh.ParserConstants;2;5;2;0.9821;5894;347;13;0;26;0.8182;0;0;131
org.gjt.sp.jedit.BeanShell.CustomClassManager.classLoaderChanged();bsh.BshClassManager.Listener;0;0;1;0.8571;27;4;2;1;0;0.6667;1;1;0
org.gjt.sp.jedit.PluginJAR.startPlugin();org.gjt.sp.jedit.EBComponent;3;1;2;0.9211;557;18;15;1;0;0.9000;1;1;0
org.gjt.sp.util.WorkRequest.setValue(long);org.gjt.sp.util.WorkThread;0;0;0;0;0;0;0;0;0;0;0;0;0
org.gjt.sp.jedit.textarea.Gutter.MouseHandler.mouseReleased(MouseEvent);org.gjt.sp.jedit.textarea.Gutter;2;0;1;0.9167;89;5;4;0;2;0.9556;266;20;25
bsh.ParserTokenManager.jjMoveNfa_0(int, int);bsh.JavaCharStream;0;8;7;0.7895;1699;47;25;1;0;0.9828;331;25;17
org.gjt.sp.jedit.pluginmgr.ManagePanel.PluginTableModel.unloadPluginJARWithDialog(PluginJAR);org.gjt.sp.jedit.PluginJAR;1;2;0;0.9000;153;15;2;1;1;0.9429;557;18;15
org.gjt.sp.jedit.browser.VFSFileChooserDialog.ActionHandler.actionPerformed(ActionEvent);org.gjt.sp.jedit.browser.VFSFileChooserDialog;2;0;0;1.0000;9;1;0;2;3;0.6875;155;5;7
bsh.Parser.jj_3R_63();bsh.ParserConstants;1;1;0;0.9972;5894;347;13;0;1;0.9924;0;0;131
org.gjt.sp.jedit.io.FileVFS._rename(Object, String, String, Component);org.gjt.sp.jedit.io.VFSManager;0;0;0;1.0000;193;17;1;1;0;1.0000;129;15;11
org.gjt.sp.jedit.ModeCatalogHandler.endElement(String);org.gjt.sp.jedit.MiscUtilities;0;0;6;0.5385;45;4;6;1;0;1.0000;629;50;3
org.gjt.sp.jedit.Buffer.setMode(String);org.gjt.sp.jedit.jEdit;0;1;0;0.9938;1798;136;53;1;0;1.0000;1709;108;29
org.gjt.sp.jedit.gui.CompleteWord.KeyHandler.keyTyped(KeyEvent);org.gjt.sp.jedit.textarea.JEditTextArea;2;0;0;1.0000;95;2;0;2;1;0.9887;2774;208;61
org.gjt.sp.jedit.Buffer.save(View, String, boolean);org.gjt.sp.jedit.io.VFSManager;2;6;6;0.9387;1798;136;53;2;0;1.0000;129;15;11
bsh.commands.dir.invoke(Interpreter, CallStack, String);bsh.StringUtil;0;0;1;1.0000;56;3;1;1;0;1.0000;44;5;0
org.gjt.sp.jedit.search.SearchAndReplace.replaceAll(View);org.gjt.sp.jedit.jEdit;3;5;2;1.0000;537;32;11;3;0;1.0000;1709;108;29
org.gjt.sp.jedit.textarea.JEditTextArea.recalculateVisibleLines();org.gjt.sp.jedit.buffer.JEditBuffer;0;0;0;0;0;0;0;0;0;0;0;0;0
org.gjt.sp.jedit.textarea.StructureMatcher.Highlight.getOffsets(int, Match);org.gjt.sp.jedit.textarea.JEditTextArea;1;0;1;0.8889;55;3;1;4;0;0.9847;2774;208;61
org.gjt.sp.jedit.menu.MarkersProvider.update(JMenu);org.gjt.sp.jedit.jEdit;3;0;0;1.0000;33;2;0;2;0;1.0000;1709;108;29
org.gjt.sp.jedit.io.VFSManager.registerVFS(String, VFS);org.gjt.sp.jedit.io.VFS;2;0;2;1.0000;129;15;11;0;1;0.9667;191;26;17
org.gjt.sp.jedit.menu.RecentDirectoriesProvider.update(JMenu);org.gjt.sp.jedit.MiscUtilities;1;0;0;1.0000;60;2;0;2;0;1.0000;629;50;3
com.loomcom.ant.tasks.jarbundler.JarBundler.setInfostring(String);com.loomcom.ant.tasks.jarbundler.AppBundleProperties;0;0;0;0;0;0;0;0;0;0;0;0;0
org.gjt.sp.jedit.EditPane.MarkerHighlight.getToolTipText(int, int);org.gjt.sp.jedit.EditPane;0;0;0;0;0;0;0;0;0;0;0;0;0
org.gjt.sp.jedit.browser.VFSBrowser.locateFile(String);org.gjt.sp.jedit.MiscUtilities;0;2;1;0.9444;542;33;34;2;0;1.0000;629;50;3
bsh.ClassGeneratorUtil.generateSuperDelegateMethod(Class, String, String, String, String[], int, ClassWriter);org.objectweb.asm.CodeVisitor;1;3;1;1.0000;457;21;19;3;0;0.8571;17;17;0
bsh.Parser.IfStatement();bsh.ParserTreeConstants;2;6;2;0.9784;5894;347;13;0;1;0.9818;0;0;39
org.gjt.sp.jedit.browser.VFSBrowser.filesActivated(int, boolean);org.gjt.sp.jedit.EditPane;4;2;14;0.8730;542;33;34;1;1;0.9474;273;15;7
bsh.Parser.isRegularForStatement();bsh.ParserConstants;2;1;0;0.9973;5894;347;13;0;5;0.9624;0;0;131
bsh.Parser.jj_3R_67();bsh.ParserConstants;1;1;0;0.9972;5894;347;13;0;1;0.9924;0;0;131
gnu.regexp.RE.getAllMatchesImpl(CharIndexed, int, int);gnu.regexp.REMatch;1;1;0;0.9778;615;37;13;1;1;0.9167;95;12;8
macos.Delegate.openFile(NSPasteboard, String);org.gjt.sp.jedit.browser.VFSBrowser;1;0;0;1.0000;156;12;2;1;0;1.0000;542;33;34
org.gjt.sp.jedit.BeanShell.showEvaluateLinesDialog(View);org.gjt.sp.jedit.Macros.Recorder;1;1;1;1.0000;279;22;6;1;0;0.9545;80;8;6
org.gjt.sp.jedit.search.AllBufferSet._getFiles(Component);org.gjt.sp.jedit.MiscUtilities;2;0;1;0.8000;26;2;1;1;0;1.0000;629;50;3
org.gjt.sp.jedit.gui.DockableWindowFactory.DockableListHandler.endElement(String);org.gjt.sp.jedit.gui.DockableWindowFactory;0;0;0;0;0;0;0;0;0;0;0;0;0
org.gjt.sp.jedit.GUIUtilities.getComponentParent(Component, Class);org.gjt.sp.jedit.gui.FloatingWindowContainer;1;0;0;1.0000;486;55;9;0;1;0.9167;63;7;4
org.gjt.sp.jedit.textarea.BufferHandler.doDelayedUpdate();org.gjt.sp.jedit.textarea.JEditTextArea;3;0;6;0.7500;165;9;7;2;2;0.9851;2774;208;61
org.gjt.sp.jedit.search.SearchBar.find(boolean);org.gjt.sp.jedit.search.SearchAndReplace;5;1;5;0.7778;130;6;10;3;1;1.0000;537;32;11
org.gjt.sp.jedit.Macros.recordTemporaryMacro(View);org.gjt.sp.jedit.GUIUtilities;2;1;0;1.0000;232;21;6;1;0;1.0000;486;55;9
gnu.regexp.CharIndexedReader.next();gnu.regexp.CharIndexed;1;0;6;0.4545;95;4;8;0;1;0.9000;3;3;1
org.gjt.sp.jedit.textarea.JEditTextArea.getSelectionStart(int);org.gjt.sp.jedit.textarea.Selection;0;0;3;0.9884;2774;208;61;1;0;0.9474;43;9;4
org.gjt.sp.jedit.gui.ActionBar.invoke();org.gjt.sp.jedit.MiscUtilities;1;1;5;0.6667;122;4;7;1;0;1.0000;629;50;3
org.gjt.sp.jedit.print.BufferPrintable.print(Graphics, PageFormat, int);org.gjt.sp.util.Log;1;1;5;0.7273;165;5;23;1;1;1.0000;142;9;16
bsh.ParserTokenManager.jjMoveStringLiteralDfa21_0(long, long, long, long);bsh.JavaCharStream;0;3;2;0.9123;1699;47;25;1;0;0.9804;331;25;17
bsh.LHS.getValue();bsh.Interpreter;0;0;11;0.5882;105;3;13;1;0;1.0000;490;39;19
org.gjt.sp.jedit.pluginmgr.InstallPanel.PluginTableModel.getValueAt(int, int);org.gjt.sp.jedit.pluginmgr.InstallPanel.Entry;1;0;1;0.9500;151;13;2;0;5;0.6429;23;1;10
bsh.BSHAllocationExpression.constructObject(Class, Object[], CallStack);bsh.NameSpace;2;0;0;1.0000;119;9;1;1;1;0.9778;491;64;21
org.gjt.sp.jedit.browser.FileCellRenderer.getIconForFile(VFSFile, boolean);org.gjt.sp.jedit.jEdit;0;0;0;0;0;0;0;0;0;0;0;0;0
org.gjt.sp.jedit.Abbrevs.expandAbbrev(View, boolean);org.gjt.sp.jedit.Mode;5;2;1;1.0000;225;15;8;0;1;0.9615;89;9;5
org.gjt.sp.jedit.help.HelpSearchPanel.ActionHandler.actionPerformed(ActionEvent);org.gjt.sp.jedit.io.VFSManager;1;0;0;1.0000;55;1;0;2;0;1.0000;129;15;11
org.gjt.sp.jedit.textarea.ChunkCache.getBelowPosition(int, int, int, boolean);org.gjt.sp.jedit.textarea.DisplayManager;1;4;1;0.8649;333;25;9;1;0;0.9787;513;30;16
org.gjt.sp.jedit.gui.DockablePanel.ResizeMouseHandler.mousePressed(MouseEvent);org.gjt.sp.jedit.gui.DockablePanel;0;0;0;0;0;0;0;0;0;0;0;0;0
bsh.ParserTokenManager.jjMoveStringLiteralDfa2_0(long, long, long, long, long, long);bsh.JavaCharStream;0;5;4;0.8421;1699;47;25;1;0;0.9818;331;25;17
org.gjt.sp.jedit.pluginmgr.PluginManagerProgress.WindowHandler.windowOpened(WindowEvent);org.gjt.sp.jedit.pluginmgr.PluginManagerProgress;1;0;1;0.6667;10;2;1;0;1;0.9091;58;2;7
org.gjt.sp.jedit.buffer.JEditBuffer.getRuleSetAtOffset(int);org.gjt.sp.jedit.syntax.DefaultTokenHandler;0;0;0;0;0;0;0;0;0;0;0;0;0
installer.TarEntry.writeEntryHeader(byte[]);installer.TarHeader;1;1;1;0.9556;216;28;2;4;24;0.3158;106;8;36
bsh.Primitive.castPrimitive(Class, Class, Primitive, boolean, int);bsh.Types;1;2;2;0.9500;506;35;5;3;3;1.0000;98;10;4
org.gjt.sp.jedit.search.HyperSearchResults.MouseHandler.mousePressed(MouseEvent);org.gjt.sp.jedit.View;1;1;0;0.8333;21;2;1;1;0;0.9851;679;41;39
gnu.regexp.REFilterReader.read();gnu.regexp.RE;3;0;6;0.7143;46;4;6;1;1;0.9649;615;37;13
org.gjt.sp.jedit.gui.ToolBarManager.addToolBar(int, int, Component);org.gjt.sp.jedit.View;1;1;4;0.3750;34;4;4;0;2;1.0000;679;41;39
org.gjt.sp.jedit.help.HelpTOCPanel.TOCTree.processMouseEvent(MouseEvent);org.gjt.sp.jedit.help.HelpTOCPanel.HelpNode;2;0;0;1.0000;36;3;0;0;1;0.8000;7;0;2
org.gjt.sp.jedit.browser.FileCellRenderer.getEntryWidth(VFSDirectoryEntryTableModel.Entry, Font, FontRenderContext);org.gjt.sp.jedit.io.VFSFile;0;0;0;0;0;0;0;0;0;0;0;0;0
bsh.Name.toLHS(CallStack, Interpreter);bsh.ClassIdentifier;2;3;4;0.7000;341;17;9;0;1;0.8889;9;1;1
org.gjt.sp.jedit.search.SearchDialog.createSearchSettingsPanel();org.gjt.sp.jedit.gui.VariableGridLayout;1;0;11;0.7250;431;17;30;0;1;1.0000;174;13;10
org.gjt.sp.jedit.io.VFS._listDirectory(Object, ArrayList, ArrayList, String, RE, boolean, Component);org.gjt.sp.jedit.io.VFSFile;0;0;0;0;0;0;0;0;0;0;0;0;0
org.gjt.sp.jedit.search.SearchBar.find(boolean);org.gjt.sp.jedit.jEdit;5;1;5;0.7778;130;6;10;3;0;1.0000;1709;108;29
com.loomcom.ant.tasks.jarbundler.JarBundler.setJvmversion(String);com.loomcom.ant.tasks.jarbundler.AppBundleProperties;0;0;0;0;0;0;0;0;0;0;0;0;0
org.gjt.sp.jedit.options.BrowserColorsModel.getColumnName(int);org.gjt.sp.jedit.jEdit;0;0;0;1.0000;85;12;1;1;0;1.0000;1709;108;29
org.gjt.sp.jedit.options.ToolBarEditDialog.ActionHandler.actionPerformed(ActionEvent);org.gjt.sp.jedit.MiscUtilities;3;0;0;1.0000;22;1;0;2;0;1.0000;629;50;3
org.gjt.sp.jedit.View.createEditPane(Buffer);org.gjt.sp.jedit.EditBus;2;0;0;1.0000;679;41;39;1;0;1.0000;44;4;2
org.gjt.sp.jedit.options.ViewOptionPane._init();org.gjt.sp.jedit.GUIUtilities;0;0;11;0.2143;49;2;11;1;0;1.0000;486;55;9
org.gjt.sp.jedit.gui.StatusBar.updateBufferStatus();org.gjt.sp.jedit.View;2;0;10;0.7619;261;11;26;1;0;0.9872;679;41;39
org.gjt.sp.jedit.textarea.JEditTextArea.fireNarrowActive();org.gjt.sp.util.Log;0;0;0;0;0;0;0;0;0;0;0;0;0
gnu.regexp.CharIndexedInputStream.charAt(int);gnu.regexp.CharIndexed;1;0;7;0.4545;86;4;8;0;1;0.9000;3;3;1
org.gjt.sp.jedit.textarea.TextAreaPainter.PaintLineBackground.shouldPaintLineHighlight(int, int, int);org.gjt.sp.jedit.textarea.Selection;0;0;0;0;0;0;0;0;0;0;0;0;0
org.gjt.sp.jedit.options.PluginOptions.createOptionTreeModel();org.gjt.sp.jedit.EditPlugin;3;0;1;0.9231;49;1;1;2;0;0.8667;42;7;1
org.gjt.sp.jedit.search.HyperSearchResult.Occur.bufferOpened();org.gjt.sp.jedit.buffer.JEditBuffer;0;0;0;0;0;0;0;0;0;0;0;0;0
bsh.Parser.AllocationExpression();bsh.JJTParserState;2;11;2;0.9648;5894;347;13;4;0;0.8788;74;10;5
org.gjt.sp.jedit.jEdit.initResources();org.gjt.sp.jedit.gui.DockableWindowFactory;0;0;0;0;0;0;0;0;0;0;0;0;0
installer.TarEntry.equals(TarEntry);installer.TarHeader;1;0;1;0.9697;216;28;2;0;1;0.9444;106;8;36
org.gjt.sp.jedit.options.TextAreaOptionPane._save();org.gjt.sp.jedit.jEdit;1;0;19;0.1364;72;2;19;4;0;1.0000;1709;108;29
org.gjt.sp.jedit.search.SearchAndReplace.setReplaceString(String);org.gjt.sp.jedit.EditBus;0;0;1;1.0000;537;32;11;1;0;1.0000;44;4;2
org.gjt.sp.jedit.gui.DockableWindowManager.getAllPluginEntries(PluginJAR, boolean);org.gjt.sp.jedit.gui.DockableWindowFactory.Window;0;0;0;0;0;0;0;0;0;0;0;0;0
org.gjt.sp.jedit.buffer.JEditBuffer.getRuleSetAtOffset(int);org.gjt.sp.jedit.TextUtilities;0;0;0;0;0;0;0;0;0;0;0;0;0
org.gjt.sp.jedit.textarea.JEditTextArea.smartEnd(boolean);org.gjt.sp.jedit.Macros.Recorder;2;3;1;0.9847;2774;208;61;1;0;0.9545;80;8;6
bsh.BSHFormalParameters.getTypeDescriptors(CallStack, Interpreter, String);bsh.BSHFormalParameter;0;1;2;0.7000;39;4;4;1;0;0.8889;12;2;3
org.gjt.sp.jedit.browser.VFSBrowser.startRequest();org.gjt.sp.jedit.GUIUtilities;1;0;1;0.9811;542;33;34;1;0;1.0000;486;55;9
org.gjt.sp.jedit.PluginJAR.startPlugin();org.gjt.sp.jedit.jEdit;3;1;2;0.9211;557;18;15;2;1;1.0000;1709;108;29
macos.menu.ShowRecentMenu.construct();org.gjt.sp.jedit.browser.FileCellRenderer;3;0;0;1.0000;32;4;0;0;1;1.0000;83;6;12
org.gjt.sp.jedit.EditPane.MarkerHighlight.paintValidLine(Graphics2D, int, int, int, int, int);org.gjt.sp.jedit.textarea.TextAreaPainter;0;0;0;0;0;0;0;0;0;0;0;0;0
installer.TarInputStream.setBufferDebug(boolean);installer.TarBuffer;1;0;1;0.9600;159;13;9;0;1;0.9630;162;11;11
bsh.Parser.jj_3R_207();bsh.ParserConstants;1;2;0;0.9945;5894;347;13;0;1;0.9925;0;0;131
bsh.NameSpace.getClassImpl(String);bsh.Interpreter;1;3;1;0.9529;491;64;21;1;1;1.0000;490;39;19
installer.CBZip2OutputStream.writeRun();installer.CRC;0;3;7;0.8571;1262;32;41;1;0;0.9286;16;3;2
org.gjt.sp.jedit.jEdit.addBufferToList(Buffer);org.gjt.sp.jedit.msg.BufferUpdate;3;0;8;1.0000;1709;108;29;0;1;1.0000;18;2;12
gnu.regexp.RETokenLookAhead.match(CharIndexed, REMatch);gnu.regexp.REMatch;0;0;2;0.7500;29;2;2;2;0;0.9200;95;12;8
org.gjt.sp.jedit.browser.VFSBrowser.mkdir();org.gjt.sp.jedit.GUIUtilities;2;2;1;0.9474;542;33;34;1;0;1.0000;486;55;9
bsh.ParserTokenManager.jjMoveStringLiteralDfa25_0(long, long);bsh.JavaCharStream;0;3;2;0.9123;1699;47;25;1;0;0.9804;331;25;17
org.gjt.sp.jedit.GUIUtilities.loadMenuBar(String);org.gjt.sp.jedit.jEdit;1;1;0;1.0000;486;55;9;0;1;1.0000;1709;108;29
bsh.Interpreter.eval(Reader, NameSpace, String);bsh.ReturnControl;4;5;4;0.9091;490;39;19;0;1;0.9583;5;0;3
org.gjt.sp.jedit.EditServer.handleClient(boolean, boolean, boolean, String, String[]);org.gjt.sp.jedit.PerspectiveManager;1;0;0;1.0000;140;6;5;1;0;1.0000;135;3;1
org.gjt.sp.jedit.indent.IndentAction.AlignBracket.calculateIndent(JEditBuffer, int, int, int);org.gjt.sp.jedit.buffer.JEditBuffer;0;0;0;0;0;0;0;0;0;0;0;0;0
org.gjt.sp.jedit.browser.BrowserView.propertiesChanged();org.gjt.sp.jedit.jEdit;0;0;3;0.8500;139;12;7;1;0;1.0000;1709;108;29
org.gjt.sp.jedit.pluginmgr.ManagePanel.HeaderMouseHandler.mouseClicked(MouseEvent);org.gjt.sp.jedit.pluginmgr.ManagePanel.EntryCompare;2;0;0;1.0000;12;1;0;0;2;1.0000;21;2;3
org.gjt.sp.jedit.search.HyperSearchRequest.run();org.gjt.sp.jedit.search.SearchAndReplace;2;2;2;0.7647;130;5;6;0;1;1.0000;537;32;11
bsh.Parser.ConditionalAndExpression();bsh.Token;4;5;2;0.9810;5894;347;13;0;1;0.9524;9;1;8
bsh.ClassGeneratorUtil.initInstance(Object, String, Object[]);bsh.Reflect;3;3;2;1.0000;457;21;19;1;0;1.0000;422;31;0
org.gjt.sp.jedit.gui.FontSelector.ActionHandler.actionPerformed(ActionEvent);org.gjt.sp.jedit.gui.FontSelector;0;0;0;1.0000;14;1;0;1;0;0.8571;48;3;1
bsh.BSHAllocationExpression.constructWithInterfaceBody(Class, Object[], BSHBlock, CallStack, Interpreter);bsh.NameSpace;0;0;0;1.0000;119;9;1;2;0;0.9783;491;64;21
com.microstar.xml.XmlParser.popInput();com.microstar.xml.XmlHandler;0;1;19;0.8889;2091;113;92;1;0;0.9667;13;13;0
org.gjt.sp.jedit.textarea.BufferHandler.bufferLoaded(JEditBuffer);org.gjt.sp.jedit.textarea.DisplayManager;1;0;1;0.9375;165;9;7;0;0;1.0000;513;30;16
org.gjt.sp.jedit.gui.DockablePanel.ResizeMouseHandler.getAppropriateCursor();org.gjt.sp.jedit.gui.DockablePanel;0;0;0;0;0;0;0;0;0;0;0;0;0
installer.SwingInstall.install();installer.OperatingSystem.OSTask;1;0;5;0.7917;102;2;14;0;2;0.9000;29;2;5
org.gjt.sp.jedit.browser.BrowserIORequest.listDirectory();org.gjt.sp.jedit.io.VFS;1;0;5;0.7222;179;6;11;3;0;0.9189;191;26;17
org.gjt.sp.jedit.Buffer.getMarkerNameString();org.gjt.sp.jedit.jEdit;1;0;1;0.9939;1798;136;53;1;0;1.0000;1709;108;29
org.gjt.sp.jedit.textarea.ChunkCache.updateChunksUpTo(int);org.gjt.sp.jedit.syntax.Token;7;1;6;0.8627;333;25;9;0;1;0.9667;21;3;27
org.gjt.sp.jedit.textarea.JEditTextArea.getFirstPhysicalLine();org.gjt.sp.jedit.textarea.DisplayManager;2;0;1;0.9962;2774;208;61;0;1;0.9762;513;30;16
org.gjt.sp.jedit.browser.VFSBrowser.maybeReloadDirectory(String);org.gjt.sp.jedit.io.VFSManager;1;0;4;0.9273;542;33;34;1;0;1.0000;129;15;11
org.gjt.sp.jedit.gui.MarkerViewer.Renderer.getListCellRendererComponent(JList, Object, int, boolean, boolean);org.gjt.sp.jedit.Marker;0;0;0;0;0;0;0;0;0;0;0;0;0
org.gjt.sp.jedit.gui.DockableWindowManager.propertiesChanged();org.gjt.sp.jedit.gui.DockableLayout;0;0;0;0;0;0;0;0;0;0;0;0;0
org.objectweb.asm.CodeWriter.put(ByteVector);org.objectweb.asm.ClassWriter;3;0;15;0.7368;919;30;27;1;0;0.9846;305;21;49
org.gjt.sp.jedit.browser.VFSFileChooserDialog.GetFileTypeRequest.run();org.gjt.sp.jedit.io.VFS;3;0;4;0.5556;30;1;4;2;0;0.9444;191;26;17
org.gjt.sp.jedit.pluginmgr.ManagePanel.RemoveButton.actionPerformed(ActionEvent);org.gjt.sp.jedit.pluginmgr.ManagePanel.PluginTableModel;2;0;0;1.0000;29;2;0;2;0;0.9200;153;15;2
org.gjt.sp.jedit.EditPane.handleBufferUpdate(BufferUpdate);org.gjt.sp.jedit.textarea.JEditTextArea;5;2;5;0.8056;273;15;7;2;2;0.9856;2774;208;61
org.gjt.sp.jedit.buffer.KillRing.save();org.gjt.sp.jedit.MiscUtilities;2;1;1;1.0000;169;7;4;2;0;1.0000;629;50;3
org.objectweb.asm.CodeWriter.visitLabel(Label);org.objectweb.asm.Label;2;1;7;0.8679;919;30;27;1;2;0.8696;84;3;10
org.gjt.sp.jedit.options.AbbrevsModel.getValueAt(int, int);org.gjt.sp.jedit.options.Abbrev;1;0;1;0.9286;71;10;2;0;2;0.6000;6;0;2
org.gjt.sp.jedit.search.SearchAndReplace.find(View, Buffer, int, boolean, boolean);org.gjt.sp.jedit.jEdit;1;1;0;1.0000;537;32;11;1;0;1.0000;1709;108;29
org.gjt.sp.jedit.textarea.TextAreaPainter.PaintSelection.paintSelection(Graphics2D, int, int, int, Selection);org.gjt.sp.jedit.textarea.TextAreaPainter;1;0;0;1.0000;14;2;0;0;2;0.9643;269;31;36
org.gjt.sp.jedit.textarea.DisplayManager.narrow(int, int);org.gjt.sp.jedit.buffer.JEditBuffer;0;0;0;0;0;0;0;0;0;0;0;0;0
org.gjt.sp.jedit.buffer.KillRing.save();org.gjt.sp.util.Log;2;1;1;1.0000;169;7;4;1;3;1.0000;142;9;16
org.gjt.sp.jedit.help.HelpTOCPanel.createTOC();org.gjt.sp.jedit.EditPlugin;2;2;2;0.7143;106;5;5;1;1;0.8571;42;7;1
org.gjt.sp.jedit.browser.VFSBrowser.getRootDirectory();org.gjt.sp.jedit.OperatingSystem;0;0;0;0;0;0;0;0;0;0;0;0;0
org.gjt.sp.jedit.EditServer.handleClient(boolean, boolean, boolean, String, String[]);org.gjt.sp.jedit.View;1;0;0;1.0000;140;6;5;1;0;0.9841;679;41;39
org.gjt.sp.jedit.jEdit.loadMode(Mode);com.microstar.xml.XmlParser;5;0;0;1.0000;1709;108;29;1;1;0.9876;2091;113;92
org.gjt.sp.jedit.gui.MarkerViewer.goToSelectedMarker();org.gjt.sp.jedit.Marker;0;0;0;0;0;0;0;0;0;0;0;0;0
org.gjt.sp.jedit.gui.ActionBar.CompletionPopup.KeyHandler.keyPressed(KeyEvent);org.gjt.sp.jedit.gui.ActionBar.CompletionPopup;2;0;0;1.0000;22;2;0;0;1;0.8333;38;1;1
org.gjt.sp.jedit.textarea.FirstLine.scrollDown(int);org.gjt.sp.jedit.textarea.DisplayManager;0;0;0;0;0;0;0;0;0;0;0;0;0
org.gjt.sp.jedit.options.AbbrevsOptionPane._save();org.gjt.sp.jedit.options.AbbrevsModel;0;0;4;0.7143;112;5;8;1;0;0.9412;71;10;2
org.gjt.sp.jedit.textarea.ScrollLineCount.reset();org.gjt.sp.util.Log;0;0;0;0;0;0;0;0;0;0;0;0;0
bsh.Parser.ClassDeclaration();bsh.JJTParserState;5;8;2;0.9735;5894;347;13;4;0;0.8947;74;10;5
org.gjt.sp.jedit.search.SearchAndReplace.save();org.gjt.sp.jedit.jEdit;0;0;6;1.0000;537;32;11;2;0;1.0000;1709;108;29
org.gjt.sp.jedit.View.handleEditPaneUpdate(EditPaneUpdate);org.gjt.sp.jedit.gui.StatusBar;2;0;1;0.9857;679;41;39;3;0;0.9302;261;11;26
bsh.Parser.ExclusiveOrExpression();bsh.ParserTreeConstants;4;5;2;0.9809;5894;347;13;0;1;0.9804;0;0;39
org.gjt.sp.jedit.textarea.ExtensionManager.getToolTipText(int, int);org.gjt.sp.jedit.textarea.TextAreaExtension;0;0;1;0.8750;75;6;1;1;0;0.8333;17;4;0
org.gjt.sp.jedit.gui.PanelWindowContainer.register(DockableWindowManager.Entry);org.gjt.sp.jedit.gui.DockableWindowFactory.Window;0;0;0;0;0;0;0;0;0;0;0;0;0
org.gjt.sp.jedit.gui.RegisterViewer.insertRegister();org.gjt.sp.jedit.Registers;0;0;0;0;0;0;0;0;0;0;0;0;0
bsh.BSHPrimarySuffix.doProperty(boolean, Object, CallStack, Interpreter);bsh.Reflect;1;0;0;1.0000;95;5;7;1;0;1.0000;422;31;0
gnu.regexp.RE.initialize(Object, int, RESyntax, int, int);gnu.regexp.RESyntax;7;6;7;0.8824;615;37;13;1;21;0.9167;31;5;48
bsh.NameSpace.getImportedClassImpl(String);bsh.Interpreter;1;3;2;0.9438;491;64;21;1;1;1.0000;490;39;19
org.gjt.sp.jedit.textarea.DisplayManager.bufferLoaded();org.gjt.sp.jedit.textarea.JEditTextArea;0;0;0;0;0;0;0;0;0;0;0;0;0
macos.Delegate.BufferMenu.updateMenu();org.gjt.sp.jedit.Buffer;2;0;0;1.0000;21;1;0;1;2;0.9817;1798;136;53
org.gjt.sp.jedit.PluginJAR.generateCache();org.gjt.sp.jedit.jEdit;5;2;10;0.7647;557;18;15;7;0;1.0000;1709;108;29
bsh.Parser.jj_3_31();bsh.ParserConstants;1;3;0;0.9917;5894;347;13;0;1;0.9925;0;0;131
org.gjt.sp.jedit.browser.VFSFileChooserDialog.dispose();org.gjt.sp.jedit.GUIUtilities;1;0;1;0.9231;155;5;7;1;0;1.0000;486;55;9
org.gjt.sp.jedit.browser.VFSBrowser.FavoritesMenuButton.MouseHandler.mousePressed(MouseEvent);org.gjt.sp.jedit.browser.VFSBrowser.FavoritesMenuButton;1;0;0;1.0000;8;1;0;1;1;0.3333;40;1;1
bsh.Interpreter.get(String);bsh.Primitive;1;0;1;0.9811;490;39;19;1;0;1.0000;506;35;5
org.gjt.sp.jedit.TextUtilities.findMatchingBracket(JEditBuffer, int, int);org.gjt.sp.jedit.buffer.JEditBuffer;0;0;0;0;0;0;0;0;0;0;0;0;0
org.gjt.sp.jedit.jEdit.showPluginErrorDialog();org.gjt.sp.jedit.pluginmgr.PluginManager;1;1;2;1.0000;1709;108;29;0;1;1.0000;133;6;11
org.gjt.sp.jedit.gui.OptionsDialog.PaneNameRenderer.getTreeCellRendererComponent(JTree, Object, boolean, boolean, boolean, int, boolean);org.gjt.sp.jedit.OptionPane;1;0;2;0.6000;32;1;2;1;0;0.8571;4;4;0
org.gjt.sp.jedit.View.getSplitConfig();org.gjt.sp.jedit.Buffer;0;0;0;0;0;0;0;0;0;0;0;0;0
org.gjt.sp.jedit.Registers.ClipboardRegister.toString();org.gjt.sp.util.Log;1;0;1;0.5000;29;2;1;1;1;1.0000;142;9;16
org.gjt.sp.jedit.buffer.UndoManager.Insert.redo();org.gjt.sp.jedit.buffer.JEditBuffer;0;0;0;0;0;0;0;0;0;0;0;0;0
org.gjt.sp.jedit.BufferHistory.save();org.gjt.sp.jedit.jEdit;2;0;2;1.0000;189;9;3;1;1;1.0000;1709;108;29
org.gjt.sp.jedit.Macros.Macro.invoke(View);org.gjt.sp.jedit.Macros;0;0;1;0.8889;32;3;3;0;0;1.0000;232;21;6
bsh.Parser.EqualityExpression();bsh.JJTParserState;4;5;2;0.9810;5894;347;13;2;0;0.9286;74;10;5
org.gjt.sp.jedit.search.SearchAndReplace.regexpBeanShellReplace(View, SearchMatcher.Match);org.gjt.sp.jedit.search.SearchMatcher.Match;0;0;0;0;0;0;0;0;0;0;0;0;0
org.gjt.sp.jedit.pluginmgr.InstallPanel.SizeLabel.tableChanged(TableModelEvent);org.gjt.sp.jedit.jEdit;3;0;1;0.8889;17;1;1;1;0;1.0000;1709;108;29
org.gjt.sp.jedit.search.SearchAndReplace.find(View, Buffer, int, boolean, boolean);org.gjt.sp.jedit.buffer.JEditBuffer;0;0;0;0;0;0;0;0;0;0;0;0;0
org.gjt.sp.jedit.pluginmgr.Roster.getDownloadDir();org.gjt.sp.jedit.MiscUtilities;1;0;1;1.0000;65;9;3;1;0;1.0000;629;50;3
org.gjt.sp.jedit.browser.VFSFileChooserDialog.dispose();org.gjt.sp.jedit.io.VFSManager;1;0;1;0.9231;155;5;7;0;1;1.0000;129;15;11
bsh.BSHCastExpression.eval(CallStack, Interpreter);bsh.CallStack;1;0;0;1.0000;16;1;0;1;0;0.9444;52;11;1
bsh.Parser.TryStatement();bsh.ParserConstants;2;7;2;0.9757;5894;347;13;0;5;0.9655;0;0;131
org.gjt.sp.jedit.Macros.BeanShellHandler.runMacro(View, Macro, boolean);org.gjt.sp.jedit.Macros.Macro;1;0;0;1.0000;13;3;0;0;1;0.8333;32;3;3
gnu.regexp.RE.isMatchImpl(CharIndexed, int, int);gnu.regexp.CharIndexed;2;0;2;0.9565;615;37;13;1;1;0.7778;3;3;1
org.gjt.sp.jedit.textarea.Selection.Rect.contentRemoved(JEditBuffer, int, int, int, int);org.gjt.sp.jedit.buffer.JEditBuffer;0;0;0;0;0;0;0;0;0;0;0;0;0
org.gjt.sp.jedit.options.ShortcutsOptionPane.ShortcutsModel.getValueAt(int, int);org.gjt.sp.jedit.gui.GrabKeyDialog.KeyBinding;1;1;0;0.9167;59;8;2;0;2;0.7143;9;1;4
bsh.ParserTokenManager.jjMoveStringLiteralDfa15_0(long, long, long, long);bsh.JavaCharStream;0;3;2;0.9123;1699;47;25;1;0;0.9804;331;25;17
org.gjt.sp.jedit.options.BrowserColorsOptionPane.MouseHandler.mouseClicked(MouseEvent);org.gjt.sp.jedit.options.BrowserColorsModel;1;0;0;1.0000;8;1;0;2;0;0.8750;85;12;1
org.gjt.sp.jedit.Buffer.setPath(String);org.gjt.sp.jedit.io.VFSManager;1;1;7;0.9576;1798;136;53;1;0;1.0000;129;15;11
org.gjt.sp.jedit.textarea.JEditTextArea.addExplicitFold();org.gjt.sp.jedit.textarea.Selection;1;2;5;0.9740;2774;208;61;0;4;0.8667;43;9;4
org.gjt.sp.jedit.textarea.JEditTextArea.recalculateVisibleLines();org.gjt.sp.jedit.textarea.ChunkCache;1;3;6;0.9655;2774;208;61;1;0;0.9783;333;25;9
org.gjt.sp.jedit.Macros.addMacro(File, String, Vector);org.gjt.sp.jedit.EditAction;2;1;3;1.0000;232;21;6;0;1;0.9286;36;10;1
org.gjt.sp.jedit.textarea.ChunkCache.updateChunksUpTo(int);org.gjt.sp.jedit.textarea.DisplayManager;7;1;6;0.8627;333;25;9;2;1;0.9508;513;30;16
org.gjt.sp.jedit.print.BufferPrinter1_4.print(View, Buffer, boolean);org.gjt.sp.jedit.jEdit;1;2;2;1.0000;83;5;2;2;0;1.0000;1709;108;29
bsh.XThis.Handler.invoke(Object, Method, Object[]);bsh.TargetError;1;1;0;0.6667;40;2;0;1;0;0.9231;47;7;2
org.gjt.sp.jedit.gui.DockableWindowFactory.Window.createDockableWindow(View, String);org.gjt.sp.util.Log;0;0;0;0;0;0;0;0;0;0;0;0;0
org.gjt.sp.jedit.browser.VFSBrowser.PluginsMenuButton.MouseHandler.mousePressed(MouseEvent);org.gjt.sp.jedit.browser.VFSBrowser.PluginsMenuButton;1;0;0;1.0000;9;1;0;1;1;0.5000;47;2;1
org.gjt.sp.jedit.Autosave.actionPerformed(ActionEvent);org.gjt.sp.jedit.Buffer;2;0;0;1.0000;29;3;1;1;0;0.9939;1798;136;53
bsh.Parser.FormalParameter();bsh.ParserConstants;4;6;2;0.9783;5894;347;13;0;1;0.9932;0;0;131
org.gjt.sp.jedit.browser.VFSFileChooserDialog.GetFileTypeRequest.run();org.gjt.sp.jedit.io.VFSFile;0;0;0;0;0;0;0;0;0;0;0;0;0
org.gjt.sp.jedit.options.StyleTableModel.addStyleChoice(String, String);org.gjt.sp.jedit.jEdit;0;0;1;0.8750;53;7;1;1;0;1.0000;1709;108;29
bsh.Parser.createParseException(String);bsh.Token;2;0;1;0.9973;5894;347;13;0;4;0.6000;9;1;8
org.gjt.sp.jedit.textarea.JEditTextArea.invalidateSelectedLines();org.gjt.sp.jedit.textarea.Selection;1;2;2;0.9846;2774;208;61;0;2;0.9000;43;9;4
org.gjt.sp.jedit.gui.CompleteWord.insertSelected();org.gjt.sp.jedit.textarea.JEditTextArea;0;1;3;0.5556;182;8;6;1;0;0.9962;2774;208;61
QuickNotepad.KeyHandler.keyPressed(KeyEvent);org.gjt.sp.jedit.View;2;0;0;1.0000;7;1;0;0;1;0.9848;679;41;39
org.gjt.sp.jedit.io.VFS.load(View, Buffer, String);org.gjt.sp.jedit.buffer.JEditBuffer;0;0;0;0;0;0;0;0;0;0;0;0;0
org.gjt.sp.jedit.textarea.JEditTextArea.fireBracketSelected(int, String);org.gjt.sp.jedit.textarea.StatusListener;0;0;0;0;0;0;0;0;0;0;0;0;0
org.gjt.sp.jedit.browser.VFSBrowser.delete(VFSFile[]);org.gjt.sp.jedit.io.VFSFile;0;0;0;0;0;0;0;0;0;0;0;0;0
installer.TarEntry.getModTime();installer.TarHeader;1;0;1;0.9697;216;28;2;0;1;0.9444;106;8;36
org.gjt.sp.jedit.jEdit.saveAllBuffers(View, boolean);org.gjt.sp.jedit.GUIUtilities;1;0;1;1.0000;1709;108;29;1;0;1.0000;486;55;9
org.gjt.sp.jedit.pluginmgr.PluginManager.shouldUpdatePluginList();org.gjt.sp.jedit.pluginmgr.PluginList;0;0;0;0;0;0;0;0;0;0;0;0;0
org.gjt.sp.jedit.search.HyperSearchResults.searchDone(DefaultMutableTreeNode);org.gjt.sp.jedit.jEdit;0;1;1;0.8889;146;10;9;1;0;1.0000;1709;108;29
org.gjt.sp.jedit.pluginmgr.InstallPanel.updateModel();org.gjt.sp.jedit.io.VFSManager;0;0;2;0.7500;71;2;5;1;0;1.0000;129;15;11
org.gjt.sp.jedit.browser.BrowserIORequest.mkdir();org.gjt.sp.jedit.jEdit;1;0;4;0.7778;179;6;11;1;0;1.0000;1709;108;29
org.objectweb.asm.CodeWriter.getSize();org.objectweb.asm.ByteVector;2;1;8;0.8269;919;30;27;0;1;0.9600;139;9;2
org.gjt.sp.jedit.buffer.JEditBuffer.shiftIndentRight(int[]);org.gjt.sp.jedit.MiscUtilities;0;0;0;0;0;0;0;0;0;0;0;0;0
gnu.regexp.RETokenStart.match(CharIndexed, REMatch);gnu.regexp.CharIndexed;2;0;1;0.8889;32;2;1;1;0;0.9000;3;3;1
bsh.BSHUnaryExpression.eval(CallStack, Interpreter);bsh.ParserConstants;2;2;1;0.7692;50;4;2;0;2;0.9856;0;0;131
installer.TarOutputStream.close();installer.TarBuffer;0;1;1;0.9048;92;10;8;1;0;0.9643;162;11;11
org.gjt.sp.jedit.gui.DockableWindowManager.floatDockableWindow(String);org.gjt.sp.jedit.gui.DockableWindowFactory.Window;0;0;0;0;0;0;0;0;0;0;0;0;0
bsh.ClassGeneratorImpl.setInstanceNameSpaceParent(Object, String, NameSpace);bsh.ClassGeneratorUtil;1;0;0;1.0000;109;7;0;1;0;1.0000;457;21;19
org.gjt.sp.jedit.jEdit.checkBufferStatus(View);org.gjt.sp.jedit.View;2;1;3;1.0000;1709;108;29;1;1;0.9706;679;41;39
org.gjt.sp.jedit.buffer.JEditBuffer.writeLock();org.gjt.sp.util.ReadWriteLock;0;0;0;0;0;0;0;0;0;0;0;0;0
org.gjt.sp.jedit.search.SearchDialog.ReplaceActionHandler.actionPerformed(ActionEvent);org.gjt.sp.jedit.search.SearchDialog;1;0;0;1.0000;4;1;0;0;2;0.9524;431;17;30
bsh.Parser.jj_3R_65();bsh.ParserConstants;1;1;0;0.9972;5894;347;13;0;1;0.9924;0;0;131
org.gjt.sp.jedit.textarea.JEditTextArea.setSelectedText(Selection, String);org.gjt.sp.jedit.buffer.JEditBuffer;0;0;0;0;0;0;0;0;0;0;0;0;0
bsh.Parser.ArrayDimensions();bsh.ParserConstants;2;9;2;0.9703;5894;347;13;0;2;0.9866;0;0;131
org.gjt.sp.jedit.pluginmgr.Roster.Remove.runInAWTThread(Component);org.gjt.sp.jedit.PluginJAR;3;2;1;0.5000;49;4;1;0;1;0.9722;557;18;15
org.gjt.sp.jedit.textarea.MouseHandler.doTripleClick();org.gjt.sp.jedit.textarea.JEditTextArea;0;0;0;0;0;0;0;0;0;0;0;0;0
org.gjt.sp.jedit.PluginJAR.deactivatePlugin(boolean);org.gjt.sp.jedit.msg.PluginUpdate;5;1;4;0.8649;557;18;15;0;1;1.0000;18;2;6
org.gjt.sp.jedit.gui.DockablePanel.ResizeMouseHandler.mousePressed(MouseEvent);org.gjt.sp.jedit.gui.PanelWindowContainer;0;0;0;0;0;0;0;0;0;0;0;0;0
org.gjt.sp.jedit.gui.DockableWindowManager.addEntry(DockableWindowFactory.Window);org.gjt.sp.util.Log;3;0;11;0.8333;447;27;16;1;1;1.0000;142;9;16
org.gjt.sp.jedit.search.SearchBar.DocumentHandler.removeUpdate(DocumentEvent);org.gjt.sp.jedit.textarea.JEditTextArea;3;0;0;1.0000;30;3;0;1;1;0.9925;2774;208;61
org.gjt.sp.jedit.browser.VFSDirectoryEntryTable.resizeColumns();org.gjt.sp.jedit.browser.FileCellRenderer;0;0;0;0;0;0;0;0;0;0;0;0;0
org.gjt.sp.jedit.textarea.ChunkCache.scrollUp(int);org.gjt.sp.util.Log;3;1;5;0.8286;333;25;9;1;1;1.0000;142;9;16
macos.menu.ShowBufferMenu.construct();org.gjt.sp.jedit.Buffer;2;0;0;1.0000;28;4;0;1;2;0.9816;1798;136;53
org.gjt.sp.jedit.jEdit.exit(View, boolean);org.gjt.sp.jedit.io.VFSManager;1;5;4;1.0000;1709;108;29;1;0;1.0000;129;15;11
org.gjt.sp.jedit.gui.ActionBar.invoke();org.gjt.sp.jedit.gui.HistoryTextField;1;1;5;0.6667;122;4;7;1;0;0.9688;211;12;7
bsh.Parser.jj_3R_125();bsh.ParserConstants;1;1;0;0.9972;5894;347;13;0;1;0.9924;0;0;131
org.gjt.sp.jedit.browser.BrowserView.loadDirectory(Object, String, boolean);org.gjt.sp.jedit.browser.VFSBrowser;2;0;2;0.9091;139;12;7;1;1;0.9649;542;33;34
org.gjt.sp.jedit.gui.DefaultInputHandler.handleKey(KeyEventTranslator.Key);org.gjt.sp.jedit.gui.KeyEventWorkaround;2;1;2;0.8750;212;12;3;1;0;1.0000;161;2;6
org.gjt.sp.jedit.jEdit.openFiles(View, String, String[]);org.gjt.sp.jedit.View;0;2;0;1.0000;1709;108;29;1;0;0.9841;679;41;39
org.gjt.sp.jedit.gui.DockableWindowManager.addEntry(DockableWindowFactory.Window);org.gjt.sp.jedit.gui.DockableWindowFactory.Window;0;0;0;0;0;0;0;0;0;0;0;0;0
org.gjt.sp.jedit.BufferHistory.load();org.gjt.sp.util.Log;4;0;1;1.0000;189;9;3;1;2;1.0000;142;9;16
org.gjt.sp.jedit.gui.PanelWindowContainer.save();org.gjt.sp.jedit.gui.DockableWindowFactory.Window;0;0;0;0;0;0;0;0;0;0;0;0;0
org.gjt.sp.jedit.textarea.FirstLine.changed();org.gjt.sp.jedit.Debug;0;0;0;0;0;0;0;0;0;0;0;0;0
org.gjt.sp.jedit.buffer.BufferSaveRequest.run();org.gjt.sp.jedit.Buffer;0;0;0;0;0;0;0;0;0;0;0;0;0
macos.Delegate.MacroAction.doAction();org.gjt.sp.jedit.Macros.Macro;0;0;1;0.5000;6;1;1;1;0;0.8571;32;3;3
org.gjt.sp.jedit.gui.CompleteWord.getWordToComplete(Buffer, int, int, String);org.gjt.sp.jedit.TextUtilities;0;0;0;1.0000;182;8;6;1;0;1.0000;343;14;8
org.gjt.sp.jedit.browser.VFSFileNameField.goToParent();org.gjt.sp.jedit.MiscUtilities;3;0;1;0.9286;129;5;1;2;0;1.0000;629;50;3
org.gjt.sp.jedit.textarea.JEditTextArea.getSelectedText(Selection);org.gjt.sp.jedit.textarea.Selection;0;0;1;0.9961;2774;208;61;1;0;0.9412;43;9;4
org.gjt.sp.jedit.help.HelpViewer.PropertyChangeHandler.propertyChange(PropertyChangeEvent);org.gjt.sp.jedit.help.HelpViewer;1;0;0;1.0000;9;1;0;0;2;0.8889;143;4;11
org.gjt.sp.jedit.textarea.TextAreaTransferHandler.importFile(JComponent, Transferable);org.gjt.sp.jedit.jEdit;0;0;0;0;0;0;0;0;0;0;0;0;0
org.gjt.sp.jedit.search.SearchDialog.synchronizeMultiFileSettings();org.gjt.sp.jedit.search.SearchAndReplace;3;0;3;0.9333;431;17;30;0;1;1.0000;537;32;11
org.gjt.sp.jedit.gui.FilesChangedDialog.TreeHandler.valueChanged(TreeSelectionEvent);org.gjt.sp.jedit.gui.FilesChangedDialog;1;0;0;1.0000;12;1;0;1;3;0.7333;157;5;8
org.gjt.sp.jedit.textarea.TextAreaPainter.PaintLineBackground.paintValidLine(Graphics2D, int, int, int, int, int);org.gjt.sp.jedit.textarea.ChunkCache.LineInfo;5;0;0;1.0000;30;1;0;0;1;0.9630;0;0;8
gnu.regexp.RETokenStart.match(CharIndexed, REMatch);gnu.regexp.REMatch;2;0;1;0.8889;32;2;1;0;4;0.8333;95;12;8
org.gjt.sp.jedit.search.SearchBar.update();org.gjt.sp.jedit.jEdit;1;0;3;0.8125;130;6;10;1;0;1.0000;1709;108;29
org.gjt.sp.jedit.browser.BrowserView.directoryLoaded(Object, String, ArrayList);org.gjt.sp.jedit.browser.VFSDirectoryEntryTable;1;0;3;0.8636;139;12;7;1;0;0.9565;240;13;4
macos.menu.ShowRecentDirMenu.construct();org.gjt.sp.jedit.jEdit;1;0;0;1.0000;30;4;0;1;0;1.0000;1709;108;29
org.gjt.sp.jedit.Registers.getRegisterNameString();org.gjt.sp.jedit.jEdit;0;1;2;1.0000;231;16;5;1;0;1.0000;1709;108;29
bsh.Parser.CastExpression();bsh.ParserTreeConstants;2;8;2;0.9728;5894;347;13;0;1;0.9818;0;0;39
org.gjt.sp.jedit.buffer.JEditBuffer.getIdealIndentForLine(int);org.gjt.sp.jedit.indent.IndentAction;0;0;0;0;0;0;0;0;0;0;0;0;0
org.gjt.sp.jedit.browser.VFSDirectoryEntryTable.maybeReloadDirectory(String);org.gjt.sp.jedit.MiscUtilities;3;0;1;0.9600;240;13;4;0;0;1.0000;629;50;3
org.gjt.sp.jedit.pluginmgr.InstallPanel.HeaderMouseHandler.mouseClicked(MouseEvent);org.gjt.sp.jedit.pluginmgr.InstallPanel.EntryCompare;2;0;0;1.0000;11;1;0;0;2;1.0000;13;1;3
org.gjt.sp.jedit.pluginmgr.ManagePanel.EntryCompare.compare(Object, Object);org.gjt.sp.jedit.pluginmgr.ManagePanel.Entry;2;0;2;0.6667;21;2;3;0;1;0.9091;29;0;11
gnu.regexp.RE.substituteImpl(CharIndexed, String, int, int);gnu.regexp.REMatch;1;1;1;0.9778;615;37;13;1;1;0.9167;95;12;8
bsh.Parser.ExclusiveOrExpression();bsh.ParserConstants;4;5;2;0.9809;5894;347;13;0;1;0.9930;0;0;131
org.gjt.sp.jedit.gui.MarkerViewer.actionPerformed(ActionEvent);org.gjt.sp.jedit.Buffer;0;0;0;0;0;0;0;0;0;0;0;0;0
org.gjt.sp.jedit.textarea.JEditTextArea.getFirstPhysicalLine();org.gjt.sp.jedit.textarea.Anchor;0;0;0;0;0;0;0;0;0;0;0;0;0
org.gjt.sp.jedit.EditPane.MarkerHighlight.getToolTipText(int, int);org.gjt.sp.jedit.Marker;0;0;0;0;0;0;0;0;0;0;0;0;0
org.gjt.sp.jedit.search.SearchAndReplace.replaceAll(View);org.gjt.sp.jedit.TextUtilities;3;5;2;1.0000;537;32;11;1;1;1.0000;343;14;8
org.gjt.sp.jedit.browser.BrowserView.TableMouseHandler.mouseClicked(MouseEvent);org.gjt.sp.jedit.browser.VFSDirectoryEntryTableModel.Entry;3;0;0;1.0000;58;3;0;0;1;0.8571;4;0;3
org.gjt.sp.jedit.gui.InputHandler.invokeAction(EditAction);org.gjt.sp.jedit.gui.HistoryModel;2;0;6;0.8529;133;14;6;2;0;0.9630;131;9;8
org.gjt.sp.jedit.jEdit.newView(View, Buffer, View.ViewConfig);org.gjt.sp.jedit.Debug;4;3;2;1.0000;1709;108;29;0;1;1.0000;0;0;22
bsh.Parser.jj_3R_173();bsh.ParserConstants;1;2;0;0.9945;5894;347;13;0;1;0.9925;0;0;131
bsh.BSHMethodDeclaration.eval(CallStack, Interpreter);bsh.UtilEvalError;1;2;3;0.7222;57;7;8;1;0;0.9091;14;2;0
org.gjt.sp.jedit.gui.GrabKeyDialog.InputPane.processKeyEvent(KeyEvent);org.gjt.sp.jedit.gui.KeyEventTranslator.Key;2;0;0;1.0000;28;2;0;0;3;0.7500;20;3;3
org.gjt.sp.jedit.buffer.KillRing.changed(UndoManager.Remove);org.gjt.sp.jedit.buffer.UndoManager.Remove;2;1;3;1.0000;169;7;4;0;3;0.6667;20;2;6
bsh.Interpreter.set(String, Object);bsh.NameSpace;2;0;1;0.9821;490;39;19;2;0;0.9778;491;64;21
org.gjt.sp.jedit.Registers.paste(JEditTextArea, char, boolean);org.gjt.sp.jedit.textarea.JEditTextArea;1;1;0;1.0000;231;16;5;6;3;0.9664;2774;208;61
org.gjt.sp.jedit.gui.ActionBar.invoke();org.gjt.sp.jedit.jEdit;1;1;5;0.6667;122;4;7;1;0;1.0000;1709;108;29
org.gjt.sp.jedit.Macros.stopRecording(View);org.gjt.sp.jedit.View;1;0;0;1.0000;232;21;6;1;1;0.9697;679;41;39
org.gjt.sp.jedit.io.VFSFile.findCompletion(VFSFile[], int, int, String, boolean);org.gjt.sp.jedit.MiscUtilities;0;0;0;0;0;0;0;0;0;0;0;0;0
org.gjt.sp.jedit.browser.BrowserIORequest.listDirectory();org.gjt.sp.util.Log;1;0;5;0.7222;179;6;11;1;1;1.0000;142;9;16
bsh.BSHAssignment.eval(CallStack, Interpreter);bsh.ParserConstants;3;1;1;0.9474;71;2;1;0;28;0.8000;0;0;131
gnu.regexp.RE.getCharUnit(char[], int, CharUnit);gnu.regexp.REException;2;1;0;1.0000;615;37;13;0;1;1.0000;20;1;15
org.gjt.sp.jedit.menu.EnhancedMenuItem.getShortcut();org.gjt.sp.jedit.jEdit;0;0;1;0.8000;47;3;5;1;0;1.0000;1709;108;29
bsh.BSHTypedVariableDeclaration.eval(CallStack, Interpreter);bsh.CallStack;2;2;1;0.7692;44;5;1;1;0;0.9565;52;11;1
bsh.Parser.Assignment();bsh.JJTParserState;2;5;1;0.9837;5894;347;13;4;0;0.8333;74;10;5
org.gjt.sp.jedit.Registers.paste(JEditTextArea, char, boolean);org.gjt.sp.jedit.buffer.JEditBuffer;0;0;0;0;0;0;0;0;0;0;0;0;0
org.objectweb.asm.ClassWriter.newNameType(String, String);org.objectweb.asm.Item;1;4;3;0.8605;305;21;49;1;1;0.9200;76;6;11
gnu.regexp.REMatchEnumeration.hasMoreMatches(StringBuffer);gnu.regexp.CharIndexed;1;0;9;0.6000;35;5;9;1;0;0.9231;3;3;1
org.gjt.sp.jedit.options.GlobalOptions.createOptionTreeModel();org.gjt.sp.jedit.gui.OptionsDialog.OptionTreeModel;1;0;2;0.8000;44;2;2;0;1;0.9412;82;11;2
org.gjt.sp.jedit.gui.OptionsDialog.PaneNameRenderer.getTreeCellRendererComponent(JTree, Object, boolean, boolean, boolean, int, boolean);org.gjt.sp.jedit.jEdit;1;0;2;0.6000;32;1;2;1;0;1.0000;1709;108;29
org.gjt.sp.jedit.options.ContextOptionPane.MenuItemCompare.compare(Object, Object);org.gjt.sp.jedit.MiscUtilities;1;0;0;1.0000;3;1;0;1;0;1.0000;629;50;3
org.gjt.sp.jedit.search.SearchBar.find(boolean);org.gjt.sp.jedit.buffer.JEditBuffer;0;0;0;0;0;0;0;0;0;0;0;0;0
org.gjt.sp.jedit.textarea.TextAreaPainter.paint(Graphics);org.gjt.sp.util.Log;0;0;0;0;0;0;0;0;0;0;0;0;0
org.gjt.sp.jedit.jEdit.addBufferToList(Buffer);org.gjt.sp.jedit.io.VFSManager;3;0;8;1.0000;1709;108;29;1;0;1.0000;129;15;11
org.gjt.sp.jedit.pluginmgr.ManagePanel.TextRenderer.getTableCellRendererComponent(JTable, Object, boolean, boolean, int, int);org.gjt.sp.jedit.pluginmgr.ManagePanel;2;0;1;0.7500;9;1;1;0;1;0.9000;46;2;4
org.gjt.sp.jedit.browser.VFSFileChooserDialog.BrowserHandler.filesSelected(VFSBrowser, VFSFile[]);org.gjt.sp.jedit.jEdit;0;0;0;0;0;0;0;0;0;0;0;0;0
org.gjt.sp.jedit.options.FirewallOptionPane.ActionHandler.actionPerformed(ActionEvent);org.gjt.sp.jedit.options.FirewallOptionPane;1;0;0;1.0000;9;1;0;0;9;0.2500;38;2;9
org.gjt.sp.jedit.gui.HistoryText.historyPrevious();org.gjt.sp.jedit.gui.HistoryModel;0;0;0;0;0;0;0;0;0;0;0;0;0
org.gjt.sp.jedit.print.BufferPrinter1_3.print(View, Buffer, boolean);org.gjt.sp.jedit.jEdit;1;1;2;1.0000;50;3;2;2;0;1.0000;1709;108;29
org.gjt.sp.jedit.io.VFS.save(View, Buffer, String);org.gjt.sp.jedit.Buffer;2;1;3;0.9032;191;26;17;1;2;0.9880;1798;136;53
installer.CBZip2InputStream.setDecompressStructureSizes(int);installer.BZip2Constants;1;0;3;0.9516;587;29;44;0;1;0.9286;0;0;11
org.gjt.sp.jedit.options.EditingOptionPane._init();org.gjt.sp.jedit.Mode;1;1;18;0.3214;119;5;19;0;1;0.9730;89;9;5
macos.Delegate.BufferMenu.updateMenu();org.gjt.sp.jedit.jEdit;2;0;0;1.0000;21;1;0;2;0;1.0000;1709;108;29
bsh.BSHTryStatement.eval(CallStack, Interpreter);bsh.Primitive;3;0;0;1.0000;68;1;0;0;1;1.0000;506;35;5
org.gjt.sp.jedit.textarea.SelectionManager.getSelectedLines();org.gjt.sp.jedit.textarea.JEditTextArea;0;0;0;0;0;0;0;0;0;0;0;0;0
org.gjt.sp.jedit.search.SearchAndReplace.find(View);org.gjt.sp.jedit.textarea.Selection;4;4;4;1.0000;537;32;11;0;2;0.9286;43;9;4
org.gjt.sp.jedit.View.ScrollHandler.scrolledVertically(JEditTextArea);org.gjt.sp.jedit.View;1;0;0;1.0000;5;2;0;1;1;0.9688;679;41;39
QuickNotepad.addNotify();org.gjt.sp.jedit.EditBus;0;0;0;1.0000;100;9;6;1;0;1.0000;44;4;2
org.gjt.sp.jedit.gui.OptionsDialog.addOptionGroup(OptionGroup);org.gjt.sp.jedit.OptionGroup;0;1;0;0.9615;231;15;9;1;0;0.9333;69;8;4
installer.CBZip2InputStream.setupNoRandPartC();installer.CRC;0;1;9;0.8548;587;29;44;1;0;0.9286;16;3;2
org.gjt.sp.jedit.pluginmgr.Roster.Install.runInAWTThread(Component);org.gjt.sp.jedit.pluginmgr.Roster;2;1;3;0.6667;112;5;5;0;1;0.9375;65;9;3
org.gjt.sp.jedit.gui.MarkerViewer.Renderer.getListCellRendererComponent(JList, Object, int, boolean, boolean);org.gjt.sp.jedit.gui.MarkerViewer;0;0;0;0;0;0;0;0;0;0;0;0;0
org.gjt.sp.jedit.io.FileVFS._saveComplete(Object, Buffer, String, Component);org.gjt.sp.jedit.buffer.JEditBuffer;0;0;0;0;0;0;0;0;0;0;0;0;0
org.gjt.sp.jedit.gui.CompleteWord.dispose();org.gjt.sp.jedit.View;1;0;1;0.8889;182;8;6;0;1;0.9844;679;41;39
org.gjt.sp.jedit.browser.VFSDirectoryEntryTable.ColumnHandler.columnMarginChanged(ChangeEvent);org.gjt.sp.jedit.browser.VFSDirectoryEntryTable;0;0;0;0;0;0;0;0;0;0;0;0;0
bsh.Parser.PreIncrementExpression();bsh.Token;4;4;1;0.9864;5894;347;13;0;1;0.9444;9;1;8
org.gjt.sp.jedit.options.ShortcutsOptionPane.ShortcutsModel.getColumnName(int);org.gjt.sp.jedit.jEdit;0;0;0;1.0000;59;8;2;1;0;1.0000;1709;108;29
org.gjt.sp.jedit.pluginmgr.PluginList.Dependency.canSatisfy();org.gjt.sp.jedit.pluginmgr.PluginList.Plugin;0;1;2;0.7000;53;4;5;1;0;0.9286;50;6;5
org.gjt.sp.jedit.browser.BrowserView.TableMouseHandler.mousePressed(MouseEvent);org.gjt.sp.jedit.browser.VFSDirectoryEntryTable;2;0;0;1.0000;58;3;0;1;0;0.9545;240;13;4
org.gjt.sp.jedit.textarea.TextAreaPainter.getToolTipText(MouseEvent);org.gjt.sp.jedit.textarea.ExtensionManager;1;0;2;0.9649;269;31;36;1;0;0.9091;75;6;1
org.gjt.sp.jedit.buffer.LineManager._contentInserted(IntegerArray);org.gjt.sp.util.IntegerArray;1;0;9;0.6800;171;15;12;0;2;0.8667;29;3;2
bsh.BSHForStatement.eval(CallStack, Interpreter);bsh.BSHIfStatement;3;0;7;0.6111;42;1;8;1;0;1.0000;19;2;0
org.gjt.sp.jedit.gui.DockableWindowManager.init();org.gjt.sp.jedit.gui.DockableWindowFactory;0;0;0;0;0;0;0;0;0;0;0;0;0
org.gjt.sp.jedit.gui.IOProgressMonitor.ThreadProgress.ActionHandler.actionPerformed(ActionEvent);org.gjt.sp.jedit.GUIUtilities;2;0;0;1.0000;8;1;0;1;0;1.0000;486;55;9
org.gjt.sp.jedit.browser.VFSDirectoryEntryTable.processKeyEvent(KeyEvent);org.gjt.sp.jedit.Buffer;6;3;3;0.8065;240;13;4;0;1;0.9945;1798;136;53
org.gjt.sp.jedit.Registers.saveRegisters();org.gjt.sp.util.Log;2;1;3;1.0000;231;16;5;1;3;1.0000;142;9;16
org.gjt.sp.jedit.io.VFSFile.findCompletion(String, String, VFSBrowser, boolean);org.gjt.sp.jedit.MiscUtilities;0;0;0;0;0;0;0;0;0;0;0;0;0
org.gjt.sp.jedit.MiscUtilities.StringCompare.compare(Object, Object);org.gjt.sp.jedit.MiscUtilities;0;0;0;1.0000;3;1;0;1;0;1.0000;629;50;3
org.objectweb.asm.ClassWriter.newMethod(String, String, String);org.objectweb.asm.Item;1;5;3;0.8372;305;21;49;1;1;0.9231;76;6;11
org.objectweb.asm.CodeWriter.visitLdcInsn(Object);org.objectweb.asm.Item;3;0;5;0.9074;919;30;27;0;2;0.9286;76;6;11
org.gjt.sp.jedit.buffer.BufferInsertRequest.run();org.gjt.sp.jedit.buffer.JEditBuffer;0;0;0;0;0;0;0;0;0;0;0;0;0
org.gjt.sp.jedit.gui.PanelWindowContainer.MenuMouseHandler.mousePressed(MouseEvent);org.gjt.sp.jedit.gui.DockableWindowManager;1;0;0;1.0000;31;1;0;1;0;0.9730;447;27;16
org.gjt.sp.jedit.gui.PanelWindowContainer.save();org.gjt.sp.jedit.gui.DockableWindowManager.Entry;2;0;3;0.8929;163;12;15;0;1;0.9167;8;0;6
bsh.XThis.Handler.invoke(Object, Method, Object[]);bsh.XThis;1;1;0;0.6667;40;2;0;1;0;0.8750;22;3;2
org.gjt.sp.jedit.EditPane.saveCaretInfo();org.gjt.sp.jedit.buffer.JEditBuffer;0;0;0;0;0;0;0;0;0;0;0;0;0
org.gjt.sp.jedit.GUIUtilities.loadStyles(String, int, boolean);org.gjt.sp.jedit.jEdit;2;1;0;1.0000;486;55;9;1;0;1.0000;1709;108;29
org.gjt.sp.jedit.textarea.JEditTextArea.deleteWord(boolean);org.gjt.sp.jedit.buffer.JEditBuffer;0;0;0;0;0;0;0;0;0;0;0;0;0
org.gjt.sp.jedit.PluginJAR.init();org.gjt.sp.jedit.JARClassLoader;1;5;2;0.8438;557;18;15;1;0;0.9474;143;11;6
org.gjt.sp.jedit.search.SearchBar.DocumentHandler.removeUpdate(DocumentEvent);org.gjt.sp.jedit.textarea.Selection;3;0;0;1.0000;30;3;0;0;1;0.9583;43;9;4
org.gjt.sp.jedit.textarea.JEditTextArea.smartEnd(boolean);org.gjt.sp.jedit.View;2;3;1;0.9847;2774;208;61;0;2;0.9710;679;41;39
gnu.regexp.RETokenRange.match(CharIndexed, REMatch);gnu.regexp.CharIndexed;2;0;3;0.7000;21;3;3;1;1;0.7778;3;3;1
org.gjt.sp.jedit.menu.DirectoryProvider.update(JMenu);org.gjt.sp.jedit.View;2;0;1;0.8000;69;2;1;1;0;0.9848;679;41;39
org.gjt.sp.jedit.textarea.JEditTextArea.resizeSelection(int, int, int, boolean);org.gjt.sp.jedit.textarea.Selection;2;4;1;0.9809;2774;208;61;0;2;0.9130;43;9;4
org.gjt.sp.jedit.browser.VFSDirectoryEntryTable.getSelectedFiles();org.gjt.sp.jedit.browser.VFSDirectoryEntryTableModel;2;0;0;1.0000;240;13;4;0;1;0.9333;103;11;2
org.gjt.sp.jedit.menu.MarkersProvider.update(JMenu);org.gjt.sp.jedit.Buffer;3;0;0;1.0000;33;2;0;0;1;0.9940;1798;136;53
bsh.BSHSwitchStatement.primitiveEquals(Object, Object, CallStack, SimpleNode);bsh.UtilEvalError;1;0;0;1.0000;49;2;0;1;0;0.8333;14;2;0
org.gjt.sp.jedit.browser.VFSDirectoryEntryTable.toggleExpanded(int);org.gjt.sp.jedit.io.VFSFile;0;0;0;0;0;0;0;0;0;0;0;0;0
org.gjt.sp.jedit.browser.VFSBrowser.filesSelected();org.gjt.sp.jedit.jEdit;2;0;5;0.9286;542;33;34;1;0;1.0000;1709;108;29
org.gjt.sp.jedit.EditAction.Wrapper.actionPerformed(ActionEvent);org.gjt.sp.util.Log;1;0;2;0.6000;11;1;2;1;1;1.0000;142;9;16
org.gjt.sp.jedit.View.CaretHandler.caretUpdate(CaretEvent);org.gjt.sp.jedit.gui.StatusBar;1;0;0;1.0000;3;1;0;1;0;0.9744;261;11;26
org.gjt.sp.jedit.jEdit.main(String[]);org.gjt.sp.jedit.OperatingSystem;5;17;8;1.0000;1709;108;29;1;1;1.0000;122;13;11
org.gjt.sp.jedit.buffer.JEditBuffer.loadText(Segment, IntegerArray);org.gjt.sp.jedit.buffer.LineManager;0;0;0;0;0;0;0;0;0;0;0;0;0
org.gjt.sp.jedit.Buffer.toggleWordWrap(View);org.gjt.sp.jedit.gui.StatusBar;1;3;0;0.9817;1798;136;53;1;0;0.9756;261;11;26
org.gjt.sp.jedit.gui.PanelWindowContainer.ButtonLayout.layoutContainer(Container);org.gjt.sp.jedit.gui.DockableWindowManager;2;0;0;1.0000;128;6;0;0;2;1.0000;447;27;16
org.gjt.sp.jedit.gui.PanelWindowContainer.ButtonLayout.preferredLayoutSize(Container);org.gjt.sp.jedit.gui.DockableWindowManager;2;0;0;1.0000;128;6;0;0;2;1.0000;447;27;16
org.gjt.sp.jedit.Mode.init();org.gjt.sp.util.Log;2;1;4;0.6429;89;9;5;1;1;1.0000;142;9;16
installer.CBZip2InputStream.endBlock();installer.CRC;0;1;4;0.9355;587;29;44;1;0;0.8889;16;3;2
org.gjt.sp.jedit.PluginJAR.init();org.gjt.sp.util.Log;1;5;2;0.8438;557;18;15;1;1;1.0000;142;9;16
gnu.regexp.REMatchEnumeration.hasMoreMatches(StringBuffer);gnu.regexp.RE;1;0;9;0.6000;35;5;9;1;0;0.9804;615;37;13
org.gjt.sp.jedit.help.HelpViewer.ActionHandler.actionPerformed(ActionEvent);org.gjt.sp.jedit.help.HelpHistoryModel;0;0;0;0;0;0;0;0;0;0;0;0;0
org.gjt.sp.jedit.View.FocusHandler.focusGained(FocusEvent);org.gjt.sp.jedit.View;1;0;0;1.0000;9;1;0;2;1;0.9524;679;41;39
org.gjt.sp.jedit.pluginmgr.Roster.Remove.runInAWTThread(Component);org.gjt.sp.jedit.pluginmgr.Roster;3;2;1;0.5000;49;4;1;0;1;0.9333;65;9;3
org.gjt.sp.jedit.EditBus.send(EBMessage);org.gjt.sp.jedit.Debug;2;1;0;1.0000;44;4;2;0;1;1.0000;0;0;22
org.gjt.sp.jedit.gui.RolloverButton.updateUI();org.gjt.sp.jedit.OperatingSystem;0;0;0;0;0;0;0;0;0;0;0;0;0
org.gjt.sp.jedit.jEdit.resetProperty(String);org.gjt.sp.jedit.PropertyManager;0;0;1;1.0000;1709;108;29;1;0;0.9474;79;15;4
org.gjt.sp.jedit.textarea.StructureMatcher.BracketMatcher.getMatch(JEditTextArea);org.gjt.sp.jedit.TextUtilities;1;0;0;1.0000;14;2;0;1;0;1.0000;343;14;8
bsh.Name.invokeMethod(Interpreter, Object[], CallStack, SimpleNode);bsh.ClassIdentifier;3;7;2;0.8333;341;17;9;0;1;0.9091;9;1;1
bsh.Parser.FormalParameter();bsh.JJTParserState;4;6;2;0.9783;5894;347;13;4;0;0.8571;74;10;5
bsh.BSHMethodInvocation.eval(CallStack, Interpreter);bsh.UtilEvalError;4;2;0;0.8333;33;3;0;1;0;0.9286;14;2;0
org.gjt.sp.jedit.gui.PasteFromListDialog.ok();org.gjt.sp.jedit.View;0;1;2;0.7500;76;5;5;1;0;0.9851;679;41;39
org.gjt.sp.jedit.PluginJAR.loadCache(PluginCacheEntry);org.gjt.sp.jedit.jEdit;2;2;8;0.7959;557;18;15;6;0;1.0000;1709;108;29
org.gjt.sp.jedit.gui.FontSelectorDialog.createTextFieldAndListPanel(String, JTextField, JList);org.gjt.sp.jedit.jEdit;0;0;0;1.0000;156;7;12;1;0;1.0000;1709;108;29
org.objectweb.asm.CodeWriter.init(int, String, String, String[]);org.objectweb.asm.ClassWriter;2;1;8;0.8462;919;30;27;2;0;0.9615;305;21;49
org.gjt.sp.jedit.textarea.Selection.Rect.getEndColumn(JEditBuffer);org.gjt.sp.jedit.buffer.JEditBuffer;0;0;0;0;0;0;0;0;0;0;0;0;0
bsh.BSHType.getTypeDescriptor(CallStack, Interpreter, String);bsh.Name;2;2;2;0.7857;82;6;4;1;0;1.0000;341;17;9
org.gjt.sp.jedit.browser.BrowserView.ParentMouseHandler.mouseReleased(MouseEvent);org.gjt.sp.jedit.browser.BrowserView;3;0;0;1.0000;33;2;0;1;2;0.8696;139;12;7
installer.TarInputStream.getNextEntry();installer.TarBuffer;1;1;8;0.7097;159;13;9;3;1;0.8947;162;11;11
org.gjt.sp.jedit.options.AbbrevsModel.AbbrevCompare.compare(Object, Object);org.gjt.sp.jedit.MiscUtilities;1;0;1;0.6667;17;1;1;1;0;1.0000;629;50;3
org.gjt.sp.jedit.help.HelpViewer.dispose();org.gjt.sp.jedit.GUIUtilities;0;0;1;0.9412;143;4;11;1;0;1.0000;486;55;9
gnu.regexp.RETokenChar.match(CharIndexed, REMatch);gnu.regexp.CharIndexed;1;0;2;0.7778;35;4;2;1;0;0.8750;3;3;1
org.objectweb.asm.ClassWriter.newDouble(double);org.objectweb.asm.ByteVector;0;2;4;0.8864;305;21;49;2;0;0.8947;139;9;2
org.gjt.sp.jedit.textarea.TextAreaTransferHandler.DraggedURLLoader.run();org.gjt.sp.jedit.jEdit;0;0;0;0;0;0;0;0;0;0;0;0;0
org.gjt.sp.jedit.jEdit.getActionSets();org.gjt.sp.jedit.ActionContext;0;0;1;1.0000;1709;108;29;1;0;0.9000;41;7;3
org.gjt.sp.jedit.View.handleBufferUpdate(BufferUpdate);org.gjt.sp.jedit.msg.BufferUpdate;2;2;0;0.9692;679;41;39;1;3;0.7500;18;2;12
org.gjt.sp.jedit.Buffer.reload(View);org.gjt.sp.jedit.GUIUtilities;1;2;2;0.9817;1798;136;53;1;0;1.0000;486;55;9
org.gjt.sp.jedit.browser.VFSBrowser.createPluginsMenu(JComponent, boolean);org.gjt.sp.jedit.io.VFS;0;0;0;0;0;0;0;0;0;0;0;0;0
bsh.NameSpace.get(String, Interpreter);bsh.Name;0;1;0;0.9884;491;64;21;1;0;0.9500;341;17;9
org.gjt.sp.jedit.jEdit.initPLAF();org.gjt.sp.jedit.OperatingSystem;3;5;1;1.0000;1709;108;29;1;1;1.0000;122;13;11
bsh.ClassGeneratorUtil.getConstructorArgs(String, This, Object[], int);bsh.DelayedEvalBshMethod;3;0;2;1.0000;457;21;19;1;0;0.9583;32;2;6
org.gjt.sp.jedit.menu.RecentFilesProvider.update(JMenu);org.gjt.sp.jedit.MiscUtilities;3;0;0;1.0000;61;2;0;2;0;1.0000;629;50;3
org.gjt.sp.jedit.gui.PanelWindowContainer.show(DockableWindowManager.Entry);org.gjt.sp.jedit.View;3;0;6;0.8235;163;12;15;1;0;0.9868;679;41;39
org.gjt.sp.jedit.search.SearchBar.update();org.gjt.sp.jedit.search.SearchAndReplace;1;0;3;0.8125;130;6;10;0;2;1.0000;537;32;11
org.gjt.sp.jedit.textarea.JEditTextArea.getFirstLine();org.gjt.sp.jedit.textarea.FirstLine;0;0;0;0;0;0;0;0;0;0;0;0;0
org.gjt.sp.jedit.jEdit.openFile(View, String, String, boolean, Hashtable);org.gjt.sp.jedit.PerspectiveManager;3;2;2;1.0000;1709;108;29;1;0;1.0000;135;3;1
bsh.ClassGeneratorUtil.initInstance(Object, String, Object[]);bsh.TargetError;3;3;2;1.0000;457;21;19;1;0;0.9565;47;7;2
bsh.Parser.Literal();bsh.Token;5;8;2;0.9735;5894;347;13;0;1;0.9706;9;1;8
org.gjt.sp.jedit.search.SearchAndReplace.escapeRegexp(String, boolean);org.gjt.sp.jedit.MiscUtilities;0;0;0;0;0;0;0;0;0;0;0;0;0
org.gjt.sp.jedit.browser.BrowserCommandsMenu.update();org.gjt.sp.jedit.browser.VFSBrowser;1;0;3;0.6250;122;3;4;0;1;0.9825;542;33;34
org.gjt.sp.jedit.menu.EnhancedCheckBoxMenuItem.MouseHandler.mouseEntered(MouseEvent);org.gjt.sp.jedit.gui.StatusBar;2;0;1;0.8333;19;3;1;1;0;0.9750;261;11;26
org.gjt.sp.jedit.textarea.JEditTextArea.scrollTo(int, int, boolean);org.gjt.sp.jedit.buffer.JEditBuffer;0;0;0;0;0;0;0;0;0;0;0;0;0
bsh.ClassGeneratorImpl.generateClassImpl(String, Modifiers, Class[], Class, BSHBlock, boolean, CallStack, Interpreter);bsh.LHS;3;2;0;1.0000;109;7;0;1;0;0.9697;105;3;13
org.gjt.sp.jedit.Macros.BeanShellHandler.runMacro(View, Macro, boolean);org.gjt.sp.jedit.BeanShell;1;0;0;1.0000;13;3;0;1;0;1.0000;279;22;6
bsh.ClassGeneratorUtil.generateParameterReifierCode(String[], boolean, CodeVisitor);org.objectweb.asm.Constants;1;1;0;1.0000;457;21;19;0;8;0.9565;0;0;179
org.objectweb.asm.CodeWriter.getCode();org.objectweb.asm.ByteVector;1;0;1;0.9796;919;30;27;0;1;0.9286;139;9;2
bsh.Parser.jj_3R_69();bsh.ParserConstants;1;2;1;0.9917;5894;347;13;0;2;0.9851;0;0;131
org.gjt.sp.jedit.options.ToolBarEditDialog.ActionHandler.actionPerformed(ActionEvent);org.gjt.sp.jedit.browser.VFSBrowser;3;0;0;1.0000;22;1;0;0;1;1.0000;542;33;34
bsh.Parser.ImportDeclaration();bsh.JJTParserState;3;6;2;0.9786;5894;347;13;4;0;0.8788;74;10;5
org.objectweb.asm.ClassWriter.newString(String);org.objectweb.asm.Item;1;3;4;0.8636;305;21;49;1;1;0.9231;76;6;11
bsh.Parser.EnhancedForStatement();bsh.BSHEnhancedForStatement;4;8;2;0.9732;5894;347;13;0;1;0.9583;56;1;1
org.gjt.sp.jedit.textarea.FirstLine.changed();org.gjt.sp.jedit.textarea.DisplayManager;0;0;0;0;0;0;0;0;0;0;0;0;0
org.gjt.sp.jedit.search.HyperSearchResults.addNotify();org.gjt.sp.jedit.EditBus;0;1;1;0.8889;146;10;9;1;0;1.0000;44;4;2
org.gjt.sp.jedit.gui.GrabKeyDialog.InputPane.processKeyEvent(KeyEvent);org.gjt.sp.jedit.gui.GrabKeyDialog;2;0;0;1.0000;28;2;0;3;1;0.8800;144;9;10
org.gjt.sp.jedit.gui.ErrorListDialog.ActionHandler.actionPerformed(ActionEvent);org.gjt.sp.jedit.pluginmgr.PluginManager;1;0;0;1.0000;6;1;0;1;0;1.0000;133;6;11
com.loomcom.ant.tasks.jarbundler.JarBundler.setDevelopmentregion(String);com.loomcom.ant.tasks.jarbundler.AppBundleProperties;0;0;0;0;0;0;0;0;0;0;0;0;0
org.gjt.sp.jedit.textarea.JEditTextArea.fireScrollEvent(boolean);org.gjt.sp.util.Log;1;0;1;0.9962;2774;208;61;1;1;1.0000;142;9;16
bsh.BSHMethodDeclaration.eval(CallStack, Interpreter);bsh.Primitive;1;2;3;0.7222;57;7;8;0;1;1.0000;506;35;5
bsh.Parser.ExclusiveOrExpression();bsh.JJTParserState;4;5;2;0.9809;5894;347;13;2;0;0.9259;74;10;5
org.gjt.sp.jedit.textarea.JEditTextArea.xToScreenLineOffset(int, int, boolean);org.gjt.sp.jedit.textarea.ChunkCache.LineInfo;1;2;3;0.9811;2774;208;61;0;4;0.7333;0;0;8
org.gjt.sp.jedit.search.SearchDialog.setSearchString(String, int);org.gjt.sp.jedit.gui.HistoryTextField;2;1;13;0.7500;431;17;30;1;0;0.9730;211;12;7
org.gjt.sp.jedit.menu.EnhancedCheckBoxMenuItem.Model.isSelected();org.gjt.sp.jedit.menu.EnhancedCheckBoxMenuItem;2;0;0;1.0000;17;2;0;0;2;0.7778;49;3;3
org.gjt.sp.jedit.pluginmgr.PluginList.Plugin.getInstalledVersion();org.gjt.sp.jedit.PluginJAR;1;0;1;0.9231;50;6;5;0;2;0.9412;557;18;15
org.gjt.sp.jedit.Buffer.autosave();org.gjt.sp.jedit.io.VFSManager;2;2;5;0.9815;1798;136;53;1;1;1.0000;129;15;11
org.gjt.sp.jedit.textarea.JEditTextArea.goToStartOfWhiteSpace(boolean);org.gjt.sp.jedit.textarea.Selection;1;7;5;0.9542;2774;208;61;0;2;0.9333;43;9;4
org.gjt.sp.jedit.PluginJAR.activatePlugin();org.gjt.sp.jedit.EditPlugin;3;3;4;0.7941;557;18;15;1;1;0.8750;42;7;1
org.gjt.sp.jedit.gui.HistoryModel.loadHistory();org.gjt.sp.jedit.MiscUtilities;2;0;5;0.7500;131;9;8;2;0;1.0000;629;50;3
org.gjt.sp.jedit.textarea.TextAreaTransferHandler.createTransferable(JComponent);org.gjt.sp.jedit.textarea.JEditTextArea;0;0;0;0;0;0;0;0;0;0;0;0;0
bsh.ClassGeneratorImpl.generateClassImpl(String, Modifiers, Class[], Class, BSHBlock, boolean, CallStack, Interpreter);bsh.BSHBlock;3;2;0;1.0000;109;7;0;1;0;0.9524;48;3;1
org.gjt.sp.jedit.BeanShell.init();bsh.NameSpace;2;1;4;1.0000;279;22;6;1;0;0.9885;491;64;21
org.gjt.sp.jedit.jEdit.newView(View, Buffer, View.ViewConfig);org.gjt.sp.jedit.View;4;3;2;1.0000;1709;108;29;3;2;0.9333;679;41;39
org.gjt.sp.jedit.search.SearchDialog.createButtonsPanel();org.gjt.sp.jedit.jEdit;0;0;4;0.9000;431;17;30;1;0;1.0000;1709;108;29
gnu.regexp.REFilterReader.read();gnu.regexp.REMatch;3;0;6;0.7143;46;4;6;2;3;0.8485;95;12;8
org.gjt.sp.jedit.Buffer.save(View, String, boolean);org.gjt.sp.jedit.buffer.BufferIORequest;2;6;6;0.9387;1798;136;53;0;1;1.0000;509;11;25
org.gjt.sp.jedit.search.HyperSearchResult.goTo(EditPane);org.gjt.sp.jedit.io.VFSManager;0;0;0;0;0;0;0;0;0;0;0;0;0
bsh.ClassGeneratorImpl.generateClassImpl(String, Modifiers, Class[], Class, BSHBlock, boolean, CallStack, Interpreter);bsh.CallStack;3;2;0;1.0000;109;7;0;3;0;0.8929;52;11;1
org.gjt.sp.jedit.jEdit.closeView(View, boolean);org.gjt.sp.jedit.View;1;2;3;1.0000;1709;108;29;1;0;0.9841;679;41;39
org.gjt.sp.jedit.jEdit.reloadAllBuffers(View, boolean);org.gjt.sp.jedit.buffer.JEditBuffer;0;0;0;0;0;0;0;0;0;0;0;0;0
org.gjt.sp.jedit.textarea.JEditTextArea.getSelectedText(String);org.gjt.sp.jedit.textarea.SelectionManager;0;0;0;0;0;0;0;0;0;0;0;0;0
bsh.Parser.jj_3_20();bsh.ParserConstants;1;1;0;0.9972;5894;347;13;0;2;0.9848;0;0;131
bsh.Parser.jj_3R_201();bsh.ParserConstants;1;2;0;0.9945;5894;347;13;0;2;0.9850;0;0;131
org.gjt.sp.jedit.gui.InputHandler.invokeAction(EditAction);org.gjt.sp.jedit.gui.StatusBar;2;0;6;0.8529;133;14;6;1;0;0.9821;261;11;26
bsh.BSHArguments.getArguments(CallStack, Interpreter);bsh.Primitive;1;0;0;1.0000;11;1;0;0;1;1.0000;506;35;5
org.gjt.sp.jedit.pluginmgr.ManagePanel.PluginTableModel.transitiveClosure(String[], List);org.gjt.sp.jedit.PluginJAR;0;1;0;1.0000;153;15;2;1;0;0.9688;557;18;15
org.gjt.sp.jedit.pluginmgr.InstallPanel.SizeLabel.tableChanged(TableModelEvent);org.gjt.sp.jedit.pluginmgr.InstallPanel.Entry;3;0;1;0.8889;17;1;1;0;2;0.8889;23;1;10
bsh.Interpreter.get_jjtree();bsh.Parser;1;0;1;0.9808;490;39;19;0;1;0.9972;5894;347;13
org.gjt.sp.jedit.io.UrlVFS._createInputStream(Object, String, boolean, Component);org.gjt.sp.util.Log;1;0;0;1.0000;29;3;0;1;1;1.0000;142;9;16
org.gjt.sp.jedit.gui.BufferOptions.ActionHandler.actionPerformed(ActionEvent);org.gjt.sp.jedit.Mode;1;0;0;1.0000;28;1;0;2;0;0.9231;89;9;5
org.gjt.sp.jedit.gui.DockableWindowFactory.Window.FloatAction.invoke(View);org.gjt.sp.jedit.gui.DockableWindowManager;0;0;0;0;0;0;0;0;0;0;0;0;0
org.gjt.sp.jedit.browser.VFSBrowser.BrowserActionContext.getSelectedFiles(EventObject, VFSBrowser);org.gjt.sp.jedit.browser.BrowserView;2;0;0;1.0000;36;2;0;0;1;0.9545;139;12;7
org.gjt.sp.jedit.gui.DockableWindowManager.floatDockableWindow(String);org.gjt.sp.util.Log;2;0;4;0.9167;447;27;16;1;1;1.0000;142;9;16
org.gjt.sp.jedit.textarea.DisplayManager.init();org.gjt.sp.jedit.textarea.BufferHandler;0;3;5;0.8140;513;30;16;0;0;1.0000;165;9;7
bsh.BSHAmbiguousName.getName(NameSpace);bsh.NameSpace;0;0;1;0.8889;42;7;1;1;0;0.9885;491;64;21
org.gjt.sp.jedit.gui.DockablePanel.ResizeMouseHandler.mouseDragged(MouseEvent);org.gjt.sp.jedit.gui.DockableWindowManager;0;0;0;0;0;0;0;0;0;0;0;0;0
org.gjt.sp.jedit.gui.DefaultInputHandler.handleKey(KeyEventTranslator.Key);org.gjt.sp.jedit.gui.StatusBar;2;1;2;0.8750;212;12;3;1;0;0.9804;261;11;26
org.gjt.sp.jedit.syntax.DisplayTokenHandler.canMerge(Chunk, Chunk, Segment);org.gjt.sp.jedit.syntax.Token;2;0;1;1.0000;86;6;11;0;2;0.7778;21;3;27
bsh.BSHAllocationExpression.constructWithClassBody(Class, Object[], BSHBlock, CallStack, Interpreter);bsh.CallStack;2;0;1;1.0000;119;9;1;1;0;0.9444;52;11;1
org.gjt.sp.jedit.textarea.DisplayManager.bufferLoaded();org.gjt.sp.jedit.buffer.JEditBuffer;0;0;0;0;0;0;0;0;0;0;0;0;0
org.gjt.sp.jedit.View.showWaitCursor();org.gjt.sp.jedit.EditPane;2;1;1;0.9688;679;41;39;0;1;0.9600;273;15;7
org.gjt.sp.jedit.gui.InputHandler.invokeAction(EditAction);org.gjt.sp.jedit.View;2;0;6;0.8529;133;14;6;1;2;0.9625;679;41;39
bsh.Primitive.longBinaryOperation(Long, Long, int);bsh.ParserConstants;1;0;0;1.0000;506;35;5;0;26;0.8015;0;0;131
org.gjt.sp.jedit.textarea.JEditTextArea.userInputTab();org.gjt.sp.jedit.buffer.JEditBuffer;0;0;0;0;0;0;0;0;0;0;0;0;0
org.objectweb.asm.CodeWriter.addSuccessor(int, Label);org.objectweb.asm.Label;2;0;5;0.9434;919;30;27;0;1;0.9524;84;3;10
org.gjt.sp.jedit.menu.DirectoryProvider.update(JMenu);org.gjt.sp.jedit.jEdit;2;0;1;0.8000;69;2;1;2;0;1.0000;1709;108;29
org.objectweb.asm.CodeWriter.visitTryCatchBlock(Label, Label, Label, String);org.objectweb.asm.Item;2;0;6;0.9123;919;30;27;0;1;0.9688;76;6;11
org.gjt.sp.jedit.search.SearchAndReplace.replace(View);org.gjt.sp.jedit.buffer.JEditBuffer;0;0;0;0;0;0;0;0;0;0;0;0;0
org.gjt.sp.jedit.search.SearchAndReplace.find(View);org.gjt.sp.jedit.GUIUtilities;4;4;4;1.0000;537;32;11;2;0;1.0000;486;55;9
org.gjt.sp.jedit.textarea.JEditTextArea.invalidateLineRange(int, int);org.gjt.sp.jedit.textarea.ChunkCache.LineInfo;1;2;4;0.9772;2774;208;61;0;2;0.8824;0;0;8
org.gjt.sp.jedit.PluginJAR.checkDependencies();org.gjt.sp.jedit.jEdit;2;1;5;0.8235;557;18;15;6;0;1.0000;1709;108;29
bsh.Parser.VariableDeclarator();bsh.ParserConstants;4;5;2;0.9811;5894;347;13;0;2;0.9862;0;0;131
org.gjt.sp.jedit.View.propertiesChanged();org.gjt.sp.jedit.gui.StatusBar;1;4;8;0.8413;679;41;39;1;0;0.9787;261;11;26
org.gjt.sp.jedit.textarea.ChunkCache.lineToChunkList(int, List);org.gjt.sp.jedit.textarea.JEditTextArea;3;0;3;0.9286;333;25;9;0;2;0.9925;2774;208;61
org.gjt.sp.jedit.gui.DockablePanel.ResizeMouseHandler.getAppropriateCursor();org.gjt.sp.jedit.gui.DockableWindowManager;0;0;0;0;0;0;0;0;0;0;0;0;0
org.gjt.sp.jedit.help.HelpSearchPanel.ActionHandler.actionPerformed(ActionEvent);org.gjt.sp.jedit.help.HelpSearchPanel;1;0;0;1.0000;55;1;0;1;2;0.5000;29;1;4
org.gjt.sp.jedit.EditAction.getView(Component);org.gjt.sp.jedit.GUIUtilities;0;0;0;1.0000;36;10;1;1;0;1.0000;486;55;9
installer.TarInputStream.getRecordSize();installer.TarBuffer;1;0;1;0.9600;159;13;9;0;1;0.9630;162;11;11
org.gjt.sp.jedit.textarea.JEditTextArea.tabsToSpaces();org.gjt.sp.jedit.buffer.JEditBuffer;0;0;0;0;0;0;0;0;0;0;0;0;0
bsh.Parser.jj_scan_token(int);bsh.ParserTokenManager;1;0;5;0.9863;5894;347;13;1;0;0.9844;1699;47;25
org.gjt.sp.jedit.jEdit.main(String[]);org.gjt.sp.jedit.ActionSet;5;17;8;1.0000;1709;108;29;1;0;0.9615;155;14;7
bsh.Types.castObject(Class, Class, Object, int, boolean);bsh.Capabilities;1;1;2;1.0000;98;10;4;1;0;1.0000;24;4;2
bsh.Parser.jj_3R_154();bsh.ParserConstants;1;1;0;0.9972;5894;347;13;0;1;0.9924;0;0;131
org.gjt.sp.jedit.textarea.FirstLine.reset();org.gjt.sp.util.Log;0;0;0;0;0;0;0;0;0;0;0;0;0
org.gjt.sp.jedit.View.quickIncrementalSearch(boolean);org.gjt.sp.jedit.gui.HistoryTextField;1;2;3;0.9552;679;41;39;1;0;0.9667;211;12;7
macos.menu.MacOSMenu.update(JMenu);org.gjt.sp.jedit.View;1;0;0;1.0000;20;2;0;1;0;0.9844;679;41;39
bsh.Parser.InstanceOfExpression();bsh.BSHBinaryExpression;4;6;2;0.9782;5894;347;13;0;1;0.9444;55;3;1
org.gjt.sp.jedit.options.ContextOptionPane._save();org.gjt.sp.jedit.jEdit;0;0;1;0.9000;66;3;6;1;0;1.0000;1709;108;29
org.gjt.sp.jedit.PluginJAR.startPlugin();org.gjt.sp.jedit.EditBus;3;1;2;0.9211;557;18;15;1;0;1.0000;44;4;2
bsh.BSHEnhancedForStatement.eval(CallStack, Interpreter);bsh.UtilEvalError;3;0;1;0.9474;56;1;1;1;0;0.9524;14;2;0
gnu.regexp.RETokenEnd.match(CharIndexed, REMatch);gnu.regexp.REMatch;3;0;1;0.8750;24;2;1;0;2;0.9200;95;12;8
org.gjt.sp.jedit.options.StyleTableModel.save();org.gjt.sp.jedit.jEdit;0;0;1;0.9000;53;7;1;1;0;1.0000;1709;108;29
org.gjt.sp.jedit.BufferHistory.load();org.gjt.sp.jedit.jEdit;4;0;1;1.0000;189;9;3;0;1;1.0000;1709;108;29
org.gjt.sp.jedit.EditPane.goToMarker(char, boolean);org.gjt.sp.jedit.Buffer;0;0;0;0;0;0;0;0;0;0;0;0;0
bsh.Interpreter.error(Object);bsh.ConsoleInterface;0;0;2;0.9615;490;39;19;1;0;0.8750;6;6;0
org.gjt.sp.jedit.textarea.DisplayManager.updateScreenLineCount(int);org.gjt.sp.jedit.textarea.ScreenLineManager;0;0;0;0;0;0;0;0;0;0;0;0;0
org.gjt.sp.jedit.ActionSet.getCacheableActionNames();org.gjt.sp.jedit.EditAction;2;0;2;0.9565;155;14;7;0;1;0.9091;36;10;1
org.gjt.sp.jedit.pluginmgr.ManagePanel.PluginTableModel.update();org.gjt.sp.jedit.pluginmgr.ManagePanel;4;1;2;0.8500;153;15;2;0;1;0.9167;46;2;4
org.gjt.sp.jedit.browser.VFSBrowser.addNotify();org.gjt.sp.jedit.EditBus;0;0;0;1.0000;542;33;34;1;0;1.0000;44;4;2
bsh.BSHWhileStatement.eval(CallStack, Interpreter);bsh.ParserConstants;3;0;1;0.8889;35;1;1;0;3;0.9779;0;0;131
org.gjt.sp.jedit.search.SearchAndReplace.load();org.gjt.sp.jedit.jEdit;0;0;8;1.0000;537;32;11;2;0;1.0000;1709;108;29
org.gjt.sp.jedit.indent.OpenBracketIndentRule.getOpenBracketCount(JEditBuffer, int);org.gjt.sp.jedit.indent.BracketIndentRule.Brackets;0;0;0;0;0;0;0;0;0;0;0;0;0
bsh.Reflect.findAccessibleMethod(Class, String, Class[]);bsh.Capabilities;0;0;0;1.0000;422;31;0;1;0;1.0000;24;4;2
org.gjt.sp.jedit.gui.OptionsDialog.dispose();org.gjt.sp.jedit.jEdit;0;0;2;0.9200;231;15;9;1;0;1.0000;1709;108;29
gnu.regexp.RE.getAllMatchesImpl(CharIndexed, int, int);gnu.regexp.CharIndexed;1;1;0;0.9778;615;37;13;2;0;0.7143;3;3;1
bsh.Parser.MethodDeclaration();bsh.Modifiers;5;10;2;0.9687;5894;347;13;0;1;1.0000;45;7;4
bsh.JThis.imageUpdate(java.awt.Image, int, int, int, int, int);bsh.BshMethod;0;0;0;1.0000;294;85;0;1;0;0.9583;139;7;10
org.gjt.sp.jedit.help.HelpIndex.indexEditorHelp();org.gjt.sp.jedit.MiscUtilities;3;2;1;0.7692;154;9;3;1;0;1.0000;629;50;3
bsh.Parser.jj_3R_30();bsh.ParserConstants;1;1;0;0.9972;5894;347;13;0;2;0.9848;0;0;131
bsh.Parser.jj_3_18();bsh.ParserConstants;1;3;0;0.9917;5894;347;13;0;1;0.9925;0;0;131
bsh.commands.dir.invoke(Interpreter, CallStack, String);bsh.Interpreter;0;0;1;1.0000;56;3;1;2;0;0.9615;490;39;19
org.gjt.sp.jedit.textarea.FirstLine.physDown(int, int);org.gjt.sp.jedit.Debug;0;0;0;0;0;0;0;0;0;0;0;0;0
bsh.Interpreter.set(String, Object);bsh.Primitive;2;0;1;0.9821;490;39;19;0;1;1.0000;506;35;5
org.gjt.sp.jedit.gui.OptionsDialog.cancel();org.gjt.sp.jedit.jEdit;0;1;2;0.8846;231;15;9;1;0;1.0000;1709;108;29
org.gjt.sp.jedit.options.EditingOptionPane.ModeProperties.save();org.gjt.sp.jedit.Mode;1;0;14;0.3000;81;2;15;2;1;0.8966;89;9;5
macos.menu.ShowBufferMenu.ShowBufferMenuItem.ShowFileAction.actionPerformed(ActionEvent);macos.MacOSActions;1;0;0;1.0000;3;1;0;1;0;1.0000;8;2;0
org.gjt.sp.jedit.Buffer.setDirty(boolean);org.gjt.sp.jedit.EditBus;1;3;5;0.9693;1798;136;53;1;0;1.0000;44;4;2
org.gjt.sp.jedit.Buffer.getVFS();org.gjt.sp.jedit.io.VFSManager;0;0;1;0.9938;1798;136;53;1;0;1.0000;129;15;11
org.gjt.sp.jedit.buffer.JEditBuffer.getIdealIndentForLine(int);org.gjt.sp.jedit.indent.IndentRule;0;0;0;0;0;0;0;0;0;0;0;0;0
org.gjt.sp.jedit.Abbrevs.expandAbbrev(View, boolean);org.gjt.sp.jedit.View;5;2;1;1.0000;225;15;8;2;1;0.9583;679;41;39
LatestVersionPlugin.doVersionCheck(View, String, String);org.gjt.sp.jedit.GUIUtilities;0;0;0;1.0000;41;2;0;1;0;1.0000;486;55;9
org.gjt.sp.jedit.textarea.JEditTextArea.addTopComponent(Component);org.gjt.sp.jedit.textarea.ScrollLayout;0;0;0;0;0;0;0;0;0;0;0;0;0
org.gjt.sp.jedit.browser.VFSBrowser.delete(VFSFile[]);org.gjt.sp.jedit.browser.BrowserIORequest;0;0;0;0;0;0;0;0;0;0;0;0;0
bsh.Name.consumeNextObjectField(CallStack, Interpreter, boolean, boolean);bsh.Reflect;5;7;5;0.7600;341;17;9;2;0;1.0000;422;31;0
bsh.Parser.SynchronizedStatement();bsh.BSHBlock;3;5;1;0.9838;5894;347;13;0;1;0.9474;48;3;1
org.gjt.sp.jedit.options.AbbrevsOptionPane._init();org.gjt.sp.jedit.jEdit;2;1;8;0.3571;112;5;8;2;0;1.0000;1709;108;29
bsh.ClassGeneratorUtil.getClassInstanceThis(Object, String);bsh.Primitive;0;0;1;1.0000;457;21;19;1;0;1.0000;506;35;5
org.gjt.sp.jedit.gui.PanelWindowContainer.register(DockableWindowManager.Entry);org.gjt.sp.jedit.OperatingSystem;3;0;5;0.8333;163;12;15;1;0;1.0000;122;13;11
org.gjt.sp.jedit.pluginmgr.PluginList.Plugin.install(Roster, String, boolean);org.gjt.sp.jedit.MiscUtilities;1;2;0;0.8824;50;6;5;1;0;1.0000;629;50;3
org.gjt.sp.jedit.textarea.TextAreaPainter.setBounds(int, int, int, int);org.gjt.sp.jedit.textarea.FastRepaintManager;0;0;0;0;0;0;0;0;0;0;0;0;0
org.gjt.sp.jedit.textarea.TextAreaTransferHandler.createTransferable(JComponent);org.gjt.sp.util.Log;0;0;0;0;0;0;0;0;0;0;0;0;0
org.gjt.sp.jedit.textarea.JEditTextArea.doWordCount(View, String);org.gjt.sp.jedit.GUIUtilities;0;0;0;1.0000;2774;208;61;1;0;1.0000;486;55;9
org.gjt.sp.jedit.textarea.BufferHandler.delayUpdate(int, int);org.gjt.sp.jedit.textarea.JEditTextArea;2;0;4;0.7778;165;9;7;0;1;0.9962;2774;208;61
org.gjt.sp.jedit.syntax.XModeHandler.endElement(String);org.gjt.sp.jedit.syntax.Token;1;5;26;0.4038;346;15;32;1;1;1.0000;21;3;27
org.gjt.sp.jedit.textarea.JEditTextArea.getSelectionCount();org.gjt.sp.jedit.textarea.SelectionManager;0;0;0;0;0;0;0;0;0;0;0;0;0
org.gjt.sp.jedit.browser.VFSBrowser.BrowserActionContext.invokeAction(EventObject, EditAction);org.gjt.sp.util.Log;3;1;0;0.7500;36;2;0;1;1;1.0000;142;9;16
org.gjt.sp.jedit.jEdit.removePluginJAR(PluginJAR, boolean);org.gjt.sp.jedit.PluginJAR;1;2;1;1.0000;1709;108;29;1;0;0.9688;557;18;15
org.gjt.sp.jedit.textarea.JEditTextArea.lineComment();org.gjt.sp.jedit.buffer.JEditBuffer;0;0;0;0;0;0;0;0;0;0;0;0;0
org.gjt.sp.jedit.buffer.JEditBuffer.endCompoundEdit();org.gjt.sp.jedit.buffer.UndoManager;0;0;0;0;0;0;0;0;0;0;0;0;0
org.gjt.sp.jedit.io.VFS.load(View, Buffer, String);org.gjt.sp.jedit.Buffer;1;1;4;0.9063;191;26;17;2;0;0.9880;1798;136;53
installer.OperatingSystem.Unix.ScriptOSTask.perform(String, Vector);installer.Install;0;0;0;1.0000;29;2;0;1;0;0.9091;61;4;2
bsh.Parser.AdditiveExpression();bsh.Token;4;5;2;0.9810;5894;347;13;0;1;0.9524;9;1;8
org.gjt.sp.jedit.buffer.JEditBuffer.markTokens(int, TokenHandler);org.gjt.sp.jedit.Debug;0;0;0;0;0;0;0;0;0;0;0;0;0
org.gjt.sp.jedit.buffer.BufferChangeListener.Adapter.transactionComplete(JEditBuffer);org.gjt.sp.jedit.buffer.BufferChangeListener;0;0;0;0;0;0;0;0;0;0;0;0;0
gnu.regexp.RETokenWordBoundary.match(CharIndexed, REMatch);gnu.regexp.REMatch;3;0;4;0.8182;38;2;4;0;4;0.8462;95;12;8
org.gjt.sp.jedit.gui.DockableWindowManager.propertiesChanged();org.gjt.sp.util.Log;3;1;12;0.8108;447;27;16;1;1;1.0000;142;9;16
bsh.Name.toLHS(CallStack, Interpreter);bsh.This;2;3;4;0.7000;341;17;9;0;1;0.9375;79;9;2
org.gjt.sp.jedit.textarea.ChunkCache.invalidateChunksFrom(int);org.gjt.sp.jedit.Debug;2;0;3;0.9118;333;25;9;0;1;1.0000;0;0;22
org.gjt.sp.jedit.textarea.JEditTextArea.addExplicitFold(int, int, int, int);org.gjt.sp.jedit.MiscUtilities;0;0;0;0;0;0;0;0;0;0;0;0;0
org.gjt.sp.jedit.gui.DockablePanel.ResizeMouseHandler.mouseReleased(MouseEvent);org.gjt.sp.jedit.gui.PanelWindowContainer;0;0;0;0;0;0;0;0;0;0;0;0;0
org.gjt.sp.jedit.search.SearchDialog.load();org.gjt.sp.jedit.gui.HistoryModel;5;0;13;0.7547;431;17;30;2;0;0.9375;131;9;8
org.gjt.sp.jedit.PerspectiveManager.savePerspective(boolean);org.gjt.sp.util.Log;4;0;0;1.0000;135;3;1;1;2;1.0000;142;9;16
org.gjt.sp.jedit.gui.InputHandler.invokeAction(EditAction);org.gjt.sp.jedit.EditAction;2;0;6;0.8529;133;14;6;6;1;0.6957;36;10;1
bsh.Parser.ForStatement();bsh.JJTParserState;3;8;2;0.9755;5894;347;13;4;0;0.9420;74;10;5
org.gjt.sp.jedit.textarea.JEditTextArea.startDragAndDrop(InputEvent, boolean);org.gjt.sp.util.Log;1;0;1;0.9961;2774;208;61;1;1;1.0000;142;9;16
org.gjt.sp.jedit.gui.IOProgressMonitor.ThreadProgress.update();org.gjt.sp.jedit.jEdit;2;0;3;0.6667;30;1;3;1;0;1.0000;1709;108;29
org.gjt.sp.jedit.PluginJAR.PluginCacheEntry.write(DataOutputStream);org.gjt.sp.jedit.jEdit;1;4;16;0.3214;139;11;17;1;0;1.0000;1709;108;29
org.gjt.sp.jedit.options.BrowserColorsModel.save();org.gjt.sp.jedit.jEdit;0;0;1;0.9333;85;12;1;3;0;1.0000;1709;108;29
bsh.Parser.StatementExpressionList();bsh.ParserTreeConstants;2;5;2;0.9809;5894;347;13;0;1;0.9804;0;0;39
bsh.Interpreter.invokeMain(Class, String[]);bsh.Reflect;0;0;0;1.0000;490;39;19;1;0;1.0000;422;31;0
org.gjt.sp.jedit.buffer.UndoManager.Insert.undo();org.gjt.sp.jedit.buffer.JEditBuffer;0;0;0;0;0;0;0;0;0;0;0;0;0
org.objectweb.asm.ClassWriter.newItfMethod(String, String, String);org.objectweb.asm.Item;1;5;3;0.8372;305;21;49;1;1;0.9231;76;6;11
org.gjt.sp.jedit.textarea.ChunkCache.recalculateVisibleLines();org.gjt.sp.jedit.textarea.JEditTextArea;1;0;4;0.8857;333;25;9;0;1;0.9962;2774;208;61
org.gjt.sp.jedit.View.updateTitle();org.gjt.sp.jedit.Buffer;2;1;1;0.9701;679;41;39;2;2;0.9759;1798;136;53
bsh.Interpreter.unset(String);bsh.Name;2;0;1;0.9821;490;39;19;1;0;0.9583;341;17;9
org.gjt.sp.jedit.jEdit.addBufferToList(Buffer);org.gjt.sp.jedit.MiscUtilities;3;0;8;1.0000;1709;108;29;1;0;1.0000;629;50;3
bsh.Parser.jj_ntk();bsh.Token;1;0;4;0.9890;5894;347;13;0;2;0.8462;9;1;8
org.gjt.sp.jedit.jEdit.main(String[]);org.gjt.sp.jedit.MiscUtilities;5;17;8;1.0000;1709;108;29;2;0;1.0000;629;50;3
bsh.ClassGeneratorUtil.generateClass();org.objectweb.asm.ClassWriter;4;6;13;0.6250;457;21;19;2;0;0.9706;305;21;49
org.gjt.sp.jedit.search.HyperSearchResults.TreeDisplayAction.actionPerformed(ActionEvent);org.gjt.sp.jedit.search.HyperSearchResults;0;0;0;0;0;0;0;0;0;0;0;0;0
org.gjt.sp.jedit.menu.DirectoryProvider.update(JMenu);org.gjt.sp.jedit.GUIUtilities;2;0;1;0.8000;69;2;1;1;0;1.0000;486;55;9
org.gjt.sp.jedit.GUIUtilities.loadPopupMenu(String);org.gjt.sp.jedit.jEdit;1;1;0;1.0000;486;55;9;0;1;1.0000;1709;108;29
org.gjt.sp.jedit.textarea.JEditTextArea.setBuffer(JEditBuffer);org.gjt.sp.jedit.textarea.FastRepaintManager;0;0;0;0;0;0;0;0;0;0;0;0;0
org.gjt.sp.jedit.help.HelpTOCPanel.loadTOC(DefaultMutableTreeNode, String);org.gjt.sp.jedit.MiscUtilities;4;0;1;0.9333;106;5;5;1;0;1.0000;629;50;3
org.gjt.sp.jedit.browser.VFSBrowser.locateFile(String);gnu.regexp.RE;0;2;1;0.9444;542;33;34;1;0;0.9778;615;37;13
org.gjt.sp.jedit.gui.ActionBar.ActionHandler.actionPerformed(ActionEvent);org.gjt.sp.jedit.gui.ActionBar;1;0;0;1.0000;4;1;0;1;2;0.7500;122;4;7
org.gjt.sp.jedit.browser.VFSBrowser.getRootDirectory();org.gjt.sp.jedit.io.FileRootsVFS;0;0;0;0;0;0;0;0;0;0;0;0;0
org.gjt.sp.jedit.search.HyperSearchResults.RemoveAllTreeNodesAction.actionPerformed(ActionEvent);org.gjt.sp.jedit.search.HyperSearchResults;1;0;0;1.0000;8;1;0;0;3;0.8421;146;10;9
org.gjt.sp.jedit.BeanShell._runScript(View, String, Reader, NameSpace);org.gjt.sp.jedit.jEdit;1;4;2;1.0000;279;22;6;1;0;1.0000;1709;108;29
org.gjt.sp.jedit.pluginmgr.PluginList.Dependency.isSatisfied();org.gjt.sp.jedit.MiscUtilities;2;0;4;0.6364;53;4;5;1;0;1.0000;629;50;3
org.gjt.sp.jedit.EditPane.StatusHandler.bracketSelected(JEditTextArea, int, String);org.gjt.sp.jedit.EditPane;0;0;0;0;0;0;0;0;0;0;0;0;0
org.gjt.sp.jedit.textarea.JEditTextArea.setSelection(Selection[]);org.gjt.sp.jedit.textarea.SelectionManager;0;0;0;0;0;0;0;0;0;0;0;0;0
org.gjt.sp.jedit.search.SearchBar.FocusHandler.focusLost(FocusEvent);org.gjt.sp.jedit.gui.HistoryTextField;0;0;0;0;0;0;0;0;0;0;0;0;0
org.gjt.sp.jedit.browser.VFSFileChooserDialog.ok();org.gjt.sp.jedit.browser.VFSBrowser;2;1;4;0.7500;155;5;7;2;5;0.9194;542;33;34
org.objectweb.asm.CodeWriter.visitTypeInsn(int, String);org.objectweb.asm.Item;2;0;5;0.9038;919;30;27;0;1;0.9630;76;6;11
org.gjt.sp.jedit.options.ToolBarEditDialog.updateList();org.gjt.sp.jedit.ActionSet;1;0;2;0.9000;173;5;12;1;0;0.9630;155;14;7
org.gjt.sp.jedit.View.createEditPane(Buffer);org.gjt.sp.jedit.msg.EditPaneUpdate;2;0;0;1.0000;679;41;39;0;1;1.0000;14;2;4
org.gjt.sp.jedit.pluginmgr.InstallPanel.InstallButton.actionPerformed(ActionEvent);org.gjt.sp.jedit.pluginmgr.InstallPanel.PluginTableModel;4;0;0;1.0000;48;2;0;3;1;0.8462;151;13;2
org.gjt.sp.jedit.textarea.JEditTextArea.getLineText(int, Segment);org.gjt.sp.jedit.buffer.JEditBuffer;0;0;0;0;0;0;0;0;0;0;0;0;0
bsh.Parser.MethodDeclaration();bsh.JJTParserState;5;10;2;0.9687;5894;347;13;4;0;0.9130;74;10;5
bsh.NameSpace.getInvocationLine();bsh.SimpleNode;0;1;0;0.9884;491;64;21;1;0;0.9524;76;14;7
macos.MacOSOptionPane.getSettings();org.gjt.sp.jedit.jEdit;0;0;3;0.5000;27;3;3;2;0;1.0000;1709;108;29
bsh.Parser.jj_3R_136();bsh.ParserConstants;1;1;0;0.9972;5894;347;13;0;1;0.9924;0;0;131
bsh.Parser.ArrayDimensions();bsh.BSHArrayDimensions;2;9;2;0.9703;5894;347;13;2;0;0.9259;44;4;4
org.gjt.sp.jedit.io.VFSFile.getExtendedAttribute(String);org.gjt.sp.jedit.io.VFS;0;0;0;0;0;0;0;0;0;0;0;0;0
org.gjt.sp.jedit.gui.RegisterViewer.refreshList();org.gjt.sp.jedit.jEdit;0;0;0;0;0;0;0;0;0;0;0;0;0
bsh.NameSpace.loadScriptedCommand(InputStream, String, Class[], String, Interpreter);bsh.Interpreter;1;1;0;0.9886;491;64;21;2;0;0.9818;490;39;19
org.gjt.sp.jedit.syntax.TokenMarker.handleRule(ParserRule, boolean);gnu.regexp.RE;4;4;9;0.7143;352;10;13;1;1;0.9861;615;37;13
bsh.Parser.SynchronizedStatement();bsh.ParserConstants;3;5;1;0.9838;5894;347;13;0;3;0.9790;0;0;131
bsh.Parser.jj_3R_184();bsh.ParserConstants;1;2;0;0.9945;5894;347;13;0;1;0.9925;0;0;131
org.gjt.sp.jedit.BeanShellAction.isSelected(Component);bsh.NameSpace;2;0;3;0.7500;61;3;8;1;0;0.9888;491;64;21
org.gjt.sp.jedit.menu.EnhancedCheckBoxMenuItem.MouseHandler.mouseExited(MouseEvent);org.gjt.sp.jedit.gui.StatusBar;1;0;1;0.8000;19;3;1;1;0;0.9744;261;11;26
org.gjt.sp.jedit.textarea.DisplayManager.hideLineRange(int, int);org.gjt.sp.jedit.Debug;2;7;6;0.7045;513;30;16;0;1;1.0000;0;0;22
org.gjt.sp.jedit.gui.CheckBoxListModel.getValueAt(int, int);org.gjt.sp.jedit.gui.JCheckBoxList.Entry;1;0;1;0.9167;59;8;1;0;2;0.6667;14;0;3
org.gjt.sp.jedit.textarea.ChunkCache.getSubregionStartOffset(int, int);org.gjt.sp.jedit.textarea.JEditTextArea;0;2;1;0.9189;333;25;9;1;0;0.9962;2774;208;61
org.gjt.sp.jedit.buffer.JEditBuffer.firePreContentRemoved(int, int, int, int);org.gjt.sp.jedit.buffer.BufferListener;0;0;0;0;0;0;0;0;0;0;0;0;0
org.gjt.sp.jedit.pluginmgr.InstallPanel.PluginTableModel.deselectParents(Entry);org.gjt.sp.jedit.pluginmgr.InstallPanel;0;0;0;0;0;0;0;0;0;0;0;0;0
org.objectweb.asm.CodeWriter.visitFieldInsn(int, String, String, String);org.objectweb.asm.ClassWriter;2;0;5;0.9074;919;30;27;1;0;0.9808;305;21;49
bsh.BSHUnaryExpression.lhsUnaryOperation(LHS, boolean);bsh.LHS;1;1;2;0.6250;50;4;2;2;0;0.9000;105;3;13
org.gjt.sp.jedit.EditPane.goToPrevMarker(boolean);org.gjt.sp.jedit.Buffer;0;0;0;0;0;0;0;0;0;0;0;0;0
org.gjt.sp.jedit.textarea.JEditTextArea.getText(int, int);org.gjt.sp.jedit.buffer.JEditBuffer;0;0;0;0;0;0;0;0;0;0;0;0;0
bsh.Parser.AndExpression();bsh.Token;4;5;2;0.9810;5894;347;13;0;1;0.9524;9;1;8
org.gjt.sp.jedit.search.HyperSearchResults.NewSearchAction.actionPerformed(ActionEvent);org.gjt.sp.jedit.search.DirectoryListSet;0;0;0;0;0;0;0;0;0;0;0;0;0
org.gjt.sp.jedit.GUIUtilities.loadPopupMenu(ActionContext, String);org.gjt.sp.jedit.jEdit;0;1;0;1.0000;486;55;9;1;0;1.0000;1709;108;29
org.gjt.sp.jedit.textarea.JEditTextArea.goToBufferEnd(boolean);org.gjt.sp.jedit.buffer.JEditBuffer;0;0;0;0;0;0;0;0;0;0;0;0;0
org.gjt.sp.jedit.gui.RegisterViewer.FocusHandler.focusLost(FocusEvent);org.gjt.sp.jedit.gui.RegisterViewer;0;0;0;0;0;0;0;0;0;0;0;0;0
org.gjt.sp.jedit.textarea.Selection.Rect.setText(JEditBuffer, String);org.gjt.sp.jedit.buffer.JEditBuffer;0;0;0;0;0;0;0;0;0;0;0;0;0
org.gjt.sp.jedit.jEdit.closeAllBuffers(View, boolean);org.gjt.sp.jedit.gui.CloseDialog;4;1;4;1.0000;1709;108;29;0;1;0.9500;64;3;9
LatestVersionPlugin.doVersionCheck(View, String, String);org.gjt.sp.jedit.MiscUtilities;0;0;0;1.0000;41;2;0;1;0;1.0000;629;50;3
org.gjt.sp.jedit.menu.EnhancedMenuItem.MouseHandler.mouseReleased(MouseEvent);org.gjt.sp.jedit.GUIUtilities;1;0;1;0.8000;19;3;1;1;0;1.0000;486;55;9
org.gjt.sp.jedit.jEdit.getActionSetForAction(String);org.gjt.sp.jedit.ActionContext;0;0;1;1.0000;1709;108;29;1;0;0.9000;41;7;3
org.gjt.sp.jedit.textarea.RangeMap.dump();org.gjt.sp.jedit.Debug;0;0;0;0;0;0;0;0;0;0;0;0;0
org.gjt.sp.jedit.EditPane.StatusHandler.bracketSelected(JEditTextArea, int, String);org.gjt.sp.jedit.gui.StatusBar;0;0;0;0;0;0;0;0;0;0;0;0;0
org.gjt.sp.jedit.pluginmgr.PluginManager.ActionHandler.actionPerformed(ActionEvent);org.gjt.sp.jedit.pluginmgr.PluginManager;1;0;0;1.0000;6;1;0;1;3;0.7500;133;6;11
org.gjt.sp.jedit.jEdit.closeBuffer(View, Buffer);org.gjt.sp.jedit.GUIUtilities;3;1;0;1.0000;1709;108;29;1;0;1.0000;486;55;9
bsh.Parser.jj_3R_132();bsh.ParserConstants;1;2;1;0.9917;5894;347;13;0;2;0.9851;0;0;131
org.gjt.sp.jedit.search.SearchAndReplace.hyperSearch(View, boolean);org.gjt.sp.jedit.gui.DockableWindowManager;2;3;0;1.0000;537;32;11;2;0;0.9474;447;27;16
QuickNotepad.readFile();org.gjt.sp.util.Log;1;0;2;0.8667;100;9;6;1;1;1.0000;142;9;16
org.gjt.sp.jedit.textarea.DisplayManager.showLineRange(int, int);org.gjt.sp.jedit.Debug;2;5;5;0.7619;513;30;16;0;1;1.0000;0;0;22
bsh.Parser.PackageDeclaration();bsh.JJTParserState;2;4;1;0.9864;5894;347;13;4;0;0.8261;74;10;5
org.gjt.sp.jedit.SettingsReloader.maybeReload(String);org.gjt.sp.jedit.search.BufferListSet;4;0;0;1.0000;30;2;0;1;0;0.9000;47;7;1
org.gjt.sp.jedit.pluginmgr.PluginListHandler.endDocument();org.gjt.sp.jedit.pluginmgr.PluginList;0;0;1;0.9714;133;11;23;1;0;0.8889;51;4;5
org.gjt.sp.jedit.buffer.BufferChangeListener.Adapter.bufferLoaded(JEditBuffer);org.gjt.sp.jedit.buffer.BufferChangeListener;0;0;0;0;0;0;0;0;0;0;0;0;0
com.loomcom.ant.tasks.jarbundler.JarBundler.setWorkingDirectory(String);com.loomcom.ant.tasks.jarbundler.AppBundleProperties;0;0;0;0;0;0;0;0;0;0;0;0;0
bsh.Name.invokeMethod(Interpreter, Object[], CallStack, SimpleNode);bsh.CallStack;3;7;2;0.8333;341;17;9;1;0;0.9565;52;11;1
org.gjt.sp.jedit.browser.VFSDirectoryEntryTableModel.collapse(VFS, int);org.gjt.sp.jedit.io.VFSFile;0;0;0;0;0;0;0;0;0;0;0;0;0
org.gjt.sp.jedit.GUIUtilities.loadIcon(String);org.gjt.sp.jedit.MiscUtilities;1;0;3;1.0000;486;55;9;1;0;1.0000;629;50;3
org.gjt.sp.jedit.options.ShortcutsOptionPane.createModel(String, String[]);org.gjt.sp.jedit.GUIUtilities;0;1;0;0.9091;69;6;5;1;0;1.0000;486;55;9
org.gjt.sp.jedit.textarea.JEditTextArea.rangeComment();org.gjt.sp.jedit.buffer.JEditBuffer;0;0;0;0;0;0;0;0;0;0;0;0;0
org.gjt.sp.jedit.search.HyperSearchResults.removeNotify();org.gjt.sp.jedit.EditBus;0;0;1;0.9444;146;10;9;1;0;1.0000;44;4;2
org.gjt.sp.jedit.AbstractOptionPane.addSeparator(String);org.gjt.sp.jedit.jEdit;0;1;2;0.8235;117;13;4;1;0;1.0000;1709;108;29
org.gjt.sp.jedit.gui.KeyEventTranslator.parseKey(String);org.gjt.sp.util.Log;1;1;4;1.0000;168;7;5;1;1;1.0000;142;9;16
org.gjt.sp.jedit.textarea.JEditTextArea.deleteParagraph();org.gjt.sp.jedit.buffer.JEditBuffer;0;0;0;0;0;0;0;0;0;0;0;0;0
org.gjt.sp.jedit.help.HelpTOCPanel.PluginCompare.compare(Object, Object);org.gjt.sp.jedit.MiscUtilities;0;0;0;1.0000;5;1;0;1;0;1.0000;629;50;3
org.gjt.sp.jedit.textarea.TextAreaPainter.PaintLineBackground.paintValidLine(Graphics2D, int, int, int, int, int);org.gjt.sp.jedit.textarea.ChunkCache;5;0;0;1.0000;30;1;0;1;0;0.9815;333;25;9
org.gjt.sp.jedit.options.EditingOptionPane._init();org.gjt.sp.jedit.jEdit;1;1;18;0.3214;119;5;19;3;0;1.0000;1709;108;29
org.gjt.sp.jedit.pluginmgr.InstallPanel.InstallButton.tableChanged(TableModelEvent);org.gjt.sp.jedit.pluginmgr.InstallPanel.PluginTableModel;1;0;0;1.0000;48;2;0;3;0;0.8125;151;13;2
org.gjt.sp.jedit.io.FileVFS.save(View, Buffer, String);org.gjt.sp.util.Log;2;1;1;1.0000;193;17;1;1;1;1.0000;142;9;16
org.gjt.sp.jedit.pluginmgr.PluginManager.dispose();org.gjt.sp.jedit.GUIUtilities;0;0;1;1.0000;133;6;11;1;0;1.0000;486;55;9
org.gjt.sp.jedit.options.WindowTableModel.Entry.save();org.gjt.sp.jedit.jEdit;0;0;2;0.5000;10;1;3;1;0;1.0000;1709;108;29
org.gjt.sp.jedit.browser.VFSBrowser.CommandsMenuButton.MouseHandler.mousePressed(MouseEvent);org.gjt.sp.jedit.browser.BrowserCommandsMenu;1;0;0;1.0000;9;1;0;1;0;0.8889;122;3;4
org.gjt.sp.jedit.textarea.JEditTextArea.goToEndOfWhiteSpace(boolean);org.gjt.sp.jedit.textarea.Selection;1;8;4;0.9540;2774;208;61;0;2;0.9310;43;9;4
org.gjt.sp.jedit.syntax.ParserRule.createRegexpSpanRule(char, int, String, int, String, ParserRuleSet, byte, boolean, boolean, boolean, boolean, boolean);gnu.regexp.RE;1;0;7;1.0000;50;9;27;0;1;1.0000;615;37;13
bsh.BSHPrimarySuffix.doIndex(Object, boolean, CallStack, Interpreter);bsh.Reflect;0;1;0;1.0000;95;5;7;1;0;1.0000;422;31;0
org.gjt.sp.jedit.options.AbbrevsOptionPane._init();org.gjt.sp.jedit.Mode;2;1;8;0.3571;112;5;8;0;1;0.9583;89;9;5
bsh.Reflect.getIndex(Object, int);bsh.Primitive;1;0;0;1.0000;422;31;0;1;0;1.0000;506;35;5
org.gjt.sp.jedit.BufferHistory.RecentHandler.endElement(String);org.gjt.sp.jedit.BufferHistory;1;0;5;0.4444;30;5;5;0;1;1.0000;189;9;3
org.gjt.sp.jedit.GUIUtilities.loadMenu(ActionContext, String);org.gjt.sp.jedit.jEdit;0;0;0;1.0000;486;55;9;1;0;1.0000;1709;108;29
org.gjt.sp.jedit.options.ShortcutsOptionPane.ShortcutsModel.sort(int);org.gjt.sp.jedit.MiscUtilities;0;0;1;0.9000;59;8;2;1;0;1.0000;629;50;3
org.gjt.sp.jedit.textarea.JEditTextArea.setOverwriteEnabled(boolean);org.gjt.sp.jedit.textarea.StatusListener;0;0;0;0;0;0;0;0;0;0;0;0;0
org.gjt.sp.jedit.search.BufferListSet.getNextFile(View, String);org.gjt.sp.jedit.io.VFS;2;2;1;0.7000;47;7;1;0;2;0.9714;191;26;17
org.gjt.sp.jedit.io.VFS._createOutputStream(Object, String, Component);org.gjt.sp.jedit.io.VFSManager;0;0;1;0.9655;191;26;17;1;0;1.0000;129;15;11
org.gjt.sp.jedit.buffer.JEditBuffer.setDirty(boolean);org.gjt.sp.jedit.buffer.UndoManager;0;0;0;0;0;0;0;0;0;0;0;0;0
org.objectweb.asm.CodeWriter.visitInsn(int);org.objectweb.asm.Constants;2;0;6;0.9057;919;30;27;0;3;0.9839;0;0;179
bsh.BSHReturnStatement.eval(CallStack, Interpreter);bsh.Primitive;1;0;1;0.8000;9;1;1;0;1;1.0000;506;35;5
bsh.BSHAllocationExpression.objectAllocation(BSHAmbiguousName, BSHArguments, CallStack, Interpreter);bsh.BSHArguments;2;3;0;0.8125;119;9;1;1;0;0.9091;11;1;0
org.gjt.sp.jedit.gui.FloatingWindowContainer.MouseHandler.mousePressed(MouseEvent);org.gjt.sp.jedit.gui.DockableWindowManager;3;0;1;0.8571;7;1;1;1;0;0.9744;447;27;16
org.gjt.sp.jedit.Buffer.addMarker(char, int);org.gjt.sp.jedit.msg.BufferUpdate;2;2;3;0.9818;1798;136;53;0;1;1.0000;18;2;12
org.gjt.sp.jedit.browser.BrowserView.loadDirectory(Object, String, boolean);org.gjt.sp.jedit.browser.BrowserIORequest;2;0;2;0.9091;139;12;7;0;1;1.0000;179;6;11
bsh.Reflect.setObjectProperty(Object, String, Object);bsh.Interpreter;0;3;0;1.0000;422;31;0;1;0;1.0000;490;39;19
org.gjt.sp.jedit.browser.VFSDirectoryEntryTable.selectFile(String);org.gjt.sp.jedit.io.VFSFile;0;0;0;0;0;0;0;0;0;0;0;0;0
bsh.ClassGeneratorUtil.getClassInstanceThis(Object, String);bsh.Reflect;0;0;1;1.0000;457;21;19;1;0;1.0000;422;31;0
org.gjt.sp.jedit.GUIUtilities.UnixWorkaround.ComponentHandler.componentMoved(ComponentEvent);org.gjt.sp.jedit.GUIUtilities.UnixWorkaround;2;0;0;1.0000;22;2;0;0;5;0.2857;18;0;6
org.gjt.sp.jedit.textarea.BufferHandler.preContentRemoved(JEditBuffer, int, int, int, int);org.gjt.sp.jedit.textarea.ScreenLineManager;0;0;0;0;0;0;0;0;0;0;0;0;0
org.gjt.sp.jedit.gui.EnhancedDialog.WindowHandler.windowClosing(WindowEvent);org.gjt.sp.jedit.gui.EnhancedDialog;0;0;0;1.0000;3;1;0;1;0;0.8333;18;3;1
bsh.BSHTryStatement.eval(CallStack, Interpreter);bsh.NameSpace;3;0;0;1.0000;68;1;0;1;0;0.9899;491;64;21
org.gjt.sp.jedit.View.close();org.gjt.sp.jedit.EditPane;0;1;10;0.8281;679;41;39;1;0;0.9706;273;15;7
org.gjt.sp.jedit.textarea.BufferHandler.contentInserted(JEditBuffer, int, int, int, int);org.gjt.sp.jedit.buffer.JEditBuffer;0;0;0;0;0;0;0;0;0;0;0;0;0
org.gjt.sp.jedit.GUIUtilities.UnixWorkaround.ComponentHandler.componentResized(ComponentEvent);org.gjt.sp.jedit.GUIUtilities.UnixWorkaround;2;0;0;1.0000;22;2;0;0;5;0.2857;18;0;6
org.gjt.sp.jedit.textarea.FirstLine.ensurePhysicalLineIsVisible();org.gjt.sp.jedit.textarea.DisplayManager;0;0;0;0;0;0;0;0;0;0;0;0;0
org.gjt.sp.jedit.textarea.Gutter.MouseHandler.mousePressed(MouseEvent);org.gjt.sp.jedit.textarea.ChunkCache;5;0;2;0.9474;89;5;4;1;0;0.9848;333;25;9
org.gjt.sp.jedit.browser.VFSBrowser.filesActivated(int, boolean);org.gjt.sp.jedit.Buffer;4;2;14;0.8730;542;33;34;1;2;0.9944;1798;136;53
org.gjt.sp.jedit.browser.BrowserIORequest.delete();org.gjt.sp.jedit.jEdit;1;0;4;0.7778;179;6;11;1;0;1.0000;1709;108;29
bsh.ClassGeneratorUtil.generateConstructor(int, String[], int, ClassWriter);org.objectweb.asm.Constants;1;3;1;0.9231;457;21;19;0;4;0.9786;0;0;179
org.gjt.sp.jedit.gui.PanelWindowContainer.register(DockableWindowManager.Entry);org.gjt.sp.jedit.gui.DockableWindowManager;3;0;5;0.8333;163;12;15;0;4;1.0000;447;27;16
org.gjt.sp.jedit.browser.VFSBrowser.DirectoryLoadedAWTRequest.run();org.gjt.sp.jedit.gui.HistoryModel;2;0;2;0.9048;46;2;2;2;0;0.9615;131;9;8
bsh.BshMethod.invokeImpl(Object[], Interpreter, CallStack, SimpleNode, boolean);bsh.UtilEvalError;5;0;7;0.8000;139;7;10;2;0;0.9200;14;2;0
org.gjt.sp.jedit.gui.InputHandler.userInput(char);org.gjt.sp.jedit.Macros.Recorder;2;0;4;0.8966;133;14;6;1;0;0.9630;80;8;6
org.gjt.sp.jedit.textarea.JEditTextArea.goToPrevFold(boolean);org.gjt.sp.jedit.textarea.ChunkCache;0;4;7;0.9580;2774;208;61;1;0;0.9796;333;25;9
org.gjt.sp.jedit.search.SearchAndReplace.setRegexp(boolean);org.gjt.sp.jedit.EditBus;0;0;3;1.0000;537;32;11;1;0;1.0000;44;4;2
org.gjt.sp.jedit.jEdit.main(String[]);org.gjt.sp.jedit.GUIUtilities;5;17;8;1.0000;1709;108;29;3;0;1.0000;486;55;9
bsh.Parser.EnhancedForStatement();bsh.JJTParserState;4;8;2;0.9732;5894;347;13;4;0;0.8824;74;10;5
org.gjt.sp.jedit.textarea.JEditTextArea.offsetToXY(int, int, Point);org.gjt.sp.jedit.textarea.DisplayManager;2;0;4;0.9848;2774;208;61;1;0;0.9792;513;30;16
org.gjt.sp.jedit.textarea.TextAreaDropHandler.dragEnter(DropTargetDragEvent);org.gjt.sp.util.Log;0;0;0;0;0;0;0;0;0;0;0;0;0
org.gjt.sp.jedit.search.CurrentBufferSet.getNextFile(View, String);org.gjt.sp.jedit.View;1;0;0;1.0000;16;5;0;1;0;0.9844;679;41;39
bsh.NameSpace.identifierToClass(ClassIdentifier);bsh.ClassIdentifier;1;0;0;1.0000;491;64;21;0;1;0.5000;9;1;1
org.gjt.sp.jedit.jEdit.initSiteProperties();org.gjt.sp.jedit.PropertyManager;1;0;2;1.0000;1709;108;29;1;0;0.9474;79;15;4
org.gjt.sp.jedit.BufferHistory.selectionToString(Selection[]);org.gjt.sp.jedit.textarea.Selection;1;0;0;1.0000;189;9;3;0;2;0.8750;43;9;4
com.loomcom.ant.tasks.jarbundler.JarBundler.useOldPropertyNames();com.loomcom.ant.tasks.jarbundler.AppBundleProperties;0;0;0;0;0;0;0;0;0;0;0;0;0
org.objectweb.asm.CodeWriter.visitLdcInsn(Object);org.objectweb.asm.ClassWriter;3;0;5;0.9074;919;30;27;1;2;0.9808;305;21;49
org.gjt.sp.jedit.gui.OptionsDialog.valueChanged(TreeSelectionEvent);org.gjt.sp.jedit.BeanShell;3;1;5;0.7931;231;15;9;1;1;1.0000;279;22;6
bsh.Parser.TryStatement();bsh.ParserTreeConstants;2;7;2;0.9757;5894;347;13;0;1;0.9825;0;0;39
org.gjt.sp.jedit.ServiceManager.loadServices(PluginJAR, URL, PluginJAR.PluginCacheEntry);org.gjt.sp.jedit.ServiceListHandler;4;0;0;1.0000;78;8;1;1;0;0.9583;67;11;7
org.gjt.sp.jedit.browser.VFSFileNameField.goToParent();org.gjt.sp.jedit.browser.BrowserView;3;0;1;0.9286;129;5;1;0;1;0.9643;139;12;7
org.gjt.sp.jedit.Registers.RegistersHandler.doctypeDecl(String, String, String);org.gjt.sp.util.Log;1;0;0;1.0000;22;5;2;1;1;1.0000;142;9;16
bsh.Parser.jj_3R_180();bsh.ParserConstants;1;2;0;0.9945;5894;347;13;0;1;0.9925;0;0;131
org.gjt.sp.jedit.PluginJAR.activatePluginIfNecessary();org.gjt.sp.jedit.jEdit;1;2;2;0.8750;557;18;15;4;0;1.0000;1709;108;29
org.gjt.sp.jedit.gui.DockableWindowFactory.DockableListHandler.doctypeDecl(String, String, String);org.gjt.sp.util.Log;0;0;0;0;0;0;0;0;0;0;0;0;0
org.gjt.sp.jedit.View.split(int);org.gjt.sp.jedit.PerspectiveManager;1;2;2;0.9394;679;41;39;1;0;1.0000;135;3;1
bsh.Parser.ReturnType();bsh.ParserTreeConstants;3;5;2;0.9814;5894;347;13;0;1;0.9836;0;0;39
gnu.regexp.RE.getMinMax(char[], int, IntPair, RESyntax);gnu.regexp.RESyntax;4;2;0;1.0000;615;37;13;1;1;0.9286;31;5;48
bsh.Parser.getToken(int);bsh.ParserTokenManager;1;0;4;0.9890;5894;347;13;1;0;0.9839;1699;47;25
bsh.BSHIfStatement.eval(CallStack, Interpreter);bsh.Primitive;1;1;0;1.0000;19;2;0;0;1;1.0000;506;35;5
org.gjt.sp.jedit.gui.EditAbbrevDialog.init(String, String, Map);org.gjt.sp.jedit.gui.AbbrevEditor;1;0;5;0.6667;57;4;6;2;2;0.6923;139;4;3
gnu.regexp.CharIndexedInputStream.next();gnu.regexp.CharIndexed;1;0;5;0.5455;86;4;8;0;1;0.8889;3;3;1
org.gjt.sp.jedit.jEdit._getBuffer(String);org.gjt.sp.jedit.io.VFS;1;0;2;1.0000;1709;108;29;0;2;0.9667;191;26;17
bsh.BSHWhileStatement.eval(CallStack, Interpreter);bsh.ReturnControl;3;0;1;0.8889;35;1;1;0;1;0.9091;5;0;3
bsh.Parser.PreDecrementExpression();bsh.BSHUnaryExpression;4;4;1;0.9864;5894;347;13;0;1;0.9412;50;4;2
org.gjt.sp.jedit.jEdit.newView(View, Buffer, View.ViewConfig);org.gjt.sp.jedit.msg.ViewUpdate;4;3;2;1.0000;1709;108;29;0;1;1.0000;14;2;4
org.gjt.sp.jedit.options.ContextOptionPane.ActionHandler.actionPerformed(ActionEvent);org.gjt.sp.jedit.EditAction;1;0;0;1.0000;43;1;0;1;0;0.9444;36;10;1
bsh.Parser.PrimitiveType();bsh.ParserConstants;3;4;2;0.9839;5894;347;13;0;8;0.9433;0;0;131
org.gjt.sp.jedit.View.processKeyEvent(KeyEvent, int);org.gjt.sp.jedit.gui.InputHandler;3;2;6;0.9048;679;41;39;1;0;0.9615;133;14;6
org.gjt.sp.jedit.gui.DockableWindowManager.close();org.gjt.sp.jedit.EditBus;1;0;2;0.9412;447;27;16;1;0;1.0000;44;4;2
bsh.ParserTokenManager.jjMoveStringLiteralDfa12_0(long, long, long, long, long, long);bsh.JavaCharStream;0;3;2;0.9123;1699;47;25;1;0;0.9804;331;25;17
org.gjt.sp.jedit.View.quickIncrementalSearch(boolean);org.gjt.sp.jedit.search.SearchBar;1;2;3;0.9552;679;41;39;1;1;0.9130;130;6;10
com.loomcom.ant.tasks.jarbundler.JarBundler.setVmoptions(String);com.loomcom.ant.tasks.jarbundler.AppBundleProperties;0;0;0;0;0;0;0;0;0;0;0;0;0
org.gjt.sp.jedit.menu.EnhancedMenu.init();org.gjt.sp.jedit.BeanShell;1;0;4;0.7333;60;5;5;1;1;1.0000;279;22;6
org.gjt.sp.jedit.Abbrevs.load();org.gjt.sp.jedit.MiscUtilities;2;1;5;1.0000;225;15;8;1;0;1.0000;629;50;3
org.gjt.sp.jedit.Registers.RegistersHandler.endElement(String);org.gjt.sp.jedit.Registers;1;0;2;0.6667;22;5;2;1;0;1.0000;231;16;5
org.gjt.sp.jedit.jEdit.reloadAllBuffers(View, boolean);org.gjt.sp.jedit.Buffer;1;1;1;1.0000;1709;108;29;2;0;0.9880;1798;136;53
org.gjt.sp.jedit.options.SaveBackupOptionPane._init();org.gjt.sp.jedit.jEdit;0;0;8;0.3333;34;2;8;2;0;1.0000;1709;108;29
LatestVersionPlugin.doVersionCheck(View);org.gjt.sp.jedit.View;0;1;0;1.0000;41;2;0;2;0;0.9683;679;41;39
bsh.BSHArrayInitializer.eval(Class, int, CallStack, Interpreter);bsh.Types;2;2;0;0.8750;54;3;0;0;1;1.0000;98;10;4
org.gjt.sp.jedit.BeanShell.showEvaluateDialog(View);org.gjt.sp.jedit.Macros.Recorder;3;2;1;1.0000;279;22;6;1;0;0.9444;80;8;6
org.gjt.sp.jedit.BeanShell._runScript(View, String, Reader, NameSpace);org.gjt.sp.jedit.GUIUtilities;1;4;2;1.0000;279;22;6;1;0;1.0000;486;55;9
bsh.ClassGeneratorUtil.getConstructorArgs(String, This, Object[], int);bsh.SimpleNode;3;0;2;1.0000;457;21;19;2;0;0.9412;76;14;7
com.loomcom.ant.tasks.jarbundler.JarBundler.setShortVersion(String);com.loomcom.ant.tasks.jarbundler.AppBundleProperties;0;0;0;0;0;0;0;0;0;0;0;0;0
installer.CBZip2OutputStream.endBlock();installer.CRC;0;5;4;0.8571;1262;32;41;1;0;0.9286;16;3;2
bsh.Parser.PostfixExpression();bsh.JJTParserState;4;6;2;0.9794;5894;347;13;2;0;0.9592;74;10;5
QuickNotepad.KeyHandler.keyPressed(KeyEvent);org.gjt.sp.jedit.gui.DockableWindowManager;2;0;0;1.0000;7;1;0;1;0;0.9722;447;27;16
org.gjt.sp.jedit.gui.MarkerViewer.removeNotify();org.gjt.sp.jedit.EditBus;0;0;0;0;0;0;0;0;0;0;0;0;0
org.gjt.sp.jedit.buffer.JEditBuffer.getText(int, int, Segment);org.gjt.sp.jedit.buffer.ContentManager;0;0;0;0;0;0;0;0;0;0;0;0;0
org.gjt.sp.jedit.options.AbbrevsOptionPane.ActionHandler.actionPerformed(ActionEvent);org.gjt.sp.jedit.gui.EditAbbrevDialog;1;0;0;1.0000;30;1;0;2;0;0.9167;57;4;6
org.gjt.sp.jedit.gui.TipOfTheDay.nextTip();org.gjt.sp.jedit.MiscUtilities;2;0;2;0.7500;63;3;5;1;0;1.0000;629;50;3
org.gjt.sp.jedit.options.ToolBarEditDialog.getSelection();org.gjt.sp.jedit.options.ToolBarOptionPane.Button;2;0;8;0.6190;173;5;12;0;2;0.8750;13;1;4
org.gjt.sp.jedit.buffer.JEditBuffer.markTokens(int, TokenHandler);org.gjt.sp.jedit.buffer.LineManager;0;0;0;0;0;0;0;0;0;0;0;0;0
bsh.BSHMethodDeclaration.eval(CallStack, Interpreter);bsh.NameSpace;1;2;3;0.7222;57;7;8;1;0;0.9892;491;64;21
org.gjt.sp.jedit.gui.OptionsDialog.save(Object);org.gjt.sp.jedit.OptionGroup;1;1;1;0.9630;231;15;9;1;0;0.9375;69;8;4
bsh.BSHArrayInitializer.throwTypeError(Class, Object, int, CallStack);bsh.Reflect;0;0;0;1.0000;54;3;0;1;0;1.0000;422;31;0
org.objectweb.asm.CodeWriter.visitIntInsn(int, int);org.objectweb.asm.ByteVector;1;0;4;0.9231;919;30;27;2;0;0.8947;139;9;2
bsh.Interpreter.run();bsh.ReturnControl;4;9;9;0.7647;490;39;19;0;1;0.9722;5;0;3
org.gjt.sp.jedit.options.BrowserColorsOptionPane.MouseHandler.mouseClicked(MouseEvent);org.gjt.sp.jedit.jEdit;1;0;0;1.0000;8;1;0;1;0;1.0000;1709;108;29
bsh.Name.invokeMethod(Interpreter, Object[], CallStack, SimpleNode);bsh.ClassGenerator;3;7;2;0.8333;341;17;9;2;0;0.9167;15;4;1
org.gjt.sp.jedit.jEdit.closeAllBuffers(View, boolean);org.gjt.sp.jedit.io.VFSManager;4;1;4;1.0000;1709;108;29;1;1;1.0000;129;15;11
org.gjt.sp.jedit.buffer.BufferLoadRequest.run();org.gjt.sp.jedit.io.VFSManager;0;0;0;0;0;0;0;0;0;0;0;0;0
org.gjt.sp.jedit.gui.GrabKeyDialog.updateAssignedTo(String);org.gjt.sp.jedit.jEdit;0;1;2;0.8571;144;9;10;2;0;1.0000;1709;108;29
org.gjt.sp.jedit.textarea.JEditTextArea.invalidateLine(int);org.gjt.sp.jedit.buffer.JEditBuffer;0;0;0;0;0;0;0;0;0;0;0;0;0
org.gjt.sp.jedit.gui.RegisterViewer.DocumentHandler.updateRegisterSafely();org.gjt.sp.jedit.gui.RegisterViewer;0;0;0;0;0;0;0;0;0;0;0;0;0
org.gjt.sp.jedit.textarea.JEditTextArea.deleteLine();org.gjt.sp.jedit.textarea.DisplayManager;0;3;5;0.9700;2774;208;61;1;0;0.9821;513;30;16
org.gjt.sp.jedit.help.HelpSearchPanel.getHelpIndex();org.gjt.sp.jedit.help.HelpIndex;1;0;2;0.6667;29;1;4;1;0;0.9286;154;9;3
bsh.Reflect.constructObject(Class, Object[]);bsh.StringUtil;1;1;0;1.0000;422;31;0;1;0;1.0000;44;5;0
gnu.regexp.RETokenStart.match(CharIndexed, REMatch);gnu.regexp.RE;2;0;1;0.8889;32;2;1;0;2;1.0000;615;37;13
org.gjt.sp.util.WorkThreadPool.RunRequestsInAWTThread.run();org.gjt.sp.util.WorkThreadPool;1;0;0;1.0000;6;1;0;1;3;0.8621;174;15;14
org.gjt.sp.jedit.search.HyperSearchRequest.doHyperSearch(Buffer, int, int, DefaultMutableTreeNode);org.gjt.sp.jedit.buffer.JEditBuffer;0;0;0;0;0;0;0;0;0;0;0;0;0
org.gjt.sp.jedit.EditPane.swapMarkerAndCaret(char);org.gjt.sp.jedit.Buffer;0;0;0;0;0;0;0;0;0;0;0;0;0
org.gjt.sp.jedit.gui.ColorWellButton.ColorPickerDialog.init();org.gjt.sp.jedit.gui.ColorWellButton;1;0;3;0.6667;41;4;3;0;1;1.0000;13;1;0
org.gjt.sp.jedit.gui.StatusBar.updateCaretStatus();org.gjt.sp.jedit.textarea.DisplayManager;1;0;5;0.9000;261;11;26;1;0;0.9828;513;30;16
org.gjt.sp.jedit.io.FileVFS.getPermissions(String);org.gjt.sp.jedit.OperatingSystem;0;0;0;1.0000;193;17;1;1;0;1.0000;122;13;11
org.gjt.sp.jedit.textarea.Gutter.MouseHandler.mouseReleased(MouseEvent);org.gjt.sp.jedit.textarea.JEditTextArea;2;0;1;0.9167;89;5;4;0;1;0.9962;2774;208;61
org.gjt.sp.jedit.browser.VFSFileChooserDialog.ok();org.gjt.sp.jedit.io.VFSManager;2;1;4;0.7500;155;5;7;3;0;1.0000;129;15;11
org.gjt.sp.jedit.buffer.KillRing.load();org.gjt.sp.jedit.jEdit;4;0;3;1.0000;169;7;4;0;1;1.0000;1709;108;29
org.gjt.sp.jedit.textarea.DisplayManager.hideLineRange(int, int);org.gjt.sp.jedit.textarea.Anchor;0;0;0;0;0;0;0;0;0;0;0;0;0
org.gjt.sp.jedit.textarea.ScreenLineManager.reset();org.gjt.sp.jedit.buffer.JEditBuffer;0;0;0;0;0;0;0;0;0;0;0;0;0
org.gjt.sp.jedit.Registers.loadRegisters();org.gjt.sp.jedit.jEdit;4;0;3;1.0000;231;16;5;0;1;1.0000;1709;108;29
org.gjt.sp.jedit.textarea.JEditTextArea.getRectParams(int, int);org.gjt.sp.jedit.textarea.Selection.Rect;2;4;3;0.9738;2774;208;61;0;2;0.9333;208;9;2
bsh.BshMethod.invoke(Object[], Interpreter, CallStack, SimpleNode, boolean);bsh.Reflect;1;1;4;0.7826;139;7;10;1;0;1.0000;422;31;0
org.gjt.sp.jedit.BufferHistory.Entry.getSelection();org.gjt.sp.jedit.BufferHistory;0;0;1;0.8000;9;1;4;1;0;1.0000;189;9;3
org.gjt.sp.jedit.gui.PasteFromListDialog.ListHandler.valueChanged(ListSelectionEvent);org.gjt.sp.jedit.gui.PasteFromListDialog;0;0;0;1.0000;4;1;0;2;0;0.8182;76;5;5
org.gjt.sp.jedit.gui.CompleteWord.KeyHandler.keyTyped(KeyEvent);org.gjt.sp.jedit.gui.KeyEventWorkaround;2;0;0;1.0000;95;2;0;1;0;1.0000;161;2;6
org.gjt.sp.jedit.BeanShellAction.invoke(View);org.gjt.sp.util.Log;2;0;3;0.7273;61;3;8;1;1;1.0000;142;9;16
bsh.BSHAllocationExpression.primitiveArrayAllocation(BSHPrimitiveType, BSHArrayDimensions, CallStack, Interpreter);bsh.BSHPrimitiveType;1;1;0;0.9000;119;9;1;0;1;0.6667;6;0;1
org.gjt.sp.jedit.jEdit.main(String[]);bsh.NameSpace;5;17;8;1.0000;1709;108;29;1;0;0.9888;491;64;21
org.gjt.sp.jedit.textarea.JEditTextArea.goToNextCharacter(boolean);org.gjt.sp.jedit.textarea.DisplayManager;2;7;6;0.9508;2774;208;61;1;0;0.9828;513;30;16
org.gjt.sp.jedit.search.SearchAndReplace.record(View, String, boolean, boolean);org.gjt.sp.jedit.Macros.Recorder;1;0;8;1.0000;537;32;11;1;0;0.9412;80;8;6
org.gjt.sp.jedit.options.PluginManagerOptionPane.DownloadMirrorsThread.run();org.gjt.sp.jedit.jEdit;2;0;0;1.0000;28;1;0;1;0;1.0000;1709;108;29
org.gjt.sp.jedit.Registers.paste(JEditTextArea, char, boolean);org.gjt.sp.jedit.gui.HistoryModel;1;1;0;1.0000;231;16;5;2;0;0.9600;131;9;8
org.gjt.sp.jedit.search.SearchBar.DocumentHandler.insertUpdate(DocumentEvent);org.gjt.sp.jedit.search.SearchBar;3;0;0;1.0000;30;3;0;1;2;0.8571;130;6;10
org.gjt.sp.jedit.search.SearchDialog.ButtonActionHandler.actionPerformed(ActionEvent);org.gjt.sp.jedit.View;1;0;0;1.0000;33;1;0;1;0;0.9868;679;41;39
org.gjt.sp.jedit.search.HyperSearchResult.pathEquals(String);org.gjt.sp.jedit.MiscUtilities;0;0;1;0.9231;66;7;6;1;0;1.0000;629;50;3
org.gjt.sp.jedit.EditPane.StatusHandler.statusChanged(JEditTextArea, int, boolean);org.gjt.sp.jedit.EditPane;0;0;0;0;0;0;0;0;0;0;0;0;0
org.gjt.sp.jedit.options.MouseOptionPane._save();org.gjt.sp.jedit.jEdit;0;0;6;0.3333;46;2;6;2;0;1.0000;1709;108;29
org.gjt.sp.jedit.textarea.Gutter.MouseHandler.mousePressed(MouseEvent);org.gjt.sp.jedit.textarea.ChunkCache.LineInfo;5;0;2;0.9474;89;5;4;0;1;0.9744;0;0;8
org.gjt.sp.jedit.EditPane.StatusHandler.bracketSelected(JEditTextArea, int, String);org.gjt.sp.jedit.jEdit;0;0;0;0;0;0;0;0;0;0;0;0;0
org.gjt.sp.jedit.Buffer.setMode();org.gjt.sp.jedit.Mode;0;3;1;0.9755;1798;136;53;1;0;0.9474;89;9;5
macos.menu.MacOSMenu.ShowDirAction.actionPerformed(ActionEvent);macos.MacOSActions;0;0;1;0.0000;6;1;1;1;0;1.0000;8;2;0
org.gjt.sp.jedit.gui.DockableWindowFactory.Window.ToggleAction.invoke(View);org.gjt.sp.jedit.gui.DockableWindowManager;0;0;0;0;0;0;0;0;0;0;0;0;0
org.gjt.sp.jedit.gui.DockableWindowFactory.Window.OpenAction.invoke(View);org.gjt.sp.jedit.gui.DockableWindowManager;0;0;0;0;0;0;0;0;0;0;0;0;0
org.gjt.sp.jedit.textarea.JEditTextArea.getLineOfOffset(int);org.gjt.sp.jedit.buffer.JEditBuffer;0;0;0;0;0;0;0;0;0;0;0;0;0
org.gjt.sp.jedit.jEdit.initSiteProperties();org.gjt.sp.util.Log;1;0;2;1.0000;1709;108;29;1;2;1.0000;142;9;16
bsh.SimpleNode.toString();bsh.ParserTreeConstants;1;0;1;0.9500;76;14;7;0;1;0.9750;0;0;39
org.objectweb.asm.CodeWriter.visitIincInsn(int, int);org.objectweb.asm.Constants;1;0;3;0.9434;919;30;27;0;1;0.9946;0;0;179
org.gjt.sp.jedit.io.FileVFS._getFile(Object, String, Component);org.gjt.sp.jedit.OperatingSystem;0;0;0;0;0;0;0;0;0;0;0;0;0
org.gjt.sp.jedit.gui.JCheckBoxList.LabelRenderer.getTableCellRendererComponent(JTable, Object, boolean, boolean, int, int);org.gjt.sp.jedit.gui.JCheckBoxList.Entry;2;0;2;0.6000;11;1;2;0;1;0.8750;14;0;3
bsh.Parser.Literal();bsh.Primitive;5;8;2;0.9735;5894;347;13;0;2;1.0000;506;35;5
org.gjt.sp.jedit.syntax.TokenMarker.markTokens(LineContext, TokenHandler, Segment);org.gjt.sp.jedit.syntax.ParserRule;4;4;11;0.5833;352;10;13;0;3;0.9459;50;9;27
org.gjt.sp.jedit.Marker.createPosition();org.gjt.sp.jedit.buffer.JEditBuffer;0;0;0;0;0;0;0;0;0;0;0;0;0
org.gjt.sp.jedit.buffer.JEditBuffer.getLineText(int, Segment);org.gjt.sp.jedit.buffer.LineManager;0;0;0;0;0;0;0;0;0;0;0;0;0
org.gjt.sp.jedit.textarea.JEditTextArea.getMarkPosition();org.gjt.sp.jedit.textarea.Selection;1;1;1;0.9923;2774;208;61;0;2;0.8889;43;9;4
org.gjt.sp.jedit.gui.RegisterViewer.refreshList();org.gjt.sp.jedit.Registers.Register;0;0;0;0;0;0;0;0;0;0;0;0;0
org.gjt.sp.jedit.textarea.MouseHandler.doSingleClick(MouseEvent);org.gjt.sp.jedit.textarea.ChunkCache.LineInfo;0;0;0;0;0;0;0;0;0;0;0;0;0
bsh.Name.invokeLocalMethod(Interpreter, Object[], CallStack, SimpleNode);bsh.BshMethod;1;0;2;0.9130;341;17;9;1;0;0.9615;139;7;10
org.gjt.sp.jedit.pluginmgr.ManagePanel.PluginTableModel.getValueAt(int, int);org.gjt.sp.jedit.pluginmgr.ManagePanel.Entry;1;0;1;0.9524;153;15;2;0;5;0.6364;29;0;11
org.gjt.sp.jedit.View.loadToolBars();org.gjt.sp.jedit.GUIUtilities;0;2;7;0.9063;679;41;39;1;0;1.0000;486;55;9
org.gjt.sp.jedit.browser.VFSBrowser.filesActivated(int, boolean);org.gjt.sp.jedit.View;4;2;14;0.8730;542;33;34;4;0;0.9481;679;41;39
org.gjt.sp.jedit.PerspectiveManager.PerspectiveHandler.doctypeDecl(String, String, String);org.gjt.sp.util.Log;1;0;0;1.0000;45;5;4;1;1;1.0000;142;9;16
org.gjt.sp.jedit.options.ShortcutsOptionPane.ShortcutsModel.KeyCompare.compare(Object, Object);org.gjt.sp.jedit.MiscUtilities;1;0;1;0.6667;25;1;1;1;0;1.0000;629;50;3
org.gjt.sp.jedit.BeanShell.CustomClassManager.addListener(Listener);bsh.Interpreter;1;0;2;0.6000;27;4;2;1;1;1.0000;490;39;19
org.gjt.sp.jedit.PluginJAR.generateCache();org.gjt.sp.jedit.ActionContext;5;2;10;0.7647;557;18;15;1;0;0.9756;41;7;3
bsh.Parser.jj_3_4();bsh.ParserConstants;1;2;0;0.9945;5894;347;13;0;1;0.9925;0;0;131
org.gjt.sp.jedit.buffer.BufferIORequest.write(Buffer, OutputStream);org.gjt.sp.jedit.Buffer;2;0;5;1.0000;509;11;25;4;3;0.9758;1798;136;53
org.gjt.sp.jedit.gui.AddAbbrevDialog.ActionHandler.actionPerformed(ActionEvent);org.gjt.sp.jedit.Buffer;3;0;0;1.0000;22;1;0;0;1;0.9942;1798;136;53
org.gjt.sp.jedit.help.HelpViewer.dispose();org.gjt.sp.jedit.jEdit;0;0;1;0.9412;143;4;11;1;0;1.0000;1709;108;29
bsh.Parser.StatementExpressionList();bsh.ParserConstants;2;5;2;0.9809;5894;347;13;0;1;0.9930;0;0;131
org.gjt.sp.jedit.search.SearchAndReplace.setSearchMatcher(SearchMatcher);org.gjt.sp.jedit.EditBus;0;0;1;1.0000;537;32;11;1;0;1.0000;44;4;2
org.gjt.sp.jedit.textarea.JEditTextArea.selectToMatchingBracket(int, boolean);org.gjt.sp.jedit.TextUtilities;0;4;2;0.9769;2774;208;61;1;0;1.0000;343;14;8
org.gjt.sp.jedit.browser.VFSBrowser.FavoritesMenuButton.MouseHandler.mousePressed(MouseEvent);org.gjt.sp.jedit.GUIUtilities;1;0;0;1.0000;8;1;0;1;0;1.0000;486;55;9
org.gjt.sp.jedit.PluginJAR.activatePlugin();org.gjt.sp.jedit.EditBus;3;3;4;0.7941;557;18;15;1;0;1.0000;44;4;2
bsh.ClassGeneratorUtil.getConstructorArgs(String, This, Object[], int);bsh.Types;3;0;2;1.0000;457;21;19;1;0;1.0000;98;10;4
org.gjt.sp.jedit.textarea.DisplayManager.resetAnchors();org.gjt.sp.jedit.textarea.Anchor;0;0;0;0;0;0;0;0;0;0;0;0;0
org.gjt.sp.jedit.browser.VFSFileChooserDialog.BrowserHandler.filesSelected(VFSBrowser, VFSFile[]);org.gjt.sp.jedit.browser.VFSBrowser;0;0;0;0;0;0;0;0;0;0;0;0;0
org.gjt.sp.jedit.browser.VFSFileNameField.doComplete(String);org.gjt.sp.jedit.browser.VFSBrowser;3;0;1;0.9375;129;5;1;1;4;0.9516;542;33;34
gnu.regexp.RETokenPOSIX.match(CharIndexed, REMatch);gnu.regexp.CharIndexed;2;0;15;0.7000;68;4;16;1;1;0.7778;3;3;1
gnu.regexp.RETokenEndSub.match(CharIndexed, REMatch);gnu.regexp.REMatch;1;0;0;1.0000;9;2;0;0;2;0.9130;95;12;8
org.gjt.sp.jedit.gui.OptionsDialog.save(Object);org.gjt.sp.jedit.OptionPane;1;1;1;0.9630;231;15;9;1;0;0.8333;4;4;0
org.gjt.sp.jedit.options.ShortcutsOptionPane._init();org.gjt.sp.jedit.jEdit;0;1;5;0.4545;69;6;5;1;0;1.0000;1709;108;29
org.gjt.sp.jedit.pluginmgr.ManagePanel.HideLibrariesButton.actionPerformed(ActionEvent);org.gjt.sp.jedit.jEdit;0;0;0;1.0000;9;1;0;1;0;1.0000;1709;108;29
bsh.ClassGeneratorUtil.getConstructorArgs(String, This, Object[], int);bsh.BshMethod;3;0;2;1.0000;457;21;19;0;2;0.9412;139;7;10
org.gjt.sp.jedit.gui.PanelWindowContainer.showMostRecent();org.gjt.sp.jedit.gui.DockableWindowManager.Entry;2;0;3;0.8966;163;12;15;0;1;0.9231;8;0;6
org.gjt.sp.jedit.gui.FloatingWindowContainer.register(DockableWindowManager.Entry);org.gjt.sp.jedit.gui.DockableWindowManager.Entry;2;0;1;0.9286;63;7;4;0;3;0.6667;8;0;6
org.gjt.sp.jedit.jEdit.initSystemProperties();org.gjt.sp.jedit.PropertyManager;1;0;1;1.0000;1709;108;29;1;0;0.9474;79;15;4
org.gjt.sp.jedit.search.BufferListSet.getNextFile(View, String);org.gjt.sp.jedit.io.VFSManager;2;2;1;0.7000;47;7;1;1;0;1.0000;129;15;11
org.gjt.sp.jedit.textarea.ScrollLineCount.reset();org.gjt.sp.jedit.buffer.JEditBuffer;0;0;0;0;0;0;0;0;0;0;0;0;0
org.gjt.sp.jedit.View.hideWaitCursor();org.gjt.sp.jedit.EditPane;2;1;1;0.9688;679;41;39;0;1;0.9600;273;15;7
org.gjt.sp.jedit.help.HelpTOCPanel.loadTOC(DefaultMutableTreeNode, String);org.gjt.sp.util.Log;4;0;1;0.9333;106;5;5;1;1;1.0000;142;9;16
org.gjt.sp.jedit.io.VFS._listDirectory(Object, ArrayList, ArrayList, String, RE, boolean, Component);org.gjt.sp.util.Log;1;3;0;0.9394;191;26;17;1;2;1.0000;142;9;16
org.gjt.sp.jedit.View.getViewConfig();org.gjt.sp.jedit.gui.PanelWindowContainer;3;2;3;0.9405;679;41;39;1;1;0.9615;163;12;15
org.gjt.sp.jedit.browser.VFSDirectoryEntryTable.resizeColumns();org.gjt.sp.jedit.browser.VFSDirectoryEntryTableModel;0;0;0;0;0;0;0;0;0;0;0;0;0
org.gjt.sp.jedit.search.SearchAndReplace.replaceAll(View);org.gjt.sp.jedit.search.SearchDialog;3;5;2;1.0000;537;32;11;1;0;1.0000;431;17;30
org.gjt.sp.jedit.options.ShortcutsOptionPane.createModel(String, String[]);org.gjt.sp.jedit.jEdit;0;1;0;0.9091;69;6;5;1;0;1.0000;1709;108;29
org.gjt.sp.jedit.buffer.BufferSaveRequest.run();org.gjt.sp.jedit.io.VFSManager;0;0;0;0;0;0;0;0;0;0;0;0;0
org.objectweb.asm.CodeWriter.init(int, String, String, String[]);org.objectweb.asm.Constants;2;1;8;0.8462;919;30;27;0;1;0.9947;0;0;179
org.gjt.sp.util.WorkRequest.setProgressMaximum(int);org.gjt.sp.util.WorkThread;0;0;0;1.0000;16;4;0;1;0;0.9412;94;8;8
org.gjt.sp.jedit.io.VFSManager.init();org.gjt.sp.util.WorkThreadPool;0;0;1;1.0000;129;15;11;2;0;0.9310;174;15;14
org.gjt.sp.jedit.textarea.ScreenLineManager.setScreenLineCount(int, int);org.gjt.sp.util.Log;0;0;0;0;0;0;0;0;0;0;0;0;0
org.gjt.sp.jedit.options.BrowserColorsOptionPane.updateEnabled();org.gjt.sp.jedit.options.BrowserColorsModel;0;0;4;0.6364;58;4;6;1;0;0.9444;85;12;1
bsh.Parser.AssignmentOperator();bsh.ParserConstants;2;3;1;0.9894;5894;347;13;0;15;0.8897;0;0;131
macos.MacOSPlugin.osok();org.gjt.sp.jedit.jEdit;1;0;0;1.0000;40;3;3;1;0;1.0000;1709;108;29
bsh.Parser.ClassDeclaration();bsh.ParserConstants;5;8;2;0.9735;5894;347;13;0;5;0.9671;0;0;131
org.gjt.sp.jedit.syntax.ParserRuleSet.addRule(ParserRule);org.gjt.sp.jedit.syntax.ParserRule;1;0;4;0.9032;126;13;19;0;2;0.8571;50;9;27
macos.menu.ShowRecentMenu.ShowRecentMenuItem.ShowFileAction.actionPerformed(ActionEvent);macos.MacOSActions;1;0;0;1.0000;3;1;0;1;0;1.0000;8;2;0
org.gjt.sp.jedit.EditPane.StatusHandler.narrowActive(JEditTextArea);org.gjt.sp.jedit.gui.StatusBar;0;0;0;0;0;0;0;0;0;0;0;0;0
org.gjt.sp.jedit.textarea.JEditTextArea.scrollTo(int, int, boolean);org.gjt.sp.util.Log;2;7;11;0.9321;2774;208;61;1;2;1.0000;142;9;16
org.gjt.sp.jedit.PluginJAR.uninit(boolean);org.gjt.sp.jedit.jEdit;3;1;8;0.7273;557;18;15;2;1;1.0000;1709;108;29
org.gjt.sp.jedit.options.StatusBarOptionPane._init();org.gjt.sp.jedit.jEdit;0;1;16;0.1905;83;3;16;3;0;1.0000;1709;108;29
bsh.ClassGeneratorUtil.getConstructorArgs(String, This, Object[], int);bsh.NameSpace;3;0;2;1.0000;457;21;19;2;0;0.9800;491;64;21
org.objectweb.asm.Item.set(double);org.objectweb.asm.ClassWriter;1;0;3;0.8333;76;6;11;0;1;1.0000;305;21;49
org.gjt.sp.jedit.syntax.TokenMarker.markKeyword(boolean);org.gjt.sp.jedit.syntax.KeywordMap;3;0;6;0.7931;352;10;13;1;0;0.9600;76;8;4
bsh.Parser.VariableDeclarator();bsh.ParserTreeConstants;4;5;2;0.9811;5894;347;13;0;1;0.9815;0;0;39
bsh.Name.toLHS(CallStack, Interpreter);bsh.Reflect;2;3;4;0.7000;341;17;9;2;0;1.0000;422;31;0
bsh.BSHMethodDeclaration.evalNodes(CallStack, Interpreter);bsh.BSHAmbiguousName;2;1;5;0.7143;57;7;8;1;0;0.9500;42;7;1
org.gjt.sp.jedit.textarea.DisplayManager.expandFolds(int);org.gjt.sp.jedit.textarea.JEditTextArea;1;3;2;0.8864;513;30;16;1;0;0.9963;2774;208;61
bsh.ClassGeneratorImpl.generateClassImpl(String, Modifiers, Class[], Class, BSHBlock, boolean, CallStack, Interpreter);bsh.NameSpace;3;2;0;1.0000;109;7;0;5;2;0.9271;491;64;21
bsh.Interpreter.setClassLoader(ClassLoader);bsh.BshClassManager;0;1;0;0.9808;490;39;19;1;0;0.9737;176;32;9
org.gjt.sp.jedit.jEdit.unsetProperty(String);org.gjt.sp.jedit.PropertyManager;0;0;1;1.0000;1709;108;29;1;0;0.9474;79;15;4
org.gjt.sp.jedit.jEdit.runStartupScripts(File);org.gjt.sp.jedit.Macros;1;0;0;1.0000;1709;108;29;1;0;1.0000;232;21;6
installer.SwingInstall.SelectComponents.createCompPanel();installer.Install;1;0;1;0.8889;41;3;3;2;0;0.7500;61;4;2
bsh.Parser.Assignment();bsh.BSHAssignment;2;5;1;0.9837;5894;347;13;0;1;0.9333;71;2;1
org.gjt.sp.jedit.options.AbbrevsModel.AbbrevCompare.compare(Object, Object);org.gjt.sp.jedit.options.Abbrev;1;0;1;0.6667;17;1;1;0;2;0.6000;6;0;2
org.gjt.sp.jedit.gui.SelectLineRange.ok();org.gjt.sp.jedit.View;2;0;3;0.8000;91;4;5;2;0;0.9714;679;41;39
org.gjt.sp.jedit.textarea.JEditTextArea.doWordWrap(boolean);org.gjt.sp.jedit.buffer.JEditBuffer;0;0;0;0;0;0;0;0;0;0;0;0;0
org.gjt.sp.jedit.gui.SelectLineRange.ok();org.gjt.sp.jedit.textarea.JEditTextArea;2;0;3;0.8000;91;4;5;3;1;0.9848;2774;208;61
org.gjt.sp.jedit.jEdit.reloadAllBuffers(View, boolean);org.gjt.sp.jedit.EditPane;1;1;1;1.0000;1709;108;29;1;0;0.9615;273;15;7
org.gjt.sp.jedit.textarea.TextAreaPainter.PaintSelection.paintSelection(Graphics2D, int, int, int, Selection);org.gjt.sp.jedit.textarea.SelectionManager;0;0;0;0;0;0;0;0;0;0;0;0;0
org.gjt.sp.jedit.gui.OptionsDialog.OptionTreeModel.getIndexOfChild(Object, Object);org.gjt.sp.jedit.OptionGroup;0;0;0;1.0000;82;11;2;1;0;0.9286;69;8;4
org.gjt.sp.jedit.textarea.StructureMatcher.Highlight.paintHighlight(Graphics, int, int, int, int, Match);org.gjt.sp.jedit.textarea.JEditTextArea;3;1;1;0.8000;55;3;1;2;1;0.9887;2774;208;61
org.gjt.sp.jedit.Autosave.actionPerformed(ActionEvent);org.gjt.sp.jedit.jEdit;2;0;0;1.0000;29;3;1;1;1;1.0000;1709;108;29
org.gjt.sp.jedit.gui.DockablePanel.ResizeMouseHandler.mouseDragged(MouseEvent);org.gjt.sp.jedit.gui.PanelWindowContainer;0;0;0;0;0;0;0;0;0;0;0;0;0
org.gjt.sp.jedit.Buffer.getContextSensitiveProperty(int, String);org.gjt.sp.jedit.jEdit;1;1;1;0.9879;1798;136;53;1;0;1.0000;1709;108;29
org.gjt.sp.jedit.browser.BrowserIORequest.listDirectory();org.gjt.sp.jedit.jEdit;1;0;5;0.7222;179;6;11;1;0;1.0000;1709;108;29
org.gjt.sp.jedit.search.SearchDialog.ReplaceActionHandler.actionPerformed(ActionEvent);org.gjt.sp.jedit.gui.HistoryTextArea;0;0;0;0;0;0;0;0;0;0;0;0;0
org.gjt.sp.jedit.textarea.JEditTextArea.goToNextLine(boolean);org.gjt.sp.jedit.textarea.ChunkCache;0;7;7;0.9468;2774;208;61;1;0;0.9811;333;25;9
org.gjt.sp.jedit.textarea.TextAreaPainter.PaintWrapGuide.getToolTipText(int, int);org.gjt.sp.jedit.textarea.JEditTextArea;3;0;0;1.0000;16;2;0;0;3;0.9886;2774;208;61
bsh.BshMethod.invokeImpl(Object[], Interpreter, CallStack, SimpleNode, boolean);bsh.BSHBlock;5;0;7;0.8000;139;7;10;1;0;0.9630;48;3;1
org.gjt.sp.jedit.View.ScrollHandler.scrolledVertically(JEditTextArea);org.gjt.sp.jedit.gui.StatusBar;1;0;0;1.0000;5;2;0;1;0;0.9744;261;11;26
org.gjt.sp.jedit.browser.VFSBrowser.browseDirectoryInNewWindow(View, String);org.gjt.sp.jedit.jEdit;1;0;0;1.0000;542;33;34;2;0;1.0000;1709;108;29
org.gjt.sp.jedit.pluginmgr.Roster.Install.runInAWTThread(Component);org.gjt.sp.jedit.jEdit;2;1;3;0.6667;112;5;5;1;0;1.0000;1709;108;29
org.gjt.sp.jedit.options.PluginManagerOptionPane._init();org.gjt.sp.jedit.jEdit;1;0;9;0.1818;62;2;9;2;2;1.0000;1709;108;29
bsh.BSHTypedVariableDeclaration.eval(CallStack, Interpreter);bsh.BSHVariableDeclarator;2;2;1;0.7692;44;5;1;1;1;0.8333;16;2;1
org.gjt.sp.jedit.search.SearchAndReplace.find(View, Buffer, int, boolean, boolean);org.gjt.sp.jedit.textarea.JEditTextArea;1;1;0;1.0000;537;32;11;3;0;0.9887;2774;208;61
org.gjt.sp.jedit.search.HyperSearchResults.BufferLoadedVisitor.visit(Buffer, HyperSearchResult);org.gjt.sp.jedit.search.HyperSearchResult;0;0;0;1.0000;3;1;0;1;0;0.9286;66;7;6
org.gjt.sp.jedit.browser.FileCellRenderer.getTableCellRendererComponent(JTable, Object, boolean, boolean, int, int);org.gjt.sp.jedit.browser.VFSDirectoryEntryTableModel;3;0;6;0.6842;83;6;12;1;0;0.9643;103;11;2
org.gjt.sp.jedit.buffer.JEditBuffer.markTokens(int, TokenHandler);org.gjt.sp.util.Log;0;0;0;0;0;0;0;0;0;0;0;0;0
bsh.NameSpace.doSuperImport();bsh.BshClassManager;0;1;0;0.9884;491;64;21;1;0;0.9737;176;32;9
org.gjt.sp.jedit.buffer.JEditBuffer.remove(int, int);org.gjt.sp.jedit.buffer.ContentManager;0;0;0;0;0;0;0;0;0;0;0;0;0
org.gjt.sp.jedit.gui.EnhancedButton.MouseHandler.mouseEntered(MouseEvent);org.gjt.sp.jedit.View;2;0;1;0.8333;19;3;1;0;1;0.9848;679;41;39
org.gjt.sp.jedit.textarea.JEditTextArea.getSelectionEnd(int);org.gjt.sp.jedit.textarea.Selection;0;0;3;0.9884;2774;208;61;1;0;0.9474;43;9;4
com.loomcom.ant.tasks.jarbundler.JarBundler.execute();com.loomcom.ant.tasks.jarbundler.AppBundleProperties;0;0;0;0;0;0;0;0;0;0;0;0;0
org.gjt.sp.jedit.gui.CompleteWord.getCompletions(Buffer, String, KeywordMap, String, int, Set);org.gjt.sp.jedit.buffer.JEditBuffer;0;0;0;0;0;0;0;0;0;0;0;0;0
org.gjt.sp.jedit.buffer.KillRing.add(UndoManager.Remove);org.gjt.sp.jedit.buffer.UndoManager.Remove;1;0;3;1.0000;169;7;4;0;3;0.6667;20;2;6
org.gjt.sp.jedit.PluginJAR.startPlugin();org.gjt.sp.util.Log;3;1;2;0.9211;557;18;15;1;1;1.0000;142;9;16
org.gjt.sp.jedit.textarea.DisplayManager.updateScreenLineCount(int);org.gjt.sp.jedit.textarea.ChunkCache;0;0;0;0;0;0;0;0;0;0;0;0;0
org.gjt.sp.jedit.buffer.BufferIORequest.read(Reader, long, boolean);org.gjt.sp.jedit.jEdit;2;0;7;0.9286;509;11;25;2;0;1.0000;1709;108;29
org.gjt.sp.jedit.search.HyperSearchRequest.searchInSelection(Buffer);org.gjt.sp.jedit.buffer.JEditBuffer;0;0;0;0;0;0;0;0;0;0;0;0;0
org.gjt.sp.jedit.browser.BrowserView.saveExpansionState();org.gjt.sp.jedit.browser.VFSDirectoryEntryTable;0;0;2;0.9000;139;12;7;1;0;0.9500;240;13;4
org.gjt.sp.jedit.help.HelpViewer.gotoURL(String, boolean);org.gjt.sp.jedit.jEdit;1;0;7;0.6111;143;4;11;1;0;1.0000;1709;108;29
bsh.BSHType.getTypeDescriptor(CallStack, Interpreter, String);bsh.BshClassManager;2;2;2;0.7857;82;6;4;1;0;0.9773;176;32;9
org.gjt.sp.jedit.browser.VFSBrowser.directoryLoaded(Object, Object[], boolean);org.gjt.sp.jedit.io.VFSManager;0;0;0;0;0;0;0;0;0;0;0;0;0
org.gjt.sp.jedit.textarea.ChunkCache.updateChunksUpTo(int);org.gjt.sp.jedit.textarea.FirstLine;0;0;0;0;0;0;0;0;0;0;0;0;0
bsh.Parser.generateParseException();bsh.Token;2;0;1;0.9973;5894;347;13;0;5;0.5000;9;1;8
org.gjt.sp.jedit.BeanShell.showEvaluateDialog(View);org.gjt.sp.util.Log;3;2;1;1.0000;279;22;6;1;1;1.0000;142;9;16
org.gjt.sp.jedit.ModeCatalogHandler.endElement(String);org.gjt.sp.jedit.jEdit;0;0;6;0.5385;45;4;6;2;0;1.0000;1709;108;29
org.gjt.sp.jedit.Registers.saveRegisters();org.gjt.sp.jedit.MiscUtilities;2;1;3;1.0000;231;16;5;2;0;1.0000;629;50;3
bsh.Parser.popNode();bsh.JJTParserState;0;0;1;0.9972;5894;347;13;2;0;0.8824;74;10;5
org.gjt.sp.jedit.browser.BrowserView.maybeReloadDirectory(String);org.gjt.sp.jedit.MiscUtilities;3;2;2;0.8095;139;12;7;3;0;1.0000;629;50;3
org.gjt.sp.jedit.Macros.runTemporaryMacro(View);org.gjt.sp.jedit.GUIUtilities;1;1;0;1.0000;232;21;6;1;0;1.0000;486;55;9
com.loomcom.ant.tasks.jarbundler.JarBundler.setSignature(String);com.loomcom.ant.tasks.jarbundler.AppBundleProperties;0;0;0;0;0;0;0;0;0;0;0;0;0
com.microstar.xml.XmlParser.parseElement();com.microstar.xml.XmlHandler;0;10;7;0.9032;2091;113;92;3;0;0.8929;13;13;0
org.gjt.sp.jedit.gui.HistoryModel.saveHistory();org.gjt.sp.jedit.jEdit;2;2;5;0.6250;131;9;8;1;1;1.0000;1709;108;29
bsh.NameSpace.getImportedClassImpl(String);bsh.Name;1;3;2;0.9438;491;64;21;2;0;0.9630;341;17;9
org.gjt.sp.jedit.search.SearchAndReplace.hyperSearch(View, boolean);org.gjt.sp.jedit.View;2;3;0;1.0000;537;32;11;1;1;0.9706;679;41;39
bsh.Reflect.invokeOnMethod(Method, Object, Object[]);bsh.StringUtil;2;0;0;1.0000;422;31;0;1;0;1.0000;44;5;0
bsh.ParserTokenManager.jjMoveStringLiteralDfa22_0(long, long);bsh.JavaCharStream;0;3;2;0.9123;1699;47;25;1;0;0.9804;331;25;17
org.gjt.sp.jedit.jEdit.updatePosition(String, Buffer);org.gjt.sp.jedit.Buffer;2;2;2;1.0000;1709;108;29;0;1;0.9939;1798;136;53
gnu.regexp.RE.initialize(Object, int, RESyntax, int, int);gnu.regexp.RETokenWordBoundary;7;6;7;0.8824;615;37;13;0;2;1.0000;38;2;4
bsh.Parser.jj_3R_116();bsh.ParserConstants;1;3;0;0.9918;5894;347;13;0;5;0.9627;0;0;131
bsh.Parser.PackageDeclaration();bsh.ParserTreeConstants;2;4;1;0.9864;5894;347;13;0;1;0.9796;0;0;39
org.gjt.sp.jedit.io.VFSManager.getVFSForPath(String);org.gjt.sp.jedit.MiscUtilities;0;1;1;1.0000;129;15;11;2;0;1.0000;629;50;3
org.gjt.sp.jedit.gui.InputHandler.invokeReadNextChar(char);org.gjt.sp.jedit.BeanShell;2;0;3;0.8846;133;14;6;1;1;1.0000;279;22;6
org.gjt.sp.jedit.textarea.JEditTextArea.handlePopupTrigger(MouseEvent);org.gjt.sp.jedit.textarea.TextAreaPainter;1;3;4;0.9730;2774;208;61;0;1;0.9839;269;31;36
org.gjt.sp.jedit.pluginmgr.PluginList.Plugin.getInstalledVersion();org.gjt.sp.jedit.jEdit;1;0;1;0.9231;50;6;5;2;0;1.0000;1709;108;29
bsh.Reflect.findAccessibleMethod(Class, String, Class[]);bsh.ReflectManager;0;0;0;1.0000;422;31;0;1;0;1.0000;17;3;1
org.gjt.sp.jedit.Macros.runTemporaryMacro(View);org.gjt.sp.jedit.MiscUtilities;1;1;0;1.0000;232;21;6;1;0;1.0000;629;50;3
org.objectweb.asm.Item.set(int, String, String, String);org.objectweb.asm.ClassWriter;1;0;5;0.7222;76;6;11;0;4;1.0000;305;21;49
org.gjt.sp.jedit.textarea.DisplayManager.setScreenLineCount(int, int);org.gjt.sp.jedit.textarea.Anchor;0;0;0;0;0;0;0;0;0;0;0;0;0
org.gjt.sp.jedit.browser.VFSBrowser.browseDirectory(View, String);org.gjt.sp.jedit.jEdit;1;1;1;0.9828;542;33;34;2;0;1.0000;1709;108;29
org.gjt.sp.jedit.jEdit.propertiesChanged();org.gjt.sp.jedit.buffer.KillRing;1;5;2;1.0000;1709;108;29;1;0;1.0000;169;7;4
org.gjt.sp.jedit.textarea.FirstLine.physUp(int, int);org.gjt.sp.jedit.Debug;0;0;0;0;0;0;0;0;0;0;0;0;0
org.gjt.sp.jedit.search.SearchBar.find(boolean);org.gjt.sp.jedit.View;5;1;5;0.7778;130;6;10;3;1;0.9474;679;41;39
org.gjt.sp.jedit.browser.VFSBrowser.BrowserActionContext.getSelectedFiles(EventObject, VFSBrowser);org.gjt.sp.jedit.browser.VFSBrowser;2;0;0;1.0000;36;2;0;1;1;0.9636;542;33;34
org.gjt.sp.jedit.search.CurrentBufferSet.getFirstFile(View);org.gjt.sp.jedit.View;1;0;0;1.0000;16;5;0;1;0;0.9844;679;41;39
bsh.BSHAmbiguousName.toObject(CallStack, Interpreter, boolean);bsh.CallStack;0;1;0;0.9091;42;7;1;1;0;0.9412;52;11;1
bsh.Parser.ReInit(ParserTokenManager);bsh.JJTParserState;0;0;4;0.9890;5894;347;13;1;0;0.9500;74;10;5
bsh.Parser.EqualityExpression();bsh.Token;4;5;2;0.9810;5894;347;13;0;1;0.9524;9;1;8
org.gjt.sp.jedit.View.setEditPane(EditPane);org.gjt.sp.jedit.EditBus;1;1;2;0.9538;679;41;39;1;0;1.0000;44;4;2
org.gjt.sp.jedit.textarea.JEditTextArea.narrowToSelection();org.gjt.sp.jedit.textarea.Selection;1;1;2;0.9885;2774;208;61;0;2;0.9000;43;9;4
org.gjt.sp.jedit.BufferHistory.save();org.gjt.sp.jedit.MiscUtilities;2;0;2;1.0000;189;9;3;2;0;1.0000;629;50;3
org.gjt.sp.jedit.browser.VFSBrowser.BrowserActionContext.invokeAction(EventObject, EditAction);org.gjt.sp.jedit.GUIUtilities;3;1;0;0.7500;36;2;0;1;0;1.0000;486;55;9
org.gjt.sp.jedit.browser.VFSFileChooserDialog.BrowserHandler.filesActivated(VFSBrowser, VFSFile[]);org.gjt.sp.jedit.browser.VFSBrowser;0;0;0;0;0;0;0;0;0;0;0;0;0
org.gjt.sp.jedit.options.AbbrevsOptionPane.SelectionHandler.valueChanged(ListSelectionEvent);org.gjt.sp.jedit.options.AbbrevsOptionPane;0;0;0;1.0000;3;1;0;1;0;0.9286;112;5;8
org.gjt.sp.jedit.JARClassLoader._loadClass(String, boolean);org.gjt.sp.jedit.PluginJAR;1;0;1;0.9333;143;11;6;2;0;0.9394;557;18;15
bsh.Name.invokeLocalMethod(Interpreter, Object[], CallStack, SimpleNode);bsh.Reflect;1;0;2;0.9130;341;17;9;1;0;1.0000;422;31;0
org.gjt.sp.jedit.gui.StatusBar.updateMiscStatus();org.gjt.sp.jedit.View;1;0;7;0.8250;261;11;26;1;0;0.9863;679;41;39
org.gjt.sp.jedit.options.TextAreaOptionPane._init();org.gjt.sp.jedit.gui.FontSelector;1;0;19;0.2692;72;2;19;0;1;0.9655;48;3;1
org.gjt.sp.jedit.Buffer.load(View, boolean);org.gjt.sp.jedit.io.VFSManager;2;6;7;0.9387;1798;136;53;2;0;1.0000;129;15;11
org.gjt.sp.jedit.browser.VFSBrowser.BrowserActionContext.invokeAction(EventObject, EditAction);org.gjt.sp.jedit.browser.VFSBrowser;3;1;0;0.7500;36;2;0;0;1;0.9825;542;33;34
org.gjt.sp.jedit.gui.InputHandler.invokeAction(String);org.gjt.sp.jedit.jEdit;0;1;0;0.9474;133;14;6;1;0;1.0000;1709;108;29
org.gjt.sp.jedit.gui.StatusBar.updateCaretStatus();org.gjt.sp.jedit.View;1;0;5;0.9000;261;11;26;2;0;0.9750;679;41;39
org.gjt.sp.jedit.syntax.DefaultTokenHandler.getParserRuleSet(TokenMarker.LineContext);org.gjt.sp.jedit.syntax.TokenMarker.LineContext;2;0;0;1.0000;35;5;3;0;2;0.8333;43;5;5
org.gjt.sp.jedit.GUIUtilities.showVFSFileDialog(View, String, int, boolean);org.gjt.sp.jedit.jEdit;1;1;0;1.0000;486;55;9;1;0;1.0000;1709;108;29
org.gjt.sp.jedit.textarea.TextAreaPainter.setBlockCaretEnabled(boolean);org.gjt.sp.jedit.textarea.JEditTextArea;1;1;6;0.9138;269;31;36;1;2;0.9887;2774;208;61
bsh.Parser.jj_3R_117();bsh.ParserConstants;1;5;1;0.9836;5894;347;13;0;4;0.9708;0;0;131
org.gjt.sp.jedit.pluginmgr.Roster.performOperationsInAWTThread(Component);org.gjt.sp.jedit.PluginJAR;1;0;2;0.8462;65;9;3;2;0;0.9429;557;18;15
org.gjt.sp.jedit.options.PluginManagerOptionPane.DownloadMirrorsThread.run();org.gjt.sp.jedit.pluginmgr.MirrorList;2;0;0;1.0000;28;1;0;0;1;0.8571;24;2;1
org.gjt.sp.jedit.buffer.BufferInsertRequest.run();org.gjt.sp.jedit.io.VFSManager;0;0;0;0;0;0;0;0;0;0;0;0;0
org.gjt.sp.jedit.browser.VFSBrowser.searchInDirectory(String, boolean);org.gjt.sp.jedit.search.SearchDialog;1;1;1;0.9623;542;33;34;1;1;1.0000;431;17;30
org.gjt.sp.jedit.EditPane.loadCaretInfo();org.gjt.sp.jedit.Buffer;2;0;3;0.8929;273;15;7;2;3;0.9883;1798;136;53
org.gjt.sp.jedit.textarea.JEditTextArea.xToScreenLineOffset(int, int, boolean);org.gjt.sp.jedit.syntax.Chunk;1;2;3;0.9811;2774;208;61;1;0;1.0000;132;8;11
org.gjt.sp.jedit.SettingsReloader.maybeReload(String);org.gjt.sp.jedit.jEdit;4;0;0;1.0000;30;2;0;1;2;1.0000;1709;108;29
bsh.ParserTokenManager.jjMoveStringLiteralDfa4_0(long, long, long, long, long, long);bsh.JavaCharStream;0;5;4;0.8421;1699;47;25;1;0;0.9818;331;25;17
org.gjt.sp.jedit.buffer.JEditBuffer.insertIndented(int, String);org.gjt.sp.jedit.MiscUtilities;0;0;0;0;0;0;0;0;0;0;0;0;0
org.gjt.sp.jedit.syntax.DisplayTokenHandler.createChunk(byte, int, int, TokenMarker.LineContext);org.gjt.sp.jedit.syntax.ParserRuleSet;3;0;1;0.9412;86;6;11;0;1;0.9688;126;13;19
org.gjt.sp.jedit.browser.VFSFileNameField.doComplete(String, String, boolean);org.gjt.sp.util.Log;0;0;0;0;0;0;0;0;0;0;0;0;0
org.gjt.sp.jedit.browser.VFSBrowser.PluginsMenuButton.ActionHandler.actionPerformed(ActionEvent);org.gjt.sp.jedit.io.VFSManager;0;0;0;1.0000;5;1;0;1;0;1.0000;129;15;11
bsh.Parser.PostfixExpression();bsh.BSHUnaryExpression;4;6;2;0.9794;5894;347;13;0;2;0.9500;50;4;2
macos.Delegate.insertSelection(NSPasteboard, String);org.gjt.sp.jedit.View;3;0;0;1.0000;156;12;2;2;0;0.9688;679;41;39
org.gjt.sp.jedit.ServiceListHandler.doctypeDecl(String, String, String);org.gjt.sp.util.Log;1;0;1;0.9444;67;11;7;1;1;1.0000;142;9;16
bsh.ClassGeneratorUtil.doSwitchBranch(int, String, String[], Label, Label[], int, CodeVisitor);org.objectweb.asm.CodeVisitor;1;2;1;1.0000;457;21;19;5;0;0.7727;17;17;0
bsh.BSHImportDeclaration.eval(CallStack, Interpreter);bsh.Primitive;2;0;3;0.7692;27;1;3;0;1;1.0000;506;35;5
org.gjt.sp.jedit.search.SearchAndReplace.setAutoWrapAround(boolean);org.gjt.sp.jedit.EditBus;0;0;1;1.0000;537;32;11;1;0;1.0000;44;4;2
org.gjt.sp.jedit.browser.VFSBrowser.delete(VFSFile[]);org.gjt.sp.jedit.GUIUtilities;0;0;0;0;0;0;0;0;0;0;0;0;0
installer.CBZip2InputStream.getAndMoveToFrontDecode();installer.BZip2Constants;1;5;15;0.7231;587;29;44;0;4;0.8621;0;0;11
org.gjt.sp.jedit.textarea.MouseHandler.mousePressed(MouseEvent);org.gjt.sp.jedit.textarea.JEditTextArea;0;0;0;0;0;0;0;0;0;0;0;0;0
org.gjt.sp.jedit.textarea.MouseHandler.mouseDragged(MouseEvent);org.gjt.sp.jedit.textarea.JEditTextArea;0;0;0;0;0;0;0;0;0;0;0;0;0
org.gjt.sp.jedit.jEdit.newView(View, Buffer, View.ViewConfig);org.gjt.sp.jedit.View.ViewConfig;4;3;2;1.0000;1709;108;29;0;10;0.6000;19;0;15
org.gjt.sp.jedit.gui.FontSelector.ActionHandler.actionPerformed(ActionEvent);org.gjt.sp.jedit.GUIUtilities;0;0;0;1.0000;14;1;0;1;0;1.0000;486;55;9
bsh.Parser.SwitchLabel();bsh.ParserTreeConstants;3;5;2;0.9811;5894;347;13;0;1;0.9815;0;0;39
bsh.BshMethod.invoke(Object[], Interpreter, CallStack, SimpleNode, boolean);bsh.Modifiers;1;1;4;0.7826;139;7;10;1;0;0.9375;45;7;4
org.gjt.sp.jedit.Macros.Handler.accept(String);org.gjt.sp.jedit.MiscUtilities;0;0;1;0.8750;24;4;3;1;0;1.0000;629;50;3
org.gjt.sp.jedit.menu.EnhancedMenu.init();org.gjt.sp.jedit.menu.DynamicMenuProvider;1;0;4;0.7333;60;5;5;2;0;0.7143;2;2;0
org.gjt.sp.jedit.buffer.KillRing.KillRingHandler.doctypeDecl(String, String, String);org.gjt.sp.util.Log;1;0;0;1.0000;18;4;2;1;1;1.0000;142;9;16
org.gjt.sp.jedit.textarea.Gutter.MouseHandler.mousePressed(MouseEvent);org.gjt.sp.jedit.textarea.MouseActions;5;0;2;0.9474;89;5;4;1;0;0.9697;12;1;1
bsh.Name.invokeMethod(Interpreter, Object[], CallStack, SimpleNode);bsh.Interpreter;3;7;2;0.8333;341;17;9;2;1;0.9836;490;39;19
bsh.ClassGeneratorImpl.getDeclaredVariables(BSHBlock, CallStack, Interpreter, String);bsh.BSHVariableDeclarator;2;0;0;1.0000;109;7;0;0;1;0.8889;16;2;1
bsh.ClassGeneratorUtil.initInstance(Object, String, Object[]);bsh.BshMethod;3;3;2;1.0000;457;21;19;1;0;0.9688;139;7;10
org.gjt.sp.jedit.BufferHistory.load();com.microstar.xml.XmlParser;4;0;1;1.0000;189;9;3;1;1;0.9871;2091;113;92
org.gjt.sp.jedit.gui.OptionsDialog.init(String, String);org.gjt.sp.jedit.jEdit;0;3;8;0.5926;231;15;9;2;0;1.0000;1709;108;29
bsh.Parser.Type();bsh.JJTParserState;2;7;2;0.9762;5894;347;13;4;0;0.8947;74;10;5
org.gjt.sp.jedit.menu.EnhancedMenuItem.paint(Graphics);org.gjt.sp.jedit.OperatingSystem;0;0;4;0.8000;47;3;5;1;0;1.0000;122;13;11
org.gjt.sp.jedit.browser.FileCellRenderer.getIconForFile(VFSFile, boolean, boolean);org.gjt.sp.jedit.io.VFSFile;0;0;0;0;0;0;0;0;0;0;0;0;0
org.gjt.sp.jedit.jEdit.closeAllBuffers(View, boolean);org.gjt.sp.jedit.msg.BufferUpdate;4;1;4;1.0000;1709;108;29;0;1;1.0000;18;2;12
gnu.regexp.RE.getMinMax(char[], int, IntPair, RESyntax);gnu.regexp.IntPair;4;2;0;1.0000;615;37;13;0;2;0.6000;0;0;2
org.gjt.sp.jedit.pluginmgr.Roster.Remove.unloadPluginJAR(PluginJAR);org.gjt.sp.jedit.pluginmgr.Roster;1;1;0;1.0000;49;4;1;0;1;0.9167;65;9;3
org.gjt.sp.jedit.textarea.TextAreaPainter.PaintSelection.paintSelection(Graphics2D, int, int, int, Selection);org.gjt.sp.jedit.textarea.JEditTextArea;1;0;0;1.0000;14;2;0;1;0;0.9962;2774;208;61
org.gjt.sp.jedit.jEdit.getProperty(String, String);org.gjt.sp.jedit.PropertyManager;0;0;1;1.0000;1709;108;29;1;0;0.9474;79;15;4
org.gjt.sp.jedit.help.HistoryButton.DropActionHandler.actionPerformed(ActionEvent);org.gjt.sp.jedit.help.HistoryButton;0;0;0;0;0;0;0;0;0;0;0;0;0
org.gjt.sp.jedit.textarea.JEditTextArea.userInputTab();org.gjt.sp.jedit.textarea.Selection;0;0;0;0;0;0;0;0;0;0;0;0;0
org.gjt.sp.jedit.OptionGroup.insertionSort(String, Object);org.gjt.sp.jedit.jEdit;0;0;3;0.7857;69;8;4;1;0;1.0000;1709;108;29
org.gjt.sp.jedit.textarea.MouseHandler.showCursor();org.gjt.sp.jedit.textarea.JEditTextArea;0;0;0;0;0;0;0;0;0;0;0;0;0
org.gjt.sp.jedit.search.SearchAndReplace.replace(View);org.gjt.sp.jedit.textarea.Selection;2;6;3;1.0000;537;32;11;0;2;0.9200;43;9;4
org.gjt.sp.jedit.gui.MarkerViewer.refreshList();org.gjt.sp.jedit.gui.RolloverButton;0;0;0;0;0;0;0;0;0;0;0;0;0
bsh.Parser.jj_3_26();bsh.ParserConstants;1;4;1;0.9862;5894;347;13;0;2;0.9853;0;0;131
bsh.Parser.Line();bsh.Interpreter;0;4;1;0.9861;5894;347;13;1;0;1.0000;490;39;19
bsh.Parser.Literal();bsh.ParserTreeConstants;5;8;2;0.9735;5894;347;13;0;1;0.9846;0;0;39
org.gjt.sp.jedit.search.SearchDialog.load();org.gjt.sp.jedit.gui.HistoryTextArea;0;0;0;0;0;0;0;0;0;0;0;0;0
QuickNotepad.chooseFile();org.gjt.sp.jedit.GUIUtilities;0;2;3;0.6667;100;9;6;1;0;1.0000;486;55;9
org.gjt.sp.jedit.pluginmgr.ManagePanel.RemoveButton.actionPerformed(ActionEvent);org.gjt.sp.jedit.pluginmgr.Roster;2;0;0;1.0000;29;2;0;2;0;0.8889;65;9;3
org.gjt.sp.jedit.help.HelpTOCPanel.createTOC();org.gjt.sp.jedit.JARClassLoader;2;2;2;0.7143;106;5;5;1;0;0.9524;143;11;6
org.gjt.sp.jedit.gui.FontSelector.updateText();org.gjt.sp.jedit.jEdit;0;0;0;1.0000;48;3;1;1;0;1.0000;1709;108;29
org.gjt.sp.jedit.textarea.BufferHandler.contentRemoved(JEditBuffer, int, int, int, int);org.gjt.sp.jedit.buffer.JEditBuffer;0;0;0;0;0;0;0;0;0;0;0;0;0
org.gjt.sp.jedit.GUIUtilities.isRightButton(int);org.gjt.sp.jedit.OperatingSystem;1;0;0;1.0000;486;55;9;1;1;1.0000;122;13;11
bsh.Parser.VariableInitializer();bsh.ParserConstants;1;4;1;0.9871;5894;347;13;0;26;0.8088;0;0;131
org.gjt.sp.jedit.jEdit.addBufferToList(Buffer);org.gjt.sp.jedit.buffer.JEditBuffer;0;0;0;0;0;0;0;0;0;0;0;0;0
org.gjt.sp.jedit.gui.RegisterViewer.FocusHandler.focusGained(FocusEvent);org.gjt.sp.jedit.gui.RegisterViewer;0;0;0;0;0;0;0;0;0;0;0;0;0
org.gjt.sp.jedit.PluginJAR.startPlugin();org.gjt.sp.jedit.buffer.FoldHandler;3;1;2;0.9211;557;18;15;1;0;1.0000;52;8;3
org.gjt.sp.jedit.textarea.BufferHandler.preContentRemoved(JEditBuffer, int, int, int, int);org.gjt.sp.jedit.textarea.JEditTextArea;6;1;4;0.7826;165;9;7;0;1;0.9963;2774;208;61
org.gjt.sp.jedit.Macros.BeanShellHandler.createMacro(String, String);org.gjt.sp.jedit.Macros.Macro;0;0;0;1.0000;13;3;0;1;0;1.0000;32;3;3
bsh.ClassGeneratorUtil.generateConstructorSwitch(int, int, int, CodeVisitor);org.objectweb.asm.CodeVisitor;3;2;7;0.8000;457;21;19;6;0;0.8065;17;17;0
org.gjt.sp.jedit.PluginJAR.loadCache(PluginCacheEntry);org.gjt.sp.jedit.gui.DockableWindowFactory;0;0;0;0;0;0;0;0;0;0;0;0;0
org.gjt.sp.jedit.browser.VFSDirectoryEntryTable.setDirectory(VFS, Object, ArrayList, Set);org.gjt.sp.jedit.browser.VFSDirectoryEntryTableModel;3;1;3;0.8261;240;13;4;2;1;0.8571;103;11;2
org.gjt.sp.jedit.search.HyperSearchResults.ResultCellRenderer.getTreeCellRendererComponent(JTree, Object, boolean, boolean, boolean, int, boolean);org.gjt.sp.jedit.search.HyperSearchResults;1;0;2;0.5000;34;1;2;0;1;0.9524;146;10;9
org.gjt.sp.jedit.Buffer.finishSaving(View, String, String, String, boolean, boolean);org.gjt.sp.jedit.EditBus;2;10;11;0.9024;1798;136;53;1;0;1.0000;44;4;2
org.gjt.sp.jedit.textarea.BufferHandler.foldLevelChanged(JEditBuffer, int, int);org.gjt.sp.jedit.buffer.JEditBuffer;0;0;0;0;0;0;0;0;0;0;0;0;0
org.gjt.sp.jedit.Macros.message(Component, String);org.gjt.sp.jedit.jEdit;0;0;0;1.0000;232;21;6;1;0;1.0000;1709;108;29
org.gjt.sp.jedit.textarea.JEditTextArea.scrollTo(int, int, boolean);org.gjt.sp.jedit.textarea.ChunkCache;2;7;11;0.9321;2774;208;61;3;0;0.9474;333;25;9
org.gjt.sp.jedit.OptionGroup.addOptionPane(OptionPane);org.gjt.sp.jedit.OptionPane;0;1;0;0.9286;69;8;4;1;0;0.8000;4;4;0
org.gjt.sp.jedit.textarea.DisplayManager.showLineRange(int, int);org.gjt.sp.util.Log;2;5;5;0.7619;513;30;16;1;1;1.0000;142;9;16
org.gjt.sp.jedit.textarea.ChunkCache.scrollUp(int);org.gjt.sp.jedit.textarea.JEditTextArea;3;1;5;0.8286;333;25;9;0;1;0.9962;2774;208;61
org.gjt.sp.jedit.Macros.loadMacros();org.gjt.sp.jedit.ActionSet;1;1;5;1.0000;232;21;6;1;0;0.9565;155;14;7
org.gjt.sp.jedit.browser.VFSDirectoryEntryTable.processKeyEvent(KeyEvent);org.gjt.sp.jedit.MiscUtilities;6;3;3;0.8065;240;13;4;1;0;1.0000;629;50;3
org.gjt.sp.jedit.gui.RegisterViewer.insertRegister();org.gjt.sp.jedit.View;0;0;0;0;0;0;0;0;0;0;0;0;0
org.gjt.sp.jedit.textarea.TextAreaPainter.nextTabStop(float, int);org.gjt.sp.jedit.textarea.JEditTextArea;1;0;1;0.9818;269;31;36;0;1;0.9962;2774;208;61
bsh.BSHAllocationExpression.objectArrayAllocation(BSHAmbiguousName, BSHArrayDimensions, CallStack, Interpreter);bsh.CallStack;0;1;0;0.9167;119;9;1;1;0;0.9412;52;11;1
bsh.BSHAllocationExpression.constructWithInterfaceBody(Class, Object[], BSHBlock, CallStack, Interpreter);bsh.CallStack;0;0;0;1.0000;119;9;1;3;0;0.8421;52;11;1
bsh.Parser.ReturnStatement();bsh.JJTParserState;3;5;2;0.9822;5894;347;13;4;0;0.9231;74;10;5
org.gjt.sp.jedit.buffer.LineManager.contentInserted(int, int, int, int, IntegerArray);org.gjt.sp.util.IntegerArray;0;1;9;0.6250;171;15;12;1;0;0.9375;29;3;2
org.gjt.sp.jedit.browser.BrowserView.directoryLoaded(Object, String, ArrayList);org.gjt.sp.jedit.MiscUtilities;1;0;3;0.8636;139;12;7;0;0;1.0000;629;50;3
org.gjt.sp.jedit.pluginmgr.MirrorList.MirrorCompare.compare(Object, Object);org.gjt.sp.jedit.pluginmgr.MirrorList.Mirror;1;0;0;1.0000;10;2;0;0;4;0.2000;0;0;6
org.gjt.sp.jedit.search.SearchDialog.load();org.gjt.sp.jedit.View;5;0;13;0.7547;431;17;30;1;0;0.9886;679;41;39
org.gjt.sp.jedit.MiscUtilities.isAbsolutePath(String);org.gjt.sp.jedit.OperatingSystem;0;1;0;1.0000;629;50;3;3;0;1.0000;122;13;11
org.gjt.sp.jedit.options.ShortcutsOptionPane.TableMouseHandler.mouseClicked(MouseEvent);org.gjt.sp.jedit.options.ShortcutsOptionPane.ShortcutsModel;2;0;0;1.0000;8;1;0;2;0;0.8750;59;8;2
org.gjt.sp.jedit.buffer.BufferLoadRequest.run();org.gjt.sp.jedit.io.VFSFile;0;0;0;0;0;0;0;0;0;0;0;0;0
macos.Delegate.handleFileCodes(BufferUpdate);org.gjt.sp.jedit.Buffer;4;0;0;1.0000;156;12;2;0;1;0.9939;1798;136;53
org.gjt.sp.jedit.View.getSplitConfig(JSplitPane, StringBuffer);org.gjt.sp.jedit.Buffer;2;1;0;1.0000;679;41;39;0;1;0.9939;1798;136;53
org.gjt.sp.jedit.jEdit.initKeyBindings();org.gjt.sp.jedit.gui.InputHandler;0;1;1;1.0000;1709;108;29;1;0;0.9524;133;14;6
org.gjt.sp.jedit.buffer.BufferIORequest.read(Reader, long, boolean);org.gjt.sp.util.IntegerArray;2;0;7;0.9286;509;11;25;1;1;0.8824;29;3;2
org.gjt.sp.jedit.textarea.JEditTextArea.recalculateLastPhysicalLine();org.gjt.sp.jedit.textarea.ChunkCache.LineInfo;1;1;4;0.9808;2774;208;61;0;1;0.9286;0;0;8
org.gjt.sp.jedit.io.VFS._listDirectory(Object, ArrayList, ArrayList, String, RE, boolean, Component);gnu.regexp.RE;1;3;0;0.9394;191;26;17;1;0;0.9787;615;37;13
org.gjt.sp.jedit.buffer.PositionManager.PosBottomHalf.compareTo(Object);org.gjt.sp.util.Log;2;0;1;0.8333;17;4;2;1;1;1.0000;142;9;16
org.gjt.sp.jedit.gui.PanelWindowContainer.register(DockableWindowManager.Entry);org.gjt.sp.jedit.gui.DockableWindowManager.Entry;3;0;5;0.8333;163;12;15;0;3;0.7857;8;0;6
org.gjt.sp.jedit.help.HelpViewer.handleMessage(EBMessage);org.gjt.sp.jedit.msg.PluginUpdate;1;1;1;0.8947;143;4;11;0;4;0.7143;18;2;6
org.gjt.sp.jedit.options.ContextAddDialog.updateList();org.gjt.sp.jedit.MiscUtilities;1;0;2;0.8571;82;4;7;1;0;1.0000;629;50;3
org.gjt.sp.jedit.gui.IOProgressMonitor.ThreadProgress.update();org.gjt.sp.jedit.io.VFSManager;2;0;3;0.6667;30;1;3;0;1;1.0000;129;15;11
org.gjt.sp.jedit.menu.EnhancedMenuItem.MouseHandler.mouseEntered(MouseEvent);org.gjt.sp.jedit.jEdit;2;0;1;0.8333;19;3;1;1;0;1.0000;1709;108;29
org.gjt.sp.jedit.BufferHistory.RecentHandler.endDocument();org.gjt.sp.jedit.BufferHistory;1;0;0;1.0000;30;5;5;0;1;1.0000;189;9;3
org.gjt.sp.jedit.io.VFSFile.findCompletion(String, String, VFSBrowser, boolean);org.gjt.sp.jedit.io.VFS;0;0;0;0;0;0;0;0;0;0;0;0;0
org.gjt.sp.jedit.PluginJAR.actionsPresentButNotCoreClass();org.gjt.sp.jedit.ActionSet;1;0;2;0.9375;557;18;15;1;0;0.9600;155;14;7
org.gjt.sp.jedit.jEdit.openTemporary(View, String, String, boolean);org.gjt.sp.jedit.Buffer;1;1;1;1.0000;1709;108;29;1;1;0.9878;1798;136;53
macos.Delegate.MacroAction.doAction();org.gjt.sp.jedit.jEdit;0;0;1;0.5000;6;1;1;1;0;1.0000;1709;108;29
org.gjt.sp.jedit.textarea.StructureMatcher.BracketMatcher.getMatch(JEditTextArea);org.gjt.sp.jedit.textarea.JEditTextArea;1;0;0;1.0000;14;2;0;2;3;0.9807;2774;208;61
org.gjt.sp.jedit.pluginmgr.ManagePanel.PluginTableModel.loadPluginJAR(String);org.gjt.sp.jedit.MiscUtilities;1;0;0;1.0000;153;15;2;2;0;1.0000;629;50;3
org.gjt.sp.jedit.Abbrevs.load();org.gjt.sp.jedit.jEdit;2;1;5;1.0000;225;15;8;0;1;1.0000;1709;108;29
org.gjt.sp.jedit.buffer.JEditBuffer.beginCompoundEdit();org.gjt.sp.jedit.buffer.UndoManager;0;0;0;0;0;0;0;0;0;0;0;0;0
org.gjt.sp.jedit.PluginJAR.activatePluginIfNecessary();org.gjt.sp.util.Log;1;2;2;0.8750;557;18;15;1;1;1.0000;142;9;16
org.gjt.sp.jedit.textarea.JEditTextArea.getSelectionIterator();org.gjt.sp.jedit.textarea.SelectionManager;0;0;0;0;0;0;0;0;0;0;0;0;0
bsh.BSHMethodInvocation.eval(CallStack, Interpreter);bsh.Primitive;4;2;0;0.8333;33;3;0;0;1;1.0000;506;35;5
bsh.Parser.SwitchStatement();bsh.ParserConstants;2;8;2;0.9732;5894;347;13;0;7;0.9521;0;0;131
org.gjt.sp.jedit.textarea.TextAreaPainter.paint(Graphics);org.gjt.sp.jedit.textarea.FastRepaintManager.RepaintLines;0;0;0;0;0;0;0;0;0;0;0;0;0
org.gjt.sp.jedit.textarea.JEditTextArea.getBufferLength();org.gjt.sp.jedit.buffer.JEditBuffer;0;0;0;0;0;0;0;0;0;0;0;0;0
org.gjt.sp.jedit.jEdit.openTemporary(View, String, String, boolean);org.gjt.sp.jedit.MiscUtilities;1;1;1;1.0000;1709;108;29;3;0;1.0000;629;50;3
bsh.Parser.AndExpression();bsh.JJTParserState;4;5;2;0.9810;5894;347;13;2;0;0.9286;74;10;5
org.gjt.sp.jedit.textarea.JEditTextArea.removeFromSelection(Selection);org.gjt.sp.jedit.textarea.SelectionManager;0;0;0;0;0;0;0;0;0;0;0;0;0
bsh.Parser.SynchronizedStatement();bsh.ParserTreeConstants;3;5;1;0.9838;5894;347;13;0;1;0.9811;0;0;39
org.gjt.sp.jedit.gui.AboutDialog.AboutPanel.AnimationThread.run();org.gjt.sp.jedit.gui.AboutDialog.AboutPanel;1;0;2;0.7143;25;2;2;0;5;0.7692;48;4;8
org.gjt.sp.jedit.gui.OptionsDialog.ok(boolean);org.gjt.sp.jedit.jEdit;0;2;1;0.8846;231;15;9;2;0;1.0000;1709;108;29
org.gjt.sp.jedit.jEdit.commitTemporary(Buffer);org.gjt.sp.jedit.EditBus;1;1;0;1.0000;1709;108;29;1;0;1.0000;44;4;2
org.gjt.sp.jedit.syntax.ParserRule.createRegexpSequenceRule(char, int, String, ParserRuleSet, byte, boolean);gnu.regexp.RE;1;0;3;1.0000;50;9;27;0;1;1.0000;615;37;13
org.objectweb.asm.CodeWriter.visitVarInsn(int, int);org.objectweb.asm.Constants;2;0;7;0.8983;919;30;27;0;7;0.9630;0;0;179
org.gjt.sp.jedit.gui.EnhancedButton.MouseHandler.mouseExited(MouseEvent);org.gjt.sp.jedit.gui.StatusBar;1;0;1;0.8000;19;3;1;1;0;0.9744;261;11;26
org.gjt.sp.jedit.PluginJAR.activatePluginIfNecessary();org.gjt.sp.jedit.EditPlugin;1;2;2;0.8750;557;18;15;1;0;0.9167;42;7;1
org.gjt.sp.jedit.textarea.JEditTextArea.tallCaretDelete(Selection.Rect, boolean);org.gjt.sp.jedit.textarea.Selection;2;1;1;0.9925;2774;208;61;0;2;0.9200;43;9;4
bsh.Parser.RelationalExpression();bsh.ParserTreeConstants;4;5;2;0.9813;5894;347;13;0;1;0.9828;0;0;39
org.gjt.sp.jedit.jEdit.checkBufferStatus(View);org.gjt.sp.jedit.Buffer;2;1;3;1.0000;1709;108;29;3;3;0.9759;1798;136;53
gnu.regexp.RE.isMatchImpl(CharIndexed, int, int);gnu.regexp.REMatch;2;0;2;0.9565;615;37;13;0;2;0.9231;95;12;8
org.gjt.sp.jedit.EditPane.handleBufferUpdate(BufferUpdate);org.gjt.sp.jedit.Buffer;5;2;5;0.8056;273;15;7;2;1;0.9835;1798;136;53
org.gjt.sp.jedit.textarea.MouseHandler.mousePressed(MouseEvent);org.gjt.sp.jedit.textarea.TextAreaPainter;0;0;0;0;0;0;0;0;0;0;0;0;0
bsh.BSHVariableDeclarator.eval(BSHType, CallStack, Interpreter);bsh.Primitive;2;0;0;1.0000;16;2;1;0;1;1.0000;506;35;5
org.objectweb.asm.Label.resolve(CodeWriter, int, byte[]);org.objectweb.asm.Constants;2;0;5;0.6429;84;3;10;0;1;0.9946;0;0;179
org.gjt.sp.jedit.textarea.DisplayManager.notifyScreenLineChanges();org.gjt.sp.jedit.textarea.JEditTextArea;0;0;0;0;0;0;0;0;0;0;0;0;0
org.gjt.sp.jedit.search.HyperSearchResults.NewSearchAction.actionPerformed(ActionEvent);org.gjt.sp.jedit.search.HyperSearchResults;0;0;0;0;0;0;0;0;0;0;0;0;0
org.gjt.sp.jedit.pluginmgr.Roster.Install.runInAWTThread(Component);org.gjt.sp.jedit.MiscUtilities;2;1;3;0.6667;112;5;5;0;0;1.0000;629;50;3
bsh.BSHPrimarySuffix.getIndexAux(Object, CallStack, Interpreter, SimpleNode);bsh.Types;0;0;0;1.0000;95;5;7;1;0;1.0000;98;10;4
org.gjt.sp.jedit.search.HyperSearchOperationNode.insertTreeNodes(JTree, DefaultMutableTreeNode);org.gjt.sp.jedit.search.HyperSearchFileNode;0;0;0;0;0;0;0;0;0;0;0;0;0
installer.CBZip2OutputStream.hbMakeCodeLengths(char[], int[], int, int);installer.BZip2Constants;1;2;0;1.0000;1262;32;41;0;1;0.9091;0;0;11
org.gjt.sp.jedit.options.PluginManagerOptionPane.MirrorModel.getID(int);org.gjt.sp.jedit.pluginmgr.MirrorList.Mirror;1;0;1;0.8333;18;4;1;0;1;0.8333;0;0;6
org.objectweb.asm.CodeWriter.visitJumpInsn(int, Label);org.objectweb.asm.Label;3;1;7;0.8966;919;30;27;1;4;0.8000;84;3;10
org.gjt.sp.jedit.menu.FavoritesProvider.update(JMenu);org.gjt.sp.jedit.jEdit;2;0;0;1.0000;39;2;0;2;0;1.0000;1709;108;29
org.gjt.sp.jedit.Abbrevs.expandAbbrev(View, boolean);org.gjt.sp.jedit.Buffer;5;2;1;1.0000;225;15;8;0;1;0.9943;1798;136;53
org.gjt.sp.jedit.Macros.recordTemporaryMacro(View);org.gjt.sp.jedit.View;2;1;0;1.0000;232;21;6;0;1;0.9848;679;41;39
org.gjt.sp.jedit.jEdit.openFile(View, String, String, boolean, Hashtable);org.gjt.sp.jedit.buffer.JEditBuffer;0;0;0;0;0;0;0;0;0;0;0;0;0
bsh.BSHEnhancedForStatement.eval(CallStack, Interpreter);bsh.Primitive;3;0;1;0.9474;56;1;1;0;2;1.0000;506;35;5
org.gjt.sp.jedit.gui.MarkerViewer.updateSelection();org.gjt.sp.jedit.buffer.JEditBuffer;0;0;0;0;0;0;0;0;0;0;0;0;0
org.gjt.sp.jedit.jEdit.openFile(View, String, String, boolean, Hashtable);org.gjt.sp.jedit.View;3;2;2;1.0000;1709;108;29;2;0;0.9701;679;41;39
bsh.Parser.jj_3R_177();bsh.ParserConstants;1;2;0;0.9945;5894;347;13;0;1;0.9925;0;0;131
org.gjt.sp.jedit.help.HelpIndex.indexEditorHelp();org.gjt.sp.jedit.jEdit;3;2;1;0.7692;154;9;3;1;1;1.0000;1709;108;29
bsh.BSHEnhancedForStatement.eval(CallStack, Interpreter);bsh.BshIterator;3;0;1;0.9474;56;1;1;2;0;0.8889;2;2;0
org.gjt.sp.jedit.jEdit._closeBuffer(View, Buffer);org.gjt.sp.jedit.EditPane;4;2;3;1.0000;1709;108;29;1;0;0.9677;273;15;7
bsh.BSHArrayDimensions.eval(CallStack, Interpreter);bsh.Reflect;1;0;4;0.6667;44;4;4;1;0;1.0000;422;31;0
installer.SwingInstall.SelectComponents.createCompPanel();installer.OperatingSystem;1;0;1;0.8889;41;3;3;1;0;1.0000;20;4;1
org.gjt.sp.jedit.jEdit.addActionSet(ActionSet);org.gjt.sp.jedit.ActionContext;0;0;1;1.0000;1709;108;29;1;0;0.9000;41;7;3
org.gjt.sp.jedit.textarea.Gutter.paintComponent(Graphics);org.gjt.sp.jedit.buffer.JEditBuffer;0;0;0;0;0;0;0;0;0;0;0;0;0
bsh.Parser.TypedVariableDeclaration();bsh.Modifiers;4;7;2;0.9755;5894;347;13;0;1;1.0000;45;7;4
org.gjt.sp.jedit.io.VFS.loadColors();org.gjt.sp.util.Log;1;0;2;1.0000;191;26;17;1;1;1.0000;142;9;16
org.gjt.sp.jedit.ServiceManager.loadServices(PluginJAR, URL, PluginJAR.PluginCacheEntry);org.gjt.sp.jedit.PluginJAR.PluginCacheEntry;4;0;0;1.0000;78;8;1;0;1;0.9688;139;11;17
org.gjt.sp.jedit.textarea.DisplayManager.hideLineRange(int, int);org.gjt.sp.jedit.textarea.FirstLine;0;0;0;0;0;0;0;0;0;0;0;0;0
bsh.Parser.PrimarySuffix();bsh.BSHPrimarySuffix;4;7;2;0.9761;5894;347;13;0;6;0.9355;95;5;7
bsh.Parser.EqualityExpression();bsh.BSHBinaryExpression;4;5;2;0.9810;5894;347;13;0;1;0.9444;55;3;1
org.gjt.sp.jedit.gui.RegisterViewer.DocumentHandler.updateRegister();org.gjt.sp.jedit.gui.RegisterViewer;0;0;0;0;0;0;0;0;0;0;0;0;0
org.gjt.sp.jedit.menu.DirectoryProvider.update(JMenu);org.gjt.sp.jedit.MiscUtilities;2;0;1;0.8000;69;2;1;1;0;1.0000;629;50;3
org.gjt.sp.jedit.gui.DockablePanel.getPreferredSize();org.gjt.sp.jedit.gui.DockableWindowManager;0;0;0;0;0;0;0;0;0;0;0;0;0
org.gjt.sp.jedit.gui.AddAbbrevDialog.ActionHandler.actionPerformed(ActionEvent);org.gjt.sp.jedit.gui.AbbrevEditor;3;0;0;1.0000;22;1;0;2;0;0.8667;139;4;3
org.gjt.sp.jedit.pluginmgr.InstallPanel.InstallButton.actionPerformed(ActionEvent);org.gjt.sp.jedit.MiscUtilities;4;0;0;1.0000;48;2;0;1;0;1.0000;629;50;3
bsh.Parser.jj_3_11();bsh.ParserConstants;1;2;0;0.9945;5894;347;13;0;2;0.9850;0;0;131
org.gjt.sp.jedit.options.WindowTableModel.WindowCompare.compare(Object, Object);org.gjt.sp.jedit.MiscUtilities;1;0;0;1.0000;5;1;0;1;0;1.0000;629;50;3
bsh.Parser.ReturnStatement();bsh.ParserConstants;3;5;2;0.9822;5894;347;13;0;27;0.8125;0;0;131
org.gjt.sp.jedit.textarea.TextAreaTransferHandler.importFile(JComponent, Transferable);org.gjt.sp.util.Log;0;0;0;0;0;0;0;0;0;0;0;0;0
org.gjt.sp.jedit.textarea.JEditTextArea.invertSelection();org.gjt.sp.jedit.textarea.SelectionManager;0;0;0;0;0;0;0;0;0;0;0;0;0
org.gjt.sp.jedit.buffer.JEditBuffer.insert(int, Segment);org.gjt.sp.jedit.buffer.ContentManager;0;0;0;0;0;0;0;0;0;0;0;0;0
org.gjt.sp.jedit.gui.LogViewer.removeNotify();org.gjt.sp.jedit.EditBus;0;0;0;1.0000;53;5;4;1;0;1.0000;44;4;2
org.gjt.sp.jedit.browser.VFSBrowser.searchInDirectory(String, boolean);org.gjt.sp.jedit.search.SearchAndReplace;1;1;1;0.9623;542;33;34;1;0;1.0000;537;32;11
org.gjt.sp.jedit.textarea.BufferHandler.contentInserted(JEditBuffer, int, int, int, int);org.gjt.sp.jedit.textarea.RangeMap;0;0;0;0;0;0;0;0;0;0;0;0;0
org.gjt.sp.jedit.EditPlugin.createBrowserMenuItems();org.gjt.sp.jedit.browser.VFSBrowser;1;1;0;0.8571;42;7;1;0;1;1.0000;542;33;34
org.gjt.sp.jedit.textarea.MouseHandler.doDoubleClick();org.gjt.sp.jedit.textarea.JEditTextArea;0;0;0;0;0;0;0;0;0;0;0;0;0
com.microstar.xml.XmlParser.doParse(String, String, Reader, InputStream, String);com.microstar.xml.XmlHandler;0;6;5;0.9286;2091;113;92;2;0;0.9167;13;13;0
org.gjt.sp.jedit.textarea.JEditTextArea.lineInStructureScope(int);org.gjt.sp.jedit.textarea.StructureMatcher.Match;1;0;2;0.9923;2774;208;61;0;2;0.7778;12;0;5
bsh.ClassGeneratorImpl.getDeclaredVariables(BSHBlock, CallStack, Interpreter, String);bsh.SimpleNode;2;0;0;1.0000;109;7;0;2;0;0.9167;76;14;7
org.gjt.sp.jedit.BeanShell.showEvaluateLinesDialog(View);org.gjt.sp.jedit.textarea.JEditTextArea;1;1;1;1.0000;279;22;6;2;0;0.9925;2774;208;61
org.gjt.sp.jedit.textarea.DisplayManager.collapseFold(int);org.gjt.sp.jedit.buffer.JEditBuffer;0;0;0;0;0;0;0;0;0;0;0;0;0
bsh.Reflect.getObjectProperty(Object, String);bsh.Interpreter;0;3;0;1.0000;422;31;0;1;0;1.0000;490;39;19
bsh.Parser.jj_3R_115();bsh.ParserConstants;1;3;0;0.9918;5894;347;13;0;3;0.9776;0;0;131
org.gjt.sp.jedit.gui.JCheckBoxList.getCheckedValues();org.gjt.sp.jedit.gui.CheckBoxListModel;1;0;0;1.0000;66;8;1;0;1;0.9286;59;8;1
org.gjt.sp.jedit.gui.StatusBar.addNotify();org.gjt.sp.jedit.io.VFSManager;1;0;0;1.0000;261;11;26;0;1;1.0000;129;15;11
org.gjt.sp.jedit.browser.VFSBrowser.delete(VFSFile[]);org.gjt.sp.jedit.io.FavoritesVFS;0;0;0;0;0;0;0;0;0;0;0;0;0
installer.CBZip2InputStream.setupRandPartB();installer.BZip2Constants;1;2;13;0.7903;587;29;44;0;1;0.9583;0;0;11
org.objectweb.asm.CodeWriter.visitJumpInsn(int, Label);org.objectweb.asm.Constants;3;1;7;0.8966;919;30;27;0;2;0.9896;0;0;179
bsh.Primitive.doubleBinaryOperation(Double, Double, int);bsh.ParserConstants;1;0;0;1.0000;506;35;5;0;21;0.8397;0;0;131
bsh.Parser.ClassDeclaration();bsh.Token;5;8;2;0.9735;5894;347;13;0;1;0.9697;9;1;8
org.gjt.sp.jedit.gui.CompleteWord.KeyHandler.keyPressed(KeyEvent);org.gjt.sp.jedit.textarea.JEditTextArea;2;0;0;1.0000;95;2;0;1;1;0.9925;2774;208;61
bsh.Parser.AdditiveExpression();bsh.ParserTreeConstants;4;5;2;0.9810;5894;347;13;0;1;0.9808;0;0;39
org.gjt.sp.jedit.browser.VFSBrowser.rename(String);org.gjt.sp.jedit.io.VFS;1;1;0;0.9821;542;33;34;3;0;0.9032;191;26;17
bsh.Parser.jj_3R_210();bsh.ParserConstants;1;2;0;0.9945;5894;347;13;0;1;0.9925;0;0;131
org.gjt.sp.jedit.menu.EnhancedCheckBoxMenuItem.paint(Graphics);org.gjt.sp.jedit.OperatingSystem;1;0;1;0.8333;49;3;3;1;0;1.0000;122;13;11
org.gjt.sp.jedit.options.ToolBarOptionPane.ListHandler.valueChanged(ListSelectionEvent);org.gjt.sp.jedit.options.ToolBarOptionPane;0;0;0;1.0000;3;1;0;1;0;0.9231;100;3;9
org.gjt.sp.jedit.pluginmgr.PluginList.Dependency.isSatisfied();org.gjt.sp.jedit.pluginmgr.PluginList.Plugin;2;0;4;0.6364;53;4;5;1;1;0.8667;50;6;5
bsh.Parser.AmbiguousName();bsh.Token;4;4;1;0.9864;5894;347;13;0;1;0.9474;9;1;8
org.gjt.sp.jedit.io.VFSManager.SendVFSUpdatesSafely.run();org.gjt.sp.jedit.EditBus;1;0;0;1.0000;9;1;0;1;0;1.0000;44;4;2
org.gjt.sp.jedit.search.SearchAndReplace.hyperSearch(View, boolean);org.gjt.sp.jedit.search.HyperSearchResults;2;3;0;1.0000;537;32;11;2;1;0.9167;146;10;9
org.gjt.sp.jedit.gui.PanelWindowContainer.showMostRecent();org.gjt.sp.jedit.gui.DockableWindowFactory.Window;0;0;0;0;0;0;0;0;0;0;0;0;0
org.gjt.sp.jedit.io.FileVFS._delete(Object, String, Component);org.gjt.sp.jedit.io.VFSManager;0;0;0;1.0000;193;17;1;1;0;1.0000;129;15;11
org.gjt.sp.jedit.textarea.TextAreaPainter.PaintText.paintValidLine(Graphics2D, int, int, int, int, int);org.gjt.sp.jedit.textarea.DisplayManager;7;0;0;1.0000;50;1;0;2;1;0.9538;513;30;16
gnu.regexp.REFilterReader.read();gnu.regexp.CharIndexedReader;3;0;6;0.7143;46;4;6;3;0;0.8800;95;4;8
org.gjt.sp.jedit.gui.PanelWindowContainer.getDockables();org.gjt.sp.jedit.gui.DockableWindowManager.Entry;2;0;1;0.9643;163;12;15;0;1;0.9000;8;0;6
org.gjt.sp.jedit.EditPane.MarkerHighlight.getToolTipText(int, int);org.gjt.sp.jedit.textarea.TextAreaPainter;0;0;0;0;0;0;0;0;0;0;0;0;0
org.gjt.sp.jedit.pluginmgr.PluginManager.ListUpdater.stateChanged(ChangeEvent);org.gjt.sp.jedit.pluginmgr.InstallPanel;1;0;0;1.0000;9;1;0;1;0;0.9286;71;2;5
org.gjt.sp.jedit.browser.VFSFileChooserDialog.KeyHandler.keyTyped(KeyEvent);org.gjt.sp.jedit.browser.VFSFileNameField;1;0;0;1.0000;10;1;0;1;0;0.8750;129;5;1
org.gjt.sp.jedit.textarea.Gutter.paintLine(Graphics2D, int, int);org.gjt.sp.jedit.textarea.DisplayManager;4;0;15;0.7813;266;20;25;1;0;0.9868;513;30;16
org.gjt.sp.jedit.gui.HistoryText.doForwardSearch();org.gjt.sp.jedit.gui.HistoryModel;0;0;0;0;0;0;0;0;0;0;0;0;0
org.gjt.sp.jedit.textarea.JEditTextArea.goToNextWord(boolean, boolean);org.gjt.sp.jedit.textarea.DisplayManager;0;5;5;0.9615;2774;208;61;1;0;0.9804;513;30;16
org.gjt.sp.jedit.Buffer.finishSaving(View, String, String, String, boolean, boolean);org.gjt.sp.jedit.buffer.UndoManager;2;10;11;0.9024;1798;136;53;1;0;0.9750;139;12;11
bsh.CollectionManager.getCollectionManager();bsh.Interpreter;0;0;1;1.0000;35;6;1;1;0;1.0000;490;39;19
org.gjt.sp.jedit.textarea.JEditTextArea.invalidateSelectedLines();org.gjt.sp.jedit.textarea.SelectionManager;0;0;0;0;0;0;0;0;0;0;0;0;0
org.objectweb.asm.CodeWriter.visitLookupSwitchInsn(Label, int, Label);org.objectweb.asm.ByteVector;3;1;5;0.8889;919;30;27;2;1;0.8636;139;9;2
bsh.Parser.jj_3R_114();bsh.ParserConstants;1;4;1;0.9863;5894;347;13;0;3;0.9779;0;0;131
bsh.Parser.jj_3_27();bsh.ParserConstants;1;3;0;0.9917;5894;347;13;0;1;0.9925;0;0;131
bsh.Parser.ReInit(java.io.InputStream);bsh.ParserTokenManager;1;0;5;0.9862;5894;347;13;1;0;0.9841;1699;47;25
org.gjt.sp.jedit.options.ToolBarOptionPane.ActionHandler.actionPerformed(ActionEvent);org.gjt.sp.jedit.options.ToolBarOptionPane;1;0;0;1.0000;48;1;0;1;8;0.3571;100;3;9
installer.SwingInstall.SelectComponents.createCompPanel();installer.SwingInstall;1;0;1;0.8889;41;3;3;0;1;0.9474;102;2;14
org.gjt.sp.jedit.browser.VFSDirectoryEntryTableModel.removeExtendedAttributes(VFS);org.gjt.sp.jedit.io.VFS;2;0;1;0.9375;103;11;2;0;1;0.9697;191;26;17
org.gjt.sp.jedit.textarea.JEditTextArea.goToNextFold(boolean);org.gjt.sp.jedit.textarea.DisplayManager;0;4;7;0.9582;2774;208;61;1;0;0.9818;513;30;16
bsh.Parser.EmptyStatement();bsh.ParserConstants;1;1;0;0.9972;5894;347;13;0;1;0.9924;0;0;131
installer.TarEntry.setUserName(String);installer.TarHeader;1;0;1;0.9697;216;28;2;0;1;0.9444;106;8;36
org.gjt.sp.jedit.textarea.BufferHandler.preContentRemoved(JEditBuffer, int, int, int, int);org.gjt.sp.jedit.buffer.JEditBuffer;0;0;0;0;0;0;0;0;0;0;0;0;0
org.gjt.sp.jedit.textarea.StructureMatcher.Highlight.paintValidLine(Graphics2D, int, int, int, int, int);org.gjt.sp.jedit.textarea.TextAreaPainter;2;1;1;0.6667;55;3;1;0;1;0.9831;269;31;36
org.gjt.sp.jedit.gui.HistoryTextField.setText(String);org.gjt.sp.jedit.gui.HistoryText;0;0;0;0;0;0;0;0;0;0;0;0;0
com.loomcom.ant.tasks.jarbundler.JarBundler.setMainClass(String);com.loomcom.ant.tasks.jarbundler.AppBundleProperties;0;0;0;0;0;0;0;0;0;0;0;0;0
org.gjt.sp.jedit.search.HyperSearchResults.goToSelectedNode(int);org.gjt.sp.jedit.search.HyperSearchNode;0;0;0;0;0;0;0;0;0;0;0;0;0
org.gjt.sp.jedit.gui.IOProgressMonitor.ThreadProgress.ActionHandler.actionPerformed(ActionEvent);org.gjt.sp.util.WorkThread;2;0;0;1.0000;8;1;0;1;0;0.9500;94;8;8
com.microstar.xml.XmlParser.encodingError(String, int, int);com.microstar.xml.XmlHandler;0;0;4;0.9739;2091;113;92;1;0;0.9412;13;13;0
org.gjt.sp.jedit.textarea.BufferHandler.transactionComplete(JEditBuffer);org.gjt.sp.jedit.textarea.JEditTextArea;2;1;5;0.7391;165;9;7;2;1;0.9888;2774;208;61
bsh.BSHPackageDeclaration.eval(CallStack, Interpreter);bsh.NameSpace;3;0;0;1.0000;10;1;0;1;1;0.9775;491;64;21
org.gjt.sp.jedit.search.SearchDialog.synchronizeMultiFileSettings();org.gjt.sp.jedit.View;3;0;3;0.9333;431;17;30;1;0;0.9857;679;41;39
org.gjt.sp.jedit.textarea.ChunkCache.getBelowPosition(int, int, int, boolean);org.gjt.sp.jedit.textarea.JEditTextArea;1;4;1;0.8649;333;25;9;1;1;0.9925;2774;208;61
org.gjt.sp.jedit.BeanShell._runScript(View, String, Reader, NameSpace);org.gjt.sp.jedit.io.VFS;1;4;2;1.0000;279;22;6;3;0;0.9167;191;26;17
org.gjt.sp.jedit.textarea.JEditTextArea.scrollTo(int, int, boolean);org.gjt.sp.jedit.textarea.DisplayManager;2;7;11;0.9321;2774;208;61;3;0;0.9516;513;30;16
bsh.Parser.IfStatement();bsh.ParserConstants;2;6;2;0.9784;5894;347;13;0;4;0.9722;0;0;131
gnu.regexp.CharIndexedString.charAt(int);gnu.regexp.CharIndexed;1;0;3;0.5714;15;3;3;0;1;0.8571;3;3;1
bsh.Parser.jj_3_10();bsh.ParserConstants;1;2;0;0.9945;5894;347;13;0;1;0.9925;0;0;131
bsh.BSHAmbiguousName.toObject(CallStack, Interpreter, boolean);bsh.Name;0;1;0;0.9091;42;7;1;1;0;0.9545;341;17;9
org.gjt.sp.jedit.gui.EnhancedButton.MouseHandler.mouseExited(MouseEvent);org.gjt.sp.jedit.View;1;0;1;0.8000;19;3;1;0;1;0.9846;679;41;39
org.gjt.sp.jedit.Buffer.propertiesChanged();org.gjt.sp.util.Log;2;2;1;0.9815;1798;136;53;1;1;1.0000;142;9;16
bsh.ParserTokenManager.jjMoveStringLiteralDfa13_0(long, long, long, long);bsh.JavaCharStream;0;3;2;0.9123;1699;47;25;1;0;0.9804;331;25;17
org.gjt.sp.jedit.browser.VFSFileNameField.doComplete(String);org.gjt.sp.jedit.browser.VFSDirectoryEntryTable;3;0;1;0.9375;129;5;1;1;0;0.9643;240;13;4
org.gjt.sp.jedit.textarea.DisplayManager.expandFold(int, boolean);org.gjt.sp.jedit.textarea.JEditTextArea;0;7;4;0.7674;513;30;16;1;0;0.9963;2774;208;61
org.gjt.sp.jedit.buffer.BufferIORequest.read(Reader, long, boolean);org.gjt.sp.jedit.Buffer;2;0;7;0.9286;509;11;25;3;2;0.9826;1798;136;53
org.gjt.sp.jedit.Buffer.finishLoading();org.gjt.sp.jedit.Marker;2;4;3;0.9581;1798;136;53;3;1;0.7500;26;3;4
org.gjt.sp.jedit.options.ContextOptionPane._init();org.gjt.sp.jedit.jEdit;0;1;6;0.3000;66;3;6;2;0;1.0000;1709;108;29
bsh.Parser.ForInit();bsh.ParserConstants;1;5;1;0.9845;5894;347;13;0;25;0.8175;0;0;131
org.gjt.sp.jedit.gui.DefaultInputHandler.removeKeyBinding(String);org.gjt.sp.jedit.gui.KeyEventTranslator;0;0;1;0.9167;212;12;3;1;0;1.0000;168;7;5
org.gjt.sp.jedit.Macros.loadMacros();org.gjt.sp.jedit.MiscUtilities;1;1;5;1.0000;232;21;6;1;0;1.0000;629;50;3
org.gjt.sp.jedit.buffer.JEditBuffer.fireBufferLoaded();org.gjt.sp.jedit.buffer.BufferListener;0;0;0;0;0;0;0;0;0;0;0;0;0
org.objectweb.asm.CodeWriter.visitLocalVariable(String, String, Label, Label, int);org.objectweb.asm.ByteVector;2;0;4;0.9444;919;30;27;1;0;0.9524;139;9;2
org.gjt.sp.jedit.search.SearchAndReplace.replaceAll(View);org.gjt.sp.jedit.gui.StatusBar;3;5;2;1.0000;537;32;11;1;0;0.9792;261;11;26
macos.MacOSPlugin.osok();org.gjt.sp.util.Log;1;0;0;1.0000;40;3;3;1;1;1.0000;142;9;16
QuickNotepad.copyToBuffer();org.gjt.sp.jedit.View;2;0;2;0.8889;100;9;6;0;1;0.9851;679;41;39
bsh.BSHFormalParameters.eval(CallStack, Interpreter);bsh.BSHFormalParameter;0;1;2;0.7000;39;4;4;1;0;0.8889;12;2;3
org.gjt.sp.jedit.buffer.JEditBuffer.getLineEndOffset(int);org.gjt.sp.jedit.buffer.LineManager;0;0;0;0;0;0;0;0;0;0;0;0;0
org.gjt.sp.jedit.PerspectiveManager.savePerspective(boolean);org.gjt.sp.jedit.View.ViewConfig;4;0;0;1.0000;135;3;1;0;15;0.2857;19;0;15
org.gjt.sp.jedit.syntax.XModeHandler.endElement(String);org.gjt.sp.jedit.syntax.ParserRule;1;5;26;0.4038;346;15;32;8;0;1.0000;50;9;27
installer.TarEntry.nameTarHeader(TarHeader, String);installer.TarHeader;1;0;0;1.0000;216;28;2;0;15;0.2353;106;8;36
org.gjt.sp.jedit.gui.TipOfTheDay.ActionHandler.actionPerformed(ActionEvent);org.gjt.sp.jedit.jEdit;1;0;0;1.0000;8;1;0;1;0;1.0000;1709;108;29
org.gjt.sp.jedit.buffer.JEditBuffer.fireContentInserted(int, int, int, int);org.gjt.sp.jedit.buffer.BufferListener;0;0;0;0;0;0;0;0;0;0;0;0;0
bsh.Variable.hasModifier(String);bsh.Modifiers;0;0;1;0.9286;50;4;8;1;0;0.8889;45;7;4
bsh.TargetError.xPrintTargetError(Throwable);bsh.Interpreter;0;0;0;1.0000;47;7;2;2;0;0.9623;490;39;19
org.gjt.sp.jedit.browser.VFSBrowser.mkdir();org.gjt.sp.jedit.io.VFSFile;0;0;0;0;0;0;0;0;0;0;0;0;0
org.gjt.sp.jedit.textarea.BufferHandler.contentRemoved(JEditBuffer, int, int, int, int);org.gjt.sp.jedit.textarea.Selection;3;1;2;0.8696;165;9;7;0;4;0.8182;43;9;4
org.gjt.sp.jedit.jEdit.initKeyBindings();org.gjt.sp.jedit.ActionSet;0;1;1;1.0000;1709;108;29;1;0;0.9583;155;14;7
org.gjt.sp.jedit.jEdit.initMisc();org.gjt.sp.util.Log;1;1;7;1.0000;1709;108;29;1;2;1.0000;142;9;16
bsh.Parser.BreakStatement();bsh.JJTParserState;3;4;2;0.9837;5894;347;13;2;0;0.9259;74;10;5
org.gjt.sp.jedit.search.SearchBar.find(boolean);org.gjt.sp.jedit.gui.HistoryTextField;5;1;5;0.7778;130;6;10;1;0;0.9744;211;12;7
org.gjt.sp.jedit.gui.PanelWindowContainer.MenuMouseHandler.mousePressed(MouseEvent);org.gjt.sp.jedit.GUIUtilities;1;0;0;1.0000;31;1;0;2;0;1.0000;486;55;9
org.gjt.sp.jedit.syntax.TokenMarker.LineContext.equals(Object);org.gjt.sp.jedit.MiscUtilities;0;1;4;0.5000;43;5;5;1;0;1.0000;629;50;3
bsh.Parser.PrimarySuffix();bsh.ParserConstants;4;7;2;0.9761;5894;347;13;0;8;0.9459;0;0;131
org.gjt.sp.jedit.options.PluginManagerOptionPane.MirrorModel.getElementAt(int);org.gjt.sp.jedit.jEdit;1;0;1;0.8889;18;4;1;1;0;1.0000;1709;108;29
org.gjt.sp.jedit.search.RESearchMatcher.nextMatch(CharIndexed, boolean, boolean, boolean, boolean);gnu.regexp.REMatch;3;0;1;0.9286;32;1;2;3;0;0.9032;95;12;8
org.gjt.sp.jedit.browser.VFSBrowser.FavoritesMenuButton.createPopupMenu();org.gjt.sp.jedit.io.FavoritesVFS;3;0;1;0.8333;40;1;1;1;0;1.0000;72;8;4
org.gjt.sp.jedit.Buffer.removeAllMarkers();org.gjt.sp.jedit.EditBus;1;2;2;0.9816;1798;136;53;1;0;1.0000;44;4;2
org.gjt.sp.jedit.gui.StatusBar.removeNotify();org.gjt.sp.util.WorkThreadPool;1;0;0;1.0000;261;11;26;1;0;0.9655;174;15;14
org.gjt.sp.jedit.pluginmgr.ManagePanel.TextRenderer.getTableCellRendererComponent(JTable, Object, boolean, boolean, int, int);org.gjt.sp.jedit.pluginmgr.ManagePanel.Entry;2;0;1;0.7500;9;1;1;0;2;0.9231;29;0;11
org.gjt.sp.jedit.jEdit._closeBuffer(View, Buffer);org.gjt.sp.jedit.PerspectiveManager;4;2;3;1.0000;1709;108;29;1;0;1.0000;135;3;1
org.gjt.sp.jedit.textarea.JEditTextArea.goToBufferEnd(boolean);org.gjt.sp.jedit.textarea.DisplayManager;0;3;4;0.9731;2774;208;61;1;0;0.9792;513;30;16
org.gjt.sp.jedit.menu.PluginsProvider.update(JMenu);org.gjt.sp.jedit.EditPlugin;2;1;0;0.8333;94;3;0;3;0;0.7000;42;7;1
org.gjt.sp.jedit.BeanShell._runScript(View, String, Reader, NameSpace);org.gjt.sp.jedit.Buffer;1;4;2;1.0000;279;22;6;3;0;0.9822;1798;136;53
bsh.BSHAllocationExpression.constructWithClassBody(Class, Object[], BSHBlock, CallStack, Interpreter);bsh.NameSpace;2;0;1;1.0000;119;9;1;0;1;0.9889;491;64;21
org.gjt.sp.jedit.textarea.Anchor.preContentRemoved(int, int);org.gjt.sp.jedit.textarea.DisplayManager;0;0;0;0;0;0;0;0;0;0;0;0;0
org.gjt.sp.jedit.Buffer.load(View, boolean);org.gjt.sp.jedit.buffer.BufferIORequest;2;6;7;0.9387;1798;136;53;0;1;1.0000;509;11;25
org.gjt.sp.jedit.buffer.JEditBuffer.redo(JEditTextArea);org.gjt.sp.jedit.textarea.JEditTextArea;0;0;0;0;0;0;0;0;0;0;0;0;0
bsh.NameSpace.getMethod(String, Class[], boolean);bsh.BshMethod;1;2;3;0.9419;491;64;21;0;1;0.9600;139;7;10
bsh.Parser.jj_3R_167();bsh.ParserConstants;1;2;0;0.9945;5894;347;13;0;1;0.9925;0;0;131
org.gjt.sp.jedit.textarea.TextAreaPainter.PaintSelection.paintValidLine(Graphics2D, int, int, int, int, int);org.gjt.sp.jedit.textarea.JEditTextArea;2;1;0;0.8333;14;2;0;0;2;0.9924;2774;208;61
org.gjt.sp.jedit.textarea.Selection.Rect.getText(JEditBuffer, StringBuffer);org.gjt.sp.jedit.buffer.JEditBuffer;0;0;0;0;0;0;0;0;0;0;0;0;0
org.gjt.sp.jedit.pluginmgr.ManagePanel.EntryCompare.compareNames(ManagePanel.Entry, ManagePanel.Entry);org.gjt.sp.jedit.pluginmgr.ManagePanel.Entry;1;0;0;1.0000;21;2;3;0;2;0.8000;29;0;11
com.loomcom.ant.tasks.jarbundler.JarBundler.setType(String);com.loomcom.ant.tasks.jarbundler.AppBundleProperties;0;0;0;0;0;0;0;0;0;0;0;0;0
org.gjt.sp.jedit.textarea.DisplayManager.bufferLoaded();org.gjt.sp.jedit.textarea.ScreenLineManager;0;0;0;0;0;0;0;0;0;0;0;0;0
org.gjt.sp.jedit.Buffer.getMarkerNameString();org.gjt.sp.jedit.Marker;1;0;1;0.9939;1798;136;53;0;1;0.8889;26;3;4
org.gjt.sp.jedit.search.RESearchMatcher.nextMatch(CharIndexed, boolean, boolean, boolean, boolean);gnu.regexp.CharIndexed;3;0;1;0.9286;32;1;2;2;1;0.7857;3;3;1
org.gjt.sp.jedit.textarea.MouseHandler.doDoubleDrag(MouseEvent);org.gjt.sp.jedit.textarea.TextAreaPainter;0;0;0;0;0;0;0;0;0;0;0;0;0
bsh.Parser.jj_3R_176();bsh.ParserConstants;1;2;1;0.9917;5894;347;13;0;1;0.9925;0;0;131
org.gjt.sp.jedit.buffer.PositionManager.PosBottomHalf.checkInvariants();org.gjt.sp.jedit.buffer.JEditBuffer;0;0;0;0;0;0;0;0;0;0;0;0;0
bsh.Parser.jj_3R_60();bsh.ParserConstants;1;3;1;0.9890;5894;347;13;0;2;0.9852;0;0;131
org.gjt.sp.jedit.gui.CompleteWord.KeyHandler.keyTyped(KeyEvent);org.gjt.sp.jedit.gui.CompleteWord;2;0;0;1.0000;95;2;0;3;5;0.4167;182;8;6
org.gjt.sp.jedit.textarea.MouseHandler.doDoubleClick();org.gjt.sp.jedit.buffer.JEditBuffer;0;0;0;0;0;0;0;0;0;0;0;0;0
org.objectweb.asm.CodeWriter.visitMultiANewArrayInsn(String, int);org.objectweb.asm.Item;2;0;4;0.9245;919;30;27;0;1;0.9630;76;6;11
org.gjt.sp.jedit.syntax.XModeHandler.startElement(String);org.gjt.sp.jedit.syntax.ParserRule;4;2;11;0.7636;346;15;32;1;1;1.0000;50;9;27
bsh.BSHAllocationExpression.constructWithInterfaceBody(Class, Object[], BSHBlock, CallStack, Interpreter);bsh.UtilEvalError;0;0;0;1.0000;119;9;1;1;0;0.9091;14;2;0
org.gjt.sp.jedit.help.HelpTOCPanel.load();org.gjt.sp.jedit.io.VFSManager;0;0;1;0.9000;106;5;5;1;0;1.0000;129;15;11
org.gjt.sp.jedit.options.BrowserColorsModel.ColorRenderer.getTableCellRendererComponent(JTable, Object, boolean, boolean, int, int);org.gjt.sp.jedit.options.SyntaxHiliteOptionPane;1;0;0;1.0000;17;1;0;0;1;1.0000;30;4;3
bsh.Name.toClass();bsh.NameSpace;1;2;4;0.7000;341;17;9;1;0;0.9892;491;64;21
bsh.Parser.SwitchLabel();bsh.ParserConstants;3;5;2;0.9811;5894;347;13;0;3;0.9792;0;0;131
bsh.Name.toLHS(CallStack, Interpreter);bsh.Interpreter;2;3;4;0.7000;341;17;9;1;0;1.0000;490;39;19
org.gjt.sp.jedit.gui.OptionsDialog.addOptionPane(OptionPane);org.gjt.sp.jedit.OptionGroup;0;1;0;0.9615;231;15;9;1;0;0.9333;69;8;4
bsh.NameSpace.setVariable(String, Object, boolean, boolean);bsh.Variable;1;3;1;0.9535;491;64;21;1;1;0.9444;50;4;8
org.gjt.sp.jedit.textarea.JEditTextArea.updateStructureHighlight();org.gjt.sp.jedit.textarea.ChunkCache;3;3;7;0.9624;2774;208;61;1;0;0.9808;333;25;9
org.gjt.sp.jedit.options.ToolBarOptionPane.IconCellRenderer.getListCellRendererComponent(JList, Object, int, boolean, boolean);org.gjt.sp.jedit.options.ToolBarOptionPane.IconListEntry;1;0;0;1.0000;6;1;0;0;1;0.6667;7;0;2
org.gjt.sp.jedit.menu.MacrosProvider.update(JMenu);org.gjt.sp.jedit.Macros;1;1;0;0.5000;33;3;0;0;1;1.0000;232;21;6
org.gjt.sp.jedit.buffer.JEditBuffer.getContextSensitiveProperty(int, String);org.gjt.sp.jedit.syntax.ParserRuleSet;0;0;0;0;0;0;0;0;0;0;0;0;0
org.gjt.sp.jedit.Buffer.addMarker(char, int);org.gjt.sp.jedit.Marker;2;2;3;0.9818;1798;136;53;2;1;0.7273;26;3;4
LatestVersionPlugin.doVersionCheck(View);org.gjt.sp.jedit.jEdit;0;1;0;1.0000;41;2;0;1;0;1.0000;1709;108;29
bsh.Parser.ClassDeclaration();bsh.ParserTreeConstants;5;8;2;0.9735;5894;347;13;0;1;0.9844;0;0;39
org.gjt.sp.jedit.EditPane.swapMarkerAndCaret(char);org.gjt.sp.jedit.textarea.JEditTextArea;0;0;0;0;0;0;0;0;0;0;0;0;0
bsh.ClassGeneratorUtil.generateReturnCode(String, CodeVisitor);org.objectweb.asm.Constants;1;2;0;1.0000;457;21;19;0;9;0.9505;0;0;179
org.gjt.sp.jedit.menu.PluginsProvider.addToLetterMap(List[], JMenuItem);org.gjt.sp.util.Log;1;0;0;1.0000;94;3;0;1;1;1.0000;142;9;16
org.gjt.sp.jedit.pluginmgr.InstallPanel.PluginTableModel.update();org.gjt.sp.jedit.pluginmgr.PluginList.PluginSet;5;1;2;0.8846;151;13;2;0;2;0.8824;3;1;3
org.gjt.sp.jedit.browser.VFSDirectoryEntryTable.maybeReloadDirectory(String);org.gjt.sp.jedit.browser.VFSDirectoryEntryTableModel;3;0;1;0.9600;240;13;4;0;1;0.9545;103;11;2
org.gjt.sp.jedit.browser.BrowserIORequest.mkdir();org.gjt.sp.jedit.io.VFSManager;1;0;4;0.7778;179;6;11;1;0;1.0000;129;15;11
org.gjt.sp.jedit.syntax.TokenMarker.markTokens(LineContext, TokenHandler, Segment);org.gjt.sp.jedit.syntax.Token;4;4;11;0.5833;352;10;13;0;1;1.0000;21;3;27
org.gjt.sp.jedit.menu.EnhancedCheckBoxMenuItem.MouseHandler.mouseEntered(MouseEvent);org.gjt.sp.jedit.jEdit;2;0;1;0.8333;19;3;1;1;0;1.0000;1709;108;29
installer.Install.copy(InputStream, String, Progress);installer.Progress;0;0;1;0.8571;61;4;2;1;0;0.8333;4;4;0
org.gjt.sp.jedit.syntax.TokenMarker.checkDelegateEnd(ParserRule);org.gjt.sp.jedit.syntax.ParserRule;3;2;8;0.6970;352;10;13;0;5;0.8929;50;9;27
org.gjt.sp.jedit.View.createEditPane(Buffer);org.gjt.sp.jedit.EditPane;2;0;0;1.0000;679;41;39;0;1;0.9583;273;15;7
org.gjt.sp.jedit.help.HelpTOCPanel.TOCTree.processMouseEvent(MouseEvent);org.gjt.sp.jedit.help.HelpViewer;2;0;0;1.0000;36;3;0;1;0;0.9500;143;4;11
org.gjt.sp.jedit.options.TextAreaOptionPane._init();org.gjt.sp.jedit.jEdit;1;0;19;0.2692;72;2;19;4;0;1.0000;1709;108;29
org.gjt.sp.jedit.gui.HistoryModel.saveHistory();org.gjt.sp.util.Log;2;2;5;0.6250;131;9;8;1;3;1.0000;142;9;16
org.gjt.sp.jedit.buffer.FoldHandler.getFoldModes();org.gjt.sp.jedit.ServiceManager;0;1;2;0.7500;52;8;3;1;0;1.0000;78;8;1
org.gjt.sp.jedit.gui.MarkerViewer.handleMessage(EBMessage);org.gjt.sp.jedit.EditPane;0;0;0;0;0;0;0;0;0;0;0;0;0
org.gjt.sp.jedit.browser.BrowserCommandsMenu.ActionHandler.actionPerformed(ActionEvent);org.gjt.sp.jedit.GUIUtilities;2;0;0;1.0000;14;1;0;1;0;1.0000;486;55;9
org.gjt.sp.jedit.gui.LogViewer.addNotify();org.gjt.sp.jedit.EditBus;0;0;2;0.7778;53;5;4;1;0;1.0000;44;4;2
org.gjt.sp.jedit.gui.OptionsDialog.selectPane(OptionGroup, String, ArrayList);org.gjt.sp.jedit.OptionPane;1;1;1;0.9655;231;15;9;1;0;0.8750;4;4;0
org.gjt.sp.jedit.PluginJAR.actionsPresentButNotCoreClass();org.gjt.sp.util.Log;1;0;2;0.9375;557;18;15;1;1;1.0000;142;9;16
org.gjt.sp.jedit.buffer.JEditBuffer.remove(int, int);org.gjt.sp.jedit.buffer.PositionManager;0;0;0;0;0;0;0;0;0;0;0;0;0
org.gjt.sp.jedit.textarea.ExtensionManager.paintScreenLineRange(JEditTextArea, Graphics2D, int, int, int, int);org.gjt.sp.jedit.textarea.JEditTextArea;3;1;0;0.9091;75;6;1;2;1;0.9885;2774;208;61
org.gjt.sp.jedit.print.BufferPrinter1_4.getPrintJob(String);org.gjt.sp.jedit.jEdit;2;0;2;1.0000;83;5;2;1;1;1.0000;1709;108;29
installer.TarEntry.getFileTarHeader(TarHeader, File);installer.TarHeader;1;0;1;0.9756;216;28;2;0;11;0.5000;106;8;36
org.gjt.sp.jedit.textarea.JEditTextArea.insertEnterAndIndent();org.gjt.sp.jedit.buffer.JEditBuffer;0;0;0;0;0;0;0;0;0;0;0;0;0
org.gjt.sp.jedit.browser.VFSBrowser.FavoritesMenuButton.ActionHandler.actionPerformed(ActionEvent);org.gjt.sp.jedit.io.FavoritesVFS;3;0;0;1.0000;33;1;0;1;1;1.0000;72;8;4
macos.menu.ShowRecentDirMenu.construct();org.gjt.sp.jedit.gui.HistoryModel;1;0;0;1.0000;30;4;0;2;0;0.8750;131;9;8
org.objectweb.asm.ClassWriter.newLong(long);org.objectweb.asm.Item;0;2;4;0.8864;305;21;49;1;0;0.9615;76;6;11
bsh.Parser.ConditionalOrExpression();bsh.BSHBinaryExpression;4;5;2;0.9810;5894;347;13;0;1;0.9444;55;3;1
org.gjt.sp.jedit.textarea.DisplayManager.setFirstPhysicalLine(int, int);org.gjt.sp.jedit.textarea.ChunkCache;0;0;0;0;0;0;0;0;0;0;0;0;0
org.gjt.sp.jedit.browser.BrowserView.ParentMouseHandler.mousePressed(MouseEvent);org.gjt.sp.jedit.GUIUtilities;1;0;0;1.0000;33;2;0;1;0;1.0000;486;55;9
org.gjt.sp.jedit.help.HelpTOCPanel.loadTOC(DefaultMutableTreeNode, String);org.gjt.sp.jedit.help.HelpViewer;4;0;1;0.9333;106;5;5;0;1;0.9565;143;4;11
bsh.Parser.jj_3_13();bsh.ParserConstants;1;2;0;0.9945;5894;347;13;0;1;0.9925;0;0;131
org.gjt.sp.jedit.textarea.JEditTextArea.getFirstLine();org.gjt.sp.jedit.textarea.DisplayManager;3;0;1;0.9962;2774;208;61;0;1;0.9767;513;30;16
org.objectweb.asm.ClassWriter.newClass(String);org.objectweb.asm.Item;1;3;4;0.8636;305;21;49;1;1;0.9231;76;6;11
org.gjt.sp.jedit.pluginmgr.InstallPanel.SelectallButton.actionPerformed(ActionEvent);org.gjt.sp.jedit.pluginmgr.InstallPanel;1;0;0;1.0000;21;2;0;0;1;0.8889;71;2;5
org.gjt.sp.jedit.textarea.JEditTextArea.xToScreenLineOffset(int, int, boolean);org.gjt.sp.jedit.textarea.ChunkCache;1;2;3;0.9811;2774;208;61;1;0;0.9778;333;25;9
org.gjt.sp.jedit.View.removeToolBar(Component);org.gjt.sp.jedit.gui.ToolBarManager;0;0;1;0.9841;679;41;39;1;0;0.9000;34;4;4
bsh.Primitive.floatBinaryOperation(Float, Float, int);bsh.ParserConstants;1;0;0;1.0000;506;35;5;0;21;0.8397;0;0;131
bsh.Parser.SwitchLabel();bsh.JJTParserState;3;5;2;0.9811;5894;347;13;4;0;0.8571;74;10;5
org.gjt.sp.jedit.ActionSet.getAction(String);org.gjt.sp.util.Log;1;1;2;0.9091;155;14;7;1;1;1.0000;142;9;16
bsh.BSHAllocationExpression.constructObject(Class, Object[], CallStack);bsh.ClassGenerator;2;0;0;1.0000;119;9;1;2;0;0.8750;15;4;1
bsh.ParserTokenManager.jjMoveStringLiteralDfa24_0(long, long);bsh.JavaCharStream;0;3;2;0.9123;1699;47;25;1;0;0.9804;331;25;17
bsh.Parser.ReInit(java.io.Reader);bsh.JJTParserState;1;0;5;0.9862;5894;347;13;1;0;0.9545;74;10;5
org.gjt.sp.jedit.options.ShortcutsOptionPane.HeaderMouseHandler.mouseClicked(MouseEvent);org.gjt.sp.jedit.options.ShortcutsOptionPane;1;0;0;1.0000;13;1;0;0;2;0.8462;69;6;5
org.gjt.sp.jedit.options.EditingOptionPane._init();org.gjt.sp.jedit.buffer.FoldHandler;1;1;18;0.3214;119;5;19;1;0;1.0000;52;8;3
org.gjt.sp.jedit.PluginJAR.uninit(boolean);org.gjt.sp.jedit.JARClassLoader;3;1;8;0.7273;557;18;15;1;0;0.9583;143;11;6
org.gjt.sp.jedit.gui.BufferSwitcher.BufferCellRenderer.getListCellRendererComponent(JList, Object, int, boolean, boolean);org.gjt.sp.jedit.Buffer;0;0;0;1.0000;7;1;0;1;0;0.9939;1798;136;53
gnu.regexp.RETokenChar.match(CharIndexed, REMatch);gnu.regexp.REMatch;1;0;2;0.7778;35;4;2;0;1;0.9600;95;12;8
org.gjt.sp.jedit.help.HelpViewer.historyUpdated();org.gjt.sp.jedit.help.HelpHistoryModel;0;0;0;0;0;0;0;0;0;0;0;0;0
org.gjt.sp.jedit.JARClassLoader._loadClass(String, boolean);org.gjt.sp.util.Log;1;0;1;0.9333;143;11;6;1;1;1.0000;142;9;16
org.gjt.sp.jedit.syntax.XModeHandler.reset();org.gjt.sp.jedit.syntax.Token;1;0;11;0.7660;346;15;32;0;1;1.0000;21;3;27
org.gjt.sp.jedit.Buffer.removeMarker(int);org.gjt.sp.jedit.EditBus;1;2;1;0.9817;1798;136;53;1;0;1.0000;44;4;2
bsh.Reflect.getIndex(Object, int);bsh.Interpreter;1;0;0;1.0000;422;31;0;1;1;1.0000;490;39;19
org.objectweb.asm.ClassWriter.toByteArray();org.objectweb.asm.Constants;4;1;13;0.7255;305;21;49;0;1;0.9950;0;0;179
org.gjt.sp.jedit.menu.PluginsProvider.update(JMenu);org.gjt.sp.jedit.jEdit;2;1;0;0.8333;94;3;0;3;0;1.0000;1709;108;29
org.gjt.sp.jedit.GUIUtilities.UnixWorkaround.ComponentHandler.componentMoved(ComponentEvent);org.gjt.sp.util.Log;2;0;0;1.0000;22;2;0;1;1;1.0000;142;9;16
bsh.Parser.AllocationExpression();bsh.ParserTreeConstants;2;11;2;0.9648;5894;347;13;0;1;0.9831;0;0;39
org.gjt.sp.jedit.gui.InputHandler.setRepeatCount(int);org.gjt.sp.jedit.View;1;0;2;0.9048;133;14;6;0;1;0.9848;679;41;39
org.gjt.sp.jedit.PluginJAR.checkDependencies();org.gjt.sp.jedit.JARClassLoader;2;1;5;0.8235;557;18;15;1;0;0.9545;143;11;6
org.gjt.sp.jedit.gui.GrabKeyDialog.InputPane.processKeyEvent(KeyEvent);org.gjt.sp.jedit.buffer.JEditBuffer;0;0;0;0;0;0;0;0;0;0;0;0;0
org.gjt.sp.jedit.io.FileVFS._listFiles(Object, String, Component);org.gjt.sp.jedit.io.VFSManager;0;0;0;0;0;0;0;0;0;0;0;0;0
org.gjt.sp.jedit.search.SearchAndReplace.find(View);org.gjt.sp.jedit.jEdit;4;4;4;1.0000;537;32;11;3;0;1.0000;1709;108;29
org.gjt.sp.jedit.options.ContextOptionPane.ActionHandler.actionPerformed(ActionEvent);org.gjt.sp.jedit.options.ContextAddDialog;1;0;0;1.0000;43;1;0;1;0;0.9500;82;4;7
org.gjt.sp.jedit.MiscUtilities.moveFile(File, File);org.gjt.sp.util.Log;0;0;0;0;0;0;0;0;0;0;0;0;0
org.gjt.sp.jedit.textarea.DisplayManager.narrow(int, int);org.gjt.sp.jedit.textarea.JEditTextArea;1;7;2;0.7907;513;30;16;1;0;0.9963;2774;208;61
org.gjt.sp.jedit.help.HelpTOCPanel.loadTOC(DefaultMutableTreeNode, String);com.microstar.xml.XmlException;4;0;1;0.9333;106;5;5;0;2;0.7778;18;0;4
org.gjt.sp.jedit.options.GlobalOptions.createOptionTreeModel();org.gjt.sp.jedit.OptionGroup;1;0;2;0.8000;44;2;2;2;0;0.8824;69;8;4
org.gjt.sp.jedit.textarea.JEditTextArea.FocusHandler.focusGained(FocusEvent);org.gjt.sp.jedit.textarea.StructureMatcher.Match;2;0;0;1.0000;17;2;0;0;2;0.8333;12;0;5
bsh.Parser.Modifiers(int, boolean);bsh.Modifiers;2;4;1;0.9866;5894;347;13;1;0;0.9600;45;7;4
org.gjt.sp.jedit.syntax.DisplayTokenHandler.merge(Chunk, Segment);org.gjt.sp.jedit.syntax.Chunk;2;2;2;0.7895;86;6;11;0;2;0.9130;132;8;11
org.gjt.sp.jedit.PluginJAR.init();org.gjt.sp.jedit.jEdit;1;5;2;0.8438;557;18;15;1;0;1.0000;1709;108;29
org.gjt.sp.jedit.PerspectiveManager.PerspectiveHandler.attribute(String, String, boolean);org.gjt.sp.jedit.View.ViewConfig;1;0;1;0.9565;45;5;4;0;14;0.2632;19;0;15
org.gjt.sp.jedit.Mode.getProperty(String);org.gjt.sp.jedit.jEdit;0;0;2;0.8571;89;9;5;1;0;1.0000;1709;108;29
org.gjt.sp.jedit.gui.RegisterViewer.updateSelected();org.gjt.sp.jedit.Registers;0;0;0;0;0;0;0;0;0;0;0;0;0
org.gjt.sp.jedit.textarea.JEditTextArea.goToFirstVisibleLine(boolean);org.gjt.sp.jedit.textarea.DisplayManager;0;6;4;0.9614;2774;208;61;1;0;0.9800;513;30;16
org.gjt.sp.jedit.gui.ActionBar.invoke();org.gjt.sp.jedit.Macros.Recorder;1;1;5;0.6667;122;4;7;1;0;0.9583;80;8;6
bsh.ClassGeneratorUtil.initInstance(Object, String, Object[]);bsh.LHS;3;3;2;1.0000;457;21;19;1;0;0.9655;105;3;13
org.gjt.sp.jedit.textarea.Gutter.MouseHandler.mousePressed(MouseEvent);org.gjt.sp.jedit.GUIUtilities;5;0;2;0.9474;89;5;4;1;0;1.0000;486;55;9
org.gjt.sp.jedit.textarea.FirstLine.physDown(int, int);org.gjt.sp.util.Log;0;0;0;0;0;0;0;0;0;0;0;0;0
org.gjt.sp.jedit.Buffer.save(View, String, boolean);org.gjt.sp.jedit.jEdit;2;6;6;0.9387;1798;136;53;1;0;1.0000;1709;108;29
org.gjt.sp.jedit.options.ContextOptionPane.ListHandler.valueChanged(ListSelectionEvent);org.gjt.sp.jedit.options.ContextOptionPane;0;0;0;1.0000;3;1;0;1;0;0.9000;66;3;6
bsh.Parser.UnaryExpression();bsh.BSHUnaryExpression;4;8;2;0.9770;5894;347;13;0;1;0.9778;50;4;2
org.gjt.sp.jedit.browser.VFSBrowser.DirectoryLoadedAWTRequest.run();gnu.regexp.RE;2;0;2;0.9048;46;2;2;1;0;0.9833;615;37;13
org.gjt.sp.jedit.textarea.RangeMap.dump();org.gjt.sp.util.Log;0;0;0;0;0;0;0;0;0;0;0;0;0
org.gjt.sp.jedit.EditPane.addMarker();org.gjt.sp.jedit.textarea.Selection;0;0;0;0;0;0;0;0;0;0;0;0;0
org.gjt.sp.jedit.EditPane.MarkerHighlight.paintValidLine(Graphics2D, int, int, int, int, int);org.gjt.sp.jedit.EditPane;0;0;0;0;0;0;0;0;0;0;0;0;0
org.gjt.sp.jedit.PluginJAR.activatePlugin();org.gjt.sp.util.Log;3;3;4;0.7941;557;18;15;1;1;1.0000;142;9;16
org.gjt.sp.jedit.pluginmgr.Roster.Remove.runInAWTThread(Component);org.gjt.sp.jedit.jEdit;3;2;1;0.5000;49;4;1;1;0;1.0000;1709;108;29
org.gjt.sp.jedit.textarea.JEditTextArea.getScreenLineEndOffset(int);org.gjt.sp.jedit.textarea.ChunkCache;1;0;2;0.9924;2774;208;61;1;0;0.9756;333;25;9
org.gjt.sp.jedit.GUIUtilities.loadGeometry(Window, String);org.gjt.sp.jedit.Debug;1;2;0;1.0000;486;55;9;0;1;1.0000;0;0;22
org.gjt.sp.jedit.textarea.JEditTextArea.addExplicitFold();org.gjt.sp.jedit.GUIUtilities;1;2;5;0.9740;2774;208;61;1;0;1.0000;486;55;9
org.objectweb.asm.ClassWriter.visitField(int, String, String, Object);org.objectweb.asm.Item;2;2;2;0.9130;305;21;49;0;1;0.9630;76;6;11
bsh.BSHAssignment.eval(CallStack, Interpreter);bsh.Interpreter;3;1;1;0.9474;71;2;1;0;1;0.9886;490;39;19
org.gjt.sp.jedit.Buffer.finishSaving(View, String, String, String, boolean, boolean);org.gjt.sp.jedit.Mode;2;10;11;0.9024;1798;136;53;0;1;0.9688;89;9;5
org.gjt.sp.jedit.gui.KeyEventWorkaround.processKeyEvent(KeyEvent);org.gjt.sp.jedit.Debug;1;0;6;1.0000;161;2;6;0;2;1.0000;0;0;22
org.gjt.sp.jedit.gui.DockableWindowManager.setResizePos(int, PanelWindowContainer);org.gjt.sp.jedit.gui.PanelWindowContainer;1;0;6;0.8235;447;27;16;0;3;0.9394;163;12;15
org.gjt.sp.jedit.textarea.DisplayManager.setFirstLine(int, int);org.gjt.sp.jedit.textarea.ChunkCache;0;0;0;0;0;0;0;0;0;0;0;0;0
org.gjt.sp.jedit.browser.VFSBrowser.handleMessage(EBMessage);org.gjt.sp.jedit.msg.PluginUpdate;3;2;2;0.9310;542;33;34;0;3;0.9231;18;2;6
bsh.BSHCastExpression.eval(CallStack, Interpreter);bsh.Types;1;0;0;1.0000;16;1;0;1;1;1.0000;98;10;4
bsh.BSHUnaryExpression.unaryOperation(Object, int);bsh.Primitive;1;1;0;0.8571;50;4;2;1;0;1.0000;506;35;5
org.gjt.sp.jedit.gui.DockableLayout.preferredLayoutSize(Container);org.gjt.sp.jedit.gui.DockablePanel;0;0;0;0;0;0;0;0;0;0;0;0;0
org.gjt.sp.jedit.textarea.MouseHandler.doSingleClick(MouseEvent);org.gjt.sp.jedit.textarea.ChunkCache;0;0;0;0;0;0;0;0;0;0;0;0;0
org.gjt.sp.jedit.Macros.Recorder.dispose();org.gjt.sp.jedit.buffer.JEditBuffer;0;0;0;0;0;0;0;0;0;0;0;0;0
org.gjt.sp.jedit.textarea.JEditTextArea.scrollTo(int, int, boolean);org.gjt.sp.jedit.Debug;2;7;11;0.9321;2774;208;61;0;1;1.0000;0;0;22
gnu.regexp.RETokenOneOf.match(CharIndexed, REMatch);gnu.regexp.REMatch;2;0;2;0.8571;69;3;2;2;2;0.8519;95;12;8
org.gjt.sp.jedit.pluginmgr.InstallPanel.SelectallButton.actionPerformed(ActionEvent);org.gjt.sp.jedit.pluginmgr.InstallPanel.PluginTableModel;1;0;0;1.0000;21;2;0;1;0;0.9375;151;13;2
org.gjt.sp.jedit.textarea.JEditTextArea.propertiesChanged();org.gjt.sp.jedit.textarea.TextAreaPainter;3;0;11;0.9591;2774;208;61;0;1;0.9868;269;31;36
org.objectweb.asm.CodeWriter.visitFieldInsn(int, String, String, String);org.objectweb.asm.Constants;2;0;5;0.9074;919;30;27;0;3;0.9840;0;0;179
org.gjt.sp.jedit.textarea.TextAreaPainter.PaintText.paintValidLine(Graphics2D, int, int, int, int, int);org.gjt.sp.jedit.textarea.JEditTextArea;7;0;0;1.0000;50;1;0;1;6;0.9750;2774;208;61
org.gjt.sp.jedit.gui.AddAbbrevDialog.ActionHandler.actionPerformed(ActionEvent);org.gjt.sp.jedit.Abbrevs;3;0;0;1.0000;22;1;0;3;0;1.0000;225;15;8
org.gjt.sp.jedit.textarea.JEditTextArea.updateStructureHighlight();org.gjt.sp.jedit.textarea.StructureMatcher.Match;3;3;7;0.9624;2774;208;61;0;3;0.8636;12;0;5
org.gjt.sp.jedit.textarea.TextAreaTransferHandler.canImport(JComponent, DataFlavor[]);org.gjt.sp.jedit.textarea.JEditTextArea;0;0;0;0;0;0;0;0;0;0;0;0;0
bsh.BSHClassDeclaration.eval(CallStack, Interpreter);bsh.BSHAmbiguousName;2;0;5;0.6429;29;2;6;1;1;0.8947;42;7;1
QuickNotepad.saveFile();org.gjt.sp.util.Log;1;0;2;0.8667;100;9;6;1;1;1.0000;142;9;16
org.objectweb.asm.CodeWriter.put(ByteVector);org.objectweb.asm.ByteVector;3;0;15;0.7368;919;30;27;3;2;0.8438;139;9;2
bsh.Interpreter.get(String);bsh.SimpleNode;1;0;1;0.9811;490;39;19;0;1;1.0000;76;14;7
org.gjt.sp.jedit.browser.VFSBrowser.PluginsMenuButton.ActionHandler.actionPerformed(ActionEvent);org.gjt.sp.jedit.io.VFS;0;0;0;1.0000;5;1;0;1;0;0.9677;191;26;17
org.gjt.sp.jedit.textarea.FirstLine.scrollDown(int);org.gjt.sp.util.Log;0;0;0;0;0;0;0;0;0;0;0;0;0
org.gjt.sp.jedit.jEdit.openTemporary(View, String, String, boolean);org.gjt.sp.jedit.View;1;1;1;1.0000;1709;108;29;1;0;0.9846;679;41;39
org.gjt.sp.jedit.Buffer.save(View, String, boolean);org.gjt.sp.jedit.GUIUtilities;2;6;6;0.9387;1798;136;53;2;0;1.0000;486;55;9
org.gjt.sp.jedit.gui.BufferSwitcher.ActionHandler.actionPerformed(ActionEvent);org.gjt.sp.jedit.EditPane;1;0;0;1.0000;6;1;0;1;0;0.9583;273;15;7
org.gjt.sp.jedit.gui.HistoryTextArea.setInstantPopups(boolean);org.gjt.sp.jedit.gui.HistoryText;0;0;0;0;0;0;0;0;0;0;0;0;0
org.gjt.sp.jedit.OptionGroup.addOptionPane(OptionPane);org.gjt.sp.jedit.jEdit;0;1;0;0.9286;69;8;4;1;0;1.0000;1709;108;29
bsh.Parser.generateParseException();bsh.ParserConstants;2;0;1;0.9973;5894;347;13;0;1;0.9927;0;0;131
org.gjt.sp.jedit.PluginJAR.setPluginCache(PluginJAR, PluginCacheEntry);org.gjt.sp.util.Log;1;0;1;0.9697;557;18;15;1;2;1.0000;142;9;16
org.gjt.sp.util.WorkThread.setStatus(String);org.gjt.sp.util.WorkThreadPool;0;0;2;0.8824;94;8;8;1;0;0.9677;174;15;14
org.gjt.sp.jedit.EditPane.saveCaretInfo();org.gjt.sp.jedit.textarea.JEditTextArea;2;0;2;0.9200;273;15;7;1;2;0.9885;2774;208;61
bsh.Reflect.resolveJavaMethod(BshClassManager, Class, Object, String, Object[], boolean);bsh.Primitive;1;1;0;1.0000;422;31;0;0;1;1.0000;506;35;5
org.gjt.sp.jedit.browser.VFSBrowser.mkdir();org.gjt.sp.jedit.MiscUtilities;2;2;1;0.9474;542;33;34;1;0;1.0000;629;50;3
org.gjt.sp.jedit.View.updateTitle();org.gjt.sp.jedit.jEdit;2;1;1;0.9701;679;41;39;1;0;1.0000;1709;108;29
org.gjt.sp.jedit.textarea.JEditTextArea.offsetToXY(int, int, Point);org.gjt.sp.jedit.textarea.ChunkCache.LineInfo;2;0;4;0.9848;2774;208;61;0;1;0.9375;0;0;8
org.gjt.sp.jedit.gui.RegisterViewer.Renderer.getListCellRendererComponent(JList, Object, int, boolean, boolean);org.gjt.sp.jedit.jEdit;0;0;0;0;0;0;0;0;0;0;0;0;0
org.gjt.sp.jedit.search.HyperSearchRequest.doHyperSearch(Buffer, int, int, DefaultMutableTreeNode);org.gjt.sp.jedit.search.SearchMatcher.Match;2;0;1;0.9545;130;5;6;0;2;0.8462;0;0;3
org.objectweb.asm.ClassWriter.newFloat(float);org.objectweb.asm.Item;0;2;4;0.8864;305;21;49;1;0;0.9615;76;6;11
org.gjt.sp.jedit.pluginmgr.InstallPanel.PluginTableModel.update();org.gjt.sp.jedit.MiscUtilities;5;1;2;0.8846;151;13;2;1;0;1.0000;629;50;3
bsh.BSHAmbiguousName.toLHS(CallStack, Interpreter);bsh.UtilEvalError;0;1;0;0.9091;42;7;1;1;0;0.8571;14;2;0
org.gjt.sp.jedit.search.SearchDialog.showSearchDialog(View, String, int);org.gjt.sp.jedit.OperatingSystem;0;2;1;0.9512;431;17;30;2;0;1.0000;122;13;11
org.gjt.sp.jedit.textarea.JEditTextArea.deleteToStartOfLine();org.gjt.sp.jedit.buffer.JEditBuffer;0;0;0;0;0;0;0;0;0;0;0;0;0
org.gjt.sp.jedit.proto.jeditresource.Handler.openConnection(URL);org.gjt.sp.jedit.proto.jeditresource.PluginResURLConnection;0;0;0;1.0000;5;1;0;1;0;0.8571;54;3;3
installer.TarEntry.isDescendent(TarEntry);installer.TarHeader;1;0;1;0.9697;216;28;2;0;1;0.9444;106;8;36
bsh.BSHForStatement.eval(CallStack, Interpreter);bsh.ParserConstants;3;0;7;0.6111;42;1;8;0;3;0.9792;0;0;131
org.gjt.sp.jedit.textarea.JEditTextArea.showGoToLineDialog();org.gjt.sp.jedit.GUIUtilities;0;2;1;0.9884;2774;208;61;1;0;1.0000;486;55;9
org.gjt.sp.jedit.textarea.TextAreaPainter.setBounds(int, int, int, int);org.gjt.sp.jedit.buffer.JEditBuffer;0;0;0;0;0;0;0;0;0;0;0;0;0
bsh.BSHTypedVariableDeclaration.eval(CallStack, Interpreter);bsh.Primitive;2;2;1;0.7692;44;5;1;0;1;1.0000;506;35;5
org.gjt.sp.jedit.Macros.error(Component, String);org.gjt.sp.jedit.GUIUtilities;0;0;0;1.0000;232;21;6;1;0;1.0000;486;55;9
org.gjt.sp.jedit.browser.BrowserCommandsMenu.createPluginMenu(VFSBrowser);org.gjt.sp.jedit.jEdit;0;0;0;0;0;0;0;0;0;0;0;0;0
org.gjt.sp.jedit.textarea.Gutter.MouseHandler.mouseReleased(MouseEvent);org.gjt.sp.jedit.textarea.MouseHandler;0;0;0;0;0;0;0;0;0;0;0;0;0
org.gjt.sp.jedit.gui.KeyEventTranslator.translateKeyEvent(KeyEvent);org.gjt.sp.jedit.Debug;2;1;1;1.0000;168;7;5;0;2;1.0000;0;0;22
org.gjt.sp.jedit.textarea.JEditTextArea.expandFold(boolean);org.gjt.sp.jedit.textarea.DisplayManager;0;3;5;0.9693;2774;208;61;1;0;0.9800;513;30;16
org.gjt.sp.jedit.textarea.DisplayManager.invalidateScreenLineCounts();org.gjt.sp.jedit.textarea.ScreenLineManager;0;0;0;0;0;0;0;0;0;0;0;0;0
org.gjt.sp.jedit.textarea.JEditTextArea.getText(int, int, Segment);org.gjt.sp.jedit.buffer.JEditBuffer;0;0;0;0;0;0;0;0;0;0;0;0;0
org.gjt.sp.jedit.search.SearchAndReplace.literalBeanShellReplace(View, String);bsh.NameSpace;0;0;0;0;0;0;0;0;0;0;0;0;0
org.gjt.sp.jedit.textarea.TextAreaPainter.PaintLineBackground.shouldPaintLineHighlight(int, int, int);org.gjt.sp.jedit.textarea.JEditTextArea;0;0;0;0;0;0;0;0;0;0;0;0;0
bsh.NameSpace.prune();bsh.BshClassManager;0;1;1;0.9765;491;64;21;1;0;1.0000;176;32;9
org.gjt.sp.jedit.gui.BufferSwitcher.updateBufferList();org.gjt.sp.jedit.EditPane;2;0;2;0.5000;14;1;2;0;1;0.9583;273;15;7
org.gjt.sp.jedit.BeanShell.resetDefaultVariables(NameSpace);bsh.NameSpace;0;0;0;1.0000;279;22;6;1;0;0.9884;491;64;21
bsh.Parser.jj_3R_190();bsh.ParserConstants;1;2;0;0.9945;5894;347;13;0;1;0.9925;0;0;131
org.gjt.sp.jedit.buffer.BufferInsertRequest.run();org.gjt.sp.jedit.io.VFSFile;0;0;0;0;0;0;0;0;0;0;0;0;0
org.gjt.sp.jedit.textarea.JEditTextArea.getPhysicalLineOfScreenLine(int);org.gjt.sp.jedit.textarea.ChunkCache.LineInfo;1;0;1;0.9962;2774;208;61;0;1;0.9000;0;0;8
org.gjt.sp.jedit.search.SearchAndReplace.setReverseSearch(boolean);org.gjt.sp.jedit.EditBus;0;0;1;1.0000;537;32;11;1;0;1.0000;44;4;2
org.gjt.sp.jedit.menu.RecentFilesProvider.update(JMenu);org.gjt.sp.jedit.GUIUtilities;3;0;0;1.0000;61;2;0;1;0;1.0000;486;55;9
org.gjt.sp.jedit.gui.CloseDialog.ActionHandler.actionPerformed(ActionEvent);org.gjt.sp.jedit.jEdit;3;0;0;1.0000;51;1;0;2;0;1.0000;1709;108;29
bsh.JJTParserState.closeNodeScope(Node, int);bsh.Node;0;2;3;0.7222;74;10;5;3;0;0.7500;7;7;0
org.gjt.sp.jedit.pluginmgr.ManagePanel.RemoveButton.actionPerformed(ActionEvent);org.gjt.sp.jedit.pluginmgr.ManagePanel.Entry;2;0;0;1.0000;29;2;0;0;1;0.9444;29;0;11
org.gjt.sp.jedit.search.SearchDialog.load();org.gjt.sp.jedit.gui.HistoryTextField;5;0;13;0.7547;431;17;30;3;1;0.9111;211;12;7
org.gjt.sp.jedit.Macros.Handler.accept(String);gnu.regexp.RE;0;0;1;0.8750;24;4;3;1;0;0.9767;615;37;13
org.gjt.sp.jedit.JARClassLoader.activate();org.gjt.sp.jedit.PluginJAR;1;0;2;0.9286;143;11;6;0;1;0.9697;557;18;15
macos.MacOSPlugin.handleMessage(EBMessage);macos.Delegate;0;0;3;0.6667;40;3;3;2;0;0.8824;156;12;2
bsh.Parser.jj_3R_174();bsh.ParserConstants;1;2;0;0.9945;5894;347;13;0;1;0.9925;0;0;131
org.gjt.sp.jedit.textarea.BufferHandler.foldLevelChanged(JEditBuffer, int, int);org.gjt.sp.jedit.textarea.JEditTextArea;2;0;2;0.8947;165;9;7;1;2;0.9885;2774;208;61
gnu.regexp.RETokenRepeated.match(CharIndexed, REMatch);gnu.regexp.REMatch;1;1;4;0.6154;120;5;4;2;1;0.8889;95;12;8
org.gjt.sp.jedit.buffer.JEditBuffer.markTokens(int, TokenHandler);org.gjt.sp.jedit.syntax.DummyTokenHandler;0;0;0;0;0;0;0;0;0;0;0;0;0
bsh.Parser.ThrowStatement();bsh.ParserTreeConstants;2;4;1;0.9864;5894;347;13;0;1;0.9800;0;0;39
org.gjt.sp.jedit.browser.VFSFileNameField.processKeyEvent(KeyEvent);org.gjt.sp.jedit.browser.VFSDirectoryEntryTable;5;1;1;0.9200;129;5;1;2;0;0.9459;240;13;4
org.gjt.sp.jedit.gui.DockableWindowManager.propertiesChanged();org.gjt.sp.jedit.jEdit;3;1;12;0.8108;447;27;16;2;0;1.0000;1709;108;29
gnu.regexp.RE.substituteAllImpl(CharIndexed, String, int, int);gnu.regexp.REMatch;2;1;1;0.9792;615;37;13;2;1;0.8846;95;12;8
bsh.Parser.UnaryExpressionNotPlusMinus();bsh.ParserTreeConstants;4;8;2;0.9742;5894;347;13;0;1;0.9865;0;0;39
org.gjt.sp.jedit.pluginmgr.MirrorListHandler.doctypeDecl(String, String, String);org.gjt.sp.util.Log;1;0;1;0.9500;67;11;9;1;1;1.0000;142;9;16
org.gjt.sp.jedit.PluginJAR.uninit(boolean);org.gjt.sp.jedit.ActionContext;3;1;8;0.7273;557;18;15;1;0;0.9500;41;7;3
org.gjt.sp.jedit.browser.BrowserCommandsMenu.ActionHandler.actionPerformed(ActionEvent);org.gjt.sp.jedit.browser.VFSBrowser;2;0;0;1.0000;14;1;0;0;2;0.9643;542;33;34
bsh.Reflect.resolveJavaMethod(BshClassManager, Class, String, Class[], boolean);bsh.BshClassManager;1;2;0;1.0000;422;31;0;2;0;0.9459;176;32;9
bsh.Parser.PostfixExpression();bsh.ParserTreeConstants;4;6;2;0.9794;5894;347;13;0;1;0.9863;0;0;39
org.gjt.sp.jedit.pluginmgr.InstallPanel.PluginTableModel.deselectParents(Entry);org.gjt.sp.jedit.GUIUtilities;0;0;0;0;0;0;0;0;0;0;0;0;0
bsh.Parser.jj_3R_49();bsh.ParserConstants;1;2;0;0.9945;5894;347;13;0;1;0.9925;0;0;131
org.gjt.sp.jedit.search.SearchAndReplace.find(View);org.gjt.sp.jedit.textarea.JEditTextArea;4;4;4;1.0000;537;32;11;1;1;0.9926;2774;208;61
org.gjt.sp.jedit.browser.BrowserView.TableMouseHandler.mousePressed(MouseEvent);org.gjt.sp.jedit.browser.FileCellRenderer.ExpansionToggleBorder;2;0;0;1.0000;58;3;0;1;0;1.0000;23;4;9
org.gjt.sp.jedit.options.EditingOptionPane.ModeProperties.load();org.gjt.sp.jedit.Mode;1;0;14;0.3333;81;2;15;3;1;0.8621;89;9;5
org.objectweb.asm.ClassWriter.newString(String);org.objectweb.asm.ByteVector;1;3;4;0.8636;305;21;49;1;0;0.9524;139;9;2
org.gjt.sp.jedit.options.ToolBarEditDialog.getSelection();org.gjt.sp.jedit.options.ToolBarOptionPane.IconListEntry;2;0;8;0.6190;173;5;12;0;2;0.8462;7;0;2
org.gjt.sp.jedit.jEdit.main(String[]);org.gjt.sp.jedit.io.VFSManager;5;17;8;1.0000;1709;108;29;1;0;1.0000;129;15;11
org.gjt.sp.jedit.io.VFSFile.getExtendedAttribute(String);org.gjt.sp.jedit.jEdit;0;0;0;0;0;0;0;0;0;0;0;0;0
macos.Delegate.ShowFileAction.doAction();macos.MacOSActions;0;0;1;0.0000;6;1;1;1;0;1.0000;8;2;0
org.gjt.sp.jedit.Registers.append(JEditTextArea, char, String, boolean);org.gjt.sp.jedit.gui.HistoryModel;0;2;0;1.0000;231;16;5;2;0;0.9167;131;9;8
bsh.This.run();bsh.Interpreter;0;1;1;0.7778;79;9;2;1;0;0.9815;490;39;19
org.gjt.sp.jedit.options.AbbrevsOptionPane._init();org.gjt.sp.jedit.Abbrevs;2;1;8;0.3571;112;5;8;2;1;1.0000;225;15;8
org.gjt.sp.jedit.textarea.MouseHandler.doSingleDrag(MouseEvent);org.gjt.sp.jedit.textarea.TextAreaPainter;0;0;0;0;0;0;0;0;0;0;0;0;0
org.gjt.sp.jedit.menu.EnhancedCheckBoxMenuItem.paint(Graphics);org.gjt.sp.jedit.menu.EnhancedMenuItem;1;0;1;0.8333;49;3;3;0;3;1.0000;47;3;5
org.gjt.sp.jedit.jEdit.getActionNames();org.gjt.sp.jedit.ActionContext;0;0;1;1.0000;1709;108;29;1;0;0.9000;41;7;3
org.gjt.sp.jedit.gui.IOProgressMonitor.removeNotify();org.gjt.sp.jedit.io.VFSManager;1;0;1;0.8571;30;3;3;0;1;1.0000;129;15;11
org.gjt.sp.jedit.syntax.DisplayTokenHandler.canMerge(Chunk, Chunk, Segment);org.gjt.sp.jedit.syntax.Chunk;2;0;1;1.0000;86;6;11;0;2;0.8947;132;8;11
org.gjt.sp.jedit.pluginmgr.InstallPanel.EntryCompare.compare(Object, Object);org.gjt.sp.jedit.pluginmgr.InstallPanel.Entry;1;0;2;0.6667;13;1;3;0;2;0.8462;23;1;10
macos.Delegate.applicationOpenFiles(NSApplication, NSArray);org.gjt.sp.jedit.jEdit;1;0;0;1.0000;156;12;2;2;0;1.0000;1709;108;29
org.gjt.sp.jedit.browser.BrowserView.showFilePopup(VFSFile[], Component, Point);org.gjt.sp.jedit.GUIUtilities;0;0;2;0.8947;139;12;7;1;0;1.0000;486;55;9
org.gjt.sp.jedit.textarea.TextAreaPainter.PaintLineBackground.paintValidLine(Graphics2D, int, int, int, int, int);org.gjt.sp.jedit.textarea.JEditTextArea;5;0;0;1.0000;30;1;0;0;6;0.9780;2774;208;61
org.gjt.sp.jedit.GUIUtilities.loadGeometry(Window, String);org.gjt.sp.jedit.OperatingSystem;1;2;0;1.0000;486;55;9;1;0;1.0000;122;13;11
org.gjt.sp.jedit.Buffer.insertFile(View, String);org.gjt.sp.jedit.io.VFS;1;4;1;0.9697;1798;136;53;1;0;0.9730;191;26;17
org.gjt.sp.jedit.gui.DockablePanel.ResizeMouseHandler.mousePressed(MouseEvent);org.gjt.sp.jedit.gui.DockableWindowManager;0;0;0;0;0;0;0;0;0;0;0;0;0
org.gjt.sp.jedit.buffer.BufferChangeListener.Adapter.foldHandlerChanged(JEditBuffer);org.gjt.sp.jedit.buffer.BufferChangeListener;0;0;0;0;0;0;0;0;0;0;0;0;0
org.gjt.sp.jedit.indent.OpenBracketIndentRule.getOpenBracketCount(JEditBuffer, int);org.gjt.sp.jedit.buffer.JEditBuffer;0;0;0;0;0;0;0;0;0;0;0;0;0
org.gjt.sp.jedit.textarea.TextAreaPainter.getExtensions();org.gjt.sp.jedit.textarea.ExtensionManager;0;0;1;0.9818;269;31;36;1;0;0.8750;75;6;1
bsh.BSHSwitchStatement.eval(CallStack, Interpreter);bsh.ReturnControl;4;1;0;0.8889;49;2;0;0;1;0.9091;5;0;3
org.gjt.sp.jedit.Buffer.insertFile(View, String);org.gjt.sp.jedit.buffer.BufferIORequest;1;4;1;0.9697;1798;136;53;0;1;1.0000;509;11;25
bsh.Parser.jj_3R_138();bsh.ParserConstants;1;1;0;0.9972;5894;347;13;0;1;0.9924;0;0;131
org.gjt.sp.jedit.textarea.SelectionManager.getSelectionStartAndEnd(int, int, Selection);org.gjt.sp.jedit.textarea.DisplayManager;0;0;0;0;0;0;0;0;0;0;0;0;0
org.gjt.sp.jedit.SettingsReloader.handleMessage(EBMessage);org.gjt.sp.jedit.msg.VFSUpdate;1;1;0;0.5000;30;2;0;0;1;0.7500;11;1;1
org.gjt.sp.jedit.textarea.JEditTextArea.getScreenLineOfOffset(int);org.gjt.sp.jedit.textarea.ChunkCache;0;0;2;0.9923;2774;208;61;1;0;0.9744;333;25;9
org.gjt.sp.jedit.Registers.RegistersHandler.endElement(String);org.gjt.sp.util.Log;1;0;2;0.6667;22;5;2;1;1;1.0000;142;9;16
org.gjt.sp.jedit.search.SearchBar.incrementalSearch(int, boolean);org.gjt.sp.jedit.View;1;0;2;0.8824;130;6;10;1;0;0.9846;679;41;39
org.gjt.sp.jedit.pluginmgr.PluginListHandler.endElement(String);org.gjt.sp.jedit.pluginmgr.PluginList.PluginSet;3;1;20;0.5800;133;11;23;0;1;0.9750;3;1;3
bsh.BSHCastExpression.eval(CallStack, Interpreter);bsh.BSHType;1;0;0;1.0000;16;1;0;1;0;0.9286;82;6;4
org.gjt.sp.jedit.options.PluginOptions.createOptionTreeModel();org.gjt.sp.jedit.OptionGroup;3;0;1;0.9231;49;1;1;4;1;0.7222;69;8;4
org.gjt.sp.jedit.PluginJAR.activatePlugin();org.gjt.sp.jedit.msg.PluginUpdate;3;3;4;0.7941;557;18;15;0;1;1.0000;18;2;6
installer.CBZip2OutputStream.mainSort();installer.BZip2Constants;1;3;10;0.8413;1262;32;41;0;1;0.9524;0;0;11
org.gjt.sp.jedit.textarea.JEditTextArea.goToParentFold();org.gjt.sp.jedit.textarea.ChunkCache;0;3;5;0.9693;2774;208;61;1;0;0.9778;333;25;9
org.gjt.sp.jedit.search.SearchAndReplace.replaceAll(View);org.gjt.sp.jedit.BeanShell;3;5;2;1.0000;537;32;11;0;1;1.0000;279;22;6
bsh.Parser.jj_3R_160();bsh.ParserConstants;1;1;0;0.9972;5894;347;13;0;2;0.9848;0;0;131
org.gjt.sp.jedit.textarea.JEditTextArea.goToPrevFold(boolean);org.gjt.sp.jedit.buffer.JEditBuffer;0;0;0;0;0;0;0;0;0;0;0;0;0
org.gjt.sp.jedit.buffer.BufferSaveRequest.writeMarkers(Buffer, OutputStream);org.gjt.sp.jedit.Buffer;0;0;0;0;0;0;0;0;0;0;0;0;0
org.gjt.sp.jedit.options.ViewOptionPane._init();org.gjt.sp.jedit.jEdit;0;0;11;0.2143;49;2;11;2;0;1.0000;1709;108;29
bsh.ClassGeneratorUtil.getTypeDescriptors(Class[]);bsh.BSHType;0;0;0;1.0000;457;21;19;1;0;1.0000;82;6;4
org.gjt.sp.jedit.jEdit._getBuffer(String);org.gjt.sp.jedit.io.VFSManager;1;0;2;1.0000;1709;108;29;1;0;1.0000;129;15;11
org.gjt.sp.jedit.browser.BrowserView.maybeReloadDirectory(String);org.gjt.sp.jedit.io.FileRootsVFS;3;2;2;0.8095;139;12;7;0;1;1.0000;59;4;7
org.gjt.sp.jedit.browser.VFSBrowser.PluginsMenuButton.ActionHandler.actionPerformed(ActionEvent);org.gjt.sp.jedit.browser.VFSBrowser;0;0;0;1.0000;5;1;0;1;0;0.9818;542;33;34
installer.TarEntry.setGroupName(String);installer.TarHeader;1;0;1;0.9697;216;28;2;0;1;0.9444;106;8;36
org.gjt.sp.jedit.menu.FavoritesProvider.update(JMenu);org.gjt.sp.jedit.io.VFSFile;0;0;0;0;0;0;0;0;0;0;0;0;0
org.gjt.sp.jedit.search.SearchBar.ActionHandler.actionPerformed(ActionEvent);org.gjt.sp.jedit.search.SearchAndReplace;2;0;0;1.0000;18;1;0;2;0;1.0000;537;32;11
bsh.BSHFormalParameter.getTypeDescriptor(CallStack, Interpreter, String);bsh.BSHType;0;0;0;1.0000;12;2;3;1;0;0.9167;82;6;4
org.gjt.sp.jedit.browser.VFSBrowser.filesActivated(int, boolean);org.gjt.sp.jedit.browser.BrowserView;4;2;14;0.8730;542;33;34;1;0;0.9730;139;12;7
org.gjt.sp.jedit.buffer.JEditBuffer.insert(int, String);org.gjt.sp.util.IntegerArray;0;0;0;0;0;0;0;0;0;0;0;0;0
org.gjt.sp.jedit.textarea.JEditTextArea.goToPrevPage(boolean);org.gjt.sp.jedit.textarea.DisplayManager;0;10;5;0.9423;2774;208;61;2;0;0.9636;513;30;16
org.gjt.sp.util.WorkThreadPool.fireStatusChanged(WorkThread);org.gjt.sp.util.WorkThreadProgressListener;0;0;2;0.9310;174;15;14;1;0;0.7500;2;2;0
macos.menu.ShowRecentDirMenu.ShowRecentDirMenuItem.ShowFileAction.actionPerformed(ActionEvent);macos.MacOSActions;1;0;0;1.0000;3;1;0;1;0;1.0000;8;2;0
org.gjt.sp.jedit.PerspectiveManager.loadPerspective(boolean);org.gjt.sp.util.Log;4;0;0;1.0000;135;3;1;1;2;1.0000;142;9;16
bsh.BSHBlock.evalBlock(CallStack, Interpreter, boolean, NodeFilter);bsh.CallStack;1;0;1;0.9000;48;3;1;2;0;0.8947;52;11;1
org.gjt.sp.jedit.search.SearchDialog.MultiFileActionHandler.actionPerformed(ActionEvent);org.gjt.sp.jedit.search.SearchDialog;2;0;0;1.0000;12;1;0;2;4;0.8571;431;17;30
bsh.BshClassManager.loadSourceClass(String);bsh.Interpreter;0;2;1;0.9189;176;32;9;1;0;0.9818;490;39;19
org.gjt.sp.jedit.browser.VFSDirectoryEntryTableModel.removeExtendedAttributes(VFS);org.gjt.sp.util.Log;2;0;1;0.9375;103;11;2;1;1;1.0000;142;9;16
org.gjt.sp.jedit.JARClassLoader.getResourceAsPath(String);org.gjt.sp.jedit.PluginJAR;1;0;1;0.9286;143;11;6;0;1;0.9697;557;18;15
org.gjt.sp.jedit.textarea.JEditTextArea.getSelectionEndLine();org.gjt.sp.jedit.textarea.Selection;1;0;2;0.9923;2774;208;61;0;1;0.9444;43;9;4
bsh.Parser.InclusiveOrExpression();bsh.JJTParserState;4;5;2;0.9810;5894;347;13;2;0;0.9286;74;10;5
bsh.Parser.PackageDeclaration();bsh.ParserConstants;2;4;1;0.9864;5894;347;13;0;1;0.9929;0;0;131
org.gjt.sp.jedit.gui.GrabKeyDialog.ActionHandler.actionPerformed(ActionEvent);org.gjt.sp.jedit.gui.GrabKeyDialog;1;1;0;0.8889;49;2;0;1;7;0.6190;144;9;10
org.gjt.sp.jedit.textarea.TextAreaPainter.setLineHighlightColor(Color);org.gjt.sp.jedit.textarea.JEditTextArea;1;0;2;0.9649;269;31;36;1;2;0.9885;2774;208;61
org.gjt.sp.jedit.gui.MarkerViewer.Renderer.getListCellRendererComponent(JList, Object, int, boolean, boolean);org.gjt.sp.jedit.textarea.JEditTextArea;0;0;0;0;0;0;0;0;0;0;0;0;0
org.gjt.sp.jedit.gui.InputHandler.invokeReadNextChar(char);org.gjt.sp.jedit.Macros.Recorder;2;0;3;0.8846;133;14;6;1;0;0.9583;80;8;6
bsh.ParserTokenManager.jjMoveStringLiteralDfa26_0(long, long);bsh.JavaCharStream;0;3;2;0.9123;1699;47;25;1;0;0.9804;331;25;17
org.gjt.sp.jedit.textarea.Gutter.paintComponent(Graphics);org.gjt.sp.jedit.textarea.TextAreaPainter;2;1;2;0.9348;266;20;25;0;1;0.9839;269;31;36
org.gjt.sp.jedit.indent.RegexpIndentRule.isMatch(String);gnu.regexp.RE;0;0;0;0;0;0;0;0;0;0;0;0;0
org.gjt.sp.jedit.textarea.MouseHandler.doDoubleDrag(MouseEvent);org.gjt.sp.jedit.textarea.JEditTextArea;0;0;0;0;0;0;0;0;0;0;0;0;0
org.gjt.sp.jedit.gui.FilesChangedDialog.reload();org.gjt.sp.jedit.jEdit;0;0;4;0.7143;157;5;8;1;0;1.0000;1709;108;29
bsh.Parser.AndExpression();bsh.ParserTreeConstants;4;5;2;0.9810;5894;347;13;0;1;0.9808;0;0;39
org.gjt.sp.jedit.browser.BrowserView.loadDirectory(Object, String, boolean);org.gjt.sp.jedit.io.VFS;2;0;2;0.9091;139;12;7;1;0;0.9706;191;26;17
org.gjt.sp.jedit.jEdit.saveSettings();org.gjt.sp.jedit.BufferHistory;1;1;3;1.0000;1709;108;29;1;0;1.0000;189;9;3
org.gjt.sp.jedit.Registers.cut(JEditTextArea, char);org.gjt.sp.jedit.textarea.JEditTextArea;0;1;0;1.0000;231;16;5;3;0;0.9885;2774;208;61
bsh.BshMethod.invokeImpl(Object[], Interpreter, CallStack, SimpleNode, boolean);bsh.ReturnControl;5;0;7;0.8000;139;7;10;0;3;0.8750;5;0;3
bsh.Parser.MultiplicativeExpression();bsh.Token;4;5;2;0.9810;5894;347;13;0;1;0.9545;9;1;8
org.gjt.sp.jedit.gui.CompleteWord.completeWord(View);org.gjt.sp.jedit.textarea.TextAreaPainter;3;3;0;1.0000;182;8;6;0;1;0.9853;269;31;36
org.gjt.sp.jedit.menu.EnhancedMenu.EditBusStub.handleMessage(EBMessage);org.gjt.sp.jedit.msg.DynamicMenuChanged;1;0;2;0.5000;12;1;2;0;1;0.8000;10;1;1
org.gjt.sp.jedit.buffer.BufferIORequest.write(Buffer, OutputStream);org.gjt.sp.jedit.MiscUtilities;2;0;5;1.0000;509;11;25;0;1;1.0000;629;50;3
org.gjt.sp.jedit.EditPlugin.createMenuItems();org.gjt.sp.jedit.jEdit;0;1;0;0.8571;42;7;1;1;0;1.0000;1709;108;29
org.gjt.sp.jedit.BeanShell.unwrapException(Exception);bsh.TargetError;0;0;0;1.0000;279;22;6;1;0;0.9091;47;7;2
org.gjt.sp.jedit.browser.VFSBrowser.searchInDirectory(String, boolean);org.gjt.sp.jedit.MiscUtilities;1;1;1;0.9623;542;33;34;3;0;1.0000;629;50;3
org.gjt.sp.jedit.Buffer.checkFileForSave(View, VFS, String);org.gjt.sp.jedit.io.VFSFile;0;0;0;0;0;0;0;0;0;0;0;0;0
org.gjt.sp.jedit.jEdit.newView(View, Buffer, View.ViewConfig);org.gjt.sp.jedit.OperatingSystem;4;3;2;1.0000;1709;108;29;1;0;1.0000;122;13;11
org.gjt.sp.jedit.browser.VFSFileChooserDialog.BrowserHandler.filesActivated(VFSBrowser, VFSFile[]);org.gjt.sp.jedit.io.VFSManager;0;0;0;0;0;0;0;0;0;0;0;0;0
org.gjt.sp.jedit.syntax.XModeHandler.endDocument();org.gjt.sp.jedit.syntax.TokenMarker;0;0;1;0.9796;346;15;32;1;0;0.9615;352;10;13
org.gjt.sp.jedit.textarea.ExtensionManager.paintScreenLineRange(JEditTextArea, Graphics2D, int, int, int, int);org.gjt.sp.jedit.textarea.ChunkCache;3;1;0;0.9091;75;6;1;1;0;0.9750;333;25;9
org.gjt.sp.jedit.textarea.TextAreaPainter.PaintText.paintValidLine(Graphics2D, int, int, int, int, int);org.gjt.sp.jedit.syntax.Chunk;7;0;0;1.0000;50;1;0;1;0;1.0000;132;8;11
org.gjt.sp.jedit.menu.EnhancedCheckBoxMenuItem.Model.isSelected();org.gjt.sp.jedit.ActionContext;2;0;0;1.0000;17;2;0;1;0;0.9231;41;7;3
org.gjt.sp.jedit.textarea.TextAreaPainter.setBounds(int, int, int, int);org.gjt.sp.jedit.textarea.JEditTextArea;1;0;1;0.9836;269;31;36;4;2;0.9770;2774;208;61
org.gjt.sp.jedit.io.VFS.DirectoryEntryCompare.compare(Object, Object);org.gjt.sp.jedit.MiscUtilities;1;0;2;0.6000;12;1;2;1;0;1.0000;629;50;3
org.gjt.sp.jedit.View.getBuffer();org.gjt.sp.jedit.EditPane;1;0;1;0.9841;679;41;39;0;1;0.9565;273;15;7
bsh.ClassGeneratorUtil.getConstructorArgs(String, This, Object[], int);bsh.BSHArguments;3;0;2;1.0000;457;21;19;1;0;0.9412;11;1;0
org.gjt.sp.jedit.textarea.SelectionManager.addToSelection(Selection);org.gjt.sp.jedit.textarea.JEditTextArea;0;0;0;0;0;0;0;0;0;0;0;0;0
bsh.Parser.jj_3_6();bsh.ParserConstants;1;1;0;0.9972;5894;347;13;0;2;0.9848;0;0;131
org.gjt.sp.jedit.browser.VFSBrowser.FavoritesMenuButton.createPopupMenu();org.gjt.sp.jedit.jEdit;3;0;1;0.8333;40;1;1;1;0;1.0000;1709;108;29
org.gjt.sp.jedit.MiscUtilities.isToolsJarAvailable();org.gjt.sp.util.Log;2;1;0;1.0000;629;50;3;1;2;1.0000;142;9;16
org.gjt.sp.jedit.browser.VFSDirectoryEntryTable.getExpandedDirectories(Set);org.gjt.sp.jedit.io.VFSFile;0;0;0;0;0;0;0;0;0;0;0;0;0
org.gjt.sp.jedit.gui.EditAbbrevDialog.ActionHandler.actionPerformed(ActionEvent);org.gjt.sp.jedit.gui.EditAbbrevDialog;1;0;0;1.0000;11;1;0;1;3;0.6923;57;4;6
bsh.Reflect.getObjectField(Object, String);bsh.This;1;3;0;1.0000;422;31;0;0;1;0.9000;79;9;2
org.gjt.sp.jedit.browser.VFSDirectoryEntryTable.resizeColumns();org.gjt.sp.jedit.browser.VFSDirectoryEntryTableModel.Entry;0;0;0;0;0;0;0;0;0;0;0;0;0
org.gjt.sp.jedit.browser.VFSBrowser.delete(VFSFile[]);org.gjt.sp.jedit.io.VFSManager;0;0;0;0;0;0;0;0;0;0;0;0;0
org.gjt.sp.jedit.options.ToolBarEditDialog.ActionHandler.actionPerformed(ActionEvent);org.gjt.sp.jedit.GUIUtilities;3;0;0;1.0000;22;1;0;1;0;1.0000;486;55;9
org.gjt.sp.jedit.search.SearchBar.find(boolean);org.gjt.sp.jedit.gui.StatusBar;5;1;5;0.7778;130;6;10;1;0;0.9811;261;11;26
org.gjt.sp.jedit.Abbrevs.load();org.gjt.sp.util.Log;2;1;5;1.0000;225;15;8;1;1;1.0000;142;9;16
bsh.Parser.ConditionalAndExpression();bsh.ParserConstants;4;5;2;0.9810;5894;347;13;0;2;0.9860;0;0;131
bsh.JThis.imageUpdate(java.awt.Image, int, int, int, int, int);bsh.Interpreter;0;0;0;1.0000;294;85;0;1;0;0.9821;490;39;19
org.gjt.sp.jedit.textarea.SelectionManager.resizeSelection(int, int, int, boolean);org.gjt.sp.jedit.textarea.Selection.Rect;0;0;0;0;0;0;0;0;0;0;0;0;0
bsh.Parser.PrimaryExpression();bsh.ParserTreeConstants;2;5;2;0.9810;5894;347;13;0;1;0.9811;0;0;39
org.gjt.sp.jedit.buffer.JEditBuffer.loadText(Segment, IntegerArray);org.gjt.sp.jedit.buffer.ContentManager;0;0;0;0;0;0;0;0;0;0;0;0;0
org.gjt.sp.jedit.search.SearchBar.FocusHandler.focusLost(FocusEvent);org.gjt.sp.jedit.search.SearchBar;0;0;0;0;0;0;0;0;0;0;0;0;0
org.gjt.sp.jedit.gui.DefaultInputHandler.getModifierString(InputEvent);org.gjt.sp.jedit.gui.KeyEventTranslator;0;0;0;1.0000;212;12;3;1;0;1.0000;168;7;5
bsh.Reflect.resolveExpectedJavaField(Class, String, boolean);bsh.Capabilities;0;1;0;1.0000;422;31;0;1;0;1.0000;24;4;2
org.gjt.sp.jedit.browser.BrowserIORequest.rename();org.gjt.sp.jedit.io.VFSManager;1;0;5;0.7368;179;6;11;1;0;1.0000;129;15;11
org.gjt.sp.jedit.gui.EnhancedDialog.ContainerHandler.componentAdded(Component);org.gjt.sp.jedit.gui.EnhancedDialog;1;1;0;1.0000;28;4;0;0;1;0.8333;18;3;1
bsh.BSHArrayInitializer.eval(Class, int, CallStack, Interpreter);bsh.Primitive;2;2;0;0.8750;54;3;0;2;1;0.9167;506;35;5
org.gjt.sp.jedit.textarea.JEditTextArea.tallCaretDelete(Selection.Rect, boolean);org.gjt.sp.jedit.textarea.Selection.Rect;2;1;1;0.9925;2774;208;61;1;0;0.9615;208;9;2
org.gjt.sp.jedit.gui.PanelWindowContainer.ActionHandler.actionPerformed(ActionEvent);org.gjt.sp.jedit.gui.PanelWindowContainer;1;0;0;1.0000;8;1;0;0;3;0.8966;163;12;15
org.gjt.sp.jedit.browser.VFSBrowser.createPluginsMenu(JComponent, boolean);org.gjt.sp.jedit.EditPlugin;0;0;0;0;0;0;0;0;0;0;0;0;0
bsh.Parser.jj_ntk();bsh.ParserTokenManager;1;0;4;0.9890;5894;347;13;1;0;0.9841;1699;47;25
org.gjt.sp.jedit.EditPane.setBuffer(Buffer);org.gjt.sp.jedit.View;1;1;6;0.7083;273;15;7;1;0;0.9861;679;41;39
macos.menu.ShowRecentDirMenu.ShowRecentDirMenuItem.ShowFileAction.actionPerformed(ActionEvent);macos.menu.ShowRecentDirMenu.ShowRecentDirMenuItem;1;0;0;1.0000;3;1;0;0;1;0.5000;5;0;1
org.gjt.sp.jedit.textarea.JEditTextArea.toUpperCase();org.gjt.sp.jedit.buffer.JEditBuffer;0;0;0;0;0;0;0;0;0;0;0;0;0
org.gjt.sp.jedit.pluginmgr.Roster.Remove.runInAWTThread(Component);org.gjt.sp.jedit.GUIUtilities;3;2;1;0.5000;49;4;1;1;0;1.0000;486;55;9
org.gjt.sp.jedit.jEdit.openFile(View, String, String, boolean, Hashtable);org.gjt.sp.jedit.msg.BufferUpdate;3;2;2;1.0000;1709;108;29;0;1;1.0000;18;2;12
org.gjt.sp.jedit.gui.DockableWindowFactory.loadDockableWindows(PluginJAR, URL, PluginJAR.PluginCacheEntry);com.microstar.xml.XmlException;0;0;0;0;0;0;0;0;0;0;0;0;0
org.gjt.sp.jedit.gui.GrabKeyDialog.init(KeyBinding, Vector, Buffer);org.gjt.sp.jedit.jEdit;0;1;9;0.5238;144;9;10;2;0;1.0000;1709;108;29
org.gjt.sp.jedit.gui.HistoryText.showPopupMenu(String, int, int);org.gjt.sp.jedit.jEdit;0;0;0;0;0;0;0;0;0;0;0;0;0
bsh.Reflect.resolveExpectedJavaMethod(BshClassManager, Class, Object, String, Object[], boolean);bsh.Types;0;1;0;1.0000;422;31;0;1;0;1.0000;98;10;4
org.gjt.sp.jedit.View.loadToolBars();org.gjt.sp.jedit.jEdit;0;2;7;0.9063;679;41;39;1;0;1.0000;1709;108;29
org.gjt.sp.jedit.buffer.JEditBuffer.fireTransactionComplete();org.gjt.sp.jedit.buffer.BufferListener;0;0;0;0;0;0;0;0;0;0;0;0;0
org.gjt.sp.jedit.textarea.JEditTextArea.goToNextCharacter(boolean);org.gjt.sp.jedit.textarea.Selection.Rect;2;7;6;0.9508;2774;208;61;0;2;0.9394;208;9;2
org.gjt.sp.jedit.gui.ActionBar.ActionTextField.processKeyEvent(KeyEvent);org.gjt.sp.jedit.gui.ActionBar;3;1;2;0.8421;79;5;2;1;5;0.7000;122;4;7
org.gjt.sp.jedit.pluginmgr.PluginManagerProgress.RosterThread.run();org.gjt.sp.jedit.pluginmgr.PluginManagerProgress;1;0;0;1.0000;6;1;0;0;1;0.9091;58;2;7
org.gjt.sp.jedit.jEdit.main(String[]);org.gjt.sp.jedit.gui.HistoryModel;5;17;8;1.0000;1709;108;29;1;0;1.0000;131;9;8
org.gjt.sp.jedit.browser.VFSBrowser.DirectoryLoadedAWTRequest.run();org.gjt.sp.jedit.browser.BrowserView;2;0;2;0.9048;46;2;2;1;0;0.9737;139;12;7
org.gjt.sp.jedit.pluginmgr.ManagePanel.HelpButton.valueChanged(ListSelectionEvent);org.gjt.sp.jedit.pluginmgr.ManagePanel.Entry;4;0;1;0.9091;30;2;1;0;2;0.8824;29;0;11
bsh.BSHArrayInitializer.throwTypeError(Class, Object, int, CallStack);bsh.Primitive;0;0;0;1.0000;54;3;0;1;0;0.9500;506;35;5
org.gjt.sp.jedit.browser.BrowserIORequest.mkdir();org.gjt.sp.jedit.io.VFS;1;0;4;0.7778;179;6;11;3;0;0.9167;191;26;17
bsh.ParseException.getMessage(boolean);bsh.Token;1;1;6;0.6500;133;6;6;0;5;0.6875;9;1;8
org.gjt.sp.jedit.GUIUtilities.showVFSFileDialog(View, String, int, boolean);org.gjt.sp.jedit.browser.VFSFileChooserDialog;1;1;0;1.0000;486;55;9;1;0;0.9231;155;5;7
org.gjt.sp.jedit.gui.MarkerViewer.handleMessage(EBMessage);org.gjt.sp.jedit.msg.ViewUpdate;0;0;0;0;0;0;0;0;0;0;0;0;0
org.gjt.sp.jedit.options.BrowserOptionPane._save();org.gjt.sp.jedit.jEdit;0;0;9;0.1818;50;2;9;2;0;1.0000;1709;108;29
bsh.BSHTryStatement.eval(CallStack, Interpreter);bsh.CallStack;3;0;0;1.0000;68;1;0;4;0;0.8333;52;11;1
org.gjt.sp.jedit.gui.OptionsDialog.save(Object);org.gjt.sp.util.Log;1;1;1;0.9630;231;15;9;1;1;1.0000;142;9;16
org.gjt.sp.jedit.textarea.JEditTextArea.tallCaretDelete(Selection.Rect, boolean);org.gjt.sp.jedit.buffer.JEditBuffer;0;0;0;0;0;0;0;0;0;0;0;0;0
bsh.Parser.MultiplicativeExpression();bsh.JJTParserState;4;5;2;0.9810;5894;347;13;2;0;0.9310;74;10;5
org.gjt.sp.jedit.gui.DockablePanel.ResizeMouseHandler.mouseDragged(MouseEvent);org.gjt.sp.jedit.gui.DockablePanel;0;0;0;0;0;0;0;0;0;0;0;0;0
bsh.EvalError.getScriptStackTrace();bsh.SimpleNode;1;0;1;0.9474;59;7;3;3;0;0.8889;76;14;7
org.gjt.sp.jedit.buffer.JEditBuffer.insert(int, String);org.gjt.sp.jedit.buffer.UndoManager;0;0;0;0;0;0;0;0;0;0;0;0;0
org.gjt.sp.jedit.EditPane.prevBuffer();org.gjt.sp.jedit.Buffer;2;1;1;0.9091;273;15;7;0;1;0.9939;1798;136;53
org.gjt.sp.jedit.gui.EditAbbrevDialog.getExpansion();org.gjt.sp.jedit.gui.AbbrevEditor;0;0;2;0.8333;57;4;6;1;0;0.9000;139;4;3
org.gjt.sp.jedit.menu.RecentDirectoriesProvider.update(JMenu);org.gjt.sp.jedit.gui.HistoryModel;1;0;0;1.0000;60;2;0;2;0;0.8750;131;9;8
org.gjt.sp.jedit.textarea.JEditTextArea.foldStructureChanged();org.gjt.sp.jedit.textarea.ChunkCache;0;1;1;0.9923;2774;208;61;1;0;0.9730;333;25;9
macos.Delegate.MacrosMenu.updateMenu();org.gjt.sp.jedit.jEdit;1;1;0;0.5000;40;2;0;1;0;1.0000;1709;108;29
org.gjt.sp.jedit.gui.HistoryTextField.getModel();org.gjt.sp.jedit.gui.HistoryText;0;0;0;0;0;0;0;0;0;0;0;0;0
org.gjt.sp.jedit.io.VFSFile.findCompletion(String, String, VFSBrowser, boolean);org.gjt.sp.jedit.Buffer;0;0;0;0;0;0;0;0;0;0;0;0;0
bsh.Parser.Type();bsh.ParserTreeConstants;2;7;2;0.9762;5894;347;13;0;1;0.9844;0;0;39
bsh.Parser.jj_3R_91();bsh.ParserConstants;1;6;1;0.9807;5894;347;13;0;1;0.9928;0;0;131
org.gjt.sp.jedit.jEdit.getPlugin(String, boolean);org.gjt.sp.jedit.PluginJAR;2;1;0;1.0000;1709;108;29;1;1;0.9412;557;18;15
com.loomcom.ant.tasks.jarbundler.JarBundler.setIcon(File);com.loomcom.ant.tasks.jarbundler.AppBundleProperties;0;0;0;0;0;0;0;0;0;0;0;0;0
bsh.Interpreter.get_jj_input_stream();bsh.Parser;1;0;1;0.9808;490;39;19;0;1;0.9972;5894;347;13
org.gjt.sp.jedit.Macros.Recorder.dispose();org.gjt.sp.jedit.gui.StatusBar;1;1;2;0.8333;80;8;6;1;0;0.9767;261;11;26
org.gjt.sp.jedit.PluginJAR.generateCache();org.gjt.sp.util.Log;5;2;10;0.7647;557;18;15;1;1;1.0000;142;9;16
org.gjt.sp.jedit.jEdit.initMisc();org.gjt.sp.jedit.EditBus;1;1;7;1.0000;1709;108;29;1;0;1.0000;44;4;2
macos.Delegate.insertSelection(NSPasteboard, String);org.gjt.sp.jedit.buffer.JEditBuffer;0;0;0;0;0;0;0;0;0;0;0;0;0
org.gjt.sp.jedit.gui.ActionBar.invoke();org.gjt.sp.jedit.View;1;1;5;0.6667;122;4;7;1;1;0.9718;679;41;39
org.gjt.sp.jedit.textarea.DisplayManager.getNextVisibleLine(int);org.gjt.sp.jedit.textarea.RangeMap;0;0;0;0;0;0;0;0;0;0;0;0;0
org.gjt.sp.jedit.gui.OptionsDialog.valueChanged(TreeSelectionEvent);org.gjt.sp.util.Log;3;1;5;0.7931;231;15;9;1;1;1.0000;142;9;16
org.gjt.sp.jedit.jEdit.initMisc();org.gjt.sp.jedit.MiscUtilities;1;1;7;1.0000;1709;108;29;2;0;1.0000;629;50;3
org.gjt.sp.jedit.textarea.SelectionManager.getSelectedLines();org.gjt.sp.jedit.textarea.Selection;0;0;0;0;0;0;0;0;0;0;0;0;0
org.gjt.sp.jedit.textarea.TextAreaTransferHandler.DraggedURLLoader.run();org.gjt.sp.jedit.textarea.JEditTextArea;0;0;0;0;0;0;0;0;0;0;0;0;0
org.gjt.sp.jedit.Macros.Macro.invoke(View);org.gjt.sp.jedit.View;0;0;1;0.8889;32;3;3;1;0;0.9851;679;41;39
org.gjt.sp.jedit.textarea.JEditTextArea.showStructureStatusMessage(boolean);org.gjt.sp.jedit.buffer.JEditBuffer;0;0;0;0;0;0;0;0;0;0;0;0;0
org.gjt.sp.jedit.EditPane.propertiesChanged();org.gjt.sp.jedit.textarea.JEditTextArea;2;0;1;0.9831;273;15;7;2;6;0.9724;2774;208;61
org.gjt.sp.jedit.syntax.TokenMarker.handleRule(ParserRule, boolean);org.gjt.sp.jedit.syntax.ParserRule;4;4;9;0.7143;352;10;13;0;21;0.7273;50;9;27
org.objectweb.asm.CodeWriter.init(int, String, String, String[]);org.objectweb.asm.Item;2;1;8;0.8462;919;30;27;0;1;0.9667;76;6;11
bsh.BSHAmbiguousName.toObject(CallStack, Interpreter, boolean);bsh.UtilEvalError;0;1;0;0.9091;42;7;1;1;0;0.8571;14;2;0
macos.menu.ShowRecentMenu.ShowRecentMenuItem.ShowFileAction.actionPerformed(ActionEvent);macos.menu.ShowRecentMenu.ShowRecentMenuItem;1;0;0;1.0000;3;1;0;0;1;0.5000;5;0;1
org.gjt.sp.jedit.Buffer.saveAs(View, boolean);org.gjt.sp.jedit.browser.VFSBrowser;1;1;1;0.9877;1798;136;53;0;1;1.0000;542;33;34
org.gjt.sp.jedit.jEdit.addViewToList(View);org.gjt.sp.jedit.View;1;0;3;1.0000;1709;108;29;0;2;0.9683;679;41;39
bsh.ParserTokenManager.jjMoveStringLiteralDfa27_0(long, long);bsh.JavaCharStream;0;3;2;0.9123;1699;47;25;1;0;0.9804;331;25;17
gnu.regexp.RETokenRange.match(CharIndexed, REMatch);gnu.regexp.REMatch;2;0;3;0.7000;21;3;3;0;1;0.9630;95;12;8
bsh.ClassGeneratorUtil.getConstructorArgs(String, This, Object[], int);bsh.BshClassManager;3;0;2;1.0000;457;21;19;1;0;0.9808;176;32;9
org.gjt.sp.jedit.buffer.JEditBuffer.getFoldLevel(int);org.gjt.sp.jedit.buffer.FoldHandler;0;0;0;0;0;0;0;0;0;0;0;0;0
org.gjt.sp.jedit.View.goToBuffer(Buffer);org.gjt.sp.jedit.textarea.JEditTextArea;2;3;1;0.9394;679;41;39;0;1;0.9962;2774;208;61
installer.SwingInstall.SelectComponents.updateSize();installer.SwingInstall;1;0;3;0.6250;41;3;3;0;1;0.9500;102;2;14
bsh.Parser.PrimaryPrefix();bsh.ParserConstants;1;10;1;0.9705;5894;347;13;0;12;0.9155;0;0;131
org.gjt.sp.jedit.buffer.BufferAutosaveRequest.run();org.gjt.sp.jedit.buffer.JEditBuffer;0;0;0;0;0;0;0;0;0;0;0;0;0
org.gjt.sp.jedit.gui.InputHandler.invokeReadNextChar(char);org.gjt.sp.jedit.MiscUtilities;2;0;3;0.8846;133;14;6;1;0;1.0000;629;50;3
org.gjt.sp.jedit.textarea.MouseHandler.doSingleDrag(MouseEvent);org.gjt.sp.jedit.textarea.ChunkCache;0;0;0;0;0;0;0;0;0;0;0;0;0
org.gjt.sp.jedit.textarea.JEditTextArea.FocusHandler.focusLost(FocusEvent);org.gjt.sp.jedit.textarea.JEditTextArea;2;0;0;1.0000;17;2;0;2;2;0.9847;2774;208;61
bsh.NameSpace.setTypedVariable(String, Class, Object, Modifiers);bsh.Variable;1;1;1;0.9770;491;64;21;1;2;0.8750;50;4;8
org.gjt.sp.jedit.ActionContext.addActionSet(ActionSet);org.gjt.sp.jedit.ActionSet;1;0;3;0.7273;41;7;3;1;1;0.9231;155;14;7
org.gjt.sp.jedit.textarea.TextAreaPainter.setFont(Font);org.gjt.sp.jedit.buffer.JEditBuffer;0;0;0;0;0;0;0;0;0;0;0;0;0
bsh.Reflect.getLHSObjectField(Object, String);bsh.This;1;2;0;1.0000;422;31;0;0;1;0.8889;79;9;2
org.objectweb.asm.CodeWriter.visitMethodInsn(int, String, String, String);org.objectweb.asm.Item;2;1;5;0.9107;919;30;27;0;2;0.9333;76;6;11
org.gjt.sp.jedit.BufferHistory.save();org.gjt.sp.util.Log;2;0;2;1.0000;189;9;3;1;3;1.0000;142;9;16
org.gjt.sp.jedit.textarea.JEditTextArea.getSelectionAtOffset(int);org.gjt.sp.jedit.textarea.SelectionManager;0;0;0;0;0;0;0;0;0;0;0;0;0
org.gjt.sp.jedit.BufferHistory.load();com.microstar.xml.XmlException;4;0;1;1.0000;189;9;3;0;2;0.7143;18;0;4
bsh.Interpreter.getInterface(Class);bsh.This;1;0;1;0.9815;490;39;19;1;0;0.9167;79;9;2
installer.TarEntry.getUserId();installer.TarHeader;1;0;1;0.9697;216;28;2;0;1;0.9444;106;8;36
bsh.This.getThis(NameSpace, Interpreter);bsh.Reflect;0;0;0;1.0000;79;9;2;1;0;1.0000;422;31;0
org.gjt.sp.jedit.textarea.MouseHandler.doSingleClick(MouseEvent);org.gjt.sp.jedit.buffer.JEditBuffer;0;0;0;0;0;0;0;0;0;0;0;0;0
org.gjt.sp.jedit.jEdit.main(String[]);org.gjt.sp.jedit.Macros;5;17;8;1.0000;1709;108;29;1;1;1.0000;232;21;6
bsh.BSHSwitchStatement.eval(CallStack, Interpreter);bsh.BSHSwitchLabel;4;1;0;0.8889;49;2;0;1;1;0.7778;8;1;1
org.gjt.sp.jedit.Buffer.insertFile(View, String);org.gjt.sp.jedit.GUIUtilities;1;4;1;0.9697;1798;136;53;1;0;1.0000;486;55;9
org.gjt.sp.jedit.View.setBuffer(Buffer);org.gjt.sp.jedit.EditPane;0;0;1;0.9841;679;41;39;1;0;0.9565;273;15;7
org.gjt.sp.jedit.pluginmgr.InstallPanel.InstallButton.tableChanged(TableModelEvent);org.gjt.sp.jedit.pluginmgr.InstallPanel;1;0;0;1.0000;48;2;0;0;1;0.9091;71;2;5
bsh.Parser.jj_3R_139();bsh.ParserConstants;1;1;0;0.9972;5894;347;13;0;1;0.9924;0;0;131
org.objectweb.asm.CodeWriter.visitInsn(int);org.objectweb.asm.ByteVector;2;0;6;0.9057;919;30;27;1;0;0.9545;139;9;2
org.gjt.sp.jedit.EditPane.setBuffer(Buffer);org.gjt.sp.jedit.buffer.JEditBuffer;0;0;0;0;0;0;0;0;0;0;0;0;0
org.gjt.sp.jedit.textarea.JEditTextArea.selectBlock();org.gjt.sp.jedit.buffer.JEditBuffer;0;0;0;0;0;0;0;0;0;0;0;0;0
org.gjt.sp.jedit.PluginJAR.generateCache();org.gjt.sp.jedit.browser.VFSBrowser;5;2;10;0.7647;557;18;15;0;1;1.0000;542;33;34
org.gjt.sp.jedit.browser.VFSFileNameField.doComplete(String, String, boolean);org.gjt.sp.jedit.io.VFSFile;0;0;0;0;0;0;0;0;0;0;0;0;0
org.gjt.sp.jedit.gui.EnhancedButton.MouseHandler.mouseReleased(MouseEvent);org.gjt.sp.jedit.GUIUtilities;1;0;1;0.8000;19;3;1;1;0;1.0000;486;55;9
org.gjt.sp.jedit.search.SearchDialog.setSearchString(String, int);org.gjt.sp.jedit.search.SearchAndReplace;2;1;13;0.7500;431;17;30;0;1;1.0000;537;32;11
org.gjt.sp.jedit.io.FileVFS.getPermissions(String);org.gjt.sp.jedit.MiscUtilities;0;0;0;1.0000;193;17;1;1;0;1.0000;629;50;3
org.gjt.sp.jedit.textarea.MouseHandler.doSingleDrag(MouseEvent);org.gjt.sp.jedit.textarea.ChunkCache.LineInfo;0;0;0;0;0;0;0;0;0;0;0;0;0
org.gjt.sp.jedit.textarea.BufferHandler.doDelayedUpdate();org.gjt.sp.jedit.textarea.DisplayManager;3;0;6;0.7500;165;9;7;2;0;0.9615;513;30;16
bsh.CallStack.get(int);bsh.NameSpace;1;1;1;0.8462;52;11;1;0;1;1.0000;491;64;21
org.gjt.sp.jedit.gui.EditAbbrevDialog.init(String, String, Map);org.gjt.sp.jedit.jEdit;1;0;5;0.6667;57;4;6;1;0;1.0000;1709;108;29
org.gjt.sp.jedit.browser.BrowserView.ParentMouseHandler.mouseReleased(MouseEvent);org.gjt.sp.jedit.io.VFSFile;0;0;0;0;0;0;0;0;0;0;0;0;0
org.gjt.sp.jedit.help.HelpViewer.gotoURL(String, boolean);org.gjt.sp.jedit.MiscUtilities;1;0;7;0.6111;143;4;11;1;0;1.0000;629;50;3
org.gjt.sp.jedit.pluginmgr.PluginManager.handleMessage(EBMessage);org.gjt.sp.jedit.pluginmgr.InstallPanel;0;1;5;0.6250;133;6;11;1;0;0.9286;71;2;5
org.gjt.sp.jedit.buffer.JEditBuffer.getLineText(int);org.gjt.sp.jedit.buffer.LineManager;0;0;0;0;0;0;0;0;0;0;0;0;0
org.gjt.sp.jedit.textarea.ExtensionManager.paintScreenLineRange(JEditTextArea, Graphics2D, int, int, int, int);org.gjt.sp.util.Log;3;1;0;0.9091;75;6;1;1;1;1.0000;142;9;16
bsh.LHS.getValue();bsh.Reflect;0;0;11;0.5882;105;3;13;2;0;1.0000;422;31;0
org.gjt.sp.jedit.options.ShortcutsOptionPane.ShortcutsModel.KeyCompare.compare(Object, Object);org.gjt.sp.jedit.gui.GrabKeyDialog.KeyBinding;1;0;1;0.6667;25;1;1;0;2;0.7143;9;1;4
bsh.Parser.InstanceOfExpression();bsh.ParserTreeConstants;4;6;2;0.9782;5894;347;13;0;1;0.9808;0;0;39
org.gjt.sp.jedit.gui.RolloverButton.MouseOverHandler.mouseExited(MouseEvent);org.gjt.sp.jedit.gui.RolloverButton;0;0;0;1.0000;6;2;0;1;0;0.8750;52;5;3
org.gjt.sp.jedit.syntax.ParserRule.createEscapeRule(String);org.gjt.sp.jedit.syntax.Token;1;0;1;1.0000;50;9;27;0;1;1.0000;21;3;27
bsh.Parser.MultiplicativeExpression();bsh.ParserTreeConstants;4;5;2;0.9810;5894;347;13;0;1;0.9811;0;0;39
gnu.regexp.REFilterInputStream.read();gnu.regexp.RE;3;0;6;0.7143;46;4;6;1;1;0.9649;615;37;13
org.gjt.sp.jedit.syntax.TokenMarker.handleRule(ParserRule, boolean);org.gjt.sp.jedit.syntax.ParserRuleSet;4;4;9;0.7143;352;10;13;0;3;0.9483;126;13;19
org.gjt.sp.jedit.buffer.KillRing.load();org.gjt.sp.util.Log;4;0;3;1.0000;169;7;4;1;2;1.0000;142;9;16
org.gjt.sp.jedit.View.propertiesChanged();org.gjt.sp.jedit.GUIUtilities;1;4;8;0.8413;679;41;39;1;0;1.0000;486;55;9
org.gjt.sp.jedit.textarea.TextAreaPainter.removeExtension(TextAreaExtension);org.gjt.sp.jedit.textarea.ExtensionManager;0;0;1;0.9818;269;31;36;1;0;0.8750;75;6;1
installer.CBZip2OutputStream.generateMTFValues();installer.BZip2Constants;1;1;8;0.8594;1262;32;41;0;2;0.9000;0;0;11
org.gjt.sp.jedit.BeanShell.runCachedBlock(BshMethod, View, NameSpace);bsh.BshMethod;1;3;3;1.0000;279;22;6;1;0;0.9524;139;7;10
org.gjt.sp.jedit.gui.HistoryTextField.addCurrentToHistory();org.gjt.sp.jedit.gui.HistoryText;0;0;0;0;0;0;0;0;0;0;0;0;0
org.gjt.sp.jedit.Registers.loadRegisters();com.microstar.xml.XmlParser;4;0;3;1.0000;231;16;5;1;1;0.9871;2091;113;92
org.gjt.sp.jedit.Buffer.insertFile(View, String);org.gjt.sp.jedit.MiscUtilities;1;4;1;0.9697;1798;136;53;1;0;1.0000;629;50;3
org.gjt.sp.jedit.browser.VFSFileNameField.processKeyEvent(KeyEvent);org.gjt.sp.jedit.MiscUtilities;5;1;1;0.9200;129;5;1;2;0;1.0000;629;50;3
bsh.Parser.jj_3R_62();bsh.ParserConstants;1;1;0;0.9972;5894;347;13;0;1;0.9924;0;0;131
org.gjt.sp.jedit.search.HyperSearchResult.goTo(EditPane);org.gjt.sp.jedit.EditPane;0;0;0;0;0;0;0;0;0;0;0;0;0
gnu.regexp.CharIndexedReader.charAt(int);gnu.regexp.CharIndexed;1;0;7;0.4545;95;4;8;0;1;0.9000;3;3;1
bsh.Interpreter.unset(String);bsh.SimpleNode;2;0;1;0.9821;490;39;19;0;1;1.0000;76;14;7
org.gjt.sp.jedit.EditPane.goToNextMarker(boolean);org.gjt.sp.jedit.Buffer;0;0;0;0;0;0;0;0;0;0;0;0;0
org.gjt.sp.jedit.browser.VFSBrowser.searchInDirectory();org.gjt.sp.jedit.io.VFSFile;0;0;0;0;0;0;0;0;0;0;0;0;0
org.gjt.sp.jedit.MiscUtilities.canonPath(String);org.gjt.sp.jedit.OperatingSystem;0;1;0;1.0000;629;50;3;1;0;1.0000;122;13;11
bsh.Parser.ExclusiveOrExpression();bsh.Token;4;5;2;0.9809;5894;347;13;0;1;0.9500;9;1;8
org.gjt.sp.jedit.gui.MarkerViewer.handleMessage(EBMessage);org.gjt.sp.jedit.msg.EditPaneUpdate;0;0;0;0;0;0;0;0;0;0;0;0;0
org.gjt.sp.jedit.gui.MarkerViewer.refreshList();org.gjt.sp.jedit.Buffer;0;0;0;0;0;0;0;0;0;0;0;0;0
org.gjt.sp.jedit.browser.VFSDirectoryEntryTable.getSelectedFiles();org.gjt.sp.jedit.browser.VFSDirectoryEntryTableModel.Entry;2;0;0;1.0000;240;13;4;0;1;0.8000;4;0;3
org.gjt.sp.jedit.gui.DockableWindowManager.handleMessage(EBMessage);org.gjt.sp.jedit.gui.DockableWindowFactory;0;0;0;0;0;0;0;0;0;0;0;0;0
org.gjt.sp.jedit.syntax.Chunk.init(Segment, TabExpander, float, FontRenderContext);org.gjt.sp.jedit.syntax.SyntaxStyle;2;0;9;0.5500;132;8;11;0;2;0.8750;20;0;4
org.gjt.sp.jedit.browser.VFSBrowser.removeNotify();org.gjt.sp.jedit.jEdit;0;0;4;0.9434;542;33;34;3;0;1.0000;1709;108;29
org.gjt.sp.jedit.browser.VFSBrowser.updateFilenameFilter();org.gjt.sp.util.Log;2;0;2;0.9623;542;33;34;1;1;1.0000;142;9;16
org.gjt.sp.jedit.textarea.JEditTextArea.updateScrollBar();org.gjt.sp.jedit.Debug;0;0;0;0;0;0;0;0;0;0;0;0;0
org.gjt.sp.jedit.textarea.TextAreaPainter.getToolTipText(MouseEvent);org.gjt.sp.jedit.textarea.JEditTextArea;1;0;2;0.9649;269;31;36;0;1;0.9962;2774;208;61
org.gjt.sp.jedit.gui.CloseDialog.ActionHandler.actionPerformed(ActionEvent);org.gjt.sp.jedit.gui.CloseDialog;3;0;0;1.0000;51;1;0;1;9;0.2857;64;3;9
org.gjt.sp.jedit.search.HyperSearchResults.addNotify();org.gjt.sp.jedit.jEdit;0;1;1;0.8889;146;10;9;1;0;1.0000;1709;108;29
bsh.Parser.jj_3_7();bsh.ParserConstants;1;1;0;0.9972;5894;347;13;0;2;0.9848;0;0;131
bsh.Parser.ShiftExpression();bsh.ParserTreeConstants;4;5;2;0.9812;5894;347;13;0;1;0.9821;0;0;39
org.gjt.sp.jedit.browser.VFSDirectoryEntryTable.maybeReloadDirectory(String);org.gjt.sp.jedit.io.VFSFile;0;0;0;0;0;0;0;0;0;0;0;0;0
bsh.SimpleNode.getLineNumber();bsh.Token;1;0;1;0.9500;76;14;7;0;1;0.8889;9;1;8
org.gjt.sp.jedit.browser.VFSFileChooserDialog.ok();org.gjt.sp.jedit.io.VFS;2;1;4;0.7500;155;5;7;1;0;0.9762;191;26;17
org.gjt.sp.jedit.pluginmgr.InstallPanel.InstallButton.actionPerformed(ActionEvent);org.gjt.sp.jedit.pluginmgr.InstallPanel;4;0;0;1.0000;48;2;0;0;3;0.8500;71;2;5
bsh.ClassGeneratorImpl.invokeSuperclassMethodImpl(BshClassManager, Object, String, Object[]);bsh.Types;1;0;0;1.0000;109;7;0;1;0;1.0000;98;10;4
org.gjt.sp.jedit.textarea.TextAreaPainter.PaintText.paintValidLine(Graphics2D, int, int, int, int, int);org.gjt.sp.jedit.buffer.JEditBuffer;0;0;0;0;0;0;0;0;0;0;0;0;0
bsh.Name.invokeMethod(Interpreter, Object[], CallStack, SimpleNode);bsh.Primitive;3;7;2;0.8333;341;17;9;0;2;1.0000;506;35;5
org.gjt.sp.jedit.textarea.ChunkCache.updateChunksUpTo(int);org.gjt.sp.jedit.Debug;7;1;6;0.8627;333;25;9;0;1;1.0000;0;0;22
bsh.Parser.jj_3R_61();bsh.ParserConstants;1;1;0;0.9972;5894;347;13;0;1;0.9924;0;0;131
org.gjt.sp.jedit.syntax.TokenMarker.addRuleSet(ParserRuleSet);org.gjt.sp.jedit.syntax.ParserRuleSet;1;0;2;0.9167;352;10;13;0;1;0.9688;126;13;19
bsh.Interpreter.run();bsh.Parser;4;9;9;0.7647;490;39;19;2;0;0.9949;5894;347;13
org.gjt.sp.jedit.help.HelpViewer.dispose();org.gjt.sp.jedit.EditBus;0;0;1;0.9412;143;4;11;1;0;1.0000;44;4;2
org.gjt.sp.jedit.textarea.JEditTextArea.scrollTo(int, boolean);org.gjt.sp.jedit.buffer.JEditBuffer;0;0;0;0;0;0;0;0;0;0;0;0;0
org.gjt.sp.jedit.help.HistoryButton.HistoryListActionHandler.actionPerformed(ActionEvent);org.gjt.sp.jedit.help.HelpHistoryModel;0;0;0;0;0;0;0;0;0;0;0;0;0
bsh.BshMethod.invokeImpl(Object[], Interpreter, CallStack, SimpleNode, boolean);bsh.CallStack;5;0;7;0.8000;139;7;10;4;0;0.8788;52;11;1
org.gjt.sp.jedit.browser.VFSBrowser.CommandsMenuButton.MouseHandler.mousePressed(MouseEvent);org.gjt.sp.jedit.GUIUtilities;1;0;0;1.0000;9;1;0;1;0;1.0000;486;55;9
org.gjt.sp.jedit.Macros.registerHandler(Handler);org.gjt.sp.util.Log;1;1;1;1.0000;232;21;6;1;2;1.0000;142;9;16
bsh.BshMethod.invokeImpl(Object[], Interpreter, CallStack, SimpleNode, boolean);bsh.Primitive;5;0;7;0.8000;139;7;10;0;1;1.0000;506;35;5
org.gjt.sp.jedit.jEdit.closeAllBuffers(View, boolean);org.gjt.sp.jedit.buffer.JEditBuffer;0;0;0;0;0;0;0;0;0;0;0;0;0
org.gjt.sp.jedit.print.BufferPrinter1_3.pageSetup(View);org.gjt.sp.jedit.jEdit;0;1;2;1.0000;50;3;2;2;0;1.0000;1709;108;29
org.gjt.sp.jedit.gui.PasteFromListDialog.ActionHandler.actionPerformed(ActionEvent);org.gjt.sp.jedit.gui.PasteFromListDialog;1;0;0;1.0000;5;1;0;2;2;0.6364;76;5;5
org.gjt.sp.jedit.jEdit.getPlugin(String, boolean);org.gjt.sp.jedit.EditPlugin;2;1;0;1.0000;1709;108;29;1;1;0.8000;42;7;1
org.gjt.sp.jedit.View.setEditPane(EditPane);org.gjt.sp.jedit.gui.StatusBar;1;1;2;0.9538;679;41;39;3;0;0.9250;261;11;26
org.gjt.sp.jedit.search.HyperSearchRequest.run();org.gjt.sp.jedit.View;2;2;2;0.7647;130;5;6;1;0;0.9861;679;41;39
org.gjt.sp.jedit.io.VFSFile.getExtendedAttribute(String);org.gjt.sp.jedit.MiscUtilities;0;0;0;0;0;0;0;0;0;0;0;0;0
org.gjt.sp.jedit.gui.DockableWindowFactory.Window.ToggleAction.isSelected(View);org.gjt.sp.jedit.gui.DockableWindowManager;0;0;0;0;0;0;0;0;0;0;0;0;0
org.gjt.sp.jedit.jEdit.getBuffers();org.gjt.sp.jedit.Buffer;1;0;3;1.0000;1709;108;29;0;1;0.9939;1798;136;53
org.gjt.sp.jedit.textarea.JEditTextArea.xyToOffset(int, int, boolean);org.gjt.sp.jedit.textarea.TextAreaPainter;1;1;2;0.9884;2774;208;61;0;1;0.9828;269;31;36
org.gjt.sp.jedit.buffer.BufferLoadRequest.run();org.gjt.sp.jedit.io.VFS;0;0;0;0;0;0;0;0;0;0;0;0;0
org.gjt.sp.jedit.options.EditingOptionPane.ModeProperties.save();org.gjt.sp.jedit.MiscUtilities;1;0;14;0.3000;81;2;15;1;0;1.0000;629;50;3
org.gjt.sp.jedit.help.HelpIndex.indexDirectory(String);org.gjt.sp.jedit.io.VFS;1;1;0;0.9167;154;9;3;1;0;0.9677;191;26;17
org.gjt.sp.jedit.textarea.ChunkCache.getAbovePosition(int, int, int, boolean);org.gjt.sp.jedit.textarea.JEditTextArea;1;4;1;0.8649;333;25;9;1;1;0.9925;2774;208;61
macos.Delegate.applicationDockMenu(NSApplication);org.gjt.sp.jedit.View;2;0;1;0.9500;156;12;2;1;0;0.9855;679;41;39
org.gjt.sp.jedit.gui.DockableWindowManager.createPopupMenu(DockableWindowContainer, String, boolean);org.gjt.sp.jedit.jEdit;0;1;5;0.9697;447;27;16;2;0;1.0000;1709;108;29
bsh.BSHCastExpression.eval(CallStack, Interpreter);bsh.UtilEvalError;1;0;0;1.0000;16;1;0;1;0;0.8750;14;2;0
org.gjt.sp.jedit.io.VFSManager.error(Component, String, Object[]);org.gjt.sp.jedit.GUIUtilities;0;1;1;1.0000;129;15;11;1;0;1.0000;486;55;9
bsh.BSHAllocationExpression.constructWithClassBody(Class, Object[], BSHBlock, CallStack, Interpreter);bsh.Modifiers;2;0;1;1.0000;119;9;1;1;1;0.9167;45;7;4
bsh.Parser.BooleanLiteral();bsh.ParserConstants;1;2;1;0.9917;5894;347;13;0;2;0.9851;0;0;131
org.gjt.sp.jedit.options.AbbrevsOptionPane.HeaderMouseHandler.mouseClicked(MouseEvent);org.gjt.sp.jedit.options.AbbrevsOptionPane;1;0;0;1.0000;10;1;0;0;1;0.9333;112;5;8
bsh.Parser.jj_3R_123();bsh.ParserConstants;1;2;0;0.9945;5894;347;13;0;2;0.9850;0;0;131
org.gjt.sp.jedit.Macros.Recorder.handleMessage(EBMessage);org.gjt.sp.jedit.msg.BufferUpdate;1;0;2;0.8750;80;8;6;1;2;0.7143;18;2;12
org.gjt.sp.jedit.gui.EnhancedDialog.ContainerHandler.componentRemoved(Component);org.gjt.sp.jedit.gui.EnhancedDialog;1;1;0;1.0000;28;4;0;0;1;0.8333;18;3;1
org.gjt.sp.jedit.EditPane.StatusHandler.statusChanged(JEditTextArea, int, boolean);org.gjt.sp.jedit.View;0;0;0;0;0;0;0;0;0;0;0;0;0
org.gjt.sp.jedit.browser.VFSBrowser.BrowserActionContext.invokeAction(EventObject, EditAction);bsh.NameSpace;3;1;0;0.7500;36;2;0;1;0;0.9888;491;64;21
org.gjt.sp.jedit.gui.ErrorListCellRenderer.getListCellRendererComponent(JList, Object, int, boolean, boolean);org.gjt.sp.jedit.gui.ErrorListDialog.ErrorEntry;1;0;2;0.8182;36;3;6;0;2;0.6667;27;1;2
org.gjt.sp.jedit.browser.BrowserView.removeNotify();org.gjt.sp.jedit.browser.VFSBrowser;1;0;2;0.9000;139;12;7;0;1;0.9821;542;33;34
org.gjt.sp.jedit.browser.VFSDirectoryEntryTable.selectFile(String);org.gjt.sp.jedit.browser.VFSDirectoryEntryTableModel.Entry;2;1;0;0.9474;240;13;4;0;1;0.8333;4;0;3
org.gjt.sp.jedit.textarea.JEditTextArea.offsetToXY(int, int, Point);org.gjt.sp.jedit.textarea.TextAreaPainter;2;0;4;0.9848;2774;208;61;0;1;0.9841;269;31;36
org.gjt.sp.jedit.browser.VFSBrowser.BrowserActionContext.getSelectedFiles(EventObject, VFSBrowser);org.gjt.sp.jedit.GUIUtilities;2;0;0;1.0000;36;2;0;1;0;1.0000;486;55;9
org.gjt.sp.jedit.textarea.TextAreaPainter.PaintText.paintValidLine(Graphics2D, int, int, int, int, int);org.gjt.sp.jedit.textarea.ChunkCache.LineInfo;7;0;0;1.0000;50;1;0;0;4;0.8750;0;0;8
org.gjt.sp.jedit.pluginmgr.ManagePanel.PluginTableModel.unloadPluginJARWithDialog(PluginJAR);org.gjt.sp.jedit.GUIUtilities;1;2;0;0.9000;153;15;2;0;0;1.0000;486;55;9
org.gjt.sp.jedit.gui.DockablePanel.setBounds(int, int, int, int);org.gjt.sp.jedit.gui.DockableWindowManager;0;0;0;0;0;0;0;0;0;0;0;0;0
org.gjt.sp.jedit.View.quickHyperSearch(boolean);org.gjt.sp.jedit.search.SearchAndReplace;1;2;3;0.9559;679;41;39;3;0;1.0000;537;32;11
org.gjt.sp.jedit.search.SearchBar.DocumentHandler.insertUpdate(DocumentEvent);org.gjt.sp.jedit.textarea.Selection;3;0;0;1.0000;30;3;0;0;1;0.9545;43;9;4
bsh.ClassGeneratorUtil.generateMethod(String, String, String, String, String[], int, ClassWriter);org.objectweb.asm.ClassWriter;1;3;3;1.0000;457;21;19;1;0;0.9825;305;21;49
bsh.Parser.MultiplicativeExpression();bsh.ParserConstants;4;5;2;0.9810;5894;347;13;0;3;0.9790;0;0;131
org.objectweb.asm.CodeWriter.visitMaxs(int, int);org.objectweb.asm.Edge;2;0;8;0.8947;919;30;27;0;4;0.7333;0;0;4
org.gjt.sp.jedit.browser.VFSDirectoryEntryTable.toggleExpanded(int);org.gjt.sp.jedit.io.VFSManager;3;1;1;0.9200;240;13;4;2;0;1.0000;129;15;11
org.gjt.sp.jedit.syntax.XModeHandler.addKeyword(String, byte);org.gjt.sp.jedit.syntax.KeywordMap;0;1;1;0.9583;346;15;32;1;0;0.9375;76;8;4
bsh.BSHMethodDeclaration.evalReturnType(CallStack, Interpreter);bsh.BSHReturnType;0;1;1;0.8750;57;7;8;1;0;0.8571;14;3;1
org.gjt.sp.jedit.pluginmgr.ManagePanel.PluginTableModel.setValueAt(Object, int, int);org.gjt.sp.jedit.pluginmgr.ManagePanel.Entry;1;3;1;0.7778;153;15;2;0;1;0.9286;29;0;11
bsh.ClassGeneratorImpl.getDeclaredMethods(BSHBlock, CallStack, Interpreter, String);bsh.BSHMethodDeclaration;1;0;0;1.0000;109;7;0;3;4;0.6500;57;7;8
org.gjt.sp.jedit.syntax.DisplayTokenHandler.handleToken(Segment, byte, int, int, TokenMarker.LineContext);org.gjt.sp.jedit.syntax.Chunk;4;2;8;0.5714;86;6;11;0;1;0.9677;132;8;11
installer.OperatingSystem.Unix.ManPageOSTask.perform(String, Vector);installer.OperatingSystem.Unix;0;0;0;1.0000;16;2;0;1;0;0.8889;26;4;0
org.gjt.sp.jedit.jEdit.initUserProperties();org.gjt.sp.util.Log;1;0;3;1.0000;1709;108;29;1;1;1.0000;142;9;16
org.gjt.sp.jedit.jEdit.exit(View, boolean);org.gjt.sp.jedit.Autosave;1;5;4;1.0000;1709;108;29;1;0;1.0000;29;3;1
org.gjt.sp.jedit.search.SearchDialog.ok();org.gjt.sp.jedit.search.SearchAndReplace;0;2;4;0.8571;431;17;30;2;0;1.0000;537;32;11
org.gjt.sp.jedit.Macros.Macro.invoke(View);org.gjt.sp.jedit.buffer.JEditBuffer;0;0;0;0;0;0;0;0;0;0;0;0;0
bsh.BSHAllocationExpression.constructWithInterfaceBody(Class, Object[], BSHBlock, CallStack, Interpreter);bsh.BSHBlock;0;0;0;1.0000;119;9;1;1;0;0.9167;48;3;1
org.gjt.sp.jedit.buffer.JEditBuffer.getIdealIndentForLine(int);org.gjt.sp.jedit.MiscUtilities;0;0;0;0;0;0;0;0;0;0;0;0;0
bsh.Parser.DoStatement();bsh.JJTParserState;3;5;1;0.9839;5894;347;13;4;0;0.8621;74;10;5
org.gjt.sp.jedit.Macros.addMacro(File, String, Vector);org.gjt.sp.jedit.jEdit;2;1;3;1.0000;232;21;6;1;0;1.0000;1709;108;29
org.gjt.sp.jedit.gui.EnhancedButton.MouseHandler.mouseEntered(MouseEvent);org.gjt.sp.jedit.jEdit;2;0;1;0.8333;19;3;1;1;0;1.0000;1709;108;29
org.gjt.sp.jedit.pluginmgr.Roster.Install.download(PluginManagerProgress, String, String);org.gjt.sp.jedit.pluginmgr.Roster;1;1;0;0.9000;112;5;5;1;0;1.0000;65;9;3
org.gjt.sp.jedit.gui.PanelWindowContainer.showMostRecent();org.gjt.sp.jedit.gui.DockableWindowManager;2;0;3;0.8966;163;12;15;1;0;0.9737;447;27;16
bsh.BSHVariableDeclarator.eval(BSHType, CallStack, Interpreter);bsh.BSHArrayInitializer;2;0;0;1.0000;16;2;1;1;0;0.8889;54;3;0
org.gjt.sp.jedit.jEdit.closeAllBuffers(View, boolean);org.gjt.sp.jedit.View;4;1;4;1.0000;1709;108;29;0;0;1.0000;679;41;39
org.gjt.sp.jedit.Buffer.setMode(Mode);org.gjt.sp.jedit.Mode;1;3;2;0.9695;1798;136;53;1;1;0.9000;89;9;5
org.gjt.sp.jedit.textarea.JEditTextArea.shiftIndentLeft();org.gjt.sp.jedit.buffer.JEditBuffer;0;0;0;0;0;0;0;0;0;0;0;0;0
org.gjt.sp.jedit.View.propertiesChanged();org.gjt.sp.jedit.jEdit;1;4;8;0.8413;679;41;39;1;0;1.0000;1709;108;29
org.gjt.sp.jedit.options.ToolBarOptionPane.ButtonCompare.compare(Object, Object);org.gjt.sp.jedit.options.ToolBarOptionPane.Button;1;0;0;1.0000;3;1;0;0;1;0.8333;13;1;4
org.gjt.sp.jedit.buffer.JEditBuffer.fireContentRemoved(int, int, int, int);org.gjt.sp.util.Log;0;0;0;0;0;0;0;0;0;0;0;0;0
org.gjt.sp.jedit.io.FavoritesVFS._getFile(Object, String, Component);org.gjt.sp.jedit.io.VFSFile;0;0;0;0;0;0;0;0;0;0;0;0;0
org.gjt.sp.jedit.print.BufferPrinter1_4.print(View, Buffer, boolean);org.gjt.sp.jedit.Buffer;1;2;2;1.0000;83;5;2;0;1;0.9939;1798;136;53
org.gjt.sp.jedit.browser.BrowserCommandsMenu.createEncodingMenu();org.gjt.sp.jedit.browser.VFSBrowser;1;0;4;0.5000;122;3;4;0;1;0.9828;542;33;34
org.gjt.sp.jedit.browser.VFSBrowser.BrowserActionContext.invokeAction(EventObject, EditAction);org.gjt.sp.jedit.jEdit;3;1;0;0.7500;36;2;0;1;0;1.0000;1709;108;29
bsh.EvalError.getErrorSourceFile();bsh.SimpleNode;0;0;1;0.9091;59;7;3;1;0;0.9524;76;14;7
org.gjt.sp.jedit.options.ToolBarOptionPane.ButtonCellRenderer.getListCellRendererComponent(JList, Object, int, boolean, boolean);org.gjt.sp.jedit.options.ToolBarOptionPane.Button;1;0;0;1.0000;6;1;0;0;1;0.8333;13;1;4
org.gjt.sp.jedit.jEdit.main(String[]);org.gjt.sp.jedit.EditServer;5;17;8;1.0000;1709;108;29;0;1;0.9231;140;6;5
org.gjt.sp.jedit.textarea.Gutter.removeExtension(TextAreaExtension);org.gjt.sp.jedit.textarea.ExtensionManager;0;0;1;0.9762;266;20;25;1;0;0.8750;75;6;1
org.gjt.sp.jedit.GUIUtilities.confirm(Component, String, Object[], int, int);org.gjt.sp.jedit.jEdit;0;1;0;1.0000;486;55;9;2;0;1.0000;1709;108;29
bsh.BSHMethodInvocation.eval(CallStack, Interpreter);bsh.CallStack;4;2;0;0.8333;33;3;0;1;0;0.9583;52;11;1
org.gjt.sp.jedit.Macros.showRunScriptDialog(View);org.gjt.sp.jedit.GUIUtilities;0;1;0;1.0000;232;21;6;1;0;1.0000;486;55;9
org.gjt.sp.jedit.textarea.TextAreaDropHandler.drop(DropTargetDropEvent);org.gjt.sp.jedit.textarea.JEditTextArea;0;0;0;0;0;0;0;0;0;0;0;0;0
org.gjt.sp.jedit.pluginmgr.ManagePanel.HelpButton.valueChanged(ListSelectionEvent);org.gjt.sp.jedit.JARClassLoader;4;0;1;0.9091;30;2;1;1;0;0.9545;143;11;6
org.gjt.sp.jedit.ServiceListHandler.endElement(String);org.gjt.sp.jedit.ServiceManager;0;2;5;0.6111;67;11;7;1;0;1.0000;78;8;1
bsh.Name.invokeLocalMethod(Interpreter, Object[], CallStack, SimpleNode);bsh.StringUtil;1;0;2;0.9130;341;17;9;1;0;1.0000;44;5;0
org.gjt.sp.jedit.gui.MarkerViewer.refreshList();org.gjt.sp.jedit.jEdit;0;0;0;0;0;0;0;0;0;0;0;0;0
org.gjt.sp.jedit.Buffer.finishSaving(View, String, String, String, boolean, boolean);org.gjt.sp.jedit.msg.BufferUpdate;2;10;11;0.9024;1798;136;53;0;2;1.0000;18;2;12
org.gjt.sp.jedit.search.HyperSearchResults.ExpandChildTreeNodesAction.actionPerformed(ActionEvent);org.gjt.sp.jedit.search.HyperSearchResults;0;0;0;0;0;0;0;0;0;0;0;0;0
org.gjt.sp.jedit.gui.InputHandler.userInput(char);org.gjt.sp.jedit.buffer.JEditBuffer;0;0;0;0;0;0;0;0;0;0;0;0;0
bsh.Parser.jj_3R_145();bsh.ParserConstants;1;4;1;0.9862;5894;347;13;0;1;0.9926;0;0;131
org.gjt.sp.jedit.gui.OptionsDialog.dispose();org.gjt.sp.jedit.GUIUtilities;0;0;2;0.9200;231;15;9;1;0;1.0000;486;55;9
bsh.Parser.UnaryExpressionNotPlusMinus();bsh.BSHUnaryExpression;4;8;2;0.9742;5894;347;13;0;1;0.9762;50;4;2
org.gjt.sp.jedit.textarea.JEditTextArea.expandFold(boolean);org.gjt.sp.jedit.textarea.ChunkCache;0;3;5;0.9693;2774;208;61;2;0;0.9545;333;25;9
org.gjt.sp.jedit.io.FileVFS.insert(View, Buffer, String);org.gjt.sp.jedit.io.VFSManager;0;0;0;1.0000;193;17;1;1;0;1.0000;129;15;11
installer.CBZip2InputStream.setupRandPartA();installer.CRC;1;3;13;0.7619;587;29;44;1;0;0.9524;16;3;2
org.gjt.sp.jedit.browser.VFSBrowser.filesSelected();org.gjt.sp.jedit.browser.BrowserListener;2;0;5;0.9286;542;33;34;0;0;1.0000;2;2;0
org.gjt.sp.jedit.buffer.JEditBuffer.undo(JEditTextArea);org.gjt.sp.jedit.textarea.JEditTextArea;0;0;0;0;0;0;0;0;0;0;0;0;0
bsh.NameSpace.getInvocationText();bsh.SimpleNode;0;1;0;0.9884;491;64;21;1;0;0.9524;76;14;7
org.gjt.sp.jedit.gui.EnhancedDialog.KeyHandler.keyPressed(KeyEvent);org.gjt.sp.jedit.gui.EnhancedDialog;0;0;0;1.0000;23;1;0;2;0;0.6667;18;3;1
org.gjt.sp.jedit.EditPane.prevBuffer();org.gjt.sp.jedit.jEdit;2;1;1;0.9091;273;15;7;0;1;1.0000;1709;108;29
org.gjt.sp.jedit.textarea.FastRepaintManager.paint(Graphics);org.gjt.sp.jedit.textarea.JEditTextArea;0;0;0;0;0;0;0;0;0;0;0;0;0
org.gjt.sp.jedit.buffer.BufferIORequest.read(Reader, long, boolean);org.gjt.sp.jedit.buffer.JEditBuffer;0;0;0;0;0;0;0;0;0;0;0;0;0
org.objectweb.asm.ClassWriter.put122(int, int, int);org.objectweb.asm.ByteVector;0;0;1;0.9767;305;21;49;2;0;0.8571;139;9;2
org.gjt.sp.jedit.textarea.StructureMatcher.BracketMatcher.selectMatch(JEditTextArea);org.gjt.sp.jedit.textarea.JEditTextArea;0;0;0;1.0000;14;2;0;1;0;0.9961;2774;208;61
org.gjt.sp.jedit.gui.AddAbbrevDialog.ActionHandler.actionPerformed(ActionEvent);org.gjt.sp.jedit.View;3;0;0;1.0000;22;1;0;1;0;0.9859;679;41;39
org.gjt.sp.jedit.textarea.TextAreaTransferHandler.exportDone(JComponent, Transferable, int);org.gjt.sp.jedit.buffer.JEditBuffer;0;0;0;0;0;0;0;0;0;0;0;0;0
org.gjt.sp.jedit.buffer.JEditBuffer.getFoldLevel(int);org.gjt.sp.jedit.Debug;0;0;0;0;0;0;0;0;0;0;0;0;0
org.gjt.sp.jedit.textarea.Gutter.getExtensions();org.gjt.sp.jedit.textarea.ExtensionManager;0;0;1;0.9762;266;20;25;1;0;0.8750;75;6;1
org.gjt.sp.jedit.browser.BrowserView.ParentMouseHandler.mouseReleased(MouseEvent);org.gjt.sp.jedit.GUIUtilities;3;0;0;1.0000;33;2;0;2;0;1.0000;486;55;9
org.gjt.sp.jedit.options.AbbrevsOptionPane.edit();org.gjt.sp.jedit.gui.EditAbbrevDialog;0;1;1;0.8947;112;5;8;2;0;0.8889;57;4;6
org.gjt.sp.jedit.menu.RecentDirectoriesProvider.update(JMenu);org.gjt.sp.jedit.GUIUtilities;1;0;0;1.0000;60;2;0;1;0;1.0000;486;55;9
org.gjt.sp.jedit.gui.CompleteWord.getNonAlphaNumericWordChars(Buffer, KeywordMap);org.gjt.sp.jedit.buffer.JEditBuffer;0;0;0;0;0;0;0;0;0;0;0;0;0
org.gjt.sp.jedit.View.quickIncrementalSearch(boolean);org.gjt.sp.jedit.textarea.JEditTextArea;1;2;3;0.9552;679;41;39;2;0;0.9925;2774;208;61
org.gjt.sp.jedit.gui.CompleteWord.KeyHandler.keyPressed(KeyEvent);org.gjt.sp.jedit.gui.CompleteWord;2;0;0;1.0000;95;2;0;3;5;0.4167;182;8;6
org.gjt.sp.jedit.textarea.Gutter.paintLine(Graphics2D, int, int);org.gjt.sp.jedit.textarea.JEditTextArea;4;0;15;0.7813;266;20;25;3;9;0.9577;2774;208;61
org.gjt.sp.jedit.gui.EditAbbrevDialog.getAbbrev();org.gjt.sp.jedit.gui.AbbrevEditor;0;0;2;0.8333;57;4;6;1;0;0.9000;139;4;3
org.gjt.sp.jedit.GUIUtilities.loadMenuItem(ActionContext, String, boolean);org.gjt.sp.jedit.OperatingSystem;0;1;0;1.0000;486;55;9;1;0;1.0000;122;13;11
org.gjt.sp.jedit.io.FileVFS.getParentOfPath(String);org.gjt.sp.jedit.OperatingSystem;1;0;0;1.0000;193;17;1;1;0;1.0000;122;13;11
org.gjt.sp.jedit.browser.BrowserCommandsMenu.ActionHandler.actionPerformed(ActionEvent);org.gjt.sp.jedit.jEdit;2;0;0;1.0000;14;1;0;1;0;1.0000;1709;108;29
org.gjt.sp.jedit.jEdit.getActions();org.gjt.sp.util.Log;1;0;1;1.0000;1709;108;29;1;1;1.0000;142;9;16
org.gjt.sp.jedit.io.FileVFS._listFiles(Object, String, Component);org.gjt.sp.jedit.OperatingSystem;0;0;0;0;0;0;0;0;0;0;0;0;0
bsh.BSHAssignment.eval(CallStack, Interpreter);bsh.UtilEvalError;3;1;1;0.9474;71;2;1;1;0;0.9750;14;2;0
org.gjt.sp.jedit.gui.DockableWindowManager.showDockableWindow(String);org.gjt.sp.util.Log;3;0;3;0.9474;447;27;16;1;1;1.0000;142;9;16
org.gjt.sp.jedit.buffer.BufferIORequest.write(Buffer, OutputStream);org.gjt.sp.jedit.buffer.JEditBuffer;0;0;0;0;0;0;0;0;0;0;0;0;0
macos.Delegate.handleOpenFile(ViewUpdate);org.gjt.sp.jedit.jEdit;2;0;1;0.9375;156;12;2;1;0;1.0000;1709;108;29
org.gjt.sp.jedit.textarea.JEditTextArea._finishCaretUpdate();org.gjt.sp.jedit.textarea.StructureMatcher.Match;0;3;8;0.9623;2774;208;61;0;0;1.0000;12;0;5
org.gjt.sp.jedit.ModeCatalogHandler.attribute(String, String, boolean);org.gjt.sp.util.Log;1;0;5;0.5000;45;4;6;1;1;1.0000;142;9;16
org.objectweb.asm.CodeWriter.addSuccessor(int, Label);org.objectweb.asm.Edge;2;0;5;0.9434;919;30;27;0;4;0.5000;0;0;4
org.gjt.sp.util.Log.LogListModel.getSize();org.gjt.sp.util.Log;1;0;0;1.0000;47;7;1;0;3;1.0000;142;9;16
org.gjt.sp.jedit.io.VFSFile.findCompletion(String, String, VFSBrowser, boolean);org.gjt.sp.jedit.browser.VFSBrowser;0;0;0;0;0;0;0;0;0;0;0;0;0
org.gjt.sp.jedit.gui.HistoryTextField.processMouseEvent(MouseEvent);org.gjt.sp.jedit.GUIUtilities;0;1;0;0.9545;211;12;7;1;0;1.0000;486;55;9
org.gjt.sp.jedit.io.VFS.copy(ProgressObserver, String, String, Component, boolean);org.gjt.sp.jedit.io.VFSManager;0;0;0;0;0;0;0;0;0;0;0;0;0
org.gjt.sp.jedit.gui.MarkerViewer.goToSelectedMarker();org.gjt.sp.jedit.View;0;0;0;0;0;0;0;0;0;0;0;0;0
org.gjt.sp.jedit.textarea.ChunkCache.invalidateChunksFrom(int);org.gjt.sp.util.Log;2;0;3;0.9118;333;25;9;1;1;1.0000;142;9;16
org.gjt.sp.jedit.browser.VFSFileChooserDialog.ok();org.gjt.sp.jedit.View;2;1;4;0.7500;155;5;7;1;0;0.9867;679;41;39
bsh.BSHType.getType(CallStack, Interpreter);bsh.BSHAmbiguousName;1;1;3;0.6923;82;6;4;1;0;0.9375;42;7;1
gnu.regexp.RE.getCharUnit(char[], int, CharUnit);gnu.regexp.CharUnit;2;1;0;1.0000;615;37;13;0;2;0.0000;0;0;2
org.objectweb.asm.CodeWriter.visitLdcInsn(Object);org.objectweb.asm.ByteVector;3;0;5;0.9074;919;30;27;2;0;0.9091;139;9;2
org.gjt.sp.jedit.EditBus.send(EBMessage);org.gjt.sp.jedit.EBMessage;2;1;0;1.0000;44;4;2;1;0;0.8333;22;4;1
org.gjt.sp.jedit.help.HelpViewer.PropertyChangeHandler.propertyChange(PropertyChangeEvent);org.gjt.sp.jedit.help.HelpHistoryModel;0;0;0;0;0;0;0;0;0;0;0;0;0
org.gjt.sp.jedit.search.SearchAndReplace.initReplace();org.gjt.sp.jedit.BeanShell;0;0;3;1.0000;537;32;11;1;0;1.0000;279;22;6
bsh.Parser.InclusiveOrExpression();bsh.BSHBinaryExpression;4;5;2;0.9810;5894;347;13;0;1;0.9444;55;3;1
org.gjt.sp.jedit.gui.CloseDialog.ActionHandler.actionPerformed(ActionEvent);org.gjt.sp.jedit.buffer.JEditBuffer;0;0;0;0;0;0;0;0;0;0;0;0;0
org.gjt.sp.jedit.browser.VFSFileChooserDialog.BrowserHandler.filesSelected(VFSBrowser, VFSFile[]);org.gjt.sp.jedit.browser.VFSFileChooserDialog;0;0;0;0;0;0;0;0;0;0;0;0;0
bsh.ClassGeneratorUtil.generateField(String, String, int, ClassWriter);org.objectweb.asm.ClassWriter;0;0;0;1.0000;457;21;19;1;0;0.9762;305;21;49
org.gjt.sp.jedit.jEdit.runStartupScripts(File);org.gjt.sp.jedit.Macros.Handler;1;0;0;1.0000;1709;108;29;2;0;0.7500;24;4;3
org.gjt.sp.jedit.gui.FilesChangedDialog.reload();org.gjt.sp.jedit.Buffer;0;0;4;0.7143;157;5;8;1;0;0.9940;1798;136;53
org.gjt.sp.jedit.jEdit.newFile(View, String);org.gjt.sp.jedit.Buffer;1;2;2;1.0000;1709;108;29;2;2;0.9755;1798;136;53
org.gjt.sp.jedit.buffer.JEditBuffer.fireFoldHandlerChanged();org.gjt.sp.jedit.buffer.BufferListener;0;0;0;0;0;0;0;0;0;0;0;0;0
org.gjt.sp.jedit.textarea.Gutter.MouseHandler.mousePressed(MouseEvent);org.gjt.sp.jedit.textarea.DisplayManager;5;0;2;0.9474;89;5;4;4;0;0.9412;513;30;16
org.gjt.sp.jedit.textarea.JEditTextArea.deleteToEndOfLine();org.gjt.sp.jedit.buffer.JEditBuffer;0;0;0;0;0;0;0;0;0;0;0;0;0
org.gjt.sp.jedit.textarea.BufferHandler.doDelayedUpdate();org.gjt.sp.jedit.textarea.ChunkCache;3;0;6;0.7500;165;9;7;2;0;0.9574;333;25;9
org.gjt.sp.jedit.search.SearchAndReplace.find(View, Buffer, int, boolean, boolean);org.gjt.sp.jedit.search.SearchMatcher.Match;1;1;0;1.0000;537;32;11;0;2;0.8182;0;0;3
bsh.ParserTokenManager.jjMoveStringLiteralDfa5_0(long, long, long, long, long, long);bsh.JavaCharStream;0;4;2;0.8947;1699;47;25;1;0;0.9808;331;25;17
org.gjt.sp.jedit.textarea.JEditTextArea.goToNextWord(boolean, boolean);org.gjt.sp.jedit.buffer.JEditBuffer;0;0;0;0;0;0;0;0;0;0;0;0;0
org.gjt.sp.jedit.gui.DockableWindowManager.addEntry(DockableWindowFactory.Window);org.gjt.sp.jedit.View;3;0;11;0.8333;447;27;16;0;1;0.9861;679;41;39
bsh.ParseException.getErrorLineNumber();bsh.Token;1;0;1;0.9375;133;6;6;0;2;0.7778;9;1;8
org.gjt.sp.jedit.textarea.TextAreaTransferHandler.importFile(JComponent, Transferable);org.gjt.sp.jedit.GUIUtilities;0;0;0;0;0;0;0;0;0;0;0;0;0
org.gjt.sp.jedit.gui.PanelWindowContainer.DockBorder.paintVertBorder(Graphics, int, int, int);org.gjt.sp.jedit.gui.PanelWindowContainer;1;0;3;0.7273;60;6;5;0;1;1.0000;163;12;15
org.gjt.sp.jedit.GUIUtilities.createMultilineLabel(String);org.gjt.sp.jedit.gui.VariableGridLayout;1;0;0;1.0000;486;55;9;0;1;1.0000;174;13;10
org.gjt.sp.jedit.search.BoyerMooreSearchMatcher.nextMatch(CharIndexed, boolean, boolean, boolean, boolean);org.gjt.sp.jedit.search.SearchMatcher.Match;1;1;1;0.8571;100;5;7;0;2;0.6667;0;0;3
bsh.ClassGeneratorImpl.generateClassImpl(String, Modifiers, Class[], Class, BSHBlock, boolean, CallStack, Interpreter);bsh.Capabilities;3;2;0;1.0000;109;7;0;1;1;1.0000;24;4;2
org.gjt.sp.util.WorkThread.doRequest(WorkThreadPool.Request);org.gjt.sp.util.WorkThreadPool;2;0;7;0.6316;94;8;8;2;0;0.9459;174;15;14
org.gjt.sp.jedit.help.HelpHistoryModel.fireUpdate();org.gjt.sp.jedit.help.HelpHistoryModelListener;0;0;0;0;0;0;0;0;0;0;0;0;0
bsh.Parser.jjtreeCloseNodeScope(Node);bsh.SimpleNode;1;1;0;0.9972;5894;347;13;0;1;0.9524;76;14;7
org.gjt.sp.jedit.EditPane.nextBuffer();org.gjt.sp.jedit.jEdit;2;1;1;0.9091;273;15;7;0;1;1.0000;1709;108;29
org.gjt.sp.jedit.syntax.TokenMarker.handleNoWordBreak();org.gjt.sp.jedit.syntax.ParserRuleSet;3;0;6;0.7931;352;10;13;0;1;0.9756;126;13;19
org.gjt.sp.jedit.jEdit.saveAllBuffers(View, boolean);org.gjt.sp.jedit.buffer.JEditBuffer;0;0;0;0;0;0;0;0;0;0;0;0;0
org.gjt.sp.jedit.ActionSet.removeAction(String);org.gjt.sp.jedit.ActionContext;1;0;2;0.9167;155;14;7;0;2;0.8333;41;7;3
org.gjt.sp.jedit.MiscUtilities.getParentOfPath(String);org.gjt.sp.jedit.io.VFS;0;0;0;1.0000;629;50;3;1;0;0.9667;191;26;17
bsh.Parser.MethodDeclaration();bsh.Token;5;10;2;0.9687;5894;347;13;0;1;0.9756;9;1;8
bsh.Parser.ShiftExpression();bsh.ParserConstants;4;5;2;0.9812;5894;347;13;0;6;0.9580;0;0;131
org.gjt.sp.jedit.jEdit.closeAllBuffers(View, boolean);org.gjt.sp.jedit.EditBus;4;1;4;1.0000;1709;108;29;1;0;1.0000;44;4;2
org.gjt.sp.jedit.GUIUtilities.inputProperty(Component, String, Object[], String);org.gjt.sp.jedit.jEdit;0;1;0;1.0000;486;55;9;3;0;1.0000;1709;108;29
org.gjt.sp.jedit.View.handleEditPaneUpdate(EditPaneUpdate);org.gjt.sp.jedit.EditPane;2;0;1;0.9857;679;41;39;0;2;0.9310;273;15;7
org.gjt.sp.jedit.gui.StatusBar.updateCaretStatus();org.gjt.sp.jedit.Buffer;1;0;5;0.9000;261;11;26;4;0;0.9775;1798;136;53
org.gjt.sp.jedit.syntax.TokenMarker.checkDelegateEnd(ParserRule);org.gjt.sp.jedit.syntax.ParserRuleSet;3;2;8;0.6970;352;10;13;0;3;0.9362;126;13;19
org.gjt.sp.jedit.browser.VFSFileChooserDialog.ok();org.gjt.sp.jedit.Buffer;2;1;4;0.7500;155;5;7;0;1;0.9943;1798;136;53
org.objectweb.asm.CodeWriter.visitVarInsn(int, int);org.objectweb.asm.ByteVector;2;0;7;0.8983;919;30;27;3;0;0.8889;139;9;2
org.gjt.sp.jedit.search.HyperSearchResults.KeyHandler.keyPressed(KeyEvent);org.gjt.sp.jedit.search.HyperSearchResults;0;0;0;1.0000;12;1;0;1;0;0.9474;146;10;9
bsh.Interpreter.unset(String);bsh.NameSpace;2;0;1;0.9821;490;39;19;2;0;0.9778;491;64;21
org.gjt.sp.jedit.options.ShortcutsOptionPane.ShortcutsModel.setValueAt(Object, int, int);org.gjt.sp.jedit.gui.GrabKeyDialog.KeyBinding;1;1;0;0.9091;59;8;2;0;1;0.8571;9;1;4
org.gjt.sp.jedit.textarea.ScreenLineManager.invalidateScreenLineCounts();org.gjt.sp.jedit.buffer.JEditBuffer;0;0;0;0;0;0;0;0;0;0;0;0;0
org.gjt.sp.jedit.browser.VFSFileNameField.doComplete(String);org.gjt.sp.jedit.MiscUtilities;3;0;1;0.9375;129;5;1;2;0;1.0000;629;50;3
org.gjt.sp.jedit.search.SearchAndReplace.setBeanShellReplace(boolean);org.gjt.sp.jedit.EditBus;0;0;1;1.0000;537;32;11;1;0;1.0000;44;4;2
installer.SwingInstall.ActionHandler.actionPerformed(ActionEvent);installer.SwingInstall;1;0;0;1.0000;15;1;0;1;5;0.6250;102;2;14
org.gjt.sp.jedit.print.BufferPrintable.print();org.gjt.sp.util.Log;1;0;2;0.9091;165;5;23;1;2;1.0000;142;9;16
org.gjt.sp.jedit.search.SearchDialog.ButtonActionHandler.actionPerformed(ActionEvent);org.gjt.sp.jedit.textarea.JEditTextArea;1;0;0;1.0000;33;1;0;1;0;0.9963;2774;208;61
org.gjt.sp.jedit.View.close();org.gjt.sp.jedit.gui.DockableWindowManager;0;1;10;0.8281;679;41;39;1;0;0.9778;447;27;16
org.gjt.sp.jedit.browser.BrowserView.TableMouseHandler.mouseClicked(MouseEvent);org.gjt.sp.jedit.browser.BrowserView;3;0;0;1.0000;58;3;0;0;2;0.9091;139;12;7
org.gjt.sp.jedit.EditPane.setBuffer(Buffer);org.gjt.sp.jedit.msg.EditPaneUpdate;1;1;6;0.7083;273;15;7;0;1;1.0000;14;2;4
org.gjt.sp.jedit.gui.OptionsDialog.init(String, String);org.gjt.sp.jedit.GUIUtilities;0;3;8;0.5926;231;15;9;1;0;1.0000;486;55;9
org.gjt.sp.jedit.textarea.JEditTextArea.collapseFold();org.gjt.sp.jedit.textarea.DisplayManager;0;3;6;0.9659;2774;208;61;3;0;0.9423;513;30;16
bsh.Parser.SwitchLabel();bsh.BSHSwitchLabel;3;5;2;0.9811;5894;347;13;0;1;0.9444;8;1;1
org.gjt.sp.jedit.gui.CheckBoxListModel.isCellEditable(int, int);org.gjt.sp.jedit.gui.JCheckBoxList.Entry;1;0;1;0.9091;59;8;1;0;1;0.8333;14;0;3
bsh.Reflect.resolveExpectedJavaMethod(BshClassManager, Class, Object, String, Object[], boolean);bsh.StringUtil;0;1;0;1.0000;422;31;0;1;0;1.0000;44;5;0
org.gjt.sp.jedit.pluginmgr.Roster.performOperationsInAWTThread(Component);org.gjt.sp.util.Log;1;0;2;0.8462;65;9;3;1;1;1.0000;142;9;16
org.gjt.sp.jedit.gui.IOProgressMonitor.updateCaption();org.gjt.sp.jedit.jEdit;2;0;1;0.8571;30;3;3;1;0;1.0000;1709;108;29
org.gjt.sp.jedit.gui.InputHandler.readNextChar(String, String);org.gjt.sp.jedit.View;1;0;2;0.9048;133;14;6;0;1;0.9848;679;41;39
org.gjt.sp.jedit.gui.StatusBar.MouseHandler.mouseClicked(MouseEvent);org.gjt.sp.jedit.Buffer;1;0;0;1.0000;15;1;0;2;0;0.9887;1798;136;53
bsh.BSHUnaryExpression.lhsUnaryOperation(LHS, boolean);bsh.Interpreter;1;1;2;0.6250;50;4;2;1;1;1.0000;490;39;19
org.gjt.sp.jedit.BeanShell.showEvaluateLinesDialog(View);org.gjt.sp.jedit.GUIUtilities;1;1;1;1.0000;279;22;6;1;0;1.0000;486;55;9
org.gjt.sp.jedit.buffer.UndoManager.Remove.undo();org.gjt.sp.jedit.buffer.UndoManager;1;0;4;0.6667;20;2;6;0;2;0.9310;139;12;11
org.gjt.sp.jedit.textarea.DisplayManager.showLineRange(int, int);org.gjt.sp.jedit.textarea.RangeMap;0;0;0;0;0;0;0;0;0;0;0;0;0
org.gjt.sp.jedit.pluginmgr.InstallPanel.InstallButton.actionPerformed(ActionEvent);org.gjt.sp.jedit.pluginmgr.Roster;4;0;0;1.0000;48;2;0;3;0;0.8696;65;9;3
org.gjt.sp.jedit.PerspectiveManager.savePerspective(boolean);org.gjt.sp.jedit.jEdit;4;0;0;1.0000;135;3;1;3;2;1.0000;1709;108;29
org.gjt.sp.jedit.textarea.MouseHandler.mousePressed(MouseEvent);org.gjt.sp.jedit.buffer.JEditBuffer;0;0;0;0;0;0;0;0;0;0;0;0;0
org.gjt.sp.jedit.EditPane.setBuffer(Buffer);org.gjt.sp.jedit.io.VFSManager;1;1;6;0.7083;273;15;7;1;0;1.0000;129;15;11
org.gjt.sp.jedit.syntax.Chunk.paintChunkList(Chunk, Graphics2D, float, float, boolean);org.gjt.sp.jedit.syntax.SyntaxStyle;2;0;6;0.7000;132;8;11;0;2;0.8333;20;0;4
org.gjt.sp.jedit.indent.CloseBracketIndentRule.apply(JEditBuffer, int, int, int, List);org.gjt.sp.jedit.buffer.JEditBuffer;0;0;0;0;0;0;0;0;0;0;0;0;0
org.gjt.sp.jedit.textarea.SelectionManager.addToSelection(Selection);org.gjt.sp.jedit.textarea.Selection;0;0;0;0;0;0;0;0;0;0;0;0;0
org.gjt.sp.jedit.textarea.TextAreaPainter.paint(Graphics);org.gjt.sp.jedit.textarea.FastRepaintManager;0;0;0;0;0;0;0;0;0;0;0;0;0
org.gjt.sp.jedit.search.SearchAndReplace.replaceAll(View);org.gjt.sp.jedit.GUIUtilities;3;5;2;1.0000;537;32;11;1;0;1.0000;486;55;9
org.gjt.sp.jedit.syntax.XModeHandler.attribute(String, String, boolean);org.gjt.sp.jedit.syntax.ParserRuleSet;2;2;22;0.5200;346;15;32;0;1;0.9821;126;13;19
org.gjt.sp.jedit.search.SearchDialog.save(boolean);org.gjt.sp.jedit.io.VFSManager;3;0;17;0.6383;431;17;30;1;0;1.0000;129;15;11
com.microstar.xml.XmlParser.error(String, String, String);com.microstar.xml.XmlHandler;0;0;5;0.9673;2091;113;92;1;0;0.9444;13;13;0
org.gjt.sp.jedit.Macros.Recorder.recordInput(String, boolean);org.gjt.sp.jedit.MiscUtilities;0;2;3;0.6429;80;8;6;1;0;1.0000;629;50;3
org.gjt.sp.jedit.gui.JCheckBoxList.getCellRenderer(int, int);org.gjt.sp.jedit.gui.CheckBoxListModel;1;0;1;0.9167;66;8;1;0;1;0.9231;59;8;1
org.gjt.sp.jedit.textarea.FirstLine.reset();org.gjt.sp.jedit.textarea.JEditTextArea;0;0;0;0;0;0;0;0;0;0;0;0;0
bsh.ClassGeneratorUtil.getConstructorArgs(String, This, Object[], int);bsh.Interpreter;3;0;2;1.0000;457;21;19;1;0;0.9851;490;39;19
org.gjt.sp.jedit.MiscUtilities.getPathStart(String);org.gjt.sp.jedit.OperatingSystem;0;0;0;0;0;0;0;0;0;0;0;0;0
org.gjt.sp.jedit.textarea.TextAreaPainter.getToolTipText(MouseEvent);org.gjt.sp.jedit.buffer.JEditBuffer;0;0;0;0;0;0;0;0;0;0;0;0;0
org.gjt.sp.jedit.buffer.BufferInsertRequest.run();org.gjt.sp.jedit.io.VFS;0;0;0;0;0;0;0;0;0;0;0;0;0
org.gjt.sp.jedit.gui.OptionsDialog.OptionTreeModel.getChildCount(Object);org.gjt.sp.jedit.OptionGroup;0;0;0;1.0000;82;11;2;1;0;0.9286;69;8;4
org.gjt.sp.jedit.EditPane.goToMarker(char, boolean);org.gjt.sp.jedit.textarea.JEditTextArea;0;0;0;0;0;0;0;0;0;0;0;0;0
org.gjt.sp.jedit.help.HelpViewer.gotoURL(String, boolean);org.gjt.sp.jedit.help.HelpHistoryModel;0;0;0;0;0;0;0;0;0;0;0;0;0
org.gjt.sp.jedit.textarea.DisplayManager.bufferLoaded();org.gjt.sp.jedit.textarea.RangeMap;0;0;0;0;0;0;0;0;0;0;0;0;0
org.gjt.sp.jedit.browser.VFSBrowser.maybeReloadDirectory(String);org.gjt.sp.jedit.browser.BrowserView;1;0;4;0.9273;542;33;34;1;0;0.9600;139;12;7
org.gjt.sp.jedit.gui.LogViewer.ListHandler.contentsChanged(ListDataEvent);org.gjt.sp.jedit.gui.LogViewer;1;0;0;1.0000;17;3;0;0;1;0.9000;53;5;4
org.gjt.sp.jedit.EditPane.MarkerHighlight.paintValidLine(Graphics2D, int, int, int, int, int);org.gjt.sp.jedit.Buffer;0;0;0;0;0;0;0;0;0;0;0;0;0
bsh.BSHReturnType.evalReturnType(CallStack, Interpreter);bsh.BSHType;0;1;1;0.6000;14;3;1;1;0;0.9167;82;6;4
org.gjt.sp.jedit.gui.CloseDialog.ListHandler.valueChanged(ListSelectionEvent);org.gjt.sp.jedit.gui.CloseDialog;1;0;0;1.0000;6;1;0;1;4;0.6429;64;3;9
org.gjt.sp.jedit.pluginmgr.InstallPanel.SelectallButton.tableChanged(TableModelEvent);org.gjt.sp.jedit.pluginmgr.InstallPanel.PluginTableModel;1;0;0;1.0000;21;2;0;3;0;0.8125;151;13;2
installer.SwingInstall.install();installer.Install;1;0;5;0.7917;102;2;14;2;0;0.8889;61;4;2
org.gjt.sp.jedit.View.updateTitle();org.gjt.sp.jedit.EditPane;2;1;1;0.9701;679;41;39;0;1;0.9643;273;15;7
org.gjt.sp.jedit.textarea.JEditTextArea.spacesToTabs();org.gjt.sp.jedit.TextUtilities;0;5;1;0.9771;2774;208;61;1;0;1.0000;343;14;8
org.gjt.sp.jedit.pluginmgr.PluginManager.updatePluginList();org.gjt.sp.jedit.GUIUtilities;1;0;2;0.8667;133;6;11;1;0;1.0000;486;55;9
org.gjt.sp.jedit.textarea.JEditTextArea.goToPrevLine(boolean);org.gjt.sp.jedit.textarea.ChunkCache;0;7;7;0.9468;2774;208;61;1;0;0.9811;333;25;9
org.gjt.sp.jedit.browser.VFSFileChooserDialog.getSelectedFiles();org.gjt.sp.jedit.MiscUtilities;2;0;3;0.8235;155;5;7;1;0;1.0000;629;50;3
org.gjt.sp.jedit.browser.VFSDirectoryEntryTable.maybeReloadDirectory(String);org.gjt.sp.jedit.browser.VFSDirectoryEntryTableModel.Entry;3;0;1;0.9600;240;13;4;0;2;0.8182;4;0;3
org.gjt.sp.jedit.textarea.TextAreaPainter.PaintLineBackground.paintValidLine(Graphics2D, int, int, int, int, int);org.gjt.sp.jedit.buffer.JEditBuffer;0;0;0;0;0;0;0;0;0;0;0;0;0
bsh.BSHAllocationExpression.arrayAllocation(BSHArrayDimensions, Class, CallStack, Interpreter);bsh.BSHArrayDimensions;1;1;0;0.9000;119;9;1;1;0;0.9000;44;4;4
bsh.BSHBinaryExpression.eval(CallStack, Interpreter);bsh.ParserConstants;2;2;1;0.8333;55;3;1;0;9;0.9353;0;0;131
org.gjt.sp.jedit.Buffer.checkFileForLoad(View, VFS, String);org.gjt.sp.jedit.io.VFSManager;2;2;1;0.9882;1798;136;53;1;0;1.0000;129;15;11
org.gjt.sp.jedit.help.HelpSearchPanel.ResultRenderer.getListCellRendererComponent(JList, Object, int, boolean, boolean);org.gjt.sp.jedit.help.HelpSearchPanel.Result;1;0;0;1.0000;13;1;0;0;2;0.5000;5;0;3
org.gjt.sp.jedit.pluginmgr.Roster.getDownloadDir();org.gjt.sp.jedit.jEdit;1;0;1;1.0000;65;9;3;0;1;1.0000;1709;108;29
org.gjt.sp.jedit.menu.EnhancedCheckBoxMenuItem.Model.isSelected();org.gjt.sp.jedit.EditAction;2;0;0;1.0000;17;2;0;1;0;0.9231;36;10;1
org.gjt.sp.jedit.print.BufferPrinter1_4.savePrintSpec();org.gjt.sp.jedit.jEdit;1;0;1;1.0000;83;5;2;1;1;1.0000;1709;108;29
org.gjt.sp.jedit.jEdit.initUserProperties();org.gjt.sp.jedit.MiscUtilities;1;0;3;1.0000;1709;108;29;1;0;1.0000;629;50;3
org.gjt.sp.jedit.textarea.DisplayManager.getPrevVisibleLine(int);org.gjt.sp.jedit.buffer.JEditBuffer;0;0;0;0;0;0;0;0;0;0;0;0;0
org.gjt.sp.jedit.JARClassLoader.getResourceAsPath(String);org.gjt.sp.jedit.MiscUtilities;1;0;1;0.9286;143;11;6;1;0;1.0000;629;50;3
org.gjt.sp.jedit.textarea.JEditTextArea.addToSelection(Selection);org.gjt.sp.jedit.textarea.SelectionManager;0;0;0;0;0;0;0;0;0;0;0;0;0
org.gjt.sp.jedit.gui.StatusBar.updateCaretStatus();org.gjt.sp.jedit.buffer.JEditBuffer;0;0;0;0;0;0;0;0;0;0;0;0;0
org.gjt.sp.jedit.indent.OpenBracketIndentRule.apply(JEditBuffer, int, int, int, List);org.gjt.sp.jedit.buffer.JEditBuffer;0;0;0;0;0;0;0;0;0;0;0;0;0
org.gjt.sp.jedit.pluginmgr.InstallPanel.HeaderMouseHandler.mouseClicked(MouseEvent);org.gjt.sp.jedit.pluginmgr.InstallPanel;2;0;0;1.0000;11;1;0;0;2;0.7778;71;2;5
org.gjt.sp.jedit.gui.AddAbbrevDialog.ActionHandler.actionPerformed(ActionEvent);org.gjt.sp.jedit.Mode;3;0;0;1.0000;22;1;0;0;1;0.9565;89;9;5
org.gjt.sp.jedit.textarea.MouseHandler.doDoubleDrag(MouseEvent);org.gjt.sp.jedit.buffer.JEditBuffer;0;0;0;0;0;0;0;0;0;0;0;0;0
org.gjt.sp.jedit.GUIUtilities.UnixWorkaround.WindowHandler.windowOpened(WindowEvent);org.gjt.sp.jedit.GUIUtilities.UnixWorkaround;2;0;0;1.0000;10;1;0;0;4;0.4286;18;0;6
org.gjt.sp.jedit.jEdit.getActionSetForAction(EditAction);org.gjt.sp.jedit.EditAction;1;0;1;1.0000;1709;108;29;0;1;0.9091;36;10;1
org.gjt.sp.jedit.gui.FilesChangedDialog.TreeHandler.valueChanged(TreeSelectionEvent);org.gjt.sp.jedit.jEdit;1;0;0;1.0000;12;1;0;1;0;1.0000;1709;108;29
bsh.Interpreter.eval(Reader, NameSpace, String);bsh.SimpleNode;4;5;4;0.9091;490;39;19;2;1;0.9211;76;14;7
org.gjt.sp.jedit.pluginmgr.PluginList.Branch.canSatisfyDependencies();org.gjt.sp.jedit.pluginmgr.PluginList.Dependency;0;0;1;0.9091;16;3;8;1;0;0.9091;53;4;5
bsh.Parser.NameList();bsh.ParserConstants;1;3;1;0.9890;5894;347;13;0;1;0.9926;0;0;131
bsh.BSHMethodDeclaration.evalNodes(CallStack, Interpreter);bsh.Interpreter;2;1;5;0.7143;57;7;8;0;1;0.9841;490;39;19
org.gjt.sp.jedit.gui.MarkerViewer.updateSelection();org.gjt.sp.jedit.Marker;0;0;0;0;0;0;0;0;0;0;0;0;0
org.gjt.sp.jedit.PluginJAR.generateCache();org.gjt.sp.jedit.MiscUtilities;5;2;10;0.7647;557;18;15;1;0;1.0000;629;50;3
bsh.BshClassManager.doneDefiningClass(String);bsh.Name;0;0;2;0.9444;176;32;9;1;0;1.0000;341;17;9
org.gjt.sp.jedit.io.VFS.loadColors();org.gjt.sp.jedit.MiscUtilities;1;0;2;1.0000;191;26;17;1;0;1.0000;629;50;3
org.gjt.sp.jedit.search.SearchAndReplace.replaceInSelection(View, JEditTextArea, Buffer, SearchMatcher, boolean, Selection);org.gjt.sp.jedit.textarea.JEditTextArea;1;2;0;1.0000;537;32;11;2;0;0.9925;2774;208;61
bsh.Interpreter.run();bsh.JJTParserState;4;9;9;0.7647;490;39;19;3;0;0.9348;74;10;5
org.gjt.sp.jedit.jEdit.propertiesChanged();org.gjt.sp.jedit.Buffer;1;5;2;1.0000;1709;108;29;2;1;0.9816;1798;136;53
org.objectweb.asm.ClassWriter.newFloat(float);org.objectweb.asm.ByteVector;0;2;4;0.8864;305;21;49;2;0;0.8947;139;9;2
org.gjt.sp.util.CharIndexedSegment.charAt(int);gnu.regexp.CharIndexed;1;0;3;0.6667;23;4;3;0;1;0.8571;3;3;1
bsh.BSHStatementExpressionList.eval(CallStack, Interpreter);bsh.Primitive;1;0;0;1.0000;11;1;0;0;1;1.0000;506;35;5
org.gjt.sp.jedit.textarea.BufferHandler.preContentRemoved(JEditBuffer, int, int, int, int);org.gjt.sp.jedit.textarea.RangeMap;0;0;0;0;0;0;0;0;0;0;0;0;0
bsh.Reflect.invokeObjectMethod(Object, String, Object[], Interpreter, CallStack, SimpleNode);bsh.Interpreter;0;2;0;1.0000;422;31;0;1;0;0.9815;490;39;19
org.gjt.sp.jedit.textarea.MouseHandler.doSingleClick(MouseEvent);org.gjt.sp.jedit.textarea.JEditTextArea;0;0;0;0;0;0;0;0;0;0;0;0;0
bsh.This.invokeMethod(String, Object[], Interpreter, CallStack, SimpleNode, boolean);bsh.Types;3;1;2;0.7500;79;9;2;1;0;1.0000;98;10;4
org.gjt.sp.jedit.Macros.loadMacros();org.gjt.sp.jedit.EditBus;1;1;5;1.0000;232;21;6;1;0;1.0000;44;4;2
org.gjt.sp.jedit.gui.EditAbbrevDialog.checkForExistingAbbrev();org.gjt.sp.jedit.GUIUtilities;0;0;3;0.7500;57;4;6;1;0;1.0000;486;55;9
org.gjt.sp.jedit.browser.BrowserView.loadDirectory(Object, String, boolean);org.gjt.sp.jedit.io.VFSManager;2;0;2;0.9091;139;12;7;2;0;1.0000;129;15;11
bsh.BSHArrayDimensions.eval(CallStack, Interpreter);bsh.BSHArrayInitializer;1;0;4;0.6667;44;4;4;1;0;0.9091;54;3;0
org.gjt.sp.jedit.buffer.UndoManager.Remove.undo();org.gjt.sp.jedit.buffer.JEditBuffer;0;0;0;0;0;0;0;0;0;0;0;0;0
org.gjt.sp.jedit.textarea.StructureMatcher.Highlight.paintHighlight(Graphics, int, int, int, int, Match);org.gjt.sp.jedit.textarea.StructureMatcher.Match;3;1;1;0.8000;55;3;1;0;2;0.8571;12;0;5
gnu.regexp.RE.substituteAllImpl(CharIndexed, String, int, int);gnu.regexp.CharIndexed;2;1;1;0.9792;615;37;13;3;1;0.5000;3;3;1
org.gjt.sp.jedit.gui.PanelWindowContainer.unregister(DockableWindowManager.Entry);org.gjt.sp.jedit.gui.DockableWindowManager.Entry;3;0;7;0.7667;163;12;15;0;3;0.8125;8;0;6
bsh.Parser.UnaryExpressionNotPlusMinus();bsh.ParserConstants;4;8;2;0.9742;5894;347;13;0;21;0.8562;0;0;131
org.gjt.sp.jedit.BeanShellAction.isSelected(Component);org.gjt.sp.jedit.BeanShell;2;0;3;0.7500;61;3;8;2;1;1.0000;279;22;6
macos.Delegate.applicationOpenFiles(NSApplication, NSArray);org.gjt.sp.jedit.browser.VFSBrowser;1;0;0;1.0000;156;12;2;1;0;1.0000;542;33;34
org.gjt.sp.jedit.textarea.JEditTextArea.getScreenLineStartOffset(int);org.gjt.sp.jedit.textarea.ChunkCache.LineInfo;1;0;2;0.9924;2774;208;61;0;2;0.8333;0;0;8
org.objectweb.asm.Item.isEqualTo(Item);org.objectweb.asm.ClassWriter;1;0;8;0.5556;76;6;11;0;8;1.0000;305;21;49
org.gjt.sp.jedit.gui.GrabKeyDialog.ActionHandler.canClose();org.gjt.sp.jedit.gui.GrabKeyDialog.KeyBinding;2;0;0;1.0000;49;2;0;1;4;0.5000;9;1;4
org.gjt.sp.jedit.gui.HistoryTextArea.processKeyEvent(KeyEvent);org.gjt.sp.jedit.gui.HistoryText;0;0;0;0;0;0;0;0;0;0;0;0;0
org.gjt.sp.jedit.gui.OptionsDialog.ok();org.gjt.sp.jedit.OptionPane;0;1;2;0.8846;231;15;9;1;0;0.8571;4;4;0
bsh.BSHAmbiguousName.toClass(CallStack, Interpreter);bsh.Name;0;1;0;0.9091;42;7;1;1;0;0.9545;341;17;9
gnu.regexp.RETokenAny.match(CharIndexed, REMatch);gnu.regexp.REMatch;2;0;2;0.7778;19;3;2;0;1;0.9615;95;12;8
org.gjt.sp.jedit.search.SearchDialog.load();org.gjt.sp.jedit.MiscUtilities;5;0;13;0.7547;431;17;30;1;0;1.0000;629;50;3
org.gjt.sp.jedit.textarea.DisplayManager.showLineRange(int, int);org.gjt.sp.jedit.textarea.Anchor;0;0;0;0;0;0;0;0;0;0;0;0;0
org.gjt.sp.jedit.textarea.JEditTextArea.deleteWord(boolean);org.gjt.sp.jedit.TextUtilities;0;3;4;0.9733;2774;208;61;1;0;1.0000;343;14;8
org.gjt.sp.jedit.PluginJAR.deactivatePlugin(boolean);org.gjt.sp.jedit.buffer.JEditBuffer;0;0;0;0;0;0;0;0;0;0;0;0;0
org.gjt.sp.jedit.buffer.JEditBuffer.getVirtualWidth(int, int);org.gjt.sp.jedit.MiscUtilities;0;0;0;0;0;0;0;0;0;0;0;0;0
org.gjt.sp.jedit.JARClassLoader.getResourceAsStream(String);org.gjt.sp.jedit.PluginJAR;1;0;1;0.9286;143;11;6;1;0;0.9697;557;18;15
bsh.Primitive.castPrimitive(Class, Class, Primitive, boolean, int);bsh.Reflect;1;2;2;0.9500;506;35;5;1;0;1.0000;422;31;0
org.gjt.sp.jedit.browser.VFSBrowser.maybeReloadDirectory(String);org.gjt.sp.jedit.io.FavoritesVFS;1;0;4;0.9273;542;33;34;0;1;1.0000;72;8;4
org.gjt.sp.jedit.gui.DockableWindowManager.hideDockableWindow(String);org.gjt.sp.util.Log;2;0;1;0.9706;447;27;16;1;1;1.0000;142;9;16
org.gjt.sp.jedit.gui.KeyEventTranslator.translateKeyEvent(KeyEvent);org.gjt.sp.jedit.gui.KeyEventWorkaround;2;1;1;1.0000;168;7;5;0;2;1.0000;161;2;6
org.gjt.sp.jedit.search.SearchBar.find(boolean);org.gjt.sp.jedit.textarea.JEditTextArea;5;1;5;0.7778;130;6;10;1;1;0.9927;2774;208;61
org.gjt.sp.jedit.browser.VFSBrowser.FavoritesMenuButton.createPopupMenu();org.gjt.sp.jedit.browser.FileCellRenderer;3;0;1;0.8333;40;1;1;0;0;1.0000;83;6;12
org.gjt.sp.jedit.menu.EnhancedCheckBoxMenuItem.Model.isSelected();org.gjt.sp.util.Log;2;0;0;1.0000;17;2;0;1;2;1.0000;142;9;16
org.gjt.sp.jedit.jEdit.saveAllBuffers(View, boolean);org.gjt.sp.jedit.Buffer;1;0;1;1.0000;1709;108;29;3;1;0.9758;1798;136;53
org.gjt.sp.jedit.jEdit.propertiesChanged();org.gjt.sp.jedit.EditBus;1;5;2;1.0000;1709;108;29;1;0;1.0000;44;4;2
org.gjt.sp.jedit.textarea.JEditTextArea.MutableCaretEvent.getMark();org.gjt.sp.jedit.textarea.JEditTextArea;0;0;0;1.0000;9;2;0;1;0;0.9961;2774;208;61
org.gjt.sp.jedit.BeanShell.eval(View, NameSpace, String);org.gjt.sp.util.Log;1;2;0;1.0000;279;22;6;1;1;1.0000;142;9;16
org.gjt.sp.jedit.io.UrlVFS._createInputStream(Object, String, boolean, Component);org.gjt.sp.jedit.io.VFSManager;1;0;0;1.0000;29;3;0;1;0;1.0000;129;15;11
org.gjt.sp.jedit.options.SaveBackupOptionPane._save();org.gjt.sp.jedit.jEdit;0;0;8;0.2000;34;2;8;2;0;1.0000;1709;108;29
org.gjt.sp.jedit.jEdit.addBufferToList(Buffer);org.gjt.sp.jedit.EditBus;3;0;8;1.0000;1709;108;29;1;0;1.0000;44;4;2
org.gjt.sp.jedit.textarea.Gutter.MouseHandler.mousePressed(MouseEvent);org.gjt.sp.jedit.textarea.StructureMatcher;5;0;2;0.9474;89;5;4;1;0;0.9697;2;2;0
org.gjt.sp.jedit.buffer.JEditBuffer.insertAtColumn(int, int, String);org.gjt.sp.jedit.MiscUtilities;0;0;0;0;0;0;0;0;0;0;0;0;0
bsh.Reflect.invokeCompiledCommand(Class, Object[], Interpreter, CallStack);bsh.Interpreter;0;1;0;1.0000;422;31;0;1;0;0.9808;490;39;19
org.gjt.sp.jedit.gui.PanelWindowContainer.ButtonLayout.getWrappedDimension(JComponent, int);org.gjt.sp.jedit.gui.PanelWindowContainer;2;0;0;1.0000;128;6;0;0;2;0.9259;163;12;15
org.gjt.sp.jedit.jEdit.saveSettings();org.gjt.sp.jedit.io.FavoritesVFS;1;1;3;1.0000;1709;108;29;1;0;1.0000;72;8;4
org.gjt.sp.jedit.buffer.JEditBuffer.fireContentRemoved(int, int, int, int);org.gjt.sp.jedit.buffer.BufferListener;0;0;0;0;0;0;0;0;0;0;0;0;0
org.gjt.sp.util.ReadWriteLock.readLock();org.gjt.sp.util.Log;1;1;3;0.7143;73;8;7;1;1;1.0000;142;9;16
org.gjt.sp.jedit.browser.VFSFileNameField.goToParent();org.gjt.sp.jedit.browser.VFSDirectoryEntryTable;3;0;1;0.9286;129;5;1;1;0;0.9615;240;13;4
bsh.Parser.IfStatement();bsh.JJTParserState;2;6;2;0.9784;5894;347;13;4;0;0.8621;74;10;5
org.gjt.sp.jedit.MiscUtilities.isToolsJarAvailable();org.gjt.sp.jedit.jEdit;2;1;0;1.0000;629;50;3;2;2;1.0000;1709;108;29
org.gjt.sp.jedit.textarea.JEditTextArea.goToNextWord(boolean, boolean);org.gjt.sp.jedit.TextUtilities;0;5;5;0.9615;2774;208;61;1;0;1.0000;343;14;8
bsh.BSHTypedVariableDeclaration.eval(CallStack, Interpreter);bsh.EvalError;2;2;1;0.7692;44;5;1;1;0;0.9500;59;7;3
org.gjt.sp.jedit.textarea.JEditTextArea.goToPrevFold(boolean);org.gjt.sp.jedit.textarea.DisplayManager;0;4;7;0.9580;2774;208;61;1;0;0.9815;513;30;16
org.gjt.sp.jedit.buffer.BufferChangeListener.Adapter.preContentRemoved(JEditBuffer, int, int, int, int);org.gjt.sp.jedit.buffer.BufferChangeListener;0;0;0;0;0;0;0;0;0;0;0;0;0
org.gjt.sp.jedit.search.BoyerMooreSearchMatcher.match(CharIndexed, boolean);gnu.regexp.CharIndexed;0;3;7;0.3571;100;5;7;3;0;0.7692;3;3;1
bsh.Name.invokeLocalMethod(Interpreter, Object[], CallStack, SimpleNode);bsh.Interpreter;1;0;2;0.9130;341;17;9;2;1;0.9828;490;39;19
org.gjt.sp.jedit.gui.FloatingWindowContainer.MouseHandler.mousePressed(MouseEvent);org.gjt.sp.jedit.gui.FloatingWindowContainer;3;0;1;0.8571;7;1;1;0;4;0.7333;63;7;4
org.gjt.sp.jedit.gui.FloatingWindowContainer.dispose();org.gjt.sp.jedit.gui.DockableWindowManager.Entry;2;0;1;0.9286;63;7;4;0;3;0.6667;8;0;6
org.gjt.sp.jedit.buffer.BufferIORequest.autodetect(InputStream);org.gjt.sp.util.Log;3;0;9;0.9545;509;11;25;1;1;1.0000;142;9;16
org.gjt.sp.jedit.search.HyperSearchResults.NewSearchAction.actionPerformed(ActionEvent);org.gjt.sp.jedit.search.SearchDialog;0;0;0;0;0;0;0;0;0;0;0;0;0
org.gjt.sp.jedit.jEdit.getProperties();org.gjt.sp.jedit.PropertyManager;0;0;1;1.0000;1709;108;29;1;0;0.9474;79;15;4
org.gjt.sp.jedit.gui.BufferOptions.ok();org.gjt.sp.jedit.Buffer;1;0;12;0.5000;131;2;15;7;3;0.9600;1798;136;53
macos.MacOSPlugin.handleMessage(EBMessage);org.gjt.sp.jedit.jEdit;0;0;3;0.6667;40;3;3;3;0;1.0000;1709;108;29
bsh.ClassGeneratorUtil.getConstructorArgs(String, This, Object[], int);bsh.Reflect;3;0;2;1.0000;457;21;19;2;0;1.0000;422;31;0
org.gjt.sp.jedit.io.VFS._listDirectory(Object, String, Component);org.gjt.sp.jedit.io.VFSManager;0;0;1;0.9655;191;26;17;1;0;1.0000;129;15;11
bsh.Variable.getValue();bsh.LHS;0;0;2;0.8571;50;4;8;1;0;0.9474;105;3;13
gnu.regexp.RE.match(CharIndexed, REMatch);gnu.regexp.REMatch;1;0;1;0.9783;615;37;13;0;2;0.9200;95;12;8
bsh.NameSpace.getImportedVar(String);bsh.Reflect;0;0;2;0.9765;491;64;21;1;0;1.0000;422;31;0
org.gjt.sp.jedit.textarea.TextAreaDropHandler.dragOver(DropTargetDragEvent);org.gjt.sp.jedit.textarea.JEditTextArea;0;0;0;0;0;0;0;0;0;0;0;0;0
org.gjt.sp.jedit.options.ShortcutsOptionPane.TableMouseHandler.mouseClicked(MouseEvent);org.gjt.sp.jedit.GUIUtilities;2;0;0;1.0000;8;1;0;1;0;1.0000;486;55;9
bsh.BshMethod.invoke(Object[], Interpreter, CallStack, SimpleNode, boolean);bsh.NameSpace;1;1;4;0.7826;139;7;10;2;1;0.9674;491;64;21
org.gjt.sp.jedit.gui.ActionBar.complete(boolean);org.gjt.sp.jedit.gui.HistoryTextField;0;1;2;0.7500;122;4;7;1;0;0.9630;211;12;7
bsh.BSHPrimarySuffix.doProperty(boolean, Object, CallStack, Interpreter);bsh.UtilEvalError;1;0;0;1.0000;95;5;7;1;0;0.8750;14;2;0
org.gjt.sp.jedit.gui.ColorWellButton.ActionHandler.actionPerformed(ActionEvent);org.gjt.sp.jedit.GUIUtilities;0;0;0;1.0000;12;1;0;1;0;1.0000;486;55;9
bsh.This.bind(This, NameSpace, Interpreter);bsh.NameSpace;0;0;2;0.8000;79;9;2;1;0;0.9886;491;64;21
org.gjt.sp.jedit.gui.MarkerViewer.updateSelection();org.gjt.sp.jedit.View;0;0;0;0;0;0;0;0;0;0;0;0;0
org.gjt.sp.jedit.GUIUtilities.UnixWorkaround.WindowHandler.windowOpened(WindowEvent);org.gjt.sp.jedit.jEdit;2;0;0;1.0000;10;1;0;1;0;1.0000;1709;108;29
bsh.Parser.Block();bsh.ParserConstants;2;5;1;0.9837;5894;347;13;0;2;0.9859;0;0;131
org.gjt.sp.jedit.gui.ActionBar.CompletionPopup.KeyHandler.keyTyped(KeyEvent);org.gjt.sp.jedit.gui.HistoryTextField;1;0;0;1.0000;22;2;0;1;0;0.9583;211;12;7
org.gjt.sp.jedit.gui.HistoryTextField.processKeyEvent(KeyEvent);org.gjt.sp.jedit.gui.HistoryText;0;0;0;0;0;0;0;0;0;0;0;0;0
org.gjt.sp.jedit.browser.BrowserView.TableMouseHandler.mousePressed(MouseEvent);org.gjt.sp.jedit.browser.VFSDirectoryEntryTableModel.Entry;2;0;0;1.0000;58;3;0;0;1;0.8750;4;0;3
macos.Delegate.applicationOpenFiles(NSApplication, NSArray);org.gjt.sp.util.Log;1;0;0;1.0000;156;12;2;1;1;1.0000;142;9;16
org.gjt.sp.jedit.textarea.Gutter.paintLine(Graphics2D, int, int);org.gjt.sp.jedit.buffer.JEditBuffer;0;0;0;0;0;0;0;0;0;0;0;0;0
org.gjt.sp.jedit.gui.LogViewer.propertiesChanged();org.gjt.sp.jedit.jEdit;0;0;1;0.8889;53;5;4;1;0;1.0000;1709;108;29
bsh.Parser.jj_3R_217();bsh.ParserConstants;1;3;0;0.9917;5894;347;13;0;2;0.9851;0;0;131
org.gjt.sp.jedit.options.ToolBarEditDialog.ActionHandler.actionPerformed(ActionEvent);org.gjt.sp.util.Log;3;0;0;1.0000;22;1;0;1;1;1.0000;142;9;16
org.gjt.sp.jedit.pluginmgr.InstallPanel.PluginInfoBox.valueChanged(ListSelectionEvent);org.gjt.sp.jedit.pluginmgr.InstallPanel;3;0;0;1.0000;15;1;0;0;2;0.8333;71;2;5
org.gjt.sp.jedit.browser.BrowserIORequest.delete();org.gjt.sp.util.Log;1;0;4;0.7778;179;6;11;1;1;1.0000;142;9;16
org.gjt.sp.jedit.GUIUtilities.loadToolBar(ActionContext, String);org.gjt.sp.jedit.jEdit;0;1;0;1.0000;486;55;9;1;0;1.0000;1709;108;29
macos.Delegate.handleFileCodes(BufferUpdate);org.gjt.sp.jedit.msg.BufferUpdate;4;0;0;1.0000;156;12;2;1;3;0.6667;18;2;12
org.gjt.sp.jedit.SettingsReloader.maybeReload(String);org.gjt.sp.jedit.io.VFSManager;4;0;0;1.0000;30;2;0;1;0;1.0000;129;15;11
org.gjt.sp.jedit.MiscUtilities.getFileName(String);org.gjt.sp.jedit.io.VFSManager;0;0;0;1.0000;629;50;3;1;0;1.0000;129;15;11
bsh.Interpreter.eval(Reader, NameSpace, String);bsh.JJTParserState;4;5;4;0.9091;490;39;19;3;0;0.9118;74;10;5
org.gjt.sp.jedit.jEdit.removePluginJAR(PluginJAR, boolean);org.gjt.sp.jedit.msg.PluginUpdate;1;2;1;1.0000;1709;108;29;0;1;1.0000;18;2;6
gnu.regexp.RETokenWordBoundary.match(CharIndexed, REMatch);gnu.regexp.CharIndexed;3;0;4;0.8182;38;2;4;1;1;0.8182;3;3;1
org.gjt.sp.jedit.pluginmgr.InstallPanel.PluginTableModel.deselectParents(Entry);org.gjt.sp.jedit.pluginmgr.InstallPanel.Entry;0;0;0;0;0;0;0;0;0;0;0;0;0
org.gjt.sp.jedit.options.ShortcutsOptionPane.initModels();org.gjt.sp.jedit.jEdit;1;1;2;0.8000;69;6;5;1;0;1.0000;1709;108;29
LatestVersionPlugin.doVersionCheck(View, String, String);org.gjt.sp.jedit.jEdit;0;0;0;1.0000;41;2;0;3;0;1.0000;1709;108;29
org.gjt.sp.jedit.MiscUtilities.copyStream(int, ProgressObserver, InputStream, OutputStream, boolean);org.gjt.sp.util.ProgressObserver;0;0;0;0;0;0;0;0;0;0;0;0;0
org.gjt.sp.jedit.textarea.JEditTextArea.shiftTallCaretLeft(Selection.Rect);org.gjt.sp.jedit.textarea.Selection;1;2;1;0.9885;2774;208;61;0;2;0.9048;43;9;4
installer.CBZip2InputStream.recvDecodingTables();installer.BZip2Constants;1;4;7;0.8254;587;29;44;0;2;0.9091;0;0;11
bsh.Interpreter.getClassManager();bsh.NameSpace;0;0;1;0.9808;490;39;19;1;0;0.9885;491;64;21
org.gjt.sp.jedit.buffer.JEditBuffer.contentInserted(int, int, IntegerArray);org.gjt.sp.util.IntegerArray;0;0;0;0;0;0;0;0;0;0;0;0;0
org.gjt.sp.jedit.pluginmgr.PluginManager.ListUpdater.stateChanged(ChangeEvent);org.gjt.sp.jedit.pluginmgr.ManagePanel;1;0;0;1.0000;9;1;0;1;0;0.9231;46;2;4
org.gjt.sp.jedit.GUIUtilities.loadGeometry(Window, String);org.gjt.sp.jedit.jEdit;1;2;0;1.0000;486;55;9;1;0;1.0000;1709;108;29
org.gjt.sp.jedit.io.FileVFS._canonPath(Object, String, Component);org.gjt.sp.jedit.MiscUtilities;0;0;0;1.0000;193;17;1;1;0;1.0000;629;50;3
org.gjt.sp.jedit.textarea.JEditTextArea.getSelectedText(String);org.gjt.sp.jedit.textarea.Selection;0;0;2;0.9923;2774;208;61;1;0;0.9444;43;9;4
org.gjt.sp.jedit.io.UrlVFS._createOutputStream(Object, String, Component);org.gjt.sp.util.Log;1;0;0;1.0000;29;3;0;1;1;1.0000;142;9;16
org.gjt.sp.jedit.gui.FloatingWindowContainer.remove(DockableWindowManager.Entry);org.gjt.sp.jedit.gui.DockableWindowManager.Entry;1;1;0;0.9167;63;7;4;0;1;0.8889;8;0;6
org.gjt.sp.util.WorkThreadPool.waitForRequests();org.gjt.sp.util.Log;1;1;3;0.8571;174;15;14;1;1;1.0000;142;9;16
bsh.Reflect.constructObject(Class, Object[]);bsh.Types;1;1;0;1.0000;422;31;0;1;0;1.0000;98;10;4
org.gjt.sp.jedit.jEdit.setColorProperty(String, Color);org.gjt.sp.jedit.GUIUtilities;0;1;0;1.0000;1709;108;29;1;0;1.0000;486;55;9
org.gjt.sp.jedit.textarea.JEditTextArea.goToStartOfWhiteSpace(boolean);org.gjt.sp.jedit.buffer.JEditBuffer;0;0;0;0;0;0;0;0;0;0;0;0;0
org.gjt.sp.jedit.ServiceManager.getService(String, String);org.gjt.sp.jedit.PluginJAR;2;0;1;1.0000;78;8;1;0;1;0.9714;557;18;15
org.gjt.sp.jedit.jEdit.saveSettings();org.gjt.sp.jedit.Registers;1;1;3;1.0000;1709;108;29;1;0;1.0000;231;16;5
org.gjt.sp.jedit.textarea.DisplayManager.invalidateScreenLineCounts();org.gjt.sp.jedit.textarea.Anchor;0;0;0;0;0;0;0;0;0;0;0;0;0
bsh.Parser.jj_3R_66();bsh.ParserConstants;1;1;0;0.9972;5894;347;13;0;1;0.9924;0;0;131
org.gjt.sp.jedit.textarea.ChunkCache.lineToChunkList(int, List);org.gjt.sp.jedit.buffer.JEditBuffer;0;0;0;0;0;0;0;0;0;0;0;0;0
org.gjt.sp.jedit.browser.VFSBrowser.newFile();org.gjt.sp.jedit.io.VFSFile;0;0;0;0;0;0;0;0;0;0;0;0;0
org.gjt.sp.jedit.gui.FloatingWindowContainer.MouseHandler.mousePressed(MouseEvent);org.gjt.sp.jedit.gui.DockableWindowManager.Entry;3;0;1;0.8571;7;1;1;0;1;0.9286;8;0;6
org.gjt.sp.jedit.textarea.JEditTextArea.getScreenLineEndOffset(int);org.gjt.sp.jedit.textarea.ChunkCache.LineInfo;1;0;2;0.9924;2774;208;61;0;3;0.7500;0;0;8
macos.Delegate.RecentMenu.updateMenu();org.gjt.sp.jedit.BufferHistory.Entry;3;0;0;1.0000;26;1;0;0;1;0.8571;9;1;4
org.gjt.sp.jedit.jEdit.saveSettings();org.gjt.sp.jedit.Abbrevs;1;1;3;1.0000;1709;108;29;1;0;1.0000;225;15;8
org.gjt.sp.jedit.gui.CompleteWord.completeWord(View);org.gjt.sp.jedit.MiscUtilities;3;3;0;1.0000;182;8;6;1;0;1.0000;629;50;3
org.gjt.sp.jedit.ActionSet.addAction(EditAction);org.gjt.sp.jedit.ActionContext;2;0;2;0.9200;155;14;7;0;2;0.8462;41;7;3
org.gjt.sp.jedit.EditPane.loadBufferSwitcher();org.gjt.sp.jedit.jEdit;1;0;2;0.9545;273;15;7;1;0;1.0000;1709;108;29
org.gjt.sp.jedit.Abbrevs.save();org.gjt.sp.jedit.MiscUtilities;2;1;4;1.0000;225;15;8;1;0;1.0000;629;50;3
org.objectweb.asm.CodeWriter.visitIincInsn(int, int);org.objectweb.asm.ByteVector;1;0;3;0.9434;919;30;27;4;0;0.7647;139;9;2
org.gjt.sp.jedit.ServiceManager.Descriptor.getInstance();org.gjt.sp.jedit.BeanShell;1;0;3;0.7000;30;3;6;1;1;1.0000;279;22;6
bsh.LHS.assign(Object, boolean);bsh.NameSpace;0;0;12;0.6364;105;3;13;2;0;0.9796;491;64;21
org.gjt.sp.jedit.textarea.Gutter.MouseHandler.mouseDragged(MouseEvent);org.gjt.sp.jedit.textarea.JEditTextArea;2;0;1;0.9091;89;5;4;0;1;0.9962;2774;208;61
org.gjt.sp.jedit.textarea.SelectionManager.getSelectionStartAndEnd(int, int, Selection);org.gjt.sp.jedit.buffer.JEditBuffer;0;0;0;0;0;0;0;0;0;0;0;0;0
org.gjt.sp.jedit.browser.VFSBrowser.filesActivated(int, boolean);org.gjt.sp.jedit.io.VFSFile;0;0;0;0;0;0;0;0;0;0;0;0;0
bsh.BSHForStatement.eval(CallStack, Interpreter);bsh.ReturnControl;3;0;7;0.6111;42;1;8;0;1;0.9474;5;0;3
bsh.Parser.AndExpression();bsh.ParserConstants;4;5;2;0.9810;5894;347;13;0;2;0.9860;0;0;131
org.gjt.sp.jedit.gui.CompleteWord.getCompletions(Buffer, String, KeywordMap, String, int, Set);org.gjt.sp.jedit.syntax.KeywordMap;1;1;0;1.0000;182;8;6;1;1;0.8824;76;8;4
org.gjt.sp.jedit.textarea.DisplayManager.setScreenLineCount(int, int);org.gjt.sp.jedit.textarea.ScreenLineManager;0;0;0;0;0;0;0;0;0;0;0;0;0
org.gjt.sp.jedit.buffer.JEditBuffer.setFoldHandler(FoldHandler);org.gjt.sp.jedit.buffer.FoldHandler;0;0;0;0;0;0;0;0;0;0;0;0;0
org.gjt.sp.jedit.options.BrowserColorsOptionPane.ActionHandler.actionPerformed(ActionEvent);org.gjt.sp.jedit.options.BrowserColorsOptionPane;1;0;0;1.0000;27;1;0;2;6;0.4667;58;4;6
org.gjt.sp.jedit.search.SearchBar.propertiesChanged();org.gjt.sp.jedit.jEdit;0;0;2;0.8750;130;6;10;1;0;1.0000;1709;108;29
org.gjt.sp.jedit.browser.VFSDirectoryEntryTable.resizeColumns();org.gjt.sp.jedit.io.VFSFile;0;0;0;0;0;0;0;0;0;0;0;0;0
org.gjt.sp.jedit.View.handleBufferUpdate(BufferUpdate);org.gjt.sp.jedit.EditPane;2;2;0;0.9692;679;41;39;0;1;0.9615;273;15;7
gnu.regexp.RE.initialize(Object, int, RESyntax, int, int);gnu.regexp.RETokenRepeated;7;6;7;0.8824;615;37;13;1;1;0.9167;120;5;4
org.gjt.sp.jedit.Buffer.recoverAutosave(View);org.gjt.sp.jedit.io.VFSManager;1;0;1;0.9939;1798;136;53;1;1;1.0000;129;15;11
org.gjt.sp.jedit.gui.HistoryTextArea.addCurrentToHistory();org.gjt.sp.jedit.gui.HistoryText;0;0;0;0;0;0;0;0;0;0;0;0;0
org.gjt.sp.jedit.textarea.BufferHandler.preContentRemoved(JEditBuffer, int, int, int, int);org.gjt.sp.jedit.textarea.Anchor;0;0;0;0;0;0;0;0;0;0;0;0;0
org.gjt.sp.jedit.pluginmgr.ManagePanel.HelpButton.valueChanged(ListSelectionEvent);org.gjt.sp.jedit.pluginmgr.ManagePanel.PluginTableModel;4;0;1;0.9091;30;2;1;1;0;0.9615;153;15;2
org.gjt.sp.jedit.search.SearchBar.ActionHandler.actionPerformed(ActionEvent);org.gjt.sp.jedit.View;2;0;0;1.0000;18;1;0;1;1;0.9722;679;41;39
bsh.BSHAllocationExpression.constructWithInterfaceBody(Class, Object[], BSHBlock, CallStack, Interpreter);bsh.This;0;0;0;1.0000;119;9;1;1;0;0.9375;79;9;2
org.gjt.sp.jedit.browser.VFSBrowser.setDirectory(String);org.gjt.sp.jedit.browser.BrowserView;0;2;3;0.9107;542;33;34;2;0;0.9231;139;12;7
org.gjt.sp.jedit.help.HelpTOCPanel.PluginCompare.compare(Object, Object);org.gjt.sp.jedit.EditPlugin;0;0;0;1.0000;5;1;0;1;0;0.8750;42;7;1
org.gjt.sp.jedit.MiscUtilities.constructPath(String, String);org.gjt.sp.jedit.io.VFS;0;4;0;1.0000;629;50;3;1;0;0.9667;191;26;17
bsh.Reflect.resolveJavaMethod(BshClassManager, Class, String, Class[], boolean);bsh.StringUtil;1;2;0;1.0000;422;31;0;1;0;1.0000;44;5;0
org.gjt.sp.jedit.MiscUtilities.constructPath(String, String);org.gjt.sp.jedit.OperatingSystem;0;4;0;1.0000;629;50;3;1;0;1.0000;122;13;11
bsh.Parser.AmbiguousName();bsh.BSHAmbiguousName;4;4;1;0.9864;5894;347;13;0;1;0.9500;42;7;1
bsh.Parser.PreIncrementExpression();bsh.BSHUnaryExpression;4;4;1;0.9864;5894;347;13;0;1;0.9412;50;4;2
org.gjt.sp.jedit.EditPane.goToPrevMarker(boolean);org.gjt.sp.jedit.Marker;0;0;0;0;0;0;0;0;0;0;0;0;0
org.gjt.sp.jedit.textarea.JEditTextArea.formatParagraph();org.gjt.sp.jedit.buffer.JEditBuffer;0;0;0;0;0;0;0;0;0;0;0;0;0
QuickNotepadOptionPane.actionPerformed(ActionEvent);org.gjt.sp.jedit.GUIUtilities;0;0;1;0.8333;47;4;3;1;0;1.0000;486;55;9
bsh.Parser.BreakStatement();bsh.ParserConstants;3;4;2;0.9837;5894;347;13;0;3;0.9787;0;0;131
org.gjt.sp.jedit.jEdit.getViews();org.gjt.sp.jedit.View;1;0;2;1.0000;1709;108;29;0;1;0.9841;679;41;39
org.gjt.sp.jedit.jEdit.initSiteProperties();org.gjt.sp.jedit.MiscUtilities;1;0;2;1.0000;1709;108;29;2;0;1.0000;629;50;3
org.gjt.sp.jedit.textarea.JEditTextArea.updateStructureHighlight();org.gjt.sp.jedit.textarea.TextAreaPainter;3;3;7;0.9624;2774;208;61;0;1;0.9861;269;31;36
org.gjt.sp.jedit.jEdit.removePluginProps(Properties);org.gjt.sp.jedit.PropertyManager;0;0;1;1.0000;1709;108;29;1;0;0.9474;79;15;4
org.gjt.sp.jedit.help.HistoryButton.setEnabled(boolean);org.gjt.sp.jedit.gui.RolloverButton;0;0;0;0;0;0;0;0;0;0;0;0;0
bsh.ClassGeneratorUtil.generateConstructor(int, String[], int, ClassWriter);org.objectweb.asm.ClassWriter;1;3;1;0.9231;457;21;19;1;0;0.9811;305;21;49
org.gjt.sp.jedit.browser.VFSFileChooserDialog.ok();org.gjt.sp.jedit.MiscUtilities;2;1;4;0.7500;155;5;7;1;0;1.0000;629;50;3
bsh.Interpreter.eval(Reader, NameSpace, String);bsh.CallStack;4;5;4;0.9091;490;39;19;3;0;0.9063;52;11;1
org.gjt.sp.jedit.textarea.JEditTextArea.isEditable();org.gjt.sp.jedit.buffer.JEditBuffer;0;0;0;0;0;0;0;0;0;0;0;0;0
org.gjt.sp.jedit.EditPane.goToPrevMarker(boolean);org.gjt.sp.jedit.textarea.JEditTextArea;0;0;0;0;0;0;0;0;0;0;0;0;0
org.gjt.sp.jedit.io.VFS.copy(ProgressObserver, VFS, Object, String, VFS, Object, String, Component, boolean);org.gjt.sp.jedit.io.VFSFile;0;0;0;0;0;0;0;0;0;0;0;0;0
installer.TarInputStream.close();installer.TarBuffer;0;0;1;0.9600;159;13;9;1;0;0.9630;162;11;11
bsh.Parser.MethodDeclaration();bsh.ParserConstants;5;10;2;0.9687;5894;347;13;0;13;0.9145;0;0;131
bsh.ClassGeneratorUtil.generateMethod(String, String, String, String, String[], int, ClassWriter);org.objectweb.asm.Type;1;3;3;1.0000;457;21;19;2;0;1.0000;317;20;24
org.gjt.sp.jedit.search.SearchDialog.setSearchString(String, int);org.gjt.sp.jedit.jEdit;2;1;13;0.7500;431;17;30;1;0;1.0000;1709;108;29
bsh.Primitive.unaryOperation(Primitive, int);bsh.ParserConstants;1;8;2;0.9091;506;35;5;0;2;0.9850;0;0;131
com.microstar.xml.XmlParser.parsePI();com.microstar.xml.XmlHandler;0;5;1;0.9608;2091;113;92;1;0;0.9474;13;13;0
org.gjt.sp.jedit.gui.HistoryTextArea.setText(String);org.gjt.sp.jedit.gui.HistoryText;0;0;0;0;0;0;0;0;0;0;0;0;0
org.gjt.sp.jedit.PluginJAR.uninit(boolean);org.gjt.sp.jedit.ServiceManager;3;1;8;0.7273;557;18;15;1;0;1.0000;78;8;1
org.gjt.sp.jedit.textarea.JEditTextArea.FocusHandler.focusLost(FocusEvent);org.gjt.sp.jedit.textarea.StructureMatcher.Match;2;0;0;1.0000;17;2;0;0;2;0.8182;12;0;5
bsh.NameSpace.getClassManager();bsh.BshClassManager;0;1;3;0.9765;491;64;21;1;0;1.0000;176;32;9
org.gjt.sp.jedit.PerspectiveManager.savePerspective(boolean);org.gjt.sp.jedit.MiscUtilities;4;0;0;1.0000;135;3;1;2;0;1.0000;629;50;3
org.gjt.sp.jedit.gui.PanelWindowContainer.DockBorder.paintBorder(Component, Graphics, int, int, int, int);org.gjt.sp.jedit.gui.PanelWindowContainer;2;3;4;0.3636;60;6;5;0;1;1.0000;163;12;15
bsh.Parser.jj_3R_133();bsh.ParserConstants;1;2;0;0.9945;5894;347;13;0;2;0.9850;0;0;131
org.gjt.sp.jedit.textarea.Gutter.addExtension(TextAreaExtension);org.gjt.sp.jedit.textarea.ExtensionManager;0;0;2;0.9762;266;20;25;1;0;0.8750;75;6;1
org.gjt.sp.jedit.View.setEditPane(EditPane);org.gjt.sp.jedit.msg.ViewUpdate;1;1;2;0.9538;679;41;39;0;1;1.0000;14;2;4
org.gjt.sp.jedit.jEdit.initProxy();org.gjt.sp.util.Log;1;2;0;1.0000;1709;108;29;1;1;1.0000;142;9;16
org.gjt.sp.jedit.gui.RegisterViewer.removeNotify();org.gjt.sp.jedit.EditBus;0;0;0;0;0;0;0;0;0;0;0;0;0
org.gjt.sp.jedit.pluginmgr.ManagePanel.PluginTableModel.getValueAt(int, int);org.gjt.sp.jedit.jEdit;1;0;1;0.9524;153;15;2;1;0;1.0000;1709;108;29
org.gjt.sp.jedit.JARClassLoader.getResource(String);org.gjt.sp.util.Log;1;1;1;0.8571;143;11;6;1;1;1.0000;142;9;16
org.objectweb.asm.CodeWriter.resizeInstructions(int[], int[], int);org.objectweb.asm.ByteVector;3;5;4;0.9322;919;30;27;4;2;0.7273;139;9;2
bsh.BSHAllocationExpression.constructWithClassBody(Class, Object[], BSHBlock, CallStack, Interpreter);bsh.UtilEvalError;2;0;1;1.0000;119;9;1;1;0;0.8750;14;2;0
bsh.This.invokeMethod(String, Object[], Interpreter, CallStack, SimpleNode, boolean);bsh.StringUtil;3;1;2;0.7500;79;9;2;1;0;1.0000;44;5;0
org.gjt.sp.jedit.options.StyleTableModel.StyleRenderer.getTableCellRendererComponent(JTable, Object, boolean, boolean, int, int);org.gjt.sp.jedit.jEdit;2;0;0;1.0000;18;1;0;1;0;1.0000;1709;108;29
bsh.ParserTokenManager.getNextToken();bsh.JavaCharStream;2;2;7;0.8906;1699;47;25;6;0;0.8909;331;25;17
org.gjt.sp.jedit.jEdit.reloadModes();org.gjt.sp.jedit.MiscUtilities;2;2;4;1.0000;1709;108;29;2;0;1.0000;629;50;3
bsh.BSHImportDeclaration.eval(CallStack, Interpreter);bsh.CallStack;2;0;3;0.7692;27;1;3;1;0;0.9600;52;11;1
org.gjt.sp.jedit.pluginmgr.InstallPanel.PluginTableModel.setValueAt(Object, int, int);org.gjt.sp.jedit.pluginmgr.PluginList.Plugin;4;2;1;0.9167;151;13;2;1;0;0.9545;50;6;5
bsh.Parser.PrimitiveType();bsh.ParserTreeConstants;3;4;2;0.9839;5894;347;13;0;1;0.9821;0;0;39
org.gjt.sp.jedit.textarea.JEditTextArea.rangeComment();org.gjt.sp.jedit.textarea.Selection;1;3;2;0.9815;2774;208;61;0;4;0.8621;43;9;4
org.gjt.sp.jedit.textarea.JEditTextArea.updateStructureHighlight();org.gjt.sp.jedit.textarea.StructureMatcher;3;3;7;0.9624;2774;208;61;1;0;0.9474;2;2;0
org.gjt.sp.jedit.textarea.JEditTextArea.joinLines();org.gjt.sp.jedit.buffer.JEditBuffer;0;0;0;0;0;0;0;0;0;0;0;0;0
org.gjt.sp.jedit.search.SearchDialog.save(boolean);org.gjt.sp.jedit.GUIUtilities;3;0;17;0.6383;431;17;30;1;0;1.0000;486;55;9
org.gjt.sp.jedit.textarea.TextAreaPainter.paint(Graphics);org.gjt.sp.jedit.textarea.JEditTextArea;0;0;0;0;0;0;0;0;0;0;0;0;0
org.gjt.sp.jedit.options.ToolBarOptionPane._init();org.gjt.sp.jedit.EditAction;0;1;9;0.2308;100;3;9;1;0;0.9500;36;10;1
org.gjt.sp.jedit.jEdit.addPluginJARsFromDirectory(String);org.gjt.sp.jedit.MiscUtilities;1;2;0;1.0000;1709;108;29;1;0;1.0000;629;50;3
bsh.Parser.jj_3R_40();bsh.ParserConstants;1;2;0;0.9945;5894;347;13;0;2;0.9850;0;0;131
org.gjt.sp.jedit.buffer.BufferAutosaveRequest.run();org.gjt.sp.jedit.io.VFS;0;0;0;0;0;0;0;0;0;0;0;0;0
bsh.Parser.jj_scan_token(int);bsh.Token;1;0;5;0.9863;5894;347;13;0;2;0.8571;9;1;8
org.gjt.sp.jedit.textarea.RangeMap.put(int, int, int[]);org.gjt.sp.jedit.Debug;0;0;0;0;0;0;0;0;0;0;0;0;0
org.gjt.sp.jedit.syntax.TokenMarker.markKeyword(boolean);gnu.regexp.RE;3;0;6;0.7931;352;10;13;1;0;0.9811;615;37;13
org.gjt.sp.jedit.MiscUtilities.resolveSymlinks(String);org.gjt.sp.jedit.OperatingSystem;0;1;0;1.0000;629;50;3;2;0;1.0000;122;13;11
org.gjt.sp.jedit.textarea.TextAreaPainter.PaintText.paintValidLine(Graphics2D, int, int, int, int, int);org.gjt.sp.jedit.textarea.ChunkCache;7;0;0;1.0000;50;1;0;1;0;0.9839;333;25;9
org.gjt.sp.jedit.io.FileVFS.getParentOfPath(String);org.gjt.sp.jedit.io.FileRootsVFS;1;0;0;1.0000;193;17;1;0;1;1.0000;59;4;7
org.gjt.sp.jedit.options.ShortcutsOptionPane._save();org.gjt.sp.jedit.Macros;0;0;2;0.8333;69;6;5;1;0;1.0000;232;21;6
org.gjt.sp.jedit.search.SearchAndReplace.replaceOne(View, Buffer, SearchMatcher.Match, int, String, boolean);org.gjt.sp.jedit.buffer.JEditBuffer;0;0;0;0;0;0;0;0;0;0;0;0;0
org.gjt.sp.jedit.TextUtilities.getTokenAtOffset(Token, int);org.gjt.sp.jedit.syntax.Token;1;0;0;1.0000;343;14;8;0;5;0.4286;21;3;27
org.gjt.sp.jedit.Registers.append(JEditTextArea, char, String, boolean);org.gjt.sp.jedit.textarea.JEditTextArea;0;2;0;1.0000;231;16;5;3;0;0.9885;2774;208;61
org.gjt.sp.jedit.textarea.JEditTextArea.goToPrevCharacter(boolean);org.gjt.sp.jedit.textarea.Selection.Rect;2;7;4;0.9580;2774;208;61;0;2;0.9310;208;9;2
org.gjt.sp.jedit.buffer.JEditBuffer.fireFoldHandlerChanged();org.gjt.sp.util.Log;0;0;0;0;0;0;0;0;0;0;0;0;0
org.gjt.sp.jedit.gui.IOProgressMonitor.updateCaption();org.gjt.sp.util.WorkThreadPool;2;0;1;0.8571;30;3;3;0;1;0.9667;174;15;14
org.gjt.sp.jedit.browser.VFSDirectoryEntryTableModel.getColumnWidth(int);org.gjt.sp.jedit.jEdit;0;0;0;0;0;0;0;0;0;0;0;0;0
bsh.JJTParserState.openNodeScope(Node);bsh.Node;0;0;3;0.8125;74;10;5;1;0;0.9000;7;7;0
bsh.BSHClassDeclaration.eval(CallStack, Interpreter);bsh.ClassGenerator;2;0;5;0.6429;29;2;6;2;0;0.9286;15;4;1
org.gjt.sp.jedit.browser.BrowserView.ParentDirectoryRenderer.getListCellRendererComponent(JList, Object, int, boolean, boolean);org.gjt.sp.jedit.browser.FileCellRenderer;3;0;2;0.6000;22;1;2;0;1;1.0000;83;6;12
org.gjt.sp.jedit.textarea.JEditTextArea.goToStartOfLine(boolean);org.gjt.sp.jedit.textarea.Selection;1;5;3;0.9691;2774;208;61;0;1;0.9583;43;9;4
org.gjt.sp.jedit.jEdit.addPluginJAR(String);org.gjt.sp.jedit.EditBus;1;2;1;1.0000;1709;108;29;1;0;1.0000;44;4;2
bsh.BSHAmbiguousName.toClass(CallStack, Interpreter);bsh.CallStack;0;1;0;0.9091;42;7;1;1;0;0.9412;52;11;1
installer.InstallThread.run();installer.Progress;1;1;5;0.5385;46;2;6;3;0;0.7500;4;4;0
org.objectweb.asm.ClassWriter.visitInnerClass(String, String, String, int);org.objectweb.asm.Item;1;2;2;0.9070;305;21;49;0;1;0.9583;76;6;11
bsh.BSHForStatement.eval(CallStack, Interpreter);bsh.Primitive;3;0;7;0.6111;42;1;8;0;1;1.0000;506;35;5
bsh.ClassGeneratorUtil.generateClass();bsh.Variable;4;6;13;0.6250;457;21;19;1;3;0.8947;50;4;8
org.gjt.sp.jedit.BeanShell.setupDefaultVariables(NameSpace, View);bsh.NameSpace;2;0;0;1.0000;279;22;6;1;0;0.9889;491;64;21
org.gjt.sp.jedit.pluginmgr.PluginList.Plugin.getInstalledVersion();org.gjt.sp.jedit.EditPlugin;1;0;1;0.9231;50;6;5;1;0;0.9091;42;7;1
org.gjt.sp.jedit.buffer.JEditBuffer.createBracketIndentRules(String);org.gjt.sp.util.Log;0;0;0;0;0;0;0;0;0;0;0;0;0
org.gjt.sp.jedit.pluginmgr.MirrorListHandler.endElement(String);org.gjt.sp.jedit.pluginmgr.MirrorList.Mirror;1;1;7;0.6923;67;11;9;0;5;0.6429;0;0;6
org.gjt.sp.jedit.gui.ActionBar.CompletionPopup.KeyHandler.keyPressed(KeyEvent);org.gjt.sp.jedit.gui.HistoryTextField;2;0;0;1.0000;22;2;0;1;0;0.9615;211;12;7
bsh.Reflect.resolveJavaMethod(BshClassManager, Class, String, Class[], boolean);bsh.Interpreter;1;2;0;1.0000;422;31;0;1;1;1.0000;490;39;19
org.gjt.sp.jedit.gui.ActionBar.goToActionBar();org.gjt.sp.jedit.gui.HistoryTextField;2;0;3;0.7692;122;4;7;1;0;0.9643;211;12;7
org.gjt.sp.jedit.gui.PanelWindowContainer.show(DockableWindowManager.Entry);org.gjt.sp.jedit.gui.DockablePanel;0;0;0;0;0;0;0;0;0;0;0;0;0
bsh.BSHAllocationExpression.objectAllocation(BSHAmbiguousName, BSHArguments, CallStack, Interpreter);bsh.BSHAmbiguousName;2;3;0;0.8125;119;9;1;1;1;0.8824;42;7;1
org.gjt.sp.jedit.syntax.DisplayTokenHandler.createChunk(byte, int, int, TokenMarker.LineContext);org.gjt.sp.jedit.syntax.TokenMarker.LineContext;3;0;1;0.9412;86;6;11;0;1;0.9231;43;5;5
org.gjt.sp.jedit.search.HyperSearchRequest.doHyperSearch(Buffer);org.gjt.sp.jedit.buffer.JEditBuffer;0;0;0;0;0;0;0;0;0;0;0;0;0
org.gjt.sp.jedit.textarea.JEditTextArea._finishCaretUpdate();org.gjt.sp.jedit.buffer.JEditBuffer;0;0;0;0;0;0;0;0;0;0;0;0;0
org.gjt.sp.jedit.textarea.JEditTextArea.insertTabAndIndent();org.gjt.sp.jedit.buffer.JEditBuffer;0;0;0;0;0;0;0;0;0;0;0;0;0
bsh.Types.castObject(Class, Class, Object, int, boolean);bsh.This;1;1;2;1.0000;98;10;4;1;0;0.9000;79;9;2
org.gjt.sp.jedit.EditPane.close();org.gjt.sp.jedit.textarea.JEditTextArea;1;1;1;0.9091;273;15;7;1;0;0.9962;2774;208;61
bsh.This.invokeMethod(String, Object[], Interpreter, CallStack, SimpleNode, boolean);bsh.NameSpace;3;1;2;0.7500;79;9;2;2;1;0.9667;491;64;21
org.gjt.sp.jedit.gui.ActionBar.goToActionBar();org.gjt.sp.jedit.View;2;0;3;0.7692;122;4;7;0;1;0.9853;679;41;39
org.gjt.sp.jedit.gui.DockableWindowManager.propertiesChanged();org.gjt.sp.jedit.View;3;1;12;0.8108;447;27;16;0;1;0.9865;679;41;39
bsh.Parser.ConditionalOrExpression();bsh.ParserConstants;4;5;2;0.9810;5894;347;13;0;2;0.9860;0;0;131
org.gjt.sp.jedit.textarea.Selection.Rect.contentInserted(JEditBuffer, int, int, int, int);org.gjt.sp.jedit.buffer.JEditBuffer;0;0;0;0;0;0;0;0;0;0;0;0;0
org.gjt.sp.jedit.gui.StatusBar.removeNotify();org.gjt.sp.jedit.io.VFSManager;1;0;0;1.0000;261;11;26;0;1;1.0000;129;15;11
bsh.ParserTokenManager.jjMoveStringLiteralDfa23_0(long, long);bsh.JavaCharStream;0;3;2;0.9123;1699;47;25;1;0;0.9804;331;25;17
org.gjt.sp.jedit.gui.CompleteWord.MouseHandler.mouseClicked(MouseEvent);org.gjt.sp.jedit.gui.CompleteWord;0;0;0;1.0000;3;1;0;1;0;0.8889;182;8;6
org.gjt.sp.jedit.browser.VFSBrowser.mkdir();org.gjt.sp.jedit.io.VFS;2;2;1;0.9474;542;33;34;2;0;0.9429;191;26;17
org.gjt.sp.jedit.gui.StatusBar.MemoryStatus.MouseHandler.mousePressed(MouseEvent);org.gjt.sp.jedit.jEdit;1;0;0;1.0000;6;1;0;1;0;1.0000;1709;108;29
org.gjt.sp.jedit.jEdit.initPlugins();org.gjt.sp.jedit.PluginJAR;0;2;2;1.0000;1709;108;29;1;0;0.9688;557;18;15
org.gjt.sp.jedit.buffer.BufferIORequest.autodetect(InputStream);org.gjt.sp.jedit.Buffer;3;0;9;0.9545;509;11;25;4;3;0.9756;1798;136;53
org.gjt.sp.jedit.View.processKeyEvent(KeyEvent, int);org.gjt.sp.jedit.gui.KeyEventTranslator;3;2;6;0.9048;679;41;39;1;0;1.0000;168;7;5
org.gjt.sp.jedit.help.HelpViewer.LinkHandler.hyperlinkUpdate(HyperlinkEvent);org.gjt.sp.jedit.help.HelpViewer;1;0;0;1.0000;17;1;0;1;1;0.8889;143;4;11
org.gjt.sp.jedit.search.SearchDialog.synchronizeMultiFileSettings();org.gjt.sp.jedit.gui.HistoryTextField;3;0;3;0.9333;431;17;30;1;0;0.9667;211;12;7
org.gjt.sp.jedit.PluginJAR.uninit(boolean);org.gjt.sp.jedit.BeanShell;3;1;8;0.7273;557;18;15;1;0;1.0000;279;22;6
org.gjt.sp.jedit.textarea.SelectionManager.insideSelection(int, int);org.gjt.sp.jedit.textarea.JEditTextArea;0;0;0;0;0;0;0;0;0;0;0;0;0
org.gjt.sp.jedit.browser.VFSBrowser.filesSelected();org.gjt.sp.jedit.browser.BrowserView;2;0;5;0.9286;542;33;34;1;0;0.9615;139;12;7
org.gjt.sp.jedit.options.ToolBarOptionPane._init();org.gjt.sp.jedit.jEdit;0;1;9;0.2308;100;3;9;3;0;1.0000;1709;108;29
org.gjt.sp.jedit.search.SearchBar.find(boolean);org.gjt.sp.jedit.search.SearchDialog;5;1;5;0.7778;130;6;10;1;1;1.0000;431;17;30
bsh.ClassGeneratorUtil.generateConstructorSwitch(int, int, int, CodeVisitor);bsh.DelayedEvalBshMethod;3;2;7;0.8000;457;21;19;0;1;0.9643;32;2;6
bsh.Parser.jj_3_19();bsh.ParserConstants;1;2;0;0.9945;5894;347;13;0;2;0.9850;0;0;131
bsh.Parser.jj_3R_122();bsh.ParserConstants;1;3;0;0.9918;5894;347;13;0;3;0.9776;0;0;131
org.gjt.sp.jedit.gui.DockablePanel.ResizeMouseHandler.getAppropriateCursor();org.gjt.sp.jedit.gui.PanelWindowContainer;0;0;0;0;0;0;0;0;0;0;0;0;0
bsh.BSHBinaryExpression.eval(CallStack, Interpreter);bsh.Primitive;2;2;1;0.8333;55;3;1;2;2;0.9722;506;35;5
gnu.regexp.RE.initialize(Object, int, RESyntax, int, int);gnu.regexp.RETokenPOSIX;7;6;7;0.8824;615;37;13;1;3;1.0000;68;4;16
org.gjt.sp.jedit.textarea.DisplayManager.hideLineRange(int, int);org.gjt.sp.jedit.textarea.ScreenLineManager;0;0;0;0;0;0;0;0;0;0;0;0;0
org.gjt.sp.jedit.gui.PasteFromListDialog.ok();org.gjt.sp.jedit.gui.MutableListModel;0;0;0;0;0;0;0;0;0;0;0;0;0
org.gjt.sp.jedit.gui.CloseDialog.ListHandler.valueChanged(ListSelectionEvent);org.gjt.sp.jedit.jEdit;1;0;0;1.0000;6;1;0;1;0;1.0000;1709;108;29
org.gjt.sp.jedit.gui.DockableWindowManager.getRegisteredDockableWindows();org.gjt.sp.jedit.gui.DockableWindowFactory;0;0;0;0;0;0;0;0;0;0;0;0;0
org.objectweb.asm.Item.set(int);org.objectweb.asm.ClassWriter;1;0;3;0.8333;76;6;11;0;1;1.0000;305;21;49
org.gjt.sp.jedit.textarea.JEditTextArea.processKeyEvent(KeyEvent);org.gjt.sp.jedit.View;1;0;1;0.9961;2774;208;61;1;1;0.9844;679;41;39
org.gjt.sp.jedit.ActionSet.removeAllActions();org.gjt.sp.jedit.ActionContext;1;1;2;0.8750;155;14;7;0;2;0.8462;41;7;3
org.gjt.sp.jedit.search.SearchAndReplace.find(View);org.gjt.sp.jedit.View;4;4;4;1.0000;537;32;11;4;1;0.9306;679;41;39
org.gjt.sp.jedit.search.HyperSearchResults.MouseHandler.mousePressed(MouseEvent);org.gjt.sp.jedit.search.HyperSearchResults;1;1;0;0.8333;21;2;1;1;2;0.8571;146;10;9
org.gjt.sp.jedit.pluginmgr.Roster.Install.runInAWTThread(Component);org.gjt.sp.jedit.pluginmgr.Roster.Remove;2;1;3;0.6667;112;5;5;1;0;0.9000;49;4;1
bsh.Parser.DoStatement();bsh.BSHWhileStatement;3;5;1;0.9839;5894;347;13;0;1;0.9474;35;1;1
org.gjt.sp.jedit.browser.BrowserView.directoryLoaded(Object, String, ArrayList);org.gjt.sp.jedit.io.VFSFile;0;0;0;0;0;0;0;0;0;0;0;0;0
org.gjt.sp.jedit.BufferHistory.addEntry(Entry);org.gjt.sp.jedit.jEdit;0;0;1;1.0000;189;9;3;1;0;1.0000;1709;108;29
gnu.regexp.RE.getMatchImpl(CharIndexed, int, int, StringBuffer);gnu.regexp.CharIndexed;2;1;2;0.9388;615;37;13;2;1;0.7500;3;3;1
org.gjt.sp.jedit.textarea.JEditTextArea.goToPrevCharacter(boolean);org.gjt.sp.jedit.textarea.Selection;2;7;4;0.9580;2774;208;61;0;1;0.9667;43;9;4
org.gjt.sp.jedit.search.SearchAndReplace.find(View, Buffer, int, boolean, boolean);org.gjt.sp.jedit.View;1;1;0;1.0000;537;32;11;2;0;0.9718;679;41;39
installer.TarEntry.setSize(long);installer.TarHeader;1;0;1;0.9697;216;28;2;0;1;0.9444;106;8;36
bsh.BSHEnhancedForStatement.eval(CallStack, Interpreter);bsh.CallStack;3;0;1;0.9474;56;1;1;2;0;0.9333;52;11;1
org.gjt.sp.jedit.options.AbbrevsOptionPane.HeaderMouseHandler.mouseClicked(MouseEvent);org.gjt.sp.jedit.options.AbbrevsModel;1;0;0;1.0000;10;1;0;1;0;0.9286;71;10;2
org.gjt.sp.jedit.search.SearchAndReplace.replaceAll(View);org.gjt.sp.jedit.search.SearchFileSet;3;5;2;1.0000;537;32;11;3;0;0.7857;5;5;0
org.gjt.sp.jedit.jEdit.addBufferToList(Buffer);org.gjt.sp.jedit.Buffer;3;0;8;1.0000;1709;108;29;2;5;0.9573;1798;136;53
org.gjt.sp.jedit.JARClassLoader._loadClass(String, boolean);org.gjt.sp.jedit.MiscUtilities;1;0;1;0.9333;143;11;6;1;0;1.0000;629;50;3
org.objectweb.asm.CodeWriter.visitTryCatchBlock(Label, Label, Label, String);org.objectweb.asm.ByteVector;2;0;6;0.9123;919;30;27;1;0;0.9615;139;9;2
org.gjt.sp.jedit.options.GeneralOptionPane._save();org.gjt.sp.jedit.jEdit;0;0;15;0.1176;116;2;15;2;0;1.0000;1709;108;29
org.gjt.sp.jedit.io.FileRootsVFS.listRoots();org.gjt.sp.jedit.OperatingSystem;1;0;2;1.0000;59;4;7;1;0;1.0000;122;13;11
org.gjt.sp.jedit.options.FirewallOptionPane._save();org.gjt.sp.jedit.jEdit;0;0;9;0.1818;38;2;9;2;0;1.0000;1709;108;29
org.objectweb.asm.CodeWriter.visitMultiANewArrayInsn(String, int);org.objectweb.asm.ClassWriter;2;0;4;0.9245;919;30;27;1;0;0.9800;305;21;49
org.gjt.sp.jedit.pluginmgr.InstallPanel.PluginTableModel.getValueAt(int, int);org.gjt.sp.jedit.pluginmgr.InstallPanel;1;0;1;0.9500;151;13;2;1;0;0.9286;71;2;5
org.gjt.sp.jedit.BeanShell._runScript(View, String, Reader, NameSpace);org.gjt.sp.util.Log;1;4;2;1.0000;279;22;6;1;2;1.0000;142;9;16
org.gjt.sp.jedit.EditAction.getMouseOverText();org.gjt.sp.jedit.jEdit;0;0;1;0.8889;36;10;1;1;0;1.0000;1709;108;29
org.gjt.sp.jedit.pluginmgr.Roster.Install.download(PluginManagerProgress, String, String);org.gjt.sp.jedit.MiscUtilities;1;1;0;0.9000;112;5;5;1;0;1.0000;629;50;3
bsh.BSHTryStatement.eval(CallStack, Interpreter);bsh.BSHFormalParameter;3;0;0;1.0000;68;1;0;1;3;0.8125;12;2;3
installer.InstallThread.installComponent(String);installer.TarInputStream;0;0;3;0.7692;46;2;6;2;0;0.9355;159;13;9
macos.MacOSOptionPane._init();org.gjt.sp.jedit.jEdit;0;1;3;0.4286;27;3;3;1;0;1.0000;1709;108;29
bsh.ClassGeneratorUtil.initInstance(Object, String, Object[]);bsh.NameSpace;3;3;2;1.0000;457;21;19;4;1;0.9468;491;64;21
org.gjt.sp.jedit.options.PluginOptions.createOptionTreeModel();org.gjt.sp.util.Log;3;0;1;0.9231;49;1;1;1;1;1.0000;142;9;16
org.gjt.sp.jedit.View._preprocessKeyEvent(KeyEvent);org.gjt.sp.jedit.gui.KeyEventWorkaround;0;0;1;0.9839;679;41;39;1;0;1.0000;161;2;6
org.gjt.sp.jedit.search.SearchDialog.synchronizeMultiFileSettings();org.gjt.sp.jedit.search.AllBufferSet;3;0;3;0.9333;431;17;30;0;1;0.9000;26;2;1
org.gjt.sp.jedit.Macros.recordTemporaryMacro(View);org.gjt.sp.jedit.buffer.JEditBuffer;0;0;0;0;0;0;0;0;0;0;0;0;0
bsh.ClassGeneratorUtil.generateClass();bsh.BshMethod;4;6;13;0.6250;457;21;19;1;2;0.9333;139;7;10
org.gjt.sp.jedit.gui.PanelWindowContainer.DockBorder.paintBorder(Component, Graphics, int, int, int, int);org.gjt.sp.jedit.gui.DockableWindowManager;2;3;4;0.3636;60;6;5;0;4;1.0000;447;27;16
org.gjt.sp.jedit.pluginmgr.Roster.performOperationsInWorkThread(PluginManagerProgress);org.gjt.sp.jedit.pluginmgr.PluginManagerProgress;0;0;1;0.9167;65;9;3;1;0;0.9167;58;2;7
bsh.Parser.MethodInvocation();bsh.JJTParserState;1;4;1;0.9863;5894;347;13;4;0;0.8182;74;10;5
org.gjt.sp.jedit.gui.EnhancedButton.MouseHandler.mouseEntered(MouseEvent);org.gjt.sp.jedit.GUIUtilities;2;0;1;0.8333;19;3;1;1;0;1.0000;486;55;9
org.gjt.sp.jedit.textarea.JEditTextArea.selectBlock();org.gjt.sp.jedit.textarea.Selection;1;5;3;0.9693;2774;208;61;0;2;0.9200;43;9;4
org.gjt.sp.jedit.jEdit.exit(View, boolean);org.gjt.sp.jedit.PerspectiveManager;1;5;4;1.0000;1709;108;29;1;0;1.0000;135;3;1
org.gjt.sp.jedit.textarea.TextAreaTransferHandler.exportDone(JComponent, Transferable, int);org.gjt.sp.util.Log;0;0;0;0;0;0;0;0;0;0;0;0;0
bsh.Name.consumeNextObjectField(CallStack, Interpreter, boolean, boolean);bsh.This;5;7;5;0.7600;341;17;9;0;1;0.9524;79;9;2
org.gjt.sp.jedit.buffer.BufferChangeListener.Adapter.contentRemoved(JEditBuffer, int, int, int, int);org.gjt.sp.jedit.buffer.BufferChangeListener;0;0;0;0;0;0;0;0;0;0;0;0;0
org.gjt.sp.jedit.PluginJAR.activatePlugin();org.gjt.sp.jedit.jEdit;3;3;4;0.7941;557;18;15;2;0;1.0000;1709;108;29
bsh.Parser.jj_3R_29();bsh.ParserConstants;1;2;1;0.9917;5894;347;13;0;1;0.9925;0;0;131
org.gjt.sp.jedit.gui.FloatingWindowContainer.dispose();org.gjt.sp.jedit.gui.DockableWindowFactory.Window;0;0;0;0;0;0;0;0;0;0;0;0;0
bsh.Interpreter.run();bsh.SimpleNode;4;9;9;0.7647;490;39;19;2;0;0.9608;76;14;7
bsh.ClassGeneratorUtil.generateMethod(String, String, String, String, String[], int, ClassWriter);org.objectweb.asm.Constants;1;3;3;1.0000;457;21;19;0;9;0.9516;0;0;179
bsh.Interpreter.Line();bsh.Parser;0;0;1;0.9808;490;39;19;1;0;0.9972;5894;347;13
macos.Delegate.handleOpenFile(ViewUpdate);macos.MacOSPlugin;2;0;1;0.9375;156;12;2;0;1;1.0000;40;3;3
org.gjt.sp.jedit.JARClassLoader.getZipFile();org.gjt.sp.jedit.PluginJAR;1;0;1;0.9286;143;11;6;1;0;0.9697;557;18;15
org.gjt.sp.jedit.textarea.ScreenLineManager.setScreenLineCount(int, int);org.gjt.sp.jedit.Debug;0;0;0;0;0;0;0;0;0;0;0;0;0
bsh.Reflect.constructObject(Class, Object[]);bsh.ReflectManager;1;1;0;1.0000;422;31;0;1;0;1.0000;17;3;1
org.gjt.sp.jedit.buffer.JEditBuffer.contentInserted(int, int, IntegerArray);org.gjt.sp.jedit.buffer.LineManager;0;0;0;0;0;0;0;0;0;0;0;0;0
org.gjt.sp.jedit.gui.DefaultInputHandler.getKeyBinding(String);org.gjt.sp.jedit.gui.KeyEventTranslator;0;0;1;0.9167;212;12;3;1;0;1.0000;168;7;5
org.gjt.sp.jedit.gui.TextAreaDialog.init(String, Icon, String);org.gjt.sp.jedit.jEdit;0;0;0;1.0000;48;3;0;1;0;1.0000;1709;108;29
org.gjt.sp.jedit.EditPane.StatusHandler.statusChanged(JEditTextArea, int, boolean);org.gjt.sp.jedit.textarea.StatusListener;0;0;0;0;0;0;0;0;0;0;0;0;0
org.gjt.sp.jedit.Buffer.load(View, boolean);org.gjt.sp.jedit.io.VFS;2;6;7;0.9387;1798;136;53;1;0;0.9750;191;26;17
org.gjt.sp.jedit.io.VFS.insert(View, Buffer, String);org.gjt.sp.jedit.io.VFSManager;1;1;3;0.8966;191;26;17;2;0;1.0000;129;15;11
org.gjt.sp.jedit.textarea.JEditTextArea.goToPrevParagraph(boolean);org.gjt.sp.jedit.textarea.DisplayManager;0;5;5;0.9614;2774;208;61;1;0;0.9800;513;30;16
bsh.Parser.UnaryExpression();bsh.ParserConstants;4;8;2;0.9770;5894;347;13;0;25;0.8276;0;0;131
org.gjt.sp.jedit.EditPane.loadCaretInfo();org.gjt.sp.jedit.textarea.JEditTextArea;2;0;3;0.8929;273;15;7;3;0;0.9887;2774;208;61
org.gjt.sp.jedit.buffer.BufferChangeListener.Adapter.contentInserted(JEditBuffer, int, int, int, int);org.gjt.sp.jedit.buffer.BufferChangeListener;0;0;0;0;0;0;0;0;0;0;0;0;0
org.gjt.sp.jedit.search.SearchDialog.ButtonActionHandler.actionPerformed(ActionEvent);org.gjt.sp.jedit.GUIUtilities;1;0;0;1.0000;33;1;0;1;0;1.0000;486;55;9
org.gjt.sp.jedit.search.HyperSearchResults.CollapseChildTreeNodesAction.actionPerformed(ActionEvent);org.gjt.sp.jedit.search.HyperSearchResults;0;0;0;0;0;0;0;0;0;0;0;0;0
org.gjt.sp.jedit.syntax.XModeHandler.startElement(String);org.gjt.sp.jedit.syntax.ParserRuleSet;4;2;11;0.7636;346;15;32;2;4;0.8667;126;13;19
org.gjt.sp.jedit.textarea.BufferHandler.doDelayedUpdate();org.gjt.sp.jedit.buffer.JEditBuffer;0;0;0;0;0;0;0;0;0;0;0;0;0
bsh.BSHPrimarySuffix.doSuffix(Object, boolean, CallStack, Interpreter);bsh.UtilEvalError;0;3;5;0.6923;95;5;7;1;0;0.9231;14;2;0
org.gjt.sp.jedit.pluginmgr.InstallPanel.SizeLabel.tableChanged(TableModelEvent);org.gjt.sp.jedit.pluginmgr.InstallPanel.PluginTableModel;3;0;1;0.8889;17;1;1;2;1;0.8500;151;13;2
org.gjt.sp.jedit.browser.BrowserView.propertiesChanged();org.gjt.sp.jedit.browser.VFSDirectoryEntryTable;0;0;3;0.8500;139;12;7;1;0;0.9524;240;13;4
bsh.Parser.ConditionalOrExpression();bsh.JJTParserState;4;5;2;0.9810;5894;347;13;2;0;0.9286;74;10;5
org.gjt.sp.jedit.textarea.JEditTextArea.goToPrevWord(boolean, boolean);org.gjt.sp.jedit.buffer.JEditBuffer;0;0;0;0;0;0;0;0;0;0;0;0;0
org.gjt.sp.jedit.Macros.loadMacros();org.gjt.sp.jedit.jEdit;1;1;5;1.0000;232;21;6;0;2;1.0000;1709;108;29
org.gjt.sp.jedit.print.BufferPrinter1_3.print(View, Buffer, boolean);org.gjt.sp.jedit.print.BufferPrintable;1;1;2;1.0000;50;3;2;1;0;0.9583;165;5;23
org.gjt.sp.jedit.textarea.FirstLine.physUp(int, int);org.gjt.sp.jedit.textarea.DisplayManager;0;0;0;0;0;0;0;0;0;0;0;0;0
org.gjt.sp.jedit.gui.MarkerViewer.handleMessage(EBMessage);org.gjt.sp.jedit.View;0;0;0;0;0;0;0;0;0;0;0;0;0
org.objectweb.asm.CodeWriter.visitTableSwitchInsn(int, int, Label, Label);org.objectweb.asm.Label;3;1;5;0.8889;919;30;27;1;1;0.9167;84;3;10
bsh.BSHMethodDeclaration.getReturnTypeDescriptor(CallStack, Interpreter, String);bsh.BSHReturnType;0;1;1;0.8750;57;7;8;1;0;0.8571;14;3;1
org.gjt.sp.jedit.search.CurrentBufferSet.getNextFile(View, String);org.gjt.sp.jedit.Buffer;1;0;0;1.0000;16;5;0;0;1;0.9939;1798;136;53
org.gjt.sp.jedit.browser.VFSBrowser.reloadDirectory();org.gjt.sp.jedit.io.VFSManager;0;1;2;0.9464;542;33;34;1;0;1.0000;129;15;11
org.gjt.sp.jedit.MiscUtilities.constructPath(String, String);org.gjt.sp.jedit.io.VFSManager;0;4;0;1.0000;629;50;3;1;0;1.0000;129;15;11
org.gjt.sp.jedit.options.EditingOptionPane.ActionHandler.actionPerformed(ActionEvent);org.gjt.sp.jedit.options.EditingOptionPane;2;0;0;1.0000;25;1;0;3;5;0.6923;119;5;19
org.gjt.sp.jedit.gui.ActionBar.invoke();org.gjt.sp.jedit.BeanShell;1;1;5;0.6667;122;4;7;1;0;1.0000;279;22;6
org.gjt.sp.jedit.gui.BufferOptions.ok();org.gjt.sp.jedit.buffer.JEditBuffer;0;0;0;0;0;0;0;0;0;0;0;0;0
org.gjt.sp.jedit.textarea.DisplayManager.hideLineRange(int, int);org.gjt.sp.util.Log;2;7;6;0.7045;513;30;16;1;1;1.0000;142;9;16
bsh.Parser.TypedVariableDeclaration();bsh.ParserConstants;4;7;2;0.9755;5894;347;13;0;1;0.9932;0;0;131
bsh.Parser.jj_3R_202();bsh.ParserConstants;1;1;0;0.9972;5894;347;13;0;2;0.9848;0;0;131
org.gjt.sp.jedit.gui.ActionBar.DocumentHandler.removeUpdate(DocumentEvent);org.gjt.sp.jedit.gui.ActionBar;1;0;0;1.0000;8;3;0;1;1;0.8182;122;4;7
org.gjt.sp.jedit.options.ToolBarEditDialog.ActionHandler.actionPerformed(ActionEvent);org.gjt.sp.jedit.options.ToolBarEditDialog;3;0;0;1.0000;22;1;0;4;5;0.5000;173;5;12
installer.CBZip2InputStream.setupRandPartC();installer.CRC;0;1;9;0.8548;587;29;44;1;0;0.9286;16;3;2
org.gjt.sp.jedit.options.AppearanceOptionPane._save();org.gjt.sp.util.Log;2;0;11;0.2143;100;3;11;1;1;1.0000;142;9;16
org.gjt.sp.jedit.search.SearchAndReplace.find(View, Buffer, int, boolean, boolean);org.gjt.sp.jedit.search.SearchMatcher;1;1;0;1.0000;537;32;11;1;0;0.9167;4;1;1
org.gjt.sp.jedit.gui.GrabKeyDialog.InputPane.processKeyEvent(KeyEvent);org.gjt.sp.jedit.gui.KeyEventTranslator;2;0;0;1.0000;28;2;0;1;0;1.0000;168;7;5
macos.Delegate.openSelection(NSPasteboard, String);org.gjt.sp.jedit.jEdit;2;0;0;1.0000;156;12;2;2;1;1.0000;1709;108;29
org.gjt.sp.jedit.indent.IndentAction.Decrease.calculateIndent(JEditBuffer, int, int, int);org.gjt.sp.jedit.buffer.JEditBuffer;0;0;0;0;0;0;0;0;0;0;0;0;0
org.gjt.sp.jedit.help.HelpTOCPanel.createTOC();org.gjt.sp.jedit.PluginJAR;2;2;2;0.7143;106;5;5;0;1;0.9744;557;18;15
org.gjt.sp.jedit.Mode.loadIfNecessary();org.gjt.sp.jedit.jEdit;0;0;1;0.9286;89;9;5;1;0;1.0000;1709;108;29
org.gjt.sp.jedit.search.HyperSearchResults.MouseHandler.showPopupMenu(MouseEvent);org.gjt.sp.jedit.GUIUtilities;0;0;1;0.5000;21;2;1;1;0;1.0000;486;55;9
org.gjt.sp.jedit.help.HelpIndex.indexEditorHelp();org.gjt.sp.util.Log;3;2;1;0.7692;154;9;3;1;2;1.0000;142;9;16
org.gjt.sp.jedit.textarea.Gutter.MouseHandler.mouseDragged(MouseEvent);org.gjt.sp.jedit.textarea.MouseHandler;0;0;0;0;0;0;0;0;0;0;0;0;0
org.gjt.sp.jedit.browser.VFSFileNameField.processKeyEvent(KeyEvent);org.gjt.sp.jedit.browser.BrowserView;5;1;1;0.9200;129;5;1;2;1;0.9211;139;12;7
org.gjt.sp.jedit.pluginmgr.PluginList.Branch.satisfyDependencies(Roster, String, boolean);org.gjt.sp.jedit.pluginmgr.PluginList.Dependency;0;0;1;0.9091;16;3;8;1;0;0.9091;53;4;5
org.gjt.sp.jedit.Registers.saveRegisters();org.gjt.sp.jedit.jEdit;2;1;3;1.0000;231;16;5;1;1;1.0000;1709;108;29
org.gjt.sp.jedit.browser.VFSBrowser.BrowserActionContext.invokeAction(EventObject, EditAction);org.gjt.sp.jedit.EditAction;3;1;0;0.7500;36;2;0;1;0;0.9231;36;10;1
org.gjt.sp.jedit.textarea.JEditTextArea.setFirstPhysicalLine(int, int);org.gjt.sp.jedit.Debug;5;2;3;0.9814;2774;208;61;0;1;1.0000;0;0;22
org.gjt.sp.jedit.Autosave.actionPerformed(ActionEvent);org.gjt.sp.util.Log;2;0;0;1.0000;29;3;1;1;0;1.0000;142;9;16
org.gjt.sp.jedit.textarea.SelectionManager.invertSelection();org.gjt.sp.jedit.textarea.Selection;0;0;0;0;0;0;0;0;0;0;0;0;0
org.gjt.sp.jedit.buffer.JEditBuffer.insert(int, Segment);org.gjt.sp.jedit.buffer.UndoManager;0;0;0;0;0;0;0;0;0;0;0;0;0
org.gjt.sp.util.WorkThread.doRequests();org.gjt.sp.util.Log;3;0;2;0.9000;94;8;8;1;1;1.0000;142;9;16
org.gjt.sp.jedit.gui.HistoryTextArea.processMouseEvent(MouseEvent);org.gjt.sp.jedit.GUIUtilities;0;0;0;0;0;0;0;0;0;0;0;0;0
bsh.Primitive.booleanUnaryOperation(Boolean, int);bsh.ParserConstants;1;0;0;1.0000;506;35;5;0;1;0.9924;0;0;131
org.gjt.sp.jedit.gui.HistoryText.ActionHandler.actionPerformed(ActionEvent);org.gjt.sp.jedit.gui.HistoryModel;0;0;0;0;0;0;0;0;0;0;0;0;0
org.gjt.sp.jedit.search.SearchBar.DocumentHandler.removeUpdate(DocumentEvent);org.gjt.sp.jedit.search.SearchBar;3;0;0;1.0000;30;3;0;1;4;0.7619;130;6;10
QuickNotepad.copyToBuffer();org.gjt.sp.jedit.textarea.JEditTextArea;2;0;2;0.8889;100;9;6;1;0;0.9962;2774;208;61
org.gjt.sp.jedit.textarea.ChunkCache.subregionOffsetToX(LineInfo, int);org.gjt.sp.jedit.syntax.Chunk;0;0;0;1.0000;333;25;9;1;0;1.0000;132;8;11
org.gjt.sp.jedit.gui.PanelWindowContainer.unregister(DockableWindowManager.Entry);org.gjt.sp.jedit.gui.DockableWindowFactory.Window;0;0;0;0;0;0;0;0;0;0;0;0;0
bsh.ClassGeneratorImpl.invokeSuperclassMethodImpl(BshClassManager, Object, String, Object[]);bsh.Reflect;1;0;0;1.0000;109;7;0;3;0;1.0000;422;31;0
org.gjt.sp.jedit.options.AbbrevsOptionPane.TableMouseHandler.mouseClicked(MouseEvent);org.gjt.sp.jedit.options.AbbrevsOptionPane;0;0;0;1.0000;3;1;0;1;0;0.9286;112;5;8
bsh.ClassGeneratorUtil.getConstructorArgs(String, This, Object[], int);bsh.This;3;0;2;1.0000;457;21;19;0;2;0.9130;79;9;2
bsh.Parser.ContinueStatement();bsh.BSHReturnStatement;3;4;2;0.9837;5894;347;13;0;1;0.9333;9;1;1
org.gjt.sp.jedit.EditPane.loadCaretInfo();org.gjt.sp.jedit.View;2;0;3;0.8929;273;15;7;0;1;0.9861;679;41;39
bsh.StringUtil.normalizeClassName(Class);bsh.Reflect;0;0;0;1.0000;44;5;0;1;0;1.0000;422;31;0
org.gjt.sp.jedit.Buffer.toggleLineSeparator(View);org.gjt.sp.jedit.gui.StatusBar;1;4;0;0.9756;1798;136;53;1;0;0.9762;261;11;26
bsh.XThis.Handler.invoke(Object, Method, Object[]);bsh.Interpreter;1;1;0;0.6667;40;2;0;1;1;1.0000;490;39;19
org.gjt.sp.jedit.search.SearchDialog.createSearchSettingsPanel();org.gjt.sp.jedit.jEdit;1;0;11;0.7250;431;17;30;1;0;1.0000;1709;108;29
bsh.Parser.ArrayDimensions();bsh.JJTParserState;2;9;2;0.9703;5894;347;13;4;0;0.8750;74;10;5
org.gjt.sp.jedit.browser.BrowserCommandsMenu.createMenuItem(String);org.gjt.sp.jedit.GUIUtilities;1;0;0;1.0000;122;3;4;1;0;1.0000;486;55;9
bsh.BSHAllocationExpression.objectAllocation(BSHAmbiguousName, BSHArguments, CallStack, Interpreter);bsh.ClassIdentifier;2;3;0;0.8125;119;9;1;0;1;0.9091;9;1;1
org.gjt.sp.jedit.io.VFSManager.getRequestCount();org.gjt.sp.util.WorkThreadPool;1;0;1;1.0000;129;15;11;0;1;0.9655;174;15;14
org.gjt.sp.jedit.gui.DefaultInputHandler.handleKey(KeyEventTranslator.Key);org.gjt.sp.jedit.View;2;1;2;0.8750;212;12;3;0;1;0.9870;679;41;39
macos.MacOSPlugin.osok();org.gjt.sp.jedit.MiscUtilities;1;0;0;1.0000;40;3;3;1;0;1.0000;629;50;3
installer.TarEntry.isDirectory();installer.TarHeader;1;0;2;0.9412;216;28;2;0;3;0.8947;106;8;36
org.gjt.sp.jedit.jEdit.reloadAllBuffers(View, boolean);org.gjt.sp.jedit.View;1;1;1;1.0000;1709;108;29;1;1;0.9697;679;41;39
org.gjt.sp.jedit.gui.IOProgressMonitor.ThreadProgress.ActionHandler.actionPerformed(ActionEvent);org.gjt.sp.jedit.gui.IOProgressMonitor.ThreadProgress;2;0;0;1.0000;8;1;0;0;2;0.7143;30;1;3
org.gjt.sp.jedit.gui.DockableWindowManager.handleMessage(EBMessage);org.gjt.sp.jedit.msg.PluginUpdate;3;3;1;0.9231;447;27;16;1;5;0.7500;18;2;6
org.gjt.sp.jedit.syntax.KeywordMap.lookup(Segment, int, int);org.gjt.sp.jedit.syntax.SyntaxUtilities;1;1;2;0.8125;76;8;4;1;0;1.0000;15;1;0
bsh.Parser.ShiftExpression();bsh.JJTParserState;4;5;2;0.9812;5894;347;13;2;0;0.9375;74;10;5
org.gjt.sp.jedit.browser.VFSDirectoryEntryTableModel.getColumnName(int);org.gjt.sp.jedit.jEdit;0;1;0;0.9231;103;11;2;1;0;1.0000;1709;108;29
org.gjt.sp.jedit.gui.OptionsDialog.ok();org.gjt.sp.jedit.jEdit;0;1;2;0.8846;231;15;9;1;0;1.0000;1709;108;29
org.gjt.sp.jedit.pluginmgr.PluginManagerProgress.RosterThread.run();org.gjt.sp.jedit.pluginmgr.Roster;1;0;0;1.0000;6;1;0;1;0;0.9167;65;9;3
org.gjt.sp.jedit.textarea.TextAreaPainter.setStructureHighlightColor(Color);org.gjt.sp.jedit.textarea.JEditTextArea;2;0;2;0.9655;269;31;36;1;1;0.9924;2774;208;61
org.gjt.sp.jedit.search.SearchBar.KeyHandler.keyPressed(KeyEvent);org.gjt.sp.jedit.EditPane;3;0;0;1.0000;28;1;0;1;1;0.9310;273;15;7
org.gjt.sp.jedit.textarea.JEditTextArea.showWordCountDialog();org.gjt.sp.jedit.buffer.JEditBuffer;0;0;0;0;0;0;0;0;0;0;0;0;0
org.gjt.sp.jedit.textarea.JEditTextArea.removeFromSelection(int);org.gjt.sp.jedit.textarea.SelectionManager;0;0;0;0;0;0;0;0;0;0;0;0;0
org.gjt.sp.jedit.PerspectiveManager.savePerspective(boolean);org.gjt.sp.jedit.Buffer;4;0;0;1.0000;135;3;1;1;1;0.9888;1798;136;53
org.gjt.sp.jedit.menu.FavoritesProvider.update(JMenu);org.gjt.sp.jedit.GUIUtilities;2;0;0;1.0000;39;2;0;1;0;1.0000;486;55;9
bsh.BSHClassDeclaration.eval(CallStack, Interpreter);bsh.UtilEvalError;2;0;5;0.6429;29;2;6;1;0;0.9333;14;2;0
macos.Delegate.RecentMenu.updateMenu();macos.Delegate;3;0;0;1.0000;26;1;0;0;1;0.9375;156;12;2
org.gjt.sp.jedit.help.HelpSearchPanel.ResultCompare.compare(Object, Object);org.gjt.sp.jedit.help.HelpSearchPanel.Result;1;0;0;1.0000;6;1;0;0;2;0.5000;5;0;3
org.gjt.sp.jedit.pluginmgr.InstallPanel.InstallButton.actionPerformed(ActionEvent);org.gjt.sp.jedit.pluginmgr.InstallPanel.Entry;4;0;0;1.0000;48;2;0;0;2;0.9200;23;1;10
org.gjt.sp.jedit.JARClassLoader.getResourceAsStream(String);org.gjt.sp.util.Log;1;0;1;0.9286;143;11;6;1;1;1.0000;142;9;16
org.gjt.sp.jedit.gui.RegisterViewer.ListHandler.valueChanged(ListSelectionEvent);org.gjt.sp.jedit.gui.RegisterViewer;0;0;0;0;0;0;0;0;0;0;0;0;0
org.objectweb.asm.CodeWriter.getCodeSize();org.objectweb.asm.ByteVector;1;0;1;0.9796;919;30;27;0;1;0.9286;139;9;2
org.gjt.sp.jedit.search.SearchBar.KeyHandler.keyPressed(KeyEvent);org.gjt.sp.jedit.View;3;0;0;1.0000;28;1;0;1;1;0.9714;679;41;39
org.gjt.sp.jedit.textarea.ChunkCache.updateChunksUpTo(int);org.gjt.sp.util.Log;7;1;6;0.8627;333;25;9;1;2;1.0000;142;9;16
org.gjt.sp.jedit.View.updateGutterBorders();org.gjt.sp.jedit.textarea.Gutter;2;1;0;0.9846;679;41;39;1;0;0.9778;266;20;25
bsh.Parser.TypedVariableDeclaration();bsh.ParserTreeConstants;4;7;2;0.9755;5894;347;13;0;1;0.9815;0;0;39
org.gjt.sp.jedit.io.FavoritesVFS.addToFavorites(String, int);org.gjt.sp.jedit.io.VFSManager;1;1;4;1.0000;72;8;4;1;0;1.0000;129;15;11
org.gjt.sp.jedit.pluginmgr.InstallPanel.PluginTableModel.update();org.gjt.sp.jedit.pluginmgr.PluginList;5;1;2;0.8846;151;13;2;0;2;0.9048;51;4;5
org.gjt.sp.jedit.View.getSplitConfig();org.gjt.sp.jedit.MiscUtilities;0;0;0;0;0;0;0;0;0;0;0;0;0
org.gjt.sp.jedit.gui.ActionBar.ActionTextField.processKeyEvent(KeyEvent);org.gjt.sp.jedit.gui.ActionBar.CompletionPopup;3;1;2;0.8421;79;5;2;0;1;0.9412;38;1;1
org.gjt.sp.jedit.EditPane.nextBuffer();org.gjt.sp.jedit.Buffer;2;1;1;0.9091;273;15;7;0;1;0.9939;1798;136;53
org.gjt.sp.jedit.pluginmgr.PluginManager.updatePluginList();org.gjt.sp.jedit.io.VFSManager;1;0;2;0.8667;133;6;11;2;0;1.0000;129;15;11
bsh.ParserTokenManager.jjMoveStringLiteralDfa14_0(long, long, long, long);bsh.JavaCharStream;0;3;2;0.9123;1699;47;25;1;0;0.9804;331;25;17
org.gjt.sp.jedit.gui.HistoryText.showPopupMenu(String, int, int);org.gjt.sp.jedit.gui.HistoryModel;0;0;0;0;0;0;0;0;0;0;0;0;0
org.gjt.sp.jedit.jEdit.loadMode(Mode);org.gjt.sp.jedit.Mode;5;0;0;1.0000;1709;108;29;2;2;0.8095;89;9;5
org.gjt.sp.jedit.help.HelpTOCPanel.createTOC();org.gjt.sp.jedit.jEdit;2;2;2;0.7143;106;5;5;2;0;1.0000;1709;108;29
org.gjt.sp.jedit.textarea.Gutter.paintLine(Graphics2D, int, int);org.gjt.sp.jedit.textarea.StructureMatcher.Match;4;0;15;0.7813;266;20;25;0;2;0.9524;12;0;5
org.gjt.sp.jedit.textarea.JEditTextArea.setSelectedText(Selection, String);org.gjt.sp.jedit.textarea.Selection;0;2;1;0.9885;2774;208;61;1;0;0.9524;43;9;4
org.gjt.sp.jedit.gui.BufferSwitcher.ActionHandler.actionPerformed(ActionEvent);org.gjt.sp.jedit.gui.BufferSwitcher;1;0;0;1.0000;6;1;0;0;2;0.6000;14;1;2
org.gjt.sp.jedit.textarea.JEditTextArea.getLineLength(int);org.gjt.sp.jedit.buffer.JEditBuffer;0;0;0;0;0;0;0;0;0;0;0;0;0
org.gjt.sp.jedit.Mode.init();gnu.regexp.RE;2;1;4;0.6429;89;9;5;0;1;1.0000;615;37;13
bsh.ClassGeneratorImpl.getDeclaredMethods(BSHBlock, CallStack, Interpreter, String);bsh.BSHFormalParameters;1;0;0;1.0000;109;7;0;2;0;0.8889;39;4;4
org.gjt.sp.jedit.PluginJAR.uninit(boolean);org.gjt.sp.jedit.gui.DockableWindowFactory;0;0;0;0;0;0;0;0;0;0;0;0;0
org.gjt.sp.jedit.PerspectiveManager.loadPerspective(boolean);com.microstar.xml.XmlParser;4;0;0;1.0000;135;3;1;1;1;0.9872;2091;113;92
org.gjt.sp.jedit.gui.DockableWindowManager.init();org.gjt.sp.jedit.EditBus;0;2;1;0.9375;447;27;16;1;0;1.0000;44;4;2
bsh.JJTParserState.closeNodeScope(Node, boolean);bsh.Node;0;3;3;0.6667;74;10;5;3;0;0.7692;7;7;0
org.gjt.sp.jedit.options.StyleTableModel.StyleRenderer.getTableCellRendererComponent(JTable, Object, boolean, boolean, int, int);org.gjt.sp.jedit.options.SyntaxHiliteOptionPane;2;0;0;1.0000;18;1;0;0;1;1.0000;30;4;3
org.gjt.sp.jedit.MiscUtilities.getParentOfPath(String);org.gjt.sp.jedit.io.VFSManager;0;0;0;1.0000;629;50;3;1;0;1.0000;129;15;11
bsh.LHS.getValue();bsh.Primitive;0;0;11;0.5882;105;3;13;1;0;1.0000;506;35;5
org.gjt.sp.jedit.gui.AnimatedIcon.Animator.actionPerformed(ActionEvent);org.gjt.sp.jedit.gui.AnimatedIcon;1;0;0;1.0000;5;1;0;0;3;0.7273;39;4;6
org.gjt.sp.jedit.buffer.BufferLoadRequest.run();org.gjt.sp.jedit.Buffer;0;0;0;0;0;0;0;0;0;0;0;0;0
org.gjt.sp.jedit.buffer.UndoManager.Insert.redo();org.gjt.sp.jedit.buffer.UndoManager;1;0;4;0.6000;16;2;4;0;2;0.9310;139;12;11
org.gjt.sp.jedit.gui.FloatingWindowContainer.register(DockableWindowManager.Entry);org.gjt.sp.jedit.GUIUtilities;2;0;1;0.9286;63;7;4;1;0;1.0000;486;55;9
org.gjt.sp.jedit.jEdit.getProperty(String);org.gjt.sp.jedit.PropertyManager;0;0;1;1.0000;1709;108;29;1;0;0.9474;79;15;4
bsh.BSHFormalParameter.eval(CallStack, Interpreter);bsh.BSHType;0;0;2;0.8571;12;2;3;1;0;0.9231;82;6;4
org.gjt.sp.jedit.search.SearchDialog.closeOrKeepDialog();org.gjt.sp.jedit.GUIUtilities;0;0;3;0.9250;431;17;30;1;0;1.0000;486;55;9
org.gjt.sp.jedit.buffer.UndoManager.endCompoundEdit();org.gjt.sp.util.Log;1;1;2;0.8750;139;12;11;1;1;1.0000;142;9;16
org.gjt.sp.jedit.textarea.JEditTextArea.fireScrollEvent(boolean);org.gjt.sp.jedit.textarea.ScrollListener;1;0;1;0.9962;2774;208;61;2;0;0.3333;2;2;0
org.gjt.sp.jedit.textarea.JEditTextArea.narrowToFold();org.gjt.sp.jedit.buffer.JEditBuffer;0;0;0;0;0;0;0;0;0;0;0;0;0
bsh.Interpreter.get(String);bsh.UtilEvalError;1;0;1;0.9811;490;39;19;1;0;0.8333;14;2;0
org.gjt.sp.jedit.io.VFSFile.getVFS();org.gjt.sp.jedit.io.VFSManager;0;0;0;0;0;0;0;0;0;0;0;0;0
org.gjt.sp.jedit.search.HyperSearchFileNode.equals(Object);org.gjt.sp.jedit.MiscUtilities;0;0;0;0;0;0;0;0;0;0;0;0;0
org.gjt.sp.jedit.textarea.MouseHandler.mouseDragged(MouseEvent);org.gjt.sp.jedit.textarea.TextAreaPainter;0;0;0;0;0;0;0;0;0;0;0;0;0
org.gjt.sp.jedit.options.ContextAddDialog.getSelection();org.gjt.sp.jedit.options.ContextOptionPane.MenuItem;1;0;4;0.6667;82;4;7;0;1;0.8571;7;0;2
org.gjt.sp.jedit.textarea.DisplayManager.notifyScreenLineChanges();org.gjt.sp.util.Log;0;0;0;0;0;0;0;0;0;0;0;0;0
org.gjt.sp.jedit.jEdit.addBufferToList(Buffer);org.gjt.sp.jedit.io.VFS;3;0;8;1.0000;1709;108;29;0;2;0.9730;191;26;17
org.gjt.sp.jedit.io.VFSManager.getVFSs();org.gjt.sp.jedit.ServiceManager;0;0;2;1.0000;129;15;11;1;0;1.0000;78;8;1
bsh.BSHClassDeclaration.eval(CallStack, Interpreter);bsh.ParserTreeConstants;2;0;5;0.6429;29;2;6;0;1;0.9800;0;0;39
org.gjt.sp.jedit.buffer.JEditBuffer.getLineStartOffset(int);org.gjt.sp.jedit.buffer.LineManager;0;0;0;0;0;0;0;0;0;0;0;0;0
org.gjt.sp.jedit.browser.VFSBrowser.updateFilenameFilter();gnu.regexp.RE;2;0;2;0.9623;542;33;34;0;1;1.0000;615;37;13
bsh.BSHType.getTypeDescriptor(CallStack, Interpreter, String);bsh.BSHAmbiguousName;2;2;2;0.7857;82;6;4;1;1;0.8667;42;7;1
org.gjt.sp.jedit.jEdit.addBufferToList(Buffer);org.gjt.sp.jedit.textarea.DisplayManager;3;0;8;1.0000;1709;108;29;1;0;1.0000;513;30;16
org.gjt.sp.jedit.textarea.JEditTextArea.goToNextFold(boolean);org.gjt.sp.jedit.buffer.JEditBuffer;0;0;0;0;0;0;0;0;0;0;0;0;0
bsh.BSHVariableDeclarator.eval(BSHType, CallStack, Interpreter);bsh.BSHType;2;0;0;1.0000;16;2;1;0;2;0.8571;82;6;4
org.gjt.sp.jedit.buffer.JEditBuffer.insert(int, Segment);org.gjt.sp.util.IntegerArray;0;0;0;0;0;0;0;0;0;0;0;0;0
org.gjt.sp.jedit.Buffer.removeMarker(int);org.gjt.sp.jedit.Marker;1;2;1;0.9817;1798;136;53;2;0;0.8182;26;3;4
org.gjt.sp.jedit.textarea.DisplayManager.getNextVisibleLine(int);org.gjt.sp.jedit.buffer.JEditBuffer;0;0;0;0;0;0;0;0;0;0;0;0;0
org.gjt.sp.jedit.jEdit.reloadModes();org.gjt.sp.util.Log;2;2;4;1.0000;1709;108;29;1;1;1.0000;142;9;16
org.objectweb.asm.CodeWriter.visitTypeInsn(int, String);org.objectweb.asm.Constants;2;0;5;0.9038;919;30;27;0;1;0.9947;0;0;179
org.gjt.sp.jedit.Macros.Recorder.handleMessage(EBMessage);org.gjt.sp.jedit.Macros;1;0;2;0.8750;80;8;6;1;0;1.0000;232;21;6
org.gjt.sp.jedit.textarea.Gutter.MouseHandler.mousePressed(MouseEvent);org.gjt.sp.jedit.buffer.JEditBuffer;0;0;0;0;0;0;0;0;0;0;0;0;0
bsh.Parser.Type();bsh.BSHType;2;7;2;0.9762;5894;347;13;1;0;0.9714;82;6;4
org.gjt.sp.jedit.jEdit.newView(View, Buffer, View.ViewConfig);org.gjt.sp.jedit.GUIUtilities;4;3;2;1.0000;1709;108;29;3;0;1.0000;486;55;9
org.gjt.sp.jedit.search.SearchDialog.preloadSearchDialog(View);org.gjt.sp.jedit.Debug;1;0;1;1.0000;431;17;30;0;1;1.0000;0;0;22
org.gjt.sp.jedit.jEdit.initUserProperties();org.gjt.sp.jedit.PropertyManager;1;0;3;1.0000;1709;108;29;1;0;0.9474;79;15;4
bsh.Parser.jj_3R_172();bsh.ParserConstants;1;2;0;0.9945;5894;347;13;0;1;0.9925;0;0;131
org.gjt.sp.jedit.browser.VFSDirectoryEntryTable.toggleExpanded(int);org.gjt.sp.jedit.browser.VFSDirectoryEntryTableModel;3;1;1;0.9200;240;13;4;1;1;0.9091;103;11;2
org.gjt.sp.jedit.BeanShell._eval(View, NameSpace, String);bsh.Interpreter;2;4;0;1.0000;279;22;6;1;0;0.9808;490;39;19
org.gjt.sp.jedit.textarea.JEditTextArea.setBuffer(JEditBuffer);org.gjt.sp.jedit.textarea.DisplayManager;0;0;0;0;0;0;0;0;0;0;0;0;0
org.gjt.sp.jedit.jEdit._closeBuffer(View, Buffer);org.gjt.sp.jedit.BufferHistory;4;2;3;1.0000;1709;108;29;1;0;1.0000;189;9;3
bsh.BSHAssignment.eval(CallStack, Interpreter);bsh.Primitive;3;1;1;0.9474;71;2;1;0;1;1.0000;506;35;5
org.gjt.sp.jedit.textarea.ChunkCache.getScreenLineOfOffset(int, int);org.gjt.sp.jedit.textarea.JEditTextArea;1;1;4;0.8750;333;25;9;1;2;0.9888;2774;208;61
bsh.BSHMethodInvocation.eval(CallStack, Interpreter);bsh.BSHAmbiguousName;4;2;0;0.8333;33;3;0;1;1;0.8889;42;7;1
org.gjt.sp.jedit.GUIUtilities.loadIcon(String);org.gjt.sp.util.Log;1;0;3;1.0000;486;55;9;1;1;1.0000;142;9;16
org.gjt.sp.jedit.search.HyperSearchResults.MouseHandler.showPopupMenu(MouseEvent);org.gjt.sp.jedit.search.HyperSearchResults;0;0;1;0.5000;21;2;1;0;0;1.0000;146;10;9
org.gjt.sp.jedit.TextUtilities.findMatchingBracket(JEditBuffer, int, int);org.gjt.sp.jedit.syntax.DefaultTokenHandler;2;1;1;1.0000;343;14;8;1;1;0.8571;35;5;3
macos.Delegate.handleOpenFile(ViewUpdate);org.gjt.sp.jedit.msg.ViewUpdate;2;0;1;0.9375;156;12;2;1;2;0.6000;14;2;4
bsh.Name.invokeLocalMethod(Interpreter, Object[], CallStack, SimpleNode);bsh.NameSpace;1;0;2;0.9130;341;17;9;2;0;0.9780;491;64;21
org.gjt.sp.jedit.io.FileVFS._mkdir(Object, String, Component);org.gjt.sp.jedit.io.VFSManager;0;2;0;0.9333;193;17;1;1;0;1.0000;129;15;11
org.gjt.sp.jedit.menu.EnhancedMenuItem.MouseHandler.mouseEntered(MouseEvent);org.gjt.sp.jedit.View;2;0;1;0.8333;19;3;1;0;1;0.9848;679;41;39
org.gjt.sp.jedit.textarea.JEditTextArea.goToNextPage(boolean);org.gjt.sp.jedit.textarea.DisplayManager;0;10;6;0.9389;2774;208;61;4;0;0.9286;513;30;16
org.gjt.sp.jedit.pluginmgr.InstallPanel.PluginInfoBox.valueChanged(ListSelectionEvent);org.gjt.sp.jedit.jEdit;3;0;0;1.0000;15;1;0;1;0;1.0000;1709;108;29
org.gjt.sp.jedit.options.AbbrevsOptionPane.edit();org.gjt.sp.jedit.GUIUtilities;0;1;1;0.8947;112;5;8;1;0;1.0000;486;55;9
org.gjt.sp.jedit.GUIUtilities.message(Component, String, Object[]);org.gjt.sp.jedit.jEdit;0;1;0;1.0000;486;55;9;1;0;1.0000;1709;108;29
org.gjt.sp.jedit.gui.StatusBar.updateCaretStatus();org.gjt.sp.jedit.MiscUtilities;1;0;5;0.9000;261;11;26;1;0;1.0000;629;50;3
org.gjt.sp.jedit.buffer.JEditBuffer.fireContentInserted(int, int, int, int);org.gjt.sp.util.Log;0;0;0;0;0;0;0;0;0;0;0;0;0
org.gjt.sp.jedit.Buffer.getMarkerInRange(int, int);org.gjt.sp.jedit.Marker;0;0;1;0.9939;1798;136;53;1;0;0.8889;26;3;4
org.gjt.sp.jedit.ServiceManager.loadServices(PluginJAR, URL, PluginJAR.PluginCacheEntry);com.microstar.xml.XmlException;4;0;0;1.0000;78;8;1;0;2;0.7778;18;0;4
macos.menu.MacOSMenu.ShowFileAction.actionPerformed(ActionEvent);macos.MacOSActions;0;0;1;0.0000;6;1;1;1;0;1.0000;8;2;0
gnu.regexp.RETokenWordBoundary.match(CharIndexed, REMatch);gnu.regexp.RE;3;0;4;0.8182;38;2;4;0;1;1.0000;615;37;13
org.gjt.sp.jedit.browser.VFSBrowser.handleMessage(EBMessage);org.gjt.sp.jedit.msg.BufferUpdate;3;2;2;0.9310;542;33;34;0;3;0.9231;18;2;12
org.gjt.sp.jedit.gui.RegisterViewer.DocumentHandler.updateRegister();org.gjt.sp.jedit.Registers;0;0;0;0;0;0;0;0;0;0;0;0;0
bsh.Reflect.invokeObjectMethod(Object, String, Object[], Interpreter, CallStack, SimpleNode);bsh.UtilEvalError;0;2;0;1.0000;422;31;0;1;0;0.8333;14;2;0
bsh.Parser.PrimaryExpression();bsh.JJTParserState;2;5;2;0.9810;5894;347;13;4;0;0.8519;74;10;5
org.gjt.sp.jedit.Buffer.toggleWordWrap(View);org.gjt.sp.jedit.View;1;3;0;0.9817;1798;136;53;0;1;0.9851;679;41;39
org.gjt.sp.jedit.buffer.JEditBuffer.indentLine(int, boolean);org.gjt.sp.jedit.MiscUtilities;0;0;0;0;0;0;0;0;0;0;0;0;0
org.gjt.sp.jedit.View.showWaitCursor();org.gjt.sp.jedit.textarea.JEditTextArea;2;1;1;0.9688;679;41;39;0;1;0.9962;2774;208;61
org.gjt.sp.jedit.browser.VFSBrowser.PluginsMenuButton.createPopupMenu();org.gjt.sp.jedit.browser.VFSBrowser;2;0;1;0.8571;47;2;1;0;2;0.9828;542;33;34
org.gjt.sp.jedit.View.split(int);org.gjt.sp.jedit.EditPane;1;2;2;0.9394;679;41;39;3;1;0.8462;273;15;7
org.gjt.sp.jedit.gui.OptionsDialog.selectPane(OptionGroup, String, ArrayList);org.gjt.sp.jedit.OptionGroup;1;1;1;0.9655;231;15;9;2;1;0.8125;69;8;4
org.gjt.sp.jedit.options.SyntaxHiliteOptionPane.MouseHandler.mouseClicked(MouseEvent);org.gjt.sp.jedit.options.StyleTableModel;1;0;0;1.0000;6;1;0;2;0;0.8333;53;7;1
gnu.regexp.REMatchEnumeration.nextMatch();gnu.regexp.CharIndexed;0;1;5;0.6667;35;5;9;1;0;0.8750;3;3;1
org.gjt.sp.jedit.EditAction.isToggle();org.gjt.sp.jedit.jEdit;0;0;1;0.8889;36;10;1;1;0;1.0000;1709;108;29
org.gjt.sp.jedit.buffer.BufferIORequest.autodetect(InputStream);org.gjt.sp.jedit.MiscUtilities;3;0;9;0.9545;509;11;25;1;1;1.0000;629;50;3
bsh.BSHType.getType(CallStack, Interpreter);bsh.BSHPrimitiveType;1;1;3;0.6923;82;6;4;0;1;0.8889;6;0;1
org.gjt.sp.jedit.print.BufferPrintable.printPage(Graphics, PageFormat, int, boolean);org.gjt.sp.util.Log;1;2;13;0.4400;165;5;23;1;1;1.0000;142;9;16
org.gjt.sp.jedit.textarea.JEditTextArea.getText();org.gjt.sp.jedit.buffer.JEditBuffer;0;0;0;0;0;0;0;0;0;0;0;0;0
org.gjt.sp.jedit.gui.MarkerViewer.goToSelectedMarker();org.gjt.sp.jedit.textarea.JEditTextArea;0;0;0;0;0;0;0;0;0;0;0;0;0
org.gjt.sp.jedit.browser.VFSBrowser.updateFilenameFilter();org.gjt.sp.jedit.GUIUtilities;2;0;2;0.9623;542;33;34;1;0;1.0000;486;55;9
org.gjt.sp.jedit.browser.BrowserView.ParentDirectoryRenderer.getListCellRendererComponent(JList, Object, int, boolean, boolean);org.gjt.sp.jedit.io.VFSFile;0;0;0;0;0;0;0;0;0;0;0;0;0
org.gjt.sp.jedit.textarea.DisplayManager.setFirstLine(int, int);org.gjt.sp.jedit.textarea.FirstLine;0;0;0;0;0;0;0;0;0;0;0;0;0
org.gjt.sp.jedit.indent.RegexpIndentRule.apply(JEditBuffer, int, int, int, List);org.gjt.sp.jedit.buffer.JEditBuffer;0;0;0;0;0;0;0;0;0;0;0;0;0
org.gjt.sp.jedit.Buffer.checkFileStatus(View);org.gjt.sp.jedit.msg.BufferUpdate;1;3;9;0.9691;1798;136;53;0;1;1.0000;18;2;12
org.gjt.sp.jedit.search.SearchDialog.setSearchString(String, int);org.gjt.sp.jedit.search.DirectoryListSet;2;1;13;0.7500;431;17;30;0;3;0.8571;59;5;3
org.objectweb.asm.ClassWriter.newInteger(int);org.objectweb.asm.ByteVector;0;2;4;0.8864;305;21;49;2;0;0.8947;139;9;2
bsh.This.invokeMethod(String, Object[], Interpreter, CallStack, SimpleNode, boolean);bsh.Primitive;3;1;2;0.7500;79;9;2;0;1;1.0000;506;35;5
org.gjt.sp.jedit.gui.JCheckBoxList.LabelRenderer.getTableCellRendererComponent(JTable, Object, boolean, boolean, int, int);org.gjt.sp.jedit.gui.CheckBoxListModel;2;0;2;0.6000;11;1;2;0;1;0.9286;59;8;1
org.gjt.sp.jedit.gui.DockableWindowManager.handleMessage(EBMessage);org.gjt.sp.jedit.msg.DockableWindowUpdate;3;3;1;0.9231;447;27;16;0;2;0.9231;15;1;5
org.gjt.sp.jedit.textarea.JEditTextArea.addExplicitFold();org.gjt.sp.jedit.buffer.JEditBuffer;0;0;0;0;0;0;0;0;0;0;0;0;0
bsh.ParserTokenManager.SwitchTo(int);bsh.TokenMgrError;1;0;1;0.9821;1699;47;25;0;1;1.0000;59;3;5
org.gjt.sp.jedit.EditPane.goToMarker(char, boolean);org.gjt.sp.jedit.Marker;0;0;0;0;0;0;0;0;0;0;0;0;0
org.gjt.sp.jedit.buffer.JEditBuffer.invalidateCachedFoldLevels();org.gjt.sp.jedit.buffer.LineManager;0;0;0;0;0;0;0;0;0;0;0;0;0
org.gjt.sp.jedit.Buffer.recoverAutosave(View);org.gjt.sp.jedit.GUIUtilities;1;0;1;0.9939;1798;136;53;2;0;1.0000;486;55;9
org.gjt.sp.jedit.browser.VFSBrowser.createPluginsMenu(JComponent, boolean);org.gjt.sp.jedit.io.VFSManager;0;0;0;0;0;0;0;0;0;0;0;0;0
bsh.BSHPackageDeclaration.eval(CallStack, Interpreter);bsh.BSHAmbiguousName;3;0;0;1.0000;10;1;0;0;1;0.9231;42;7;1
org.gjt.sp.jedit.browser.FileCellRenderer.getEntryWidth(VFSDirectoryEntryTableModel.Entry, Font, FontRenderContext);org.gjt.sp.jedit.browser.VFSDirectoryEntryTableModel.Entry;2;0;2;0.9231;83;6;12;0;2;0.6667;4;0;3
org.gjt.sp.jedit.GUIUtilities.loadMenuItem(String);org.gjt.sp.jedit.jEdit;1;1;0;1.0000;486;55;9;0;1;1.0000;1709;108;29
org.gjt.sp.jedit.pluginmgr.ManagePanel.PluginTableModel.loadPluginJAR(String);org.gjt.sp.jedit.jEdit;1;0;0;1.0000;153;15;2;3;0;1.0000;1709;108;29
org.objectweb.asm.CodeWriter.visitInsn(int);org.objectweb.asm.Label;2;0;6;0.9057;919;30;27;0;1;0.9565;84;3;10
org.gjt.sp.jedit.jEdit.getMode(String);org.gjt.sp.jedit.Mode;1;0;1;1.0000;1709;108;29;0;1;0.9333;89;9;5
org.gjt.sp.jedit.jEdit.checkBufferStatus(View);org.gjt.sp.jedit.buffer.JEditBuffer;0;0;0;0;0;0;0;0;0;0;0;0;0
org.gjt.sp.jedit.textarea.ScrollLineCount.reset();org.gjt.sp.jedit.Debug;0;0;0;0;0;0;0;0;0;0;0;0;0
bsh.Parser.ConditionalExpression();bsh.JJTParserState;2;7;2;0.9783;5894;347;13;4;0;0.8519;74;10;5
org.gjt.sp.jedit.search.SearchDialog.ButtonActionHandler.actionPerformed(ActionEvent);org.gjt.sp.jedit.search.SearchAndReplace;1;0;0;1.0000;33;1;0;2;0;1.0000;537;32;11
org.gjt.sp.jedit.EditPane.saveCaretInfo();org.gjt.sp.jedit.Buffer;2;0;2;0.9200;273;15;7;1;3;0.9940;1798;136;53
org.gjt.sp.jedit.io.VFSManager.getVFSForProtocol(String);org.gjt.sp.jedit.ServiceManager;0;0;4;1.0000;129;15;11;1;0;1.0000;78;8;1
org.gjt.sp.jedit.jEdit.newView(View, Buffer, View.ViewConfig);org.gjt.sp.jedit.EditPane;4;3;2;1.0000;1709;108;29;1;0;0.9737;273;15;7
org.gjt.sp.jedit.Macros.addMacro(File, String, Vector);org.gjt.sp.jedit.ActionSet;2;1;3;1.0000;232;21;6;1;0;0.9630;155;14;7
org.gjt.sp.jedit.gui.EnhancedButton.MouseHandler.mouseReleased(MouseEvent);org.gjt.sp.jedit.gui.StatusBar;1;0;1;0.8000;19;3;1;1;0;0.9744;261;11;26
org.gjt.sp.jedit.io.VFSManager.runInAWTThread(Runnable);org.gjt.sp.util.WorkThreadPool;0;0;1;1.0000;129;15;11;1;0;0.9655;174;15;14
org.gjt.sp.jedit.PluginJAR.startPlugin();org.gjt.sp.jedit.EditPlugin;3;1;2;0.9211;557;18;15;2;0;0.8750;42;7;1
org.gjt.sp.jedit.pluginmgr.ManagePanel.PluginTableModel.update();org.gjt.sp.jedit.jEdit;4;1;2;0.8500;153;15;2;2;2;1.0000;1709;108;29
org.gjt.sp.jedit.options.ContextAddDialog.updateList();org.gjt.sp.jedit.ActionSet;1;0;2;0.8571;82;4;7;1;0;0.9630;155;14;7
org.gjt.sp.util.WorkRequest.setProgressValue(int);org.gjt.sp.util.WorkThread;0;0;0;1.0000;16;4;0;1;0;0.9412;94;8;8
org.gjt.sp.jedit.syntax.TokenMarker.markTokens(LineContext, TokenHandler, Segment);org.gjt.sp.jedit.syntax.ParserRuleSet;4;4;11;0.5833;352;10;13;3;4;0.8846;126;13;19
org.gjt.sp.jedit.GUIUtilities.input(Component, String, Object[], Object);org.gjt.sp.jedit.jEdit;0;1;0;1.0000;486;55;9;2;0;1.0000;1709;108;29
org.gjt.sp.jedit.Macros.runTemporaryMacro(View);org.gjt.sp.jedit.jEdit;1;1;0;1.0000;232;21;6;1;1;1.0000;1709;108;29
org.gjt.sp.jedit.EditAction.Wrapper.actionPerformed(ActionEvent);org.gjt.sp.jedit.ActionContext;1;0;2;0.6000;11;1;2;2;0;0.8333;41;7;3
bsh.Parser.UnaryExpression();bsh.Token;4;8;2;0.9770;5894;347;13;0;1;0.9783;9;1;8
bsh.Parser.FormalParameter();bsh.BSHFormalParameter;4;6;2;0.9783;5894;347;13;0;1;0.9500;12;2;3
org.objectweb.asm.CodeWriter.visitTableSwitchInsn(int, int, Label, Label);org.objectweb.asm.ByteVector;3;1;5;0.8889;919;30;27;2;1;0.8636;139;9;2
bsh.Parser.ReInit(java.io.InputStream);bsh.JJTParserState;1;0;5;0.9862;5894;347;13;1;0;0.9545;74;10;5
org.gjt.sp.jedit.textarea.JEditTextArea.goToNextCharacter(boolean);org.gjt.sp.jedit.buffer.JEditBuffer;0;0;0;0;0;0;0;0;0;0;0;0;0
org.gjt.sp.jedit.textarea.JEditTextArea.getScreenLineStartOffset(int);org.gjt.sp.jedit.textarea.ChunkCache;1;0;2;0.9924;2774;208;61;1;0;0.9750;333;25;9
org.gjt.sp.jedit.pluginmgr.ManagePanel.PluginTableModel.setValueAt(Object, int, int);org.gjt.sp.jedit.jEdit;1;3;1;0.7778;153;15;2;1;0;1.0000;1709;108;29
org.gjt.sp.jedit.buffer.BufferLoadRequest.run();org.gjt.sp.jedit.buffer.JEditBuffer;0;0;0;0;0;0;0;0;0;0;0;0;0
org.gjt.sp.jedit.textarea.RangeMap.put2(int, int, int, int);org.gjt.sp.util.Log;0;0;0;0;0;0;0;0;0;0;0;0;0
org.gjt.sp.jedit.textarea.TextAreaPainter.PaintCaret.paintValidLine(Graphics2D, int, int, int, int, int);org.gjt.sp.jedit.textarea.JEditTextArea;2;0;0;1.0000;15;1;0;3;4;0.9734;2774;208;61
org.gjt.sp.jedit.jEdit.commitTemporary(Buffer);org.gjt.sp.jedit.Buffer;1;1;0;1.0000;1709;108;29;2;0;0.9877;1798;136;53
org.gjt.sp.jedit.options.ShortcutsOptionPane.HeaderMouseHandler.mouseClicked(MouseEvent);org.gjt.sp.jedit.options.ShortcutsOptionPane.ShortcutsModel;1;0;0;1.0000;13;1;0;1;0;0.9231;59;8;2
org.gjt.sp.jedit.search.SearchDialog.showSearchDialog(View, String, int);org.gjt.sp.jedit.GUIUtilities;0;2;1;0.9512;431;17;30;1;0;1.0000;486;55;9
org.gjt.sp.jedit.gui.ActionBar.complete(boolean);org.gjt.sp.jedit.MiscUtilities;0;1;2;0.7500;122;4;7;1;0;1.0000;629;50;3
org.gjt.sp.jedit.textarea.FirstLine.scrollUp(int);org.gjt.sp.jedit.textarea.DisplayManager;0;0;0;0;0;0;0;0;0;0;0;0;0
org.gjt.sp.jedit.textarea.JEditTextArea.MouseWheelHandler.mouseWheelMoved(MouseWheelEvent);org.gjt.sp.jedit.textarea.JEditTextArea;0;0;0;0;0;0;0;0;0;0;0;0;0
org.gjt.sp.jedit.jEdit.addPluginJAR(String);org.gjt.sp.jedit.msg.PluginUpdate;1;2;1;1.0000;1709;108;29;0;1;1.0000;18;2;6
org.gjt.sp.jedit.options.StatusBarOptionPane._save();org.gjt.sp.jedit.jEdit;1;0;16;0.2000;83;3;16;2;0;1.0000;1709;108;29
org.gjt.sp.jedit.search.HyperSearchResult.Occur.bufferOpened();org.gjt.sp.jedit.search.HyperSearchResult;1;0;4;0.6000;14;2;5;0;1;0.9500;66;7;6
org.gjt.sp.jedit.menu.MarkersProvider.MarkersMenuItem.getShortcut();org.gjt.sp.jedit.jEdit;0;0;2;0.6000;36;3;5;1;0;1.0000;1709;108;29
org.gjt.sp.jedit.jEdit.initPlugins();org.gjt.sp.jedit.MiscUtilities;0;2;2;1.0000;1709;108;29;1;0;1.0000;629;50;3
org.gjt.sp.jedit.buffer.KillRing.remove(int);org.gjt.sp.jedit.buffer.UndoManager.Remove;1;0;3;1.0000;169;7;4;0;1;0.8889;20;2;6
bsh.ClassGeneratorUtil.getConstructorArgs(String, This, Object[], int);bsh.BSHAmbiguousName;3;0;2;1.0000;457;21;19;0;1;0.9583;42;7;1
org.gjt.sp.jedit.pluginmgr.PluginManagerProgress.ActionHandler.actionPerformed(ActionEvent);org.gjt.sp.jedit.pluginmgr.PluginManagerProgress;1;0;0;1.0000;6;1;0;0;2;0.8000;58;2;7
org.gjt.sp.jedit.jEdit.exit(View, boolean);org.gjt.sp.jedit.EditBus;1;5;4;1.0000;1709;108;29;1;0;1.0000;44;4;2
bsh.Parser.PrimarySuffix();bsh.JJTParserState;4;7;2;0.9761;5894;347;13;4;0;0.8919;74;10;5
bsh.Reflect.constructObject(Class, Object[]);bsh.Interpreter;1;1;0;1.0000;422;31;0;1;1;1.0000;490;39;19
bsh.BSHAllocationExpression.arrayAllocation(BSHArrayDimensions, Class, CallStack, Interpreter);bsh.Primitive;1;1;0;0.9000;119;9;1;0;1;1.0000;506;35;5
bsh.BshClassManager.definingClass(String);bsh.Name;0;0;3;0.9444;176;32;9;1;0;1.0000;341;17;9
org.gjt.sp.jedit.io.VFSFile.findCompletion(String, String, VFSBrowser, boolean);org.gjt.sp.jedit.View;0;0;0;0;0;0;0;0;0;0;0;0;0
org.gjt.sp.jedit.textarea.MouseHandler.doSingleClick(MouseEvent);org.gjt.sp.jedit.MiscUtilities;0;0;0;0;0;0;0;0;0;0;0;0;0
org.gjt.sp.jedit.proto.jeditresource.PluginResURLConnection.connect();org.gjt.sp.jedit.jEdit;1;0;3;0.6667;54;3;3;1;0;1.0000;1709;108;29
org.gjt.sp.jedit.BufferHistory.RecentHandler.endDocument();org.gjt.sp.jedit.jEdit;1;0;0;1.0000;30;5;5;1;0;1.0000;1709;108;29
org.gjt.sp.jedit.EBPlugin.handleMessage(EBMessage);org.gjt.sp.jedit.EditBus;1;0;1;0.6667;8;1;1;1;0;1.0000;44;4;2
macos.menu.ShowRecentDirMenu.construct();org.gjt.sp.jedit.browser.FileCellRenderer;1;0;0;1.0000;30;4;0;0;1;1.0000;83;6;12
org.gjt.sp.jedit.textarea.ChunkCache.getLineInfosForPhysicalLine(int);org.gjt.sp.jedit.buffer.JEditBuffer;0;0;0;0;0;0;0;0;0;0;0;0;0
org.gjt.sp.jedit.ActionSet.load();com.microstar.xml.XmlParser;3;0;2;0.9231;155;14;7;1;1;0.9873;2091;113;92
org.gjt.sp.jedit.ServiceManager.loadServices(PluginJAR, URL, PluginJAR.PluginCacheEntry);org.gjt.sp.util.Log;4;0;0;1.0000;78;8;1;1;2;1.0000;142;9;16
org.gjt.sp.jedit.menu.DirectoryProvider.update(JMenu);org.gjt.sp.jedit.browser.FileCellRenderer;2;0;1;0.8000;69;2;1;0;3;1.0000;83;6;12
org.gjt.sp.jedit.gui.RegisterViewer.MouseHandler.mouseClicked(MouseEvent);org.gjt.sp.jedit.gui.RegisterViewer;0;0;0;0;0;0;0;0;0;0;0;0;0
bsh.Interpreter.unset(String);bsh.LHS;2;0;1;0.9821;490;39;19;0;3;0.9048;105;3;13
org.gjt.sp.jedit.search.AllBufferSet.getCode();org.gjt.sp.jedit.MiscUtilities;0;0;1;0.5000;26;2;1;1;0;1.0000;629;50;3
org.gjt.sp.jedit.browser.BrowserView.ParentDirectoryRenderer.getListCellRendererComponent(JList, Object, int, boolean, boolean);org.gjt.sp.jedit.jEdit;3;0;2;0.6000;22;1;2;1;0;1.0000;1709;108;29
org.gjt.sp.jedit.gui.LogViewer.ActionHandler.actionPerformed(ActionEvent);org.gjt.sp.jedit.gui.LogViewer;1;0;0;1.0000;31;1;0;0;4;0.6000;53;5;4
org.gjt.sp.jedit.options.ContextOptionPane.MenuItemCompare.compare(Object, Object);org.gjt.sp.jedit.options.ContextOptionPane.MenuItem;1;0;0;1.0000;3;1;0;0;1;0.6667;7;0;2
org.gjt.sp.jedit.menu.EnhancedCheckBoxMenuItem.MouseHandler.mouseReleased(MouseEvent);org.gjt.sp.jedit.gui.StatusBar;1;0;1;0.8000;19;3;1;1;0;0.9744;261;11;26
gnu.regexp.RETokenAny.match(CharIndexed, REMatch);gnu.regexp.CharIndexed;2;0;2;0.7778;19;3;2;1;1;0.7500;3;3;1
org.gjt.sp.jedit.textarea.JEditTextArea.narrowToSelection();org.gjt.sp.jedit.textarea.DisplayManager;1;1;2;0.9885;2774;208;61;1;0;0.9778;513;30;16
org.gjt.sp.jedit.textarea.ChunkCache.getUpdateStartLine(int);org.gjt.sp.jedit.textarea.JEditTextArea;0;0;0;0;0;0;0;0;0;0;0;0;0
bsh.BSHTypedVariableDeclaration.evalType(CallStack, Interpreter);bsh.BSHType;0;1;0;0.8571;44;5;1;1;0;0.9091;82;6;4
org.gjt.sp.jedit.syntax.TokenMarker.substitute(REMatch, char[]);gnu.regexp.REMatch;0;0;0;1.0000;352;10;13;1;0;0.9524;95;12;8
org.gjt.sp.jedit.syntax.XModeHandler.startElement(String);org.gjt.sp.jedit.syntax.TokenMarker;4;2;11;0.7636;346;15;32;2;0;0.9535;352;10;13
org.gjt.sp.jedit.gui.DefaultInputHandler.setCurrentBindings(Hashtable);org.gjt.sp.jedit.View;1;0;2;0.9333;212;12;3;0;1;0.9848;679;41;39
bsh.BSHPrimarySuffix.doSuffix(Object, boolean, CallStack, Interpreter);bsh.CallStack;0;3;5;0.6923;95;5;7;1;0;0.9565;52;11;1
org.gjt.sp.jedit.indent.CloseBracketIndentRule.apply(JEditBuffer, int, int, int, List);org.gjt.sp.jedit.indent.BracketIndentRule.Brackets;0;0;0;0;0;0;0;0;0;0;0;0;0
org.gjt.sp.jedit.options.PluginManagerOptionPane.updateMirrorLabel();org.gjt.sp.jedit.jEdit;0;0;0;0;0;0;0;0;0;0;0;0;0
bsh.ParserTokenManager.jjMoveStringLiteralDfa20_0(long, long, long, long);bsh.JavaCharStream;0;3;4;0.8772;1699;47;25;1;0;0.9811;331;25;17
org.gjt.sp.jedit.textarea.JEditTextArea.insertTab();org.gjt.sp.jedit.buffer.JEditBuffer;0;0;0;0;0;0;0;0;0;0;0;0;0
org.gjt.sp.jedit.GUIUtilities.loadToolButton(String);org.gjt.sp.jedit.jEdit;1;1;0;1.0000;486;55;9;0;1;1.0000;1709;108;29
org.gjt.sp.jedit.textarea.JEditTextArea.setFirstPhysicalLine(int, int);org.gjt.sp.jedit.textarea.Anchor;0;0;0;0;0;0;0;0;0;0;0;0;0
org.gjt.sp.jedit.gui.LogViewer.ActionHandler.actionPerformed(ActionEvent);org.gjt.sp.jedit.Registers;1;0;0;1.0000;31;1;0;1;0;1.0000;231;16;5
org.gjt.sp.jedit.textarea.StructureMatcher.Highlight.paintHighlight(Graphics, int, int, int, int, Match);org.gjt.sp.jedit.textarea.TextAreaPainter;3;1;1;0.8000;55;3;1;0;2;0.9677;269;31;36
org.gjt.sp.jedit.textarea.JEditTextArea.goToEndOfLine(boolean);org.gjt.sp.jedit.textarea.Selection;1;5;3;0.9691;2774;208;61;0;1;0.9583;43;9;4
org.gjt.sp.jedit.gui.DefaultInputHandler.addKeyBinding(String, Object);org.gjt.sp.jedit.gui.KeyEventTranslator;0;0;0;0;0;0;0;0;0;0;0;0;0
installer.SwingInstall.pageChanged();installer.Install;0;1;6;0.5625;102;2;14;1;0;0.9231;61;4;2
org.gjt.sp.jedit.pluginmgr.InstallPanel.InstallButton.actionPerformed(ActionEvent);org.gjt.sp.jedit.pluginmgr.PluginList.Branch;4;0;0;1.0000;48;2;0;1;0;0.9600;16;3;8
org.gjt.sp.jedit.browser.VFSBrowser.getSelectedFiles();org.gjt.sp.jedit.browser.BrowserView;0;0;1;0.9815;542;33;34;1;0;0.9524;139;12;7
com.microstar.xml.XmlParser.pushURL(String, String, String, Reader, InputStream, String);com.microstar.xml.XmlHandler;0;5;16;0.8896;2091;113;92;2;0;0.9333;13;13;0
bsh.ParserTokenManager.jjStartNfaWithStates_0(int, int, int);bsh.JavaCharStream;0;1;4;0.9123;1699;47;25;1;0;0.9804;331;25;17
installer.TarEntry.getUserName();installer.TarHeader;1;0;1;0.9697;216;28;2;0;1;0.9444;106;8;36
org.gjt.sp.jedit.browser.BrowserView.maybeReloadDirectory(String);org.gjt.sp.jedit.browser.VFSDirectoryEntryTable;3;2;2;0.8095;139;12;7;1;0;0.9565;240;13;4
org.gjt.sp.jedit.gui.CompleteWord.completeWord(View);org.gjt.sp.jedit.View;3;3;0;1.0000;182;8;6;2;0;0.9733;679;41;39
org.gjt.sp.jedit.browser.VFSBrowser.locateFile(String);org.gjt.sp.jedit.io.VFSManager;0;2;1;0.9444;542;33;34;1;0;1.0000;129;15;11
org.gjt.sp.jedit.indent.CloseBracketIndentRule.isMatch(String);org.gjt.sp.jedit.indent.BracketIndentRule.Brackets;0;0;0;0;0;0;0;0;0;0;0;0;0
org.gjt.sp.jedit.gui.RolloverButton.MouseOverHandler.mouseEntered(MouseEvent);org.gjt.sp.jedit.gui.RolloverButton;0;0;0;1.0000;6;2;0;1;0;0.8750;52;5;3
org.gjt.sp.jedit.GUIUtilities.UnixWorkaround.WindowHandler.windowOpened(WindowEvent);org.gjt.sp.util.Log;2;0;0;1.0000;10;1;0;1;1;1.0000;142;9;16
org.gjt.sp.jedit.textarea.JEditTextArea.propertiesChanged();org.gjt.sp.jedit.textarea.DisplayManager;3;0;11;0.9591;2774;208;61;2;2;0.9310;513;30;16
bsh.BSHType.getTypeDescriptor(CallStack, Interpreter, String);bsh.Interpreter;2;2;2;0.7857;82;6;4;1;0;0.9831;490;39;19
org.gjt.sp.jedit.textarea.TextAreaPainter.PaintCaret.paintValidLine(Graphics2D, int, int, int, int, int);org.gjt.sp.jedit.textarea.TextAreaPainter;2;0;0;1.0000;15;1;0;0;4;0.9355;269;31;36
org.gjt.sp.jedit.textarea.JEditTextArea.tabsToSpaces();org.gjt.sp.jedit.TextUtilities;0;5;1;0.9771;2774;208;61;1;0;1.0000;343;14;8
org.gjt.sp.jedit.search.SearchAndReplace._replace(View, Buffer, SearchMatcher, int, int, boolean);org.gjt.sp.jedit.search.SearchMatcher.Match;2;0;0;1.0000;537;32;11;0;2;0.7500;0;0;3
org.gjt.sp.jedit.buffer.BufferSaveRequest.run();org.gjt.sp.jedit.MiscUtilities;0;0;0;0;0;0;0;0;0;0;0;0;0
org.gjt.sp.jedit.textarea.TextAreaPainter.setStructureHighlightEnabled(boolean);org.gjt.sp.jedit.textarea.JEditTextArea;2;0;2;0.9655;269;31;36;1;1;0.9924;2774;208;61
org.gjt.sp.jedit.gui.CompleteWord.completeWord(View);org.gjt.sp.jedit.textarea.JEditTextArea;3;3;0;1.0000;182;8;6;3;3;0.9775;2774;208;61
org.gjt.sp.jedit.Buffer.checkFileForLoad(View, VFS, String);org.gjt.sp.jedit.io.VFS;2;2;1;0.9882;1798;136;53;3;2;0.8857;191;26;17
org.gjt.sp.jedit.textarea.BufferHandler.preContentRemoved(JEditBuffer, int, int, int, int);org.gjt.sp.jedit.textarea.DisplayManager;6;1;4;0.7826;165;9;7;4;2;0.8696;513;30;16
org.gjt.sp.jedit.Buffer.reload(View);org.gjt.sp.jedit.View;1;2;2;0.9817;1798;136;53;0;1;0.9851;679;41;39
bsh.Parser.AdditiveExpression();bsh.BSHBinaryExpression;4;5;2;0.9810;5894;347;13;0;1;0.9444;55;3;1
org.gjt.sp.jedit.jEdit.removeBufferFromList(Buffer);org.gjt.sp.jedit.OperatingSystem;1;0;5;1.0000;1709;108;29;2;0;1.0000;122;13;11
macos.menu.ShowBufferMenu.construct();org.gjt.sp.jedit.jEdit;2;0;0;1.0000;28;4;0;2;0;1.0000;1709;108;29
org.gjt.sp.jedit.Buffer.getContextSensitiveProperty(int, String);org.gjt.sp.jedit.Mode;1;1;1;0.9879;1798;136;53;1;0;0.9474;89;9;5
org.gjt.sp.jedit.textarea.JEditTextArea.invalidateLine(int);org.gjt.sp.jedit.textarea.ChunkCache.LineInfo;1;2;5;0.9735;2774;208;61;0;2;0.8947;0;0;8
org.gjt.sp.jedit.options.AbbrevsOptionPane.ActionHandler.actionPerformed(ActionEvent);org.gjt.sp.jedit.options.AbbrevsModel;1;0;0;1.0000;30;1;0;2;0;0.9200;71;10;2
org.gjt.sp.jedit.search.HyperSearchFileNode.goTo(EditPane);org.gjt.sp.jedit.EditPane;0;0;0;0;0;0;0;0;0;0;0;0;0
org.objectweb.asm.ClassWriter.newDouble(double);org.objectweb.asm.Item;0;2;4;0.8864;305;21;49;1;0;0.9615;76;6;11
bsh.Parser.ImportDeclaration();bsh.ParserTreeConstants;3;6;2;0.9786;5894;347;13;0;1;0.9831;0;0;39
org.gjt.sp.jedit.jEdit.getActionSetForAction(EditAction);org.gjt.sp.jedit.ActionContext;1;0;1;1.0000;1709;108;29;1;0;0.9091;41;7;3
org.objectweb.asm.Label.put(CodeWriter, ByteVector, int, boolean);org.objectweb.asm.ByteVector;2;1;3;0.7500;84;3;10;2;1;0.8235;139;9;2
org.gjt.sp.jedit.gui.FontSelectorDialog.init(Font);org.gjt.sp.jedit.jEdit;1;3;9;0.4286;156;7;12;1;0;1.0000;1709;108;29
org.gjt.sp.jedit.syntax.ParserRule.createRegexpEOLSpanRule(char, int, String, ParserRuleSet, byte, boolean, boolean);gnu.regexp.RE;1;0;5;1.0000;50;9;27;0;1;1.0000;615;37;13
org.gjt.sp.jedit.gui.IOProgressMonitor.ThreadProgress.ActionHandler.actionPerformed(ActionEvent);org.gjt.sp.util.WorkThreadPool;2;0;0;1.0000;8;1;0;1;0;0.9688;174;15;14
org.gjt.sp.jedit.menu.RecentFilesProvider.update(JMenu);org.gjt.sp.jedit.browser.FileCellRenderer;3;0;0;1.0000;61;2;0;0;1;1.0000;83;6;12
org.gjt.sp.util.WorkThread.doRequests();org.gjt.sp.util.WorkThreadPool;3;0;2;0.9000;94;8;8;2;2;0.8710;174;15;14
org.gjt.sp.jedit.textarea.Gutter.getToolTipText(MouseEvent);org.gjt.sp.jedit.buffer.JEditBuffer;0;0;0;0;0;0;0;0;0;0;0;0;0
bsh.Reflect.invokeOnMethod(Method, Object, Object[]);bsh.Interpreter;2;0;0;1.0000;422;31;0;1;1;1.0000;490;39;19
bsh.BSHUnaryExpression.primitiveWrapperUnaryOperation(Object, int);bsh.ParserConstants;1;0;0;1.0000;50;4;2;0;2;0.9847;0;0;131
org.gjt.sp.jedit.View.restoreSplitConfig(Buffer, String);org.gjt.sp.jedit.jEdit;1;2;2;0.9355;679;41;39;2;1;1.0000;1709;108;29
org.gjt.sp.jedit.gui.DockableWindowFactory.Window.createDockableWindow(View, String);org.gjt.sp.jedit.BeanShell;0;0;0;0;0;0;0;0;0;0;0;0;0
org.gjt.sp.jedit.gui.StatusBar.updateMiscStatus();org.gjt.sp.jedit.textarea.JEditTextArea;1;0;7;0.8250;261;11;26;0;3;0.9888;2774;208;61
org.gjt.sp.jedit.gui.FontSelectorDialog.init(Font);org.gjt.sp.util.Log;1;3;9;0.4286;156;7;12;1;1;1.0000;142;9;16
org.gjt.sp.jedit.gui.MarkerViewer.actionPerformed(ActionEvent);org.gjt.sp.jedit.EditPane;0;0;0;0;0;0;0;0;0;0;0;0;0
bsh.Variable.setValue(Object, int);bsh.LHS;1;1;4;0.7143;50;4;8;1;0;0.9524;105;3;13
org.gjt.sp.jedit.browser.BrowserIORequest.delete();org.gjt.sp.jedit.io.VFSManager;1;0;4;0.7778;179;6;11;1;0;1.0000;129;15;11
org.gjt.sp.jedit.help.HelpTOCPanel.TOCHandler.endElement(String);org.gjt.sp.jedit.help.HelpTOCPanel;0;0;5;0.5000;31;3;6;1;0;0.9375;106;5;5
org.gjt.sp.jedit.browser.VFSBrowser.CommandsMenuButton.MouseHandler.mousePressed(MouseEvent);org.gjt.sp.jedit.browser.VFSBrowser.CommandsMenuButton;1;0;0;1.0000;9;1;0;0;1;0.6667;10;0;1
org.gjt.sp.jedit.textarea.JEditTextArea.finishCaretUpdate(int, int, boolean);org.gjt.sp.jedit.textarea.FastRepaintManager;0;0;0;0;0;0;0;0;0;0;0;0;0
org.gjt.sp.jedit.options.ContextAddDialog.updateList();org.gjt.sp.jedit.EditAction;1;0;2;0.8571;82;4;7;1;1;0.8462;36;10;1
org.gjt.sp.jedit.textarea.JEditTextArea.delete(boolean);org.gjt.sp.jedit.buffer.JEditBuffer;0;0;0;0;0;0;0;0;0;0;0;0;0
org.gjt.sp.jedit.Buffer.recoverAutosave(View);org.gjt.sp.jedit.io.VFS;1;0;1;0.9939;1798;136;53;1;0;0.9677;191;26;17
org.gjt.sp.jedit.PluginJAR.deactivatePlugin(boolean);org.gjt.sp.jedit.Buffer;5;1;4;0.8649;557;18;15;1;2;0.9825;1798;136;53
org.gjt.sp.jedit.textarea.JEditTextArea.setRectangularSelectionEnabled(boolean);org.gjt.sp.jedit.textarea.StatusListener;0;0;0;0;0;0;0;0;0;0;0;0;0
org.gjt.sp.jedit.search.SearchAndReplace.replaceInSelection(View, JEditTextArea, Buffer, SearchMatcher, boolean, Selection);org.gjt.sp.jedit.textarea.Selection;1;2;0;1.0000;537;32;11;0;4;0.8000;43;9;4
org.gjt.sp.jedit.jEdit.addPluginJARsFromDirectory(String);org.gjt.sp.util.Log;1;2;0;1.0000;1709;108;29;1;1;1.0000;142;9;16
bsh.Primitive.getDefaultValue(Class);bsh.Types;1;1;1;0.9500;506;35;5;0;1;1.0000;98;10;4
org.gjt.sp.jedit.search.CurrentBufferSet.getFiles(View);org.gjt.sp.jedit.Buffer;1;0;0;1.0000;16;5;0;0;1;0.9939;1798;136;53
org.gjt.sp.jedit.buffer.BufferAutosaveRequest.run();org.gjt.sp.jedit.jEdit;0;0;0;0;0;0;0;0;0;0;0;0;0
org.gjt.sp.jedit.pluginmgr.ManagePanel.PluginTableModel.loadPluginJAR(String);org.gjt.sp.jedit.EditPlugin;1;0;0;1.0000;153;15;2;1;0;0.9091;42;7;1
org.gjt.sp.jedit.textarea.BufferHandler.contentInserted(JEditBuffer, int, int, int, int);org.gjt.sp.jedit.textarea.Selection;7;1;4;0.7826;165;9;7;0;2;0.9231;43;9;4
org.gjt.sp.jedit.gui.PasteFromListDialog.Renderer.shorten(String);org.gjt.sp.jedit.jEdit;0;0;0;1.0000;26;2;0;1;0;1.0000;1709;108;29
org.gjt.sp.jedit.Buffer.save(View, String, boolean);org.gjt.sp.jedit.EditBus;2;6;6;0.9387;1798;136;53;1;0;1.0000;44;4;2
org.gjt.sp.jedit.io.VFSManager.init();org.gjt.sp.jedit.jEdit;0;0;1;1.0000;129;15;11;1;0;1.0000;1709;108;29
org.gjt.sp.jedit.options.ViewOptionPane._save();org.gjt.sp.jedit.jEdit;0;0;8;0.3846;49;2;11;1;0;1.0000;1709;108;29
org.gjt.sp.jedit.View.processKeyEvent(KeyEvent, int);org.gjt.sp.jedit.Debug;3;2;6;0.9048;679;41;39;0;1;1.0000;0;0;22
org.gjt.sp.jedit.buffer.JEditBuffer.insert(int, String);org.gjt.sp.jedit.buffer.ContentManager;0;0;0;0;0;0;0;0;0;0;0;0;0
org.gjt.sp.jedit.help.HelpSearchPanel.getHelpIndex();org.gjt.sp.util.Log;1;0;2;0.6667;29;1;4;1;1;1.0000;142;9;16
org.gjt.sp.util.WorkThread.doRequest(WorkThreadPool.Request);org.gjt.sp.util.WorkThreadPool.Request;2;0;7;0.6316;94;8;8;0;1;0.9286;6;1;4
org.gjt.sp.jedit.pluginmgr.ManagePanel.PluginTableModel.update();org.gjt.sp.jedit.MiscUtilities;4;1;2;0.8500;153;15;2;1;0;1.0000;629;50;3
org.gjt.sp.jedit.textarea.TextAreaPainter.paint(Graphics);org.gjt.sp.jedit.Debug;0;0;0;0;0;0;0;0;0;0;0;0;0
bsh.Parser.AdditiveExpression();bsh.ParserConstants;4;5;2;0.9810;5894;347;13;0;2;0.9860;0;0;131
org.gjt.sp.jedit.gui.DockableWindowFactory.Window.ToggleAction.isSelected(View);org.gjt.sp.jedit.View;0;0;0;0;0;0;0;0;0;0;0;0;0
org.gjt.sp.jedit.textarea.JEditTextArea.dispose();org.gjt.sp.jedit.textarea.DisplayManager;0;0;0;1.0000;2774;208;61;1;0;1.0000;513;30;16
org.gjt.sp.jedit.options.AbbrevsOptionPane.add(AbbrevsModel, String, String);org.gjt.sp.jedit.options.AbbrevsModel;0;1;0;0.9412;112;5;8;4;0;0.7143;71;10;2
bsh.BSHWhileStatement.eval(CallStack, Interpreter);bsh.Primitive;3;0;1;0.8889;35;1;1;0;1;1.0000;506;35;5
org.gjt.sp.jedit.gui.TipOfTheDay.nextTip();org.gjt.sp.util.Log;2;0;2;0.7500;63;3;5;1;1;1.0000;142;9;16
org.gjt.sp.jedit.help.HelpIndex.indexURL(String);org.gjt.sp.jedit.MiscUtilities;0;1;0;0.9091;154;9;3;1;0;1.0000;629;50;3
org.gjt.sp.jedit.gui.PanelWindowContainer.getCurrent();org.gjt.sp.jedit.gui.DockableWindowManager.Entry;2;0;1;0.9643;163;12;15;0;1;0.9000;8;0;6
org.gjt.sp.jedit.jEdit.addPluginProps(Properties);org.gjt.sp.jedit.PropertyManager;0;0;1;1.0000;1709;108;29;1;0;0.9474;79;15;4
org.gjt.sp.jedit.PluginJAR.loadCache(PluginCacheEntry);org.gjt.sp.jedit.ActionContext;2;2;8;0.7959;557;18;15;1;0;0.9730;41;7;3
org.gjt.sp.jedit.BeanShell.handleException(View, String, Throwable);org.gjt.sp.jedit.io.VFSManager;0;0;0;1.0000;279;22;6;1;0;1.0000;129;15;11
org.gjt.sp.jedit.search.HyperSearchResults.goToSelectedNode(int);org.gjt.sp.jedit.jEdit;0;0;3;0.8500;146;10;9;1;0;1.0000;1709;108;29
org.gjt.sp.jedit.browser.FileCellRenderer.propertiesChanged();org.gjt.sp.jedit.jEdit;0;0;1;0.9000;83;6;12;1;0;1.0000;1709;108;29
org.gjt.sp.jedit.textarea.JEditTextArea.removeTrailingWhiteSpace();org.gjt.sp.jedit.buffer.JEditBuffer;0;0;0;0;0;0;0;0;0;0;0;0;0
org.gjt.sp.jedit.gui.RegisterViewer.handleMessage(EBMessage);org.gjt.sp.jedit.msg.RegisterChanged;0;0;0;0;0;0;0;0;0;0;0;0;0
bsh.BSHImportDeclaration.eval(CallStack, Interpreter);bsh.BSHAmbiguousName;2;0;3;0.7692;27;1;3;1;1;0.8947;42;7;1
org.gjt.sp.jedit.search.HyperSearchResult.getBuffer();org.gjt.sp.jedit.jEdit;0;0;2;0.8462;66;7;6;1;0;1.0000;1709;108;29
org.gjt.sp.jedit.options.ShortcutsOptionPane.ShortcutsModel.save();org.gjt.sp.jedit.gui.GrabKeyDialog.KeyBinding;1;0;1;0.9167;59;8;2;0;2;0.7143;9;1;4
org.gjt.sp.jedit.browser.VFSBrowser.setFilenameFilter(String);org.gjt.sp.jedit.gui.HistoryTextField;0;0;2;0.9630;542;33;34;1;0;0.9600;211;12;7
org.gjt.sp.jedit.jEdit.updatePosition(String, Buffer);org.gjt.sp.jedit.io.VFS;2;2;2;1.0000;1709;108;29;0;2;0.9677;191;26;17
org.gjt.sp.jedit.Macros.stopRecording(View);org.gjt.sp.jedit.GUIUtilities;1;0;0;1.0000;232;21;6;1;0;1.0000;486;55;9
bsh.BSHMethodInvocation.eval(CallStack, Interpreter);bsh.Name;4;2;0;0.8333;33;3;0;1;0;0.9655;341;17;9
org.gjt.sp.jedit.proto.jeditresource.PluginResURLConnection.connect();org.gjt.sp.jedit.MiscUtilities;1;0;3;0.6667;54;3;3;1;0;1.0000;629;50;3
macos.menu.MacOSMenu.update(JMenu);org.gjt.sp.jedit.Buffer;1;0;0;1.0000;20;2;0;0;1;0.9939;1798;136;53
bsh.BSHWhileStatement.eval(CallStack, Interpreter);bsh.BSHIfStatement;3;0;1;0.8889;35;1;1;1;0;1.0000;19;2;0
org.objectweb.asm.CodeWriter.visitLocalVariable(String, String, Label, Label, int);org.objectweb.asm.ClassWriter;2;0;4;0.9444;919;30;27;1;0;0.9800;305;21;49
org.objectweb.asm.CodeWriter.visitJumpInsn(int, Label);org.objectweb.asm.ByteVector;3;1;7;0.8966;919;30;27;2;1;0.8846;139;9;2
org.gjt.sp.jedit.Buffer.toggleLineSeparator(View);org.gjt.sp.jedit.View;1;4;0;0.9756;1798;136;53;0;1;0.9853;679;41;39
bsh.ParserTokenManager.jjMoveStringLiteralDfa6_0(long, long, long, long, long, long);bsh.JavaCharStream;0;4;2;0.8947;1699;47;25;1;0;0.9808;331;25;17
bsh.Parser.BreakStatement();bsh.BSHReturnStatement;3;4;2;0.9837;5894;347;13;0;1;0.9333;9;1;1
org.gjt.sp.jedit.browser.BrowserView.maybeReloadDirectory(String);org.gjt.sp.jedit.browser.VFSBrowser;3;2;2;0.8095;139;12;7;1;1;0.9831;542;33;34
org.gjt.sp.jedit.buffer.JEditBuffer.loadText(Segment, IntegerArray);org.gjt.sp.jedit.buffer.PositionManager;0;0;0;0;0;0;0;0;0;0;0;0;0
QuickNotepad.KeyHandler.keyPressed(KeyEvent);QuickNotepad;2;0;0;1.0000;7;1;0;0;2;0.8889;100;9;6
bsh.Parser.jj_3_5();bsh.ParserConstants;1;2;0;0.9945;5894;347;13;0;1;0.9925;0;0;131
org.gjt.sp.jedit.search.SearchDialog.save(boolean);org.gjt.sp.jedit.gui.HistoryTextArea;0;0;0;0;0;0;0;0;0;0;0;0;0
org.gjt.sp.jedit.jEdit.main(String[]);org.gjt.sp.jedit.buffer.KillRing;5;17;8;1.0000;1709;108;29;1;0;1.0000;169;7;4
bsh.BSHBlock.evalBlock(CallStack, Interpreter, boolean, NodeFilter);bsh.Primitive;1;0;1;0.9000;48;3;1;0;1;1.0000;506;35;5
bsh.Parser.jj_consume_token(int);bsh.Token;1;1;3;0.9890;5894;347;13;0;2;0.8462;9;1;8
org.gjt.sp.jedit.gui.OptionsDialog.init(String, String);org.gjt.sp.jedit.OptionGroup;0;3;8;0.5926;231;15;9;2;0;0.9200;69;8;4
gnu.regexp.CharIndexedStringBuffer.charAt(int);gnu.regexp.CharIndexed;1;0;2;0.6667;14;3;2;0;1;0.8333;3;3;1
org.gjt.sp.jedit.pluginmgr.Roster.Install.download(PluginManagerProgress, String, String);org.gjt.sp.util.Log;1;1;0;0.9000;112;5;5;1;1;1.0000;142;9;16
bsh.ClassGeneratorUtil.initInstance(Object, String, Object[]);bsh.Types;3;3;2;1.0000;457;21;19;1;0;1.0000;98;10;4
org.gjt.sp.jedit.textarea.TextAreaDropHandler.dragEnter(DropTargetDragEvent);org.gjt.sp.jedit.textarea.JEditTextArea;0;0;0;0;0;0;0;0;0;0;0;0;0
org.gjt.sp.jedit.textarea.MouseHandler.doTripleDrag(MouseEvent);org.gjt.sp.jedit.textarea.JEditTextArea;0;0;0;0;0;0;0;0;0;0;0;0;0
org.gjt.sp.jedit.browser.VFSDirectoryEntryTable.propertiesChanged();org.gjt.sp.jedit.io.VFSFile;0;0;0;0;0;0;0;0;0;0;0;0;0
org.gjt.sp.jedit.browser.VFSBrowser.FavoritesMenuButton.ActionHandler.actionPerformed(ActionEvent);org.gjt.sp.jedit.io.VFSFile;0;0;0;0;0;0;0;0;0;0;0;0;0
org.gjt.sp.jedit.buffer.BufferLoadRequest.run();org.gjt.sp.util.Log;0;0;0;0;0;0;0;0;0;0;0;0;0
org.gjt.sp.jedit.help.HelpSearchPanel.getHelpIndex();org.gjt.sp.jedit.GUIUtilities;1;0;2;0.6667;29;1;4;1;0;1.0000;486;55;9
org.gjt.sp.jedit.options.TextAreaOptionPane._save();org.gjt.sp.jedit.gui.ColorWellButton;1;0;19;0.1364;72;2;19;0;1;1.0000;13;1;0
org.gjt.sp.jedit.textarea.JEditTextArea.AdjustHandler.adjustmentValueChanged(AdjustmentEvent);org.gjt.sp.jedit.textarea.JEditTextArea;1;0;0;1.0000;5;1;0;2;3;0.9807;2774;208;61
org.gjt.sp.jedit.search.SearchAndReplace.replaceAll(View);org.gjt.sp.jedit.buffer.JEditBuffer;0;0;0;0;0;0;0;0;0;0;0;0;0
org.gjt.sp.jedit.search.SearchBar.find(boolean);org.gjt.sp.jedit.GUIUtilities;5;1;5;0.7778;130;6;10;1;0;1.0000;486;55;9
org.gjt.sp.jedit.options.ContextOptionPane.ActionHandler.actionPerformed(ActionEvent);org.gjt.sp.jedit.options.ContextOptionPane;1;0;0;1.0000;43;1;0;1;6;0.4167;66;3;6
org.gjt.sp.jedit.gui.InputHandler.userInput(char);org.gjt.sp.jedit.gui.StatusBar;2;0;4;0.8966;133;14;6;1;0;0.9796;261;11;26
QuickNotepad.propertiesChanged();org.gjt.sp.jedit.jEdit;0;2;4;0.6000;100;9;6;1;0;1.0000;1709;108;29
bsh.BSHPrimarySuffix.doSuffix(Object, boolean, CallStack, Interpreter);bsh.LHS;0;3;5;0.6923;95;5;7;1;0;0.9615;105;3;13
org.gjt.sp.jedit.browser.VFSDirectoryEntryTable.processKeyEvent(KeyEvent);org.gjt.sp.jedit.browser.BrowserView;6;3;3;0.8065;240;13;4;0;1;0.9744;139;12;7
bsh.Parser.Block();bsh.ParserTreeConstants;2;5;1;0.9837;5894;347;13;0;1;0.9804;0;0;39
org.gjt.sp.jedit.Abbrevs.expandAbbrev(View, boolean);org.gjt.sp.jedit.gui.StatusBar;5;2;1;1.0000;225;15;8;1;0;0.9792;261;11;26
org.gjt.sp.jedit.browser.VFSBrowser.BrowserActionContext.invokeAction(EventObject, EditAction);org.gjt.sp.jedit.BeanShell;3;1;0;0.7500;36;2;0;0;1;1.0000;279;22;6
org.gjt.sp.jedit.Buffer.finishSaving(View, String, String, String, boolean, boolean);org.gjt.sp.jedit.jEdit;2;10;11;0.9024;1798;136;53;3;0;1.0000;1709;108;29
org.gjt.sp.jedit.search.SearchAndReplace.find(View);org.gjt.sp.jedit.Buffer;4;4;4;1.0000;537;32;11;2;0;0.9886;1798;136;53
org.gjt.sp.jedit.browser.BrowserCommandsMenu.update();org.gjt.sp.jedit.jEdit;1;0;3;0.6250;122;3;4;2;0;1.0000;1709;108;29
org.gjt.sp.jedit.EditPane.handleBufferUpdate(BufferUpdate);org.gjt.sp.jedit.gui.BufferSwitcher;5;2;5;0.8056;273;15;7;1;0;0.9600;14;1;2
macos.Delegate.RecentDirMenu.updateMenu();macos.Delegate;1;0;0;1.0000;24;1;0;0;1;0.9375;156;12;2
org.gjt.sp.jedit.Buffer.checkFileForSave(View, VFS, String);org.gjt.sp.jedit.io.VFS;2;0;0;1.0000;1798;136;53;3;2;0.8710;191;26;17
bsh.ParserTokenManager.jjMoveStringLiteralDfa3_0(long, long, long, long, long, long);bsh.JavaCharStream;0;5;4;0.8421;1699;47;25;1;0;0.9818;331;25;17
bsh.Parser.jj_3R_137();bsh.ParserConstants;1;4;0;0.9891;5894;347;13;0;5;0.9630;0;0;131
installer.TarOutputStream.closeEntry();installer.TarBuffer;0;0;5;0.7619;92;10;8;1;0;0.9677;162;11;11
org.gjt.sp.jedit.jEdit.newFile(View);org.gjt.sp.jedit.Buffer;2;1;0;1.0000;1709;108;29;0;1;0.9939;1798;136;53
org.gjt.sp.jedit.browser.VFSBrowser.filesActivated(int, boolean);org.gjt.sp.jedit.jEdit;4;2;14;0.8730;542;33;34;4;0;1.0000;1709;108;29
org.gjt.sp.jedit.Abbrevs.expandAbbrev(View, boolean);org.gjt.sp.jedit.TextUtilities;5;2;1;1.0000;225;15;8;1;0;1.0000;343;14;8
org.gjt.sp.jedit.options.GutterOptionPane._init();org.gjt.sp.jedit.jEdit;0;0;15;0.2857;50;2;15;4;0;1.0000;1709;108;29
org.gjt.sp.jedit.buffer.JEditBuffer.markTokens(int, TokenHandler);org.gjt.sp.jedit.syntax.TokenMarker;0;0;0;0;0;0;0;0;0;0;0;0;0
org.gjt.sp.jedit.options.ToolBarOptionPane.ActionHandler.actionPerformed(ActionEvent);org.gjt.sp.jedit.options.ToolBarEditDialog;1;0;0;1.0000;48;1;0;1;0;0.9630;173;5;12
org.gjt.sp.jedit.browser.VFSFileNameField.processKeyEvent(KeyEvent);org.gjt.sp.jedit.browser.VFSBrowser;5;1;1;0.9200;129;5;1;2;8;0.9130;542;33;34
org.gjt.sp.jedit.View.quickHyperSearch(boolean);org.gjt.sp.jedit.search.SearchBar;1;2;3;0.9559;679;41;39;1;1;0.9167;130;6;10
bsh.Interpreter.initRootSystemObject();bsh.NameSpace;0;2;3;0.9231;490;39;19;1;0;0.9889;491;64;21
org.gjt.sp.jedit.browser.VFSFileChooserDialog.getSelectedFiles(int, int);org.gjt.sp.jedit.browser.VFSBrowser;0;0;0;0;0;0;0;0;0;0;0;0;0
bsh.Reflect.getFieldValue(Class, Object, String, boolean);bsh.Primitive;0;1;0;1.0000;422;31;0;1;0;1.0000;506;35;5
bsh.Parser.UnaryExpressionNotPlusMinus();bsh.Token;4;8;2;0.9742;5894;347;13;0;1;0.9767;9;1;8
org.gjt.sp.jedit.options.AbbrevsModel.setValueAt(Object, int, int);org.gjt.sp.jedit.options.Abbrev;1;0;1;0.9286;71;10;2;0;2;0.6000;6;0;2
org.gjt.sp.jedit.textarea.TextAreaPainter.PaintSelection.paintValidLine(Graphics2D, int, int, int, int, int);org.gjt.sp.jedit.textarea.TextAreaPainter;2;1;0;0.8333;14;2;0;0;3;0.9483;269;31;36
org.gjt.sp.jedit.textarea.Gutter.paintComponent(Graphics);org.gjt.sp.util.Log;2;1;2;0.9348;266;20;25;0;0;1.0000;142;9;16
bsh.Name.resolveThisFieldReference(CallStack, NameSpace, Interpreter, String, boolean);bsh.CallStack;2;2;3;0.8966;341;17;9;1;0;0.9630;52;11;1
bsh.Parser.PreDecrementExpression();bsh.JJTParserState;4;4;1;0.9864;5894;347;13;2;0;0.9200;74;10;5
org.gjt.sp.jedit.pluginmgr.PluginList.Plugin.canBeInstalled();org.gjt.sp.jedit.pluginmgr.PluginList.Branch;1;1;0;0.9167;50;6;5;1;1;0.8333;16;3;8
gnu.regexp.RETokenBackRef.match(CharIndexed, REMatch);gnu.regexp.CharIndexed;1;0;1;0.8889;21;2;2;1;0;0.8889;3;3;1
org.gjt.sp.jedit.PluginJAR.generateCache();org.gjt.sp.jedit.gui.DockableWindowFactory;0;0;0;0;0;0;0;0;0;0;0;0;0
org.gjt.sp.jedit.textarea.JEditTextArea.goToLastVisibleLine(boolean);org.gjt.sp.jedit.textarea.DisplayManager;0;6;6;0.9538;2774;208;61;2;0;0.9615;513;30;16
org.gjt.sp.jedit.textarea.TextAreaTransferHandler.importText(JComponent, Transferable);org.gjt.sp.jedit.buffer.JEditBuffer;0;0;0;0;0;0;0;0;0;0;0;0;0
org.gjt.sp.jedit.search.HyperSearchRequest.searchInSelection(Buffer);org.gjt.sp.jedit.textarea.Selection;1;1;1;0.9000;130;5;6;2;4;0.7143;43;9;4
bsh.Parser.ReturnStatement();bsh.ParserTreeConstants;3;5;2;0.9822;5894;347;13;0;1;0.9872;0;0;39
org.gjt.sp.jedit.Registers.loadRegisters();com.microstar.xml.XmlException;4;0;3;1.0000;231;16;5;0;2;0.7143;18;0;4
org.gjt.sp.jedit.browser.FileCellRenderer.paintComponent(Graphics);org.gjt.sp.jedit.io.VFSFile;0;0;0;0;0;0;0;0;0;0;0;0;0
bsh.Parser.AmbiguousName();bsh.JJTParserState;4;4;1;0.9864;5894;347;13;2;0;0.9231;74;10;5
org.gjt.sp.jedit.textarea.JEditTextArea.xToScreenLineOffset(int, int, boolean);org.gjt.sp.jedit.textarea.DisplayManager;1;2;3;0.9811;2774;208;61;1;0;0.9800;513;30;16
org.gjt.sp.jedit.pluginmgr.ManagePanel.PluginTableModel.update();org.gjt.sp.jedit.pluginmgr.ManagePanel.Entry;4;1;2;0.8500;153;15;2;0;1;0.9333;29;0;11
org.gjt.sp.jedit.textarea.JEditTextArea.getLineEndOffset(int);org.gjt.sp.jedit.buffer.JEditBuffer;0;0;0;0;0;0;0;0;0;0;0;0;0
org.gjt.sp.jedit.textarea.JEditTextArea.insertTabAndIndent();org.gjt.sp.jedit.MiscUtilities;0;2;4;0.9770;2774;208;61;1;0;1.0000;629;50;3
bsh.BSHTypedVariableDeclaration.getTypeDescriptor(CallStack, Interpreter, String);bsh.BSHType;0;1;0;0.8571;44;5;1;1;0;0.9091;82;6;4
bsh.BSHPrimarySuffix.doSuffix(Object, boolean, CallStack, Interpreter);bsh.BSHAmbiguousName;0;3;5;0.6923;95;5;7;1;0;0.9444;42;7;1
org.gjt.sp.jedit.syntax.TokenMarker.handleNoWordBreak();org.gjt.sp.jedit.syntax.ParserRule;3;0;6;0.7931;352;10;13;0;3;0.9048;50;9;27
org.gjt.sp.jedit.search.HyperSearchResults.handleMessage(EBMessage);org.gjt.sp.jedit.msg.BufferUpdate;1;1;0;0.9500;146;10;9;1;3;0.6667;18;2;12
org.gjt.sp.jedit.gui.ActionBar.CompletionPopup.KeyHandler.keyPressed(KeyEvent);org.gjt.sp.jedit.gui.ActionBar;2;0;0;1.0000;22;2;0;1;1;0.8462;122;4;7
org.gjt.sp.jedit.io.VFSManager.start();org.gjt.sp.util.WorkThreadPool;0;0;1;1.0000;129;15;11;1;0;0.9655;174;15;14
org.gjt.sp.jedit.textarea.JEditTextArea.goToEndOfWhiteSpace(boolean);org.gjt.sp.jedit.MiscUtilities;1;8;4;0.9540;2774;208;61;1;0;1.0000;629;50;3
org.gjt.sp.jedit.GUIUtilities.loadMenuBar(ActionContext, String);org.gjt.sp.jedit.jEdit;0;1;0;1.0000;486;55;9;1;0;1.0000;1709;108;29
bsh.Parser.jj_3R_38();bsh.ParserConstants;1;2;1;0.9917;5894;347;13;0;2;0.9851;0;0;131
org.gjt.sp.jedit.browser.VFSBrowser.rename(String);org.gjt.sp.jedit.GUIUtilities;1;1;0;0.9821;542;33;34;1;0;1.0000;486;55;9
org.gjt.sp.jedit.search.HyperSearchRequest.doHyperSearch(Buffer, int, int, DefaultMutableTreeNode);org.gjt.sp.jedit.search.SearchMatcher;2;0;1;0.9545;130;5;6;1;0;0.9286;4;1;1
org.gjt.sp.jedit.Buffer.toggleLineSeparator(View);org.gjt.sp.jedit.jEdit;1;4;0;0.9756;1798;136;53;2;0;1.0000;1709;108;29
org.gjt.sp.jedit.ActionSet.initKeyBindings();org.gjt.sp.jedit.jEdit;1;0;1;0.9565;155;14;7;1;1;1.0000;1709;108;29
org.gjt.sp.jedit.View.getSplitConfig(JSplitPane, StringBuffer);org.gjt.sp.jedit.EditPane;2;1;0;1.0000;679;41;39;0;1;0.9565;273;15;7
org.gjt.sp.jedit.buffer.UndoManager.Remove.redo();org.gjt.sp.jedit.buffer.JEditBuffer;0;0;0;0;0;0;0;0;0;0;0;0;0
installer.OperatingSystem.Unix.ScriptOSTask.perform(String, Vector);installer.OperatingSystem.Unix;0;0;0;1.0000;29;2;0;2;0;0.7500;26;4;0
org.gjt.sp.jedit.menu.RecentFilesProvider.update(JMenu);org.gjt.sp.jedit.BufferHistory.Entry;3;0;0;1.0000;61;2;0;0;1;0.8333;9;1;4
org.gjt.sp.jedit.EditPane.MarkerHighlight.paintValidLine(Graphics2D, int, int, int, int, int);org.gjt.sp.jedit.textarea.JEditTextArea;0;0;0;0;0;0;0;0;0;0;0;0;0
bsh.Name.invokeMethod(Interpreter, Object[], CallStack, SimpleNode);bsh.Reflect;3;7;2;0.8333;341;17;9;2;0;1.0000;422;31;0
org.gjt.sp.jedit.textarea.MouseHandler.doSingleClick(MouseEvent);org.gjt.sp.jedit.textarea.TextAreaPainter;0;0;0;0;0;0;0;0;0;0;0;0;0
org.gjt.sp.jedit.io.FavoritesVFS.addToFavorites(String, int);org.gjt.sp.jedit.io.VFSFile;0;0;0;0;0;0;0;0;0;0;0;0;0
bsh.BSHPrimarySuffix.doProperty(boolean, Object, CallStack, Interpreter);bsh.CollectionManager;1;0;0;1.0000;95;5;7;3;0;0.7500;35;6;1
bsh.Parser.RelationalExpression();bsh.ParserConstants;4;5;2;0.9813;5894;347;13;0;8;0.9441;0;0;131
org.gjt.sp.jedit.buffer.JEditBuffer.shiftIndentLeft(int[]);org.gjt.sp.jedit.MiscUtilities;0;0;0;0;0;0;0;0;0;0;0;0;0
org.gjt.sp.jedit.EditPane.setBuffer(Buffer);org.gjt.sp.jedit.EditBus;1;1;6;0.7083;273;15;7;1;0;1.0000;44;4;2
bsh.BSHBinaryExpression.eval(CallStack, Interpreter);bsh.UtilEvalError;2;2;1;0.8333;55;3;1;1;0;0.9500;14;2;0
org.gjt.sp.jedit.search.AllBufferSet._getFiles(Component);gnu.regexp.RE;2;0;1;0.8000;26;2;1;1;0;0.9778;615;37;13
bsh.Parser.ConditionalAndExpression();bsh.BSHBinaryExpression;4;5;2;0.9810;5894;347;13;0;1;0.9444;55;3;1
org.gjt.sp.jedit.options.StyleEditor.getStyle();org.gjt.sp.jedit.gui.ColorWellButton;1;0;7;0.5000;66;4;9;0;1;1.0000;13;1;0
org.gjt.sp.jedit.EditPane.MarkerHighlight.getToolTipText(int, int);org.gjt.sp.jedit.textarea.JEditTextArea;0;0;0;0;0;0;0;0;0;0;0;0;0
org.gjt.sp.jedit.buffer.BufferSaveRequest.run();org.gjt.sp.util.Log;0;0;0;0;0;0;0;0;0;0;0;0;0
org.gjt.sp.jedit.options.AbbrevsModel.getColumnName(int);org.gjt.sp.jedit.jEdit;0;0;0;1.0000;71;10;2;1;0;1.0000;1709;108;29
org.gjt.sp.jedit.Macros.recordMacro(View, Buffer, boolean);org.gjt.sp.jedit.gui.StatusBar;1;0;0;1.0000;232;21;6;1;0;0.9737;261;11;26
bsh.Parser.Literal();bsh.BSHLiteral;5;8;2;0.9735;5894;347;13;2;1;0.9000;61;4;1
bsh.Parser.jj_3R_155();bsh.ParserConstants;1;1;0;0.9972;5894;347;13;0;1;0.9924;0;0;131
bsh.BSHImportDeclaration.eval(CallStack, Interpreter);bsh.NameSpace;2;0;3;0.7692;27;1;3;4;0;0.9574;491;64;21
org.gjt.sp.jedit.textarea.TextAreaPainter.PaintLineBackground.paintValidLine(Graphics2D, int, int, int, int, int);org.gjt.sp.jedit.syntax.Chunk;5;0;0;1.0000;30;1;0;1;0;1.0000;132;8;11
org.gjt.sp.jedit.options.BrowserOptionPane._init();org.gjt.sp.jedit.jEdit;0;0;9;0.3077;50;2;9;2;0;1.0000;1709;108;29
org.gjt.sp.jedit.menu.MarkersProvider.update(JMenu);org.gjt.sp.jedit.View;3;0;0;1.0000;33;2;0;1;0;0.9848;679;41;39
org.gjt.sp.jedit.PluginJAR.activatePlugin();org.gjt.sp.jedit.JARClassLoader;3;3;4;0.7941;557;18;15;1;0;0.9565;143;11;6
org.gjt.sp.jedit.browser.VFSFileNameField.doComplete(String, String, boolean);org.gjt.sp.jedit.MiscUtilities;0;0;0;0;0;0;0;0;0;0;0;0;0
org.gjt.sp.jedit.gui.ActionBar.goToActionBar();org.gjt.sp.jedit.gui.InputHandler;2;0;3;0.7692;122;4;7;0;1;0.9600;133;14;6
org.gjt.sp.jedit.options.ToolBarOptionPane.ButtonCompare.compare(Object, Object);org.gjt.sp.jedit.MiscUtilities;1;0;0;1.0000;3;1;0;1;0;1.0000;629;50;3
org.gjt.sp.jedit.search.HyperSearchResults.MouseHandler.mousePressed(MouseEvent);org.gjt.sp.jedit.GUIUtilities;1;1;0;0.8333;21;2;1;1;0;1.0000;486;55;9
org.gjt.sp.jedit.EditPane.StatusHandler.narrowActive(JEditTextArea);org.gjt.sp.jedit.EditPane;0;0;0;0;0;0;0;0;0;0;0;0;0
org.gjt.sp.jedit.buffer.KillRing.propertiesChanged();org.gjt.sp.jedit.jEdit;0;0;3;1.0000;169;7;4;1;0;1.0000;1709;108;29
bsh.Parser.jj_3R_124();bsh.ParserConstants;1;4;1;0.9862;5894;347;13;0;1;0.9926;0;0;131
bsh.Parser.jj_3R_99();bsh.ParserConstants;1;2;0;0.9945;5894;347;13;0;2;0.9850;0;0;131
org.gjt.sp.jedit.search.SearchDialog.save(boolean);org.gjt.sp.jedit.jEdit;3;0;17;0.6383;431;17;30;1;0;1.0000;1709;108;29
org.gjt.sp.jedit.search.SearchAndReplace.literalBeanShellReplace(View, String);org.gjt.sp.jedit.BeanShell;0;0;0;0;0;0;0;0;0;0;0;0;0
org.gjt.sp.jedit.gui.DockableWindowFactory.loadDockableWindows(PluginJAR, URL, PluginJAR.PluginCacheEntry);org.gjt.sp.util.Log;0;0;0;0;0;0;0;0;0;0;0;0;0
bsh.Parser.AssignmentOperator();bsh.Token;2;3;1;0.9894;5894;347;13;0;1;0.9630;9;1;8
org.gjt.sp.jedit.Buffer.setPath(String);org.gjt.sp.jedit.io.VFS;1;1;7;0.9576;1798;136;53;2;2;0.9189;191;26;17
QuickNotepadToolPanel.makeCustomButton(String, ActionListener);org.gjt.sp.jedit.GUIUtilities;0;0;0;1.0000;47;2;2;1;0;1.0000;486;55;9
org.gjt.sp.jedit.search.AllBufferSet._getFiles(Component);org.gjt.sp.util.Log;2;0;1;0.8000;26;2;1;1;1;1.0000;142;9;16
org.gjt.sp.jedit.gui.DockableWindowManager.showDockableWindow(String);org.gjt.sp.jedit.View;3;0;3;0.9474;447;27;16;0;1;0.9857;679;41;39
org.gjt.sp.jedit.io.VFS.DirectoryEntryCompare.compare(Object, Object);org.gjt.sp.jedit.io.VFSFile;0;0;0;0;0;0;0;0;0;0;0;0;0
org.gjt.sp.util.WorkRequest.setStatus(String);org.gjt.sp.util.WorkThread;0;0;0;1.0000;16;4;0;1;0;0.9412;94;8;8
bsh.Interpreter.readObject(ObjectInputStream);bsh.ConsoleInterface;0;0;3;0.9434;490;39;19;2;0;0.7778;6;6;0
org.gjt.sp.jedit.textarea.BufferHandler.transactionComplete(JEditBuffer);org.gjt.sp.jedit.textarea.DisplayManager;2;1;5;0.7391;165;9;7;4;0;0.9184;513;30;16
org.gjt.sp.jedit.msg.RegisterChanged.getRegisterValue();org.gjt.sp.jedit.Registers.Register;0;0;0;0;0;0;0;0;0;0;0;0;0
org.gjt.sp.jedit.PluginJAR.breakPlugin();org.gjt.sp.jedit.jEdit;1;1;2;0.9091;557;18;15;1;0;1.0000;1709;108;29
org.gjt.sp.jedit.EditPlugin.createBrowserMenuItems();org.gjt.sp.jedit.GUIUtilities;1;1;0;0.8571;42;7;1;1;0;1.0000;486;55;9
org.gjt.sp.jedit.GUIUtilities.adjustForScreenBounds(Rectangle);org.gjt.sp.jedit.OperatingSystem;0;0;0;1.0000;486;55;9;1;0;1.0000;122;13;11
bsh.Parser.AmbiguousName();bsh.ParserTreeConstants;4;4;1;0.9864;5894;347;13;0;1;0.9800;0;0;39
org.gjt.sp.jedit.jEdit.removeViewFromList(View);org.gjt.sp.jedit.View;1;0;3;1.0000;1709;108;29;0;2;0.9683;679;41;39
org.gjt.sp.jedit.pluginmgr.ManagePanel.PluginTableModel.transitiveClosure(String[], List);org.gjt.sp.jedit.jEdit;0;1;0;1.0000;153;15;2;1;0;1.0000;1709;108;29
org.gjt.sp.jedit.SettingsReloader.maybeReload(String);org.gjt.sp.jedit.io.VFS;4;0;0;1.0000;30;2;0;0;2;0.9688;191;26;17
org.gjt.sp.jedit.textarea.DisplayManager.getLastVisibleLine();org.gjt.sp.jedit.textarea.RangeMap;0;0;0;0;0;0;0;0;0;0;0;0;0
org.gjt.sp.jedit.print.BufferPrinter1_4.getPrintJob(String);org.gjt.sp.jedit.MiscUtilities;2;0;2;1.0000;83;5;2;1;0;1.0000;629;50;3
org.gjt.sp.jedit.search.SearchDialog.ok();org.gjt.sp.jedit.View;0;2;4;0.8571;431;17;30;1;0;0.9857;679;41;39
org.gjt.sp.jedit.syntax.DisplayTokenHandler.handleToken(Segment, byte, int, int, TokenMarker.LineContext);org.gjt.sp.jedit.syntax.Token;4;2;8;0.5714;86;6;11;0;4;0.8421;21;3;27
org.gjt.sp.jedit.textarea.TextAreaPainter.PaintText.paintValidLine(Graphics2D, int, int, int, int, int);org.gjt.sp.jedit.Debug;7;0;0;1.0000;50;1;0;0;1;1.0000;0;0;22
org.gjt.sp.jedit.menu.EnhancedCheckBoxMenuItem.MouseHandler.mouseReleased(MouseEvent);org.gjt.sp.jedit.GUIUtilities;1;0;1;0.8000;19;3;1;1;0;1.0000;486;55;9
org.gjt.sp.jedit.buffer.JEditBuffer.getLength();org.gjt.sp.jedit.buffer.ContentManager;0;0;0;0;0;0;0;0;0;0;0;0;0
org.gjt.sp.jedit.io.FavoritesVFS.addToFavorites(String, int);org.gjt.sp.jedit.EditBus;1;1;4;1.0000;72;8;4;1;0;1.0000;44;4;2
bsh.Parser.SwitchStatement();bsh.ParserTreeConstants;2;8;2;0.9732;5894;347;13;0;1;0.9833;0;0;39
org.gjt.sp.jedit.search.SearchAndReplace.replaceOne(View, Buffer, SearchMatcher.Match, int, String, boolean);org.gjt.sp.jedit.search.SearchMatcher.Match;0;0;0;0;0;0;0;0;0;0;0;0;0
org.gjt.sp.jedit.textarea.ChunkCache.getSubregionEndOffset(int, int);org.gjt.sp.jedit.textarea.JEditTextArea;0;2;1;0.9211;333;25;9;1;0;0.9962;2774;208;61
org.gjt.sp.jedit.Macros.runTemporaryMacro(View);org.gjt.sp.jedit.buffer.JEditBuffer;0;0;0;0;0;0;0;0;0;0;0;0;0
org.gjt.sp.jedit.textarea.JEditTextArea.insert(String, boolean);org.gjt.sp.jedit.buffer.JEditBuffer;0;0;0;0;0;0;0;0;0;0;0;0;0
org.gjt.sp.jedit.buffer.JEditBuffer.fireFoldLevelChanged(int, int);org.gjt.sp.jedit.buffer.BufferListener;0;0;0;0;0;0;0;0;0;0;0;0;0
org.gjt.sp.jedit.io.VFS.load(View, Buffer, String);org.gjt.sp.jedit.io.VFSManager;1;1;4;0.9063;191;26;17;2;0;1.0000;129;15;11
org.gjt.sp.jedit.pluginmgr.Roster.Remove.unloadPluginJAR(PluginJAR);org.gjt.sp.jedit.jEdit;1;1;0;1.0000;49;4;1;2;0;1.0000;1709;108;29
org.gjt.sp.jedit.options.ShortcutsOptionPane.TableMouseHandler.mouseClicked(MouseEvent);org.gjt.sp.jedit.options.ShortcutsOptionPane;2;0;0;1.0000;8;1;0;0;3;0.8125;69;6;5
bsh.ClassGeneratorImpl.setInstanceNameSpaceParent(Object, String, NameSpace);bsh.NameSpace;1;0;0;1.0000;109;7;0;1;0;0.9885;491;64;21
org.gjt.sp.jedit.MiscUtilities.StringICaseCompare.compare(Object, Object);org.gjt.sp.jedit.MiscUtilities;0;0;0;1.0000;3;1;0;1;0;1.0000;629;50;3
org.gjt.sp.jedit.PluginJAR.toString();org.gjt.sp.jedit.EditPlugin;0;0;2;0.9375;557;18;15;1;0;0.9000;42;7;1
org.gjt.sp.jedit.BeanShellAction.isSelected(Component);org.gjt.sp.util.Log;2;0;3;0.7500;61;3;8;1;1;1.0000;142;9;16
org.gjt.sp.util.WorkThreadPool.fireProgressChanged(WorkThread);org.gjt.sp.util.WorkThreadProgressListener;0;0;2;0.9310;174;15;14;1;0;0.7500;2;2;0
bsh.Parser.ArrayInitializer();bsh.ParserTreeConstants;2;6;2;0.9797;5894;347;13;0;1;0.9873;0;0;39
org.gjt.sp.jedit.pluginmgr.Roster.Install.runInWorkThread(PluginManagerProgress);org.gjt.sp.jedit.MiscUtilities;0;1;2;0.7000;112;5;5;1;0;1.0000;629;50;3
org.gjt.sp.jedit.gui.RegisterViewer.refreshList();org.gjt.sp.jedit.Registers;0;0;0;0;0;0;0;0;0;0;0;0;0
org.gjt.sp.jedit.gui.CompleteWord.completeWord(View);org.gjt.sp.jedit.buffer.JEditBuffer;0;0;0;0;0;0;0;0;0;0;0;0;0
bsh.Name.getClassNameSpace(NameSpace);bsh.NameSpace;1;0;0;1.0000;341;17;9;0;3;0.9651;491;64;21
org.gjt.sp.jedit.menu.EnhancedMenuItem.MouseHandler.mouseReleased(MouseEvent);org.gjt.sp.jedit.gui.StatusBar;1;0;1;0.8000;19;3;1;1;0;0.9744;261;11;26
bsh.BSHUnaryExpression.primitiveWrapperUnaryOperation(Object, int);bsh.Primitive;1;0;0;1.0000;50;4;2;6;0;1.0000;506;35;5
bsh.LHS.getValue();bsh.NameSpace;0;0;11;0.5882;105;3;13;1;0;0.9892;491;64;21
org.gjt.sp.jedit.Macros.Recorder.dispose();org.gjt.sp.jedit.View;1;1;2;0.8333;80;8;6;0;1;0.9855;679;41;39
org.gjt.sp.jedit.search.HyperSearchResults.GoToNodeAction.actionPerformed(ActionEvent);org.gjt.sp.jedit.search.HyperSearchResults;0;0;0;0;0;0;0;0;0;0;0;0;0
bsh.BshClassManager.defineClass(String, byte[]);bsh.Reflect;0;0;1;0.9722;176;32;9;1;0;1.0000;422;31;0
com.loomcom.ant.tasks.jarbundler.JarBundler.setArguments(String);com.loomcom.ant.tasks.jarbundler.AppBundleProperties;0;0;0;0;0;0;0;0;0;0;0;0;0
bsh.Parser.ReturnType();bsh.ParserConstants;3;5;2;0.9814;5894;347;13;0;10;0.9306;0;0;131
org.gjt.sp.jedit.textarea.JEditTextArea.invalidateScreenLineRange(int, int);org.gjt.sp.jedit.buffer.JEditBuffer;0;0;0;0;0;0;0;0;0;0;0;0;0
org.gjt.sp.jedit.PluginJAR.loadCache(PluginCacheEntry);org.gjt.sp.jedit.ServiceManager;2;2;8;0.7959;557;18;15;1;0;1.0000;78;8;1
org.gjt.sp.jedit.View.updateGutterBorders();org.gjt.sp.jedit.EditPane;2;1;0;0.9846;679;41;39;0;1;0.9600;273;15;7
org.gjt.sp.jedit.options.ToolBarEditDialog.updateList();org.gjt.sp.jedit.EditAction;1;0;2;0.9000;173;5;12;1;1;0.8462;36;10;1
QuickNotepadOptionPane.makeFont();org.gjt.sp.jedit.jEdit;0;0;0;1.0000;47;4;3;1;0;1.0000;1709;108;29
bsh.Parser.jj_3R_131();bsh.ParserConstants;1;2;0;0.9945;5894;347;13;0;2;0.9850;0;0;131
bsh.Parser.PreDecrementExpression();bsh.ParserConstants;4;4;1;0.9864;5894;347;13;0;1;0.9929;0;0;131
macos.script.AppleScriptHandler.runMacro(View, Macros.Macro);org.gjt.sp.jedit.Macros.Macro;1;0;0;1.0000;18;4;1;0;1;0.8333;32;3;3
bsh.ParserTokenManager.jjMoveStringLiteralDfa17_0(long, long, long, long);bsh.JavaCharStream;0;4;2;0.8947;1699;47;25;1;0;0.9808;331;25;17
org.gjt.sp.jedit.EditPane.handleBufferUpdate(BufferUpdate);org.gjt.sp.jedit.jEdit;5;2;5;0.8056;273;15;7;0;2;1.0000;1709;108;29
org.gjt.sp.jedit.search.SearchAndReplace.replace(View, Buffer, int, int);org.gjt.sp.jedit.search.SearchDialog;0;5;0;1.0000;537;32;11;1;0;1.0000;431;17;30
org.gjt.sp.jedit.pluginmgr.ManagePanel.PluginTableModel.unloadPluginJARWithDialog(PluginJAR);org.gjt.sp.jedit.pluginmgr.ManagePanel;1;2;0;0.9000;153;15;2;1;0;0.9091;46;2;4
org.gjt.sp.jedit.EditPane.setBuffer(Buffer);org.gjt.sp.jedit.textarea.JEditTextArea;1;1;6;0.7083;273;15;7;1;0;0.9963;2774;208;61
bsh.Parser.BreakStatement();bsh.ParserTreeConstants;3;4;2;0.9837;5894;347;13;0;1;0.9804;0;0;39
installer.CBZip2OutputStream.sendMTFValues();installer.BZip2Constants;1;4;9;0.8636;1262;32;41;0;4;0.8000;0;0;11
org.gjt.sp.jedit.textarea.JEditTextArea.getLineStartOffset(int);org.gjt.sp.jedit.buffer.JEditBuffer;0;0;0;0;0;0;0;0;0;0;0;0;0
org.gjt.sp.jedit.textarea.SelectionManager.invertSelection();org.gjt.sp.jedit.textarea.JEditTextArea;0;0;0;0;0;0;0;0;0;0;0;0;0
org.gjt.sp.jedit.browser.VFSFileChooserDialog.BrowserHandler.filesActivated(VFSBrowser, VFSFile[]);org.gjt.sp.jedit.gui.HistoryTextField;0;0;0;0;0;0;0;0;0;0;0;0;0
org.gjt.sp.jedit.GUIUtilities.loadGeometry(Window, String);org.gjt.sp.util.Log;1;2;0;1.0000;486;55;9;0;0;1.0000;142;9;16
bsh.Parser.WhileStatement();bsh.ParserTreeConstants;2;5;1;0.9837;5894;347;13;0;1;0.9808;0;0;39
org.gjt.sp.jedit.menu.FavoritesProvider.update(JMenu);org.gjt.sp.jedit.browser.FileCellRenderer;2;0;0;1.0000;39;2;0;0;0;1.0000;83;6;12
bsh.BSHAmbiguousName.toClass(CallStack, Interpreter);bsh.UtilEvalError;0;1;0;0.9091;42;7;1;1;0;0.8571;14;2;0
org.gjt.sp.jedit.EditPane.MarkerHighlight.getToolTipText(int, int);org.gjt.sp.jedit.Buffer;0;0;0;0;0;0;0;0;0;0;0;0;0
org.gjt.sp.jedit.textarea.TextAreaPainter.PaintLineBackground.shouldPaintLineHighlight(int, int, int);org.gjt.sp.jedit.textarea.TextAreaPainter;0;0;0;0;0;0;0;0;0;0;0;0;0
org.gjt.sp.jedit.gui.FloatingWindowContainer.register(DockableWindowManager.Entry);org.gjt.sp.jedit.gui.DockableWindowFactory.Window;0;0;0;0;0;0;0;0;0;0;0;0;0
org.gjt.sp.jedit.textarea.JEditTextArea.deleteLine();org.gjt.sp.jedit.textarea.ChunkCache;0;3;5;0.9700;2774;208;61;2;0;0.9600;333;25;9
org.gjt.sp.jedit.Registers.setRegister(char, String);org.gjt.sp.jedit.EditBus;0;2;0;1.0000;231;16;5;0;0;1.0000;44;4;2
org.gjt.sp.jedit.textarea.Selection.Range.contentInserted(JEditBuffer, int, int, int, int);org.gjt.sp.jedit.buffer.JEditBuffer;0;0;0;0;0;0;0;0;0;0;0;0;0
org.gjt.sp.jedit.browser.VFSBrowser.DirectoryLoadedAWTRequest.run();org.gjt.sp.jedit.gui.HistoryTextField;2;0;2;0.9048;46;2;2;1;0;0.9756;211;12;7
bsh.Types.getTypes(Object[]);bsh.Primitive;0;0;0;1.0000;98;10;4;1;0;0.9500;506;35;5
org.gjt.sp.jedit.browser.VFSFileChooserDialog.BrowserHandler.filesActivated(VFSBrowser, VFSFile[]);org.gjt.sp.jedit.browser.VFSFileChooserDialog;0;0;0;0;0;0;0;0;0;0;0;0;0
org.gjt.sp.jedit.gui.TipOfTheDay.nextTip();org.gjt.sp.jedit.jEdit;2;0;2;0.7500;63;3;5;1;1;1.0000;1709;108;29
com.loomcom.ant.tasks.jarbundler.JarBundler.writePkgInfo();com.loomcom.ant.tasks.jarbundler.AppBundleProperties;0;0;0;0;0;0;0;0;0;0;0;0;0
bsh.Parser.FormalParameter();bsh.ParserTreeConstants;4;6;2;0.9783;5894;347;13;0;1;0.9815;0;0;39
org.gjt.sp.jedit.BeanShell.runCachedBlock(BshMethod, View, NameSpace);bsh.Primitive;1;3;3;1.0000;279;22;6;1;1;0.9524;506;35;5
bsh.Parser.jj_3R_206();bsh.ParserConstants;1;2;0;0.9945;5894;347;13;0;1;0.9925;0;0;131
org.gjt.sp.jedit.gui.HistoryTextField.setInstantPopups(boolean);org.gjt.sp.jedit.gui.HistoryText;0;0;0;0;0;0;0;0;0;0;0;0;0
org.objectweb.asm.CodeWriter.visitTableSwitchInsn(int, int, Label, Label);org.objectweb.asm.Constants;3;1;5;0.8889;919;30;27;0;1;0.9947;0;0;179
bsh.Parser.ShiftExpression();bsh.Token;4;5;2;0.9812;5894;347;13;0;1;0.9600;9;1;8
org.gjt.sp.jedit.search.HyperSearchResults.MouseHandler.showPopupMenu(MouseEvent);org.gjt.sp.jedit.jEdit;0;0;1;0.5000;21;2;1;0;0;1.0000;1709;108;29
org.objectweb.asm.CodeWriter.visitTryCatchBlock(Label, Label, Label, String);org.objectweb.asm.Label;2;0;6;0.9123;919;30;27;0;6;0.7273;84;3;10
bsh.Name.consumeNextObjectField(CallStack, Interpreter, boolean, boolean);bsh.ClassIdentifier;5;7;5;0.7600;341;17;9;0;1;0.9286;9;1;1
org.gjt.sp.jedit.textarea.MouseHandler.mousePressed(MouseEvent);org.gjt.sp.jedit.GUIUtilities;0;0;0;0;0;0;0;0;0;0;0;0;0
org.gjt.sp.jedit.io.VFS.save(View, Buffer, String);org.gjt.sp.jedit.buffer.JEditBuffer;0;0;0;0;0;0;0;0;0;0;0;0;0
bsh.ParserTokenManager.jjMoveStringLiteralDfa7_0(long, long, long, long, long, long);bsh.JavaCharStream;0;4;2;0.8947;1699;47;25;1;0;0.9808;331;25;17
org.gjt.sp.jedit.pluginmgr.InstallPanel.HeaderMouseHandler.mouseClicked(MouseEvent);org.gjt.sp.jedit.pluginmgr.InstallPanel.PluginTableModel;2;0;0;1.0000;11;1;0;1;0;0.9412;151;13;2
org.gjt.sp.jedit.search.HyperSearchResults.RemoveTreeNodeAction.actionPerformed(ActionEvent);org.gjt.sp.jedit.search.HyperSearchResults;1;0;0;1.0000;9;1;0;0;2;0.8947;146;10;9
org.gjt.sp.jedit.View.CaretHandler.caretUpdate(CaretEvent);org.gjt.sp.jedit.View;1;0;0;1.0000;3;1;0;1;1;0.9688;679;41;39
org.gjt.sp.jedit.browser.VFSDirectoryEntryTable.saveWidths();org.gjt.sp.jedit.browser.VFSDirectoryEntryTableModel;0;0;0;0;0;0;0;0;0;0;0;0;0
org.gjt.sp.jedit.browser.VFSBrowser.mkdir();org.gjt.sp.jedit.browser.BrowserIORequest;2;2;1;0.9474;542;33;34;0;1;1.0000;179;6;11
bsh.Parser.Modifiers(int, boolean);bsh.Token;2;4;1;0.9866;5894;347;13;0;1;0.9600;9;1;8
org.gjt.sp.jedit.io.FileVFS.LocalFile.fetchAttrs();org.gjt.sp.jedit.MiscUtilities;0;0;0;0;0;0;0;0;0;0;0;0;0
org.gjt.sp.jedit.gui.InputHandler.userInput(char);org.gjt.sp.jedit.View;2;0;4;0.8966;133;14;6;2;2;0.9444;679;41;39
org.gjt.sp.jedit.gui.OptionsDialog.init(String, String);org.gjt.sp.jedit.OperatingSystem;0;3;8;0.5926;231;15;9;1;0;1.0000;122;13;11
org.gjt.sp.jedit.EditPane.saveCaretInfo();org.gjt.sp.jedit.textarea.Selection;2;0;2;0.9200;273;15;7;0;0;1.0000;43;9;4
org.gjt.sp.jedit.textarea.DisplayManager.dispose();org.gjt.sp.jedit.buffer.JEditBuffer;0;0;0;0;0;0;0;0;0;0;0;0;0
org.gjt.sp.jedit.search.SearchAndReplace._replace(View, Buffer, SearchMatcher, int, int, boolean);org.gjt.sp.jedit.search.SearchMatcher;2;0;0;1.0000;537;32;11;1;0;0.8889;4;1;1
org.gjt.sp.jedit.gui.HistoryText.addCurrentToHistory();org.gjt.sp.jedit.gui.HistoryModel;0;0;0;0;0;0;0;0;0;0;0;0;0
org.gjt.sp.jedit.textarea.BufferHandler.contentInserted(JEditBuffer, int, int, int, int);org.gjt.sp.jedit.textarea.Anchor;0;0;0;0;0;0;0;0;0;0;0;0;0
org.gjt.sp.jedit.options.EditingOptionPane.selectMode();org.gjt.sp.jedit.jEdit;0;1;17;0.5263;119;5;19;1;0;1.0000;1709;108;29
org.gjt.sp.jedit.search.SearchAndReplace.regexpBeanShellReplace(View, SearchMatcher.Match);bsh.NameSpace;0;0;0;0;0;0;0;0;0;0;0;0;0
org.objectweb.asm.ClassWriter.visit(int, String, String, String[], String);org.objectweb.asm.Item;2;2;6;0.8140;305;21;49;0;1;0.9643;76;6;11
org.gjt.sp.jedit.gui.CompleteWord.getCompletions(Buffer, String, int);org.gjt.sp.jedit.jEdit;3;2;0;1.0000;182;8;6;0;1;1.0000;1709;108;29
bsh.Parser.InclusiveOrExpression();bsh.Token;4;5;2;0.9810;5894;347;13;0;1;0.9524;9;1;8
org.gjt.sp.jedit.buffer.JEditBuffer.contentInserted(int, int, IntegerArray);org.gjt.sp.jedit.buffer.PositionManager;0;0;0;0;0;0;0;0;0;0;0;0;0
gnu.regexp.REFilterReader.read();gnu.regexp.CharIndexed;3;0;6;0.7143;46;4;6;0;1;0.9500;3;3;1
org.gjt.sp.jedit.options.PluginManagerOptionPane.ActionHandler.actionPerformed(ActionEvent);org.gjt.sp.jedit.io.VFSManager;0;0;0;1.0000;3;1;0;1;0;1.0000;129;15;11
org.gjt.sp.jedit.menu.EnhancedMenuItem.MouseHandler.mouseEntered(MouseEvent);org.gjt.sp.jedit.gui.StatusBar;2;0;1;0.8333;19;3;1;1;0;0.9750;261;11;26
org.gjt.sp.jedit.jEdit.newFile(View);org.gjt.sp.jedit.io.VFSManager;2;1;0;1.0000;1709;108;29;1;0;1.0000;129;15;11
bsh.JThis.toString();bsh.NameSpace;1;0;0;1.0000;294;85;0;0;1;0.9885;491;64;21
org.gjt.sp.jedit.search.SearchAndReplace.find(View);org.gjt.sp.jedit.io.VFSManager;4;4;4;1.0000;537;32;11;1;0;1.0000;129;15;11
bsh.Parser.jj_3R_68();bsh.ParserConstants;1;1;0;0.9972;5894;347;13;0;1;0.9924;0;0;131
org.gjt.sp.jedit.View.prevTextArea();org.gjt.sp.jedit.EditPane;0;1;1;0.9683;679;41;39;1;0;0.9583;273;15;7
org.gjt.sp.jedit.browser.VFSDirectoryEntryTable.setDirectory(VFS, Object, ArrayList, Set);org.gjt.sp.jedit.browser.BrowserView;3;1;3;0.8261;240;13;4;1;0;0.9655;139;12;7
org.gjt.sp.jedit.textarea.JEditTextArea.getScreenLineOfOffset(int);org.gjt.sp.jedit.buffer.JEditBuffer;0;0;0;0;0;0;0;0;0;0;0;0;0
org.gjt.sp.jedit.browser.VFSBrowser.createPluginsMenu(JComponent, boolean);org.gjt.sp.jedit.jEdit;0;0;0;0;0;0;0;0;0;0;0;0;0
org.gjt.sp.jedit.io.VFSManager.SendVFSUpdatesSafely.run();org.gjt.sp.jedit.io.VFSManager;1;0;0;1.0000;9;1;0;0;2;1.0000;129;15;11
org.gjt.sp.jedit.io.VFSManager.registerVFS(String, VFS);org.gjt.sp.util.Log;2;0;2;1.0000;129;15;11;1;1;1.0000;142;9;16
org.gjt.sp.jedit.io.FileVFS._backup(Object, String, Component);org.gjt.sp.jedit.MiscUtilities;0;0;0;1.0000;193;17;1;3;0;1.0000;629;50;3
bsh.Parser.FormalParameters();bsh.ParserConstants;2;5;2;0.9815;5894;347;13;0;12;0.9161;0;0;131
org.gjt.sp.jedit.browser.BrowserView.TableMouseHandler.mouseClicked(MouseEvent);org.gjt.sp.jedit.browser.FileCellRenderer.ExpansionToggleBorder;3;0;0;1.0000;58;3;0;1;0;1.0000;23;4;9
org.gjt.sp.jedit.browser.VFSFileNameField.goToParent();org.gjt.sp.jedit.io.VFSManager;3;0;1;0.9286;129;5;1;2;0;1.0000;129;15;11
bsh.Parser.jj_3R_64();bsh.ParserConstants;1;1;0;0.9972;5894;347;13;0;1;0.9924;0;0;131
org.gjt.sp.jedit.textarea.Selection.Range.getText(JEditBuffer, StringBuffer);org.gjt.sp.jedit.buffer.JEditBuffer;0;0;0;0;0;0;0;0;0;0;0;0;0
org.objectweb.asm.CodeWriter.put(ByteVector);org.objectweb.asm.Constants;3;0;15;0.7368;919;30;27;0;2;0.9900;0;0;179
bsh.Parser.PrimarySuffix();bsh.Token;4;7;2;0.9761;5894;347;13;0;1;0.9688;9;1;8
org.gjt.sp.jedit.gui.StatusBar.propertiesChanged();org.gjt.sp.jedit.jEdit;0;2;20;0.4167;261;11;26;2;0;1.0000;1709;108;29
org.gjt.sp.jedit.View.loadToolBars();org.gjt.sp.jedit.gui.ToolBarManager;0;2;7;0.9063;679;41;39;1;0;0.9375;34;4;4
org.gjt.sp.jedit.io.VFS.loadColors();org.gjt.sp.jedit.jEdit;1;0;2;1.0000;191;26;17;3;0;1.0000;1709;108;29
org.gjt.sp.jedit.search.BufferListSet.getNextFile(View, String);org.gjt.sp.jedit.Buffer;2;2;1;0.7000;47;7;1;0;1;0.9940;1798;136;53
org.gjt.sp.jedit.options.EditingOptionPane._save();org.gjt.sp.jedit.Mode;1;1;4;0.8077;119;5;19;0;1;0.9524;89;9;5
bsh.Name.consumeNextObjectField(CallStack, Interpreter, boolean, boolean);bsh.Primitive;5;7;5;0.7600;341;17;9;0;2;1.0000;506;35;5
bsh.LHS.assign(Object, boolean);bsh.Reflect;0;0;12;0.6364;105;3;13;2;0;1.0000;422;31;0
org.gjt.sp.jedit.textarea.JEditTextArea.updateScrollBar();org.gjt.sp.util.Log;0;0;0;0;0;0;0;0;0;0;0;0;0
org.gjt.sp.jedit.textarea.JEditTextArea.extendSelection(int, int, int, int);org.gjt.sp.jedit.textarea.Selection.Rect;2;7;2;0.9659;2774;208;61;0;2;0.9310;208;9;2
bsh.BSHTypedVariableDeclaration.eval(CallStack, Interpreter);bsh.BSHType;2;2;1;0.7692;44;5;1;1;0;0.9474;82;6;4
org.gjt.sp.jedit.pluginmgr.ManagePanel.PluginTableModel.getColumnName(int);org.gjt.sp.jedit.jEdit;0;0;0;1.0000;153;15;2;1;0;1.0000;1709;108;29
com.loomcom.ant.tasks.jarbundler.JarBundler.createDocumentType();com.loomcom.ant.tasks.jarbundler.AppBundleProperties;0;0;0;0;0;0;0;0;0;0;0;0;0
bsh.DelayedEvalBshMethod.getReturnType();bsh.BSHReturnType;0;0;3;0.6667;32;2;6;1;0;0.8750;14;3;1
bsh.Reflect.getObjectField(Object, String);bsh.NameSpace;1;3;0;1.0000;422;31;0;1;0;0.9885;491;64;21
org.gjt.sp.jedit.BufferHistory.removeEntry(String);org.gjt.sp.jedit.MiscUtilities;0;0;2;1.0000;189;9;3;0;0;1.0000;629;50;3
org.gjt.sp.jedit.gui.HistoryText.setModel(String);org.gjt.sp.jedit.gui.HistoryModel;0;0;0;0;0;0;0;0;0;0;0;0;0
org.gjt.sp.jedit.PluginJAR.deactivatePlugin(boolean);org.gjt.sp.jedit.jEdit;5;1;4;0.8649;557;18;15;2;1;1.0000;1709;108;29
org.gjt.sp.jedit.browser.BrowserView.ParentMouseHandler.mousePressed(MouseEvent);org.gjt.sp.jedit.browser.BrowserView;1;0;0;1.0000;33;2;0;0;2;0.9000;139;12;7
org.gjt.sp.jedit.textarea.Selection.Range.contentRemoved(JEditBuffer, int, int, int, int);org.gjt.sp.jedit.buffer.JEditBuffer;0;0;0;0;0;0;0;0;0;0;0;0;0
org.gjt.sp.jedit.buffer.JEditBuffer.createPosition(int);org.gjt.sp.jedit.buffer.ContentManager;0;0;0;0;0;0;0;0;0;0;0;0;0
org.gjt.sp.jedit.io.VFS.copy(ProgressObserver, VFS, Object, String, VFS, Object, String, Component, boolean);org.gjt.sp.jedit.MiscUtilities;0;0;0;0;0;0;0;0;0;0;0;0;0
org.gjt.sp.jedit.options.ContextOptionPane._init();org.gjt.sp.jedit.EditAction;0;1;6;0.3000;66;3;6;1;0;0.9412;36;10;1
org.gjt.sp.jedit.gui.BufferOptions.ActionHandler.actionPerformed(ActionEvent);org.gjt.sp.jedit.gui.BufferOptions;1;0;0;1.0000;28;1;0;2;9;0.4500;131;2;15
gnu.regexp.REFilterInputStream.read();gnu.regexp.CharIndexedInputStream;3;0;6;0.7143;46;4;6;3;0;0.8800;86;4;8
bsh.Name.consumeNextObjectField(CallStack, Interpreter, boolean, boolean);bsh.Interpreter;5;7;5;0.7600;341;17;9;1;1;1.0000;490;39;19
org.gjt.sp.jedit.menu.EnhancedMenuItem.MouseHandler.mouseExited(MouseEvent);org.gjt.sp.jedit.gui.StatusBar;1;0;1;0.8000;19;3;1;1;0;0.9744;261;11;26
org.gjt.sp.jedit.options.PrintOptionPane._save();org.gjt.sp.jedit.jEdit;0;0;8;0.2000;41;2;8;3;0;1.0000;1709;108;29
gnu.regexp.RE.setRepeated(REToken, int, int, int);gnu.regexp.REException;1;1;0;1.0000;615;37;13;0;1;1.0000;20;1;15
org.gjt.sp.jedit.textarea.Gutter.MouseHandler.mousePressed(MouseEvent);org.gjt.sp.jedit.textarea.JEditTextArea;5;0;2;0.9474;89;5;4;4;7;0.9607;2774;208;61
org.gjt.sp.jedit.gui.CompleteWord.getNonAlphaNumericWordChars(Buffer, KeywordMap);org.gjt.sp.jedit.syntax.KeywordMap;0;0;0;1.0000;182;8;6;1;0;0.9333;76;8;4
org.gjt.sp.jedit.gui.IOProgressMonitor.ThreadProgress.update();org.gjt.sp.util.WorkThreadPool;2;0;3;0.6667;30;1;3;1;0;0.9722;174;15;14
org.gjt.sp.jedit.syntax.XModeHandler.startElement(String);org.gjt.sp.util.Log;4;2;11;0.7636;346;15;32;1;1;1.0000;142;9;16
org.gjt.sp.jedit.gui.PanelWindowContainer.MenuMouseHandler.mousePressed(MouseEvent);org.gjt.sp.jedit.gui.PanelWindowContainer;1;0;0;1.0000;31;1;0;1;3;0.8571;163;12;15
bsh.Interpreter.run();bsh.Primitive;4;9;9;0.7647;490;39;19;0;1;1.0000;506;35;5
org.gjt.sp.jedit.EditPane.swapMarkerAndCaret(char);org.gjt.sp.jedit.Marker;0;0;0;0;0;0;0;0;0;0;0;0;0
bsh.BSHAssignment.eval(CallStack, Interpreter);bsh.BSHPrimaryExpression;3;1;1;0.9474;71;2;1;1;0;0.9750;28;3;0
org.gjt.sp.jedit.gui.HistoryTextField.setModel(String);org.gjt.sp.jedit.gui.HistoryText;0;0;0;0;0;0;0;0;0;0;0;0;0
org.gjt.sp.jedit.buffer.JEditBuffer.fireTransactionComplete();org.gjt.sp.util.Log;0;0;0;0;0;0;0;0;0;0;0;0;0
bsh.BSHEnhancedForStatement.eval(CallStack, Interpreter);bsh.BSHType;3;0;1;0.9474;56;1;1;1;0;0.9630;82;6;4
org.gjt.sp.jedit.jEdit.closeAllBuffers(View, boolean);org.gjt.sp.jedit.BufferHistory;4;1;4;1.0000;1709;108;29;1;0;1.0000;189;9;3
org.gjt.sp.jedit.search.HyperSearchResults.ResultCellRenderer.getTreeCellRendererComponent(JTree, Object, boolean, boolean, boolean, int, boolean);org.gjt.sp.jedit.jEdit;1;0;2;0.5000;34;1;2;1;0;1.0000;1709;108;29
bsh.Parser.EqualityExpression();bsh.ParserConstants;4;5;2;0.9810;5894;347;13;0;2;0.9860;0;0;131
org.gjt.sp.jedit.browser.VFSDirectoryEntryTable.doTypeSelect(String, int, int, boolean);org.gjt.sp.jedit.io.VFSFile;0;0;0;0;0;0;0;0;0;0;0;0;0
org.gjt.sp.jedit.textarea.JEditTextArea.updateScrollBar();org.gjt.sp.jedit.textarea.DisplayManager;0;0;0;0;0;0;0;0;0;0;0;0;0
org.gjt.sp.jedit.options.EditingOptionPane.ModeProperties.save();org.gjt.sp.jedit.jEdit;1;0;14;0.3000;81;2;15;3;0;1.0000;1709;108;29
bsh.Parser.EnhancedForStatement();bsh.ParserTreeConstants;4;8;2;0.9732;5894;347;13;0;1;0.9833;0;0;39
org.objectweb.asm.ClassWriter.visitInnerClass(String, String, String, int);org.objectweb.asm.ByteVector;1;2;2;0.9070;305;21;49;1;0;0.9444;139;9;2
bsh.Reflect.invokeStaticMethod(BshClassManager, Class, String, Object[]);bsh.Interpreter;0;2;0;1.0000;422;31;0;1;0;1.0000;490;39;19
org.gjt.sp.jedit.browser.VFSDirectoryEntryTable.setDirectory(VFS, Object, ArrayList, Set);org.gjt.sp.jedit.io.VFSFile;0;0;0;0;0;0;0;0;0;0;0;0;0
org.gjt.sp.jedit.textarea.JEditTextArea.selectWord();org.gjt.sp.jedit.buffer.JEditBuffer;0;0;0;0;0;0;0;0;0;0;0;0;0
org.objectweb.asm.CodeWriter.visitLookupSwitchInsn(Label, int, Label);org.objectweb.asm.Constants;3;1;5;0.8889;919;30;27;0;1;0.9947;0;0;179
bsh.Parser.FormalParameter();bsh.Token;4;6;2;0.9783;5894;347;13;0;1;0.9565;9;1;8
org.gjt.sp.jedit.jEdit.newView(View, Buffer, View.ViewConfig);org.gjt.sp.jedit.EditBus;4;3;2;1.0000;1709;108;29;1;0;1.0000;44;4;2
bsh.Parser.ConditionalExpression();bsh.ParserConstants;2;7;2;0.9783;5894;347;13;0;2;0.9861;0;0;131
bsh.BSHUnaryExpression.unaryOperation(Object, int);bsh.ParserConstants;1;1;0;0.8571;50;4;2;0;1;0.9924;0;0;131
bsh.LHS.assign(Object, boolean);bsh.Primitive;0;0;12;0.6364;105;3;13;2;0;0.9375;506;35;5
bsh.Parser.ImportDeclaration();bsh.ParserConstants;3;6;2;0.9786;5894;347;13;0;5;0.9660;0;0;131
org.gjt.sp.jedit.gui.EnhancedButton.MouseHandler.mouseEntered(MouseEvent);org.gjt.sp.jedit.gui.EnhancedButton;2;0;1;0.8333;19;3;1;0;1;0.8333;14;1;1
installer.TarEntry.setModTime(Date);installer.TarHeader;1;0;1;0.9697;216;28;2;0;1;0.9444;106;8;36
org.gjt.sp.jedit.View.getTextArea();org.gjt.sp.jedit.EditPane;1;0;1;0.9841;679;41;39;0;1;0.9565;273;15;7
org.gjt.sp.jedit.options.BrowserColorsOptionPane.MouseHandler.mouseClicked(MouseEvent);org.gjt.sp.jedit.options.BrowserColorsOptionPane;1;0;0;1.0000;8;1;0;0;2;0.8462;58;4;6
org.gjt.sp.jedit.textarea.JEditTextArea.goToBufferStart(boolean);org.gjt.sp.jedit.buffer.JEditBuffer;0;0;0;0;0;0;0;0;0;0;0;0;0
org.gjt.sp.jedit.browser.VFSBrowser.filesSelected();org.gjt.sp.jedit.View;2;0;5;0.9286;542;33;34;1;0;0.9855;679;41;39
org.gjt.sp.jedit.pluginmgr.PluginList.Plugin.getCompatibleBranch();org.gjt.sp.jedit.pluginmgr.PluginList.Branch;0;0;1;0.9091;50;6;5;1;0;0.9167;16;3;8
org.gjt.sp.jedit.textarea.JEditTextArea.getMarkLine();org.gjt.sp.jedit.textarea.Selection;1;0;3;0.9885;2774;208;61;0;4;0.7895;43;9;4
org.gjt.sp.jedit.EditPane.loadCaretInfo();org.gjt.sp.jedit.buffer.JEditBuffer;0;0;0;0;0;0;0;0;0;0;0;0;0
org.gjt.sp.util.WorkRequest.setMaximum(long);org.gjt.sp.util.WorkThread;0;0;0;0;0;0;0;0;0;0;0;0;0
bsh.Interpreter.set(String, Object);bsh.SimpleNode;2;0;1;0.9821;490;39;19;0;1;1.0000;76;14;7
bsh.Parser.Type();bsh.ParserConstants;2;7;2;0.9762;5894;347;13;0;11;0.9247;0;0;131
org.gjt.sp.jedit.Registers.copy(JEditTextArea, char);org.gjt.sp.jedit.textarea.JEditTextArea;0;1;0;1.0000;231;16;5;1;0;0.9962;2774;208;61
org.gjt.sp.jedit.gui.InputHandler.setRepeatCount(int);org.gjt.sp.jedit.gui.StatusBar;1;0;2;0.9048;133;14;6;1;0;0.9750;261;11;26
bsh.Interpreter.getInterface(Class);bsh.UtilEvalError;1;0;1;0.9815;490;39;19;1;0;0.8571;14;2;0
org.gjt.sp.jedit.textarea.JEditTextArea.updateStructureHighlight();org.gjt.sp.jedit.textarea.Gutter;3;3;7;0.9624;2774;208;61;0;1;0.9831;266;20;25
org.gjt.sp.jedit.options.BrowserColorsOptionPane.SelectionHandler.valueChanged(ListSelectionEvent);org.gjt.sp.jedit.options.BrowserColorsOptionPane;0;0;0;1.0000;3;1;0;1;0;0.9091;58;4;6
org.gjt.sp.jedit.textarea.MouseHandler.doTripleDrag(MouseEvent);org.gjt.sp.jedit.buffer.JEditBuffer;0;0;0;0;0;0;0;0;0;0;0;0;0
org.gjt.sp.jedit.io.FileVFS.save(View, Buffer, String);org.gjt.sp.jedit.Buffer;2;1;1;1.0000;193;17;1;1;1;0.9878;1798;136;53
org.objectweb.asm.ClassWriter.newField(String, String, String);org.objectweb.asm.Item;1;5;3;0.8372;305;21;49;1;1;0.9231;76;6;11
org.gjt.sp.jedit.jEdit.updatePosition(String, Buffer);org.gjt.sp.jedit.io.VFSManager;2;2;2;1.0000;1709;108;29;1;0;1.0000;129;15;11
org.gjt.sp.jedit.pluginmgr.InstallPanel.PluginTableModel.update();org.gjt.sp.jedit.pluginmgr.PluginManager;5;1;2;0.8846;151;13;2;0;1;0.9667;133;6;11
org.objectweb.asm.ClassWriter.get(Item);org.objectweb.asm.Item;1;0;1;0.9773;305;21;49;1;2;0.8500;76;6;11
org.gjt.sp.jedit.GUIUtilities.UnixWorkaround.ComponentHandler.componentResized(ComponentEvent);org.gjt.sp.util.Log;2;0;0;1.0000;22;2;0;1;1;1.0000;142;9;16
installer.TarInputStream.getNextEntry();installer.TarEntry;1;1;8;0.7097;159;13;9;2;0;0.9574;216;28;2
org.gjt.sp.jedit.search.SearchAndReplace.find(View);org.gjt.sp.jedit.buffer.JEditBuffer;0;0;0;0;0;0;0;0;0;0;0;0;0
bsh.Parser.jj_3R_113();bsh.ParserConstants;1;3;1;0.9891;5894;347;13;0;5;0.9630;0;0;131
org.gjt.sp.jedit.textarea.JEditTextArea.smartEnd(boolean);org.gjt.sp.jedit.gui.InputHandler;2;3;1;0.9847;2774;208;61;0;1;0.9630;133;14;6
bsh.BSHAssignment.operation(Object, Object, int);bsh.Primitive;2;0;0;1.0000;71;2;1;1;2;1.0000;506;35;5
org.gjt.sp.jedit.search.SearchAndReplace.replaceAll(View);org.gjt.sp.jedit.View;3;5;2;1.0000;537;32;11;2;1;0.9583;679;41;39
org.gjt.sp.jedit.search.SearchDialog.createFindLabelAndField(JPanel, GridBagConstraints);org.gjt.sp.jedit.jEdit;0;0;0;0;0;0;0;0;0;0;0;0;0
org.gjt.sp.jedit.BeanShellAction.isSelected(Component);org.gjt.sp.jedit.GUIUtilities;2;0;3;0.7500;61;3;8;1;0;1.0000;486;55;9
org.gjt.sp.jedit.pluginmgr.InstallPanel.updateModel();org.gjt.sp.jedit.jEdit;0;0;2;0.7500;71;2;5;1;0;1.0000;1709;108;29
bsh.BSHPrimaryExpression.eval(boolean, CallStack, Interpreter);bsh.BSHPrimarySuffix;0;0;0;1.0000;28;3;0;1;0;0.9333;95;5;7
org.gjt.sp.jedit.indent.IndentAction.Increase.calculateIndent(JEditBuffer, int, int, int);org.gjt.sp.jedit.buffer.JEditBuffer;0;0;0;0;0;0;0;0;0;0;0;0;0
org.gjt.sp.jedit.textarea.MouseHandler.mousePressed(MouseEvent);org.gjt.sp.jedit.OperatingSystem;0;0;0;0;0;0;0;0;0;0;0;0;0
bsh.Parser.getNextToken();bsh.ParserTokenManager;1;0;3;0.9917;5894;347;13;1;0;0.9836;1699;47;25
bsh.Reflect.constructObject(Class, Object[]);bsh.Primitive;1;1;0;1.0000;422;31;0;1;0;1.0000;506;35;5
org.gjt.sp.jedit.Macros.confirm(Component, String, int, int);org.gjt.sp.jedit.GUIUtilities;0;0;0;1.0000;232;21;6;1;0;1.0000;486;55;9
org.gjt.sp.jedit.menu.EnhancedCheckBoxMenuItem.MouseHandler.mouseEntered(MouseEvent);org.gjt.sp.jedit.menu.EnhancedCheckBoxMenuItem;2;0;1;0.8333;19;3;1;0;1;0.9000;49;3;3
bsh.Parser.ExclusiveOrExpression();bsh.BSHBinaryExpression;4;5;2;0.9809;5894;347;13;0;1;0.9412;55;3;1
org.gjt.sp.jedit.gui.DockableWindowFactory.loadDockableWindows(PluginJAR, URL, PluginJAR.PluginCacheEntry);org.gjt.sp.jedit.PluginJAR.PluginCacheEntry;0;0;0;0;0;0;0;0;0;0;0;0;0
org.gjt.sp.jedit.io.VFS.copy(ProgressObserver, VFS, Object, String, VFS, Object, String, Component, boolean);org.gjt.sp.util.ProgressObserver;0;0;0;0;0;0;0;0;0;0;0;0;0
org.gjt.sp.jedit.textarea.Gutter.updateBorder();org.gjt.sp.jedit.View;2;1;4;0.8837;266;20;25;0;1;0.9855;679;41;39
org.gjt.sp.jedit.help.HelpViewer.PropertyChangeHandler.propertyChange(PropertyChangeEvent);org.gjt.sp.jedit.MiscUtilities;1;0;0;1.0000;9;1;0;1;0;1.0000;629;50;3
org.gjt.sp.jedit.search.HyperSearchRequest.run();org.gjt.sp.jedit.jEdit;2;2;2;0.7647;130;5;6;2;0;1.0000;1709;108;29
org.gjt.sp.jedit.browser.VFSBrowser.FavoritesMenuButton.ActionHandler.actionPerformed(ActionEvent);org.gjt.sp.jedit.GUIUtilities;3;0;0;1.0000;33;1;0;1;0;1.0000;486;55;9
org.gjt.sp.jedit.PluginJAR.deactivatePlugin(boolean);org.gjt.sp.jedit.EditPlugin;5;1;4;0.8649;557;18;15;2;1;0.8125;42;7;1
org.gjt.sp.jedit.pluginmgr.PluginListHandler.attribute(String, String, boolean);org.gjt.sp.util.Log;1;0;10;0.7059;133;11;23;1;1;1.0000;142;9;16
org.gjt.sp.jedit.browser.BrowserView.TableMouseHandler.mousePressed(MouseEvent);org.gjt.sp.jedit.GUIUtilities;2;0;0;1.0000;58;3;0;2;0;1.0000;486;55;9
org.gjt.sp.jedit.menu.MarkersProvider.update(JMenu);org.gjt.sp.jedit.Marker;3;0;0;1.0000;33;2;0;1;1;0.8000;26;3;4
org.gjt.sp.jedit.jEdit.closeBuffer(View, Buffer);org.gjt.sp.jedit.buffer.BufferIORequest;3;1;0;1.0000;1709;108;29;0;1;1.0000;509;11;25
bsh.BSHTernaryExpression.eval(CallStack, Interpreter);bsh.BSHIfStatement;0;0;0;1.0000;8;1;0;1;0;1.0000;19;2;0
org.gjt.sp.jedit.browser.VFSBrowser.DirectoryLoadedAWTRequest.run();org.gjt.sp.jedit.io.VFSFile;0;0;0;0;0;0;0;0;0;0;0;0;0
org.gjt.sp.jedit.PluginJAR.generateCache();org.gjt.sp.jedit.JARClassLoader;5;2;10;0.7647;557;18;15;2;0;0.9545;143;11;6
org.gjt.sp.jedit.textarea.MouseHandler.mouseReleased(MouseEvent);org.gjt.sp.jedit.Registers;0;0;0;0;0;0;0;0;0;0;0;0;0
bsh.LHS.assign(Object, boolean);bsh.Interpreter;0;0;12;0.6364;105;3;13;1;0;1.0000;490;39;19
org.gjt.sp.jedit.EditPane.propertiesChanged();org.gjt.sp.jedit.textarea.TextAreaPainter;2;0;1;0.9831;273;15;7;17;0;0.7792;269;31;36
org.gjt.sp.jedit.gui.InputHandler.invokeReadNextChar(char);org.gjt.sp.jedit.buffer.JEditBuffer;0;0;0;0;0;0;0;0;0;0;0;0;0
org.gjt.sp.jedit.options.SyntaxHiliteOptionPane.MouseHandler.mouseClicked(MouseEvent);org.gjt.sp.jedit.options.SyntaxHiliteOptionPane;1;0;0;1.0000;6;1;0;0;2;0.8000;30;4;3
org.gjt.sp.jedit.browser.VFSDirectoryEntryTableModel.addExtendedAttributes(VFS);org.gjt.sp.jedit.io.VFS;1;0;1;0.9375;103;11;2;0;1;0.9697;191;26;17
org.gjt.sp.jedit.help.HistoryButton.HistoryListActionHandler.actionPerformed(ActionEvent);org.gjt.sp.jedit.help.HistoryButton;0;0;0;0;0;0;0;0;0;0;0;0;0
org.objectweb.asm.ClassWriter.toByteArray();org.objectweb.asm.Item;4;1;13;0.7255;305;21;49;0;1;0.9762;76;6;11
org.gjt.sp.jedit.Macros.recordTemporaryMacro(View);org.gjt.sp.jedit.jEdit;2;1;0;1.0000;232;21;6;2;1;1.0000;1709;108;29
org.gjt.sp.jedit.View.unsplitCurrent();org.gjt.sp.jedit.EditPane;0;2;2;0.9375;679;41;39;2;0;0.9231;273;15;7
org.gjt.sp.jedit.options.PluginManagerOptionPane.updateMirrorLabel();org.gjt.sp.jedit.pluginmgr.MirrorList.Mirror;0;0;0;0;0;0;0;0;0;0;0;0;0
bsh.Parser.jj_3R_120();bsh.ParserConstants;1;1;1;0.9945;5894;347;13;0;2;0.9850;0;0;131
bsh.BSHAllocationExpression.constructObject(Class, Object[], CallStack);bsh.This;2;0;0;1.0000;119;9;1;0;1;0.9286;79;9;2
bsh.ClassGeneratorUtil.generateParameterReifierCode(String[], boolean, CodeVisitor);org.objectweb.asm.CodeVisitor;1;1;0;1.0000;457;21;19;5;0;0.8000;17;17;0
org.gjt.sp.jedit.search.SearchAndReplace.getSmartCaseReplace();org.gjt.sp.jedit.TextUtilities;1;0;1;1.0000;537;32;11;1;1;1.0000;343;14;8
org.gjt.sp.jedit.jEdit.reloadAllBuffers(View, boolean);org.gjt.sp.jedit.GUIUtilities;1;1;1;1.0000;1709;108;29;1;0;1.0000;486;55;9
org.gjt.sp.jedit.textarea.JEditTextArea.shiftIndentRight();org.gjt.sp.jedit.buffer.JEditBuffer;0;0;0;0;0;0;0;0;0;0;0;0;0
org.gjt.sp.jedit.gui.IOProgressMonitor.addNotify();org.gjt.sp.jedit.io.VFSManager;1;0;1;0.8571;30;3;3;0;1;1.0000;129;15;11
org.gjt.sp.jedit.GUIUtilities.listConfirm(Component, String, String[], Object[]);org.gjt.sp.jedit.jEdit;0;0;0;0;0;0;0;0;0;0;0;0;0
bsh.Interpreter.run();bsh.ParseException;4;9;9;0.7647;490;39;19;1;0;0.9787;133;6;6
org.gjt.sp.jedit.textarea.JEditTextArea.addToSelection(Selection[]);org.gjt.sp.jedit.textarea.SelectionManager;0;0;0;0;0;0;0;0;0;0;0;0;0
bsh.Parser.ConditionalAndExpression();bsh.JJTParserState;4;5;2;0.9810;5894;347;13;2;0;0.9286;74;10;5
bsh.Parser.FormalComment();bsh.ParserTreeConstants;4;3;2;0.9864;5894;347;13;0;1;0.9796;0;0;39
org.gjt.sp.jedit.gui.CompleteWord.getCompletions(Buffer, String, int);org.gjt.sp.jedit.buffer.JEditBuffer;0;0;0;0;0;0;0;0;0;0;0;0;0
org.gjt.sp.jedit.textarea.DisplayManager.init();org.gjt.sp.jedit.buffer.JEditBuffer;0;0;0;0;0;0;0;0;0;0;0;0;0
org.gjt.sp.jedit.Buffer.save(View, String, boolean);org.gjt.sp.jedit.io.VFS;2;6;6;0.9387;1798;136;53;1;0;0.9750;191;26;17
org.gjt.sp.jedit.browser.BrowserIORequest.mkdir();org.gjt.sp.util.Log;1;0;4;0.7778;179;6;11;1;1;1.0000;142;9;16
bsh.ParserTokenManager.getNextToken();bsh.Token;2;2;7;0.8906;1699;47;25;0;2;0.9048;9;1;8
org.gjt.sp.jedit.gui.DockableWindowManager.showDockableWindow(String);org.gjt.sp.jedit.gui.DockableWindowFactory.Window;0;0;0;0;0;0;0;0;0;0;0;0;0
bsh.Parser.AllocationExpression();bsh.ParserConstants;2;11;2;0.9648;5894;347;13;0;3;0.9799;0;0;131
installer.OperatingSystem.Unix.ManPageOSTask.perform(String, Vector);installer.Install;0;0;0;1.0000;16;2;0;2;0;0.8000;61;4;2
bsh.Parser.ImportDeclaration();bsh.BSHImportDeclaration;3;6;2;0.9786;5894;347;13;0;3;0.8696;27;1;3
bsh.Interpreter.set(String, Object);bsh.LHS;2;0;1;0.9821;490;39;19;1;0;0.9545;105;3;13
org.gjt.sp.jedit.jEdit.closeAllBuffers(View, boolean);org.gjt.sp.jedit.textarea.DisplayManager;4;1;4;1.0000;1709;108;29;1;0;1.0000;513;30;16
org.gjt.sp.jedit.gui.HistoryTextField.HistoryBorder.paintBorder(Component, Graphics, int, int, int, int);org.gjt.sp.jedit.gui.HistoryTextField;1;0;1;1.0000;15;2;1;0;1;0.9565;211;12;7
org.gjt.sp.jedit.Mode.accept(String, String);gnu.regexp.RE;0;0;2;0.8667;89;9;5;1;0;0.9773;615;37;13
org.gjt.sp.jedit.browser.VFSDirectoryEntryTable.processKeyEvent(KeyEvent);org.gjt.sp.jedit.browser.VFSBrowser;6;3;3;0.8065;240;13;4;3;7;0.9118;542;33;34
org.gjt.sp.jedit.browser.VFSBrowser.newFile();org.gjt.sp.jedit.jEdit;1;1;2;0.9464;542;33;34;1;0;1.0000;1709;108;29
bsh.NameSpace.getThis(Interpreter);bsh.This;0;0;1;0.9882;491;64;21;1;0;1.0000;79;9;2
org.gjt.sp.jedit.print.BufferPrintable.printPage(Graphics, PageFormat, int, boolean);org.gjt.sp.jedit.syntax.Chunk;1;2;13;0.4400;165;5;23;2;0;1.0000;132;8;11
org.gjt.sp.jedit.io.FavoritesVFS.saveFavorites();org.gjt.sp.jedit.io.VFSFile;0;0;0;0;0;0;0;0;0;0;0;0;0
org.gjt.sp.jedit.textarea.JEditTextArea.selectToMatchingBracket(int, boolean);org.gjt.sp.jedit.buffer.JEditBuffer;0;0;0;0;0;0;0;0;0;0;0;0;0
org.gjt.sp.jedit.gui.CompleteWord.completeWord(View);org.gjt.sp.jedit.syntax.KeywordMap;3;3;0;1.0000;182;8;6;0;1;0.9630;76;8;4
bsh.Parser.TypedVariableDeclaration();bsh.BSHTypedVariableDeclaration;4;7;2;0.9755;5894;347;13;0;1;0.9545;44;5;1
org.gjt.sp.jedit.buffer.UndoManager.Insert.undo();org.gjt.sp.jedit.buffer.UndoManager;1;0;3;0.7000;16;2;4;0;2;0.9286;139;12;11
org.gjt.sp.jedit.gui.StatusBar.MemoryStatus.MouseHandler.mousePressed(MouseEvent);org.gjt.sp.jedit.gui.StatusBar;1;0;0;1.0000;6;1;0;0;1;0.9730;261;11;26
org.gjt.sp.jedit.Buffer.getContextSensitiveProperty(int, String);org.gjt.sp.jedit.syntax.ParserRuleSet;1;1;1;0.9879;1798;136;53;0;2;0.9394;126;13;19
bsh.Reflect.invokeOnMethod(Method, Object, Object[]);bsh.Primitive;2;0;0;1.0000;422;31;0;2;1;1.0000;506;35;5
bsh.BshClassManager.getResolvedMethod(Class, String, Class[], boolean);bsh.Interpreter;1;0;2;0.9444;176;32;9;1;1;1.0000;490;39;19
org.gjt.sp.jedit.GUIUtilities.loadStyles(String, int, boolean);org.gjt.sp.util.Log;2;1;0;1.0000;486;55;9;1;1;1.0000;142;9;16
org.gjt.sp.jedit.ModeCatalogHandler.doctypeDecl(String, String, String);org.gjt.sp.util.Log;1;0;1;0.9000;45;4;6;1;1;1.0000;142;9;16
org.gjt.sp.jedit.textarea.JEditTextArea.invalidateScreenLineRange(int, int);org.gjt.sp.jedit.textarea.ChunkCache;1;0;5;0.9808;2774;208;61;1;0;0.9762;333;25;9
org.gjt.sp.jedit.jEdit.openFile(View, String, String, boolean, Hashtable);org.gjt.sp.jedit.BufferHistory;3;2;2;1.0000;1709;108;29;1;0;1.0000;189;9;3
org.gjt.sp.jedit.buffer.BufferIORequest.read(Reader, long, boolean);org.gjt.sp.util.SegmentBuffer;2;0;7;0.9286;509;11;25;2;0;0.8571;21;3;0
bsh.Types.castObject(Class, Class, Object, int, boolean);bsh.Primitive;1;1;2;1.0000;98;10;4;6;2;0.9524;506;35;5
org.gjt.sp.jedit.gui.LogViewer.LogList.processMouseEvent(MouseEvent);org.gjt.sp.jedit.gui.LogViewer;1;0;1;0.7500;27;2;1;0;1;0.9091;53;5;4
bsh.Parser.TryStatement();bsh.JJTParserState;2;7;2;0.9757;5894;347;13;4;0;0.8710;74;10;5
org.gjt.sp.jedit.textarea.ScrollLineCount.reset();org.gjt.sp.jedit.textarea.DisplayManager;0;0;0;0;0;0;0;0;0;0;0;0;0
org.gjt.sp.jedit.textarea.SelectionManager.getSelectionStartAndEnd(int, int, Selection);org.gjt.sp.jedit.textarea.Selection.Rect;0;0;0;0;0;0;0;0;0;0;0;0;0
bsh.Parser.MethodDeclaration();bsh.BSHMethodDeclaration;5;10;2;0.9687;5894;347;13;0;3;0.9362;57;7;8
bsh.ClassGeneratorUtil.initInstance(Object, String, Object[]);bsh.ClassGeneratorImpl.ClassNodeFilter;3;3;2;1.0000;457;21;19;0;1;1.0000;16;2;7
org.gjt.sp.jedit.browser.VFSFileChooserDialog.GetFileTypeRequest.run();org.gjt.sp.jedit.browser.VFSFileChooserDialog;3;0;4;0.5556;30;1;4;0;1;0.9500;155;5;7
org.gjt.sp.jedit.browser.VFSBrowser.rename(String);org.gjt.sp.jedit.io.VFSManager;1;1;0;0.9821;542;33;34;3;0;1.0000;129;15;11
bsh.Parser.CastExpression();bsh.ParserConstants;2;8;2;0.9728;5894;347;13;0;2;0.9863;0;0;131
org.gjt.sp.jedit.buffer.JEditBuffer.writeUnlock();org.gjt.sp.util.ReadWriteLock;0;0;0;0;0;0;0;0;0;0;0;0;0
org.gjt.sp.jedit.menu.EnhancedMenuItem.MouseHandler.mouseEntered(MouseEvent);org.gjt.sp.jedit.menu.EnhancedMenuItem;2;0;1;0.8333;19;3;1;0;1;0.8889;47;3;5
bsh.Parser.AmbiguousName();bsh.ParserConstants;4;4;1;0.9864;5894;347;13;0;2;0.9858;0;0;131
org.gjt.sp.jedit.textarea.DisplayManager.updateScreenLineCount(int);org.gjt.sp.jedit.textarea.JEditTextArea;0;0;0;0;0;0;0;0;0;0;0;0;0
org.gjt.sp.jedit.gui.CloseDialog.ActionHandler.actionPerformed(ActionEvent);org.gjt.sp.jedit.Buffer;3;0;0;1.0000;51;1;0;1;0;0.9942;1798;136;53
org.gjt.sp.jedit.BeanShell._eval(View, NameSpace, String);org.gjt.sp.jedit.Debug;2;4;0;1.0000;279;22;6;0;1;1.0000;0;0;22
gnu.regexp.REMatch.finish(CharIndexed);gnu.regexp.CharIndexed;0;0;4;0.8095;95;12;8;1;0;0.8750;3;3;1
org.gjt.sp.jedit.jEdit.saveSettings();org.gjt.sp.jedit.search.SearchAndReplace;1;1;3;1.0000;1709;108;29;1;0;1.0000;537;32;11
bsh.ClassGeneratorUtil.generateMethod(String, String, String, String, String[], int, ClassWriter);org.objectweb.asm.CodeVisitor;1;3;3;1.0000;457;21;19;6;0;0.7778;17;17;0
installer.TarOutputStream.putNextEntry(TarEntry);installer.TarBuffer;2;0;4;0.8462;92;10;8;1;0;0.9714;162;11;11
org.gjt.sp.jedit.gui.FloatingWindowContainer.MouseHandler.mousePressed(MouseEvent);org.gjt.sp.jedit.GUIUtilities;3;0;1;0.8571;7;1;1;1;0;1.0000;486;55;9
org.gjt.sp.jedit.pluginmgr.MirrorListHandler.endElement(String);org.gjt.sp.jedit.pluginmgr.MirrorList;1;1;7;0.6923;67;11;9;1;0;0.9412;24;2;1
bsh.Interpreter.main(String[]);bsh.TargetError;1;4;2;0.9259;490;39;19;1;1;0.8667;47;7;2
org.gjt.sp.jedit.browser.BrowserView.TableMouseHandler.mousePressed(MouseEvent);org.gjt.sp.jedit.browser.BrowserView;2;0;0;1.0000;58;3;0;1;2;0.8636;139;12;7
org.gjt.sp.jedit.jEdit.getBuffer(String);org.gjt.sp.jedit.MiscUtilities;0;1;0;1.0000;1709;108;29;1;0;1.0000;629;50;3
org.gjt.sp.jedit.EditPane.goToNextMarker(boolean);org.gjt.sp.jedit.textarea.JEditTextArea;0;0;0;0;0;0;0;0;0;0;0;0;0
org.gjt.sp.jedit.browser.VFSDirectoryEntryTable.processKeyEvent(KeyEvent);org.gjt.sp.jedit.browser.VFSDirectoryEntryTableModel.Entry;6;3;3;0.8065;240;13;4;0;2;0.9091;4;0;3
org.gjt.sp.jedit.gui.HistoryText.ActionHandler.actionPerformed(ActionEvent);org.gjt.sp.jedit.gui.HistoryText;0;0;0;0;0;0;0;0;0;0;0;0;0
org.gjt.sp.jedit.textarea.JEditTextArea.userInput(char);org.gjt.sp.jedit.Abbrevs;2;7;6;0.9519;2774;208;61;1;1;1.0000;225;15;8
bsh.EvalError.toString();bsh.SimpleNode;0;1;3;0.6923;59;7;3;3;0;0.8750;76;14;7
org.gjt.sp.jedit.MiscUtilities.getFileName(String);org.gjt.sp.jedit.io.VFS;0;0;0;1.0000;629;50;3;1;0;0.9667;191;26;17
org.gjt.sp.jedit.View.close();org.gjt.sp.jedit.GUIUtilities;0;1;10;0.8281;679;41;39;1;0;1.0000;486;55;9
bsh.Name.consumeNextObjectField(CallStack, Interpreter, boolean, boolean);bsh.NameSpace;5;7;5;0.7600;341;17;9;3;2;0.9468;491;64;21
org.gjt.sp.jedit.options.AbbrevsOptionPane.ActionHandler.actionPerformed(ActionEvent);org.gjt.sp.jedit.options.AbbrevsOptionPane;1;0;0;1.0000;30;1;0;3;7;0.4444;112;5;8
org.gjt.sp.jedit.search.SearchDialog.save(boolean);org.gjt.sp.jedit.gui.HistoryTextField;3;0;17;0.6383;431;17;30;1;0;0.9783;211;12;7
bsh.Name.invokeLocalMethod(Interpreter, Object[], CallStack, SimpleNode);bsh.Types;1;0;2;0.9130;341;17;9;1;0;1.0000;98;10;4
bsh.ParserTokenManager.jjMoveStringLiteralDfa19_0(long, long, long, long);bsh.JavaCharStream;0;3;2;0.9123;1699;47;25;1;0;0.9804;331;25;17
org.gjt.sp.jedit.search.SearchBar.find(boolean);org.gjt.sp.jedit.textarea.Selection;5;1;5;0.7778;130;6;10;0;2;0.9355;43;9;4
org.gjt.sp.jedit.browser.VFSBrowser.FavoritesMenuButton.ActionHandler.actionPerformed(ActionEvent);org.gjt.sp.jedit.jEdit;3;0;0;1.0000;33;1;0;1;0;1.0000;1709;108;29
org.gjt.sp.jedit.textarea.JEditTextArea.getSelectedLines();org.gjt.sp.jedit.textarea.SelectionManager;0;0;0;0;0;0;0;0;0;0;0;0;0
org.gjt.sp.jedit.textarea.StructureMatcher.Highlight.paintValidLine(Graphics2D, int, int, int, int, int);org.gjt.sp.jedit.textarea.JEditTextArea;2;1;1;0.6667;55;3;1;0;2;0.9924;2774;208;61
bsh.BSHPackageDeclaration.eval(CallStack, Interpreter);bsh.CallStack;3;0;0;1.0000;10;1;0;1;0;0.9444;52;11;1
org.gjt.sp.jedit.pluginmgr.Roster.Remove.unloadPluginJAR(PluginJAR);org.gjt.sp.jedit.PluginJAR;1;1;0;1.0000;49;4;1;1;0;0.9697;557;18;15
org.gjt.sp.jedit.EditPane.loadCaretInfo();org.gjt.sp.jedit.gui.StatusBar;2;0;3;0.8929;273;15;7;1;0;0.9783;261;11;26
gnu.regexp.REFilterInputStream.read();gnu.regexp.CharIndexed;3;0;6;0.7143;46;4;6;0;1;0.9500;3;3;1
bsh.Parser.MethodDeclaration();bsh.ParserTreeConstants;5;10;2;0.9687;5894;347;13;0;1;0.9861;0;0;39
org.gjt.sp.jedit.search.SearchDialog.dispose();org.gjt.sp.jedit.EditBus;0;0;2;0.9750;431;17;30;1;0;1.0000;44;4;2
org.gjt.sp.jedit.browser.VFSBrowser.reloadDirectory();org.gjt.sp.jedit.io.VFS;0;1;2;0.9464;542;33;34;1;0;0.9714;191;26;17
org.gjt.sp.jedit.textarea.TextAreaTransferHandler.importFile(JComponent, Transferable);org.gjt.sp.jedit.EditPane;0;0;0;0;0;0;0;0;0;0;0;0;0
org.gjt.sp.jedit.gui.HistoryTextField.getInstantPopups();org.gjt.sp.jedit.gui.HistoryText;0;0;0;0;0;0;0;0;0;0;0;0;0
org.gjt.sp.jedit.gui.OptionsDialog.cancel();org.gjt.sp.jedit.OptionPane;0;1;2;0.8846;231;15;9;1;0;0.8571;4;4;0
org.gjt.sp.jedit.gui.CompleteWord.KeyHandler.keyPressed(KeyEvent);org.gjt.sp.jedit.View;2;0;0;1.0000;95;2;0;1;0;0.9861;679;41;39
QuickNotepad.removeNotify();org.gjt.sp.jedit.EditBus;0;1;0;0.9333;100;9;6;1;0;1.0000;44;4;2
org.gjt.sp.jedit.options.ShortcutsOptionPane.TableMouseHandler.mouseClicked(MouseEvent);org.gjt.sp.jedit.gui.GrabKeyDialog;2;0;0;1.0000;8;1;0;1;1;0.9200;144;9;10
installer.Install.copy(InputStream, String, Progress);installer.OperatingSystem;0;0;1;0.8571;61;4;2;2;0;0.8000;20;4;1
macos.Delegate.handlePreferences(ApplicationEvent);org.gjt.sp.jedit.jEdit;1;0;0;1.0000;156;12;2;1;0;1.0000;1709;108;29
org.gjt.sp.jedit.gui.CompleteWord.completeWord(String, int, String);org.gjt.sp.jedit.TextUtilities;0;0;0;1.0000;182;8;6;1;0;1.0000;343;14;8
org.gjt.sp.jedit.gui.PanelWindowContainer.show(DockableWindowManager.Entry);org.gjt.sp.jedit.gui.DockableWindowFactory.Window;0;0;0;0;0;0;0;0;0;0;0;0;0
org.gjt.sp.jedit.help.HelpSearchPanel.MouseHandler.mouseReleased(MouseEvent);org.gjt.sp.jedit.help.HelpSearchPanel.Result;2;0;0;1.0000;7;1;0;0;1;0.8571;5;0;3
org.gjt.sp.jedit.pluginmgr.ManagePanel.PluginTableModel.unloadPluginJAR(PluginJAR);org.gjt.sp.jedit.PluginJAR;0;1;0;1.0000;153;15;2;1;0;0.9688;557;18;15
bsh.Primitive.intUnaryOperation(Integer, int);bsh.ParserConstants;1;0;0;1.0000;506;35;5;0;5;0.9618;0;0;131
bsh.Parser.UnaryExpressionNotPlusMinus();bsh.JJTParserState;4;8;2;0.9742;5894;347;13;2;0;0.9600;74;10;5
org.gjt.sp.jedit.browser.VFSFileNameField.goToParent();org.gjt.sp.jedit.io.VFS;3;0;1;0.9286;129;5;1;0;2;0.9737;191;26;17
org.gjt.sp.jedit.textarea.JEditTextArea.invalidateScreenLineRange(int, int);org.gjt.sp.jedit.textarea.TextAreaPainter;1;0;5;0.9808;2774;208;61;0;1;0.9839;269;31;36
org.gjt.sp.jedit.pluginmgr.ManagePanel.HeaderMouseHandler.mouseClicked(MouseEvent);org.gjt.sp.jedit.pluginmgr.ManagePanel;2;0;0;1.0000;12;1;0;0;2;0.7500;46;2;4
org.gjt.sp.jedit.browser.VFSDirectoryEntryTable.maybeReloadDirectory(String);org.gjt.sp.jedit.browser.BrowserView;3;0;1;0.9600;240;13;4;2;0;0.9259;139;12;7
org.gjt.sp.jedit.textarea.TextAreaPainter.addExtension(int, TextAreaExtension);org.gjt.sp.jedit.textarea.ExtensionManager;0;0;1;0.9818;269;31;36;1;0;0.8750;75;6;1
org.gjt.sp.jedit.gui.InputHandler.invokeAction(EditAction);org.gjt.sp.jedit.buffer.JEditBuffer;0;0;0;0;0;0;0;0;0;0;0;0;0
org.gjt.sp.jedit.textarea.JEditTextArea.moveCaretPosition(int, int);org.gjt.sp.jedit.buffer.JEditBuffer;0;0;0;0;0;0;0;0;0;0;0;0;0
bsh.Parser.jj_3R_189();bsh.ParserConstants;1;3;0;0.9918;5894;347;13;0;3;0.9776;0;0;131
org.gjt.sp.jedit.BeanShell.showEvaluateLinesDialog(View);org.gjt.sp.jedit.View;1;1;1;1.0000;279;22;6;2;1;0.9559;679;41;39
org.gjt.sp.jedit.BeanShell._runScript(View, String, Reader, NameSpace);bsh.Interpreter;1;4;2;1.0000;279;22;6;3;0;0.9483;490;39;19
org.gjt.sp.jedit.textarea.JEditTextArea.getSelectionStart();org.gjt.sp.jedit.textarea.Selection;1;0;2;0.9923;2774;208;61;0;1;0.9444;43;9;4
org.gjt.sp.jedit.textarea.DisplayManager.isLineVisible(int);org.gjt.sp.jedit.textarea.RangeMap;0;0;0;0;0;0;0;0;0;0;0;0;0
org.gjt.sp.jedit.search.HyperSearchFileNode.getBuffer();org.gjt.sp.jedit.jEdit;0;0;0;0;0;0;0;0;0;0;0;0;0
org.gjt.sp.jedit.options.AppearanceOptionPane._save();org.gjt.sp.jedit.jEdit;2;0;11;0.2143;100;3;11;3;1;1.0000;1709;108;29
bsh.NameSpace.getImportedClassImpl(String);bsh.BshClassManager;1;3;2;0.9438;491;64;21;3;0;0.9302;176;32;9
bsh.Parser.Assignment();bsh.ParserTreeConstants;2;5;1;0.9837;5894;347;13;0;1;0.9800;0;0;39
macos.Delegate.applicationOpenFiles(NSApplication, NSArray);org.gjt.sp.jedit.PerspectiveManager;1;0;0;1.0000;156;12;2;1;0;1.0000;135;3;1
org.gjt.sp.jedit.textarea.BufferHandler.contentInserted(JEditBuffer, int, int, int, int);org.gjt.sp.jedit.textarea.ScreenLineManager;0;0;0;0;0;0;0;0;0;0;0;0;0
org.gjt.sp.jedit.textarea.JEditTextArea.extendSelection(int, int, int, int);org.gjt.sp.jedit.textarea.SelectionManager;0;0;0;0;0;0;0;0;0;0;0;0;0
org.gjt.sp.jedit.gui.DockableLayout.layoutContainer(Container);org.gjt.sp.jedit.gui.DockablePanel;0;0;0;0;0;0;0;0;0;0;0;0;0
org.gjt.sp.jedit.search.SearchBar.DocumentHandler.insertUpdate(DocumentEvent);org.gjt.sp.jedit.textarea.JEditTextArea;3;0;0;1.0000;30;3;0;1;1;0.9924;2774;208;61
bsh.BSHAllocationExpression.constructObject(Class, Object[], CallStack);bsh.CallStack;2;0;0;1.0000;119;9;1;1;0;0.9474;52;11;1
com.microstar.xml.XmlParser.parseDoctypedecl();com.microstar.xml.XmlHandler;0;8;4;0.9346;2091;113;92;1;0;0.9565;13;13;0
bsh.Parser.ForStatement();bsh.BSHForStatement;3;8;2;0.9755;5894;347;13;0;3;0.9531;42;1;8
org.gjt.sp.jedit.textarea.JEditTextArea.scrollToCaret(boolean);org.gjt.sp.jedit.buffer.JEditBuffer;0;0;0;0;0;0;0;0;0;0;0;0;0
bsh.Parser.FormalComment();bsh.ParserConstants;4;3;2;0.9864;5894;347;13;0;1;0.9929;0;0;131
bsh.BshClassManager.cacheResolvedMethod(Class, Class[], Method);bsh.Interpreter;1;0;2;0.9444;176;32;9;1;1;1.0000;490;39;19
bsh.Interpreter.eval(Reader, NameSpace, String);bsh.Primitive;4;5;4;0.9091;490;39;19;1;0;1.0000;506;35;5
macos.MacOSOptionPane._save();org.gjt.sp.jedit.jEdit;0;0;3;0.5000;27;3;3;1;0;1.0000;1709;108;29
bsh.ClassGeneratorUtil.initInstance(Object, String, Object[]);bsh.BSHBlock;3;3;2;1.0000;457;21;19;1;0;0.9412;48;3;1
org.gjt.sp.jedit.buffer.JEditBuffer.getLineCount();org.gjt.sp.jedit.buffer.LineManager;0;0;0;0;0;0;0;0;0;0;0;0;0
org.gjt.sp.jedit.gui.FontSelector.ActionHandler.actionPerformed(ActionEvent);org.gjt.sp.jedit.gui.FontSelectorDialog;0;0;0;1.0000;14;1;0;1;0;0.9565;156;7;12
org.gjt.sp.jedit.browser.VFSBrowser.newFile();org.gjt.sp.jedit.io.VFS;1;1;2;0.9464;542;33;34;1;0;0.9714;191;26;17
bsh.Parser.Arguments();bsh.ParserTreeConstants;2;5;2;0.9821;5894;347;13;0;1;0.9868;0;0;39
org.gjt.sp.jedit.gui.CompleteWord.getCompletions(Buffer, String, int);org.gjt.sp.jedit.View;3;2;0;1.0000;182;8;6;1;1;0.9692;679;41;39
org.gjt.sp.jedit.View.WindowHandler.windowClosing(WindowEvent);org.gjt.sp.jedit.jEdit;0;0;0;1.0000;12;2;0;1;0;1.0000;1709;108;29
bsh.ClassGeneratorImpl.generateClassImpl(String, Modifiers, Class[], Class, BSHBlock, boolean, CallStack, Interpreter);bsh.Reflect;3;2;0;1.0000;109;7;0;1;0;1.0000;422;31;0
org.gjt.sp.jedit.buffer.JEditBuffer.undo(JEditTextArea);org.gjt.sp.jedit.buffer.UndoManager;0;0;0;0;0;0;0;0;0;0;0;0;0
org.gjt.sp.jedit.browser.VFSBrowser.createPluginsMenu(JComponent, boolean);org.gjt.sp.jedit.MiscUtilities;0;0;0;0;0;0;0;0;0;0;0;0;0
org.gjt.sp.jedit.textarea.MouseHandler.doDoubleClick();org.gjt.sp.jedit.TextUtilities;0;0;0;0;0;0;0;0;0;0;0;0;0
org.gjt.sp.jedit.textarea.JEditTextArea.goToPrevWord(boolean, boolean);org.gjt.sp.jedit.TextUtilities;0;6;5;0.9577;2774;208;61;1;0;1.0000;343;14;8
org.gjt.sp.jedit.ActionSet.getCacheableActionNames();org.gjt.sp.util.Log;2;0;2;0.9565;155;14;7;1;1;1.0000;142;9;16
org.gjt.sp.jedit.textarea.TextAreaDropHandler.dragOver(DropTargetDragEvent);org.gjt.sp.jedit.textarea.TextAreaPainter;0;0;0;0;0;0;0;0;0;0;0;0;0
org.gjt.sp.jedit.browser.VFSFileChooserDialog.getSelectedFiles();org.gjt.sp.jedit.io.VFSFile;0;0;0;0;0;0;0;0;0;0;0;0;0
org.gjt.sp.jedit.jEdit.addPluginJAR(String);org.gjt.sp.jedit.PluginJAR;1;2;1;1.0000;1709;108;29;1;0;0.9688;557;18;15
bsh.ClassGeneratorImpl.invokeSuperclassMethodImpl(BshClassManager, Object, String, Object[]);bsh.ClassGeneratorUtil;1;0;0;1.0000;109;7;0;0;1;1.0000;457;21;19
org.gjt.sp.jedit.io.FileVFS._getFile(Object, String, Component);org.gjt.sp.jedit.io.VFSFile;0;0;0;0;0;0;0;0;0;0;0;0;0
org.gjt.sp.jedit.jEdit._closeBuffer(View, Buffer);org.gjt.sp.jedit.io.VFSManager;4;2;3;1.0000;1709;108;29;1;0;1.0000;129;15;11
org.gjt.sp.jedit.textarea.Selection.Range.getEnd(JEditBuffer, int);org.gjt.sp.jedit.buffer.JEditBuffer;0;0;0;0;0;0;0;0;0;0;0;0;0
bsh.Parser.jj_3_25();bsh.ParserConstants;1;3;0;0.9917;5894;347;13;0;2;0.9851;0;0;131
org.gjt.sp.jedit.PluginJAR.uninit(boolean);org.gjt.sp.jedit.browser.VFSBrowser;3;1;8;0.7273;557;18;15;0;1;1.0000;542;33;34
bsh.BshMethod.invokeImpl(Object[], Interpreter, CallStack, SimpleNode, boolean);bsh.ParserConstants;5;0;7;0.8000;139;7;10;0;1;0.9935;0;0;131
bsh.BshMethod.invokeImpl(Object[], Interpreter, CallStack, SimpleNode, boolean);bsh.Interpreter;5;0;7;0.8000;139;7;10;0;1;0.9865;490;39;19
org.gjt.sp.jedit.gui.PanelWindowContainer.DockableWindowCompare.compare(Object, Object);org.gjt.sp.jedit.jEdit;0;0;0;1.0000;5;1;0;1;0;1.0000;1709;108;29
com.loomcom.ant.tasks.jarbundler.JarBundler.setVersion(String);com.loomcom.ant.tasks.jarbundler.AppBundleProperties;0;0;0;0;0;0;0;0;0;0;0;0;0
gnu.regexp.RE.initialize(Object, int, RESyntax, int, int);gnu.regexp.REException;7;6;7;0.8824;615;37;13;0;4;1.0000;20;1;15
bsh.ClassGeneratorUtil.generateConstructorSwitch(int, int, int, CodeVisitor);org.objectweb.asm.Constants;3;2;7;0.8000;457;21;19;0;7;0.9635;0;0;179
bsh.Parser.DoStatement();bsh.ParserConstants;3;5;1;0.9839;5894;347;13;0;5;0.9650;0;0;131
org.gjt.sp.jedit.options.GeneralOptionPane._init();org.gjt.sp.jedit.jEdit;0;0;15;0.2105;116;2;15;3;0;1.0000;1709;108;29
org.gjt.sp.jedit.jEdit.exit(View, boolean);org.gjt.sp.jedit.View;1;5;4;1.0000;1709;108;29;1;1;0.9688;679;41;39
org.gjt.sp.jedit.jEdit.checkBufferStatus(View);org.gjt.sp.jedit.EditPane;2;1;3;1.0000;1709;108;29;1;0;0.9643;273;15;7
bsh.Name.toClass();bsh.ClassIdentifier;1;2;4;0.7000;341;17;9;0;1;0.8889;9;1;1
org.gjt.sp.jedit.jEdit.getNotLoadedPluginJARs();org.gjt.sp.jedit.MiscUtilities;0;1;2;1.0000;1709;108;29;1;0;1.0000;629;50;3
bsh.Parser.PreDecrementExpression();bsh.Token;4;4;1;0.9864;5894;347;13;0;1;0.9444;9;1;8
org.gjt.sp.jedit.pluginmgr.PluginList.Dependency.satisfy(Roster, String, boolean);org.gjt.sp.jedit.pluginmgr.PluginList.Plugin;2;0;4;0.6923;53;4;5;2;1;0.8125;50;6;5
org.gjt.sp.jedit.gui.HistoryTextArea.getModel();org.gjt.sp.jedit.gui.HistoryText;0;0;0;0;0;0;0;0;0;0;0;0;0
bsh.BSHSwitchStatement.primitiveEquals(Object, Object, CallStack, SimpleNode);bsh.Primitive;1;0;0;1.0000;49;2;0;2;0;1.0000;506;35;5
org.gjt.sp.jedit.Abbrevs.expandAbbrev(View, boolean);org.gjt.sp.jedit.textarea.JEditTextArea;5;2;1;1.0000;225;15;8;1;2;0.9888;2774;208;61
org.gjt.sp.jedit.Registers.loadRegisters();org.gjt.sp.jedit.MiscUtilities;4;0;3;1.0000;231;16;5;1;0;1.0000;629;50;3
org.gjt.sp.jedit.io.FavoritesVFS.loadFavorites();org.gjt.sp.jedit.jEdit;1;0;2;1.0000;72;8;4;2;0;1.0000;1709;108;29
org.gjt.sp.jedit.BufferHistory.getEntry(String);org.gjt.sp.jedit.MiscUtilities;0;0;2;1.0000;189;9;3;0;0;1.0000;629;50;3
org.gjt.sp.jedit.jEdit.exit(View, boolean);org.gjt.sp.jedit.EditServer;1;5;4;1.0000;1709;108;29;1;0;0.9167;140;6;5
org.gjt.sp.jedit.search.SearchAndReplace.find(View);org.gjt.sp.jedit.search.SearchFileSet;4;4;4;1.0000;537;32;11;2;0;0.8824;5;5;0
org.gjt.sp.jedit.View.processKeyEvent(KeyEvent, int);org.gjt.sp.jedit.gui.KeyEventWorkaround;3;2;6;0.9048;679;41;39;0;0;1.0000;161;2;6
org.gjt.sp.jedit.gui.StatusBar.setMessage(String);org.gjt.sp.jedit.jEdit;1;1;3;0.8919;261;11;26;1;0;1.0000;1709;108;29
org.gjt.sp.jedit.browser.VFSBrowser.newFile();org.gjt.sp.jedit.io.VFSManager;1;1;2;0.9464;542;33;34;1;0;1.0000;129;15;11
bsh.Parser.Literal();bsh.ParserConstants;5;8;2;0.9735;5894;347;13;0;8;0.9467;0;0;131
org.gjt.sp.jedit.jEdit.newFile(View, String);org.gjt.sp.jedit.buffer.JEditBuffer;0;0;0;0;0;0;0;0;0;0;0;0;0
org.gjt.sp.jedit.gui.JCheckBoxList.getValues();org.gjt.sp.jedit.gui.CheckBoxListModel;1;0;0;1.0000;66;8;1;0;1;0.9091;59;8;1
org.gjt.sp.jedit.BeanShell.runScript(View, String, Reader, NameSpace);org.gjt.sp.util.Log;1;2;0;1.0000;279;22;6;1;1;1.0000;142;9;16
org.gjt.sp.jedit.textarea.ChunkCache.lineToChunkList(int, List);org.gjt.sp.jedit.textarea.TextAreaPainter;3;0;3;0.9286;333;25;9;0;2;0.9688;269;31;36
installer.TarEntry.setName(String);installer.TarHeader;1;0;1;0.9697;216;28;2;0;1;0.9444;106;8;36
bsh.TargetError.printTargetError(Throwable);bsh.Capabilities;0;1;1;0.8000;47;7;2;1;0;1.0000;24;4;2
org.gjt.sp.jedit.textarea.Gutter.getToolTipText(MouseEvent);org.gjt.sp.jedit.textarea.ExtensionManager;1;0;2;0.9545;266;20;25;1;0;0.9091;75;6;1
org.gjt.sp.jedit.buffer.JEditBuffer.invalidateFoldLevels();org.gjt.sp.jedit.buffer.LineManager;0;0;0;0;0;0;0;0;0;0;0;0;0
org.gjt.sp.jedit.BeanShellAction.invoke(View);org.gjt.sp.jedit.BeanShell;2;0;3;0.7273;61;3;8;2;1;1.0000;279;22;6
org.gjt.sp.jedit.Buffer.removeAllMarkers();org.gjt.sp.jedit.msg.BufferUpdate;1;2;2;0.9816;1798;136;53;0;1;1.0000;18;2;12
org.gjt.sp.jedit.EditPane.close();org.gjt.sp.jedit.EditBus;1;1;1;0.9091;273;15;7;2;0;1.0000;44;4;2
bsh.This.invokeMethod(String, Object[], Interpreter, CallStack, SimpleNode, boolean);bsh.BshMethod;3;1;2;0.7500;79;9;2;1;0;0.9615;139;7;10
org.gjt.sp.jedit.browser.VFSBrowser.setDirectory(String);org.gjt.sp.jedit.gui.HistoryTextField;0;2;3;0.9107;542;33;34;1;0;0.9667;211;12;7
org.gjt.sp.jedit.browser.VFSFileChooserDialog.doFileExistsWarning(String);org.gjt.sp.jedit.MiscUtilities;1;0;1;0.9231;155;5;7;1;0;1.0000;629;50;3
org.gjt.sp.jedit.textarea.DisplayManager.getPrevVisibleLine(int);org.gjt.sp.jedit.textarea.RangeMap;0;0;0;0;0;0;0;0;0;0;0;0;0
org.gjt.sp.jedit.help.HelpViewer.gotoURL(String, boolean);org.gjt.sp.jedit.GUIUtilities;1;0;7;0.6111;143;4;11;1;0;1.0000;486;55;9
org.gjt.sp.jedit.indent.IndentAction.AlignBracket.calculateIndent(JEditBuffer, int, int, int);org.gjt.sp.jedit.MiscUtilities;0;0;0;0;0;0;0;0;0;0;0;0;0
org.gjt.sp.jedit.print.BufferPrintable.paintHeader(Graphics2D, double, double, double, boolean);org.gjt.sp.jedit.Buffer;1;0;5;0.8696;165;5;23;0;1;0.9940;1798;136;53
org.gjt.sp.jedit.gui.PanelWindowContainer.remove(DockableWindowManager.Entry);org.gjt.sp.jedit.gui.DockableWindowFactory.Window;0;0;0;0;0;0;0;0;0;0;0;0;0
bsh.Name.resolveThisFieldReference(CallStack, NameSpace, Interpreter, String, boolean);bsh.NameSpace;2;2;3;0.8966;341;17;9;7;2;0.9011;491;64;21
org.gjt.sp.jedit.menu.RecentDirectoriesProvider.update(JMenu);org.gjt.sp.jedit.browser.FileCellRenderer;1;0;0;1.0000;60;2;0;0;1;1.0000;83;6;12
org.gjt.sp.jedit.search.SearchDialog.cancel();org.gjt.sp.jedit.GUIUtilities;0;1;0;0.9750;431;17;30;1;0;1.0000;486;55;9
org.gjt.sp.jedit.textarea.DisplayManager.collapseFold(int);org.gjt.sp.jedit.textarea.JEditTextArea;0;3;2;0.8837;513;30;16;1;0;0.9963;2774;208;61
org.gjt.sp.jedit.textarea.JEditTextArea.getLineCount();org.gjt.sp.jedit.buffer.JEditBuffer;0;0;0;0;0;0;0;0;0;0;0;0;0
org.gjt.sp.jedit.browser.VFSBrowser.focusOnDefaultComponent();org.gjt.sp.jedit.browser.BrowserView;0;0;1;0.9815;542;33;34;1;0;0.9524;139;12;7
org.gjt.sp.jedit.gui.PanelWindowContainer.show(DockableWindowManager.Entry);org.gjt.sp.jedit.gui.DockableWindowManager.Entry;3;0;6;0.8235;163;12;15;0;3;0.8421;8;0;6
org.gjt.sp.jedit.gui.IOProgressMonitor.updateCaption();org.gjt.sp.jedit.io.VFSManager;2;0;1;0.8571;30;3;3;0;1;1.0000;129;15;11
org.gjt.sp.jedit.View.updateTitle();org.gjt.sp.jedit.buffer.JEditBuffer;0;0;0;0;0;0;0;0;0;0;0;0;0
org.gjt.sp.jedit.Macros.recordMacro(View);org.gjt.sp.jedit.GUIUtilities;2;1;0;1.0000;232;21;6;2;0;1.0000;486;55;9
bsh.Parser.FormalComment();bsh.Token;4;3;2;0.9864;5894;347;13;0;1;0.9444;9;1;8
org.gjt.sp.jedit.textarea.JEditTextArea.setFirstPhysicalLine(int, int);org.gjt.sp.jedit.textarea.DisplayManager;5;2;3;0.9814;2774;208;61;1;1;0.9630;513;30;16
bsh.BSHPrimarySuffix.doName(Object, boolean, CallStack, Interpreter);bsh.UtilEvalError;0;0;1;0.9091;95;5;7;1;0;0.8750;14;2;0
org.gjt.sp.jedit.search.DirectoryListSet._getFiles(Component);org.gjt.sp.util.Log;1;0;3;0.7000;59;5;3;1;1;1.0000;142;9;16
org.gjt.sp.jedit.browser.VFSFileChooserDialog.getSelectedFiles();org.gjt.sp.jedit.browser.VFSBrowser;2;0;3;0.8235;155;5;7;1;3;0.9492;542;33;34
org.gjt.sp.jedit.options.GeneralOptionPane._init();org.gjt.sp.jedit.MiscUtilities;0;0;15;0.2105;116;2;15;1;0;1.0000;629;50;3
org.gjt.sp.jedit.browser.VFSFileNameField.goToParent();org.gjt.sp.jedit.browser.VFSBrowser;3;0;1;0.9286;129;5;1;1;4;0.9322;542;33;34
org.gjt.sp.jedit.textarea.ChunkCache.getUpdateStartLine(int);org.gjt.sp.jedit.textarea.DisplayManager;0;0;0;0;0;0;0;0;0;0;0;0;0
org.gjt.sp.jedit.pluginmgr.ManagePanel.PluginTableModel.unloadPluginJAR(PluginJAR);org.gjt.sp.jedit.MiscUtilities;0;1;0;1.0000;153;15;2;0;0;1.0000;629;50;3
org.gjt.sp.jedit.options.AppearanceOptionPane._init();org.gjt.sp.jedit.GUIUtilities;2;1;11;0.2941;100;3;11;1;0;1.0000;486;55;9
bsh.Parser.WhileStatement();bsh.ParserConstants;2;5;1;0.9837;5894;347;13;0;3;0.9789;0;0;131
org.gjt.sp.jedit.menu.EnhancedCheckBoxMenuItem.MouseHandler.mouseExited(MouseEvent);org.gjt.sp.jedit.GUIUtilities;1;0;1;0.8000;19;3;1;1;0;1.0000;486;55;9
org.objectweb.asm.CodeWriter.visitTypeInsn(int, String);org.objectweb.asm.ByteVector;2;0;5;0.9038;919;30;27;1;0;0.9524;139;9;2
org.gjt.sp.jedit.browser.VFSBrowser.FavoritesMenuButton.createPopupMenu();org.gjt.sp.jedit.browser.VFSBrowser;3;0;1;0.8333;40;1;1;0;2;0.9649;542;33;34
org.gjt.sp.util.WorkThread.doRequest(WorkThreadPool.Request);org.gjt.sp.util.Log;2;0;7;0.6316;94;8;8;1;2;1.0000;142;9;16
org.objectweb.asm.ClassWriter.newLong(long);org.objectweb.asm.ByteVector;0;2;4;0.8864;305;21;49;2;0;0.8947;139;9;2
org.gjt.sp.jedit.search.SearchAndReplace.hyperSearch(View, boolean);org.gjt.sp.jedit.textarea.JEditTextArea;2;3;0;1.0000;537;32;11;1;0;0.9962;2774;208;61
bsh.Parser.getToken(int);bsh.Token;1;0;4;0.9890;5894;347;13;0;1;0.9231;9;1;8
bsh.Parser.ConditionalOrExpression();bsh.Token;4;5;2;0.9810;5894;347;13;0;1;0.9524;9;1;8
org.gjt.sp.jedit.buffer.UndoManager.Remove.redo();org.gjt.sp.jedit.buffer.UndoManager;1;0;3;0.7500;20;2;6;0;2;0.9286;139;12;11
org.gjt.sp.jedit.search.SearchDialog.MultiFileActionHandler.actionPerformed(ActionEvent);org.gjt.sp.jedit.GUIUtilities;2;0;0;1.0000;12;1;0;1;0;1.0000;486;55;9
org.gjt.sp.jedit.GUIUtilities.error(Component, String, Object[]);org.gjt.sp.jedit.jEdit;0;1;0;1.0000;486;55;9;1;0;1.0000;1709;108;29
org.gjt.sp.jedit.BeanShell.cacheBlock(String, String, boolean);bsh.NameSpace;0;1;1;1.0000;279;22;6;1;0;0.9884;491;64;21
org.gjt.sp.jedit.pluginmgr.InstallPanel.PluginTableModel.update();org.gjt.sp.jedit.pluginmgr.PluginList.Plugin;5;1;2;0.8846;151;13;2;3;0;0.8696;50;6;5
bsh.This.getThis(NameSpace, Interpreter);bsh.Capabilities;0;0;0;1.0000;79;9;2;2;0;1.0000;24;4;2
org.gjt.sp.jedit.textarea.JEditTextArea.goToNextBracket(boolean);org.gjt.sp.jedit.buffer.JEditBuffer;0;0;0;0;0;0;0;0;0;0;0;0;0
bsh.BSHMethodInvocation.eval(CallStack, Interpreter);bsh.NameSpace;4;2;0;0.8333;33;3;0;0;2;0.9789;491;64;21
org.gjt.sp.jedit.Mode.init();org.gjt.sp.jedit.MiscUtilities;2;1;4;0.6429;89;9;5;1;0;1.0000;629;50;3
org.gjt.sp.jedit.gui.CheckBoxListModel.setValueAt(Object, int, int);org.gjt.sp.jedit.gui.JCheckBoxList.Entry;1;0;1;0.9167;59;8;1;0;2;0.6667;14;0;3
org.gjt.sp.jedit.gui.DockableWindowManager.propertiesChanged();org.gjt.sp.jedit.gui.PanelWindowContainer;3;1;12;0.8108;447;27;16;1;0;0.9737;163;12;15
org.gjt.sp.jedit.Buffer.getMarkerAtLine(int);org.gjt.sp.jedit.Marker;0;1;1;0.9877;1798;136;53;1;0;0.9000;26;3;4
bsh.BSHTryStatement.eval(CallStack, Interpreter);bsh.TargetError;3;0;0;1.0000;68;1;0;1;0;0.9583;47;7;2
org.gjt.sp.jedit.SettingsReloader.maybeReload(String);org.gjt.sp.jedit.Macros;4;0;0;1.0000;30;2;0;1;0;1.0000;232;21;6
bsh.Parser.ConditionalAndExpression();bsh.ParserTreeConstants;4;5;2;0.9810;5894;347;13;0;1;0.9808;0;0;39
org.gjt.sp.jedit.search.SearchBar.incrementalSearch(int, boolean);org.gjt.sp.jedit.search.SearchAndReplace;1;0;2;0.8824;130;6;10;4;0;1.0000;537;32;11
org.gjt.sp.jedit.browser.VFSBrowser.maybeReloadDirectory(String);org.gjt.sp.jedit.MiscUtilities;1;0;4;0.9273;542;33;34;2;0;1.0000;629;50;3
installer.CBZip2InputStream.initBlock();installer.CRC;0;6;6;0.8387;587;29;44;1;0;0.9333;16;3;2
bsh.BSHBinaryExpression.isPrimitiveValue(Object);bsh.Primitive;1;0;0;1.0000;55;3;1;0;2;1.0000;506;35;5
org.gjt.sp.jedit.textarea.JEditTextArea.replaceSelection(String);org.gjt.sp.jedit.buffer.JEditBuffer;0;0;0;0;0;0;0;0;0;0;0;0;0
org.gjt.sp.jedit.gui.DockablePanel.ResizeMouseHandler.mouseReleased(MouseEvent);org.gjt.sp.jedit.gui.DockablePanel;0;0;0;0;0;0;0;0;0;0;0;0;0
org.gjt.sp.jedit.gui.EditAbbrevDialog.checkForExistingAbbrev();org.gjt.sp.jedit.gui.AbbrevEditor;0;0;3;0.7500;57;4;6;1;0;0.9091;139;4;3
org.gjt.sp.jedit.Registers.paste(JEditTextArea, char, boolean);org.gjt.sp.jedit.textarea.Selection.Rect;1;1;0;1.0000;231;16;5;1;0;0.9697;208;9;2
org.gjt.sp.jedit.textarea.FirstLine.reset();org.gjt.sp.jedit.Debug;0;0;0;0;0;0;0;0;0;0;0;0;0
org.gjt.sp.jedit.textarea.JEditTextArea.setFirstLine(int);org.gjt.sp.jedit.textarea.DisplayManager;3;2;5;0.9737;2774;208;61;2;1;0.9423;513;30;16
org.gjt.sp.jedit.gui.SelectLineRange.createFieldPanel();org.gjt.sp.jedit.jEdit;0;0;2;0.7778;91;4;5;1;0;1.0000;1709;108;29
org.gjt.sp.jedit.browser.VFSBrowser.rename(String);org.gjt.sp.jedit.browser.BrowserIORequest;1;1;0;0.9821;542;33;34;0;1;1.0000;179;6;11
org.gjt.sp.jedit.browser.VFSFileChooserDialog.dispose();org.gjt.sp.util.WorkThreadPool;1;0;1;0.9231;155;5;7;1;0;0.9667;174;15;14
org.gjt.sp.jedit.textarea.JEditTextArea.insertTab();org.gjt.sp.jedit.MiscUtilities;0;3;3;0.9769;2774;208;61;1;0;1.0000;629;50;3
org.gjt.sp.jedit.gui.OptionsDialog.PaneNameRenderer.getTreeCellRendererComponent(JTree, Object, boolean, boolean, boolean, int, boolean);org.gjt.sp.jedit.OptionGroup;1;0;2;0.6000;32;1;2;0;1;0.9412;69;8;4
org.gjt.sp.jedit.Buffer.getMarkerStatusPrompt(String);org.gjt.sp.jedit.jEdit;0;1;0;0.9938;1798;136;53;1;0;1.0000;1709;108;29
installer.CBZip2OutputStream.randomiseBlock();installer.BZip2Constants;1;0;3;0.9524;1262;32;41;0;1;0.9286;0;0;11
org.gjt.sp.jedit.textarea.JEditTextArea.goToStartOfWhiteSpace(boolean);org.gjt.sp.jedit.textarea.ChunkCache;1;7;5;0.9542;2774;208;61;1;0;0.9800;333;25;9
bsh.Parser.ShiftExpression();bsh.BSHBinaryExpression;4;5;2;0.9812;5894;347;13;0;1;0.9545;55;3;1
org.gjt.sp.jedit.TextUtilities.formatParagraph(String, int, int, StringBuffer);org.gjt.sp.jedit.MiscUtilities;0;0;0;1.0000;343;14;8;2;0;1.0000;629;50;3
org.gjt.sp.jedit.search.SearchDialog.ReplaceActionHandler.actionPerformed(ActionEvent);org.gjt.sp.jedit.search.SearchAndReplace;1;0;0;1.0000;4;1;0;1;0;1.0000;537;32;11
org.gjt.sp.jedit.textarea.JEditTextArea.setMaxLineLength(int);org.gjt.sp.jedit.textarea.TextAreaPainter;0;0;0;0;0;0;0;0;0;0;0;0;0
bsh.LHS.assign(Object, boolean);bsh.CollectionManager;0;0;12;0.6364;105;3;13;3;0;0.8824;35;6;1
bsh.Interpreter.set(String, Object);bsh.UtilEvalError;2;0;1;0.9821;490;39;19;1;0;0.8889;14;2;0
org.gjt.sp.jedit.textarea.JEditTextArea.propertiesChanged();org.gjt.sp.jedit.textarea.FastRepaintManager;0;0;0;0;0;0;0;0;0;0;0;0;0
org.gjt.sp.jedit.textarea.JEditTextArea.getRectParams(int, int);org.gjt.sp.jedit.buffer.JEditBuffer;0;0;0;0;0;0;0;0;0;0;0;0;0
org.gjt.sp.jedit.pluginmgr.InstallPanel.PluginTableModel.setValueAt(Object, int, int);org.gjt.sp.jedit.pluginmgr.PluginList.Dependency;4;2;1;0.9167;151;13;2;0;2;0.9000;53;4;5
bsh.Parser.Literal();bsh.JJTParserState;5;8;2;0.9735;5894;347;13;4;0;0.8974;74;10;5
org.gjt.sp.jedit.browser.VFSBrowser.updateFilenameFilter();org.gjt.sp.jedit.MiscUtilities;2;0;2;0.9623;542;33;34;1;0;1.0000;629;50;3
org.gjt.sp.jedit.options.EditingOptionPane.ActionHandler.actionPerformed(ActionEvent);org.gjt.sp.jedit.options.EditingOptionPane.ModeProperties;2;0;0;1.0000;25;1;0;0;1;0.9615;81;2;15
org.gjt.sp.jedit.options.PluginManagerOptionPane.DownloadMirrorsThread.run();org.gjt.sp.jedit.GUIUtilities;2;0;0;1.0000;28;1;0;1;0;1.0000;486;55;9
org.gjt.sp.jedit.textarea.StructureMatcher.Highlight.getOffsets(int, Match);org.gjt.sp.jedit.textarea.StructureMatcher.Match;1;0;1;0.8889;55;3;1;0;2;0.8333;12;0;5
org.gjt.sp.jedit.jEdit.closeBuffer(View, Buffer);org.gjt.sp.jedit.Buffer;3;1;0;1.0000;1709;108;29;4;1;0.9693;1798;136;53
org.gjt.sp.jedit.browser.VFSBrowser.FavoritesMenuButton.createPopupMenu();org.gjt.sp.jedit.MiscUtilities;3;0;1;0.8333;40;1;1;1;0;1.0000;629;50;3
org.gjt.sp.jedit.textarea.Selection.Range.getStart(JEditBuffer, int);org.gjt.sp.jedit.buffer.JEditBuffer;0;0;0;0;0;0;0;0;0;0;0;0;0
org.gjt.sp.jedit.ModeCatalogHandler.endElement(String);org.gjt.sp.jedit.Mode;0;0;6;0.5385;45;4;6;3;0;0.8571;89;9;5
org.gjt.sp.jedit.textarea.RangeMap.put2(int, int, int, int);org.gjt.sp.jedit.Debug;0;0;0;0;0;0;0;0;0;0;0;0;0
gnu.regexp.RETokenEnd.match(CharIndexed, REMatch);gnu.regexp.RE;3;0;1;0.8750;24;2;1;0;1;1.0000;615;37;13
QuickNotepadOptionPane._init();org.gjt.sp.jedit.jEdit;0;1;3;0.6250;47;4;3;1;0;1.0000;1709;108;29
org.gjt.sp.jedit.browser.VFSBrowser.delete(VFSFile[]);org.gjt.sp.jedit.MiscUtilities;0;0;0;0;0;0;0;0;0;0;0;0;0
org.gjt.sp.jedit.gui.GrabKeyDialog.InputPane.processKeyEvent(KeyEvent);org.gjt.sp.jedit.gui.KeyEventWorkaround;2;0;0;1.0000;28;2;0;1;0;1.0000;161;2;6
org.gjt.sp.jedit.textarea.TextAreaPainter.PaintWrapGuide.getToolTipText(int, int);org.gjt.sp.jedit.buffer.JEditBuffer;0;0;0;0;0;0;0;0;0;0;0;0;0
org.gjt.sp.jedit.browser.VFSBrowser.startRequest();org.gjt.sp.util.Log;1;0;1;0.9811;542;33;34;1;1;1.0000;142;9;16
gnu.regexp.RE.substituteImpl(CharIndexed, String, int, int);gnu.regexp.CharIndexed;1;1;1;0.9778;615;37;13;2;0;0.7143;3;3;1
org.gjt.sp.jedit.View.quickIncrementalSearch(boolean);org.gjt.sp.jedit.search.SearchAndReplace;1;2;3;0.9552;679;41;39;0;0;1.0000;537;32;11
org.gjt.sp.jedit.View.quickHyperSearch(boolean);org.gjt.sp.jedit.gui.HistoryTextField;1;2;3;0.9559;679;41;39;1;0;0.9677;211;12;7
org.gjt.sp.jedit.textarea.TextAreaPainter.PaintWrapGuide.getToolTipText(int, int);org.gjt.sp.jedit.textarea.TextAreaPainter;3;0;0;1.0000;16;2;0;0;2;0.9667;269;31;36
bsh.NameSpace.invokeMethod(String, Object[], Interpreter, CallStack, SimpleNode);bsh.This;0;1;0;0.9884;491;64;21;1;0;0.9000;79;9;2
bsh.Parser.ReturnStatement();bsh.BSHReturnStatement;3;5;2;0.9822;5894;347;13;0;1;0.9762;9;1;1
org.gjt.sp.jedit.jEdit.main(String[]);org.gjt.sp.jedit.PluginJAR;5;17;8;1.0000;1709;108;29;1;0;0.9714;557;18;15
org.gjt.sp.jedit.gui.DefaultInputHandler.setCurrentBindings(Hashtable);org.gjt.sp.jedit.gui.StatusBar;1;0;2;0.9333;212;12;3;1;0;0.9750;261;11;26
LatestVersionPlugin.doVersionCheck(View);org.gjt.sp.jedit.GUIUtilities;0;1;0;1.0000;41;2;0;1;0;1.0000;486;55;9
org.objectweb.asm.CodeWriter.visitLineNumber(int, Label);org.objectweb.asm.ClassWriter;1;0;4;0.9434;919;30;27;1;0;0.9796;305;21;49
org.gjt.sp.jedit.menu.EnhancedMenu.finalize();org.gjt.sp.jedit.EditBus;0;0;1;0.9167;60;5;5;1;0;1.0000;44;4;2
org.gjt.sp.jedit.pluginmgr.ManagePanel.HelpButton.valueChanged(ListSelectionEvent);org.gjt.sp.jedit.PluginJAR;4;0;1;0.9091;30;2;1;0;1;0.9750;557;18;15
org.gjt.sp.jedit.textarea.ChunkCache.getAbovePosition(int, int, int, boolean);org.gjt.sp.jedit.textarea.DisplayManager;1;4;1;0.8649;333;25;9;1;0;0.9787;513;30;16
org.gjt.sp.jedit.pluginmgr.Roster.Remove.deleteRecursively(File);org.gjt.sp.util.Log;1;1;0;1.0000;49;4;1;1;1;1.0000;142;9;16
org.gjt.sp.jedit.gui.PanelWindowContainer.save();org.gjt.sp.jedit.jEdit;2;0;3;0.8929;163;12;15;3;0;1.0000;1709;108;29
bsh.ParserTokenManager.jjFillToken();bsh.Token;1;0;3;0.9701;1699;47;25;1;6;0.6000;9;1;8
bsh.Parser.Statement();bsh.ParserConstants;1;20;1;0.9474;5894;347;13;0;38;0.7500;0;0;131
bsh.Name.invokeLocalMethod(Interpreter, Object[], CallStack, SimpleNode);bsh.UtilEvalError;1;0;2;0.9130;341;17;9;1;0;0.9000;14;2;0
gnu.regexp.RETokenEnd.match(CharIndexed, REMatch);gnu.regexp.CharIndexed;3;0;1;0.8750;24;2;1;1;1;0.7500;3;3;1
org.gjt.sp.jedit.options.ToolBarOptionPane.updateButtons();org.gjt.sp.jedit.gui.RolloverButton;0;0;6;0.5385;100;3;9;1;0;0.9286;52;5;3
installer.InstallThread.installComponent(String);installer.Install;0;0;3;0.7692;46;2;6;1;0;0.9231;61;4;2
bsh.Interpreter.getInterface(Class);bsh.SimpleNode;1;0;1;0.9815;490;39;19;0;1;1.0000;76;14;7
org.gjt.sp.jedit.browser.VFSFileChooserDialog.BrowserHandler.filesSelected(VFSBrowser, VFSFile[]);org.gjt.sp.jedit.MiscUtilities;0;0;0;0;0;0;0;0;0;0;0;0;0
bsh.BSHImportDeclaration.eval(CallStack, Interpreter);bsh.UtilEvalError;2;0;3;0.7692;27;1;3;1;0;0.9333;14;2;0
bsh.BSHMethodInvocation.eval(CallStack, Interpreter);bsh.TargetError;4;2;0;0.8333;33;3;0;0;1;0.9524;47;7;2
bsh.Primitive.intBinaryOperation(Integer, Integer, int);bsh.ParserConstants;1;0;0;1.0000;506;35;5;0;26;0.8015;0;0;131
macos.MacOSPlugin.start();org.gjt.sp.jedit.Macros;1;1;2;0.2500;40;3;3;1;0;1.0000;232;21;6
org.gjt.sp.jedit.search.RESearchMatcher.nextMatch(CharIndexed, boolean, boolean, boolean, boolean);gnu.regexp.RE;3;0;1;0.9286;32;1;2;1;3;0.9623;615;37;13
bsh.Parser.FormalComment();bsh.JJTParserState;4;3;2;0.9864;5894;347;13;2;0;0.9200;74;10;5
org.gjt.sp.jedit.jEdit.setProperty(String, String);org.gjt.sp.jedit.PropertyManager;0;0;1;1.0000;1709;108;29;1;0;0.9474;79;15;4
org.gjt.sp.jedit.gui.CloseDialog.ListHandler.valueChanged(ListSelectionEvent);org.gjt.sp.jedit.View;1;0;0;1.0000;6;1;0;1;0;0.9853;679;41;39
org.gjt.sp.jedit.Buffer.addMarker(char, int);org.gjt.sp.jedit.jEdit;2;2;3;0.9818;1798;136;53;1;0;1.0000;1709;108;29
org.gjt.sp.jedit.textarea.Selection.Range.setText(JEditBuffer, String);org.gjt.sp.jedit.buffer.JEditBuffer;0;0;0;0;0;0;0;0;0;0;0;0;0
bsh.ClassGeneratorImpl.setInstanceNameSpaceParent(Object, String, NameSpace);bsh.This;1;0;0;1.0000;109;7;0;0;1;0.9000;79;9;2
org.gjt.sp.jedit.gui.DockableWindowManager.handleMessage(EBMessage);org.gjt.sp.jedit.gui.DockableWindowFactory.Window;0;0;0;0;0;0;0;0;0;0;0;0;0
org.gjt.sp.jedit.options.FirewallOptionPane._init();org.gjt.sp.jedit.jEdit;0;0;9;0.3077;38;2;9;2;0;1.0000;1709;108;29
org.gjt.sp.jedit.textarea.ChunkCache.scrollUp(int);org.gjt.sp.jedit.Debug;3;1;5;0.8286;333;25;9;0;1;1.0000;0;0;22
org.gjt.sp.jedit.menu.EnhancedMenuItem.MouseHandler.mouseExited(MouseEvent);org.gjt.sp.jedit.View;1;0;1;0.8000;19;3;1;0;1;0.9846;679;41;39
org.gjt.sp.jedit.help.HelpTOCPanel.PluginCompare.compare(Object, Object);org.gjt.sp.jedit.jEdit;0;0;0;1.0000;5;1;0;1;0;1.0000;1709;108;29
org.gjt.sp.jedit.gui.MarkerViewer.actionPerformed(ActionEvent);org.gjt.sp.jedit.View;0;0;0;0;0;0;0;0;0;0;0;0;0
org.gjt.sp.util.WorkThread.setProgressValue(int);org.gjt.sp.util.WorkThreadPool;0;0;2;0.8824;94;8;8;1;0;0.9677;174;15;14
org.gjt.sp.jedit.gui.CloseDialog.ActionHandler.actionPerformed(ActionEvent);org.gjt.sp.jedit.buffer.BufferIORequest;3;0;0;1.0000;51;1;0;0;1;1.0000;509;11;25
org.gjt.sp.jedit.textarea.FirstLine.physUp(int, int);org.gjt.sp.util.Log;0;0;0;0;0;0;0;0;0;0;0;0;0
org.gjt.sp.jedit.gui.ActionBar.CompletionPopup.MouseHandler.mouseClicked(MouseEvent);org.gjt.sp.jedit.gui.ActionBar;0;0;0;1.0000;3;1;0;1;0;0.9091;122;4;7
org.gjt.sp.jedit.BeanShell.init();bsh.BshClassManager;2;1;4;1.0000;279;22;6;1;0;0.9737;176;32;9
org.gjt.sp.jedit.io.VFS._listDirectory(Object, String, String, boolean, Component);org.gjt.sp.util.Log;2;1;0;0.9655;191;26;17;1;2;1.0000;142;9;16
macos.menu.ShowRecentMenu.construct();org.gjt.sp.jedit.BufferHistory;3;0;0;1.0000;32;4;0;0;1;1.0000;189;9;3
org.gjt.sp.jedit.Registers.getRegisterStatusPrompt(String);org.gjt.sp.jedit.jEdit;0;1;0;1.0000;231;16;5;1;0;1.0000;1709;108;29
org.gjt.sp.jedit.pluginmgr.PluginListHandler.endElement(String);org.gjt.sp.jedit.pluginmgr.PluginList;3;1;20;0.5800;133;11;23;2;0;0.9535;51;4;5
org.gjt.sp.jedit.jEdit._closeBuffer(View, Buffer);org.gjt.sp.jedit.Buffer;4;2;3;1.0000;1709;108;29;5;5;0.9578;1798;136;53
bsh.BSHAssignment.eval(CallStack, Interpreter);bsh.LHS;3;1;1;0.9474;71;2;1;2;0;0.9615;105;3;13
org.gjt.sp.jedit.buffer.KillRing.load();com.microstar.xml.XmlException;4;0;3;1.0000;169;7;4;0;2;0.7500;18;0;4
bsh.ParseException.getErrorText();bsh.Token;1;1;3;0.7647;133;6;6;0;3;0.7500;9;1;8
org.gjt.sp.jedit.ActionContext.getActionNames();org.gjt.sp.jedit.ActionSet;0;0;2;0.8000;41;7;3;1;0;0.9600;155;14;7
org.gjt.sp.jedit.EditPane.handleBufferUpdate(BufferUpdate);org.gjt.sp.jedit.msg.BufferUpdate;5;2;5;0.8056;273;15;7;1;9;0.9200;18;2;12
org.gjt.sp.jedit.browser.VFSDirectoryEntryTableModel.collapse(VFS, int);org.gjt.sp.jedit.io.VFSManager;1;1;1;0.8824;103;11;2;1;0;1.0000;129;15;11
org.gjt.sp.jedit.textarea.Gutter.MouseHandler.mousePressed(MouseEvent);org.gjt.sp.jedit.textarea.StructureMatcher.Match;5;0;2;0.9474;89;5;4;0;4;0.8857;12;0;5
org.gjt.sp.jedit.jEdit.newFile(View);org.gjt.sp.jedit.io.VFS;2;1;0;1.0000;1709;108;29;0;2;0.9688;191;26;17
org.gjt.sp.jedit.search.SearchAndReplace.replaceAll(View);org.gjt.sp.jedit.io.VFSManager;3;5;2;1.0000;537;32;11;1;0;1.0000;129;15;11
org.gjt.sp.jedit.browser.VFSBrowser.createPluginsMenu(JComponent, boolean);org.gjt.sp.jedit.GUIUtilities;0;0;0;0;0;0;0;0;0;0;0;0;0
bsh.BSHForStatement.eval(CallStack, Interpreter);bsh.CallStack;3;0;7;0.6111;42;1;8;2;0;0.9286;52;11;1
org.gjt.sp.jedit.EditPane.loadCaretInfo();org.gjt.sp.jedit.textarea.Selection;2;0;3;0.8929;273;15;7;0;0;1.0000;43;9;4
org.gjt.sp.jedit.buffer.JEditBuffer.loadText(Segment, IntegerArray);org.gjt.sp.util.IntegerArray;0;0;0;0;0;0;0;0;0;0;0;0;0
bsh.ClassGeneratorUtil.generateSuperDelegateMethod(Class, String, String, String, String[], int, ClassWriter);org.objectweb.asm.Constants;1;3;1;1.0000;457;21;19;0;3;0.9836;0;0;179
gnu.regexp.CharIndexedReader.isValid();gnu.regexp.CharIndexed;1;0;1;0.9091;95;4;8;0;1;0.8000;3;3;1
org.gjt.sp.jedit.search.SearchDialog.save(boolean);org.gjt.sp.jedit.EditBus;3;0;17;0.6383;431;17;30;1;0;1.0000;44;4;2
org.gjt.sp.jedit.browser.BrowserIORequest.delete();org.gjt.sp.jedit.io.VFS;1;0;4;0.7778;179;6;11;3;0;0.9167;191;26;17
org.gjt.sp.jedit.buffer.PositionManager.PosBottomHalf.unref();org.gjt.sp.jedit.buffer.PositionManager;1;0;1;0.8333;17;4;2;0;1;0.8333;30;3;2
bsh.Interpreter.set(String, Object);bsh.Name;2;0;1;0.9821;490;39;19;2;0;0.9583;341;17;9
bsh.Parser.AndExpression();bsh.BSHBinaryExpression;4;5;2;0.9810;5894;347;13;0;1;0.9444;55;3;1
org.gjt.sp.jedit.Buffer.saveAs(View, boolean);org.gjt.sp.jedit.GUIUtilities;1;1;1;0.9877;1798;136;53;1;0;1.0000;486;55;9
org.gjt.sp.jedit.textarea.JEditTextArea.formatParagraph();org.gjt.sp.jedit.TextUtilities;0;7;5;0.9549;2774;208;61;1;0;1.0000;343;14;8
bsh.Parser.TypedVariableDeclaration();bsh.JJTParserState;4;7;2;0.9755;5894;347;13;4;0;0.8571;74;10;5
org.gjt.sp.jedit.search.HyperSearchResults.traverseNodes(DefaultMutableTreeNode, HyperSearchTreeNodeCallback);org.gjt.sp.jedit.search.HyperSearchTreeNodeCallback;0;0;0;0;0;0;0;0;0;0;0;0;0
org.gjt.sp.jedit.search.HyperSearchRequest.run();org.gjt.sp.jedit.io.VFSManager;2;2;2;0.7647;130;5;6;1;0;1.0000;129;15;11
org.gjt.sp.jedit.jEdit.initPLAF();org.gjt.sp.util.Log;3;5;1;1.0000;1709;108;29;1;1;1.0000;142;9;16
com.microstar.xml.XmlParser.parseAttribute(String);com.microstar.xml.XmlHandler;0;4;9;0.9477;2091;113;92;1;0;0.9524;13;13;0
org.objectweb.asm.CodeWriter.visitTryCatchBlock(Label, Label, Label, String);org.objectweb.asm.ClassWriter;2;0;6;0.9123;919;30;27;1;0;0.9818;305;21;49
org.gjt.sp.jedit.search.SearchDialog.save(boolean);org.gjt.sp.jedit.Buffer;3;0;17;0.6383;431;17;30;0;1;0.9946;1798;136;53
org.gjt.sp.jedit.textarea.TextAreaPainter.getStringWidth(String);org.gjt.sp.jedit.textarea.JEditTextArea;0;0;0;0;0;0;0;0;0;0;0;0;0
org.gjt.sp.jedit.pluginmgr.PluginList.Plugin.getInstalledPath();org.gjt.sp.jedit.jEdit;1;0;1;0.9091;50;6;5;1;0;1.0000;1709;108;29
org.gjt.sp.jedit.textarea.Gutter.paintComponent(Graphics);org.gjt.sp.jedit.textarea.JEditTextArea;2;1;2;0.9348;266;20;25;0;2;0.9925;2774;208;61
org.objectweb.asm.Item.set(long);org.objectweb.asm.ClassWriter;1;0;3;0.8333;76;6;11;0;1;1.0000;305;21;49
bsh.Parser.VariableDeclarator();bsh.JJTParserState;4;5;2;0.9811;5894;347;13;4;0;0.8571;74;10;5
org.gjt.sp.jedit.browser.VFSDirectoryEntryTable.ClearTypeSelect.actionPerformed(ActionEvent);org.gjt.sp.jedit.browser.VFSDirectoryEntryTable;1;0;0;1.0000;3;1;0;0;1;0.9444;240;13;4
org.gjt.sp.jedit.browser.VFSDirectoryEntryTable.processKeyEvent(KeyEvent);org.gjt.sp.jedit.browser.VFSDirectoryEntryTableModel;6;3;3;0.8065;240;13;4;1;1;0.9375;103;11;2
org.gjt.sp.jedit.options.ToolBarOptionPane._save();org.gjt.sp.jedit.jEdit;0;0;2;0.8571;100;3;9;2;0;1.0000;1709;108;29
org.gjt.sp.jedit.Buffer.toggleWordWrap(View);org.gjt.sp.jedit.jEdit;1;3;0;0.9817;1798;136;53;1;0;1.0000;1709;108;29
org.gjt.sp.jedit.textarea.BufferHandler.foldHandlerChanged(JEditBuffer);org.gjt.sp.jedit.textarea.DisplayManager;1;0;1;0.9375;165;9;7;0;0;1.0000;513;30;16
bsh.Parser.ContinueStatement();bsh.JJTParserState;3;4;2;0.9837;5894;347;13;2;0;0.9259;74;10;5
bsh.NameSpace.getImportedMethod(String, Class[]);bsh.Reflect;0;1;2;0.9647;491;64;21;1;0;1.0000;422;31;0
org.gjt.sp.jedit.browser.VFSBrowser.setDirectory(String);org.gjt.sp.jedit.io.VFSManager;0;2;3;0.9107;542;33;34;1;0;1.0000;129;15;11
bsh.Parser.ConditionalOrExpression();bsh.ParserTreeConstants;4;5;2;0.9810;5894;347;13;0;1;0.9808;0;0;39
org.gjt.sp.jedit.gui.OptionsDialog.OptionTreeModel.getChild(Object, int);org.gjt.sp.jedit.OptionGroup;0;0;0;1.0000;82;11;2;1;0;0.9286;69;8;4
org.gjt.sp.jedit.textarea.JEditTextArea.deleteLine();org.gjt.sp.jedit.buffer.JEditBuffer;0;0;0;0;0;0;0;0;0;0;0;0;0
org.gjt.sp.jedit.pluginmgr.PluginListHandler.doctypeDecl(String, String, String);org.gjt.sp.util.Log;1;0;1;0.9706;133;11;23;1;1;1.0000;142;9;16
bsh.Parser.UnaryExpression();bsh.ParserTreeConstants;4;8;2;0.9770;5894;347;13;0;1;0.9870;0;0;39
org.gjt.sp.jedit.menu.DirectoryProvider.update(JMenu);org.gjt.sp.jedit.Buffer;2;0;1;0.8000;69;2;1;1;1;0.9879;1798;136;53
org.gjt.sp.jedit.textarea.TextAreaTransferHandler.importData(JComponent, Transferable);org.gjt.sp.jedit.GUIUtilities;0;0;0;0;0;0;0;0;0;0;0;0;0
org.gjt.sp.jedit.pluginmgr.Roster.Install.runInAWTThread(Component);org.gjt.sp.jedit.GUIUtilities;2;1;3;0.6667;112;5;5;1;0;1.0000;486;55;9
org.gjt.sp.jedit.EditPane.handleBufferUpdate(BufferUpdate);org.gjt.sp.jedit.buffer.JEditBuffer;0;0;0;0;0;0;0;0;0;0;0;0;0
org.gjt.sp.jedit.search.HyperSearchRequest.run();org.gjt.sp.util.Log;2;2;2;0.7647;130;5;6;1;1;1.0000;142;9;16
bsh.Parser.CastLookahead();bsh.ParserConstants;1;7;1;0.9788;5894;347;13;0;16;0.8849;0;0;131
org.gjt.sp.jedit.browser.VFSBrowser.browseDirectoryInNewWindow(View, String);org.gjt.sp.jedit.gui.DockableWindowManager;1;0;0;1.0000;542;33;34;1;0;0.9706;447;27;16
org.gjt.sp.jedit.jEdit.initResources();org.gjt.sp.jedit.ActionSet;2;1;2;1.0000;1709;108;29;2;0;0.9167;155;14;7
org.gjt.sp.jedit.syntax.XModeHandler.endElement(String);org.gjt.sp.jedit.syntax.ParserRuleSet;1;5;26;0.4038;346;15;32;5;0;0.9180;126;13;19
org.gjt.sp.jedit.pluginmgr.ManagePanel.PluginTableModel.unloadPluginJAR(PluginJAR);org.gjt.sp.jedit.jEdit;0;1;0;1.0000;153;15;2;2;0;1.0000;1709;108;29
org.gjt.sp.jedit.textarea.JEditTextArea.lineComment();org.gjt.sp.jedit.MiscUtilities;0;4;2;0.9772;2774;208;61;1;0;1.0000;629;50;3
bsh.Parser.WhileStatement();bsh.JJTParserState;2;5;1;0.9837;5894;347;13;4;0;0.8462;74;10;5
org.gjt.sp.jedit.search.SearchDialog.SettingsActionHandler.actionPerformed(ActionEvent);org.gjt.sp.jedit.search.SearchDialog;1;0;0;1.0000;7;1;0;2;5;0.8293;431;17;30
org.gjt.sp.jedit.pluginmgr.PluginManager.shouldUpdatePluginList();org.gjt.sp.jedit.jEdit;0;0;0;0;0;0;0;0;0;0;0;0;0
bsh.BSHPrimaryExpression.eval(boolean, CallStack, Interpreter);bsh.LHS;0;0;0;1.0000;28;3;0;1;0;0.9583;105;3;13
org.gjt.sp.jedit.gui.PanelWindowContainer.ButtonLayout.getWrappedDimension(JComponent, int);org.gjt.sp.jedit.gui.DockableWindowManager;2;0;0;1.0000;128;6;0;0;2;1.0000;447;27;16
org.gjt.sp.jedit.syntax.ParserRuleSet.resolveImports();org.gjt.sp.jedit.syntax.ParserRule;1;1;4;0.8387;126;13;19;0;1;0.9412;50;9;27
org.gjt.sp.jedit.textarea.Gutter.MouseHandler.mousePressed(MouseEvent);org.gjt.sp.jedit.textarea.MouseHandler;0;0;0;0;0;0;0;0;0;0;0;0;0
bsh.BSHAllocationExpression.objectAllocation(BSHAmbiguousName, BSHArguments, CallStack, Interpreter);bsh.CallStack;2;3;0;0.8125;119;9;1;1;0;0.9565;52;11;1
org.gjt.sp.jedit.textarea.JEditTextArea.finishCaretUpdate(int, int, boolean);org.gjt.sp.jedit.buffer.JEditBuffer;0;0;0;0;0;0;0;0;0;0;0;0;0
org.gjt.sp.jedit.textarea.JEditTextArea.getSelection(int);org.gjt.sp.jedit.textarea.SelectionManager;0;0;0;0;0;0;0;0;0;0;0;0;0
org.gjt.sp.jedit.jEdit.removeActionSet(ActionSet);org.gjt.sp.jedit.ActionContext;0;0;1;1.0000;1709;108;29;1;0;0.9000;41;7;3
org.gjt.sp.jedit.jEdit.getColorProperty(String, Color);org.gjt.sp.jedit.GUIUtilities;0;1;0;1.0000;1709;108;29;1;0;1.0000;486;55;9
org.gjt.sp.jedit.Macros.BeanShellHandler.runMacro(View, Macro);org.gjt.sp.jedit.Macros.Macro;1;0;0;1.0000;13;3;0;0;1;0.8333;32;3;3
macos.MacOSActions.ScriptRunner.run();org.gjt.sp.jedit.jEdit;0;0;1;0.0000;27;1;1;1;0;1.0000;1709;108;29
org.gjt.sp.jedit.buffer.JEditBuffer.getText(int, int);org.gjt.sp.jedit.buffer.ContentManager;0;0;0;0;0;0;0;0;0;0;0;0;0
org.gjt.sp.jedit.gui.DockableWindowManager.getDockableTitle(String);org.gjt.sp.jedit.jEdit;0;0;0;1.0000;447;27;16;1;0;1.0000;1709;108;29
org.gjt.sp.jedit.browser.VFSFileChooserDialog.BrowserHandler.filesSelected(VFSBrowser, VFSFile[]);org.gjt.sp.jedit.io.VFSFile;0;0;0;0;0;0;0;0;0;0;0;0;0
org.gjt.sp.jedit.pluginmgr.PluginList.Plugin.getInstalledPath();org.gjt.sp.jedit.PluginJAR;1;0;1;0.9091;50;6;5;0;1;0.9697;557;18;15
org.gjt.sp.jedit.GUIUtilities.loadMenuItem(ActionContext, String, boolean);org.gjt.sp.jedit.jEdit;0;1;0;1.0000;486;55;9;2;0;1.0000;1709;108;29
org.gjt.sp.jedit.textarea.JEditTextArea.selectWord();org.gjt.sp.jedit.TextUtilities;0;6;4;0.9614;2774;208;61;2;0;1.0000;343;14;8
bsh.Types.castObject(Object, Class, int);bsh.Primitive;0;1;0;1.0000;98;10;4;1;0;0.9500;506;35;5
org.gjt.sp.jedit.options.GutterOptionPane._save();org.gjt.sp.jedit.gui.ColorWellButton;1;0;15;0.1667;50;2;15;0;1;1.0000;13;1;0
org.gjt.sp.jedit.Buffer.reload(View);org.gjt.sp.jedit.EditPane;1;2;2;0.9817;1798;136;53;1;0;0.9615;273;15;7
org.objectweb.asm.ClassWriter.visitField(int, String, String, Object);org.objectweb.asm.Constants;2;2;2;0.9130;305;21;49;0;2;0.9892;0;0;179
installer.TarOutputStream.putNextEntry(TarEntry);installer.TarEntry;2;0;4;0.8462;92;10;8;3;1;0.8974;216;28;2
org.objectweb.asm.CodeWriter.visitFieldInsn(int, String, String, String);org.objectweb.asm.ByteVector;2;0;5;0.9074;919;30;27;1;0;0.9565;139;9;2
org.gjt.sp.jedit.Buffer.removeMarker(int);org.gjt.sp.jedit.jEdit;1;2;1;0.9817;1798;136;53;1;0;1.0000;1709;108;29
bsh.Reflect.constructObject(Class, Object[]);bsh.Capabilities;1;1;0;1.0000;422;31;0;1;0;1.0000;24;4;2
bsh.ClassGeneratorImpl.ClassNodeFilter.isStatic(SimpleNode);bsh.BSHMethodDeclaration;2;0;0;1.0000;16;2;7;0;1;0.9444;57;7;8
org.gjt.sp.jedit.gui.GrabKeyDialog.getSymbolicName(int);org.gjt.sp.util.Log;1;0;0;1.0000;144;9;10;1;1;1.0000;142;9;16
org.gjt.sp.jedit.pluginmgr.ManagePanel.HelpButton.valueChanged(ListSelectionEvent);org.gjt.sp.jedit.pluginmgr.ManagePanel;4;0;1;0.9091;30;2;1;0;2;0.8571;46;2;4
org.gjt.sp.jedit.jEdit.openFile(View, String, String, boolean, Hashtable);org.gjt.sp.jedit.BufferHistory.Entry;3;2;2;1.0000;1709;108;29;0;2;0.8000;9;1;4
bsh.Parser.PostfixExpression();bsh.ParserConstants;4;6;2;0.9794;5894;347;13;0;21;0.8552;0;0;131
org.gjt.sp.jedit.textarea.TextAreaPainter.PaintWrapGuide.paintScreenLineRange(Graphics2D, int, int, int[], int[], int[], int, int);org.gjt.sp.jedit.textarea.TextAreaPainter;3;0;0;1.0000;16;2;0;0;3;0.9483;269;31;36
org.gjt.sp.jedit.PluginJAR.deactivatePlugin(boolean);org.gjt.sp.jedit.EditBus;5;1;4;0.8649;557;18;15;2;0;1.0000;44;4;2
org.gjt.sp.jedit.browser.VFSBrowser.filesSelected();org.gjt.sp.jedit.io.VFSFile;0;0;0;0;0;0;0;0;0;0;0;0;0
org.gjt.sp.jedit.search.SearchDialog.ButtonActionHandler.actionPerformed(ActionEvent);org.gjt.sp.jedit.search.SearchDialog;1;0;0;1.0000;33;1;0;4;8;0.7209;431;17;30
org.gjt.sp.jedit.browser.VFSDirectoryEntryTable.getExpandedDirectories(Set);org.gjt.sp.jedit.browser.VFSDirectoryEntryTableModel;3;0;0;1.0000;240;13;4;0;1;0.9412;103;11;2
org.gjt.sp.jedit.TextUtilities.spacesToTabs(String, int);org.gjt.sp.jedit.MiscUtilities;0;0;0;1.0000;343;14;8;1;0;1.0000;629;50;3
installer.TarInputStream.read(byte[], int, int);installer.TarBuffer;0;0;4;0.8400;159;13;9;1;0;0.9667;162;11;11
org.gjt.sp.jedit.textarea.TextAreaDropHandler.dragExit(DropTargetEvent);org.gjt.sp.util.Log;0;0;0;0;0;0;0;0;0;0;0;0;0
org.gjt.sp.jedit.Buffer.checkFileForSave(View, VFS, String);org.gjt.sp.jedit.io.VFSManager;2;0;0;1.0000;1798;136;53;1;0;1.0000;129;15;11
org.gjt.sp.jedit.browser.VFSDirectoryEntryTableModel.setColumnWidth(int, int);org.gjt.sp.jedit.jEdit;0;0;0;0;0;0;0;0;0;0;0;0;0
org.gjt.sp.jedit.jEdit.saveSettings();org.gjt.sp.util.Log;1;1;3;1.0000;1709;108;29;1;2;1.0000;142;9;16
org.gjt.sp.jedit.browser.BrowserView.TableMouseHandler.mouseClicked(MouseEvent);org.gjt.sp.jedit.GUIUtilities;3;0;0;1.0000;58;3;0;1;0;1.0000;486;55;9
org.gjt.sp.jedit.Macros.showRunScriptDialog(View);org.gjt.sp.jedit.buffer.JEditBuffer;0;0;0;0;0;0;0;0;0;0;0;0;0
org.gjt.sp.jedit.options.PluginManagerOptionPane._init();org.gjt.sp.jedit.MiscUtilities;1;0;9;0.1818;62;2;9;1;0;1.0000;629;50;3
bsh.BshClassManager.createClassManager(Interpreter);bsh.Capabilities;0;0;1;0.9730;176;32;9;1;0;1.0000;24;4;2
bsh.Parser.ContinueStatement();bsh.ParserTreeConstants;3;4;2;0.9837;5894;347;13;0;1;0.9804;0;0;39
org.gjt.sp.jedit.gui.RegisterViewer.Renderer.getListCellRendererComponent(JList, Object, int, boolean, boolean);org.gjt.sp.jedit.Registers.Register;0;0;0;0;0;0;0;0;0;0;0;0;0
org.gjt.sp.jedit.options.PluginManagerOptionPane.DownloadMirrorsThread.run();org.gjt.sp.util.Log;2;0;0;1.0000;28;1;0;1;1;1.0000;142;9;16
macos.Delegate.insertSelection(NSPasteboard, String);org.gjt.sp.jedit.textarea.JEditTextArea;3;0;0;1.0000;156;12;2;0;1;0.9962;2774;208;61
bsh.Parser.jj_3_3();bsh.ParserConstants;1;3;1;0.9890;5894;347;13;0;2;0.9852;0;0;131
org.gjt.sp.jedit.jEdit.loadMode(Mode);com.microstar.xml.XmlException;5;0;0;1.0000;1709;108;29;0;2;0.8462;18;0;4
org.gjt.sp.jedit.textarea.JEditTextArea.goToNextLine(boolean);org.gjt.sp.jedit.buffer.JEditBuffer;0;0;0;0;0;0;0;0;0;0;0;0;0
org.objectweb.asm.CodeWriter.visitLineNumber(int, Label);org.objectweb.asm.ByteVector;1;0;4;0.9434;919;30;27;1;0;0.9500;139;9;2
org.gjt.sp.jedit.pluginmgr.ManagePanel.EntryCompare.compareNames(ManagePanel.Entry, ManagePanel.Entry);org.gjt.sp.jedit.MiscUtilities;1;0;0;1.0000;21;2;3;1;0;1.0000;629;50;3
org.objectweb.asm.CodeWriter.visitLineNumber(int, Label);org.objectweb.asm.Label;1;0;4;0.9434;919;30;27;0;3;0.8421;84;3;10
org.gjt.sp.jedit.textarea.TextAreaDropHandler.dragExit(DropTargetEvent);org.gjt.sp.jedit.textarea.JEditTextArea;0;0;0;0;0;0;0;0;0;0;0;0;0
org.gjt.sp.jedit.textarea.JEditTextArea.goToNextCharacter(boolean);org.gjt.sp.jedit.textarea.Selection;2;7;6;0.9508;2774;208;61;0;2;0.9394;43;9;4
org.gjt.sp.jedit.View.hideWaitCursor();org.gjt.sp.jedit.textarea.JEditTextArea;2;1;1;0.9688;679;41;39;0;1;0.9962;2774;208;61
org.gjt.sp.jedit.jEdit.loadMode(Mode);org.gjt.sp.util.Log;5;0;0;1.0000;1709;108;29;1;2;1.0000;142;9;16
org.gjt.sp.jedit.buffer.BufferSaveRequest.run();org.gjt.sp.jedit.buffer.JEditBuffer;0;0;0;0;0;0;0;0;0;0;0;0;0
org.gjt.sp.jedit.gui.HistoryTextArea.getInstantPopups();org.gjt.sp.jedit.gui.HistoryText;0;0;0;0;0;0;0;0;0;0;0;0;0
org.gjt.sp.jedit.gui.MarkerViewer.updateSelection();org.gjt.sp.jedit.textarea.JEditTextArea;0;0;0;0;0;0;0;0;0;0;0;0;0
org.objectweb.asm.CodeWriter.put(ByteVector);org.objectweb.asm.Item;3;0;15;0.7368;919;30;27;0;1;0.9762;76;6;11
bsh.BSHMethodInvocation.eval(CallStack, Interpreter);bsh.BSHArguments;4;2;0;0.8333;33;3;0;1;0;0.9167;11;1;0
org.gjt.sp.jedit.jEdit.MyFocusManager.postProcessKeyEvent(KeyEvent);org.gjt.sp.jedit.View;0;0;0;0;0;0;0;0;0;0;0;0;0
org.gjt.sp.jedit.pluginmgr.PluginList.Dependency.isSatisfied();org.gjt.sp.util.Log;2;0;4;0.6364;53;4;5;1;1;1.0000;142;9;16
org.gjt.sp.jedit.textarea.JEditTextArea.smartHome(boolean);org.gjt.sp.jedit.View;2;3;1;0.9847;2774;208;61;0;2;0.9710;679;41;39
org.objectweb.asm.ClassWriter.put(Item);org.objectweb.asm.Item;1;0;3;0.9302;305;21;49;0;2;0.9091;76;6;11
bsh.Parser.PrimitiveType();bsh.JJTParserState;3;4;2;0.9839;5894;347;13;2;0;0.9375;74;10;5
org.gjt.sp.jedit.gui.DockableWindowFactory.Window.FloatAction.invoke(View);org.gjt.sp.jedit.View;0;0;0;0;0;0;0;0;0;0;0;0;0
org.gjt.sp.jedit.textarea.JEditTextArea.MutableCaretEvent.getDot();org.gjt.sp.jedit.textarea.JEditTextArea;1;0;0;1.0000;9;2;0;0;1;0.9961;2774;208;61
org.gjt.sp.jedit.Buffer.propertiesChanged();org.gjt.sp.jedit.EditBus;2;2;1;0.9815;1798;136;53;1;0;1.0000;44;4;2
bsh.BshMethod.invokeImpl(Object[], Interpreter, CallStack, SimpleNode, boolean);bsh.NameSpace;5;0;7;0.8000;139;7;10;2;2;0.9619;491;64;21
bsh.Name.resolveThisFieldReference(CallStack, NameSpace, Interpreter, String, boolean);bsh.This;2;2;3;0.8966;341;17;9;0;1;0.9545;79;9;2
org.gjt.sp.jedit.Buffer.getMarker(char);org.gjt.sp.jedit.Marker;1;0;1;0.9939;1798;136;53;0;1;0.8889;26;3;4
org.gjt.sp.jedit.io.VFSManager.runInWorkThread(Runnable);org.gjt.sp.util.WorkThreadPool;0;0;1;1.0000;129;15;11;1;0;0.9655;174;15;14
org.gjt.sp.jedit.ActionSet.load();org.gjt.sp.util.Log;3;0;2;0.9231;155;14;7;1;2;1.0000;142;9;16
org.gjt.sp.jedit.options.ShortcutsOptionPane.ActionHandler.actionPerformed(ActionEvent);org.gjt.sp.jedit.options.ShortcutsOptionPane;1;0;0;1.0000;7;1;0;0;3;0.7500;69;6;5
org.gjt.sp.jedit.textarea.Selection.Rect.getColumnOnOtherLine(JEditBuffer, int, int);org.gjt.sp.jedit.buffer.JEditBuffer;0;0;0;0;0;0;0;0;0;0;0;0;0
org.gjt.sp.jedit.io.FavoritesVFS._delete(Object, String, Component);org.gjt.sp.jedit.io.VFSFile;0;0;0;0;0;0;0;0;0;0;0;0;0
org.gjt.sp.jedit.search.SearchDialog.createReplaceLabelAndField(JPanel, GridBagConstraints);org.gjt.sp.jedit.jEdit;0;0;0;0;0;0;0;0;0;0;0;0;0
installer.TarEntry.setGroupId(int);installer.TarHeader;1;0;1;0.9697;216;28;2;0;1;0.9444;106;8;36
org.gjt.sp.jedit.textarea.Gutter.getToolTipText(MouseEvent);org.gjt.sp.jedit.textarea.JEditTextArea;1;0;2;0.9545;266;20;25;0;1;0.9962;2774;208;61
org.gjt.sp.jedit.gui.StatusBar.updateBufferStatus();org.gjt.sp.jedit.Buffer;2;0;10;0.7619;261;11;26;3;1;0.9771;1798;136;53
org.gjt.sp.jedit.View.createEditPane(Buffer);org.gjt.sp.jedit.textarea.JEditTextArea;2;0;0;1.0000;679;41;39;2;0;0.9923;2774;208;61
bsh.Parser.EqualityExpression();bsh.ParserTreeConstants;4;5;2;0.9810;5894;347;13;0;1;0.9808;0;0;39
bsh.ClassGeneratorImpl.generateClassImpl(String, Modifiers, Class[], Class, BSHBlock, boolean, CallStack, Interpreter);bsh.ClassGeneratorUtil;3;2;0;1.0000;109;7;0;1;2;0.9697;457;21;19
org.gjt.sp.jedit.Macros.input(Component, String, String);org.gjt.sp.jedit.jEdit;0;0;0;1.0000;232;21;6;1;0;1.0000;1709;108;29
org.gjt.sp.jedit.browser.BrowserView.ParentMouseHandler.mouseReleased(MouseEvent);org.gjt.sp.jedit.browser.VFSBrowser;3;0;0;1.0000;33;2;0;1;2;0.9655;542;33;34
bsh.Variable.setValue(Object, int);bsh.Types;1;1;4;0.7143;50;4;8;1;2;1.0000;98;10;4
org.gjt.sp.jedit.textarea.TextAreaPainter.addExtension(TextAreaExtension);org.gjt.sp.jedit.textarea.ExtensionManager;0;0;2;0.9818;269;31;36;1;0;0.8750;75;6;1
org.gjt.sp.jedit.gui.IOProgressMonitor.removeNotify();org.gjt.sp.util.WorkThreadPool;1;0;1;0.8571;30;3;3;1;0;0.9667;174;15;14
org.gjt.sp.jedit.textarea.JEditTextArea.getScreenLineStartOffset(int);org.gjt.sp.jedit.buffer.JEditBuffer;0;0;0;0;0;0;0;0;0;0;0;0;0
bsh.Parser.jj_3R_140();bsh.ParserConstants;1;1;0;0.9972;5894;347;13;0;1;0.9924;0;0;131
org.gjt.sp.jedit.search.SearchBar.KeyHandler.keyPressed(KeyEvent);org.gjt.sp.jedit.search.SearchBar;3;0;0;1.0000;28;1;0;1;3;0.8182;130;6;10
org.gjt.sp.jedit.options.ContextOptionPane.ActionHandler.actionPerformed(ActionEvent);org.gjt.sp.jedit.jEdit;1;0;0;1.0000;43;1;0;1;0;1.0000;1709;108;29
org.gjt.sp.jedit.pluginmgr.ManagePanel.RemoveButton.actionPerformed(ActionEvent);org.gjt.sp.jedit.GUIUtilities;2;0;0;1.0000;29;2;0;0;0;1.0000;486;55;9
org.gjt.sp.jedit.search.SearchDialog.load();org.gjt.sp.jedit.search.DirectoryListSet;5;0;13;0.7547;431;17;30;0;3;0.9063;59;5;3
org.gjt.sp.jedit.pluginmgr.ManagePanel.RemoveButton.actionPerformed(ActionEvent);org.gjt.sp.jedit.pluginmgr.ManagePanel;2;0;0;1.0000;29;2;0;1;3;0.6667;46;2;4
org.gjt.sp.jedit.jEdit.backupSettingsFile(File);org.gjt.sp.jedit.MiscUtilities;0;0;1;1.0000;1709;108;29;2;0;1.0000;629;50;3
org.gjt.sp.jedit.textarea.JEditTextArea.setFirstLine(int);org.gjt.sp.util.Log;3;2;5;0.9737;2774;208;61;1;1;1.0000;142;9;16
org.gjt.sp.jedit.SettingsReloader.maybeReload(String);org.gjt.sp.jedit.MiscUtilities;4;0;0;1.0000;30;2;0;2;0;1.0000;629;50;3
org.gjt.sp.jedit.TextUtilities.indexIgnoringWhitespace(String, int, int, StringBuffer);org.gjt.sp.jedit.MiscUtilities;0;0;0;0;0;0;0;0;0;0;0;0;0
org.gjt.sp.jedit.jEdit.closeView(View, boolean);org.gjt.sp.jedit.PerspectiveManager;1;2;3;1.0000;1709;108;29;1;0;1.0000;135;3;1
org.gjt.sp.jedit.textarea.JEditTextArea.foldStructureChanged();org.gjt.sp.jedit.textarea.FastRepaintManager;0;0;0;0;0;0;0;0;0;0;0;0;0
org.gjt.sp.jedit.search.CurrentBufferSet.getFiles(View);org.gjt.sp.jedit.View;1;0;0;1.0000;16;5;0;1;0;0.9844;679;41;39
org.gjt.sp.jedit.textarea.JEditTextArea.offsetToXY(int, int, Point);org.gjt.sp.jedit.textarea.ChunkCache;2;0;4;0.9848;2774;208;61;2;0;0.9524;333;25;9
org.gjt.sp.jedit.print.BufferPrinter1_3.getPrintJob();org.gjt.sp.jedit.jEdit;0;0;2;1.0000;50;3;2;2;0;1.0000;1709;108;29
org.gjt.sp.jedit.msg.RegisterChanged.getRegisterValue();org.gjt.sp.jedit.Registers;0;0;0;0;0;0;0;0;0;0;0;0;0
macos.Delegate.openSelection(NSPasteboard, String);org.gjt.sp.jedit.buffer.JEditBuffer;0;0;0;0;0;0;0;0;0;0;0;0;0
org.gjt.sp.jedit.textarea.TextAreaPainter.setBlockCaretEnabled(boolean);org.gjt.sp.jedit.textarea.ExtensionManager;1;1;6;0.9138;269;31;36;1;0;0.9333;75;6;1
org.gjt.sp.jedit.View.propertiesChanged();org.gjt.sp.jedit.gui.DockableLayout;0;0;0;0;0;0;0;0;0;0;0;0;0
org.gjt.sp.jedit.menu.EnhancedCheckBoxMenuItem.getShortcut();org.gjt.sp.jedit.jEdit;0;0;1;0.8333;49;3;3;1;0;1.0000;1709;108;29
org.gjt.sp.jedit.options.StyleTableModel.save();org.gjt.sp.jedit.GUIUtilities;0;0;1;0.9000;53;7;1;1;0;1.0000;486;55;9
org.gjt.sp.jedit.textarea.TextAreaTransferHandler.importText(JComponent, Transferable);org.gjt.sp.jedit.textarea.Selection;0;0;0;0;0;0;0;0;0;0;0;0;0
bsh.Parser.FormalComment();bsh.BSHFormalComment;4;3;2;0.9864;5894;347;13;0;1;0.9167;3;0;1
org.gjt.sp.jedit.search.SearchDialog.save(boolean);org.gjt.sp.jedit.MiscUtilities;3;0;17;0.6383;431;17;30;1;0;1.0000;629;50;3
org.gjt.sp.jedit.GUIUtilities.loadMenu(String);org.gjt.sp.jedit.jEdit;1;1;0;1.0000;486;55;9;0;1;1.0000;1709;108;29
bsh.Parser.jj_3R_179();bsh.ParserConstants;1;2;0;0.9945;5894;347;13;0;1;0.9925;0;0;131
org.gjt.sp.jedit.menu.EnhancedCheckBoxMenuItem.MouseHandler.mouseExited(MouseEvent);org.gjt.sp.jedit.View;1;0;1;0.8000;19;3;1;0;1;0.9846;679;41;39
org.gjt.sp.jedit.View.MyFocusTraversalPolicy.getDefaultComponent(Container);org.gjt.sp.jedit.GUIUtilities;0;0;0;0;0;0;0;0;0;0;0;0;0
org.gjt.sp.jedit.gui.CloseDialog.ActionHandler.actionPerformed(ActionEvent);org.gjt.sp.jedit.io.VFSManager;3;0;0;1.0000;51;1;0;1;0;1.0000;129;15;11
bsh.Parser.CastExpression();bsh.JJTParserState;2;8;2;0.9728;5894;347;13;4;0;0.8621;74;10;5
org.gjt.sp.jedit.Macros.recordMacro(View);org.gjt.sp.jedit.jEdit;2;1;0;1.0000;232;21;6;2;1;1.0000;1709;108;29
gnu.regexp.RE.initialize(Object, int, RESyntax, int, int);gnu.regexp.IntPair;7;6;7;0.8824;615;37;13;0;2;0.8750;0;0;2
org.gjt.sp.jedit.textarea.JEditTextArea.offsetToXY(int);org.gjt.sp.jedit.buffer.JEditBuffer;0;0;0;0;0;0;0;0;0;0;0;0;0
org.gjt.sp.jedit.Buffer.insertFile(View, String);org.gjt.sp.jedit.textarea.JEditTextArea;1;4;1;0.9697;1798;136;53;1;0;0.9962;2774;208;61
org.gjt.sp.jedit.textarea.Gutter.paintLine(Graphics2D, int, int);org.gjt.sp.jedit.textarea.TextAreaPainter;4;0;15;0.7813;266;20;25;0;1;0.9890;269;31;36
macos.menu.ShowRecentMenu.construct();org.gjt.sp.jedit.BufferHistory.Entry;3;0;0;1.0000;32;4;0;0;1;0.8333;9;1;4
bsh.BSHEnhancedForStatement.eval(CallStack, Interpreter);bsh.NameSpace;3;0;1;0.9474;56;1;1;2;0;0.9804;491;64;21
org.gjt.sp.jedit.BeanShell.runScript(View, String, Reader, boolean);org.gjt.sp.util.Log;1;2;0;1.0000;279;22;6;1;1;1.0000;142;9;16
org.gjt.sp.jedit.textarea.JEditTextArea.setFirstPhysicalLine(int, int);org.gjt.sp.util.Log;5;2;3;0.9814;2774;208;61;1;1;1.0000;142;9;16
org.gjt.sp.jedit.pluginmgr.ManagePanel.HideLibrariesButton.actionPerformed(ActionEvent);org.gjt.sp.jedit.pluginmgr.ManagePanel;0;0;0;1.0000;9;1;0;1;0;0.8571;46;2;4
org.gjt.sp.jedit.io.VFSManager.error(IOException, String, Component);org.gjt.sp.util.Log;0;0;0;0;0;0;0;0;0;0;0;0;0
org.gjt.sp.jedit.BeanShell.showEvaluateDialog(View);org.gjt.sp.jedit.View;3;2;1;1.0000;279;22;6;0;2;0.9692;679;41;39
org.gjt.sp.jedit.gui.HistoryModel.propertiesChanged();org.gjt.sp.jedit.jEdit;0;0;1;1.0000;131;9;8;1;0;1.0000;1709;108;29
bsh.Primitive.booleanBinaryOperation(Boolean, Boolean, int);bsh.ParserConstants;1;0;0;1.0000;506;35;5;0;6;0.9542;0;0;131
org.gjt.sp.jedit.browser.BrowserView.maybeReloadDirectory(String);org.gjt.sp.jedit.io.FavoritesVFS;3;2;2;0.8095;139;12;7;0;1;1.0000;72;8;4
org.gjt.sp.jedit.textarea.JEditTextArea.toggleRectangularSelectionEnabled();org.gjt.sp.jedit.textarea.Selection;1;1;2;0.9885;2774;208;61;0;0;1.0000;43;9;4
org.gjt.sp.jedit.textarea.JEditTextArea.FocusHandler.focusGained(FocusEvent);org.gjt.sp.jedit.textarea.JEditTextArea;2;0;0;1.0000;17;2;0;2;4;0.9808;2774;208;61
org.gjt.sp.jedit.buffer.ExplicitFoldHandler.getFoldLevel(JEditBuffer, int, Segment);org.gjt.sp.jedit.buffer.JEditBuffer;0;0;0;0;0;0;0;0;0;0;0;0;0
org.gjt.sp.jedit.search.HyperSearchResults.searchStarted();org.gjt.sp.jedit.jEdit;0;0;1;0.9444;146;10;9;1;0;1.0000;1709;108;29
org.gjt.sp.jedit.syntax.DefaultTokenHandler.addToken(Token, TokenMarker.LineContext);org.gjt.sp.jedit.syntax.Token;1;0;2;0.7500;35;5;3;0;1;0.8889;21;3;27
org.gjt.sp.jedit.search.HyperSearchRequest.doHyperSearch(Buffer, int, int, DefaultMutableTreeNode);org.gjt.sp.jedit.search.HyperSearchResult;2;0;1;0.9545;130;5;6;1;1;0.9167;66;7;6
bsh.ParserTokenManager.jjMoveStringLiteralDfa16_0(long, long, long, long);bsh.JavaCharStream;0;3;2;0.9123;1699;47;25;1;0;0.9804;331;25;17
org.gjt.sp.jedit.browser.VFSBrowser.DirectoryLoadedAWTRequest.run();org.gjt.sp.jedit.MiscUtilities;2;0;2;0.9048;46;2;2;1;0;1.0000;629;50;3
bsh.BSHPrimarySuffix.doSuffix(Object, boolean, CallStack, Interpreter);bsh.BSHType;0;3;5;0.6923;95;5;7;1;0;0.9474;82;6;4
org.gjt.sp.jedit.io.VFSFile.findCompletion(String, String, VFSBrowser, boolean);org.gjt.sp.jedit.io.VFSManager;0;0;0;0;0;0;0;0;0;0;0;0;0
org.gjt.sp.jedit.search.SearchAndReplace.regexpBeanShellReplace(View, SearchMatcher.Match);org.gjt.sp.jedit.BeanShell;0;0;0;0;0;0;0;0;0;0;0;0;0
org.gjt.sp.jedit.textarea.JEditTextArea.invalidateStructureMatch();org.gjt.sp.jedit.textarea.StructureMatcher.Match;0;0;0;0;0;0;0;0;0;0;0;0;0
org.gjt.sp.jedit.textarea.JEditTextArea.getFirstLine();org.gjt.sp.jedit.textarea.Anchor;0;0;0;0;0;0;0;0;0;0;0;0;0
com.microstar.xml.XmlParser.parseETag();com.microstar.xml.XmlHandler;0;4;2;0.9608;2091;113;92;1;0;0.9474;13;13;0
org.gjt.sp.jedit.textarea.JEditTextArea.getSelection();org.gjt.sp.jedit.textarea.SelectionManager;0;0;0;0;0;0;0;0;0;0;0;0;0
org.gjt.sp.jedit.textarea.Selection.Rect.getStartColumn(JEditBuffer);org.gjt.sp.jedit.buffer.JEditBuffer;0;0;0;0;0;0;0;0;0;0;0;0;0
bsh.Reflect.invokeObjectMethod(Object, String, Object[], Interpreter, CallStack, SimpleNode);bsh.This;0;2;0;1.0000;422;31;0;2;0;0.9091;79;9;2
gnu.regexp.RETokenPOSIX.match(CharIndexed, REMatch);gnu.regexp.REMatch;2;0;15;0.7000;68;4;16;0;1;0.9630;95;12;8
org.gjt.sp.jedit.textarea.FirstLine.changed();org.gjt.sp.jedit.buffer.JEditBuffer;0;0;0;0;0;0;0;0;0;0;0;0;0
org.gjt.sp.jedit.Registers.setRegister(char, Register);org.gjt.sp.jedit.EditBus;0;1;4;1.0000;231;16;5;0;0;1.0000;44;4;2
org.gjt.sp.jedit.jEdit.removeBufferFromList(Buffer);org.gjt.sp.jedit.Buffer;1;0;5;1.0000;1709;108;29;0;3;0.9816;1798;136;53
org.gjt.sp.jedit.Buffer.propertiesChanged();org.gjt.sp.jedit.buffer.FoldHandler;2;2;1;0.9815;1798;136;53;1;0;1.0000;52;8;3
org.gjt.sp.jedit.browser.VFSDirectoryEntryTable.doTypeSelect(String, int, int, boolean);org.gjt.sp.jedit.browser.VFSDirectoryEntryTableModel;2;1;0;0.9524;240;13;4;0;0;1.0000;103;11;2
org.gjt.sp.jedit.gui.DockableLayout.adjustDockingAreasToFit(Dimension, int, int, int, int, int, int, int, int, Dimension, Dimension);org.gjt.sp.jedit.gui.DockablePanel;0;0;0;0;0;0;0;0;0;0;0;0;0
org.gjt.sp.jedit.gui.DockableWindowManager.propertiesChanged();org.gjt.sp.jedit.gui.DockableWindowFactory;0;0;0;0;0;0;0;0;0;0;0;0;0
org.gjt.sp.jedit.browser.VFSBrowser.createToolBar();org.gjt.sp.jedit.GUIUtilities;0;0;3;0.9811;542;33;34;1;0;1.0000;486;55;9
bsh.Parser.RelationalExpression();bsh.Token;4;5;2;0.9813;5894;347;13;0;1;0.9630;9;1;8
bsh.Parser.FormalParameters();bsh.JJTParserState;2;5;2;0.9815;5894;347;13;4;0;0.8889;74;10;5
org.gjt.sp.jedit.search.SearchAndReplace.handleError(Component, Exception);org.gjt.sp.util.Log;1;0;1;1.0000;537;32;11;1;1;1.0000;142;9;16
org.gjt.sp.jedit.pluginmgr.Roster.Install.runInAWTThread(Component);org.gjt.sp.util.Log;2;1;3;0.6667;112;5;5;1;1;1.0000;142;9;16
bsh.BSHTryStatement.eval(CallStack, Interpreter);bsh.Types;3;0;0;1.0000;68;1;0;1;0;1.0000;98;10;4
org.gjt.sp.jedit.PluginJAR.loadCache(PluginCacheEntry);org.gjt.sp.jedit.browser.VFSBrowser;2;2;8;0.7959;557;18;15;0;1;1.0000;542;33;34
bsh.BSHTypedVariableDeclaration.eval(CallStack, Interpreter);bsh.NameSpace;2;2;1;0.7692;44;5;1;1;0;0.9895;491;64;21
bsh.BSHUnaryExpression.eval(CallStack, Interpreter);bsh.Interpreter;2;2;1;0.7692;50;4;2;0;1;0.9836;490;39;19
org.objectweb.asm.Label.put(CodeWriter, ByteVector, int, boolean);org.objectweb.asm.CodeWriter;2;1;3;0.7500;84;3;10;0;1;1.0000;919;30;27
org.gjt.sp.jedit.gui.RegisterViewer.addNotify();org.gjt.sp.jedit.EditBus;0;0;0;0;0;0;0;0;0;0;0;0;0
org.gjt.sp.jedit.search.CurrentBufferSet.getFirstFile(View);org.gjt.sp.jedit.Buffer;1;0;0;1.0000;16;5;0;0;1;0.9939;1798;136;53
bsh.BSHType.getType(CallStack, Interpreter);bsh.Interpreter;1;1;3;0.6923;82;6;4;1;0;0.9831;490;39;19
org.gjt.sp.jedit.jEdit.newView(View, Buffer, View.ViewConfig);org.gjt.sp.jedit.gui.DockableWindowManager;4;3;2;1.0000;1709;108;29;1;0;0.9796;447;27;16
bsh.Interpreter.setConsole(ConsoleInterface);bsh.ConsoleInterface;0;1;3;0.9245;490;39;19;2;0;0.8000;6;6;0
org.gjt.sp.jedit.EditPane.StatusHandler.statusChanged(JEditTextArea, int, boolean);org.gjt.sp.jedit.gui.StatusBar;0;0;0;0;0;0;0;0;0;0;0;0;0
org.gjt.sp.jedit.search.DirectoryListSet.getCode();org.gjt.sp.jedit.MiscUtilities;0;0;3;0.6250;59;5;3;1;0;1.0000;629;50;3
org.gjt.sp.jedit.gui.RegisterViewer.ListHandler.valueChanged(ListSelectionEvent);org.gjt.sp.jedit.Registers;0;0;0;0;0;0;0;0;0;0;0;0;0
bsh.ParserTokenManager.getNextToken();bsh.TokenMgrError;2;2;7;0.8906;1699;47;25;0;1;1.0000;59;3;5
org.gjt.sp.jedit.textarea.JEditTextArea.backspaceWord(boolean);org.gjt.sp.jedit.TextUtilities;0;3;4;0.9732;2774;208;61;1;0;1.0000;343;14;8
org.gjt.sp.jedit.textarea.JEditTextArea.selectAll();org.gjt.sp.jedit.buffer.JEditBuffer;0;0;0;0;0;0;0;0;0;0;0;0;0
org.gjt.sp.jedit.menu.MarkersProvider.update(JMenu);org.gjt.sp.jedit.GUIUtilities;3;0;0;1.0000;33;2;0;1;0;1.0000;486;55;9
org.gjt.sp.jedit.textarea.TextAreaTransferHandler.importText(JComponent, Transferable);org.gjt.sp.util.Log;0;0;0;0;0;0;0;0;0;0;0;0;0
org.gjt.sp.jedit.textarea.JEditTextArea.getInputHandler();org.gjt.sp.jedit.View;0;0;0;0;0;0;0;0;0;0;0;0;0
org.gjt.sp.jedit.OptionGroup.insertionSort(String, Object);org.gjt.sp.jedit.OptionPane;0;0;3;0.7857;69;8;4;1;0;0.8571;4;4;0
org.gjt.sp.jedit.Abbrevs.save();org.gjt.sp.util.Log;2;1;4;1.0000;225;15;8;1;2;1.0000;142;9;16
org.gjt.sp.jedit.gui.ActionBar.ActionTextField.processKeyEvent(KeyEvent);org.gjt.sp.jedit.gui.ActionBar.CompletionPopup.CompletionList;3;1;2;0.8421;79;5;2;1;0;0.9375;6;1;0
org.gjt.sp.jedit.textarea.DisplayManager.notifyScreenLineChanges();org.gjt.sp.jedit.textarea.Anchor;0;0;0;0;0;0;0;0;0;0;0;0;0
org.gjt.sp.jedit.options.ToolBarEditDialog.updateList();org.gjt.sp.jedit.MiscUtilities;1;0;2;0.9000;173;5;12;1;0;1.0000;629;50;3
org.objectweb.asm.CodeWriter.visitIntInsn(int, int);org.objectweb.asm.Constants;1;0;4;0.9231;919;30;27;0;2;0.9892;0;0;179
bsh.Parser.jj_3R_126();bsh.ParserConstants;1;1;0;0.9972;5894;347;13;0;1;0.9924;0;0;131
org.gjt.sp.jedit.textarea.BufferHandler.contentInserted(JEditBuffer, int, int, int, int);org.gjt.sp.jedit.textarea.DisplayManager;7;1;4;0.7826;165;9;7;0;2;0.9600;513;30;16
bsh.NameSpace.loadScriptedCommand(InputStream, String, Class[], String, Interpreter);bsh.EvalError;1;1;0;0.9886;491;64;21;1;1;0.8462;59;7;3
bsh.Parser.InclusiveOrExpression();bsh.ParserTreeConstants;4;5;2;0.9810;5894;347;13;0;1;0.9808;0;0;39
bsh.BSHAllocationExpression.arrayNewInstance(Class, BSHArrayDimensions, CallStack);bsh.BSHArrayDimensions;1;0;0;1.0000;119;9;1;0;2;0.7778;44;4;4
org.gjt.sp.jedit.menu.RecentDirectoriesProvider.update(JMenu);org.gjt.sp.jedit.jEdit;1;0;0;1.0000;60;2;0;3;0;1.0000;1709;108;29
org.gjt.sp.jedit.browser.VFSDirectoryEntryTable.setDirectory(VFS, Object, ArrayList, Set);org.gjt.sp.jedit.browser.VFSDirectoryEntryTableModel.Entry;3;1;3;0.8261;240;13;4;0;1;0.9231;4;0;3
bsh.Parser.jj_3_15();bsh.ParserConstants;1;2;0;0.9945;5894;347;13;0;2;0.9850;0;0;131
org.gjt.sp.jedit.textarea.JEditTextArea.getRectParams(int, int);org.gjt.sp.jedit.textarea.Selection;2;4;3;0.9738;2774;208;61;0;4;0.8571;43;9;4
org.gjt.sp.jedit.PluginJAR.getZipFile();org.gjt.sp.util.Log;1;0;2;0.9355;557;18;15;1;1;1.0000;142;9;16
org.gjt.sp.jedit.textarea.DisplayManager.expandAllFolds();org.gjt.sp.jedit.buffer.JEditBuffer;0;0;0;0;0;0;0;0;0;0;0;0;0
org.gjt.sp.jedit.search.SearchDialog.setSearchString(String, int);org.gjt.sp.jedit.gui.HistoryTextArea;0;0;0;0;0;0;0;0;0;0;0;0;0
bsh.Interpreter.run();bsh.EvalError;4;9;9;0.7647;490;39;19;1;1;0.9524;59;7;3
org.gjt.sp.util.WorkThreadPool.doAWTRequest(Request);org.gjt.sp.util.Log;1;0;1;0.9655;174;15;14;1;1;1.0000;142;9;16
org.gjt.sp.jedit.gui.EnhancedButton.MouseHandler.mouseReleased(MouseEvent);org.gjt.sp.jedit.View;1;0;1;0.8000;19;3;1;0;1;0.9846;679;41;39
org.gjt.sp.jedit.jEdit.saveSettings();org.gjt.sp.jedit.buffer.KillRing;1;1;3;1.0000;1709;108;29;1;0;1.0000;169;7;4
org.gjt.sp.jedit.textarea.JEditTextArea.setSelection(Selection);org.gjt.sp.jedit.textarea.SelectionManager;0;0;0;0;0;0;0;0;0;0;0;0;0
org.gjt.sp.jedit.search.BufferListSet.getNextFile(View, String);org.gjt.sp.jedit.MiscUtilities;2;2;1;0.7000;47;7;1;1;0;1.0000;629;50;3
bsh.Parser.jj_3R_128();bsh.ParserConstants;1;1;0;0.9973;5894;347;13;0;3;0.9773;0;0;131
bsh.ParserTokenManager.jjMoveStringLiteralDfa11_0(long, long, long, long, long, long);bsh.JavaCharStream;0;5;4;0.8421;1699;47;25;1;0;0.9818;331;25;17
org.gjt.sp.jedit.browser.VFSFileChooserDialog.GetFileTypeRequest.run();org.gjt.sp.jedit.io.VFSManager;3;0;4;0.5556;30;1;4;1;0;1.0000;129;15;11
org.gjt.sp.jedit.gui.DockableLayout.addLayoutComponent(Component, Object);org.gjt.sp.jedit.gui.DockableWindowManager;0;0;0;0;0;0;0;0;0;0;0;0;0
org.gjt.sp.jedit.browser.BrowserCommandsMenu.createEncodingMenu();org.gjt.sp.jedit.MiscUtilities;1;0;4;0.5000;122;3;4;1;0;1.0000;629;50;3
bsh.ClassGeneratorUtil.initInstance(Object, String, Object[]);bsh.CallStack;3;3;2;1.0000;457;21;19;2;0;0.9200;52;11;1
org.gjt.sp.jedit.textarea.JEditTextArea.setBuffer(JEditBuffer);org.gjt.sp.jedit.textarea.ChunkCache;0;0;0;0;0;0;0;0;0;0;0;0;0
org.gjt.sp.jedit.PerspectiveManager.loadPerspective(boolean);org.gjt.sp.jedit.MiscUtilities;4;0;0;1.0000;135;3;1;1;0;1.0000;629;50;3
org.gjt.sp.jedit.Buffer.insertFile(View, String);org.gjt.sp.jedit.jEdit;1;4;1;0.9697;1798;136;53;1;0;1.0000;1709;108;29
org.gjt.sp.jedit.browser.BrowserView.TableMouseHandler.mouseReleased(MouseEvent);org.gjt.sp.jedit.browser.BrowserView;1;0;0;1.0000;58;3;0;0;2;0.9048;139;12;7
bsh.ClassGeneratorUtil.generatePlainReturnCode(String, CodeVisitor);org.objectweb.asm.CodeVisitor;1;2;0;1.0000;457;21;19;2;0;0.9167;17;17;0
bsh.Parser.VoidLiteral();bsh.ParserConstants;1;1;0;0.9972;5894;347;13;0;1;0.9924;0;0;131
bsh.Parser.reInitTokenInput(Reader);bsh.JavaCharStream;1;0;1;0.9972;5894;347;13;2;0;0.9574;331;25;17
org.gjt.sp.jedit.textarea.SelectionManager.addToSelection(Selection);org.gjt.sp.jedit.textarea.Selection.Rect;0;0;0;0;0;0;0;0;0;0;0;0;0
org.gjt.sp.jedit.buffer.JEditBuffer.getFoldLevel(int);org.gjt.sp.jedit.buffer.LineManager;0;0;0;0;0;0;0;0;0;0;0;0;0
bsh.Parser.jj_3R_95();bsh.ParserConstants;1;2;0;0.9945;5894;347;13;0;1;0.9925;0;0;131
org.gjt.sp.jedit.search.HyperSearchResults.removeNotify();org.gjt.sp.jedit.jEdit;0;0;1;0.9444;146;10;9;1;0;1.0000;1709;108;29
org.objectweb.asm.Type.getOpcode(int);org.objectweb.asm.Constants;1;0;10;0.9333;317;20;24;0;2;0.9889;0;0;179
org.gjt.sp.jedit.pluginmgr.PluginList.Dependency.satisfy(Roster, String, boolean);org.gjt.sp.jedit.MiscUtilities;2;0;4;0.6923;53;4;5;1;0;1.0000;629;50;3
bsh.Parser.ArrayInitializer();bsh.ParserConstants;2;6;2;0.9797;5894;347;13;0;28;0.8056;0;0;131
org.gjt.sp.jedit.textarea.DisplayManager.notifyScreenLineChanges();org.gjt.sp.jedit.textarea.ScrollLineCount;0;0;0;0;0;0;0;0;0;0;0;0;0
org.gjt.sp.jedit.gui.ColorWellButton.ActionHandler.actionPerformed(ActionEvent);org.gjt.sp.jedit.jEdit;0;0;0;1.0000;12;1;0;1;0;1.0000;1709;108;29
org.gjt.sp.jedit.buffer.JEditBuffer.readLock();org.gjt.sp.util.ReadWriteLock;0;0;0;0;0;0;0;0;0;0;0;0;0
org.gjt.sp.jedit.gui.GrabKeyDialog.ActionHandler.canClose();org.gjt.sp.jedit.gui.GrabKeyDialog;2;0;0;1.0000;49;2;0;1;3;0.8400;144;9;10
bsh.BSHAllocationExpression.constructObject(Class, Object[], CallStack);bsh.Name;2;0;0;1.0000;119;9;1;1;0;1.0000;341;17;9
org.gjt.sp.jedit.jEdit.initResources();org.gjt.sp.jedit.ActionContext;2;1;2;1.0000;1709;108;29;1;0;0.9167;41;7;3
org.gjt.sp.jedit.textarea.JEditTextArea.invalidateLineRange(int, int);org.gjt.sp.jedit.buffer.JEditBuffer;0;0;0;0;0;0;0;0;0;0;0;0;0
org.gjt.sp.jedit.gui.OptionsDialog.valueChanged(TreeSelectionEvent);org.gjt.sp.jedit.OptionPane;3;1;5;0.7931;231;15;9;3;0;0.7273;4;4;0
org.gjt.sp.jedit.textarea.TextAreaTransferHandler.importData(JComponent, Transferable);org.gjt.sp.util.Log;0;0;0;0;0;0;0;0;0;0;0;0;0
org.gjt.sp.jedit.options.SyntaxHiliteOptionPane._save();org.gjt.sp.jedit.options.StyleTableModel;0;0;1;0.8571;30;4;3;1;0;0.9000;53;7;1
org.gjt.sp.jedit.menu.MacrosProvider.update(JMenu);org.gjt.sp.jedit.jEdit;1;1;0;0.5000;33;3;0;1;0;1.0000;1709;108;29
bsh.BSHAllocationExpression.constructWithClassBody(Class, Object[], BSHBlock, CallStack, Interpreter);bsh.Reflect;2;0;1;1.0000;119;9;1;1;0;1.0000;422;31;0
bsh.Parser.ForStatement();bsh.ParserConstants;3;8;2;0.9755;5894;347;13;0;39;0.7383;0;0;131
org.gjt.sp.jedit.gui.DockableWindowFactory.Window.createDockableWindow(View, String);bsh.NameSpace;0;0;0;0;0;0;0;0;0;0;0;0;0
org.gjt.sp.jedit.PluginJAR.generateCache();org.gjt.sp.jedit.ActionSet;5;2;10;0.7647;557;18;15;4;0;0.9216;155;14;7
org.gjt.sp.jedit.pluginmgr.Roster.performOperationsInAWTThread(Component);org.gjt.sp.jedit.jEdit;1;0;2;0.8462;65;9;3;2;0;1.0000;1709;108;29
org.gjt.sp.jedit.gui.DefaultInputHandler.handleKey(KeyEventTranslator.Key);org.gjt.sp.jedit.gui.KeyEventTranslator.Key;2;1;2;0.8750;212;12;3;0;3;0.8421;20;3;3
bsh.Parser.jj_3R_97();bsh.ParserConstants;1;2;1;0.9917;5894;347;13;0;2;0.9851;0;0;131
bsh.BSHAllocationExpression.constructWithClassBody(Class, Object[], BSHBlock, CallStack, Interpreter);bsh.ClassGenerator;2;0;1;1.0000;119;9;1;2;0;0.8571;15;4;1
org.gjt.sp.jedit.browser.VFSDirectoryEntryTable.toggleExpanded(int);org.gjt.sp.jedit.browser.BrowserView;3;1;1;0.9200;240;13;4;2;0;0.9286;139;12;7
bsh.NameSpace.getMethod(String, Class[], boolean);bsh.Reflect;1;2;3;0.9419;491;64;21;1;0;1.0000;422;31;0
gnu.regexp.CharIndexedCharArray.charAt(int);gnu.regexp.CharIndexed;1;0;2;0.6667;14;3;2;0;1;0.8333;3;3;1
org.gjt.sp.jedit.gui.HistoryModel.loadHistory();org.gjt.sp.jedit.jEdit;2;0;5;0.7500;131;9;8;0;1;1.0000;1709;108;29
org.gjt.sp.jedit.search.AllBufferSet._getFiles(Component);org.gjt.sp.jedit.jEdit;2;0;1;0.8000;26;2;1;1;0;1.0000;1709;108;29
org.gjt.sp.jedit.gui.DefaultInputHandler.getSymbolicModifierName(int);org.gjt.sp.jedit.gui.KeyEventTranslator;0;0;0;1.0000;212;12;3;1;0;1.0000;168;7;5
bsh.Parser.EnhancedForStatement();bsh.ParserConstants;4;8;2;0.9732;5894;347;13;0;5;0.9662;0;0;131
org.gjt.sp.jedit.io.FavoritesVFS.loadFavorites();org.gjt.sp.jedit.io.VFSFile;0;0;0;0;0;0;0;0;0;0;0;0;0
org.gjt.sp.jedit.pluginmgr.ManagePanel.HeaderMouseHandler.mouseClicked(MouseEvent);org.gjt.sp.jedit.pluginmgr.ManagePanel.PluginTableModel;2;0;0;1.0000;12;1;0;1;0;0.9500;153;15;2
org.gjt.sp.jedit.textarea.FirstLine.reset();org.gjt.sp.jedit.textarea.DisplayManager;0;0;0;0;0;0;0;0;0;0;0;0;0
org.gjt.sp.jedit.jEdit.openFile(View, String, String, boolean, Hashtable);org.gjt.sp.jedit.MiscUtilities;3;2;2;1.0000;1709;108;29;3;0;1.0000;629;50;3
org.gjt.sp.jedit.textarea.JEditTextArea._finishCaretUpdate();org.gjt.sp.jedit.textarea.DisplayManager;0;3;8;0.9623;2774;208;61;6;0;0.8824;513;30;16
org.gjt.sp.jedit.options.ShortcutsOptionPane.ShortcutsModel.save();org.gjt.sp.jedit.jEdit;1;0;1;0.9167;59;8;2;1;0;1.0000;1709;108;29
org.gjt.sp.jedit.indent.CloseBracketIndentRule.apply(JEditBuffer, int, int, int, List);org.gjt.sp.jedit.indent.IndentAction.AlignBracket;0;0;0;0;0;0;0;0;0;0;0;0;0
org.gjt.sp.jedit.options.SyntaxHiliteOptionPane.MouseHandler.mouseClicked(MouseEvent);org.gjt.sp.jedit.options.StyleEditor;1;0;0;1.0000;6;1;0;1;0;0.9444;66;4;9
org.gjt.sp.jedit.io.FavoritesVFS.saveFavorites();org.gjt.sp.jedit.jEdit;1;0;2;1.0000;72;8;4;3;0;1.0000;1709;108;29
org.gjt.sp.jedit.textarea.TextAreaPainter.PaintLineBackground.paintValidLine(Graphics2D, int, int, int, int, int);org.gjt.sp.jedit.syntax.SyntaxStyle;5;0;0;1.0000;30;1;0;0;1;0.9583;20;0;4
bsh.ClassGeneratorUtil.getConstructorArgs(String, This, Object[], int);bsh.BSHMethodInvocation;3;0;2;1.0000;457;21;19;2;0;0.8889;33;3;0
org.gjt.sp.jedit.search.HyperSearchResults.ActionHandler.actionPerformed(ActionEvent);org.gjt.sp.jedit.search.HyperSearchResults;1;0;0;1.0000;16;1;0;1;5;0.6842;146;10;9
org.gjt.sp.jedit.gui.DockableLayout.layoutContainer(Container);org.gjt.sp.jedit.gui.PanelWindowContainer;0;0;0;0;0;0;0;0;0;0;0;0;0
installer.TarEntry.getSize();installer.TarHeader;1;0;1;0.9697;216;28;2;0;1;0.9444;106;8;36
org.gjt.sp.jedit.gui.FilesChangedDialog.TreeHandler.valueChanged(TreeSelectionEvent);org.gjt.sp.jedit.View;1;0;0;1.0000;12;1;0;1;0;0.9851;679;41;39
org.gjt.sp.jedit.search.SearchDialog.load();org.gjt.sp.jedit.search.AllBufferSet;5;0;13;0.7547;431;17;30;0;1;0.9643;26;2;1
bsh.Parser.VariableDeclarator();bsh.Token;4;5;2;0.9811;5894;347;13;0;1;0.9565;9;1;8
org.gjt.sp.jedit.jEdit.makeServerScript(boolean, boolean, boolean, boolean, String[], String);org.gjt.sp.jedit.MiscUtilities;0;0;0;1.0000;1709;108;29;2;0;1.0000;629;50;3
org.gjt.sp.jedit.search.BufferListSet.getNextFile(View, String);org.gjt.sp.jedit.View;2;2;1;0.7000;47;7;1;1;0;0.9853;679;41;39
org.objectweb.asm.CodeWriter.visitMethodInsn(int, String, String, String);org.objectweb.asm.ClassWriter;2;1;5;0.9107;919;30;27;2;0;0.9623;305;21;49
org.gjt.sp.jedit.browser.BrowserView.loadDirectory(Object, String, boolean);org.gjt.sp.jedit.MiscUtilities;2;0;2;0.9091;139;12;7;1;0;1.0000;629;50;3
org.gjt.sp.jedit.textarea.ChunkCache.scrollDown(int);org.gjt.sp.jedit.textarea.JEditTextArea;2;0;5;0.8571;333;25;9;0;1;0.9962;2774;208;61
org.gjt.sp.jedit.menu.FavoritesProvider.update(JMenu);org.gjt.sp.jedit.io.FavoritesVFS;2;0;0;1.0000;39;2;0;1;0;1.0000;72;8;4
org.gjt.sp.jedit.BeanShell.showEvaluateDialog(View);org.gjt.sp.jedit.gui.InputHandler;3;2;1;1.0000;279;22;6;0;1;0.9565;133;14;6
org.gjt.sp.jedit.menu.RecentFilesProvider.update(JMenu);org.gjt.sp.jedit.jEdit;3;0;0;1.0000;61;2;0;3;0;1.0000;1709;108;29
org.gjt.sp.jedit.print.BufferPrintable.printPage(Graphics, PageFormat, int, boolean);org.gjt.sp.jedit.jEdit;1;2;13;0.4400;165;5;23;2;0;1.0000;1709;108;29
bsh.ClassGeneratorUtil.getASMModifiers(Modifiers);bsh.Modifiers;1;0;0;1.0000;457;21;19;1;0;0.9231;45;7;4
org.gjt.sp.jedit.gui.SplashScreen.advance();org.gjt.sp.util.Log;1;0;1;0.8571;49;3;5;1;1;1.0000;142;9;16
gnu.regexp.REException.getMessage();gnu.regexp.RE;0;0;1;0.6667;20;1;15;1;0;1.0000;615;37;13
org.gjt.sp.jedit.gui.HistoryTextArea.setModel(String);org.gjt.sp.jedit.gui.HistoryText;0;0;0;0;0;0;0;0;0;0;0;0;0
org.gjt.sp.jedit.textarea.JEditTextArea.updateMaxHorizontalScrollWidth();org.gjt.sp.jedit.textarea.ChunkCache;0;0;6;0.9768;2774;208;61;1;0;0.9756;333;25;9
org.gjt.sp.jedit.gui.GrabKeyDialog.ActionHandler.canClose();org.gjt.sp.jedit.GUIUtilities;2;0;0;1.0000;49;2;0;2;0;1.0000;486;55;9
org.gjt.sp.jedit.Macros.showRunScriptDialog(View);org.gjt.sp.jedit.View;0;1;0;1.0000;232;21;6;1;0;0.9846;679;41;39
bsh.Parser.jj_3R_119();bsh.ParserConstants;1;1;1;0.9945;5894;347;13;0;2;0.9850;0;0;131
org.gjt.sp.jedit.browser.VFSBrowser.ActionHandler.actionPerformed(ActionEvent);org.gjt.sp.jedit.browser.VFSBrowser;1;0;0;1.0000;9;1;0;2;4;0.8909;542;33;34
org.gjt.sp.jedit.io.VFSFile.getColor();org.gjt.sp.jedit.io.VFS;0;0;0;0;0;0;0;0;0;0;0;0;0
installer.TarEntry.adjustEntryName(byte[], String);installer.TarHeader;1;0;0;1.0000;216;28;2;1;1;1.0000;106;8;36
org.gjt.sp.jedit.Abbrevs.expandAbbrev(View, boolean);org.gjt.sp.jedit.buffer.JEditBuffer;0;0;0;0;0;0;0;0;0;0;0;0;0
installer.TarEntry.getName();installer.TarHeader;1;0;1;0.9697;216;28;2;0;1;0.9444;106;8;36
bsh.BSHUnaryExpression.eval(CallStack, Interpreter);bsh.UtilEvalError;2;2;1;0.7692;50;4;2;1;0;0.9231;14;2;0
bsh.Parser.ClassDeclaration();bsh.Modifiers;5;8;2;0.9735;5894;347;13;0;1;1.0000;45;7;4
org.gjt.sp.jedit.Macros.confirm(Component, String, int, int);org.gjt.sp.jedit.jEdit;0;0;0;1.0000;232;21;6;1;0;1.0000;1709;108;29
bsh.Parser.ReturnType();bsh.BSHReturnType;3;5;2;0.9814;5894;347;13;0;1;0.9630;14;3;1
org.gjt.sp.jedit.Buffer.load(View, boolean);org.gjt.sp.jedit.EditBus;2;6;7;0.9387;1798;136;53;1;0;1.0000;44;4;2
org.gjt.sp.jedit.SettingsReloader.maybeReload(String);org.gjt.sp.jedit.search.SearchAndReplace;4;0;0;1.0000;30;2;0;0;1;1.0000;537;32;11
bsh.BSHArrayInitializer.eval(Class, int, CallStack, Interpreter);bsh.Interpreter;2;2;0;0.8750;54;3;0;1;0;1.0000;490;39;19
org.gjt.sp.jedit.search.SearchDialog.createMultiFilePanel();org.gjt.sp.jedit.jEdit;0;0;5;0.8750;431;17;30;1;0;1.0000;1709;108;29
org.gjt.sp.jedit.Buffer.getIcon();org.gjt.sp.jedit.GUIUtilities;0;1;4;0.9938;1798;136;53;1;0;1.0000;486;55;9
org.gjt.sp.jedit.textarea.Gutter.MouseHandler.mousePressed(MouseEvent);org.gjt.sp.jedit.textarea.Gutter;5;0;2;0.9474;89;5;4;0;3;0.9577;266;20;25
org.gjt.sp.jedit.pluginmgr.ManagePanel.PluginTableModel.loadPluginJAR(String);org.gjt.sp.jedit.PluginJAR;1;0;0;1.0000;153;15;2;2;1;0.9091;557;18;15
org.gjt.sp.jedit.search.DirectoryListSet._getFiles(Component);org.gjt.sp.jedit.io.VFSManager;1;0;3;0.7000;59;5;3;2;0;1.0000;129;15;11
org.gjt.sp.jedit.browser.VFSBrowser.delete(VFSFile[]);org.gjt.sp.jedit.io.VFS;0;0;0;0;0;0;0;0;0;0;0;0;0
org.gjt.sp.jedit.gui.StatusBar.MemoryStatus.getToolTipText();org.gjt.sp.jedit.jEdit;0;0;0;1.0000;65;6;5;1;0;1.0000;1709;108;29
org.gjt.sp.jedit.textarea.JEditTextArea.goToStartOfWhiteSpace(boolean);org.gjt.sp.jedit.MiscUtilities;1;7;5;0.9542;2774;208;61;1;0;1.0000;629;50;3
bsh.Interpreter.eval(Reader, NameSpace, String);bsh.EvalError;4;5;4;0.9091;490;39;19;1;1;0.9333;59;7;3
bsh.Variable.setValue(Object, int);bsh.Primitive;1;1;4;0.7143;50;4;8;1;0;1.0000;506;35;5
bsh.Parser.PostfixExpression();bsh.Token;4;6;2;0.9794;5894;347;13;0;1;0.9762;9;1;8
org.gjt.sp.jedit.pluginmgr.PluginList.Dependency.satisfy(Roster, String, boolean);org.gjt.sp.jedit.pluginmgr.PluginList.Branch;2;0;4;0.6923;53;4;5;0;1;0.9444;16;3;8
org.gjt.sp.jedit.gui.BufferSwitcher.updateBufferList();org.gjt.sp.jedit.jEdit;2;0;2;0.5000;14;1;2;2;1;1.0000;1709;108;29
org.gjt.sp.jedit.search.SearchBar.DocumentHandler.removeUpdate(DocumentEvent);org.gjt.sp.jedit.View;3;0;0;1.0000;30;3;0;1;0;0.9859;679;41;39
org.gjt.sp.jedit.textarea.JEditTextArea.toLowerCase();org.gjt.sp.jedit.buffer.JEditBuffer;0;0;0;0;0;0;0;0;0;0;0;0;0
org.gjt.sp.jedit.textarea.JEditTextArea.rangeComment();org.gjt.sp.jedit.textarea.Selection.Rect;1;3;2;0.9815;2774;208;61;2;0;0.9355;208;9;2
bsh.Parser.PreIncrementExpression();bsh.ParserConstants;4;4;1;0.9864;5894;347;13;0;1;0.9929;0;0;131
org.gjt.sp.jedit.buffer.BufferIORequest.getXMLEncoding(String);org.gjt.sp.util.Log;0;0;0;0;0;0;0;0;0;0;0;0;0
org.gjt.sp.jedit.textarea.ChunkCache.scrollDown(int);org.gjt.sp.jedit.Debug;2;0;5;0.8571;333;25;9;0;1;1.0000;0;0;22
bsh.Reflect.resolveJavaMethod(BshClassManager, Class, String, Class[], boolean);bsh.ReflectManager;1;2;0;1.0000;422;31;0;1;0;1.0000;17;3;1
org.gjt.sp.jedit.textarea.JEditTextArea.getSelectionStartLine();org.gjt.sp.jedit.textarea.Selection;1;0;2;0.9923;2774;208;61;0;1;0.9444;43;9;4
org.gjt.sp.jedit.jEdit.newFile(View);org.gjt.sp.jedit.View;2;1;0;1.0000;1709;108;29;1;0;0.9846;679;41;39
org.gjt.sp.jedit.buffer.JEditBuffer.createRegexpIndentRule(String);org.gjt.sp.util.Log;0;0;0;0;0;0;0;0;0;0;0;0;0
org.gjt.sp.jedit.textarea.JEditTextArea.goToPrevLine(boolean);org.gjt.sp.jedit.buffer.JEditBuffer;0;0;0;0;0;0;0;0;0;0;0;0;0
org.gjt.sp.jedit.search.SearchAndReplace._replace(View, Buffer, SearchMatcher, int, int, boolean);org.gjt.sp.jedit.buffer.JEditBuffer;0;0;0;0;0;0;0;0;0;0;0;0;0
org.gjt.sp.jedit.gui.DockableWindowFactory.loadDockableWindows(PluginJAR, URL, PluginJAR.PluginCacheEntry);com.microstar.xml.XmlParser;0;0;0;0;0;0;0;0;0;0;0;0;0
installer.TarOutputStream.writeEOFRecord();installer.TarBuffer;0;0;2;0.9048;92;10;8;1;0;0.9643;162;11;11
org.gjt.sp.jedit.browser.VFSBrowser.DirectoryLoadedAWTRequest.run();org.gjt.sp.jedit.browser.VFSBrowser;2;0;2;0.9048;46;2;2;1;10;0.8413;542;33;34
org.gjt.sp.jedit.buffer.PositionManager.PosTopHalf.getOffset();org.gjt.sp.jedit.buffer.PositionManager.PosBottomHalf;1;0;1;0.7500;12;2;1;0;1;0.8571;17;4;2
org.gjt.sp.jedit.Buffer.load(View, boolean);org.gjt.sp.jedit.msg.BufferUpdate;2;6;7;0.9387;1798;136;53;0;1;1.0000;18;2;12
bsh.BSHBinaryExpression.eval(CallStack, Interpreter);bsh.Types;2;2;1;0.8333;55;3;1;1;0;1.0000;98;10;4
org.objectweb.asm.CodeWriter.visitFieldInsn(int, String, String, String);org.objectweb.asm.Item;2;0;5;0.9074;919;30;27;0;1;0.9655;76;6;11
org.gjt.sp.jedit.browser.VFSBrowser.mkdir();org.gjt.sp.jedit.io.VFSManager;2;2;1;0.9474;542;33;34;3;0;1.0000;129;15;11
bsh.Parser.PreIncrementExpression();bsh.JJTParserState;4;4;1;0.9864;5894;347;13;2;0;0.9200;74;10;5
org.objectweb.asm.CodeWriter.visitMethodInsn(int, String, String, String);org.objectweb.asm.Constants;2;1;5;0.9107;919;30;27;0;2;0.9895;0;0;179
bsh.Parser.AdditiveExpression();bsh.JJTParserState;4;5;2;0.9810;5894;347;13;2;0;0.9286;74;10;5
bsh.BSHType.getTypeDescriptor(CallStack, Interpreter, String);bsh.BSHPrimitiveType;2;2;2;0.7857;82;6;4;0;1;0.8889;6;0;1
org.gjt.sp.jedit.textarea.TextAreaTransferHandler.importText(JComponent, Transferable);org.gjt.sp.jedit.textarea.JEditTextArea;0;0;0;0;0;0;0;0;0;0;0;0;0
org.gjt.sp.jedit.EditAction.getLabel();org.gjt.sp.jedit.jEdit;0;0;1;0.8889;36;10;1;1;0;1.0000;1709;108;29
installer.SwingInstall.WizardLayout.preferredLayoutSize(Container);installer.SwingInstall;1;0;0;1.0000;43;5;0;0;4;0.8125;102;2;14
org.gjt.sp.jedit.buffer.KillRing.load();org.gjt.sp.jedit.MiscUtilities;4;0;3;1.0000;169;7;4;1;0;1.0000;629;50;3
org.gjt.sp.jedit.textarea.ChunkCache.updateChunksUpTo(int);org.gjt.sp.jedit.syntax.DefaultTokenHandler;7;1;6;0.8627;333;25;9;0;1;0.9677;35;5;3
org.gjt.sp.jedit.Macros.confirm(Component, String, int);org.gjt.sp.jedit.jEdit;0;0;0;1.0000;232;21;6;1;0;1.0000;1709;108;29
org.gjt.sp.jedit.textarea.JEditTextArea.goToNextParagraph(boolean);org.gjt.sp.jedit.textarea.DisplayManager;0;7;5;0.9537;2774;208;61;1;0;0.9808;513;30;16
org.gjt.sp.jedit.options.ToolBarOptionPane._init();org.gjt.sp.jedit.GUIUtilities;0;1;9;0.2308;100;3;9;1;0;1.0000;486;55;9
org.gjt.sp.jedit.syntax.TokenMarker.handleRule(ParserRule, boolean);gnu.regexp.REMatch;4;4;9;0.7143;352;10;13;2;0;0.9600;95;12;8
org.gjt.sp.jedit.browser.VFSDirectoryEntryTable.toggleExpanded(int);org.gjt.sp.jedit.browser.VFSDirectoryEntryTableModel.Entry;3;1;1;0.9200;240;13;4;0;2;0.8333;4;0;3
org.gjt.sp.jedit.textarea.FirstLine.scrollUp(int);org.gjt.sp.util.Log;0;0;0;0;0;0;0;0;0;0;0;0;0
bsh.Parser.DoStatement();bsh.ParserTreeConstants;3;5;1;0.9839;5894;347;13;0;1;0.9818;0;0;39
bsh.Parser.jj_3R_44();bsh.ParserConstants;1;2;0;0.9945;5894;347;13;0;1;0.9925;0;0;131
org.gjt.sp.jedit.gui.PanelWindowContainer.DockableWindowCompare.compare(Object, Object);org.gjt.sp.jedit.MiscUtilities;0;0;0;1.0000;5;1;0;1;0;1.0000;629;50;3
macos.menu.ShowBufferMenu.ShowBufferMenuItem.ShowFileAction.actionPerformed(ActionEvent);macos.menu.ShowBufferMenu.ShowBufferMenuItem;1;0;0;1.0000;3;1;0;0;1;0.5000;5;0;1
QuickNotepadToolPanel.propertiesChanged();org.gjt.sp.jedit.jEdit;0;0;2;0.5000;47;2;2;1;0;1.0000;1709;108;29
org.gjt.sp.jedit.browser.VFSBrowser.filesActivated(int, boolean);org.gjt.sp.jedit.buffer.JEditBuffer;0;0;0;0;0;0;0;0;0;0;0;0;0
org.gjt.sp.jedit.gui.RegisterViewer.insertRegister();org.gjt.sp.jedit.Registers.Register;0;0;0;0;0;0;0;0;0;0;0;0;0
bsh.Parser.jj_3_16();bsh.ParserConstants;1;1;0;0.9972;5894;347;13;0;2;0.9848;0;0;131
org.gjt.sp.jedit.EditPane.propertiesChanged();org.gjt.sp.jedit.textarea.Gutter;2;0;1;0.9831;273;15;7;8;5;0.8088;266;20;25
org.gjt.sp.jedit.browser.VFSBrowser.browseDirectory(View, String);org.gjt.sp.jedit.View;1;1;1;0.9828;542;33;34;0;1;0.9851;679;41;39
org.gjt.sp.jedit.Buffer.removeBufferChangeListener(BufferChangeListener);org.gjt.sp.jedit.buffer.BufferChangeListener.Adapter;0;0;0;0;0;0;0;0;0;0;0;0;0
macos.Delegate.RecentMenu.updateMenu();org.gjt.sp.jedit.BufferHistory;3;0;0;1.0000;26;1;0;0;1;1.0000;189;9;3
org.gjt.sp.jedit.textarea.JEditTextArea.setMultipleSelectionEnabled(boolean);org.gjt.sp.jedit.textarea.StatusListener;0;0;0;0;0;0;0;0;0;0;0;0;0
bsh.XThis.Handler.invokeImpl(Object, Method, Object[]);bsh.XThis;0;0;0;1.0000;40;2;0;1;0;0.8889;22;3;2
bsh.BSHTypedVariableDeclaration.eval(CallStack, Interpreter);bsh.UtilEvalError;2;2;1;0.7692;44;5;1;1;0;0.9231;14;2;0
org.gjt.sp.jedit.search.SearchDialog.synchronizeMultiFileSettings();org.gjt.sp.jedit.Buffer;3;0;3;0.9333;431;17;30;0;2;0.9882;1798;136;53
gnu.regexp.REFilterInputStream.read();gnu.regexp.REMatch;3;0;6;0.7143;46;4;6;2;3;0.8485;95;12;8
org.gjt.sp.jedit.textarea.MouseHandler.doDoubleDrag(MouseEvent);org.gjt.sp.jedit.TextUtilities;0;0;0;0;0;0;0;0;0;0;0;0;0
org.gjt.sp.jedit.print.BufferPrinter1_4.savePrintSpec();org.gjt.sp.jedit.MiscUtilities;1;0;1;1.0000;83;5;2;1;0;1.0000;629;50;3
org.gjt.sp.jedit.View.MyFocusTraversalPolicy.getDefaultComponent(Container);org.gjt.sp.jedit.View;0;0;0;0;0;0;0;0;0;0;0;0;0
org.gjt.sp.jedit.EditPane.loadBufferSwitcher();org.gjt.sp.jedit.gui.BufferSwitcher;1;0;2;0.9545;273;15;7;1;0;0.8000;14;1;2
org.gjt.sp.jedit.jEdit.main(String[]);org.gjt.sp.jedit.BeanShell;5;17;8;1.0000;1709;108;29;2;1;1.0000;279;22;6
org.gjt.sp.jedit.GUIUtilities.getStyleString(SyntaxStyle);org.gjt.sp.jedit.syntax.SyntaxStyle;1;1;0;1.0000;486;55;9;0;3;0.4000;20;0;4
bsh.BSHPackageDeclaration.eval(CallStack, Interpreter);bsh.Primitive;3;0;0;1.0000;10;1;0;0;1;1.0000;506;35;5
org.gjt.sp.jedit.textarea.ChunkCache.getLineSubregionCount(int);org.gjt.sp.jedit.textarea.JEditTextArea;2;1;2;0.9167;333;25;9;0;1;0.9962;2774;208;61
bsh.Types.castError(Class, Class, int);bsh.Reflect;0;1;0;1.0000;98;10;4;1;0;1.0000;422;31;0
org.gjt.sp.jedit.gui.TipOfTheDay.ActionHandler.actionPerformed(ActionEvent);org.gjt.sp.jedit.gui.TipOfTheDay;1;0;0;1.0000;8;1;0;1;3;0.5556;63;3;5
org.gjt.sp.jedit.browser.VFSFileNameField.doComplete(String);org.gjt.sp.jedit.io.VFSManager;3;0;1;0.9375;129;5;1;0;0;1.0000;129;15;11
org.gjt.sp.jedit.textarea.JEditTextArea.setFirstLine(int);org.gjt.sp.jedit.Debug;3;2;5;0.9737;2774;208;61;0;1;1.0000;0;0;22
org.gjt.sp.jedit.textarea.TextAreaPainter.setStyles(SyntaxStyle[]);org.gjt.sp.jedit.syntax.Token;2;1;2;0.9464;269;31;36;0;1;1.0000;21;3;27
org.gjt.sp.jedit.syntax.Chunk.paintChunkList(Chunk, Graphics2D, float, float, boolean);org.gjt.sp.jedit.Debug;2;0;6;0.7000;132;8;11;0;1;1.0000;0;0;22
org.gjt.sp.jedit.Macros.input(Component, String);org.gjt.sp.jedit.GUIUtilities;0;1;0;1.0000;232;21;6;1;0;1.0000;486;55;9
org.gjt.sp.jedit.textarea.JEditTextArea.delete(boolean);org.gjt.sp.jedit.textarea.Selection.Rect;1;2;3;0.9810;2774;208;61;2;0;0.9167;208;9;2
installer.CBZip2OutputStream.initBlock();installer.BZip2Constants;1;0;5;0.9219;1262;32;41;0;1;0.9412;0;0;11
macos.Delegate.RecentMenu.updateMenu();org.gjt.sp.jedit.jEdit;3;0;0;1.0000;26;1;0;1;0;1.0000;1709;108;29
org.gjt.sp.jedit.jEdit.closeBuffer(View, Buffer);org.gjt.sp.jedit.io.VFSManager;3;1;0;1.0000;1709;108;29;1;1;1.0000;129;15;11
org.gjt.sp.jedit.help.HelpIndex.indexJAR(ZipFile);org.gjt.sp.jedit.MiscUtilities;1;1;0;0.9091;154;9;3;1;0;1.0000;629;50;3
org.gjt.sp.jedit.proto.jeditresource.PluginResURLConnection.connect();org.gjt.sp.jedit.PluginJAR;1;0;3;0.6667;54;3;3;0;2;0.9444;557;18;15
org.gjt.sp.jedit.gui.ActionBar.DocumentHandler.insertUpdate(DocumentEvent);org.gjt.sp.jedit.gui.ActionBar;1;0;0;1.0000;8;3;0;1;1;0.8182;122;4;7
org.gjt.sp.jedit.search.SearchAndReplace.getColumnOnOtherLine(Buffer, int, int);org.gjt.sp.jedit.buffer.JEditBuffer;0;0;0;0;0;0;0;0;0;0;0;0;0
bsh.Interpreter.run();bsh.TargetError;4;9;9;0.7647;490;39;19;2;1;0.9268;47;7;2
bsh.BSHAssignment.operation(Object, Object, int);bsh.ParserConstants;2;0;0;1.0000;71;2;1;0;2;0.9847;0;0;131
org.gjt.sp.jedit.EditPane.propertiesChanged();org.gjt.sp.jedit.jEdit;2;0;1;0.9831;273;15;7;5;0;1.0000;1709;108;29
org.gjt.sp.jedit.textarea.ExtensionManager.paintScreenLineRange(JEditTextArea, Graphics2D, int, int, int, int);org.gjt.sp.jedit.textarea.ChunkCache.LineInfo;3;1;0;0.9091;75;6;1;0;1;0.9231;0;0;8
org.gjt.sp.jedit.textarea.JEditTextArea.propertiesChanged();org.gjt.sp.jedit.buffer.JEditBuffer;0;0;0;0;0;0;0;0;0;0;0;0;0
org.objectweb.asm.CodeWriter.visitLdcInsn(Object);org.objectweb.asm.Constants;3;0;5;0.9074;919;30;27;0;1;0.9947;0;0;179
org.gjt.sp.jedit.Autosave.actionPerformed(ActionEvent);org.gjt.sp.jedit.PerspectiveManager;2;0;0;1.0000;29;3;1;2;1;1.0000;135;3;1
macos.Delegate.insertSelection(NSPasteboard, String);org.gjt.sp.jedit.jEdit;3;0;0;1.0000;156;12;2;1;1;1.0000;1709;108;29
org.gjt.sp.jedit.buffer.JEditBuffer.redo(JEditTextArea);org.gjt.sp.jedit.buffer.UndoManager;0;0;0;0;0;0;0;0;0;0;0;0;0
org.gjt.sp.jedit.pluginmgr.InstallPanel.InstallButton.actionPerformed(ActionEvent);org.gjt.sp.jedit.jEdit;4;0;0;1.0000;48;2;0;1;2;1.0000;1709;108;29
org.gjt.sp.jedit.textarea.ScreenLineManager.contentInserted(int, int);org.gjt.sp.jedit.buffer.JEditBuffer;0;0;0;0;0;0;0;0;0;0;0;0;0
org.gjt.sp.jedit.textarea.BufferHandler.contentRemoved(JEditBuffer, int, int, int, int);org.gjt.sp.jedit.textarea.JEditTextArea;3;1;2;0.8696;165;9;7;1;5;0.9887;2774;208;61
org.gjt.sp.jedit.print.BufferPrintable.paintFooter(Graphics2D, double, double, double, double, int, boolean);org.gjt.sp.jedit.jEdit;0;0;4;0.9091;165;5;23;1;0;1.0000;1709;108;29
bsh.ClassGeneratorImpl.getDeclaredMethods(BSHBlock, CallStack, Interpreter, String);bsh.SimpleNode;1;0;0;1.0000;109;7;0;2;0;0.9310;76;14;7
org.gjt.sp.jedit.gui.ActionBar.ActionTextField.processKeyEvent(KeyEvent);org.gjt.sp.jedit.gui.KeyEventWorkaround;3;1;2;0.8421;79;5;2;1;0;1.0000;161;2;6
bsh.Name.invokeMethod(Interpreter, Object[], CallStack, SimpleNode);bsh.NameSpace;3;7;2;0.8333;341;17;9;2;0;0.9787;491;64;21
org.gjt.sp.jedit.browser.VFSDirectoryEntryTable.propertiesChanged();org.gjt.sp.jedit.browser.FileCellRenderer;1;0;1;0.9474;240;13;4;2;0;0.8333;83;6;12
org.gjt.sp.jedit.jEdit.saveSettings();org.gjt.sp.jedit.PropertyManager;1;1;3;1.0000;1709;108;29;1;0;0.9474;79;15;4
org.gjt.sp.jedit.io.VFSManager.sendVFSUpdate(VFS, String, boolean);org.gjt.sp.jedit.msg.VFSUpdate;1;2;2;1.0000;129;15;11;0;1;0.7500;11;1;1
org.gjt.sp.jedit.pluginmgr.ManagePanel.PluginTableModel.update();org.gjt.sp.jedit.PluginJAR;4;1;2;0.8500;153;15;2;0;1;0.9730;557;18;15
org.gjt.sp.jedit.View.getViewConfig();org.gjt.sp.jedit.gui.DockableWindowManager;3;2;3;0.9405;679;41;39;0;4;0.9286;447;27;16
bsh.Parser.ReturnType();bsh.JJTParserState;3;5;2;0.9814;5894;347;13;4;0;0.8857;74;10;5
org.gjt.sp.jedit.EditServer.handleClient(Socket, DataInputStream);org.gjt.sp.util.Log;1;0;1;0.8889;140;6;5;1;2;1.0000;142;9;16
org.gjt.sp.jedit.pluginmgr.InstallPanel.InstallButton.actionPerformed(ActionEvent);org.gjt.sp.jedit.pluginmgr.PluginList.Plugin;4;0;0;1.0000;48;2;0;2;0;0.9167;50;6;5
bsh.NameSpace.setTypedVariable(String, Class, Object, boolean);bsh.Modifiers;1;1;0;0.9884;491;64;21;1;1;0.8889;45;7;4
bsh.ParserTokenManager.jjMoveStringLiteralDfa10_0(long, long, long, long, long, long);bsh.JavaCharStream;0;4;4;0.8596;1699;47;25;1;0;0.9815;331;25;17
org.gjt.sp.jedit.search.SearchDialog.getSearchDialog(View);org.gjt.sp.jedit.Debug;1;0;1;1.0000;431;17;30;0;1;1.0000;0;0;22
org.gjt.sp.jedit.browser.VFSBrowser.browseDirectory(View, String);org.gjt.sp.jedit.gui.DockableWindowManager;1;1;1;0.9828;542;33;34;3;0;0.9143;447;27;16
bsh.NameSpace.getCommand(String, Class[], Interpreter);bsh.Interpreter;1;3;1;0.9651;491;64;21;2;1;0.9818;490;39;19
org.gjt.sp.jedit.options.StyleTableModel.getColumnName(int);org.gjt.sp.jedit.jEdit;0;0;0;1.0000;53;7;1;1;0;1.0000;1709;108;29
org.gjt.sp.jedit.browser.BrowserIORequest.rename();org.gjt.sp.jedit.OperatingSystem;1;0;5;0.7368;179;6;11;2;0;1.0000;122;13;11
org.gjt.sp.jedit.search.SearchAndReplace.replace(View, Buffer, int, int);org.gjt.sp.jedit.buffer.JEditBuffer;0;0;0;0;0;0;0;0;0;0;0;0;0
org.gjt.sp.jedit.io.FileVFS.getPermissions(String);org.gjt.sp.jedit.jEdit;0;0;0;1.0000;193;17;1;1;0;1.0000;1709;108;29
org.gjt.sp.jedit.search.SearchAndReplace.record(View, String, boolean, boolean);org.gjt.sp.jedit.MiscUtilities;1;0;8;1.0000;537;32;11;1;0;1.0000;629;50;3
org.gjt.sp.jedit.TextUtilities.findMatchingBracket(JEditBuffer, int, int);org.gjt.sp.jedit.syntax.Token;2;1;1;1.0000;343;14;8;0;1;0.9286;21;3;27
org.gjt.sp.jedit.browser.BrowserCommandsMenu.ActionHandler.actionPerformed(ActionEvent);org.gjt.sp.jedit.browser.BrowserCommandsMenu;2;0;0;1.0000;14;1;0;0;2;0.8000;122;3;4
org.gjt.sp.jedit.browser.BrowserView.getSelectedFiles();org.gjt.sp.jedit.browser.VFSDirectoryEntryTable;0;0;1;0.9500;139;12;7;1;0;0.9474;240;13;4
org.gjt.sp.jedit.gui.EditAbbrevDialog.ActionHandler.actionPerformed(ActionEvent);org.gjt.sp.jedit.gui.AbbrevEditor;1;0;0;1.0000;11;1;0;1;0;0.9167;139;4;3
bsh.BSHIfStatement.evaluateCondition(SimpleNode, CallStack, Interpreter);bsh.Primitive;1;0;0;1.0000;19;2;0;1;1;0.9524;506;35;5
org.gjt.sp.jedit.textarea.MouseHandler.mousePressed(MouseEvent);org.gjt.sp.jedit.textarea.SelectionManager;0;0;0;0;0;0;0;0;0;0;0;0;0
org.gjt.sp.jedit.gui.PanelWindowContainer.ButtonLayout.layoutContainer(Container);org.gjt.sp.jedit.gui.PanelWindowContainer;2;0;0;1.0000;128;6;0;0;3;0.8889;163;12;15
QuickNotepad.copyToBuffer();org.gjt.sp.jedit.jEdit;2;0;2;0.8889;100;9;6;1;0;1.0000;1709;108;29
org.gjt.sp.jedit.BeanShell._runScript(View, String, Reader, NameSpace);org.gjt.sp.jedit.buffer.JEditBuffer;0;0;0;0;0;0;0;0;0;0;0;0;0
org.gjt.sp.jedit.gui.DockableWindowFactory.Window.OpenAction.invoke(View);org.gjt.sp.jedit.View;0;0;0;0;0;0;0;0;0;0;0;0;0
org.gjt.sp.jedit.browser.VFSBrowser.browseDirectoryInNewWindow(View, String);org.gjt.sp.jedit.View;1;0;0;1.0000;542;33;34;0;1;0.9844;679;41;39
org.gjt.sp.jedit.textarea.TextAreaPainter.paint(Graphics);org.gjt.sp.jedit.textarea.ExtensionManager;0;0;0;0;0;0;0;0;0;0;0;0;0
org.gjt.sp.jedit.View.quickHyperSearch(boolean);org.gjt.sp.jedit.textarea.JEditTextArea;1;2;3;0.9559;679;41;39;2;0;0.9925;2774;208;61
org.objectweb.asm.CodeWriter.getSize();org.objectweb.asm.Constants;2;1;8;0.8269;919;30;27;0;2;0.9895;0;0;179
bsh.ClassGeneratorUtil.initInstance(Object, String, Object[]);bsh.This;3;3;2;1.0000;457;21;19;0;2;0.9000;79;9;2
org.gjt.sp.jedit.io.UrlVFS._createOutputStream(Object, String, Component);org.gjt.sp.jedit.io.VFSManager;1;0;0;1.0000;29;3;0;1;0;1.0000;129;15;11
org.gjt.sp.jedit.pluginmgr.PluginManager.ListUpdater.stateChanged(ChangeEvent);org.gjt.sp.jedit.pluginmgr.PluginManager;1;0;0;1.0000;9;1;0;1;4;0.7222;133;6;11
org.gjt.sp.jedit.browser.VFSFileChooserDialog.BrowserHandler.filesActivated(VFSBrowser, VFSFile[]);org.gjt.sp.jedit.io.VFSFile;0;0;0;0;0;0;0;0;0;0;0;0;0
QuickNotepadToolPanel.makeCustomButton(String, ActionListener);org.gjt.sp.jedit.jEdit;0;0;0;1.0000;47;2;2;1;0;1.0000;1709;108;29
org.objectweb.asm.CodeWriter.visitLookupSwitchInsn(Label, int, Label);org.objectweb.asm.Label;3;1;5;0.8889;919;30;27;1;1;0.9167;84;3;10
org.gjt.sp.jedit.Macros.BeanShellHandler.runMacro(View, Macro);org.gjt.sp.jedit.BeanShell;1;0;0;1.0000;13;3;0;1;0;1.0000;279;22;6
org.gjt.sp.jedit.textarea.DisplayManager.notifyScreenLineChanges();org.gjt.sp.jedit.Debug;0;0;0;0;0;0;0;0;0;0;0;0;0
bsh.Parser.VariableDeclarator();bsh.BSHVariableDeclarator;4;5;2;0.9811;5894;347;13;0;1;0.9474;16;2;1
org.gjt.sp.jedit.textarea.DisplayManager.getFirstVisibleLine();org.gjt.sp.jedit.textarea.RangeMap;0;0;0;0;0;0;0;0;0;0;0;0;0
org.gjt.sp.jedit.textarea.ChunkCache.lineToChunkList(int, List);org.gjt.sp.jedit.syntax.DisplayTokenHandler;3;0;3;0.9286;333;25;9;1;0;0.9615;86;6;11
org.gjt.sp.util.WorkThread.setProgressMaximum(int);org.gjt.sp.util.WorkThreadPool;0;0;2;0.8824;94;8;8;1;0;0.9677;174;15;14
bsh.ClassGeneratorUtil.getClassStaticThis(Class, String);bsh.Reflect;0;0;1;1.0000;457;21;19;1;0;1.0000;422;31;0
bsh.NameSpace.setVariable(String, Object, boolean);bsh.Interpreter;1;1;0;0.9882;491;64;21;0;1;1.0000;490;39;19
org.gjt.sp.jedit.search.SearchAndReplace.regexpReplace(SearchMatcher.Match, String);org.gjt.sp.jedit.search.SearchMatcher.Match;1;0;1;1.0000;537;32;11;0;1;0.6667;0;0;3
org.gjt.sp.jedit.gui.RegisterViewer.insertRegister();org.gjt.sp.jedit.textarea.JEditTextArea;0;0;0;0;0;0;0;0;0;0;0;0;0
bsh.Reflect.setIndex(Object, int, Object);bsh.Primitive;0;0;0;1.0000;422;31;0;1;0;1.0000;506;35;5
org.gjt.sp.jedit.gui.DockableWindowFactory.Window.ToggleAction.invoke(View);org.gjt.sp.jedit.View;0;0;0;0;0;0;0;0;0;0;0;0;0
org.gjt.sp.jedit.jEdit.getPlugins();org.gjt.sp.jedit.PluginJAR;1;0;1;1.0000;1709;108;29;0;1;0.9688;557;18;15
org.gjt.sp.jedit.buffer.BufferLoadRequest.readMarkers(Buffer, InputStream);org.gjt.sp.jedit.Buffer;0;0;0;0;0;0;0;0;0;0;0;0;0
bsh.Parser.RelationalExpression();bsh.BSHBinaryExpression;4;5;2;0.9813;5894;347;13;0;1;0.9583;55;3;1
org.gjt.sp.jedit.gui.FontSelectorDialog.ActionHandler.actionPerformed(ActionEvent);org.gjt.sp.jedit.gui.FontSelectorDialog;1;0;0;1.0000;4;1;0;2;2;0.8182;156;7;12
bsh.Parser.jj_3R_156();bsh.ParserConstants;1;3;0;0.9917;5894;347;13;0;2;0.9851;0;0;131
org.gjt.sp.jedit.MiscUtilities.MenuItemCompare.compare(Object, Object);org.gjt.sp.jedit.MiscUtilities;0;0;0;1.0000;3;1;0;1;0;1.0000;629;50;3
org.gjt.sp.jedit.EBPlugin.handleMessage(EBMessage);org.gjt.sp.util.Log;1;0;1;0.6667;8;1;1;1;1;1.0000;142;9;16
org.objectweb.asm.ClassWriter.newClass(String);org.objectweb.asm.ByteVector;1;3;4;0.8636;305;21;49;1;0;0.9524;139;9;2
org.gjt.sp.jedit.textarea.MouseHandler.mouseReleased(MouseEvent);org.gjt.sp.jedit.textarea.JEditTextArea;0;0;0;0;0;0;0;0;0;0;0;0;0
org.gjt.sp.jedit.ActionListHandler.doctypeDecl(String, String, String);org.gjt.sp.util.Log;1;0;1;0.9474;73;10;9;1;1;1.0000;142;9;16
org.gjt.sp.jedit.GUIUtilities.saveGeometry(Window, String);org.gjt.sp.jedit.jEdit;0;1;0;1.0000;486;55;9;1;0;1.0000;1709;108;29
bsh.ClassGeneratorImpl.generateClassImpl(String, Modifiers, Class[], Class, BSHBlock, boolean, CallStack, Interpreter);bsh.Interpreter;3;2;0;1.0000;109;7;0;1;0;0.9853;490;39;19
org.gjt.sp.jedit.browser.VFSBrowser.propertiesChanged();org.gjt.sp.jedit.browser.BrowserView;0;3;9;0.7778;542;33;34;1;0;0.9688;139;12;7
org.gjt.sp.jedit.buffer.LineManager.moveGap(int, int, String);org.gjt.sp.jedit.Debug;2;2;3;0.7826;171;15;12;0;1;1.0000;0;0;22
org.gjt.sp.jedit.jEdit.main(String[]);org.gjt.sp.util.Log;5;17;8;1.0000;1709;108;29;3;5;1.0000;142;9;16
org.gjt.sp.jedit.search.HyperSearchRequest.doHyperSearch(Buffer, int, int);org.gjt.sp.jedit.Buffer;1;1;1;0.8462;130;5;6;0;1;0.9940;1798;136;53
org.gjt.sp.jedit.search.SearchDialog.save(boolean);org.gjt.sp.jedit.search.SearchAndReplace;3;0;17;0.6383;431;17;30;7;1;1.0000;537;32;11
org.gjt.sp.jedit.buffer.JEditBuffer.remove(int, int);org.gjt.sp.jedit.buffer.LineManager;0;0;0;0;0;0;0;0;0;0;0;0;0
org.gjt.sp.jedit.buffer.JEditBuffer.setTokenMarker(TokenMarker);org.gjt.sp.jedit.buffer.LineManager;0;0;0;0;0;0;0;0;0;0;0;0;0
org.gjt.sp.jedit.pluginmgr.PluginListHandler.endElement(String);org.gjt.sp.jedit.pluginmgr.PluginList.Plugin;3;1;20;0.5800;133;11;23;0;5;0.8837;50;6;5
org.gjt.sp.jedit.jEdit._closeBuffer(View, Buffer);org.gjt.sp.jedit.msg.BufferUpdate;4;2;3;1.0000;1709;108;29;0;1;1.0000;18;2;12
org.gjt.sp.jedit.EditPane.toString();org.gjt.sp.jedit.View;1;0;1;0.9545;273;15;7;0;1;0.9844;679;41;39
org.gjt.sp.jedit.EditPane.close();org.gjt.sp.jedit.msg.EditPaneUpdate;1;1;1;0.9091;273;15;7;0;1;1.0000;14;2;4
org.gjt.sp.jedit.gui.MarkerViewer.handleMessage(EBMessage);org.gjt.sp.jedit.msg.BufferUpdate;0;0;0;0;0;0;0;0;0;0;0;0;0
org.gjt.sp.jedit.print.BufferPrinter1_4.print(View, Buffer, boolean);org.gjt.sp.jedit.print.BufferPrintable;1;2;2;1.0000;83;5;2;1;0;0.9583;165;5;23
org.gjt.sp.jedit.buffer.JEditBuffer.getFoldLevel(int);org.gjt.sp.util.Log;0;0;0;0;0;0;0;0;0;0;0;0;0
org.gjt.sp.jedit.View.handleEditPaneUpdate(EditPaneUpdate);org.gjt.sp.jedit.msg.EditPaneUpdate;2;0;1;0.9857;679;41;39;1;2;0.8182;14;2;4
org.gjt.sp.jedit.gui.MarkerViewer.addNotify();org.gjt.sp.jedit.EditBus;0;0;0;0;0;0;0;0;0;0;0;0;0
org.gjt.sp.jedit.PluginJAR.uninit(boolean);org.gjt.sp.util.Log;3;1;8;0.7273;557;18;15;1;1;1.0000;142;9;16
gnu.regexp.CharIndexedInputStream.isValid();gnu.regexp.CharIndexed;1;0;1;0.9091;86;4;8;0;1;0.8000;3;3;1
org.gjt.sp.jedit.search.HyperSearchResults.searchFailed();org.gjt.sp.jedit.jEdit;0;0;3;0.8333;146;10;9;1;0;1.0000;1709;108;29
org.gjt.sp.jedit.menu.PluginsProvider.update(JMenu);org.gjt.sp.jedit.PluginJAR;2;1;0;0.8333;94;3;0;0;1;0.9722;557;18;15
org.gjt.sp.jedit.jEdit.main(String[]);org.gjt.sp.jedit.search.SearchAndReplace;5;17;8;1.0000;1709;108;29;1;0;1.0000;537;32;11
bsh.Parser.MultiplicativeExpression();bsh.BSHBinaryExpression;4;5;2;0.9810;5894;347;13;0;1;0.9474;55;3;1
org.gjt.sp.jedit.options.StatusBarOptionPane.ActionHandler.actionPerformed(ActionEvent);org.gjt.sp.jedit.options.StatusBarOptionPane;0;0;0;1.0000;3;1;0;1;0;0.9500;83;3;16
org.gjt.sp.jedit.Buffer.insertFile(View, String);org.gjt.sp.jedit.View;1;4;1;0.9697;1798;136;53;1;0;0.9857;679;41;39
org.gjt.sp.jedit.JARClassLoader.toString();org.gjt.sp.jedit.PluginJAR;1;0;2;0.8571;143;11;6;0;1;0.9706;557;18;15
org.gjt.sp.jedit.jEdit.newView(View, Buffer, boolean);org.gjt.sp.jedit.View;1;0;0;1.0000;1709;108;29;1;1;0.9683;679;41;39
org.gjt.sp.jedit.jEdit.runStartupScripts(File);org.gjt.sp.util.Log;1;0;0;1.0000;1709;108;29;1;1;1.0000;142;9;16
org.gjt.sp.jedit.browser.BrowserView.removeNotify();org.gjt.sp.jedit.jEdit;1;0;2;0.9000;139;12;7;1;0;1.0000;1709;108;29
org.gjt.sp.jedit.textarea.MouseHandler.mouseDragged(MouseEvent);org.gjt.sp.jedit.GUIUtilities;0;0;0;0;0;0;0;0;0;0;0;0;0
org.gjt.sp.jedit.search.SearchDialog.save(boolean);org.gjt.sp.jedit.io.VFS;3;0;17;0.6383;431;17;30;0;2;0.9811;191;26;17
org.gjt.sp.jedit.Buffer.load(View, boolean);org.gjt.sp.jedit.GUIUtilities;2;6;7;0.9387;1798;136;53;1;0;1.0000;486;55;9
bsh.NameSpace.unwrapVariable(Variable);bsh.Variable;1;0;0;1.0000;491;64;21;1;0;0.9286;50;4;8
org.gjt.sp.jedit.buffer.FoldHandler.getFoldHandler(String);org.gjt.sp.jedit.ServiceManager;0;0;3;0.7500;52;8;3;1;0;1.0000;78;8;1
bsh.Reflect.findMostSpecificSignature(Class[], Class[][]);bsh.Types;0;0;0;1.0000;422;31;0;1;0;1.0000;98;10;4
org.gjt.sp.jedit.options.AbbrevsModel.toHashtable();org.gjt.sp.jedit.options.Abbrev;1;0;1;0.9286;71;10;2;0;2;0.6000;6;0;2
org.gjt.sp.jedit.textarea.JEditTextArea.replaceSelection(String);org.gjt.sp.jedit.textarea.Selection;0;0;0;0;0;0;0;0;0;0;0;0;0
org.gjt.sp.jedit.search.SearchAndReplace.find(View);org.gjt.sp.jedit.search.SearchDialog;4;4;4;1.0000;537;32;11;1;0;1.0000;431;17;30
org.gjt.sp.jedit.textarea.Gutter.addExtension(int, TextAreaExtension);org.gjt.sp.jedit.textarea.ExtensionManager;0;0;1;0.9762;266;20;25;1;0;0.8750;75;6;1
bsh.ParserTokenManager.jjMoveStringLiteralDfa1_0(long, long, long);bsh.JavaCharStream;0;5;4;0.8421;1699;47;25;1;0;0.9818;331;25;17
org.gjt.sp.jedit.EditPlugin.createBrowserMenuItems();org.gjt.sp.jedit.jEdit;1;1;0;0.8571;42;7;1;1;0;1.0000;1709;108;29
org.gjt.sp.jedit.Macros.Recorder.dispose();org.gjt.sp.jedit.EditBus;1;1;2;0.8333;80;8;6;1;0;1.0000;44;4;2
org.gjt.sp.jedit.options.EditingOptionPane.ModeProperties.load();org.gjt.sp.jedit.jEdit;1;0;14;0.3333;81;2;15;2;0;1.0000;1709;108;29
bsh.ClassGeneratorUtil.generateClass();org.objectweb.asm.Constants;4;6;13;0.6250;457;21;19;0;5;0.9752;0;0;179
gnu.regexp.RE.initialize(Object, int, RESyntax, int, int);gnu.regexp.CharUnit;7;6;7;0.8824;615;37;13;0;2;0.8750;0;0;2
org.objectweb.asm.CodeWriter.visitMultiANewArrayInsn(String, int);org.objectweb.asm.ByteVector;2;0;4;0.9245;919;30;27;2;0;0.9000;139;9;2
org.gjt.sp.jedit.gui.FontSelectorDialog.ListHandler.valueChanged(ListSelectionEvent);org.gjt.sp.jedit.gui.FontSelectorDialog;1;0;0;1.0000;16;1;0;1;6;0.6818;156;7;12
org.gjt.sp.jedit.search.SearchDialog.ok();org.gjt.sp.jedit.GUIUtilities;0;2;4;0.8571;431;17;30;1;0;1.0000;486;55;9
org.gjt.sp.jedit.BufferHistory.setEntry(String, int, Selection[], String);org.gjt.sp.jedit.EditBus;0;3;0;1.0000;189;9;3;1;0;1.0000;44;4;2
bsh.Parser.SwitchStatement();bsh.JJTParserState;2;8;2;0.9732;5894;347;13;4;0;0.8824;74;10;5
com.loomcom.ant.tasks.jarbundler.JarBundler.createService();com.loomcom.ant.tasks.jarbundler.AppBundleProperties;0;0;0;0;0;0;0;0;0;0;0;0;0
bsh.Parser.StatementExpressionList();bsh.JJTParserState;2;5;2;0.9809;5894;347;13;4;0;0.8400;74;10;5
org.gjt.sp.jedit.syntax.DefaultTokenHandler.getParserRuleSet(TokenMarker.LineContext);org.gjt.sp.jedit.syntax.ParserRuleSet;2;0;0;1.0000;35;5;3;0;1;0.9688;126;13;19
org.gjt.sp.jedit.View.unsplitCurrent();org.gjt.sp.jedit.PerspectiveManager;0;2;2;0.9375;679;41;39;1;0;1.0000;135;3;1
org.gjt.sp.jedit.textarea.JEditTextArea.getSelectionEnd();org.gjt.sp.jedit.textarea.Selection;1;0;2;0.9923;2774;208;61;0;1;0.9444;43;9;4
org.gjt.sp.jedit.io.VFS._listDirectory(Object, ArrayList, ArrayList, String, RE, boolean, Component);org.gjt.sp.jedit.MiscUtilities;1;3;0;0.9394;191;26;17;2;0;1.0000;629;50;3
bsh.ClassGeneratorUtil.generateConstructor(int, String[], int, ClassWriter);org.objectweb.asm.CodeVisitor;1;3;1;0.9231;457;21;19;5;0;0.7917;17;17;0
bsh.CollectionManager.getCollectionManager();bsh.Capabilities;0;0;1;1.0000;35;6;1;1;0;1.0000;24;4;2
bsh.BSHReturnType.getTypeDescriptor(CallStack, Interpreter, String);bsh.BSHType;0;1;1;0.6000;14;3;1;1;0;0.9167;82;6;4
org.gjt.sp.jedit.search.SearchAndReplace.find(View);org.gjt.sp.jedit.BeanShell;4;4;4;1.0000;537;32;11;0;1;1.0000;279;22;6
org.gjt.sp.jedit.browser.BrowserView.directoryLoaded(Object, String, ArrayList);org.gjt.sp.jedit.io.VFSManager;1;0;3;0.8636;139;12;7;1;0;1.0000;129;15;11
org.gjt.sp.jedit.browser.BrowserView.TableMouseHandler.mouseReleased(MouseEvent);org.gjt.sp.jedit.GUIUtilities;1;0;0;1.0000;58;3;0;1;0;1.0000;486;55;9
org.gjt.sp.jedit.View.actionBar();org.gjt.sp.jedit.gui.ActionBar;0;1;3;0.9683;679;41;39;1;0;0.9231;122;4;7
org.gjt.sp.jedit.search.HyperSearchResults.updateMultiStatus();org.gjt.sp.jedit.GUIUtilities;0;0;2;0.8889;146;10;9;1;0;1.0000;486;55;9
org.gjt.sp.jedit.gui.PanelWindowContainer.getCurrent();org.gjt.sp.jedit.gui.DockableWindowFactory.Window;0;0;0;0;0;0;0;0;0;0;0;0;0
org.gjt.sp.jedit.options.StatusBarOptionPane._save();org.gjt.sp.jedit.gui.ColorWellButton;1;0;16;0.2000;83;3;16;0;1;1.0000;13;1;0
org.gjt.sp.jedit.Buffer.insertFile(View, String);org.gjt.sp.jedit.io.VFSManager;1;4;1;0.9697;1798;136;53;1;0;1.0000;129;15;11
bsh.Parser.ContinueStatement();bsh.ParserConstants;3;4;2;0.9837;5894;347;13;0;3;0.9787;0;0;131
org.gjt.sp.jedit.options.PluginManagerOptionPane.MirrorModel.getElementAt(int);org.gjt.sp.jedit.pluginmgr.MirrorList.Mirror;1;0;1;0.8889;18;4;1;0;5;0.3333;0;0;6
org.gjt.sp.jedit.options.AbbrevsOptionPane.edit();org.gjt.sp.jedit.options.AbbrevsModel;0;1;1;0.8947;112;5;8;4;0;0.7647;71;10;2
org.gjt.sp.jedit.textarea.FirstLine.scrollUp(int);org.gjt.sp.jedit.Debug;0;0;0;0;0;0;0;0;0;0;0;0;0
bsh.BSHEnhancedForStatement.eval(CallStack, Interpreter);bsh.CollectionManager;3;0;1;0.9474;56;1;1;3;0;0.9048;35;6;1
org.gjt.sp.jedit.gui.IOProgressMonitor.ThreadProgress.ActionHandler.actionPerformed(ActionEvent);org.gjt.sp.jedit.io.VFSManager;2;0;0;1.0000;8;1;0;0;1;1.0000;129;15;11
org.gjt.sp.jedit.textarea.JEditTextArea.addExplicitFold(int, int, int, int);org.gjt.sp.jedit.buffer.JEditBuffer;0;0;0;0;0;0;0;0;0;0;0;0;0
org.gjt.sp.jedit.PerspectiveManager.PerspectiveHandler.endElement(String);org.gjt.sp.jedit.View.ViewConfig;2;0;4;0.6000;45;5;4;0;1;0.9545;19;0;15
macos.Delegate.MacrosMenu.createMenu(NSMenu, Vector);macos.Delegate;1;1;0;1.0000;40;2;0;0;1;0.9375;156;12;2
org.gjt.sp.jedit.jEdit._closeBuffer(View, Buffer);org.gjt.sp.jedit.textarea.DisplayManager;4;2;3;1.0000;1709;108;29;1;0;1.0000;513;30;16
bsh.Primitive.doubleUnaryOperation(Double, int);bsh.ParserConstants;1;0;0;1.0000;506;35;5;0;2;0.9847;0;0;131
org.gjt.sp.jedit.gui.DockablePanel.ResizeMouseHandler.mouseReleased(MouseEvent);org.gjt.sp.jedit.gui.DockableWindowManager;0;0;0;0;0;0;0;0;0;0;0;0;0
bsh.ClassGeneratorUtil.doSwitchBranch(int, String, String[], Label, Label[], int, CodeVisitor);org.objectweb.asm.Constants;1;2;1;1.0000;457;21;19;0;5;0.9728;0;0;179
org.gjt.sp.jedit.browser.BrowserView.directoryLoaded(Object, String, ArrayList);org.gjt.sp.jedit.io.VFS;1;0;3;0.8636;139;12;7;2;0;0.9412;191;26;17
org.gjt.sp.jedit.jEdit.closeBuffer(View, Buffer);org.gjt.sp.jedit.buffer.JEditBuffer;0;0;0;0;0;0;0;0;0;0;0;0;0
org.gjt.sp.jedit.Buffer.checkFileStatus(View);org.gjt.sp.jedit.EditBus;1;3;9;0.9691;1798;136;53;1;0;1.0000;44;4;2
org.gjt.sp.jedit.options.EditingOptionPane.selectMode();org.gjt.sp.jedit.GUIUtilities;0;1;17;0.5263;119;5;19;1;0;1.0000;486;55;9
org.gjt.sp.jedit.MiscUtilities.isURL(String);org.gjt.sp.jedit.io.VFSManager;0;0;0;1.0000;629;50;3;1;0;1.0000;129;15;11
org.gjt.sp.jedit.gui.HistoryModel.saveHistory();org.gjt.sp.jedit.MiscUtilities;2;2;5;0.6250;131;9;8;2;0;1.0000;629;50;3
org.gjt.sp.jedit.gui.MarkerViewer.Renderer.getListCellRendererComponent(JList, Object, int, boolean, boolean);org.gjt.sp.jedit.jEdit;0;0;0;0;0;0;0;0;0;0;0;0;0
org.gjt.sp.jedit.pluginmgr.InstallPanel.PluginTableModel.update();org.gjt.sp.jedit.pluginmgr.InstallPanel;5;1;2;0.8846;151;13;2;0;2;0.9048;71;2;5
org.gjt.sp.jedit.Macros.recordMacro(View);org.gjt.sp.jedit.buffer.JEditBuffer;0;0;0;0;0;0;0;0;0;0;0;0;0
org.objectweb.asm.ClassWriter.visit(int, String, String, String[], String);org.objectweb.asm.Constants;2;2;6;0.8140;305;21;49;0;1;0.9947;0;0;179
org.gjt.sp.jedit.buffer.JEditBuffer.fireFoldLevelChanged(int, int);org.gjt.sp.util.Log;0;0;0;0;0;0;0;0;0;0;0;0;0
org.gjt.sp.jedit.textarea.MouseHandler.mouseReleased(MouseEvent);org.gjt.sp.jedit.GUIUtilities;0;0;0;0;0;0;0;0;0;0;0;0;0
org.gjt.sp.jedit.help.HelpViewer.gotoURL(String, boolean);org.gjt.sp.jedit.help.HelpTOCPanel;1;0;7;0.6111;143;4;11;1;0;0.9444;106;5;5
org.gjt.sp.jedit.search.SearchAndReplace.find(View);org.gjt.sp.jedit.gui.StatusBar;4;4;4;1.0000;537;32;11;1;0;0.9800;261;11;26
org.gjt.sp.jedit.textarea.JEditTextArea.goToPrevWord(boolean, boolean);org.gjt.sp.jedit.textarea.DisplayManager;0;6;5;0.9577;2774;208;61;1;0;0.9808;513;30;16
org.gjt.sp.jedit.io.VFS._listDirectory(Object, String, String, boolean, Component);org.gjt.sp.jedit.MiscUtilities;2;1;0;0.9655;191;26;17;1;0;1.0000;629;50;3
org.gjt.sp.jedit.PluginJAR.loadCache(PluginCacheEntry);org.gjt.sp.jedit.ActionSet;2;2;8;0.7959;557;18;15;2;0;0.9592;155;14;7
org.gjt.sp.jedit.options.GutterOptionPane._save();org.gjt.sp.jedit.jEdit;1;0;15;0.1667;50;2;15;4;0;1.0000;1709;108;29
bsh.BSHEnhancedForStatement.eval(CallStack, Interpreter);bsh.ReturnControl;3;0;1;0.9474;56;1;1;0;1;0.9524;5;0;3
org.objectweb.asm.CodeWriter.visitMaxs(int, int);org.objectweb.asm.Label;2;0;8;0.8947;919;30;27;0;5;0.7917;84;3;10
org.gjt.sp.jedit.gui.HistoryText.historyNext();org.gjt.sp.jedit.gui.HistoryModel;0;0;0;0;0;0;0;0;0;0;0;0;0
org.gjt.sp.jedit.jEdit.loadModeCatalog(String, boolean);com.microstar.xml.XmlParser;3;0;0;1.0000;1709;108;29;1;1;0.9871;2091;113;92
org.gjt.sp.jedit.textarea.DisplayManager.expandFold(int, boolean);org.gjt.sp.jedit.textarea.RangeMap;0;0;0;0;0;0;0;0;0;0;0;0;0
org.gjt.sp.jedit.buffer.BufferIORequest.autodetect(InputStream);org.gjt.sp.jedit.buffer.JEditBuffer;0;0;0;0;0;0;0;0;0;0;0;0;0
org.gjt.sp.jedit.jEdit.setTemporaryProperty(String, String);org.gjt.sp.jedit.PropertyManager;0;0;1;1.0000;1709;108;29;1;0;0.9474;79;15;4
org.gjt.sp.jedit.jEdit.getNotLoadedPluginJARs(Vector, String, String[]);org.gjt.sp.jedit.PluginJAR;1;0;1;1.0000;1709;108;29;0;1;0.9688;557;18;15
macos.Delegate.applicationDockMenu(NSApplication);org.gjt.sp.jedit.jEdit;2;0;1;0.9500;156;12;2;2;1;1.0000;1709;108;29
org.gjt.sp.jedit.search.SearchDialog.save(boolean);org.gjt.sp.jedit.View;3;0;17;0.6383;431;17;30;1;0;0.9884;679;41;39
bsh.Parser.Modifiers(int, boolean);bsh.ParserConstants;2;4;1;0.9866;5894;347;13;0;11;0.9203;0;0;131
installer.InstallThread.run();installer.OperatingSystem.OSTask;1;1;5;0.5385;46;2;6;1;1;0.8824;29;2;5
org.gjt.sp.jedit.View.WindowHandler.windowActivated(WindowEvent);org.gjt.sp.jedit.jEdit;0;0;0;1.0000;12;2;0;1;0;1.0000;1709;108;29
org.gjt.sp.jedit.io.FileVFS.save(View, Buffer, String);org.gjt.sp.jedit.OperatingSystem;2;1;1;1.0000;193;17;1;1;0;1.0000;122;13;11
org.gjt.sp.jedit.textarea.Gutter.paintComponent(Graphics);org.gjt.sp.jedit.textarea.ExtensionManager;2;1;2;0.9348;266;20;25;1;0;0.9286;75;6;1
bsh.BshMethod.hasModifier(String);bsh.Modifiers;0;0;1;0.9500;139;7;10;1;0;0.8889;45;7;4
org.gjt.sp.jedit.menu.EnhancedMenuItem.MouseHandler.mouseExited(MouseEvent);org.gjt.sp.jedit.GUIUtilities;1;0;1;0.8000;19;3;1;1;0;1.0000;486;55;9
org.gjt.sp.jedit.gui.PanelWindowContainer.show(DockableWindowManager.Entry);org.gjt.sp.jedit.gui.DockableWindowManager;3;0;6;0.8235;163;12;15;0;1;0.9783;447;27;16
bsh.Parser.Block();bsh.JJTParserState;2;5;1;0.9837;5894;347;13;4;0;0.8400;74;10;5
org.gjt.sp.jedit.SettingsReloader.maybeReload(String);org.gjt.sp.jedit.search.DirectoryListSet;4;0;0;1.0000;30;2;0;0;1;0.9091;59;5;3
bsh.Parser.BlockStatement();bsh.ParserConstants;1;14;1;0.9590;5894;347;13;0;5;0.9658;0;0;131
org.gjt.sp.jedit.jEdit.closeView(View, boolean);org.gjt.sp.jedit.EditBus;1;2;3;1.0000;1709;108;29;1;0;1.0000;44;4;2
org.gjt.sp.jedit.jEdit.commitTemporary(Buffer);org.gjt.sp.jedit.PerspectiveManager;1;1;0;1.0000;1709;108;29;1;0;1.0000;135;3;1
gnu.regexp.RE.getMinMax(char[], int, IntPair, RESyntax);gnu.regexp.CharUnit;4;2;0;1.0000;615;37;13;0;2;0.6000;0;0;2
org.gjt.sp.jedit.textarea.JEditTextArea.handlePopupTrigger(MouseEvent);org.gjt.sp.jedit.GUIUtilities;1;3;4;0.9730;2774;208;61;1;0;1.0000;486;55;9
org.gjt.sp.jedit.JARClassLoader.getZipFile();org.gjt.sp.util.Log;1;0;1;0.9286;143;11;6;1;1;1.0000;142;9;16
org.gjt.sp.jedit.textarea.JEditTextArea.invalidateLineRange(int, int);org.gjt.sp.jedit.textarea.ChunkCache;1;2;4;0.9772;2774;208;61;2;0;0.9545;333;25;9
org.gjt.sp.jedit.browser.VFSFileChooserDialog.getSelectedFiles(int, int);org.gjt.sp.jedit.io.VFSFile;0;0;0;0;0;0;0;0;0;0;0;0;0
bsh.Interpreter.eval(Reader, NameSpace, String);bsh.TokenMgrError;4;5;4;0.9091;490;39;19;1;0;0.9600;59;3;5
org.gjt.sp.jedit.gui.SplashScreen.paintComponent(Graphics);org.gjt.sp.jedit.jEdit;0;0;5;0.4286;49;3;5;1;0;1.0000;1709;108;29
org.gjt.sp.jedit.pluginmgr.ManagePanel.PluginTableModel.getValueAt(int, int);org.gjt.sp.jedit.MiscUtilities;1;0;1;0.9524;153;15;2;1;0;1.0000;629;50;3
org.gjt.sp.jedit.gui.TextAreaDialog.init(String, Icon, String);org.gjt.sp.jedit.GUIUtilities;0;0;0;1.0000;48;3;0;1;0;1.0000;486;55;9
org.gjt.sp.jedit.pluginmgr.InstallPanel.PluginTableModel.update();org.gjt.sp.jedit.pluginmgr.PluginList.Branch;5;1;2;0.8846;151;13;2;1;1;0.9167;16;3;8
org.gjt.sp.jedit.jEdit._closeBuffer(View, Buffer);org.gjt.sp.jedit.io.VFS;4;2;3;1.0000;1709;108;29;0;2;0.9744;191;26;17
org.gjt.sp.jedit.browser.VFSFileChooserDialog.ActionHandler.actionPerformed(ActionEvent);org.gjt.sp.jedit.browser.VFSBrowser;2;0;0;1.0000;9;1;0;1;2;0.9492;542;33;34
org.gjt.sp.jedit.gui.DockablePanel.ResizeMouseHandler.mouseMoved(MouseEvent);org.gjt.sp.jedit.gui.DockablePanel;0;0;0;0;0;0;0;0;0;0;0;0;0
org.gjt.sp.jedit.io.VFS.save(View, Buffer, String);org.gjt.sp.jedit.io.VFSManager;2;1;3;0.9032;191;26;17;2;0;1.0000;129;15;11
org.gjt.sp.jedit.buffer.BufferLoadRequest.run();org.gjt.sp.jedit.jEdit;0;0;0;0;0;0;0;0;0;0;0;0;0
org.gjt.sp.jedit.ActionSet.initKeyBindings();org.gjt.sp.jedit.gui.InputHandler;1;0;1;0.9565;155;14;7;1;0;0.9524;133;14;6
org.gjt.sp.jedit.gui.JCheckBoxList.selectAll();org.gjt.sp.jedit.gui.CheckBoxListModel;1;0;0;1.0000;66;8;1;1;1;0.8462;59;8;1
org.gjt.sp.jedit.buffer.KillRing.save();org.gjt.sp.jedit.jEdit;2;1;1;1.0000;169;7;4;1;1;1.0000;1709;108;29
org.gjt.sp.jedit.options.StyleTableModel.StyleRenderer.getTableCellRendererComponent(JTable, Object, boolean, boolean, int, int);org.gjt.sp.jedit.syntax.SyntaxStyle;2;0;0;1.0000;18;1;0;0;3;0.4000;20;0;4
org.gjt.sp.jedit.textarea.DisplayManager.setFirstLine(int, int);org.gjt.sp.jedit.textarea.JEditTextArea;0;0;0;0;0;0;0;0;0;0;0;0;0
org.gjt.sp.jedit.help.HelpTOCPanel.TOCTree.processMouseEvent(MouseEvent);org.gjt.sp.jedit.help.HelpTOCPanel;2;0;0;1.0000;36;3;0;0;1;0.9231;106;5;5
org.gjt.sp.jedit.buffer.BufferInsertRequest.run();org.gjt.sp.util.Log;0;0;0;0;0;0;0;0;0;0;0;0;0
org.gjt.sp.jedit.buffer.BufferIORequest.write(Buffer, OutputStream);org.gjt.sp.jedit.jEdit;2;0;5;1.0000;509;11;25;1;0;1.0000;1709;108;29
org.gjt.sp.jedit.gui.DockablePanel.ResizeMouseHandler.mouseExited(MouseEvent);org.gjt.sp.jedit.gui.DockablePanel;0;0;0;0;0;0;0;0;0;0;0;0;0
org.gjt.sp.jedit.buffer.IndentFoldHandler.getFoldLevel(JEditBuffer, int, Segment);org.gjt.sp.jedit.buffer.JEditBuffer;0;0;0;0;0;0;0;0;0;0;0;0;0
org.gjt.sp.jedit.jEdit.getNotLoadedPluginJARs(Vector, String, String[]);org.gjt.sp.jedit.MiscUtilities;1;0;1;1.0000;1709;108;29;2;0;1.0000;629;50;3
bsh.ClassGeneratorImpl.ClassNodeFilter.isStatic(SimpleNode);bsh.Modifiers;2;0;0;1.0000;16;2;7;1;0;0.9000;45;7;4
bsh.ClassGeneratorUtil.getConstructorArgs(String, This, Object[], int);bsh.Primitive;3;0;2;1.0000;457;21;19;1;0;1.0000;506;35;5
org.gjt.sp.jedit.EditPane.MarkerHighlight.getToolTipText(int, int);org.gjt.sp.jedit.jEdit;0;0;0;0;0;0;0;0;0;0;0;0;0
org.gjt.sp.jedit.browser.VFSBrowser.propertiesChanged();org.gjt.sp.jedit.jEdit;0;3;9;0.7778;542;33;34;1;0;1.0000;1709;108;29
org.gjt.sp.jedit.textarea.JEditTextArea.indentSelectedLines();org.gjt.sp.jedit.buffer.JEditBuffer;0;0;0;0;0;0;0;0;0;0;0;0;0
org.gjt.sp.jedit.search.SearchAndReplace.replace(View);org.gjt.sp.jedit.View;2;6;3;1.0000;537;32;11;2;0;0.9722;679;41;39
org.gjt.sp.jedit.jEdit.initSystemProperties();org.gjt.sp.util.Log;1;0;1;1.0000;1709;108;29;1;1;1.0000;142;9;16
org.gjt.sp.jedit.gui.KeyEventTranslator.Key.equals(Object);org.gjt.sp.jedit.MiscUtilities;0;0;3;0.5000;20;3;3;1;0;1.0000;629;50;3
bsh.Parser.jj_3R_59();bsh.ParserConstants;1;2;0;0.9945;5894;347;13;0;3;0.9774;0;0;131
org.gjt.sp.jedit.View.goToBuffer(Buffer);org.gjt.sp.jedit.EditPane;2;3;1;0.9394;679;41;39;1;2;0.8889;273;15;7
org.gjt.sp.jedit.pluginmgr.PluginList.Plugin.install(Roster, String, boolean);org.gjt.sp.jedit.pluginmgr.Roster;1;2;0;0.8824;50;6;5;2;0;0.8889;65;9;3
org.gjt.sp.jedit.gui.HistoryTextArea.processMouseEvent(MouseEvent);org.gjt.sp.jedit.gui.HistoryText;0;0;0;0;0;0;0;0;0;0;0;0;0
org.gjt.sp.jedit.options.AbbrevsModel.sort(int);org.gjt.sp.jedit.MiscUtilities;0;0;2;0.8333;71;10;2;1;0;1.0000;629;50;3
org.gjt.sp.jedit.EditBus.send(EBMessage);org.gjt.sp.util.Log;2;1;0;1.0000;44;4;2;1;2;1.0000;142;9;16
org.gjt.sp.jedit.PluginJAR.startPlugin();org.gjt.sp.jedit.Buffer;3;1;2;0.9211;557;18;15;2;2;0.9763;1798;136;53
org.gjt.sp.jedit.textarea.DisplayManager.expandAllFolds();org.gjt.sp.jedit.textarea.JEditTextArea;0;2;2;0.9024;513;30;16;1;0;0.9962;2774;208;61
org.gjt.sp.jedit.JARClassLoader.deactivate();org.gjt.sp.jedit.PluginJAR;1;0;2;0.9286;143;11;6;0;1;0.9697;557;18;15
org.gjt.sp.jedit.textarea.TextAreaPainter.paint(Graphics);org.gjt.sp.jedit.buffer.JEditBuffer;0;0;0;0;0;0;0;0;0;0;0;0;0
org.gjt.sp.jedit.search.HyperSearchResults.goToSelectedNode(int);org.gjt.sp.jedit.View;0;0;3;0.8500;146;10;9;1;0;0.9851;679;41;39
org.gjt.sp.jedit.textarea.TextAreaPainter.PaintLineBackground.paintValidLine(Graphics2D, int, int, int, int, int);org.gjt.sp.jedit.textarea.TextAreaPainter;5;0;0;1.0000;30;1;0;0;5;0.9286;269;31;36
org.gjt.sp.jedit.Abbrevs.expandAbbrev(View, boolean);org.gjt.sp.jedit.jEdit;5;2;1;1.0000;225;15;8;1;0;1.0000;1709;108;29
bsh.BshClassManager.getClassBeingDefined(String);bsh.Name;0;0;1;0.9722;176;32;9;1;0;1.0000;341;17;9
bsh.Parser.jj_3R_127();bsh.ParserConstants;1;2;0;0.9945;5894;347;13;0;1;0.9925;0;0;131
org.gjt.sp.jedit.BeanShell.setupDefaultVariables(NameSpace, View);org.gjt.sp.jedit.View;2;0;0;1.0000;279;22;6;0;2;0.9697;679;41;39
org.gjt.sp.jedit.gui.PasteFromListDialog.ok();org.gjt.sp.jedit.textarea.JEditTextArea;0;1;2;0.7500;76;5;5;1;0;0.9962;2774;208;61
bsh.BSHAllocationExpression.constructObject(Class, Object[], CallStack);bsh.Interpreter;2;0;0;1.0000;119;9;1;1;0;1.0000;490;39;19
org.gjt.sp.jedit.textarea.FirstLine.changed();org.gjt.sp.util.Log;0;0;0;0;0;0;0;0;0;0;0;0;0
org.gjt.sp.jedit.textarea.JEditTextArea.spacesToTabs();org.gjt.sp.jedit.buffer.JEditBuffer;0;0;0;0;0;0;0;0;0;0;0;0;0
bsh.ClassGeneratorUtil.generatePlainReturnCode(String, CodeVisitor);org.objectweb.asm.Constants;1;2;0;1.0000;457;21;19;0;7;0.9613;0;0;179
org.gjt.sp.jedit.io.VFS.getTwoStageSaveName(String);org.gjt.sp.jedit.MiscUtilities;0;2;0;0.9310;191;26;17;1;0;1.0000;629;50;3
org.gjt.sp.jedit.textarea.JEditTextArea.getPhysicalLineOfScreenLine(int);org.gjt.sp.jedit.textarea.ChunkCache;1;0;1;0.9962;2774;208;61;1;0;0.9730;333;25;9
org.gjt.sp.jedit.gui.MarkerViewer.MouseHandler.mousePressed(MouseEvent);org.gjt.sp.jedit.gui.MarkerViewer;0;0;0;0;0;0;0;0;0;0;0;0;0
org.gjt.sp.jedit.textarea.TextAreaPainter.PaintText.paintValidLine(Graphics2D, int, int, int, int, int);org.gjt.sp.jedit.syntax.SyntaxStyle;7;0;0;1.0000;50;1;0;0;2;0.9355;20;0;4
org.gjt.sp.jedit.syntax.XModeHandler.charData(char[], int, int);org.gjt.sp.jedit.syntax.ParserRule;1;1;8;0.8085;346;15;32;0;3;1.0000;50;9;27
org.gjt.sp.jedit.Registers.loadRegisters();org.gjt.sp.util.Log;4;0;3;1.0000;231;16;5;1;2;1.0000;142;9;16
org.gjt.sp.jedit.jEdit.getVersion();org.gjt.sp.jedit.MiscUtilities;0;1;0;1.0000;1709;108;29;1;0;1.0000;629;50;3
org.gjt.sp.jedit.BeanShell._runScript(View, String, Reader, NameSpace);org.gjt.sp.jedit.io.VFSManager;1;4;2;1.0000;279;22;6;2;0;1.0000;129;15;11
org.gjt.sp.jedit.browser.BrowserView.TableMouseHandler.mouseReleased(MouseEvent);org.gjt.sp.jedit.browser.VFSBrowser;1;0;0;1.0000;58;3;0;1;0;0.9821;542;33;34
org.gjt.sp.jedit.search.HyperSearchResults.NewSearchAction.actionPerformed(ActionEvent);org.gjt.sp.jedit.search.HyperSearchFolderNode;0;0;0;0;0;0;0;0;0;0;0;0;0
gnu.regexp.RE.getMatchImpl(CharIndexed, int, int, StringBuffer);gnu.regexp.REMatch;2;1;2;0.9388;615;37;13;2;3;0.8148;95;12;8
org.objectweb.asm.CodeWriter.visitLabel(Label);org.objectweb.asm.ByteVector;2;1;7;0.8679;919;30;27;0;2;0.9130;139;9;2
bsh.BSHTryStatement.eval(CallStack, Interpreter);bsh.Interpreter;3;0;0;1.0000;68;1;0;0;1;0.9846;490;39;19
bsh.BshMethod.invokeImpl(Object[], Interpreter, CallStack, SimpleNode, boolean);bsh.Types;5;0;7;0.8000;139;7;10;1;0;1.0000;98;10;4
org.gjt.sp.jedit.search.SearchBar.ActionHandler.actionPerformed(ActionEvent);org.gjt.sp.jedit.EditPane;2;0;0;1.0000;18;1;0;1;0;0.9688;273;15;7
org.gjt.sp.jedit.textarea.JEditTextArea.shiftTallCaretLeft(Selection.Rect);org.gjt.sp.jedit.textarea.Selection.Rect;1;2;1;0.9885;2774;208;61;2;0;0.9048;208;9;2
bsh.LHS.toString();bsh.NameSpace;0;0;3;0.8235;105;3;13;1;0;0.9888;491;64;21
org.gjt.sp.jedit.options.PluginOptions.createOptionTreeModel();org.gjt.sp.jedit.gui.OptionsDialog.OptionTreeModel;3;0;1;0.9231;49;1;1;0;1;0.9524;82;11;2
bsh.ParserTokenManager.jjMoveStringLiteralDfa9_0(long, long, long, long, long, long);bsh.JavaCharStream;0;5;2;0.8772;1699;47;25;1;0;0.9811;331;25;17
bsh.EvalError.getErrorText();bsh.SimpleNode;0;0;1;0.9091;59;7;3;1;0;0.9524;76;14;7
org.gjt.sp.jedit.Buffer.setMode();org.gjt.sp.jedit.jEdit;0;3;1;0.9755;1798;136;53;3;0;1.0000;1709;108;29
org.gjt.sp.jedit.EditServer.handleClient(boolean, boolean, boolean, String, String[]);org.gjt.sp.jedit.jEdit;1;0;0;1.0000;140;6;5;5;2;1.0000;1709;108;29
bsh.Parser.jjtreeOpenNodeScope(Node);bsh.SimpleNode;1;1;0;0.9972;5894;347;13;0;1;0.9524;76;14;7
org.gjt.sp.jedit.textarea.JEditTextArea.collapseFold();org.gjt.sp.jedit.buffer.JEditBuffer;0;0;0;0;0;0;0;0;0;0;0;0;0
org.gjt.sp.jedit.syntax.ParserRuleSet.resolveImports();org.gjt.sp.jedit.syntax.KeywordMap;1;1;4;0.8387;126;13;19;1;0;0.9500;76;8;4
org.gjt.sp.jedit.pluginmgr.InstallPanel.SelectallButton.tableChanged(TableModelEvent);org.gjt.sp.jedit.pluginmgr.InstallPanel;1;0;0;1.0000;21;2;0;0;1;0.9091;71;2;5
org.gjt.sp.jedit.gui.PanelWindowContainer.show(DockableWindowManager.Entry);org.gjt.sp.jedit.gui.DefaultFocusComponent;3;0;6;0.8235;163;12;15;1;0;0.9286;1;1;0
org.gjt.sp.jedit.browser.VFSBrowser.reloadDirectory();org.gjt.sp.jedit.browser.BrowserView;0;1;2;0.9464;542;33;34;2;0;0.9167;139;12;7
org.gjt.sp.jedit.gui.AboutDialog.AboutPanel.paintComponent(Graphics);org.gjt.sp.jedit.jEdit;0;0;6;0.6000;48;4;8;2;0;1.0000;1709;108;29
org.gjt.sp.jedit.textarea.JEditTextArea.setText(String);org.gjt.sp.jedit.buffer.JEditBuffer;0;0;0;0;0;0;0;0;0;0;0;0;0
com.loomcom.ant.tasks.jarbundler.JarBundler.setBundleid(String);com.loomcom.ant.tasks.jarbundler.AppBundleProperties;0;0;0;0;0;0;0;0;0;0;0;0;0
org.gjt.sp.jedit.io.FileVFS._backup(Object, String, Component);org.gjt.sp.jedit.jEdit;0;0;0;1.0000;193;17;1;2;0;1.0000;1709;108;29
installer.TarOutputStream.setBufferDebug(boolean);installer.TarBuffer;1;0;1;0.9524;92;10;8;0;1;0.9630;162;11;11
org.gjt.sp.jedit.EditBus.send(EBMessage);org.gjt.sp.jedit.EBComponent;2;1;0;1.0000;44;4;2;1;0;0.5000;1;1;0
org.gjt.sp.jedit.textarea.DisplayManager.setFirstPhysicalLine(int, int);org.gjt.sp.jedit.textarea.JEditTextArea;0;0;0;0;0;0;0;0;0;0;0;0;0
org.gjt.sp.jedit.Macros.runScript(View, String, boolean);org.gjt.sp.util.Log;1;2;0;1.0000;232;21;6;1;2;1.0000;142;9;16
org.objectweb.asm.ClassWriter.toByteArray();org.objectweb.asm.CodeWriter;4;1;13;0.7255;305;21;49;2;1;0.9571;919;30;27
org.gjt.sp.jedit.search.SearchAndReplace.hyperSearch(View, boolean);org.gjt.sp.jedit.search.SearchDialog;2;3;0;1.0000;537;32;11;1;0;1.0000;431;17;30
bsh.Parser.PrimarySuffix();bsh.ParserTreeConstants;4;7;2;0.9761;5894;347;13;0;1;0.9841;0;0;39
org.gjt.sp.jedit.options.WindowTableModel.sort();org.gjt.sp.jedit.MiscUtilities;0;0;1;0.9000;68;9;1;1;0;1.0000;629;50;3
org.objectweb.asm.CodeWriter.visitTypeInsn(int, String);org.objectweb.asm.ClassWriter;2;0;5;0.9038;919;30;27;1;0;0.9800;305;21;49
org.gjt.sp.jedit.View.loadToolBars();org.gjt.sp.jedit.search.SearchBar;0;2;7;0.9063;679;41;39;1;0;0.9583;130;6;10
org.gjt.sp.jedit.buffer.JEditBuffer.fireBufferLoaded();org.gjt.sp.util.Log;0;0;0;0;0;0;0;0;0;0;0;0;0
bsh.Parser.jj_3R_141();bsh.ParserConstants;1;1;0;0.9972;5894;347;13;0;1;0.9924;0;0;131
bsh.Reflect.invokeOnMethod(Method, Object, Object[]);bsh.Types;2;0;0;1.0000;422;31;0;1;0;1.0000;98;10;4
org.gjt.sp.jedit.options.StyleTableModel.addStyleChoice(String, String);org.gjt.sp.jedit.GUIUtilities;0;0;1;0.8750;53;7;1;1;0;1.0000;486;55;9
org.gjt.sp.jedit.jEdit.commitTemporary(Buffer);org.gjt.sp.jedit.msg.BufferUpdate;1;1;0;1.0000;1709;108;29;0;3;1.0000;18;2;12
bsh.BSHTryStatement.eval(CallStack, Interpreter);bsh.BSHBlock;3;0;0;1.0000;68;1;0;1;0;0.9444;48;3;1
org.gjt.sp.util.Log.LogListModel.getElementAt(int);org.gjt.sp.util.Log;1;0;0;1.0000;47;7;1;0;4;1.0000;142;9;16
org.gjt.sp.jedit.buffer.BufferSaveRequest.writeMarkers(Buffer, OutputStream);org.gjt.sp.jedit.Marker;0;0;0;0;0;0;0;0;0;0;0;0;0
org.gjt.sp.jedit.Buffer.addMarker(char, int);org.gjt.sp.jedit.EditBus;2;2;3;0.9818;1798;136;53;1;0;1.0000;44;4;2
org.gjt.sp.jedit.Buffer.removeAllMarkers();org.gjt.sp.jedit.Marker;1;2;2;0.9816;1798;136;53;1;0;0.9091;26;3;4
org.gjt.sp.jedit.gui.PanelWindowContainer.ActionHandler.actionPerformed(ActionEvent);org.gjt.sp.jedit.gui.DockableWindowManager;1;0;0;1.0000;8;1;0;2;0;0.9444;447;27;16
org.gjt.sp.jedit.gui.PasteFromListDialog.MouseHandler.mouseClicked(MouseEvent);org.gjt.sp.jedit.gui.PasteFromListDialog;0;0;0;1.0000;3;1;0;1;0;0.9091;76;5;5
bsh.JThis.event(String, Object);bsh.Interpreter;0;0;0;1.0000;294;85;0;1;0;0.9821;490;39;19
org.gjt.sp.jedit.search.SearchDialog.load();org.gjt.sp.jedit.search.SearchAndReplace;5;0;13;0.7547;431;17;30;0;6;1.0000;537;32;11
installer.CBZip2OutputStream.allocateCompressStructures();installer.BZip2Constants;1;0;6;0.9063;1262;32;41;0;2;0.8824;0;0;11
org.gjt.sp.jedit.gui.ActionBar.getCompletions(String);org.gjt.sp.jedit.jEdit;0;0;0;1.0000;122;4;7;1;0;1.0000;1709;108;29
org.gjt.sp.jedit.Buffer.checkFileForLoad(View, VFS, String);org.gjt.sp.jedit.io.VFSFile;0;0;0;0;0;0;0;0;0;0;0;0;0
macos.menu.ShowRecentMenu.construct();org.gjt.sp.jedit.jEdit;3;0;0;1.0000;32;4;0;1;0;1.0000;1709;108;29
org.gjt.sp.jedit.pluginmgr.PluginList.Plugin.getInstalledVersion();org.gjt.sp.jedit.MiscUtilities;1;0;1;0.9231;50;6;5;1;0;1.0000;629;50;3
org.gjt.sp.jedit.gui.StatusBar.addNotify();org.gjt.sp.util.WorkThreadPool;1;0;0;1.0000;261;11;26;1;0;0.9655;174;15;14
org.gjt.sp.jedit.textarea.JEditTextArea.propertiesChanged();org.gjt.sp.jedit.textarea.ChunkCache;3;0;11;0.9591;2774;208;61;1;0;0.9821;333;25;9
org.objectweb.asm.Item.set(float);org.objectweb.asm.ClassWriter;1;0;3;0.8333;76;6;11;0;1;1.0000;305;21;49
org.gjt.sp.jedit.jEdit.runStartupScripts(File);org.gjt.sp.jedit.MiscUtilities;1;0;0;1.0000;1709;108;29;1;0;1.0000;629;50;3
org.gjt.sp.jedit.options.BrowserColorsOptionPane._save();org.gjt.sp.jedit.options.BrowserColorsModel;0;0;1;0.9091;58;4;6;1;0;0.9333;85;12;1
macos.Delegate.handleFileCodes(BufferUpdate);org.gjt.sp.jedit.jEdit;4;0;0;1.0000;156;12;2;2;0;1.0000;1709;108;29
org.gjt.sp.jedit.textarea.DisplayManager.getScrollLineCount();org.gjt.sp.jedit.textarea.Anchor;0;0;0;0;0;0;0;0;0;0;0;0;0
installer.SwingInstall.WizardLayout.layoutContainer(Container);installer.SwingInstall;1;0;0;1.0000;43;5;0;0;7;0.6250;102;2;14
org.objectweb.asm.CodeWriter.visitLocalVariable(String, String, Label, Label, int);org.objectweb.asm.Label;2;0;4;0.9444;919;30;27;0;3;0.8500;84;3;10
org.gjt.sp.jedit.textarea.JEditTextArea.selectFold(int);org.gjt.sp.jedit.buffer.JEditBuffer;0;0;0;0;0;0;0;0;0;0;0;0;0
bsh.NameSpace.getClassImpl(String);bsh.Name;1;3;1;0.9529;491;64;21;1;0;1.0000;341;17;9
org.gjt.sp.jedit.io.VFSManager.getVFSByName(String);org.gjt.sp.jedit.ServiceManager;0;0;2;1.0000;129;15;11;1;0;1.0000;78;8;1
org.gjt.sp.jedit.gui.FloatingWindowContainer.MouseHandler.mousePressed(MouseEvent);org.gjt.sp.jedit.gui.DockableWindowFactory.Window;0;0;0;0;0;0;0;0;0;0;0;0;0
org.gjt.sp.jedit.io.VFSFile.findCompletion(String, String, VFSBrowser, boolean);org.gjt.sp.util.Log;0;0;0;0;0;0;0;0;0;0;0;0;0
org.gjt.sp.jedit.View.unsplit();org.gjt.sp.jedit.EditPane;0;2;2;0.9375;679;41;39;2;0;0.9231;273;15;7
org.gjt.sp.jedit.PluginJAR.PluginCacheEntry.write(DataOutputStream);org.gjt.sp.jedit.ServiceManager.Descriptor;1;4;16;0.3214;139;11;17;0;2;0.9333;30;3;6
org.gjt.sp.jedit.textarea.TextAreaTransferHandler.importText(JComponent, Transferable);org.gjt.sp.jedit.io.VFSManager;0;0;0;0;0;0;0;0;0;0;0;0;0
macos.Delegate.handleFileCodes(BufferUpdate);org.gjt.sp.jedit.buffer.JEditBuffer;0;0;0;0;0;0;0;0;0;0;0;0;0
org.gjt.sp.jedit.gui.PanelWindowContainer.getDockables();org.gjt.sp.jedit.gui.DockableWindowFactory.Window;0;0;0;0;0;0;0;0;0;0;0;0;0
bsh.BSHTryStatement.eval(CallStack, Interpreter);bsh.BlockNameSpace;3;0;0;1.0000;68;1;0;1;0;0.9565;38;9;0
org.gjt.sp.jedit.PluginJAR.PluginCacheEntry.read(DataInputStream);org.gjt.sp.jedit.jEdit;0;5;17;0.1923;139;11;17;1;0;1.0000;1709;108;29
org.objectweb.asm.ClassWriter.visitMethod(int, String, String, String[]);org.objectweb.asm.CodeWriter;0;0;1;0.9762;305;21;49;1;0;0.9800;919;30;27
org.gjt.sp.util.ReadWriteLock.writeLock();org.gjt.sp.util.Log;1;2;3;0.6429;73;8;7;1;1;1.0000;142;9;16
org.gjt.sp.jedit.textarea.FirstLine.scrollDown(int);org.gjt.sp.jedit.Debug;0;0;0;0;0;0;0;0;0;0;0;0;0
gnu.regexp.RETokenRepeated.matchRest(CharIndexed, REMatch);gnu.regexp.REMatch;1;0;0;1.0000;120;5;4;1;1;0.9091;95;12;8
org.gjt.sp.jedit.help.HelpTOCPanel.load();org.gjt.sp.jedit.jEdit;0;0;1;0.9000;106;5;5;1;0;1.0000;1709;108;29
org.gjt.sp.jedit.PerspectiveManager.savePerspective(boolean);org.gjt.sp.jedit.View;4;0;0;1.0000;135;3;1;1;0;0.9875;679;41;39
org.gjt.sp.jedit.buffer.UndoManager.contentRemoved(int, int, String, boolean);org.gjt.sp.jedit.buffer.KillRing;1;3;4;0.7407;139;12;11;0;0;1.0000;169;7;4
org.gjt.sp.jedit.textarea.JEditTextArea.resizeSelection(int, int, int, boolean);org.gjt.sp.jedit.textarea.SelectionManager;0;0;0;0;0;0;0;0;0;0;0;0;0
org.gjt.sp.jedit.help.HistoryButton.DropActionHandler.actionPerformed(ActionEvent);org.gjt.sp.jedit.help.HelpHistoryModel;0;0;0;0;0;0;0;0;0;0;0;0;0
bsh.BSHEnhancedForStatement.eval(CallStack, Interpreter);bsh.ParserConstants;3;0;1;0.9474;56;1;1;0;3;0.9795;0;0;131
org.gjt.sp.jedit.gui.InputHandler.userInput(char);org.gjt.sp.jedit.textarea.JEditTextArea;2;0;4;0.8966;133;14;6;1;1;0.9926;2774;208;61
org.gjt.sp.jedit.options.EditingOptionPane._save();org.gjt.sp.jedit.jEdit;1;1;4;0.8077;119;5;19;1;0;1.0000;1709;108;29
bsh.UtilEvalError.toEvalError(String, SimpleNode, CallStack);bsh.Interpreter;1;0;0;1.0000;14;2;0;0;1;1.0000;490;39;19
bsh.Parser.PrimaryExpression();bsh.ParserConstants;2;5;2;0.9810;5894;347;13;0;3;0.9790;0;0;131
org.gjt.sp.jedit.menu.EnhancedCheckBoxMenuItem.MouseHandler.mouseEntered(MouseEvent);org.gjt.sp.jedit.GUIUtilities;2;0;1;0.8333;19;3;1;1;0;1.0000;486;55;9
org.gjt.sp.jedit.syntax.KeywordMap.lookup(Segment, int, int);org.gjt.sp.jedit.syntax.Token;1;1;2;0.8125;76;8;4;0;1;1.0000;21;3;27
org.gjt.sp.jedit.buffer.JEditBuffer.readUnlock();org.gjt.sp.util.ReadWriteLock;0;0;0;0;0;0;0;0;0;0;0;0;0
bsh.NameSpace.unwrapVariable(Variable);bsh.Primitive;1;0;0;1.0000;491;64;21;0;1;1.0000;506;35;5
org.gjt.sp.jedit.textarea.JEditTextArea.goToParentFold();org.gjt.sp.jedit.buffer.JEditBuffer;0;0;0;0;0;0;0;0;0;0;0;0;0
org.gjt.sp.jedit.syntax.TokenMarker.markKeyword(boolean);org.gjt.sp.jedit.syntax.Token;3;0;6;0.7931;352;10;13;0;2;1.0000;21;3;27
org.gjt.sp.jedit.textarea.DisplayManager.foldHandlerChanged();org.gjt.sp.jedit.buffer.JEditBuffer;0;0;0;0;0;0;0;0;0;0;0;0;0
bsh.BSHSwitchStatement.primitiveEquals(Object, Object, CallStack, SimpleNode);bsh.ParserConstants;1;0;0;1.0000;49;2;0;0;1;0.9925;0;0;131
org.gjt.sp.jedit.PluginJAR.checkDependencies();org.gjt.sp.jedit.MiscUtilities;2;1;5;0.8235;557;18;15;4;0;1.0000;629;50;3
org.gjt.sp.jedit.io.FileVFS.setPermissions(String, int);org.gjt.sp.jedit.jEdit;0;0;0;1.0000;193;17;1;1;0;1.0000;1709;108;29
org.gjt.sp.jedit.options.PrintOptionPane._init();org.gjt.sp.jedit.jEdit;1;0;8;0.3846;41;2;8;3;0;1.0000;1709;108;29
org.gjt.sp.jedit.browser.BrowserView.ParentDirectoryRenderer.getListCellRendererComponent(JList, Object, int, boolean, boolean);org.gjt.sp.jedit.browser.BrowserView;3;0;2;0.6000;22;1;2;0;1;0.9565;139;12;7
org.gjt.sp.jedit.textarea.BufferHandler.delayUpdate(int, int);org.gjt.sp.jedit.textarea.ChunkCache;2;0;4;0.7778;165;9;7;1;0;0.9750;333;25;9
org.gjt.sp.jedit.textarea.SelectionManager.getSelectionStartAndEnd(int, int, Selection);org.gjt.sp.jedit.textarea.JEditTextArea;0;0;0;0;0;0;0;0;0;0;0;0;0
org.gjt.sp.jedit.ActionContext.getAction(String);org.gjt.sp.jedit.ActionSet;0;0;1;0.9000;41;7;3;1;0;0.9583;155;14;7
bsh.ClassGeneratorImpl.getDeclaredVariables(BSHBlock, CallStack, Interpreter, String);bsh.BSHTypedVariableDeclaration;2;0;0;1.0000;109;7;0;2;1;0.7000;44;5;1
org.gjt.sp.jedit.Abbrevs.save();org.gjt.sp.jedit.jEdit;2;1;4;1.0000;225;15;8;2;1;1.0000;1709;108;29
org.gjt.sp.jedit.gui.EnhancedButton.MouseHandler.mouseExited(MouseEvent);org.gjt.sp.jedit.GUIUtilities;1;0;1;0.8000;19;3;1;1;0;1.0000;486;55;9
QuickNotepad.copyToBuffer();org.gjt.sp.jedit.EditPane;2;0;2;0.8889;100;9;6;0;1;0.9615;273;15;7
org.gjt.sp.jedit.browser.BrowserCommandsMenu.createPluginMenu(VFSBrowser);org.gjt.sp.jedit.browser.VFSBrowser;0;0;0;0;0;0;0;0;0;0;0;0;0
org.gjt.sp.jedit.gui.DockablePanel.setBounds(int, int, int, int);org.gjt.sp.jedit.gui.PanelWindowContainer;0;0;0;0;0;0;0;0;0;0;0;0;0
org.gjt.sp.jedit.textarea.SelectionManager.getSelectionStartAndEnd(int, int, Selection);org.gjt.sp.jedit.textarea.Selection;0;0;0;0;0;0;0;0;0;0;0;0;0
bsh.Parser.Expression();bsh.ParserConstants;1;5;1;0.9845;5894;347;13;0;25;0.8175;0;0;131
org.gjt.sp.jedit.BeanShell._eval(View, NameSpace, String);org.gjt.sp.util.Log;2;4;0;1.0000;279;22;6;1;1;1.0000;142;9;16
org.gjt.sp.jedit.textarea.TextAreaPainter.setCaretColor(Color);org.gjt.sp.jedit.textarea.JEditTextArea;1;0;2;0.9649;269;31;36;1;2;0.9885;2774;208;61
org.gjt.sp.jedit.browser.VFSFileChooserDialog.doFileExistsWarning(String);org.gjt.sp.jedit.GUIUtilities;1;0;1;0.9231;155;5;7;1;0;1.0000;486;55;9
org.gjt.sp.jedit.browser.BrowserIORequest.rename();org.gjt.sp.util.Log;1;0;5;0.7368;179;6;11;1;1;1.0000;142;9;16
bsh.ClassGeneratorUtil.getASMModifiers(Modifiers);org.objectweb.asm.Constants;1;0;0;1.0000;457;21;19;0;5;0.9722;0;0;179
org.gjt.sp.jedit.textarea.DisplayManager.expandFold(int, boolean);org.gjt.sp.jedit.buffer.JEditBuffer;0;0;0;0;0;0;0;0;0;0;0;0;0
org.gjt.sp.jedit.menu.EnhancedCheckBoxMenuItem.getPreferredSize();org.gjt.sp.jedit.menu.EnhancedMenuItem;1;0;1;0.8333;49;3;3;0;1;1.0000;47;3;5
org.gjt.sp.jedit.pluginmgr.PluginListHandler.endElement(String);org.gjt.sp.jedit.pluginmgr.PluginList.Branch;3;1;20;0.5800;133;11;23;0;8;0.8000;16;3;8
org.gjt.sp.jedit.search.SearchDialog.MultiFileActionHandler.actionPerformed(ActionEvent);org.gjt.sp.jedit.browser.VFSBrowser;2;0;0;1.0000;12;1;0;0;1;1.0000;542;33;34
org.gjt.sp.jedit.ActionContext.removeActionSet(ActionSet);org.gjt.sp.jedit.ActionSet;1;0;3;0.7273;41;7;3;1;1;0.9231;155;14;7
org.gjt.sp.jedit.ServiceManager.loadServices(PluginJAR, URL, PluginJAR.PluginCacheEntry);com.microstar.xml.XmlParser;4;0;0;1.0000;78;8;1;1;1;0.9873;2091;113;92
bsh.Parser.jj_3_2();bsh.ParserConstants;1;1;0;0.9972;5894;347;13;0;2;0.9848;0;0;131
org.gjt.sp.jedit.gui.CompleteWord.getWordToComplete(Buffer, int, int, String);org.gjt.sp.jedit.buffer.JEditBuffer;0;0;0;0;0;0;0;0;0;0;0;0;0
org.gjt.sp.jedit.io.FavoritesVFS._delete(Object, String, Component);org.gjt.sp.jedit.EditBus;1;0;3;1.0000;72;8;4;1;0;1.0000;44;4;2
org.gjt.sp.jedit.search.HyperSearchResults.RemoveTreeNodeAction.actionPerformed(ActionEvent);org.gjt.sp.jedit.search.HyperSearchOperationNode;0;0;0;0;0;0;0;0;0;0;0;0;0
bsh.JThis.imageUpdate(java.awt.Image, int, int, int, int, int);bsh.NameSpace;0;0;0;1.0000;294;85;0;1;0;0.9889;491;64;21
bsh.Parser.NullLiteral();bsh.ParserConstants;1;1;0;0.9972;5894;347;13;0;1;0.9924;0;0;131
bsh.Interpreter.getInterface(Class);bsh.NameSpace;1;0;1;0.9815;490;39;19;1;0;0.9888;491;64;21
org.gjt.sp.jedit.search.SearchAndReplace.setIgnoreCase(boolean);org.gjt.sp.jedit.EditBus;0;0;2;1.0000;537;32;11;1;0;1.0000;44;4;2
org.gjt.sp.jedit.gui.IOProgressMonitor.addNotify();org.gjt.sp.util.WorkThreadPool;1;0;1;0.8571;30;3;3;1;0;0.9667;174;15;14
org.gjt.sp.jedit.buffer.JEditBuffer.firePreContentRemoved(int, int, int, int);org.gjt.sp.util.Log;0;0;0;0;0;0;0;0;0;0;0;0;0
org.gjt.sp.jedit.View.handleEditPaneUpdate(EditPaneUpdate);org.gjt.sp.jedit.Buffer;2;0;1;0.9857;679;41;39;1;0;0.9942;1798;136;53
gnu.regexp.REMatchEnumeration.hasMoreMatches(StringBuffer);gnu.regexp.REMatch;1;0;9;0.6000;35;5;9;0;2;0.9310;95;12;8
bsh.ClassGeneratorUtil.generateSuperDelegateMethod(Class, String, String, String, String[], int, ClassWriter);org.objectweb.asm.ClassWriter;1;3;1;1.0000;457;21;19;1;0;0.9792;305;21;49
bsh.Parser.jj_3R_111();bsh.ParserConstants;1;2;0;0.9945;5894;347;13;0;1;0.9925;0;0;131
org.gjt.sp.jedit.ActionSet.addAction(EditAction);org.gjt.sp.jedit.EditAction;2;0;2;0.9200;155;14;7;0;1;0.9286;36;10;1
org.gjt.sp.jedit.options.MouseOptionPane._init();org.gjt.sp.jedit.jEdit;0;0;6;0.5000;46;2;6;2;0;1.0000;1709;108;29
org.gjt.sp.jedit.GUIUtilities.isMiddleButton(int);org.gjt.sp.jedit.OperatingSystem;1;0;0;1.0000;486;55;9;1;1;1.0000;122;13;11
org.gjt.sp.jedit.textarea.BufferHandler.delayUpdate(int, int);org.gjt.sp.jedit.textarea.FastRepaintManager;0;0;0;0;0;0;0;0;0;0;0;0;0
org.gjt.sp.jedit.textarea.JEditTextArea.CaretBlinker.actionPerformed(ActionEvent);org.gjt.sp.jedit.textarea.JEditTextArea;1;0;0;1.0000;3;1;0;1;1;0.9961;2774;208;61
bsh.ParserTokenManager.jjFillToken();bsh.JavaCharStream;1;0;3;0.9701;1699;47;25;5;0;0.9074;331;25;17
org.gjt.sp.jedit.jEdit.getAction(String);org.gjt.sp.jedit.ActionContext;0;0;1;1.0000;1709;108;29;1;0;0.9000;41;7;3
org.gjt.sp.jedit.io.FileVFS.setPermissions(String, int);org.gjt.sp.jedit.OperatingSystem;0;0;0;1.0000;193;17;1;1;0;1.0000;122;13;11
org.gjt.sp.jedit.menu.MarkersProvider.update(JMenu);org.gjt.sp.jedit.buffer.JEditBuffer;0;0;0;0;0;0;0;0;0;0;0;0;0
org.gjt.sp.jedit.jEdit.removePluginJAR(PluginJAR, boolean);org.gjt.sp.jedit.EditBus;1;2;1;1.0000;1709;108;29;1;0;1.0000;44;4;2
org.gjt.sp.jedit.textarea.JEditTextArea.goToNextFold(boolean);org.gjt.sp.jedit.textarea.ChunkCache;0;4;7;0.9582;2774;208;61;1;0;0.9800;333;25;9
org.gjt.sp.jedit.textarea.JEditTextArea.getLineText(int);org.gjt.sp.jedit.buffer.JEditBuffer;0;0;0;0;0;0;0;0;0;0;0;0;0
org.gjt.sp.jedit.textarea.MouseActions.getActionForEvent(MouseEvent, String);org.gjt.sp.jedit.gui.DefaultInputHandler;0;0;1;0.0000;12;1;1;1;0;1.0000;212;12;3
org.gjt.sp.jedit.EditServer.run();org.gjt.sp.util.Log;1;1;2;0.6667;140;6;5;1;2;1.0000;142;9;16
org.gjt.sp.jedit.Macros.input(Component, String, String);org.gjt.sp.jedit.GUIUtilities;0;0;0;1.0000;232;21;6;1;0;1.0000;486;55;9
org.gjt.sp.jedit.gui.DockablePanel.ResizeMouseHandler.mouseMoved(MouseEvent);org.gjt.sp.jedit.gui.DockableWindowManager;0;0;0;0;0;0;0;0;0;0;0;0;0
bsh.NameSpace.classForName(String);bsh.BshClassManager;0;1;0;0.9884;491;64;21;1;0;0.9737;176;32;9
org.gjt.sp.jedit.io.FavoritesVFS._delete(Object, String, Component);org.gjt.sp.jedit.io.VFSManager;1;0;3;1.0000;72;8;4;1;0;1.0000;129;15;11
org.gjt.sp.jedit.browser.VFSFileChooserDialog.doFileExistsWarning(String);org.gjt.sp.jedit.browser.VFSBrowser;1;0;1;0.9231;155;5;7;0;2;0.9818;542;33;34
bsh.Primitive.floatUnaryOperation(Float, int);bsh.ParserConstants;1;0;0;1.0000;506;35;5;0;2;0.9847;0;0;131
bsh.BSHPrimarySuffix.getIndexAux(Object, CallStack, Interpreter, SimpleNode);bsh.UtilEvalError;0;0;0;1.0000;95;5;7;1;0;0.8571;14;2;0
org.gjt.sp.jedit.jEdit.getActions();org.gjt.sp.jedit.ActionContext;1;0;1;1.0000;1709;108;29;2;0;0.8000;41;7;3
org.gjt.sp.jedit.EditPane.goToNextMarker(boolean);org.gjt.sp.jedit.Marker;0;0;0;0;0;0;0;0;0;0;0;0;0
org.gjt.sp.jedit.io.VFS._createInputStream(Object, String, boolean, Component);org.gjt.sp.jedit.io.VFSManager;0;0;1;0.9655;191;26;17;1;0;1.0000;129;15;11
org.gjt.sp.jedit.textarea.JEditTextArea.fireNarrowActive();org.gjt.sp.jedit.textarea.StatusListener;0;0;0;0;0;0;0;0;0;0;0;0;0
org.gjt.sp.jedit.pluginmgr.InstallPanel.PluginTableModel.setSelectAll(boolean);org.gjt.sp.jedit.pluginmgr.InstallPanel.Entry;1;3;1;0.7500;151;13;2;0;2;0.8750;23;1;10
bsh.Parser.jj_3R_43();bsh.ParserConstants;1;2;1;0.9917;5894;347;13;0;2;0.9851;0;0;131
org.gjt.sp.jedit.BeanShell.showEvaluateLinesDialog(View);org.gjt.sp.jedit.buffer.JEditBuffer;0;0;0;0;0;0;0;0;0;0;0;0;0
org.gjt.sp.jedit.syntax.TokenMarker.markKeyword(boolean);org.gjt.sp.jedit.syntax.ParserRuleSet;3;0;6;0.7931;352;10;13;0;3;0.9231;126;13;19
org.gjt.sp.jedit.EditPane.handleBufferUpdate(BufferUpdate);org.gjt.sp.jedit.gui.StatusBar;5;2;5;0.8056;273;15;7;3;0;0.9464;261;11;26
org.gjt.sp.jedit.jEdit.closeAllBuffers(View, boolean);org.gjt.sp.jedit.EditPane;4;1;4;1.0000;1709;108;29;0;0;1.0000;273;15;7
bsh.BSHPrimarySuffix.getIndexAux(Object, CallStack, Interpreter, SimpleNode);bsh.Primitive;0;0;0;1.0000;95;5;7;1;0;0.9565;506;35;5
org.gjt.sp.jedit.buffer.JEditBuffer.insideCompoundEdit();org.gjt.sp.jedit.buffer.UndoManager;0;0;0;0;0;0;0;0;0;0;0;0;0
org.gjt.sp.jedit.search.SearchDialog.load();org.gjt.sp.jedit.Buffer;5;0;13;0.7547;431;17;30;0;2;0.9893;1798;136;53
org.gjt.sp.jedit.textarea.JEditTextArea.recalculateVisibleLines();org.gjt.sp.jedit.textarea.TextAreaPainter;1;3;6;0.9655;2774;208;61;0;1;0.9848;269;31;36
org.gjt.sp.jedit.buffer.KillRing.load();com.microstar.xml.XmlParser;4;0;3;1.0000;169;7;4;1;1;0.9872;2091;113;92
bsh.EvalError.getScriptStackTrace();bsh.CallStack;1;0;1;0.9474;59;7;3;3;0;0.8571;52;11;1
org.gjt.sp.jedit.gui.SelectLineRange.ok();org.gjt.sp.jedit.buffer.JEditBuffer;0;0;0;0;0;0;0;0;0;0;0;0;0
org.gjt.sp.jedit.jEdit.loadModeCatalog(String, boolean);com.microstar.xml.XmlException;3;0;0;1.0000;1709;108;29;0;2;0.7143;18;0;4
org.gjt.sp.jedit.search.SearchDialog.synchronizeMultiFileSettings();org.gjt.sp.jedit.MiscUtilities;3;0;3;0.9333;431;17;30;1;0;1.0000;629;50;3
org.objectweb.asm.CodeWriter.visitVarInsn(int, int);org.objectweb.asm.Label;2;0;7;0.8983;919;30;27;0;1;0.9667;84;3;10
org.gjt.sp.jedit.textarea.Anchor.preContentRemoved(int, int);org.gjt.sp.jedit.textarea.ScreenLineManager;0;0;0;0;0;0;0;0;0;0;0;0;0
org.gjt.sp.jedit.options.AbbrevsOptionPane._save();org.gjt.sp.jedit.Abbrevs;0;0;4;0.7143;112;5;8;3;0;1.0000;225;15;8
org.gjt.sp.jedit.jEdit.newView(View, Buffer, View.ViewConfig);org.gjt.sp.jedit.PerspectiveManager;4;3;2;1.0000;1709;108;29;1;0;1.0000;135;3;1
org.gjt.sp.jedit.gui.PanelWindowContainer.remove(DockableWindowManager.Entry);org.gjt.sp.jedit.gui.DockableWindowManager.Entry;3;0;4;0.8621;163;12;15;0;2;0.8462;8;0;6
org.gjt.sp.jedit.pluginmgr.PluginList.Dependency.isSatisfied();org.gjt.sp.jedit.jEdit;2;0;4;0.6364;53;4;5;1;0;1.0000;1709;108;29
org.gjt.sp.util.WorkRequest.setAbortable(boolean);org.gjt.sp.util.WorkThread;0;0;0;1.0000;16;4;0;1;0;0.9412;94;8;8
org.gjt.sp.jedit.JARClassLoader.getResource(String);org.gjt.sp.jedit.PluginJAR;1;1;1;0.8571;143;11;6;1;0;0.9706;557;18;15
org.gjt.sp.jedit.BeanShell.setupDefaultVariables(NameSpace, View);org.gjt.sp.jedit.EditPane;2;0;0;1.0000;279;22;6;0;2;0.9200;273;15;7
org.gjt.sp.jedit.textarea.BufferHandler.transactionComplete(JEditBuffer);org.gjt.sp.jedit.Debug;2;1;5;0.7391;165;9;7;0;1;1.0000;0;0;22
org.gjt.sp.jedit.textarea.JEditTextArea.setBuffer(JEditBuffer);org.gjt.sp.jedit.buffer.JEditBuffer;0;0;0;0;0;0;0;0;0;0;0;0;0
org.gjt.sp.jedit.textarea.DisplayManager.getScreenLineCount(int);org.gjt.sp.jedit.textarea.ScreenLineManager;0;0;0;0;0;0;0;0;0;0;0;0;0
org.gjt.sp.jedit.browser.VFSBrowser.filesActivated(int, boolean);org.gjt.sp.jedit.browser.BrowserListener;4;2;14;0.8730;542;33;34;0;0;1.0000;2;2;0
org.gjt.sp.jedit.gui.EnhancedButton.MouseHandler.mouseEntered(MouseEvent);org.gjt.sp.jedit.gui.StatusBar;2;0;1;0.8333;19;3;1;1;0;0.9750;261;11;26
bsh.Parser.SynchronizedStatement();bsh.JJTParserState;3;5;1;0.9838;5894;347;13;4;0;0.8519;74;10;5
org.gjt.sp.jedit.gui.FilesChangedDialog.ActionHandler.actionPerformed(ActionEvent);org.gjt.sp.jedit.gui.FilesChangedDialog;1;0;0;1.0000;6;1;0;2;3;0.6429;157;5;8
macos.Delegate.openFile(NSPasteboard, String);org.gjt.sp.jedit.jEdit;1;0;0;1.0000;156;12;2;2;1;1.0000;1709;108;29
org.gjt.sp.jedit.textarea.JEditTextArea.joinLines();org.gjt.sp.jedit.MiscUtilities;0;2;2;0.9849;2774;208;61;1;0;1.0000;629;50;3
org.gjt.sp.jedit.textarea.JEditTextArea.collapseFold();org.gjt.sp.jedit.textarea.ChunkCache;0;3;6;0.9659;2774;208;61;2;0;0.9583;333;25;9
org.gjt.sp.jedit.jEdit._closeBuffer(View, Buffer);org.gjt.sp.jedit.buffer.JEditBuffer;0;0;0;0;0;0;0;0;0;0;0;0;0
org.objectweb.asm.ClassWriter.visitField(int, String, String, Object);org.objectweb.asm.ByteVector;2;2;2;0.9130;305;21;49;2;0;0.9000;139;9;2
org.gjt.sp.jedit.gui.InputHandler.invokeReadNextChar(char);org.gjt.sp.jedit.gui.StatusBar;2;0;3;0.8846;133;14;6;1;0;0.9783;261;11;26
org.gjt.sp.jedit.browser.VFSFileChooserDialog.BrowserHandler.filesSelected(VFSBrowser, VFSFile[]);org.gjt.sp.jedit.gui.HistoryTextField;0;0;0;0;0;0;0;0;0;0;0;0;0
org.gjt.sp.jedit.View.processKeyEvent(KeyEvent, int);org.gjt.sp.jedit.gui.GrabKeyDialog;3;2;6;0.9048;679;41;39;1;0;1.0000;144;9;10
org.gjt.sp.jedit.textarea.JEditTextArea.invalidateLine(int);org.gjt.sp.jedit.textarea.ChunkCache;1;2;5;0.9735;2774;208;61;2;0;0.9565;333;25;9
bsh.ClassGeneratorUtil.generateClass();bsh.DelayedEvalBshMethod;4;6;13;0.6250;457;21;19;0;2;0.9429;32;2;6
QuickNotepad.propertiesChanged();org.gjt.sp.jedit.MiscUtilities;0;2;4;0.6000;100;9;6;1;0;1.0000;629;50;3
org.gjt.sp.jedit.syntax.DisplayTokenHandler.initChunk(Chunk, Segment);org.gjt.sp.jedit.syntax.Chunk;0;0;3;0.8125;86;6;11;1;0;0.9500;132;8;11
org.gjt.sp.jedit.browser.VFSFileNameField.doComplete(String);org.gjt.sp.jedit.io.VFSFile;0;0;0;0;0;0;0;0;0;0;0;0;0
org.gjt.sp.jedit.options.ShortcutsOptionPane.addBindings(String, String, Vector);org.gjt.sp.jedit.jEdit;0;1;0;0.9091;69;6;5;1;0;1.0000;1709;108;29
org.gjt.sp.jedit.gui.StatusBar.MouseHandler.mouseClicked(MouseEvent);org.gjt.sp.jedit.View;1;0;0;1.0000;15;1;0;2;0;0.9740;679;41;39
org.gjt.sp.jedit.options.ShortcutsOptionPane.initModels();org.gjt.sp.util.Log;1;1;2;0.8000;69;6;5;0;0;1.0000;142;9;16
bsh.Parser.createParseException(String);bsh.ParserConstants;2;0;1;0.9973;5894;347;13;0;1;0.9926;0;0;131
bsh.Parser.jj_3_30();bsh.ParserConstants;1;3;0;0.9918;5894;347;13;0;5;0.9627;0;0;131
org.gjt.sp.jedit.gui.HistoryModel.loadHistory();org.gjt.sp.util.Log;2;0;5;0.7500;131;9;8;1;2;1.0000;142;9;16
bsh.Parser.PreIncrementExpression();bsh.ParserTreeConstants;4;4;1;0.9864;5894;347;13;0;1;0.9796;0;0;39
org.gjt.sp.jedit.gui.InputHandler.invokeAction(EditAction);org.gjt.sp.jedit.GUIUtilities;2;0;6;0.8529;133;14;6;2;0;1.0000;486;55;9
org.gjt.sp.jedit.help.HelpSearchPanel.MouseHandler.mouseReleased(MouseEvent);org.gjt.sp.jedit.help.HelpSearchPanel;2;0;0;1.0000;7;1;0;0;2;0.7500;29;1;4
org.gjt.sp.jedit.textarea.Gutter.updateBorder();org.gjt.sp.jedit.EditPane;2;1;4;0.8837;266;20;25;0;1;0.9643;273;15;7
bsh.BSHPrimarySuffix.doProperty(boolean, Object, CallStack, Interpreter);bsh.Primitive;1;0;0;1.0000;95;5;7;0;2;1.0000;506;35;5
org.gjt.sp.jedit.jEdit.saveAllBuffers(View, boolean);org.gjt.sp.jedit.View;1;0;1;1.0000;1709;108;29;2;0;0.9701;679;41;39
org.gjt.sp.jedit.View.nextTextArea();org.gjt.sp.jedit.EditPane;0;1;1;0.9683;679;41;39;1;0;0.9583;273;15;7
org.gjt.sp.jedit.options.PluginOptions.createOptionTreeModel();org.gjt.sp.jedit.jEdit;3;0;1;0.9231;49;1;1;2;0;1.0000;1709;108;29
org.gjt.sp.jedit.GUIUtilities.showVFSFileDialog(View, String, int, boolean);org.gjt.sp.util.Log;1;1;0;1.0000;486;55;9;1;1;1.0000;142;9;16
org.gjt.sp.jedit.BeanShell.showEvaluateDialog(View);org.gjt.sp.jedit.GUIUtilities;3;2;1;1.0000;279;22;6;2;0;1.0000;486;55;9
org.gjt.sp.jedit.textarea.TextAreaPainter.PaintLineBackground.paintValidLine(Graphics2D, int, int, int, int, int);org.gjt.sp.jedit.textarea.DisplayManager;5;0;0;1.0000;30;1;0;1;0;0.9831;513;30;16
org.gjt.sp.jedit.print.BufferPrintable.printPage(Graphics, PageFormat, int, boolean);org.gjt.sp.jedit.buffer.JEditBuffer;0;0;0;0;0;0;0;0;0;0;0;0;0
org.gjt.sp.jedit.PluginJAR.checkDependencies();org.gjt.sp.util.Log;2;1;5;0.8235;557;18;15;1;1;1.0000;142;9;16
org.gjt.sp.jedit.gui.PanelWindowContainer.DockBorder.paintHorizBorder(Graphics, int, int, int);org.gjt.sp.jedit.gui.PanelWindowContainer;1;0;3;0.7273;60;6;5;0;1;1.0000;163;12;15
org.gjt.sp.jedit.pluginmgr.InstallPanel.PluginInfoBox.valueChanged(ListSelectionEvent);org.gjt.sp.jedit.pluginmgr.InstallPanel.Entry;3;0;0;1.0000;15;1;0;0;3;0.8000;23;1;10
bsh.Parser.jj_consume_token(int);bsh.ParserTokenManager;1;1;3;0.9890;5894;347;13;1;0;0.9841;1699;47;25
bsh.Parser.ArrayDimensions();bsh.ParserTreeConstants;2;9;2;0.9703;5894;347;13;0;1;0.9828;0;0;39
bsh.Parser.ReInit(java.io.Reader);bsh.ParserTokenManager;1;0;5;0.9862;5894;347;13;1;0;0.9841;1699;47;25
bsh.Parser.PreDecrementExpression();bsh.ParserTreeConstants;4;4;1;0.9864;5894;347;13;0;1;0.9796;0;0;39
org.gjt.sp.jedit.View.unsplit();org.gjt.sp.jedit.PerspectiveManager;0;2;2;0.9375;679;41;39;1;0;1.0000;135;3;1
org.gjt.sp.jedit.browser.FileCellRenderer.getIconForFile(VFSFile, boolean);org.gjt.sp.jedit.io.VFSFile;0;0;0;0;0;0;0;0;0;0;0;0;0
bsh.Parser.jj_3R_96();bsh.ParserConstants;1;1;0;0.9972;5894;347;13;0;1;0.9924;0;0;131
org.gjt.sp.jedit.Buffer.propertiesChanged();org.gjt.sp.jedit.msg.BufferUpdate;2;2;1;0.9815;1798;136;53;0;1;1.0000;18;2;12
org.objectweb.asm.ClassWriter.toByteArray();org.objectweb.asm.ByteVector;4;1;13;0.7255;305;21;49;3;2;0.8438;139;9;2
bsh.Reflect.resolveJavaMethod(BshClassManager, Class, String, Class[], boolean);bsh.Capabilities;1;2;0;1.0000;422;31;0;1;0;1.0000;24;4;2
bsh.Parser.ArrayInitializer();bsh.JJTParserState;2;6;2;0.9797;5894;347;13;4;0;0.9245;74;10;5
org.gjt.sp.jedit.Buffer.removeAllMarkers();org.gjt.sp.jedit.jEdit;1;2;2;0.9816;1798;136;53;1;0;1.0000;1709;108;29
org.gjt.sp.jedit.jEdit.saveSettings();org.gjt.sp.jedit.gui.HistoryModel;1;1;3;1.0000;1709;108;29;1;0;1.0000;131;9;8
installer.TarOutputStream.putNextEntry(TarEntry);installer.TarHeader;2;0;4;0.8462;92;10;8;0;2;0.9615;106;8;36
macos.Delegate.applicationDockMenu(NSApplication);org.gjt.sp.jedit.Buffer;2;0;1;0.9500;156;12;2;0;1;0.9941;1798;136;53
org.gjt.sp.jedit.gui.HistoryTextField.processMouseEvent(MouseEvent);org.gjt.sp.jedit.gui.HistoryText;0;0;0;0;0;0;0;0;0;0;0;0;0
org.gjt.sp.jedit.textarea.Gutter.paintLine(Graphics2D, int, int);org.gjt.sp.jedit.textarea.ChunkCache.LineInfo;4;0;15;0.7813;266;20;25;0;3;0.9286;0;0;8
org.gjt.sp.jedit.jEdit.propertiesChanged();org.gjt.sp.jedit.Autosave;1;5;2;1.0000;1709;108;29;1;0;1.0000;29;3;1
org.gjt.sp.jedit.search.SearchDialog.MultiFileActionHandler.actionPerformed(ActionEvent);org.gjt.sp.jedit.gui.HistoryTextField;2;0;0;1.0000;12;1;0;1;0;0.9655;211;12;7
gnu.regexp.RE.getMinMax(char[], int, IntPair, RESyntax);gnu.regexp.REException;4;2;0;1.0000;615;37;13;0;1;1.0000;20;1;15
org.gjt.sp.jedit.Buffer.setPath(String);org.gjt.sp.jedit.MiscUtilities;1;1;7;0.9576;1798;136;53;1;0;1.0000;629;50;3
org.gjt.sp.jedit.search.SearchAndReplace.replaceOne(View, Buffer, SearchMatcher.Match, int, String, boolean);org.gjt.sp.jedit.TextUtilities;0;0;0;0;0;0;0;0;0;0;0;0;0
org.gjt.sp.jedit.buffer.PositionManager.PosTopHalf.finalize();org.gjt.sp.jedit.buffer.PositionManager.PosBottomHalf;0;0;1;0.7500;12;2;1;1;0;0.8571;17;4;2
org.gjt.sp.jedit.gui.ActionBar.ActionTextField.passToView(KeyEvent);org.gjt.sp.jedit.View;1;0;0;1.0000;79;5;2;2;0;0.9692;679;41;39
org.gjt.sp.jedit.jEdit.reloadModes();org.gjt.sp.jedit.Buffer;2;2;4;1.0000;1709;108;29;1;1;0.9877;1798;136;53
org.gjt.sp.jedit.search.SearchAndReplace.load();org.gjt.sp.jedit.EditBus;0;0;8;1.0000;537;32;11;1;0;1.0000;44;4;2
org.gjt.sp.jedit.jEdit.gotoMarker(View, Buffer, String);org.gjt.sp.jedit.io.VFSManager;0;0;0;1.0000;1709;108;29;1;0;1.0000;129;15;11
org.gjt.sp.jedit.Macros.recordMacro(View);org.gjt.sp.jedit.MiscUtilities;2;1;0;1.0000;232;21;6;1;0;1.0000;629;50;3
org.gjt.sp.jedit.print.BufferPrintable.printPage(Graphics, PageFormat, int, boolean);org.gjt.sp.jedit.syntax.DisplayTokenHandler;1;2;13;0.4400;165;5;23;1;0;0.9688;86;6;11
bsh.JThis.event(String, Object);bsh.BshMethod;0;0;0;1.0000;294;85;0;1;0;0.9583;139;7;10
org.objectweb.asm.CodeWriter.resizeInstructions(int[], int[], int);org.objectweb.asm.Constants;3;5;4;0.9322;919;30;27;0;5;0.9735;0;0;179
org.gjt.sp.jedit.PerspectiveManager.loadPerspective(boolean);org.gjt.sp.jedit.jEdit;4;0;0;1.0000;135;3;1;0;1;1.0000;1709;108;29
bsh.Parser.UnaryExpression();bsh.JJTParserState;4;8;2;0.9770;5894;347;13;2;0;0.9623;74;10;5
org.gjt.sp.jedit.ActionSet.load();com.microstar.xml.XmlException;3;0;2;0.9231;155;14;7;0;2;0.7778;18;0;4
org.gjt.sp.jedit.options.BrowserColorsOptionPane._init();org.gjt.sp.jedit.jEdit;0;1;6;0.3000;58;4;6;1;0;1.0000;1709;108;29
bsh.Parser.jj_3R_73();bsh.ParserConstants;1;1;0;0.9972;5894;347;13;0;1;0.9924;0;0;131
org.gjt.sp.jedit.textarea.DisplayManager.setFirstPhysicalLine(int, int);org.gjt.sp.jedit.textarea.FirstLine;0;0;0;0;0;0;0;0;0;0;0;0;0
org.gjt.sp.jedit.search.SearchDialog.save(boolean);org.gjt.sp.jedit.search.DirectoryListSet;3;0;17;0.6383;431;17;30;3;0;0.9000;59;5;3
org.gjt.sp.jedit.Macros.error(Component, String);org.gjt.sp.jedit.jEdit;0;0;0;1.0000;232;21;6;1;0;1.0000;1709;108;29
org.gjt.sp.jedit.EditPane.StatusHandler.narrowActive(JEditTextArea);org.gjt.sp.jedit.jEdit;0;0;0;0;0;0;0;0;0;0;0;0;0
bsh.Parser.LabeledStatement();bsh.ParserConstants;1;2;0;0.9945;5894;347;13;0;2;0.9850;0;0;131
org.gjt.sp.jedit.jEdit._closeBuffer(View, Buffer);org.gjt.sp.jedit.EditBus;4;2;3;1.0000;1709;108;29;1;0;1.0000;44;4;2
